158
176
0 -1 -1 -1 -1 -1 -1 -1 -1 -1 -1 -1 -1 -1 -1 -1 -1 -1 -1 -1 -1
1 -1 -1 -1 -1 -1 -1 -1 -1 -1 -1 -1 -1 -1 -1 -1 -1 -1 -1 -1 -1
2 -1 -1 -1 -1 -1 -1 -1 -1 -1 -1 -1 -1 -1 -1 -1 -1 -1 -1 -1 -1
3 -1 -1 -1 -1 -1 -1 -1 -1 -1 -1 -1 -1 -1 -1 -1 -1 -1 -1 -1 -1
4 0.169349 0.402427 0.152161 0.538266 0.155718 0.537216 0.148604 0.539317 0.155718 0.537216 0.237176 0.555545 0.266505 0.648232 0.148604 0.539317 0.242642 0.530342 0.229674 0.649360
5 0.169530 0.402900 0.153163 0.538326 0.155778 0.537517 0.150548 0.539136 0.155778 0.537517 0.236633 0.557688 0.265802 0.648147 0.150548 0.539136 0.251751 0.529909 0.244639 0.648551
6 0.171757 0.404246 0.154428 0.538768 0.158972 0.538199 0.149885 0.539337 0.158972 0.538199 0.249773 0.544768 0.265816 0.647852 0.149885 0.539337 0.239403 0.531037 0.220651 0.648712
7 0.173298 0.405680 0.155517 0.539405 0.161131 0.538648 0.149903 0.540163 0.161131 0.538648 0.253334 0.540333 0.265809 0.647814 0.149903 0.540163 0.228725 0.531831 0.222744 0.649945
8 0.174853 0.406034 0.155940 0.539332 0.161949 0.538760 0.149931 0.539905 0.161949 0.538760 0.253052 0.548956 0.265796 0.647583 0.149931 0.539905 0.225844 0.530224 0.221871 0.646469
9 0.176353 0.405170 0.156782 0.538458 0.163025 0.538736 0.150538 0.538179 0.163025 0.538736 0.252152 0.549454 0.265801 0.647569 0.150538 0.538179 0.220556 0.519249 0.210560 0.630890
10 0.178959 0.405015 0.158047 0.538353 0.162628 0.538723 0.153467 0.537983 0.162628 0.538723 0.244300 0.550232 0.265550 0.647271 0.153467 0.537983 0.222944 0.519223 0.210176 0.624831
11 0.180977 0.404933 0.158918 0.537494 0.162480 0.537003 0.155355 0.537986 0.162480 0.537003 0.242767 0.549440 0.265289 0.646683 0.155355 0.537986 0.226899 0.521799 0.212911 0.628405
12 0.182997 0.403792 0.161458 0.537397 0.162410 0.536379 0.160505 0.538416 0.162410 0.536379 0.237459 0.547918 0.264117 0.644694 0.160505 0.538416 0.249577 0.523242 0.228504 0.631839
13 0.184701 0.403659 0.162164 0.536606 0.162384 0.534799 0.161944 0.538413 0.162384 0.534799 0.235832 0.547536 0.260720 0.643926 0.161944 0.538413 0.247358 0.524040 0.224795 0.628709
14 0.187601 0.404365 0.162746 0.536319 0.165149 0.534827 0.160343 0.537810 0.165149 0.534827 0.248639 0.539507 0.260728 0.643799 0.160343 0.537810 0.218798 0.523327 0.181861 0.611311
15 0.190266 0.404302 0.163623 0.536334 0.166521 0.534836 0.160725 0.537832 0.166521 0.534836 0.251603 0.534527 0.261003 0.643322 0.160725 0.537832 0.221301 0.525173 0.193067 0.618495
16 0.193513 0.404406 0.165870 0.535432 0.171300 0.534286 0.160441 0.536579 0.171300 0.534286 0.254211 0.535000 0.261193 0.643219 0.160441 0.536579 0.209911 0.524194 0.170700 0.604868
17 0.197926 0.403820 0.167169 0.533587 0.173404 0.534307 0.160933 0.532866 0.173404 0.534307 0.255161 0.535297 0.261581 0.640108 0.160933 0.532866 0.197977 0.515112 0.156329 0.590370
18 0.202867 0.402664 0.169219 0.530842 0.177937 0.534069 0.160501 0.527616 0.177937 0.534069 0.256143 0.530574 0.261747 0.639186 0.160501 0.527616 0.178023 0.497249 0.146720 0.582658
19 0.208661 0.402911 0.173521 0.530049 0.181251 0.532028 0.165791 0.528070 0.181251 0.532028 0.256864 0.530544 0.261955 0.637942 0.165791 0.528070 0.191956 0.503285 0.160528 0.595310
20 0.212843 0.404102 0.174997 0.529919 0.184089 0.531782 0.165906 0.528056 0.184089 0.531782 0.258327 0.530049 0.262042 0.638224 0.165906 0.528056 0.192476 0.507091 0.161535 0.600114
21 0.218094 0.406622 0.176168 0.528203 0.185523 0.528631 0.166813 0.527776 0.185523 0.528631 0.259446 0.529832 0.262071 0.638494 0.166813 0.527776 0.195703 0.520976 0.163000 0.606009
22 0.224079 0.410063 0.177402 0.526157 0.184667 0.524620 0.170138 0.527695 0.184667 0.524620 0.259991 0.525987 0.262245 0.635492 0.170138 0.527695 0.218835 0.532320 0.209859 0.630202
23 0.229813 0.415238 0.178255 0.525517 0.185425 0.523281 0.171085 0.527752 0.185425 0.523281 0.260819 0.519132 0.262545 0.635239 0.171085 0.527752 0.217169 0.532143 0.208197 0.635907
24 0.237612 0.415447 0.180498 0.525292 0.186222 0.522624 0.174773 0.527961 0.186222 0.522624 0.261742 0.518151 0.262561 0.634851 0.174773 0.527961 0.251387 0.530469 0.247923 0.642991
25 0.244325 0.417831 0.182807 0.525550 0.190322 0.523139 0.175292 0.527961 0.190322 0.523139 0.263719 0.519853 0.262689 0.634868 0.175292 0.527961 0.222613 0.524789 0.227266 0.636875
26 0.250200 0.422100 0.183761 0.525955 0.189605 0.523280 0.177918 0.528629 0.189605 0.523280 0.264015 0.521135 0.263014 0.634691 0.177918 0.528629 0.250818 0.528194 0.236143 0.644973
27 0.253598 0.423214 0.184454 0.526166 0.191819 0.523643 0.177089 0.528689 0.191819 0.523643 0.263738 0.517584 0.263651 0.632686 0.177089 0.528689 0.251337 0.527864 0.225652 0.654841
28 0.256636 0.422925 0.186044 0.526337 0.192726 0.524222 0.179363 0.528452 0.192726 0.524222 0.264038 0.518509 0.263746 0.631138 0.179363 0.528452 0.261493 0.530385 0.247904 0.656727
29 0.259893 0.422506 0.186272 0.525596 0.191993 0.523737 0.180551 0.527455 0.191993 0.523737 0.265266 0.516604 0.264115 0.631104 0.180551 0.527455 0.253328 0.532917 0.256718 0.655393
30 0.263391 0.422088 0.187832 0.525059 0.191186 0.523266 0.184478 0.526851 0.191186 0.523266 0.265710 0.516320 0.264322 0.625126 0.184478 0.526851 0.268836 0.527652 0.264558 0.646922
31 0.266946 0.421749 0.189407 0.523406 0.191178 0.520901 0.187636 0.525911 0.191178 0.520901 0.267397 0.516994 0.264547 0.622652 0.187636 0.525911 0.271189 0.526910 0.265831 0.644630
32 0.269009 0.420130 0.189653 0.519677 0.190923 0.516136 0.188383 0.523219 0.190923 0.516136 0.270639 0.517403 0.264648 0.619582 0.188383 0.523219 0.273592 0.524977 0.266097 0.644001
33 -1 -1 -1 -1 -1 -1 -1 -1 -1 -1 -1 -1 -1 -1 -1 -1 -1 -1 -1 -1
34 -1 -1 -1 -1 -1 -1 -1 -1 -1 -1 -1 -1 -1 -1 -1 -1 -1 -1 -1 -1
35 -1 -1 -1 -1 -1 -1 -1 -1 -1 -1 -1 -1 -1 -1 -1 -1 -1 -1 -1 -1
36 -1 -1 -1 -1 -1 -1 -1 -1 -1 -1 -1 -1 -1 -1 -1 -1 -1 -1 -1 -1
37 -1 -1 -1 -1 -1 -1 -1 -1 -1 -1 -1 -1 -1 -1 -1 -1 -1 -1 -1 -1
38 -1 -1 -1 -1 -1 -1 -1 -1 -1 -1 -1 -1 -1 -1 -1 -1 -1 -1 -1 -1
39 -1 -1 -1 -1 -1 -1 -1 -1 -1 -1 -1 -1 -1 -1 -1 -1 -1 -1 -1 -1
40 -1 -1 -1 -1 -1 -1 -1 -1 -1 -1 -1 -1 -1 -1 -1 -1 -1 -1 -1 -1
41 -1 -1 -1 -1 -1 -1 -1 -1 -1 -1 -1 -1 -1 -1 -1 -1 -1 -1 -1 -1
42 -1 -1 -1 -1 -1 -1 -1 -1 -1 -1 -1 -1 -1 -1 -1 -1 -1 -1 -1 -1
43 -1 -1 -1 -1 -1 -1 -1 -1 -1 -1 -1 -1 -1 -1 -1 -1 -1 -1 -1 -1
44 -1 -1 -1 -1 -1 -1 -1 -1 -1 -1 -1 -1 -1 -1 -1 -1 -1 -1 -1 -1
45 -1 -1 -1 -1 -1 -1 -1 -1 -1 -1 -1 -1 -1 -1 -1 -1 -1 -1 -1 -1
46 -1 -1 -1 -1 -1 -1 -1 -1 -1 -1 -1 -1 -1 -1 -1 -1 -1 -1 -1 -1
47 -1 -1 -1 -1 -1 -1 -1 -1 -1 -1 -1 -1 -1 -1 -1 -1 -1 -1 -1 -1
48 -1 -1 -1 -1 -1 -1 -1 -1 -1 -1 -1 -1 -1 -1 -1 -1 -1 -1 -1 -1
49 -1 -1 -1 -1 -1 -1 -1 -1 -1 -1 -1 -1 -1 -1 -1 -1 -1 -1 -1 -1
50 -1 -1 -1 -1 -1 -1 -1 -1 -1 -1 -1 -1 -1 -1 -1 -1 -1 -1 -1 -1
51 -1 -1 -1 -1 -1 -1 -1 -1 -1 -1 -1 -1 -1 -1 -1 -1 -1 -1 -1 -1
52 -1 -1 -1 -1 -1 -1 -1 -1 -1 -1 -1 -1 -1 -1 -1 -1 -1 -1 -1 -1
53 -1 -1 -1 -1 -1 -1 -1 -1 -1 -1 -1 -1 -1 -1 -1 -1 -1 -1 -1 -1
54 -1 -1 -1 -1 -1 -1 -1 -1 -1 -1 -1 -1 -1 -1 -1 -1 -1 -1 -1 -1
55 -1 -1 -1 -1 -1 -1 -1 -1 -1 -1 -1 -1 -1 -1 -1 -1 -1 -1 -1 -1
56 -1 -1 -1 -1 -1 -1 -1 -1 -1 -1 -1 -1 -1 -1 -1 -1 -1 -1 -1 -1
57 -1 -1 -1 -1 -1 -1 -1 -1 -1 -1 -1 -1 -1 -1 -1 -1 -1 -1 -1 -1
58 -1 -1 -1 -1 -1 -1 -1 -1 -1 -1 -1 -1 -1 -1 -1 -1 -1 -1 -1 -1
59 -1 -1 -1 -1 -1 -1 -1 -1 -1 -1 -1 -1 -1 -1 -1 -1 -1 -1 -1 -1
60 -1 -1 -1 -1 -1 -1 -1 -1 -1 -1 -1 -1 -1 -1 -1 -1 -1 -1 -1 -1
61 -1 -1 -1 -1 -1 -1 -1 -1 -1 -1 -1 -1 -1 -1 -1 -1 -1 -1 -1 -1
62 0.274735 0.280121 0.240074 0.413793 0.252131 0.410151 0.228017 0.417435 0.252131 0.410151 0.276527 0.507367 0.261938 0.599552 0.228017 0.417435 0.264398 0.523983 0.263680 0.643636
63 -1 -1 -1 -1 -1 -1 -1 -1 -1 -1 -1 -1 -1 -1 -1 -1 -1 -1 -1 -1
64 -1 -1 -1 -1 -1 -1 -1 -1 -1 -1 -1 -1 -1 -1 -1 -1 -1 -1 -1 -1
65 -1 -1 -1 -1 -1 -1 -1 -1 -1 -1 -1 -1 -1 -1 -1 -1 -1 -1 -1 -1
66 -1 -1 -1 -1 -1 -1 -1 -1 -1 -1 -1 -1 -1 -1 -1 -1 -1 -1 -1 -1
67 -1 -1 -1 -1 -1 -1 -1 -1 -1 -1 -1 -1 -1 -1 -1 -1 -1 -1 -1 -1
68 -1 -1 -1 -1 -1 -1 -1 -1 -1 -1 -1 -1 -1 -1 -1 -1 -1 -1 -1 -1
69 -1 -1 -1 -1 -1 -1 -1 -1 -1 -1 -1 -1 -1 -1 -1 -1 -1 -1 -1 -1
70 -1 -1 -1 -1 -1 -1 -1 -1 -1 -1 -1 -1 -1 -1 -1 -1 -1 -1 -1 -1
71 -1 -1 -1 -1 -1 -1 -1 -1 -1 -1 -1 -1 -1 -1 -1 -1 -1 -1 -1 -1
72 -1 -1 -1 -1 -1 -1 -1 -1 -1 -1 -1 -1 -1 -1 -1 -1 -1 -1 -1 -1
73 -1 -1 -1 -1 -1 -1 -1 -1 -1 -1 -1 -1 -1 -1 -1 -1 -1 -1 -1 -1
74 -1 -1 -1 -1 -1 -1 -1 -1 -1 -1 -1 -1 -1 -1 -1 -1 -1 -1 -1 -1
75 0.287076 0.292588 0.260475 0.424709 0.277665 0.421745 0.243285 0.427673 0.277665 0.421745 0.301300 0.518465 0.274012 0.608062 0.243285 0.427673 0.269472 0.531147 0.263809 0.641169
76 0.288072 0.292477 0.263293 0.424703 0.281234 0.421940 0.245352 0.427466 0.281234 0.421940 0.303318 0.519225 0.281115 0.615068 0.245352 0.427466 0.268513 0.530863 0.263773 0.640834
77 0.288721 0.291325 0.266106 0.424467 0.284522 0.422025 0.247690 0.426909 0.284522 0.422025 0.304060 0.520568 0.287666 0.618343 0.247690 0.426909 0.267826 0.530667 0.263821 0.640599
78 0.289524 0.288209 0.269905 0.424654 0.288936 0.422446 0.250873 0.426862 0.288936 0.422446 0.307695 0.520466 0.295137 0.621154 0.250873 0.426862 0.267775 0.530382 0.265265 0.640635
79 0.291564 0.284663 0.272969 0.424121 0.292921 0.422337 0.253016 0.425905 0.292921 0.422337 0.310303 0.520324 0.305109 0.626523 0.253016 0.425905 0.267775 0.529354 0.265730 0.641499
80 0.293356 0.279869 0.274655 0.423549 0.294829 0.422057 0.254482 0.425041 0.294829 0.422057 0.313641 0.519920 0.313128 0.630981 0.254482 0.425041 0.268224 0.525837 0.265454 0.642401
81 0.295796 0.276242 0.278013 0.422383 0.298587 0.421659 0.257440 0.423108 0.298587 0.421659 0.316521 0.520196 0.320787 0.634884 0.257440 0.423108 0.268707 0.523047 0.265428 0.643176
82 0.298807 0.272334 0.281683 0.422078 0.302262 0.421690 0.261105 0.422466 0.302262 0.421690 0.320536 0.524408 0.328873 0.637767 0.261105 0.422466 0.269276 0.525878 0.265903 0.644350
83 0.301279 0.270382 0.285287 0.421673 0.306606 0.421655 0.263967 0.421692 0.306606 0.421655 0.323613 0.525167 0.332196 0.640790 0.263967 0.421692 0.270600 0.526149 0.265887 0.644279
84 0.303621 0.269092 0.290050 0.422013 0.311587 0.422256 0.268513 0.421770 0.311587 0.422256 0.326561 0.528957 0.333010 0.644756 0.268513 0.421770 0.271681 0.530414 0.266229 0.645003
85 0.306557 0.268553 0.293036 0.422716 0.314434 0.423134 0.271637 0.422297 0.314434 0.423134 0.331034 0.531053 0.332488 0.645424 0.271637 0.422297 0.272541 0.535173 0.266825 0.645086
86 0.310647 0.268015 0.296508 0.424151 0.317906 0.424563 0.275110 0.423740 0.317906 0.424563 0.334360 0.533919 0.331124 0.644852 0.275110 0.423740 0.272785 0.539359 0.266611 0.645005
87 0.314853 0.267733 0.299504 0.425184 0.320600 0.425169 0.278408 0.425199 0.320600 0.425169 0.337375 0.534301 0.331527 0.644743 0.278408 0.425199 0.274055 0.540940 0.266589 0.644648
88 0.319109 0.269193 0.302480 0.427216 0.323249 0.426653 0.281711 0.427779 0.323249 0.426653 0.339771 0.534466 0.332923 0.643518 0.281711 0.427779 0.277011 0.542437 0.266549 0.643587
89 0.322826 0.271470 0.305534 0.430814 0.326273 0.429971 0.284796 0.431657 0.326273 0.429971 0.342573 0.535849 0.334429 0.643432 0.284796 0.431657 0.279725 0.544246 0.266526 0.643249
90 0.326841 0.273482 0.307708 0.432671 0.329042 0.432115 0.286374 0.433227 0.329042 0.432115 0.342969 0.538198 0.335506 0.643590 0.286374 0.433227 0.282871 0.545795 0.266660 0.643218
91 0.330759 0.274814 0.310047 0.434378 0.331746 0.434390 0.288349 0.434366 0.331746 0.434390 0.343155 0.539413 0.335301 0.643876 0.288349 0.434366 0.286461 0.546176 0.266799 0.643137
92 0.334747 0.275342 0.312135 0.434426 0.333796 0.434590 0.290475 0.434262 0.333796 0.434590 0.343435 0.540114 0.335659 0.643661 0.290475 0.434262 0.289507 0.546425 0.267570 0.642667
93 0.336919 0.275737 0.314257 0.436365 0.335586 0.436279 0.292928 0.436451 0.335586 0.436279 0.344562 0.543080 0.335353 0.643392 0.292928 0.436451 0.293816 0.548494 0.268921 0.642217
94 0.339240 0.276354 0.315915 0.436829 0.337024 0.436872 0.294805 0.436786 0.337024 0.436872 0.344943 0.542603 0.334635 0.643186 0.294805 0.436786 0.297631 0.548386 0.273197 0.639236
95 0.341540 0.276961 0.318233 0.436684 0.339010 0.436745 0.297456 0.436622 0.339010 0.436745 0.345387 0.542460 0.334418 0.642787 0.297456 0.436622 0.301569 0.547737 0.279497 0.639168
96 0.343605 0.277214 0.318930 0.436949 0.339621 0.437188 0.298240 0.436710 0.339621 0.437188 0.345466 0.542178 0.334018 0.642757 0.298240 0.436710 0.303891 0.547435 0.285724 0.639948
97 0.345603 0.277856 0.320768 0.437291 0.341567 0.437773 0.299968 0.436809 0.341567 0.437773 0.346311 0.544608 0.334224 0.642699 0.299968 0.436809 0.307086 0.547933 0.292297 0.643451
98 0.347030 0.278911 0.321938 0.437878 0.342955 0.438568 0.300921 0.437189 0.342955 0.438568 0.346145 0.548781 0.334036 0.642956 0.300921 0.437189 0.307835 0.549191 0.298803 0.652189
99 0.348344 0.279949 0.322629 0.438697 0.343619 0.439827 0.301638 0.437566 0.343619 0.439827 0.346054 0.550959 0.333902 0.644071 0.301638 0.437566 0.309634 0.549448 0.302664 0.658579
100 0.349320 0.280458 0.323771 0.439359 0.344807 0.440709 0.302735 0.438009 0.344807 0.440709 0.346663 0.552133 0.334081 0.644877 0.302735 0.438009 0.311156 0.551013 0.307035 0.664169
101 0.350408 0.280546 0.325068 0.439748 0.346022 0.441238 0.304114 0.438259 0.346022 0.441238 0.347471 0.553236 0.334573 0.646019 0.304114 0.438259 0.312060 0.552405 0.309925 0.668903
102 0.350998 0.280746 0.325837 0.440025 0.346772 0.441492 0.304901 0.438558 0.346772 0.441492 0.347925 0.553811 0.335584 0.646940 0.304901 0.438558 0.313338 0.554334 0.313575 0.673484
103 0.351434 0.281263 0.327049 0.440515 0.347896 0.441845 0.306201 0.439185 0.347896 0.441845 0.348833 0.555105 0.337036 0.647786 0.306201 0.439185 0.314259 0.556958 0.316598 0.675983
104 0.351400 0.281822 0.327727 0.441203 0.348426 0.442235 0.307027 0.440170 0.348426 0.442235 0.350134 0.556642 0.337511 0.648684 0.307027 0.440170 0.315556 0.559641 0.318445 0.678332
105 0.351636 0.282469 0.328529 0.442523 0.348977 0.443088 0.308082 0.441957 0.348977 0.443088 0.350869 0.558205 0.337820 0.648828 0.308082 0.441957 0.316887 0.562675 0.319062 0.679628
106 0.351510 0.283155 0.329131 0.443117 0.349561 0.443349 0.308701 0.442885 0.349561 0.443349 0.351076 0.558760 0.338028 0.648898 0.308701 0.442885 0.317827 0.564075 0.319292 0.681040
107 0.351493 0.284121 0.329939 0.445492 0.350230 0.445390 0.309649 0.445593 0.350230 0.445390 0.351726 0.560411 0.338003 0.648915 0.309649 0.445593 0.318829 0.567464 0.319936 0.682191
108 0.351364 0.285392 0.330495 0.446344 0.350472 0.445890 0.310518 0.446799 0.350472 0.445890 0.352263 0.562054 0.337975 0.649278 0.310518 0.446799 0.319191 0.570209 0.320396 0.684187
109 0.351375 0.286625 0.330412 0.447545 0.350253 0.446900 0.310570 0.448190 0.350253 0.446900 0.353048 0.562551 0.338009 0.649351 0.310570 0.448190 0.319207 0.572154 0.320605 0.684946
110 0.351554 0.288133 0.330727 0.448457 0.350360 0.447686 0.311095 0.449228 0.350360 0.447686 0.355033 0.561959 0.338418 0.649235 0.311095 0.449228 0.319238 0.571795 0.320863 0.684699
111 0.351703 0.289341 0.331141 0.449012 0.350883 0.448255 0.311400 0.449768 0.350883 0.448255 0.359472 0.561704 0.338493 0.648775 0.311400 0.449768 0.319597 0.571692 0.321054 0.684432
112 0.352475 0.290462 0.331872 0.448838 0.351768 0.448162 0.311977 0.449513 0.351768 0.448162 0.363032 0.559390 0.338682 0.647983 0.311977 0.449513 0.320081 0.570802 0.321224 0.683539
113 0.353314 0.291257 0.332960 0.449492 0.353067 0.448988 0.312853 0.449996 0.353067 0.448988 0.365676 0.558784 0.339265 0.647667 0.312853 0.449996 0.320727 0.570473 0.321502 0.682969
114 0.353873 0.292217 0.333887 0.450325 0.354106 0.450009 0.313668 0.450640 0.354106 0.450009 0.367897 0.558486 0.341458 0.647670 0.313668 0.450640 0.320854 0.570191 0.321697 0.682923
115 0.354911 0.292806 0.334638 0.451355 0.355001 0.451129 0.314276 0.451581 0.355001 0.451129 0.369733 0.559139 0.344535 0.651830 0.314276 0.451581 0.321147 0.571794 0.322499 0.683463
116 0.356426 0.293114 0.335342 0.452358 0.355864 0.452295 0.314820 0.452421 0.355864 0.452295 0.372081 0.561774 0.349564 0.658291 0.314820 0.452421 0.321936 0.574091 0.322741 0.683220
117 0.358377 0.293458 0.336917 0.454100 0.357490 0.453636 0.316345 0.454564 0.357490 0.453636 0.375510 0.562578 0.357595 0.662491 0.316345 0.454564 0.322935 0.576123 0.323079 0.683468
118 0.360328 0.293780 0.337878 0.453743 0.358590 0.453278 0.317165 0.454209 0.358590 0.453278 0.378217 0.562368 0.365599 0.667842 0.317165 0.454209 0.324528 0.575523 0.323988 0.684329
119 0.362298 0.294608 0.339565 0.454227 0.360650 0.453721 0.318480 0.454733 0.360650 0.453721 0.382463 0.562191 0.374194 0.671258 0.318480 0.454733 0.326765 0.576031 0.324261 0.684651
120 0.364332 0.295816 0.342280 0.456401 0.363562 0.455789 0.320999 0.457014 0.363562 0.455789 0.385822 0.563609 0.382810 0.674964 0.320999 0.457014 0.328106 0.576665 0.324498 0.686676
121 0.367312 0.297255 0.344381 0.458908 0.365550 0.458328 0.323212 0.459489 0.365550 0.458328 0.387973 0.566009 0.392503 0.678056 0.323212 0.459489 0.329734 0.577532 0.324339 0.687844
122 0.371207 0.298869 0.347528 0.461746 0.368675 0.461907 0.326380 0.461585 0.368675 0.461907 0.389086 0.568468 0.397888 0.681790 0.326380 0.461585 0.330872 0.578165 0.324212 0.688946
123 0.375528 0.299964 0.349816 0.461862 0.371166 0.462596 0.328467 0.461128 0.371166 0.462596 0.390387 0.569362 0.400179 0.684178 0.328467 0.461128 0.332447 0.578226 0.324149 0.689966
124 0.380694 0.300725 0.352550 0.462191 0.373843 0.463485 0.331257 0.460896 0.373843 0.463485 0.392190 0.570534 0.401272 0.684985 0.331257 0.460896 0.334325 0.578615 0.324104 0.690015
125 0.386179 0.301784 0.356840 0.462977 0.378037 0.464967 0.335643 0.460986 0.378037 0.464967 0.395928 0.571641 0.402246 0.685216 0.335643 0.460986 0.336276 0.578755 0.324195 0.689751
126 0.391579 0.302845 0.361465 0.462982 0.382645 0.465197 0.340285 0.460766 0.382645 0.465197 0.398785 0.573345 0.402430 0.685368 0.340285 0.460766 0.338757 0.578912 0.324214 0.689563
127 0.397390 0.303797 0.366187 0.463030 0.387363 0.465391 0.345011 0.460669 0.387363 0.465391 0.400817 0.574683 0.403384 0.685892 0.345011 0.460669 0.341520 0.579198 0.324190 0.689385
128 0.402709 0.304449 0.369055 0.462545 0.390363 0.465160 0.347748 0.459931 0.390363 0.465160 0.402778 0.575492 0.402412 0.686322 0.347748 0.459931 0.346070 0.579265 0.324702 0.689261
129 0.407884 0.305081 0.372048 0.462907 0.393130 0.465999 0.350965 0.459815 0.393130 0.465999 0.405424 0.576177 0.402068 0.686164 0.350965 0.459815 0.350370 0.579278 0.325287 0.688636
130 0.413227 0.305400 0.375452 0.462820 0.396461 0.466048 0.354443 0.459592 0.396461 0.466048 0.407384 0.576228 0.402800 0.685596 0.354443 0.459592 0.355224 0.579185 0.326075 0.684171
131 0.417857 0.305433 0.379242 0.462211 0.400654 0.465855 0.357830 0.458566 0.400654 0.465855 0.409714 0.576373 0.403427 0.685215 0.357830 0.458566 0.360732 0.578617 0.326436 0.679189
132 0.422031 0.305351 0.383291 0.462098 0.404483 0.465856 0.362099 0.458340 0.404483 0.465856 0.410704 0.577104 0.404013 0.685193 0.362099 0.458340 0.365052 0.578637 0.326929 0.676437
133 0.426263 0.305587 0.385626 0.461778 0.406370 0.465770 0.364882 0.457786 0.406370 0.465770 0.412180 0.577366 0.403857 0.685373 0.364882 0.457786 0.369715 0.578896 0.328801 0.675542
134 0.430688 0.306527 0.388017 0.460773 0.407888 0.465690 0.368147 0.455856 0.407888 0.465690 0.413635 0.577213 0.403482 0.686053 0.368147 0.455856 0.374674 0.578441 0.334197 0.676090
135 0.434333 0.307357 0.389450 0.460098 0.408235 0.465669 0.370665 0.454528 0.408235 0.465669 0.416378 0.577584 0.403208 0.686331 0.370665 0.454528 0.380241 0.577673 0.340772 0.678389
136 0.438140 0.307632 0.390619 0.459845 0.408774 0.465500 0.372464 0.454191 0.408774 0.465500 0.417923 0.578651 0.401925 0.686227 0.372464 0.454191 0.384783 0.577980 0.348660 0.684418
137 0.441462 0.308216 0.391999 0.460433 0.408836 0.465856 0.375162 0.455010 0.408836 0.465856 0.418072 0.579555 0.397648 0.686185 0.375162 0.455010 0.390684 0.580170 0.358714 0.694669
138 0.446740 0.309558 0.392929 0.461991 0.407757 0.465808 0.378100 0.458175 0.407757 0.465808 0.418132 0.579366 0.397258 0.684775 0.378100 0.458175 0.395278 0.581675 0.366831 0.701447
139 0.450992 0.307777 0.393971 0.463237 0.405773 0.464145 0.382170 0.462330 0.405773 0.464145 0.417305 0.578949 0.397339 0.684321 0.382170 0.462330 0.401473 0.584033 0.379339 0.707539
140 0.458553 0.308193 0.393706 0.462680 0.397673 0.458825 0.389739 0.466535 0.397673 0.458825 0.417116 0.578275 0.397128 0.683048 0.389739 0.466535 0.409075 0.587692 0.391379 0.712152
141 0.459947 0.304797 0.395994 0.462464 0.397788 0.457474 0.394200 0.467454 0.397788 0.457474 0.416428 0.577963 0.400696 0.683131 0.394200 0.467454 0.414664 0.590200 0.399512 0.715621
142 0.462949 0.308758 0.398474 0.462898 0.399443 0.456974 0.397506 0.468823 0.399443 0.456974 0.417086 0.577681 0.403497 0.683134 0.397506 0.468823 0.420037 0.594197 0.403839 0.716692
143 0.466742 0.309692 0.402340 0.464183 0.402388 0.458522 0.402293 0.469843 0.402388 0.458522 0.418528 0.580674 0.404252 0.691654 0.402293 0.469843 0.425892 0.593581 0.410988 0.717016
144 0.469634 0.309708 0.405513 0.466754 0.403234 0.460756 0.407793 0.472752 0.403234 0.460756 0.420652 0.582263 0.405321 0.697782 0.407793 0.472752 0.429897 0.594755 0.417721 0.718960
145 0.472511 0.309426 0.408378 0.471114 0.405330 0.465840 0.411425 0.476389 0.405330 0.465840 0.421731 0.584932 0.405113 0.701748 0.411425 0.476389 0.435193 0.598543 0.424527 0.721183
146 0.477204 0.309616 0.412988 0.473619 0.409340 0.469675 0.416635 0.477564 0.409340 0.469675 0.425508 0.586944 0.406855 0.701829 0.416635 0.477564 0.440165 0.601089 0.425860 0.723099
147 0.482776 0.311071 0.417162 0.475442 0.412107 0.470479 0.422217 0.480405 0.412107 0.470479 0.430069 0.587558 0.407296 0.700872 0.422217 0.480405 0.445562 0.605058 0.426786 0.724162
148 -1 -1 -1 -1 -1 -1 -1 -1 -1 -1 -1 -1 -1 -1 -1 -1 -1 -1 -1 -1
149 -1 -1 -1 -1 -1 -1 -1 -1 -1 -1 -1 -1 -1 -1 -1 -1 -1 -1 -1 -1
150 -1 -1 -1 -1 -1 -1 -1 -1 -1 -1 -1 -1 -1 -1 -1 -1 -1 -1 -1 -1
151 -1 -1 -1 -1 -1 -1 -1 -1 -1 -1 -1 -1 -1 -1 -1 -1 -1 -1 -1 -1
152 -1 -1 -1 -1 -1 -1 -1 -1 -1 -1 -1 -1 -1 -1 -1 -1 -1 -1 -1 -1
153 -1 -1 -1 -1 -1 -1 -1 -1 -1 -1 -1 -1 -1 -1 -1 -1 -1 -1 -1 -1
154 0.526207 0.367946 0.449596 0.507287 0.432980 0.502000 0.466211 0.512575 0.432980 0.502000 0.444920 0.598942 0.409268 0.695590 0.466211 0.512575 0.482578 0.625241 0.430018 0.724872
155 0.531832 0.376019 0.453004 0.511801 0.436473 0.505738 0.469534 0.517864 0.436473 0.505738 0.441434 0.597660 0.409877 0.698847 0.469534 0.517864 0.488584 0.625009 0.430104 0.724512
156 0.537405 0.387614 0.457660 0.517369 0.441000 0.511738 0.474320 0.523000 0.441000 0.511738 0.442704 0.602754 0.409844 0.703810 0.474320 0.523000 0.495566 0.627165 0.433179 0.721820
157 0.543922 0.398281 0.463812 0.520649 0.446873 0.515190 0.480752 0.526109 0.446873 0.515190 0.445182 0.603509 0.409730 0.704858 0.480752 0.526109 0.502820 0.629882 0.434375 0.719209
158 0.551246 0.409281 0.470241 0.526502 0.453199 0.520378 0.487282 0.532626 0.453199 0.520378 0.445204 0.605836 0.406486 0.704162 0.487282 0.532626 0.507048 0.636165 0.435526 0.718285
159 0.557147 0.421727 0.478224 0.539065 0.460993 0.532229 0.495456 0.545900 0.460993 0.532229 0.445927 0.609356 0.400231 0.703598 0.495456 0.545900 0.513457 0.641721 0.439903 0.718061
160 0.562741 0.438008 0.483832 0.554682 0.467136 0.543832 0.500528 0.565531 0.467136 0.543832 0.445444 0.613960 0.387814 0.703537 0.500528 0.565531 0.520421 0.649002 0.444374 0.717872
161 0.569788 0.462042 0.489914 0.569698 0.472376 0.554718 0.507452 0.584679 0.472376 0.554718 0.444945 0.618593 0.384197 0.703621 0.507452 0.584679 0.524637 0.653191 0.449044 0.717621
162 0.577188 0.482858 0.500346 0.582612 0.479992 0.565642 0.520699 0.599582 0.479992 0.565642 0.446744 0.624446 0.380136 0.706798 0.520699 0.599582 0.526410 0.660715 0.453446 0.719947
163 0.587343 0.495134 0.510051 0.610093 0.491392 0.588833 0.528709 0.631353 0.491392 0.588833 0.446207 0.640491 0.374463 0.717396 0.528709 0.631353 0.528537 0.677243 0.461546 0.726917
164 0.594534 0.531980 0.519740 0.636178 0.501196 0.613533 0.538284 0.658823 0.501196 0.613533 0.447469 0.650399 0.380242 0.726498 0.538284 0.658823 0.526834 0.678831 0.466079 0.731936
165 0.606034 0.555970 0.532937 0.659308 0.518007 0.636679 0.547868 0.681937 0.518007 0.636679 0.449178 0.662513 0.382540 0.733472 0.547868 0.681937 0.513332 0.703144 0.469844 0.734768
166 0.613693 0.582085 0.542126 0.686789 0.527839 0.660983 0.556412 0.712594 0.527839 0.660983 0.462745 0.664426 0.383958 0.735192 0.556412 0.712594 0.522195 0.700625 0.472935 0.754536
167 0.618338 0.616385 0.553045 0.711094 0.540388 0.693850 0.565701 0.728339 0.540388 0.693850 0.472959 0.669012 0.384855 0.733410 0.565701 0.728339 0.522383 0.687585 0.476042 0.758079
168 0.626408 0.643807 0.561801 0.719954 0.546540 0.692444 0.577063 0.747465 0.546540 0.692444 0.498858 0.674154 0.404471 0.732735 0.577063 0.747465 0.526880 0.695231 0.475192 0.752546
169 0.634085 0.653940 0.582853 0.720973 0.564228 0.694797 0.601478 0.747148 0.564228 0.694797 0.516473 0.680498 0.430670 0.730523 0.601478 0.747148 0.541571 0.697190 0.472038 0.740132
170 0.637652 0.652518 0.592275 0.712609 0.578045 0.686074 0.606505 0.739143 0.578045 0.686074 0.524799 0.674740 0.437414 0.728910 0.606505 0.739143 0.544830 0.701664 0.470394 0.739184
171 0.644161 0.666139 0.610961 0.706067 0.602423 0.680009 0.619500 0.732125 0.602423 0.680009 0.537416 0.671795 0.445486 0.736503 0.619500 0.732125 0.538399 0.700341 0.459451 0.757468
172 0.645204 0.656288 0.608973 0.701749 0.593572 0.673219 0.624374 0.730279 0.593572 0.673219 0.532812 0.666416 0.453532 0.745937 0.624374 0.730279 0.540490 0.710704 0.465256 0.780109
173 0.644522 0.642512 0.609997 0.696748 0.592818 0.668262 0.627177 0.725233 0.592818 0.668262 0.531050 0.669520 0.462696 0.766186 0.627177 0.725233 0.549588 0.726268 0.480767 0.792594
174 0.642733 0.648398 0.613574 0.695180 0.596695 0.669645 0.630453 0.720715 0.596695 0.669645 0.538694 0.688991 0.476962 0.793344 0.630453 0.720715 0.556592 0.727400 0.499540 0.802859
175 0.645365 0.656459 0.623989 0.701692 0.608490 0.676038 0.639488 0.727346 0.608490 0.676038 0.555792 0.696928 0.505249 0.803749 0.639488 0.727346 0.567873 0.729199 0.513320 0.806423
176 0.646241 0.667712 0.629658 0.705134 0.616153 0.682726 0.643162 0.727542 0.616153 0.682726 0.566130 0.695770 0.523529 0.809177 0.643162 0.727542 0.579418 0.728176 0.527751 0.796998
177 0.640656 0.675804 0.624663 0.715083 0.613861 0.693942 0.635466 0.736223 0.613861 0.693942 0.562369 0.705368 0.537377 0.813077 0.635466 0.736223 0.567935 0.730463 0.525593 0.817595
178 0.638940 0.680594 0.621225 0.724102 0.611013 0.703372 0.631436 0.744832 0.611013 0.703372 0.556242 0.714512 0.537052 0.822332 0.631436 0.744832 0.562615 0.748629 0.518176 0.829260
179 0.635511 0.684243 0.620696 0.718517 0.612269 0.699407 0.629122 0.737626 0.612269 0.699407 0.571581 0.734647 0.562543 0.856000 0.629122 0.737626 0.552272 0.737786 0.516024 0.816227
180 0.635560 0.680420 0.622537 0.717742 0.610657 0.698202 0.634417 0.737281 0.610657 0.698202 0.568005 0.726666 0.550558 0.848666 0.634417 0.737281 0.558808 0.733955 0.524985 0.826790
181 0.635983 0.678880 0.626623 0.719794 0.615009 0.702302 0.638237 0.737286 0.615009 0.702302 0.563325 0.724570 0.556089 0.855740 0.638237 0.737286 0.560778 0.733487 0.523905 0.832286
182 0.636986 0.672930 0.624454 0.728662 0.612868 0.708986 0.636041 0.748337 0.612868 0.708986 0.561817 0.722227 0.549994 0.851905 0.636041 0.748337 0.561097 0.734682 0.529930 0.840374
183 0.638160 0.673021 0.627351 0.729310 0.617669 0.708425 0.637033 0.750195 0.617669 0.708425 0.560239 0.722126 0.536988 0.843999 0.637033 0.750195 0.560820 0.740912 0.540058 0.860951
184 0.642241 0.674977 0.627552 0.738528 0.615019 0.715434 0.640085 0.761621 0.615019 0.715434 0.557927 0.719555 0.528937 0.823507 0.640085 0.761621 0.575796 0.771647 0.565899 0.882777
185 0.640716 0.675426 0.627396 0.733766 0.615721 0.709577 0.639072 0.757956 0.615721 0.709577 0.557254 0.723153 0.531843 0.825258 0.639072 0.757956 0.572844 0.756188 0.545187 0.858281
186 0.639583 0.674093 0.626456 0.730278 0.614652 0.706684 0.638259 0.753873 0.614652 0.706684 0.556732 0.726368 0.536604 0.840305 0.638259 0.753873 0.569185 0.753219 0.538526 0.852947
187 0.639416 0.669083 0.626108 0.728054 0.613656 0.705196 0.638560 0.750913 0.613656 0.705196 0.556146 0.726872 0.534558 0.836812 0.638560 0.750913 0.565094 0.749952 0.536691 0.851043
188 0.639721 0.656405 0.626034 0.726954 0.613153 0.704662 0.638915 0.749246 0.613153 0.704662 0.555941 0.726631 0.541017 0.846913 0.638915 0.749246 0.562346 0.748389 0.526749 0.849924
189 0.639501 0.652608 0.626044 0.720165 0.613294 0.700033 0.638794 0.740297 0.613294 0.700033 0.556292 0.728503 0.545445 0.855226 0.638794 0.740297 0.557974 0.748019 0.525227 0.848645
190 0.640519 0.651274 0.626620 0.717309 0.613280 0.699777 0.639960 0.734841 0.613280 0.699777 0.557348 0.729760 0.558828 0.865372 0.639960 0.734841 0.554725 0.744531 0.510622 0.830789
191 0.640903 0.651000 0.627289 0.718147 0.613829 0.700873 0.640749 0.735420 0.613829 0.700873 0.557090 0.729430 0.553473 0.860665 0.640749 0.735420 0.553638 0.742587 0.507553 0.828515
192 0.642878 0.649687 0.631408 0.717216 0.622362 0.700864 0.640453 0.733568 0.622362 0.700864 0.561607 0.731857 0.568290 0.869606 0.640453 0.733568 0.550691 0.738150 0.511676 0.813329
193 0.643126 0.647132 0.632316 0.716146 0.623976 0.700465 0.640656 0.731828 0.623976 0.700465 0.563226 0.732099 0.564865 0.870866 0.640656 0.731828 0.551570 0.737533 0.506606 0.819400
194 0.643095 0.643664 0.632832 0.712965 0.624682 0.698052 0.640981 0.727879 0.624682 0.698052 0.564172 0.732763 0.566027 0.874928 0.640981 0.727879 0.552070 0.737726 0.506011 0.821206
195 0.641188 0.643158 0.634192 0.712322 0.628007 0.698110 0.640376 0.726534 0.628007 0.698110 0.565480 0.736090 0.567127 0.880044 0.640376 0.726534 0.550755 0.737308 0.508689 0.812608
196 0.640723 0.641738 0.633878 0.711149 0.626218 0.697224 0.641538 0.725074 0.626218 0.697224 0.565231 0.735834 0.563016 0.876238 0.641538 0.725074 0.551055 0.738809 0.510089 0.823565
197 0.639767 0.641466 0.635284 0.712045 0.629462 0.697864 0.641106 0.726227 0.629462 0.697864 0.568603 0.735005 0.566245 0.878831 0.641106 0.726227 0.551202 0.738832 0.511030 0.827021
198 0.639720 0.642318 0.636064 0.716385 0.628649 0.703115 0.643480 0.729656 0.628649 0.703115 0.566487 0.736665 0.567552 0.877843 0.643480 0.729656 0.552520 0.740296 0.511418 0.828255
199 0.639733 0.642392 0.636707 0.720720 0.628935 0.707219 0.644479 0.734222 0.628935 0.707219 0.566258 0.736029 0.568556 0.879738 0.644479 0.734222 0.552498 0.740315 0.509268 0.828111
200 0.641207 0.643081 0.637577 0.725642 0.628050 0.706436 0.647103 0.744848 0.628050 0.706436 0.563867 0.728726 0.562707 0.873289 0.647103 0.744848 0.558475 0.753603 0.520800 0.849594
201 0.642221 0.643679 0.638124 0.727039 0.627736 0.705917 0.648512 0.748161 0.627736 0.705917 0.559215 0.720954 0.551972 0.858433 0.648512 0.748161 0.567650 0.764854 0.535132 0.864237
202 0.642718 0.643962 0.638768 0.726723 0.627371 0.705583 0.650164 0.747863 0.627371 0.705583 0.555134 0.722128 0.539616 0.830404 0.650164 0.747863 0.575559 0.765958 0.554357 0.865747
203 0.642767 0.644904 0.639490 0.726057 0.627399 0.705444 0.651581 0.746670 0.627399 0.705444 0.555055 0.722441 0.544096 0.836181 0.651581 0.746670 0.575359 0.762529 0.543623 0.863643
204 0.642369 0.644555 0.638688 0.725780 0.625403 0.705294 0.651973 0.746267 0.625403 0.705294 0.553463 0.726818 0.534405 0.823168 0.651973 0.746267 0.572689 0.760017 0.565133 0.874155
205 0.642256 0.644438 0.638600 0.725677 0.624755 0.705318 0.652446 0.746036 0.624755 0.705318 0.552450 0.730292 0.534848 0.830024 0.652446 0.746036 0.572904 0.759066 0.568484 0.877511
206 0.642067 0.643297 0.638435 0.725475 0.624712 0.705104 0.652159 0.745846 0.624712 0.705104 0.551982 0.730680 0.530559 0.823808 0.652159 0.745846 0.575011 0.760619 0.569782 0.879336
207 0.641645 0.643346 0.638166 0.725344 0.623750 0.705106 0.652581 0.745583 0.623750 0.705106 0.552058 0.730641 0.531293 0.826138 0.652581 0.745583 0.573484 0.760002 0.567526 0.875043
208 0.641081 0.643293 0.637409 0.725242 0.622144 0.705040 0.652675 0.745444 0.622144 0.705040 0.550879 0.728986 0.526571 0.819599 0.652675 0.745444 0.573629 0.759386 0.567809 0.876138
209 0.640663 0.643222 0.636807 0.725253 0.620829 0.704995 0.652785 0.745512 0.620829 0.704995 0.550376 0.728755 0.526488 0.819306 0.652785 0.745512 0.572883 0.759187 0.565998 0.874495
210 0.640376 0.643262 0.635585 0.725367 0.618566 0.705173 0.652604 0.745561 0.618566 0.705173 0.549227 0.728229 0.529352 0.823425 0.652604 0.745561 0.572520 0.759184 0.565908 0.874345
211 0.640131 0.642017 0.634618 0.725376 0.616770 0.705149 0.652467 0.745602 0.616770 0.705149 0.548931 0.727797 0.529526 0.822940 0.652467 0.745602 0.572270 0.759093 0.563956 0.873203
212 0.640314 0.640919 0.634790 0.726273 0.617158 0.705308 0.652421 0.747237 0.617158 0.705308 0.548691 0.727774 0.530040 0.823470 0.652421 0.747237 0.571014 0.759175 0.563606 0.872633
213 0.640341 0.640760 0.634902 0.728861 0.617428 0.708795 0.652376 0.748926 0.617428 0.708795 0.548648 0.727730 0.538857 0.846602 0.652376 0.748926 0.570287 0.759078 0.562492 0.871893
214 0.640210 0.640543 0.634891 0.730067 0.617486 0.710767 0.652297 0.749368 0.617486 0.710767 0.549638 0.727856 0.551996 0.862904 0.652297 0.749368 0.564637 0.754835 0.536040 0.857683
215 0.640181 0.640398 0.635367 0.731089 0.618495 0.712137 0.652238 0.750040 0.618495 0.712137 0.550450 0.727895 0.555432 0.867096 0.652238 0.750040 0.564392 0.752829 0.533439 0.855492
216 0.640545 0.640398 0.636064 0.732710 0.619932 0.714145 0.652197 0.751275 0.619932 0.714145 0.550982 0.727911 0.554166 0.868099 0.652197 0.751275 0.564657 0.752400 0.535149 0.856861
217 0.640633 0.639457 0.636240 0.732715 0.620250 0.714168 0.652229 0.751262 0.620250 0.714168 0.550979 0.727915 0.551532 0.867762 0.652229 0.751262 0.564935 0.752113 0.538638 0.857957
218 0.640663 0.637035 0.636314 0.733202 0.620359 0.715041 0.652269 0.751362 0.620359 0.715041 0.550776 0.727913 0.551249 0.860740 0.652269 0.751362 0.565101 0.752147 0.540605 0.858991
219 0.640820 0.637120 0.636363 0.732900 0.620383 0.714572 0.652342 0.751228 0.620383 0.714572 0.550646 0.728125 0.550489 0.859872 0.652342 0.751228 0.565213 0.752192 0.541580 0.861057
220 0.641029 0.637345 0.636594 0.732837 0.620599 0.714489 0.652588 0.751186 0.620599 0.714489 0.550520 0.728351 0.549585 0.868294 0.652588 0.751186 0.565289 0.752336 0.541717 0.862088
221 0.641563 0.637481 0.636952 0.732998 0.621332 0.714666 0.652572 0.751330 0.621332 0.714666 0.550707 0.728606 0.550311 0.871387 0.652572 0.751330 0.565301 0.752364 0.544994 0.862026
222 0.641552 0.636838 0.636923 0.731830 0.621269 0.714532 0.652577 0.749127 0.621269 0.714532 0.550748 0.729000 0.550874 0.872721 0.652577 0.749127 0.565302 0.752531 0.540202 0.862056
223 0.641542 0.636525 0.636917 0.731985 0.621265 0.714578 0.652568 0.749392 0.621265 0.714578 0.550356 0.729008 0.550557 0.863342 0.652568 0.749392 0.565325 0.752626 0.536938 0.861676
224 0.641434 0.636281 0.636811 0.732206 0.621228 0.714992 0.652394 0.749420 0.621228 0.714992 0.550367 0.729093 0.552263 0.870005 0.652394 0.749420 0.564275 0.751869 0.531465 0.856974
225 0.641376 0.637055 0.636638 0.731126 0.620888 0.714091 0.652388 0.748161 0.620888 0.714091 0.550142 0.729100 0.549591 0.859185 0.652388 0.748161 0.564812 0.753063 0.544806 0.859225
226 0.641289 0.637678 0.636567 0.730588 0.620764 0.713656 0.652370 0.747521 0.620764 0.713656 0.550019 0.729111 0.548692 0.855358 0.652370 0.747521 0.565198 0.753959 0.540830 0.860185
227 0.641158 0.637467 0.636436 0.729661 0.620593 0.712674 0.652279 0.746649 0.620593 0.712674 0.549863 0.729111 0.548058 0.853619 0.652279 0.746649 0.565347 0.754001 0.547669 0.860429
228 0.641124 0.637221 0.636422 0.729155 0.620569 0.712115 0.652274 0.746195 0.620569 0.712115 0.549848 0.729160 0.547168 0.852369 0.652274 0.746195 0.565690 0.754086 0.549496 0.860549
229 0.641108 0.637045 0.636422 0.728588 0.620566 0.711468 0.652277 0.745708 0.620566 0.711468 0.549852 0.729173 0.547055 0.852437 0.652277 0.745708 0.565863 0.754097 0.540593 0.860611
230 0.641027 0.636806 0.636343 0.728437 0.620412 0.711523 0.652274 0.745350 0.620412 0.711523 0.549807 0.729183 0.547037 0.852531 0.652274 0.745350 0.565944 0.754134 0.547952 0.861008
231 0.641003 0.636683 0.636477 0.728021 0.620522 0.711391 0.652433 0.744652 0.620522 0.711391 0.549988 0.729166 0.550556 0.865500 0.652433 0.744652 0.565803 0.752844 0.535878 0.856224
232 0.641041 0.636704 0.636774 0.727801 0.620759 0.711050 0.652788 0.744551 0.620759 0.711050 0.549921 0.729165 0.550260 0.861332 0.652788 0.744551 0.565782 0.752759 0.535705 0.856295
233 0.641065 0.636688 0.636800 0.727869 0.620758 0.711134 0.652841 0.744604 0.620758 0.711134 0.549857 0.729144 0.550195 0.858863 0.652841 0.744604 0.565789 0.753155 0.536531 0.857702
234 0.641050 0.636704 0.636801 0.727996 0.620716 0.711345 0.652886 0.744646 0.620716 0.711345 0.549693 0.729158 0.550075 0.857461 0.652886 0.744646 0.565863 0.753373 0.536702 0.859143
235 0.641073 0.636662 0.636963 0.728028 0.620938 0.711381 0.652988 0.744675 0.620938 0.711381 0.549697 0.729197 0.540363 0.847250 0.652988 0.744675 0.566159 0.753801 0.548574 0.861324
236 0.641136 0.636421 0.637211 0.727984 0.621399 0.711405 0.653023 0.744563 0.621399 0.711405 0.549724 0.729277 0.542044 0.847658 0.653023 0.744563 0.566285 0.754182 0.542379 0.862017
237 0.641246 0.636225 0.637483 0.727924 0.621850 0.711357 0.653117 0.744491 0.621850 0.711357 0.549747 0.729336 0.543637 0.847850 0.653117 0.744491 0.566316 0.754376 0.541317 0.863661
238 0.641260 0.636199 0.637534 0.727721 0.621880 0.711080 0.653189 0.744361 0.621880 0.711080 0.549780 0.729346 0.544795 0.848085 0.653189 0.744361 0.566325 0.754391 0.540324 0.863643
239 0.641272 0.636157 0.637550 0.727532 0.621832 0.711003 0.653267 0.744062 0.621832 0.711003 0.549763 0.729342 0.545959 0.848280 0.653267 0.744062 0.566482 0.753881 0.539053 0.862900
240 0.641249 0.636158 0.638937 0.725209 0.621269 0.710653 0.656604 0.739765 0.621269 0.710653 0.549457 0.728199 0.537586 0.837848 0.656604 0.739765 0.567165 0.754050 0.553556 0.867666
241 0.641271 0.636165 0.638808 0.725307 0.621112 0.710344 0.656504 0.740271 0.621112 0.710344 0.549213 0.727345 0.535587 0.835886 0.656504 0.740271 0.567341 0.754060 0.556535 0.869989
242 0.641344 0.636160 0.638681 0.725856 0.621133 0.710522 0.656229 0.741189 0.621133 0.710522 0.549096 0.727358 0.537091 0.838924 0.656229 0.741189 0.567401 0.754049 0.554581 0.869541
243 0.641345 0.636194 0.638359 0.727947 0.621108 0.711357 0.655609 0.744537 0.621108 0.711357 0.548826 0.726627 0.528423 0.829300 0.655609 0.744537 0.569812 0.755622 0.563168 0.876024
244 0.641391 0.636237 0.638262 0.727652 0.620990 0.710938 0.655534 0.744367 0.620990 0.710938 0.549289 0.726961 0.531905 0.832706 0.655534 0.744367 0.571241 0.755801 0.559238 0.874023
245 0.641285 0.636261 0.637671 0.727662 0.620412 0.710952 0.654931 0.744372 0.620412 0.710952 0.549663 0.727226 0.533988 0.837574 0.654931 0.744372 0.571042 0.755793 0.557787 0.872954
246 0.641160 0.636272 0.637363 0.727956 0.620381 0.711358 0.654345 0.744554 0.620381 0.711358 0.549880 0.727506 0.543956 0.855717 0.654345 0.744554 0.570730 0.755736 0.556586 0.869923
247 0.641112 0.636294 0.636934 0.728040 0.619994 0.711376 0.653874 0.744705 0.619994 0.711376 0.549456 0.727693 0.540239 0.842318 0.653874 0.744705 0.570681 0.755727 0.557191 0.870873
248 0.640956 0.636255 0.636302 0.728110 0.619152 0.711511 0.653452 0.744710 0.619152 0.711511 0.549302 0.727775 0.539298 0.839093 0.653452 0.744710 0.570456 0.756272 0.557304 0.871217
249 0.640897 0.636293 0.635959 0.728112 0.618854 0.711512 0.653063 0.744712 0.618854 0.711512 0.549570 0.727785 0.546320 0.857742 0.653063 0.744712 0.570412 0.756244 0.556874 0.869809
250 0.640873 0.636315 0.635867 0.728130 0.618779 0.711531 0.652955 0.744728 0.618779 0.711531 0.549700 0.727842 0.549089 0.862206 0.652955 0.744728 0.570339 0.756227 0.543577 0.867228
251 0.640865 0.636352 0.635843 0.728263 0.618797 0.711789 0.652889 0.744738 0.618797 0.711789 0.549760 0.729296 0.552443 0.867454 0.652889 0.744738 0.569965 0.756229 0.537173 0.861966
252 0.640873 0.636398 0.635842 0.728387 0.618883 0.711780 0.652802 0.744994 0.618883 0.711780 0.549745 0.729963 0.551537 0.867314 0.652802 0.744994 0.569462 0.756228 0.537668 0.860710
253 0.640947 0.637879 0.635822 0.728550 0.618900 0.711811 0.652744 0.745290 0.618900 0.711811 0.549735 0.729751 0.551238 0.866271 0.652744 0.745290 0.569315 0.756254 0.537595 0.858717
254 0.640609 0.639225 0.635336 0.728493 0.617958 0.711839 0.652714 0.745146 0.617958 0.711839 0.549688 0.729697 0.550516 0.864314 0.652714 0.745146 0.569154 0.755129 0.537358 0.855730
255 0.640773 0.639916 0.635542 0.728775 0.618350 0.712094 0.652734 0.745455 0.618350 0.712094 0.549626 0.729454 0.550055 0.863845 0.652734 0.745455 0.569040 0.755195 0.535753 0.855650
256 0.640812 0.639902 0.635583 0.728710 0.618436 0.711984 0.652729 0.745436 0.618436 0.711984 0.549542 0.729417 0.551509 0.867491 0.652729 0.745436 0.567438 0.754413 0.530749 0.851260
257 0.640900 0.640093 0.635733 0.728839 0.618697 0.712147 0.652770 0.745531 0.618697 0.712147 0.549468 0.729369 0.551046 0.867074 0.652770 0.745531 0.567798 0.754203 0.533123 0.852567
258 0.640878 0.640214 0.637542 0.726495 0.618799 0.712234 0.656285 0.740756 0.618799 0.712234 0.549352 0.729270 0.551238 0.866850 0.656285 0.740756 0.566808 0.753666 0.532047 0.852422
259 0.640926 0.640249 0.637456 0.727319 0.619262 0.712401 0.655650 0.742237 0.619262 0.712401 0.549353 0.729168 0.552469 0.868090 0.655650 0.742237 0.566821 0.753453 0.531581 0.851594
260 0.640951 0.640220 0.637197 0.727520 0.619338 0.712159 0.655057 0.742881 0.619338 0.712159 0.549290 0.729107 0.552334 0.867485 0.655057 0.742881 0.567273 0.753463 0.532230 0.852208
261 0.640963 0.640233 0.637032 0.727580 0.619360 0.711938 0.654705 0.743221 0.619360 0.711938 0.548727 0.728860 0.551903 0.866931 0.654705 0.743221 0.567431 0.753356 0.533313 0.852658
262 0.641062 0.640218 0.637288 0.727830 0.619921 0.712111 0.654654 0.743549 0.619921 0.712111 0.548817 0.728705 0.551897 0.866852 0.654654 0.743549 0.567436 0.753368 0.532446 0.852352
263 0.641074 0.640197 0.637162 0.728078 0.619923 0.712132 0.654402 0.744025 0.619923 0.712132 0.548835 0.728637 0.550772 0.866762 0.654402 0.744025 0.567558 0.753389 0.532683 0.854469
264 0.641086 0.640187 0.637221 0.728175 0.620268 0.712048 0.654175 0.744302 0.620268 0.712048 0.549317 0.728783 0.552890 0.868675 0.654175 0.744302 0.566152 0.753371 0.528400 0.851097
