93
125
0 -1 -1 -1 -1 -1 -1 -1 -1 -1 -1 -1 -1 -1 -1 -1 -1 -1 -1 -1 -1
1 -1 -1 -1 -1 -1 -1 -1 -1 -1 -1 -1 -1 -1 -1 -1 -1 -1 -1 -1 -1
2 -1 -1 -1 -1 -1 -1 -1 -1 -1 -1 -1 -1 -1 -1 -1 -1 -1 -1 -1 -1
3 -1 -1 -1 -1 -1 -1 -1 -1 -1 -1 -1 -1 -1 -1 -1 -1 -1 -1 -1 -1
4 -1 -1 -1 -1 -1 -1 -1 -1 -1 -1 -1 -1 -1 -1 -1 -1 -1 -1 -1 -1
5 -1 -1 -1 -1 -1 -1 -1 -1 -1 -1 -1 -1 -1 -1 -1 -1 -1 -1 -1 -1
6 -1 -1 -1 -1 -1 -1 -1 -1 -1 -1 -1 -1 -1 -1 -1 -1 -1 -1 -1 -1
7 -1 -1 -1 -1 -1 -1 -1 -1 -1 -1 -1 -1 -1 -1 -1 -1 -1 -1 -1 -1
8 0.159423 0.403850 0.163826 0.526563 0.172078 0.519226 0.155575 0.533900 0.172078 0.519226 0.265068 0.506887 0.297243 0.612753 0.155575 0.533900 0.228616 0.521166 0.252023 0.629527
9 0.162141 0.402893 0.166659 0.525044 0.176028 0.516985 0.157291 0.533103 0.176028 0.516985 0.264894 0.504189 0.301144 0.594657 0.157291 0.533103 0.230490 0.522471 0.261445 0.626590
10 0.165271 0.401798 0.168991 0.522953 0.178477 0.513018 0.159504 0.532888 0.178477 0.513018 0.265117 0.502307 0.300804 0.590932 0.159504 0.532888 0.236145 0.523357 0.262189 0.626011
11 0.169116 0.399907 0.172646 0.518599 0.183029 0.507625 0.162262 0.529573 0.183029 0.507625 0.268221 0.497668 0.300511 0.590105 0.162262 0.529573 0.236927 0.527441 0.262900 0.625648
12 0.173355 0.398093 0.175593 0.514743 0.185265 0.502364 0.165921 0.527123 0.185265 0.502364 0.268536 0.496104 0.296082 0.590741 0.165921 0.527123 0.253947 0.527264 0.264539 0.624799
13 0.178355 0.395841 0.180932 0.508658 0.190470 0.494570 0.171393 0.522745 0.190470 0.494570 0.268259 0.495682 0.290572 0.592015 0.171393 0.522745 0.257158 0.527169 0.266048 0.623290
14 0.183728 0.394539 0.184216 0.505440 0.195537 0.492057 0.172894 0.518823 0.195537 0.492057 0.267909 0.494577 0.284480 0.592766 0.172894 0.518823 0.254781 0.529429 0.263147 0.623808
15 0.188427 0.393306 0.186031 0.504430 0.197035 0.490439 0.175027 0.518421 0.197035 0.490439 0.267682 0.492044 0.277773 0.594523 0.175027 0.518421 0.255828 0.529159 0.264894 0.621881
16 0.193864 0.390959 0.188455 0.503050 0.199435 0.489466 0.177475 0.516634 0.199435 0.489466 0.267661 0.488325 0.274456 0.594865 0.177475 0.516634 0.255235 0.528976 0.266398 0.618561
17 0.200386 0.390348 0.191301 0.503166 0.202667 0.490989 0.179935 0.515343 0.202667 0.490989 0.267558 0.490042 0.270357 0.595112 0.179935 0.515343 0.256144 0.528875 0.265490 0.623529
18 0.208238 0.390796 0.194261 0.502077 0.205731 0.490728 0.182790 0.513426 0.205731 0.490728 0.267549 0.490205 0.266096 0.595159 0.182790 0.513426 0.254918 0.528816 0.263255 0.628166
19 0.216264 0.391891 0.194562 0.501843 0.208627 0.491389 0.180497 0.512298 0.208627 0.491389 0.267496 0.490862 0.265305 0.597391 0.180497 0.512298 0.239849 0.535122 0.253168 0.629816
20 0.223044 0.394870 0.195940 0.502137 0.210851 0.491851 0.181030 0.512423 0.210851 0.491851 0.267815 0.492283 0.265936 0.602642 0.181030 0.512423 0.228708 0.539737 0.244021 0.634691
21 0.230229 0.400409 0.197394 0.506394 0.211493 0.500391 0.183296 0.512396 0.211493 0.500391 0.268399 0.499972 0.264974 0.607722 0.183296 0.512396 0.206563 0.530035 0.201741 0.631970
22 0.236603 0.405967 0.199232 0.509306 0.212715 0.504121 0.185749 0.514491 0.212715 0.504121 0.271734 0.501312 0.264902 0.607374 0.185749 0.514491 0.218115 0.530342 0.223495 0.634816
23 0.241535 0.412081 0.198987 0.512623 0.211820 0.506583 0.186154 0.518662 0.211820 0.506583 0.271905 0.511477 0.265772 0.608997 0.186154 0.518662 0.204618 0.526364 0.196044 0.627625
24 0.248085 0.415271 0.200758 0.512539 0.211064 0.505513 0.190451 0.519564 0.211064 0.505513 0.271565 0.508370 0.265907 0.609623 0.190451 0.519564 0.220877 0.517955 0.214437 0.627437
25 0.255192 0.418648 0.202590 0.513098 0.210656 0.506466 0.194523 0.519730 0.210656 0.506466 0.272125 0.507639 0.266314 0.611469 0.194523 0.519730 0.235679 0.511135 0.225103 0.625434
26 0.258098 0.422155 0.199708 0.515666 0.204544 0.509726 0.194873 0.521606 0.204544 0.509726 0.274325 0.507904 0.266481 0.611868 0.194873 0.521606 0.259330 0.510208 0.261288 0.624989
27 0.264842 0.423430 0.199755 0.516266 0.204564 0.511329 0.194946 0.521204 0.204564 0.511329 0.279090 0.512855 0.265890 0.611806 0.194946 0.521204 0.268001 0.509209 0.265028 0.624842
28 0.269576 0.421935 0.200898 0.513318 0.204692 0.510150 0.197103 0.516485 0.204692 0.510150 0.277475 0.514153 0.266128 0.613155 0.197103 0.516485 0.273829 0.509859 0.265689 0.624806
29 0.273678 0.420665 0.201640 0.507740 0.204522 0.503894 0.198758 0.511586 0.204522 0.503894 0.275378 0.512612 0.266314 0.613023 0.198758 0.511586 0.271284 0.512285 0.265722 0.624896
30 0.276577 0.417671 0.202555 0.502059 0.204570 0.497245 0.200541 0.506873 0.204570 0.497245 0.274485 0.511675 0.265896 0.613246 0.200541 0.506873 0.277204 0.513260 0.265061 0.624976
31 0.278928 0.408608 0.203805 0.491338 0.204653 0.485999 0.202957 0.496677 0.204653 0.485999 0.274647 0.511337 0.265945 0.612984 0.202957 0.496677 0.274891 0.513411 0.264755 0.625707
32 0.282072 0.399765 0.205791 0.481977 0.208017 0.476829 0.203565 0.487126 0.208017 0.476829 0.276093 0.507844 0.265888 0.612239 0.203565 0.487126 0.274814 0.512160 0.264782 0.624915
33 -1 -1 -1 -1 -1 -1 -1 -1 -1 -1 -1 -1 -1 -1 -1 -1 -1 -1 -1 -1
34 -1 -1 -1 -1 -1 -1 -1 -1 -1 -1 -1 -1 -1 -1 -1 -1 -1 -1 -1 -1
35 -1 -1 -1 -1 -1 -1 -1 -1 -1 -1 -1 -1 -1 -1 -1 -1 -1 -1 -1 -1
36 -1 -1 -1 -1 -1 -1 -1 -1 -1 -1 -1 -1 -1 -1 -1 -1 -1 -1 -1 -1
37 -1 -1 -1 -1 -1 -1 -1 -1 -1 -1 -1 -1 -1 -1 -1 -1 -1 -1 -1 -1
38 -1 -1 -1 -1 -1 -1 -1 -1 -1 -1 -1 -1 -1 -1 -1 -1 -1 -1 -1 -1
39 -1 -1 -1 -1 -1 -1 -1 -1 -1 -1 -1 -1 -1 -1 -1 -1 -1 -1 -1 -1
40 -1 -1 -1 -1 -1 -1 -1 -1 -1 -1 -1 -1 -1 -1 -1 -1 -1 -1 -1 -1
41 -1 -1 -1 -1 -1 -1 -1 -1 -1 -1 -1 -1 -1 -1 -1 -1 -1 -1 -1 -1
42 -1 -1 -1 -1 -1 -1 -1 -1 -1 -1 -1 -1 -1 -1 -1 -1 -1 -1 -1 -1
43 -1 -1 -1 -1 -1 -1 -1 -1 -1 -1 -1 -1 -1 -1 -1 -1 -1 -1 -1 -1
44 -1 -1 -1 -1 -1 -1 -1 -1 -1 -1 -1 -1 -1 -1 -1 -1 -1 -1 -1 -1
45 -1 -1 -1 -1 -1 -1 -1 -1 -1 -1 -1 -1 -1 -1 -1 -1 -1 -1 -1 -1
46 -1 -1 -1 -1 -1 -1 -1 -1 -1 -1 -1 -1 -1 -1 -1 -1 -1 -1 -1 -1
47 -1 -1 -1 -1 -1 -1 -1 -1 -1 -1 -1 -1 -1 -1 -1 -1 -1 -1 -1 -1
48 -1 -1 -1 -1 -1 -1 -1 -1 -1 -1 -1 -1 -1 -1 -1 -1 -1 -1 -1 -1
49 -1 -1 -1 -1 -1 -1 -1 -1 -1 -1 -1 -1 -1 -1 -1 -1 -1 -1 -1 -1
50 -1 -1 -1 -1 -1 -1 -1 -1 -1 -1 -1 -1 -1 -1 -1 -1 -1 -1 -1 -1
51 -1 -1 -1 -1 -1 -1 -1 -1 -1 -1 -1 -1 -1 -1 -1 -1 -1 -1 -1 -1
52 -1 -1 -1 -1 -1 -1 -1 -1 -1 -1 -1 -1 -1 -1 -1 -1 -1 -1 -1 -1
53 -1 -1 -1 -1 -1 -1 -1 -1 -1 -1 -1 -1 -1 -1 -1 -1 -1 -1 -1 -1
54 -1 -1 -1 -1 -1 -1 -1 -1 -1 -1 -1 -1 -1 -1 -1 -1 -1 -1 -1 -1
55 -1 -1 -1 -1 -1 -1 -1 -1 -1 -1 -1 -1 -1 -1 -1 -1 -1 -1 -1 -1
56 -1 -1 -1 -1 -1 -1 -1 -1 -1 -1 -1 -1 -1 -1 -1 -1 -1 -1 -1 -1
57 -1 -1 -1 -1 -1 -1 -1 -1 -1 -1 -1 -1 -1 -1 -1 -1 -1 -1 -1 -1
58 -1 -1 -1 -1 -1 -1 -1 -1 -1 -1 -1 -1 -1 -1 -1 -1 -1 -1 -1 -1
59 -1 -1 -1 -1 -1 -1 -1 -1 -1 -1 -1 -1 -1 -1 -1 -1 -1 -1 -1 -1
60 -1 -1 -1 -1 -1 -1 -1 -1 -1 -1 -1 -1 -1 -1 -1 -1 -1 -1 -1 -1
61 -1 -1 -1 -1 -1 -1 -1 -1 -1 -1 -1 -1 -1 -1 -1 -1 -1 -1 -1 -1
62 -1 -1 -1 -1 -1 -1 -1 -1 -1 -1 -1 -1 -1 -1 -1 -1 -1 -1 -1 -1
63 -1 -1 -1 -1 -1 -1 -1 -1 -1 -1 -1 -1 -1 -1 -1 -1 -1 -1 -1 -1
64 -1 -1 -1 -1 -1 -1 -1 -1 -1 -1 -1 -1 -1 -1 -1 -1 -1 -1 -1 -1
65 -1 -1 -1 -1 -1 -1 -1 -1 -1 -1 -1 -1 -1 -1 -1 -1 -1 -1 -1 -1
66 -1 -1 -1 -1 -1 -1 -1 -1 -1 -1 -1 -1 -1 -1 -1 -1 -1 -1 -1 -1
67 -1 -1 -1 -1 -1 -1 -1 -1 -1 -1 -1 -1 -1 -1 -1 -1 -1 -1 -1 -1
68 0.329722 0.256504 0.340160 0.417946 0.351243 0.417977 0.329077 0.417914 0.351243 0.417977 0.346810 0.524156 0.327081 0.610056 0.329077 0.417914 0.337379 0.528523 0.289025 0.601597
69 0.333684 0.256225 0.344010 0.417416 0.354725 0.417544 0.333296 0.417289 0.354725 0.417544 0.351040 0.523994 0.326547 0.606019 0.333296 0.417289 0.338493 0.528459 0.301726 0.604529
70 0.337420 0.256576 0.348464 0.417562 0.358427 0.417619 0.338501 0.417505 0.358427 0.417619 0.356777 0.522600 0.327680 0.602293 0.338501 0.417505 0.343266 0.528260 0.313840 0.613419
71 0.341407 0.257611 0.352981 0.418047 0.362390 0.417823 0.343572 0.418271 0.362390 0.417823 0.361308 0.522480 0.330579 0.602767 0.343572 0.418271 0.348565 0.528144 0.324306 0.621461
72 0.345518 0.258517 0.356775 0.420512 0.364826 0.420054 0.348724 0.420970 0.364826 0.420054 0.362631 0.522826 0.334023 0.608229 0.348724 0.420970 0.351360 0.528186 0.329316 0.627336
73 0.349875 0.259553 0.359277 0.422813 0.365864 0.422421 0.352689 0.423204 0.365864 0.422421 0.363985 0.523626 0.335728 0.618349 0.352689 0.423204 0.357132 0.528566 0.336606 0.633732
74 0.354844 0.259816 0.361553 0.423216 0.366941 0.422755 0.356165 0.423677 0.366941 0.422755 0.361657 0.523540 0.335649 0.617663 0.356165 0.423677 0.363808 0.537463 0.353343 0.636219
75 0.358868 0.260989 0.365207 0.425820 0.369826 0.424788 0.360588 0.426851 0.369826 0.424788 0.361847 0.524206 0.336121 0.620258 0.360588 0.426851 0.367444 0.541393 0.358791 0.638188
76 0.363642 0.261588 0.368812 0.427579 0.372297 0.426279 0.365326 0.428879 0.372297 0.426279 0.362407 0.528033 0.336973 0.622266 0.365326 0.428879 0.371571 0.545229 0.362566 0.642074
77 0.369700 0.262655 0.374191 0.430057 0.375560 0.428995 0.372822 0.431119 0.375560 0.428995 0.365235 0.529029 0.338286 0.622628 0.372822 0.431119 0.376181 0.545873 0.361555 0.641218
78 0.374623 0.263346 0.378482 0.432410 0.377958 0.431482 0.379005 0.433338 0.377958 0.431482 0.365627 0.530100 0.338963 0.622394 0.379005 0.433338 0.380443 0.547719 0.364276 0.641946
79 -1 -1 -1 -1 -1 -1 -1 -1 -1 -1 -1 -1 -1 -1 -1 -1 -1 -1 -1 -1
80 -1 -1 -1 -1 -1 -1 -1 -1 -1 -1 -1 -1 -1 -1 -1 -1 -1 -1 -1 -1
81 -1 -1 -1 -1 -1 -1 -1 -1 -1 -1 -1 -1 -1 -1 -1 -1 -1 -1 -1 -1
82 -1 -1 -1 -1 -1 -1 -1 -1 -1 -1 -1 -1 -1 -1 -1 -1 -1 -1 -1 -1
83 -1 -1 -1 -1 -1 -1 -1 -1 -1 -1 -1 -1 -1 -1 -1 -1 -1 -1 -1 -1
84 -1 -1 -1 -1 -1 -1 -1 -1 -1 -1 -1 -1 -1 -1 -1 -1 -1 -1 -1 -1
85 -1 -1 -1 -1 -1 -1 -1 -1 -1 -1 -1 -1 -1 -1 -1 -1 -1 -1 -1 -1
86 -1 -1 -1 -1 -1 -1 -1 -1 -1 -1 -1 -1 -1 -1 -1 -1 -1 -1 -1 -1
87 -1 -1 -1 -1 -1 -1 -1 -1 -1 -1 -1 -1 -1 -1 -1 -1 -1 -1 -1 -1
88 -1 -1 -1 -1 -1 -1 -1 -1 -1 -1 -1 -1 -1 -1 -1 -1 -1 -1 -1 -1
89 -1 -1 -1 -1 -1 -1 -1 -1 -1 -1 -1 -1 -1 -1 -1 -1 -1 -1 -1 -1
90 -1 -1 -1 -1 -1 -1 -1 -1 -1 -1 -1 -1 -1 -1 -1 -1 -1 -1 -1 -1
91 -1 -1 -1 -1 -1 -1 -1 -1 -1 -1 -1 -1 -1 -1 -1 -1 -1 -1 -1 -1
92 -1 -1 -1 -1 -1 -1 -1 -1 -1 -1 -1 -1 -1 -1 -1 -1 -1 -1 -1 -1
93 -1 -1 -1 -1 -1 -1 -1 -1 -1 -1 -1 -1 -1 -1 -1 -1 -1 -1 -1 -1
94 -1 -1 -1 -1 -1 -1 -1 -1 -1 -1 -1 -1 -1 -1 -1 -1 -1 -1 -1 -1
95 -1 -1 -1 -1 -1 -1 -1 -1 -1 -1 -1 -1 -1 -1 -1 -1 -1 -1 -1 -1
96 -1 -1 -1 -1 -1 -1 -1 -1 -1 -1 -1 -1 -1 -1 -1 -1 -1 -1 -1 -1
97 -1 -1 -1 -1 -1 -1 -1 -1 -1 -1 -1 -1 -1 -1 -1 -1 -1 -1 -1 -1
98 -1 -1 -1 -1 -1 -1 -1 -1 -1 -1 -1 -1 -1 -1 -1 -1 -1 -1 -1 -1
99 -1 -1 -1 -1 -1 -1 -1 -1 -1 -1 -1 -1 -1 -1 -1 -1 -1 -1 -1 -1
100 -1 -1 -1 -1 -1 -1 -1 -1 -1 -1 -1 -1 -1 -1 -1 -1 -1 -1 -1 -1
101 -1 -1 -1 -1 -1 -1 -1 -1 -1 -1 -1 -1 -1 -1 -1 -1 -1 -1 -1 -1
102 -1 -1 -1 -1 -1 -1 -1 -1 -1 -1 -1 -1 -1 -1 -1 -1 -1 -1 -1 -1
103 -1 -1 -1 -1 -1 -1 -1 -1 -1 -1 -1 -1 -1 -1 -1 -1 -1 -1 -1 -1
104 -1 -1 -1 -1 -1 -1 -1 -1 -1 -1 -1 -1 -1 -1 -1 -1 -1 -1 -1 -1
105 -1 -1 -1 -1 -1 -1 -1 -1 -1 -1 -1 -1 -1 -1 -1 -1 -1 -1 -1 -1
106 -1 -1 -1 -1 -1 -1 -1 -1 -1 -1 -1 -1 -1 -1 -1 -1 -1 -1 -1 -1
107 -1 -1 -1 -1 -1 -1 -1 -1 -1 -1 -1 -1 -1 -1 -1 -1 -1 -1 -1 -1
108 -1 -1 -1 -1 -1 -1 -1 -1 -1 -1 -1 -1 -1 -1 -1 -1 -1 -1 -1 -1
109 -1 -1 -1 -1 -1 -1 -1 -1 -1 -1 -1 -1 -1 -1 -1 -1 -1 -1 -1 -1
110 -1 -1 -1 -1 -1 -1 -1 -1 -1 -1 -1 -1 -1 -1 -1 -1 -1 -1 -1 -1
111 -1 -1 -1 -1 -1 -1 -1 -1 -1 -1 -1 -1 -1 -1 -1 -1 -1 -1 -1 -1
112 -1 -1 -1 -1 -1 -1 -1 -1 -1 -1 -1 -1 -1 -1 -1 -1 -1 -1 -1 -1
113 0.566029 0.839897 0.479530 0.756156 0.468865 0.747251 0.490195 0.765062 0.468865 0.747251 0.535712 0.636055 0.489573 0.519983 0.490195 0.765062 0.537788 0.631793 0.522864 0.513512
114 0.564833 0.840108 0.477533 0.755564 0.467431 0.745637 0.487636 0.765492 0.467431 0.745637 0.533715 0.633361 0.476671 0.535195 0.487636 0.765492 0.537945 0.633229 0.521594 0.514518
115 0.563286 0.843082 0.475338 0.755122 0.463191 0.744935 0.487485 0.765309 0.463191 0.744935 0.532484 0.631989 0.465489 0.561957 0.487485 0.765309 0.542455 0.642110 0.516281 0.545040
116 0.562290 0.844279 0.474847 0.755306 0.461850 0.745370 0.487845 0.765243 0.461850 0.745370 0.527126 0.630068 0.459443 0.591749 0.487845 0.765243 0.549325 0.651430 0.515152 0.544843
117 0.560680 0.845861 0.474519 0.754257 0.461292 0.743474 0.487746 0.765040 0.461292 0.743474 0.523560 0.619528 0.454985 0.612547 0.487746 0.765040 0.546273 0.658811 0.513378 0.547829
118 0.558225 0.843132 0.473995 0.752933 0.460538 0.740676 0.487452 0.765189 0.460538 0.740676 0.516055 0.612804 0.450376 0.635619 0.487452 0.765189 0.544389 0.677287 0.506871 0.584605
119 0.558130 0.838023 0.470844 0.751926 0.459761 0.738037 0.481927 0.765815 0.459761 0.738037 0.511866 0.611628 0.446872 0.661687 0.481927 0.765815 0.528084 0.678551 0.471572 0.650358
120 0.557381 0.835163 0.468043 0.746756 0.459324 0.730045 0.476761 0.763467 0.459324 0.730045 0.510723 0.612051 0.439901 0.685377 0.476761 0.763467 0.500259 0.689882 0.445294 0.704181
121 -1 -1 -1 -1 -1 -1 -1 -1 -1 -1 -1 -1 -1 -1 -1 -1 -1 -1 -1 -1
122 -1 -1 -1 -1 -1 -1 -1 -1 -1 -1 -1 -1 -1 -1 -1 -1 -1 -1 -1 -1
123 -1 -1 -1 -1 -1 -1 -1 -1 -1 -1 -1 -1 -1 -1 -1 -1 -1 -1 -1 -1
124 -1 -1 -1 -1 -1 -1 -1 -1 -1 -1 -1 -1 -1 -1 -1 -1 -1 -1 -1 -1
125 -1 -1 -1 -1 -1 -1 -1 -1 -1 -1 -1 -1 -1 -1 -1 -1 -1 -1 -1 -1
126 -1 -1 -1 -1 -1 -1 -1 -1 -1 -1 -1 -1 -1 -1 -1 -1 -1 -1 -1 -1
127 -1 -1 -1 -1 -1 -1 -1 -1 -1 -1 -1 -1 -1 -1 -1 -1 -1 -1 -1 -1
128 -1 -1 -1 -1 -1 -1 -1 -1 -1 -1 -1 -1 -1 -1 -1 -1 -1 -1 -1 -1
129 -1 -1 -1 -1 -1 -1 -1 -1 -1 -1 -1 -1 -1 -1 -1 -1 -1 -1 -1 -1
130 -1 -1 -1 -1 -1 -1 -1 -1 -1 -1 -1 -1 -1 -1 -1 -1 -1 -1 -1 -1
131 -1 -1 -1 -1 -1 -1 -1 -1 -1 -1 -1 -1 -1 -1 -1 -1 -1 -1 -1 -1
132 -1 -1 -1 -1 -1 -1 -1 -1 -1 -1 -1 -1 -1 -1 -1 -1 -1 -1 -1 -1
133 -1 -1 -1 -1 -1 -1 -1 -1 -1 -1 -1 -1 -1 -1 -1 -1 -1 -1 -1 -1
134 -1 -1 -1 -1 -1 -1 -1 -1 -1 -1 -1 -1 -1 -1 -1 -1 -1 -1 -1 -1
135 -1 -1 -1 -1 -1 -1 -1 -1 -1 -1 -1 -1 -1 -1 -1 -1 -1 -1 -1 -1
136 -1 -1 -1 -1 -1 -1 -1 -1 -1 -1 -1 -1 -1 -1 -1 -1 -1 -1 -1 -1
137 -1 -1 -1 -1 -1 -1 -1 -1 -1 -1 -1 -1 -1 -1 -1 -1 -1 -1 -1 -1
138 -1 -1 -1 -1 -1 -1 -1 -1 -1 -1 -1 -1 -1 -1 -1 -1 -1 -1 -1 -1
139 -1 -1 -1 -1 -1 -1 -1 -1 -1 -1 -1 -1 -1 -1 -1 -1 -1 -1 -1 -1
140 -1 -1 -1 -1 -1 -1 -1 -1 -1 -1 -1 -1 -1 -1 -1 -1 -1 -1 -1 -1
141 -1 -1 -1 -1 -1 -1 -1 -1 -1 -1 -1 -1 -1 -1 -1 -1 -1 -1 -1 -1
142 -1 -1 -1 -1 -1 -1 -1 -1 -1 -1 -1 -1 -1 -1 -1 -1 -1 -1 -1 -1
143 -1 -1 -1 -1 -1 -1 -1 -1 -1 -1 -1 -1 -1 -1 -1 -1 -1 -1 -1 -1
144 -1 -1 -1 -1 -1 -1 -1 -1 -1 -1 -1 -1 -1 -1 -1 -1 -1 -1 -1 -1
145 -1 -1 -1 -1 -1 -1 -1 -1 -1 -1 -1 -1 -1 -1 -1 -1 -1 -1 -1 -1
146 -1 -1 -1 -1 -1 -1 -1 -1 -1 -1 -1 -1 -1 -1 -1 -1 -1 -1 -1 -1
147 -1 -1 -1 -1 -1 -1 -1 -1 -1 -1 -1 -1 -1 -1 -1 -1 -1 -1 -1 -1
148 -1 -1 -1 -1 -1 -1 -1 -1 -1 -1 -1 -1 -1 -1 -1 -1 -1 -1 -1 -1
149 -1 -1 -1 -1 -1 -1 -1 -1 -1 -1 -1 -1 -1 -1 -1 -1 -1 -1 -1 -1
150 -1 -1 -1 -1 -1 -1 -1 -1 -1 -1 -1 -1 -1 -1 -1 -1 -1 -1 -1 -1
151 -1 -1 -1 -1 -1 -1 -1 -1 -1 -1 -1 -1 -1 -1 -1 -1 -1 -1 -1 -1
152 -1 -1 -1 -1 -1 -1 -1 -1 -1 -1 -1 -1 -1 -1 -1 -1 -1 -1 -1 -1
153 -1 -1 -1 -1 -1 -1 -1 -1 -1 -1 -1 -1 -1 -1 -1 -1 -1 -1 -1 -1
154 -1 -1 -1 -1 -1 -1 -1 -1 -1 -1 -1 -1 -1 -1 -1 -1 -1 -1 -1 -1
155 -1 -1 -1 -1 -1 -1 -1 -1 -1 -1 -1 -1 -1 -1 -1 -1 -1 -1 -1 -1
156 -1 -1 -1 -1 -1 -1 -1 -1 -1 -1 -1 -1 -1 -1 -1 -1 -1 -1 -1 -1
157 -1 -1 -1 -1 -1 -1 -1 -1 -1 -1 -1 -1 -1 -1 -1 -1 -1 -1 -1 -1
158 -1 -1 -1 -1 -1 -1 -1 -1 -1 -1 -1 -1 -1 -1 -1 -1 -1 -1 -1 -1
159 -1 -1 -1 -1 -1 -1 -1 -1 -1 -1 -1 -1 -1 -1 -1 -1 -1 -1 -1 -1
160 -1 -1 -1 -1 -1 -1 -1 -1 -1 -1 -1 -1 -1 -1 -1 -1 -1 -1 -1 -1
161 -1 -1 -1 -1 -1 -1 -1 -1 -1 -1 -1 -1 -1 -1 -1 -1 -1 -1 -1 -1
162 -1 -1 -1 -1 -1 -1 -1 -1 -1 -1 -1 -1 -1 -1 -1 -1 -1 -1 -1 -1
163 -1 -1 -1 -1 -1 -1 -1 -1 -1 -1 -1 -1 -1 -1 -1 -1 -1 -1 -1 -1
164 -1 -1 -1 -1 -1 -1 -1 -1 -1 -1 -1 -1 -1 -1 -1 -1 -1 -1 -1 -1
165 -1 -1 -1 -1 -1 -1 -1 -1 -1 -1 -1 -1 -1 -1 -1 -1 -1 -1 -1 -1
166 -1 -1 -1 -1 -1 -1 -1 -1 -1 -1 -1 -1 -1 -1 -1 -1 -1 -1 -1 -1
167 -1 -1 -1 -1 -1 -1 -1 -1 -1 -1 -1 -1 -1 -1 -1 -1 -1 -1 -1 -1
168 -1 -1 -1 -1 -1 -1 -1 -1 -1 -1 -1 -1 -1 -1 -1 -1 -1 -1 -1 -1
169 -1 -1 -1 -1 -1 -1 -1 -1 -1 -1 -1 -1 -1 -1 -1 -1 -1 -1 -1 -1
170 -1 -1 -1 -1 -1 -1 -1 -1 -1 -1 -1 -1 -1 -1 -1 -1 -1 -1 -1 -1
171 -1 -1 -1 -1 -1 -1 -1 -1 -1 -1 -1 -1 -1 -1 -1 -1 -1 -1 -1 -1
172 -1 -1 -1 -1 -1 -1 -1 -1 -1 -1 -1 -1 -1 -1 -1 -1 -1 -1 -1 -1
173 -1 -1 -1 -1 -1 -1 -1 -1 -1 -1 -1 -1 -1 -1 -1 -1 -1 -1 -1 -1
174 -1 -1 -1 -1 -1 -1 -1 -1 -1 -1 -1 -1 -1 -1 -1 -1 -1 -1 -1 -1
175 -1 -1 -1 -1 -1 -1 -1 -1 -1 -1 -1 -1 -1 -1 -1 -1 -1 -1 -1 -1
176 -1 -1 -1 -1 -1 -1 -1 -1 -1 -1 -1 -1 -1 -1 -1 -1 -1 -1 -1 -1
177 -1 -1 -1 -1 -1 -1 -1 -1 -1 -1 -1 -1 -1 -1 -1 -1 -1 -1 -1 -1
178 -1 -1 -1 -1 -1 -1 -1 -1 -1 -1 -1 -1 -1 -1 -1 -1 -1 -1 -1 -1
179 -1 -1 -1 -1 -1 -1 -1 -1 -1 -1 -1 -1 -1 -1 -1 -1 -1 -1 -1 -1
180 -1 -1 -1 -1 -1 -1 -1 -1 -1 -1 -1 -1 -1 -1 -1 -1 -1 -1 -1 -1
181 -1 -1 -1 -1 -1 -1 -1 -1 -1 -1 -1 -1 -1 -1 -1 -1 -1 -1 -1 -1
182 -1 -1 -1 -1 -1 -1 -1 -1 -1 -1 -1 -1 -1 -1 -1 -1 -1 -1 -1 -1
183 -1 -1 -1 -1 -1 -1 -1 -1 -1 -1 -1 -1 -1 -1 -1 -1 -1 -1 -1 -1
184 -1 -1 -1 -1 -1 -1 -1 -1 -1 -1 -1 -1 -1 -1 -1 -1 -1 -1 -1 -1
185 -1 -1 -1 -1 -1 -1 -1 -1 -1 -1 -1 -1 -1 -1 -1 -1 -1 -1 -1 -1
186 -1 -1 -1 -1 -1 -1 -1 -1 -1 -1 -1 -1 -1 -1 -1 -1 -1 -1 -1 -1
187 -1 -1 -1 -1 -1 -1 -1 -1 -1 -1 -1 -1 -1 -1 -1 -1 -1 -1 -1 -1
188 -1 -1 -1 -1 -1 -1 -1 -1 -1 -1 -1 -1 -1 -1 -1 -1 -1 -1 -1 -1
189 -1 -1 -1 -1 -1 -1 -1 -1 -1 -1 -1 -1 -1 -1 -1 -1 -1 -1 -1 -1
190 -1 -1 -1 -1 -1 -1 -1 -1 -1 -1 -1 -1 -1 -1 -1 -1 -1 -1 -1 -1
191 -1 -1 -1 -1 -1 -1 -1 -1 -1 -1 -1 -1 -1 -1 -1 -1 -1 -1 -1 -1
192 -1 -1 -1 -1 -1 -1 -1 -1 -1 -1 -1 -1 -1 -1 -1 -1 -1 -1 -1 -1
193 -1 -1 -1 -1 -1 -1 -1 -1 -1 -1 -1 -1 -1 -1 -1 -1 -1 -1 -1 -1
194 -1 -1 -1 -1 -1 -1 -1 -1 -1 -1 -1 -1 -1 -1 -1 -1 -1 -1 -1 -1
195 -1 -1 -1 -1 -1 -1 -1 -1 -1 -1 -1 -1 -1 -1 -1 -1 -1 -1 -1 -1
196 -1 -1 -1 -1 -1 -1 -1 -1 -1 -1 -1 -1 -1 -1 -1 -1 -1 -1 -1 -1
197 -1 -1 -1 -1 -1 -1 -1 -1 -1 -1 -1 -1 -1 -1 -1 -1 -1 -1 -1 -1
198 -1 -1 -1 -1 -1 -1 -1 -1 -1 -1 -1 -1 -1 -1 -1 -1 -1 -1 -1 -1
199 -1 -1 -1 -1 -1 -1 -1 -1 -1 -1 -1 -1 -1 -1 -1 -1 -1 -1 -1 -1
200 -1 -1 -1 -1 -1 -1 -1 -1 -1 -1 -1 -1 -1 -1 -1 -1 -1 -1 -1 -1
201 -1 -1 -1 -1 -1 -1 -1 -1 -1 -1 -1 -1 -1 -1 -1 -1 -1 -1 -1 -1
202 -1 -1 -1 -1 -1 -1 -1 -1 -1 -1 -1 -1 -1 -1 -1 -1 -1 -1 -1 -1
203 -1 -1 -1 -1 -1 -1 -1 -1 -1 -1 -1 -1 -1 -1 -1 -1 -1 -1 -1 -1
204 -1 -1 -1 -1 -1 -1 -1 -1 -1 -1 -1 -1 -1 -1 -1 -1 -1 -1 -1 -1
205 -1 -1 -1 -1 -1 -1 -1 -1 -1 -1 -1 -1 -1 -1 -1 -1 -1 -1 -1 -1
