209
244
0 -1 -1 -1 -1 -1 -1 -1 -1 -1 -1 -1 -1 -1 -1 -1 -1 -1 -1 -1 -1
1 -1 -1 -1 -1 -1 -1 -1 -1 -1 -1 -1 -1 -1 -1 -1 -1 -1 -1 -1 -1
2 -1 -1 -1 -1 -1 -1 -1 -1 -1 -1 -1 -1 -1 -1 -1 -1 -1 -1 -1 -1
3 -1 -1 -1 -1 -1 -1 -1 -1 -1 -1 -1 -1 -1 -1 -1 -1 -1 -1 -1 -1
4 -1 -1 -1 -1 -1 -1 -1 -1 -1 -1 -1 -1 -1 -1 -1 -1 -1 -1 -1 -1
5 0.405802 0.359019 0.416620 0.462964 0.434482 0.459605 0.398758 0.466324 0.434482 0.459605 0.466768 0.402023 0.406312 0.457403 0.398758 0.466324 0.419725 0.471662 0.427234 0.595483
6 0.405760 0.359094 0.416572 0.462388 0.434442 0.458746 0.398701 0.466031 0.434442 0.458746 0.466872 0.402242 0.409194 0.457816 0.398701 0.466031 0.415960 0.476176 0.427204 0.595624
7 0.405749 0.359141 0.416627 0.462130 0.434554 0.458363 0.398700 0.465898 0.434554 0.458363 0.467245 0.402359 0.410688 0.457105 0.398700 0.465898 0.414620 0.475075 0.427178 0.595691
8 0.405741 0.359189 0.416596 0.461955 0.434521 0.458080 0.398670 0.465830 0.434521 0.458080 0.467239 0.402755 0.411253 0.459672 0.398670 0.465830 0.414893 0.482733 0.427149 0.597673
9 0.405653 0.359229 0.416795 0.461788 0.434776 0.457777 0.398815 0.465799 0.434776 0.457777 0.467311 0.402829 0.411653 0.460944 0.398815 0.465799 0.415141 0.484590 0.427153 0.598395
10 0.405575 0.359213 0.416833 0.461747 0.434857 0.457720 0.398808 0.465774 0.434857 0.457720 0.467309 0.402943 0.412086 0.461467 0.398808 0.465774 0.415065 0.482914 0.427150 0.599282
11 0.405612 0.359156 0.417050 0.461648 0.435254 0.457610 0.398846 0.465686 0.435254 0.457610 0.467312 0.402830 0.412052 0.461064 0.398846 0.465686 0.414999 0.481809 0.427169 0.599236
12 0.405620 0.359081 0.417137 0.461512 0.435423 0.457490 0.398851 0.465534 0.435423 0.457490 0.467283 0.402817 0.412306 0.460700 0.398851 0.465534 0.414183 0.483377 0.427176 0.599468
13 0.405658 0.359065 0.417314 0.461476 0.435635 0.457424 0.398993 0.465527 0.435635 0.457424 0.467368 0.402462 0.412869 0.460346 0.398993 0.465527 0.413175 0.482416 0.427182 0.599587
14 0.405827 0.359091 0.417400 0.461457 0.435785 0.457389 0.399016 0.465524 0.435785 0.457389 0.467460 0.402251 0.413201 0.459991 0.399016 0.465524 0.412975 0.483635 0.427182 0.600263
15 0.405949 0.359096 0.417530 0.461342 0.435980 0.457300 0.399080 0.465385 0.435980 0.457300 0.467503 0.402175 0.413289 0.459751 0.399080 0.465385 0.412783 0.483146 0.427186 0.600224
16 0.406022 0.359103 0.417608 0.461256 0.436070 0.457227 0.399145 0.465286 0.436070 0.457227 0.467642 0.401973 0.413532 0.459965 0.399145 0.465286 0.413062 0.482722 0.427187 0.600193
17 0.406164 0.359113 0.417821 0.461243 0.436334 0.457204 0.399308 0.465281 0.436334 0.457204 0.467780 0.401894 0.414164 0.460272 0.399308 0.465281 0.412728 0.482685 0.427198 0.600259
18 0.406228 0.359106 0.417823 0.461115 0.436339 0.457075 0.399306 0.465156 0.436339 0.457075 0.467878 0.401887 0.414150 0.460490 0.399306 0.465156 0.412481 0.482195 0.427196 0.600259
19 0.406328 0.359108 0.417837 0.461117 0.436370 0.457081 0.399304 0.465153 0.436370 0.457081 0.468038 0.401877 0.413960 0.459929 0.399304 0.465153 0.412419 0.481633 0.427192 0.600210
20 0.406411 0.359064 0.417827 0.461086 0.436362 0.457084 0.399293 0.465088 0.436362 0.457084 0.468340 0.401872 0.414060 0.459352 0.399293 0.465088 0.419344 0.471317 0.427169 0.598498
21 0.406540 0.359065 0.417823 0.461085 0.436360 0.457085 0.399286 0.465085 0.436360 0.457085 0.468415 0.401875 0.414091 0.459211 0.399286 0.465085 0.417384 0.472497 0.427167 0.598118
22 0.406598 0.359015 0.417794 0.461109 0.436354 0.457179 0.399233 0.465038 0.436354 0.457179 0.468545 0.401917 0.414099 0.456938 0.399233 0.465038 0.413056 0.472482 0.427098 0.596777
23 0.406606 0.359002 0.417555 0.461061 0.436158 0.457171 0.398951 0.464951 0.436158 0.457171 0.468630 0.402171 0.412101 0.457531 0.398951 0.464951 0.413099 0.472533 0.427042 0.596295
24 0.406617 0.359018 0.417457 0.461120 0.436067 0.457276 0.398847 0.464964 0.436067 0.457276 0.468736 0.402269 0.411093 0.457170 0.398847 0.464964 0.411165 0.472004 0.426911 0.596355
25 0.406638 0.359014 0.417444 0.461243 0.436060 0.457487 0.398828 0.464999 0.436060 0.457487 0.469115 0.402260 0.411289 0.456055 0.398828 0.464999 0.411348 0.471774 0.426888 0.596356
26 0.406658 0.358978 0.417386 0.461394 0.435979 0.457582 0.398793 0.465206 0.435979 0.457582 0.469323 0.402226 0.411453 0.456625 0.398793 0.465206 0.411408 0.471903 0.426878 0.596369
27 0.406685 0.358955 0.417286 0.461517 0.435818 0.457652 0.398754 0.465382 0.435818 0.457652 0.469441 0.402218 0.411547 0.457516 0.398754 0.465382 0.411444 0.472007 0.426865 0.596816
28 0.406696 0.358949 0.417200 0.461463 0.435700 0.457546 0.398700 0.465381 0.435700 0.457546 0.469583 0.402226 0.411492 0.457276 0.398700 0.465381 0.411467 0.472132 0.426841 0.596769
29 0.406702 0.358979 0.417193 0.461436 0.435689 0.457493 0.398697 0.465379 0.435689 0.457493 0.469637 0.402240 0.411547 0.456096 0.398697 0.465379 0.411502 0.472220 0.426742 0.596794
30 0.406685 0.359006 0.417044 0.461450 0.435483 0.457494 0.398604 0.465405 0.435483 0.457494 0.469734 0.402258 0.411784 0.454196 0.398604 0.465405 0.411750 0.472276 0.426700 0.596684
31 0.406668 0.359004 0.416990 0.461503 0.435389 0.457574 0.398591 0.465432 0.435389 0.457574 0.469745 0.402325 0.411829 0.456202 0.398591 0.465432 0.411934 0.472289 0.426632 0.596443
32 0.406763 0.359027 0.416984 0.461545 0.435388 0.457664 0.398580 0.465426 0.435388 0.457664 0.469750 0.402312 0.411870 0.459003 0.398580 0.465426 0.412802 0.475370 0.426595 0.597357
33 0.406781 0.358998 0.416694 0.461352 0.435116 0.457641 0.398272 0.465063 0.435116 0.457641 0.469741 0.402347 0.411870 0.460900 0.398272 0.465063 0.412928 0.475082 0.426533 0.597776
34 0.406783 0.358959 0.416517 0.461212 0.434868 0.457514 0.398167 0.464909 0.434868 0.457514 0.469715 0.402362 0.414446 0.460689 0.398167 0.464909 0.413936 0.480983 0.426512 0.598813
35 0.406785 0.358943 0.416446 0.461032 0.434744 0.457314 0.398148 0.464750 0.434744 0.457314 0.469682 0.402368 0.414599 0.460620 0.398148 0.464750 0.413976 0.480401 0.426496 0.598940
36 0.406796 0.358900 0.416414 0.460803 0.434697 0.457102 0.398131 0.464505 0.434697 0.457102 0.469620 0.402399 0.414272 0.460508 0.398131 0.464505 0.413976 0.479770 0.426480 0.599049
37 0.406798 0.358857 0.416299 0.460658 0.434560 0.456979 0.398039 0.464337 0.434560 0.456979 0.469503 0.402462 0.413660 0.460345 0.398039 0.464337 0.413968 0.479402 0.426431 0.599036
38 0.406803 0.358918 0.416299 0.460647 0.434561 0.456979 0.398038 0.464315 0.434561 0.456979 0.469485 0.402362 0.414071 0.460300 0.398038 0.464315 0.413833 0.479294 0.426399 0.598816
39 0.406805 0.358949 0.416333 0.460635 0.434622 0.456953 0.398044 0.464316 0.434622 0.456953 0.469406 0.402221 0.414049 0.459787 0.398044 0.464316 0.413721 0.479045 0.426367 0.598809
40 0.406826 0.358982 0.416412 0.460658 0.434734 0.456945 0.398091 0.464372 0.434734 0.456945 0.469342 0.402153 0.413927 0.459829 0.398091 0.464372 0.413721 0.478956 0.426347 0.598966
41 0.406816 0.358996 0.416415 0.460644 0.434740 0.456894 0.398090 0.464395 0.434740 0.456894 0.469006 0.402116 0.414359 0.459800 0.398090 0.464395 0.413739 0.478932 0.426344 0.599334
42 0.406811 0.359007 0.416416 0.460559 0.434772 0.456796 0.398061 0.464321 0.434772 0.456796 0.468814 0.401937 0.414127 0.459785 0.398061 0.464321 0.420056 0.475973 0.426341 0.599227
43 0.406808 0.359007 0.416462 0.460557 0.434812 0.456762 0.398112 0.464352 0.434812 0.456762 0.468490 0.401560 0.414917 0.461224 0.398112 0.464352 0.418733 0.479153 0.426340 0.599234
44 0.406799 0.358950 0.416034 0.460488 0.434370 0.456679 0.397698 0.464297 0.434370 0.456679 0.468154 0.400965 0.411442 0.461111 0.397698 0.464297 0.418326 0.480720 0.426312 0.599340
45 0.406815 0.359013 0.415968 0.460455 0.434296 0.456628 0.397640 0.464281 0.434296 0.456628 0.467084 0.399924 0.410830 0.461074 0.397640 0.464281 0.418087 0.480891 0.426281 0.599364
46 0.406836 0.359002 0.415972 0.460373 0.434300 0.456563 0.397643 0.464183 0.434300 0.456563 0.466613 0.398651 0.409371 0.460777 0.397643 0.464183 0.417491 0.479686 0.426284 0.599480
47 0.406833 0.358986 0.415551 0.459690 0.433950 0.456337 0.397152 0.463042 0.433950 0.456337 0.465231 0.396976 0.408612 0.460484 0.397152 0.463042 0.421203 0.477941 0.426269 0.599645
48 0.406860 0.359009 0.415534 0.459665 0.433930 0.456334 0.397139 0.462997 0.433930 0.456334 0.462667 0.393983 0.408482 0.459818 0.397139 0.462997 0.421611 0.481043 0.426271 0.600274
49 0.406977 0.359074 0.415557 0.459646 0.433970 0.456363 0.397144 0.462930 0.433970 0.456363 0.460174 0.392201 0.408697 0.457518 0.397144 0.462930 0.424318 0.480854 0.426270 0.600545
50 0.407144 0.359153 0.415565 0.458675 0.433981 0.456297 0.397149 0.461053 0.433981 0.456297 0.456693 0.392781 0.408969 0.457318 0.397149 0.461053 0.423009 0.478660 0.426307 0.600499
51 0.407450 0.359350 0.415698 0.458208 0.434139 0.456016 0.397257 0.460400 0.434139 0.456016 0.455303 0.393404 0.409124 0.469512 0.397257 0.460400 0.422257 0.479138 0.426360 0.600278
52 0.407804 0.359700 0.415806 0.458189 0.434248 0.455963 0.397364 0.460415 0.434248 0.455963 0.452168 0.400980 0.411112 0.474080 0.397364 0.460415 0.421852 0.477506 0.426359 0.599391
53 0.407937 0.360025 0.415785 0.457953 0.434196 0.455600 0.397375 0.460307 0.434196 0.455600 0.452539 0.393057 0.414092 0.473545 0.397375 0.460307 0.422471 0.475132 0.426344 0.599061
54 0.408134 0.360197 0.415901 0.457962 0.434256 0.455594 0.397547 0.460330 0.434256 0.455594 0.452584 0.390407 0.414421 0.470817 0.397547 0.460330 0.422355 0.473760 0.426343 0.598700
55 0.408252 0.360544 0.415931 0.458473 0.434320 0.456206 0.397543 0.460741 0.434320 0.456206 0.452456 0.390643 0.414281 0.465106 0.397543 0.460741 0.422104 0.473634 0.426340 0.598705
56 0.408199 0.360437 0.415857 0.458557 0.434137 0.456344 0.397578 0.460770 0.434137 0.456344 0.452741 0.389664 0.416670 0.433577 0.397578 0.460770 0.414887 0.473314 0.426345 0.598659
57 0.408286 0.360562 0.415732 0.458629 0.433922 0.456482 0.397541 0.460776 0.433922 0.456482 0.452879 0.388985 0.419203 0.439209 0.397541 0.460776 0.413598 0.473469 0.426357 0.598652
58 0.408110 0.360480 0.415216 0.458691 0.433133 0.456535 0.397300 0.460846 0.433133 0.456535 0.453259 0.388539 0.424422 0.437173 0.397300 0.460846 0.413925 0.476729 0.426363 0.599009
59 0.408158 0.360476 0.415161 0.458772 0.433024 0.456492 0.397298 0.461052 0.433024 0.456492 0.452921 0.385751 0.425104 0.439862 0.397298 0.461052 0.414192 0.480589 0.426416 0.599723
60 0.408264 0.360421 0.415154 0.458903 0.433015 0.456490 0.397294 0.461315 0.433015 0.456490 0.452803 0.385937 0.423414 0.446596 0.397294 0.461315 0.414114 0.481538 0.426358 0.599975
61 0.408310 0.360108 0.415106 0.459332 0.433031 0.456704 0.397181 0.461960 0.433031 0.456704 0.452926 0.390809 0.425470 0.452104 0.397181 0.461960 0.414101 0.487427 0.426358 0.601179
62 0.408239 0.359269 0.415048 0.459603 0.432973 0.456959 0.397123 0.462247 0.432973 0.456959 0.453057 0.390080 0.432283 0.456869 0.397123 0.462247 0.413420 0.486706 0.426265 0.601156
63 0.408181 0.359006 0.414660 0.459889 0.432631 0.457320 0.396690 0.462459 0.432631 0.457320 0.453125 0.390130 0.432350 0.460786 0.396690 0.462459 0.413384 0.488772 0.426171 0.601275
64 0.408204 0.358493 0.414383 0.460197 0.432465 0.457763 0.396301 0.462631 0.432465 0.457763 0.452987 0.390170 0.438644 0.464277 0.396301 0.462631 0.412633 0.491129 0.426047 0.601283
65 0.408104 0.356903 0.413850 0.460030 0.431749 0.457619 0.395951 0.462441 0.431749 0.457619 0.451313 0.390833 0.438767 0.470413 0.395951 0.462441 0.412435 0.492009 0.425716 0.601281
66 0.408195 0.355033 0.413854 0.458913 0.431748 0.456653 0.395960 0.461172 0.431748 0.456653 0.450194 0.394845 0.438501 0.474630 0.395960 0.461172 0.412374 0.494743 0.425179 0.601278
67 0.408260 0.353691 0.413578 0.457827 0.431233 0.455807 0.395924 0.459846 0.431233 0.455807 0.448704 0.395060 0.438003 0.478463 0.395924 0.459846 0.412456 0.491288 0.424666 0.601273
68 0.408453 0.352867 0.413598 0.457362 0.431239 0.455282 0.395957 0.459443 0.431239 0.455282 0.446512 0.394909 0.437295 0.489431 0.395957 0.459443 0.414385 0.488892 0.424470 0.601424
69 0.408721 0.352071 0.413876 0.457405 0.431655 0.455345 0.396098 0.459465 0.431655 0.455345 0.445643 0.401846 0.436920 0.492928 0.396098 0.459465 0.413969 0.488284 0.424433 0.600725
70 0.409084 0.351870 0.414394 0.457407 0.432532 0.455456 0.396256 0.459359 0.432532 0.455456 0.445326 0.403676 0.438838 0.495683 0.396256 0.459359 0.413850 0.487570 0.424008 0.600324
71 0.409129 0.351777 0.414480 0.455566 0.432568 0.453833 0.396393 0.457300 0.432568 0.453833 0.445902 0.409079 0.442990 0.502801 0.396393 0.457300 0.415828 0.492362 0.423719 0.600231
72 0.409390 0.351934 0.414440 0.453591 0.432579 0.452416 0.396300 0.454766 0.432579 0.452416 0.446123 0.492425 0.435765 0.526502 0.396300 0.454766 0.415868 0.497932 0.423579 0.600167
73 0.409399 0.351966 0.414128 0.451346 0.432552 0.449345 0.395703 0.453348 0.432552 0.449345 0.448191 0.492179 0.437177 0.529191 0.395703 0.453348 0.415792 0.503925 0.423358 0.599846
74 0.409600 0.351952 0.414606 0.451065 0.433635 0.449048 0.395578 0.453081 0.433635 0.449048 0.449884 0.507933 0.439793 0.536131 0.395578 0.453081 0.415330 0.502885 0.422535 0.600425
75 0.409696 0.351909 0.415803 0.451027 0.435742 0.448999 0.395865 0.453054 0.435742 0.448999 0.449679 0.512767 0.441960 0.540900 0.395865 0.453054 0.415136 0.503748 0.421748 0.600653
76 0.409768 0.351420 0.417729 0.450922 0.437882 0.448898 0.397576 0.452946 0.437882 0.448898 0.450653 0.509397 0.443516 0.556719 0.397576 0.452946 0.409266 0.491247 0.420650 0.599483
77 0.409819 0.350144 0.418408 0.450990 0.438212 0.448845 0.398605 0.453135 0.438212 0.448845 0.454909 0.467207 0.447527 0.551620 0.398605 0.453135 0.409805 0.483475 0.420335 0.594414
78 0.409568 0.349220 0.417927 0.450953 0.437931 0.448626 0.397922 0.453279 0.437931 0.448626 0.457292 0.459545 0.445709 0.568576 0.397922 0.453279 0.410296 0.483071 0.419962 0.593544
79 0.409487 0.348664 0.417006 0.451735 0.437253 0.448894 0.396759 0.454576 0.437253 0.448894 0.458925 0.456540 0.445087 0.570390 0.396759 0.454576 0.405146 0.476359 0.419115 0.593220
80 0.409449 0.348272 0.415937 0.452800 0.435574 0.449957 0.396300 0.455642 0.435574 0.449957 0.460196 0.459687 0.444621 0.580426 0.396300 0.455642 0.405825 0.479162 0.418416 0.593727
81 0.409321 0.348023 0.415213 0.454041 0.434520 0.451239 0.395907 0.456843 0.434520 0.451239 0.459922 0.461477 0.443443 0.578022 0.395907 0.456843 0.406121 0.479681 0.416199 0.592760
82 0.409222 0.347482 0.414257 0.455750 0.433212 0.453344 0.395302 0.458156 0.433212 0.453344 0.461221 0.465203 0.441818 0.577331 0.395302 0.458156 0.406744 0.480604 0.413901 0.590846
83 0.409016 0.347258 0.413386 0.457422 0.432314 0.455305 0.394458 0.459538 0.432314 0.455305 0.461578 0.468144 0.441781 0.575420 0.394458 0.459538 0.407034 0.481180 0.412392 0.587723
84 0.408975 0.346988 0.412702 0.458040 0.431476 0.456179 0.393928 0.459902 0.431476 0.456179 0.461858 0.470341 0.441769 0.575278 0.393928 0.459902 0.406439 0.481588 0.411005 0.586574
85 0.408765 0.346346 0.412205 0.458053 0.430875 0.456280 0.393535 0.459827 0.430875 0.456280 0.462583 0.470399 0.441751 0.573544 0.393535 0.459827 0.403754 0.481259 0.408111 0.584788
86 0.408544 0.345673 0.412253 0.457779 0.431034 0.456079 0.393473 0.459479 0.431034 0.456079 0.462156 0.485536 0.441192 0.573980 0.393473 0.459479 0.401938 0.481173 0.406577 0.581826
87 0.408350 0.345322 0.412264 0.457726 0.431076 0.456054 0.393453 0.459398 0.431076 0.456054 0.463239 0.487095 0.440747 0.573598 0.393453 0.459398 0.399801 0.476539 0.405006 0.577943
88 0.408031 0.345077 0.412295 0.457413 0.431128 0.455971 0.393461 0.458856 0.431128 0.455971 0.463114 0.488637 0.439895 0.574101 0.393461 0.458856 0.398851 0.477435 0.402794 0.578549
89 0.407049 0.344822 0.412175 0.457142 0.430932 0.455889 0.393418 0.458396 0.430932 0.455889 0.461791 0.487303 0.439169 0.575046 0.393418 0.458396 0.397028 0.477649 0.401151 0.579501
90 0.406018 0.344535 0.411931 0.457010 0.430585 0.455837 0.393277 0.458183 0.430585 0.455837 0.460373 0.487689 0.438693 0.575713 0.393277 0.458183 0.395166 0.478856 0.399721 0.579531
91 0.404891 0.343962 0.411815 0.457013 0.430420 0.455831 0.393210 0.458195 0.430420 0.455831 0.458345 0.488231 0.438748 0.576088 0.393210 0.458195 0.391472 0.483288 0.396860 0.580067
92 0.403603 0.343617 0.410846 0.457226 0.429182 0.456123 0.392510 0.458328 0.429182 0.456123 0.457355 0.487576 0.438096 0.575350 0.392510 0.458328 0.391223 0.489286 0.395032 0.581779
93 0.401738 0.343317 0.409868 0.457236 0.428179 0.456103 0.391556 0.458370 0.428179 0.456103 0.457019 0.489006 0.437496 0.575116 0.391556 0.458370 0.390998 0.494011 0.394156 0.581752
94 0.399829 0.343557 0.409399 0.457272 0.427804 0.456131 0.390994 0.458412 0.427804 0.456131 0.456311 0.489537 0.436540 0.574724 0.390994 0.458412 0.390226 0.493403 0.392214 0.579961
95 0.398593 0.344178 0.408983 0.457298 0.427618 0.456143 0.390348 0.458453 0.427618 0.456143 0.454291 0.488604 0.436560 0.574460 0.390348 0.458453 0.387764 0.491298 0.390827 0.579099
96 0.397107 0.345019 0.408670 0.457330 0.427511 0.456116 0.389829 0.458544 0.427511 0.456116 0.452945 0.488138 0.436745 0.574279 0.389829 0.458544 0.386016 0.489572 0.389744 0.577682
97 0.395667 0.346126 0.408562 0.457865 0.427627 0.456308 0.389497 0.459423 0.427627 0.456308 0.452912 0.489002 0.437519 0.574253 0.389497 0.459423 0.384979 0.484604 0.389871 0.575850
98 0.394139 0.347341 0.408464 0.457740 0.427782 0.456036 0.389145 0.459444 0.427782 0.456036 0.450937 0.488645 0.437855 0.574134 0.389145 0.459444 0.384455 0.483940 0.389060 0.576403
99 0.392089 0.348505 0.408218 0.457882 0.427860 0.456025 0.388576 0.459740 0.427860 0.456025 0.449523 0.488004 0.437319 0.574083 0.388576 0.459740 0.383370 0.482405 0.388979 0.576304
100 0.390441 0.349916 0.407810 0.458083 0.427840 0.455929 0.387781 0.460237 0.427840 0.455929 0.449763 0.487848 0.436794 0.573995 0.387781 0.460237 0.382889 0.481005 0.388925 0.575864
101 0.389118 0.350913 0.407369 0.457767 0.427876 0.455082 0.386862 0.460451 0.427876 0.455082 0.448550 0.487727 0.436771 0.574292 0.386862 0.460451 0.382571 0.481117 0.388620 0.575926
102 0.388256 0.352009 0.407029 0.456513 0.427899 0.452989 0.386159 0.460038 0.427899 0.452989 0.446758 0.484356 0.436804 0.574110 0.386159 0.460038 0.382999 0.481282 0.388507 0.576038
103 0.387898 0.352794 0.407192 0.454675 0.428068 0.450561 0.386316 0.458790 0.428068 0.450561 0.444807 0.481852 0.437092 0.572210 0.386316 0.458790 0.383119 0.481380 0.388874 0.576205
104 0.387297 0.354041 0.407357 0.453920 0.428229 0.449998 0.386485 0.457842 0.428229 0.449998 0.445134 0.482922 0.435770 0.573643 0.386485 0.457842 0.384114 0.484133 0.388665 0.576340
105 0.386960 0.355204 0.407608 0.452138 0.428614 0.448207 0.386603 0.456069 0.428614 0.448207 0.444950 0.483474 0.434661 0.574371 0.386603 0.456069 0.386299 0.485665 0.388877 0.576476
106 0.386745 0.356444 0.408497 0.450451 0.429820 0.446418 0.387174 0.454485 0.429820 0.446418 0.444284 0.486790 0.434769 0.575630 0.387174 0.454485 0.386523 0.488618 0.388994 0.576978
107 0.386554 0.356704 0.409037 0.445859 0.430383 0.441642 0.387690 0.450076 0.430383 0.441642 0.444568 0.490548 0.434866 0.577324 0.387690 0.450076 0.386681 0.495122 0.388581 0.578221
108 0.386829 0.357367 0.409571 0.444064 0.430878 0.440315 0.388264 0.447813 0.430878 0.440315 0.444897 0.493819 0.434889 0.578236 0.388264 0.447813 0.386732 0.501045 0.388087 0.578506
109 0.386998 0.358281 0.410780 0.439310 0.431888 0.435692 0.389672 0.442928 0.431888 0.435692 0.444502 0.492819 0.434938 0.578877 0.389672 0.442928 0.387294 0.499497 0.388114 0.578498
110 0.387179 0.359739 0.411924 0.433192 0.432686 0.429802 0.391162 0.436582 0.432686 0.429802 0.443090 0.491074 0.434798 0.581200 0.391162 0.436582 0.387377 0.497496 0.388196 0.578963
111 0.387301 0.360591 0.412804 0.430666 0.433598 0.427351 0.392011 0.433981 0.433598 0.427351 0.441586 0.488701 0.433258 0.581453 0.392011 0.433981 0.387356 0.497009 0.388257 0.579293
112 0.387396 0.361051 0.413494 0.426089 0.434179 0.421878 0.392808 0.430301 0.434179 0.421878 0.439626 0.483020 0.433193 0.581319 0.392808 0.430301 0.389530 0.491512 0.388731 0.579009
113 0.387821 0.360829 0.415257 0.425896 0.435733 0.422675 0.394781 0.429117 0.435733 0.422675 0.440391 0.483442 0.433273 0.580943 0.394781 0.429117 0.389729 0.489371 0.388723 0.579309
114 0.389183 0.360448 0.416914 0.422673 0.436898 0.420220 0.396930 0.425127 0.436898 0.420220 0.440575 0.483736 0.433353 0.580668 0.396930 0.425127 0.389803 0.488315 0.388271 0.579572
115 0.390807 0.359955 0.418353 0.421359 0.438245 0.419441 0.398462 0.423277 0.438245 0.419441 0.440554 0.483902 0.433433 0.580478 0.398462 0.423277 0.392930 0.485796 0.388294 0.579624
116 0.392650 0.358952 0.419923 0.416360 0.439615 0.414294 0.400231 0.418427 0.439615 0.414294 0.439804 0.484041 0.433543 0.581123 0.400231 0.418427 0.393059 0.481859 0.388303 0.579957
117 0.394620 0.358198 0.421357 0.412876 0.440808 0.411590 0.401905 0.414162 0.440808 0.411590 0.439783 0.482697 0.433625 0.580989 0.401905 0.414162 0.393000 0.477008 0.388321 0.579957
118 0.396705 0.356421 0.422864 0.410971 0.442518 0.409589 0.403210 0.412353 0.442518 0.409589 0.439587 0.482754 0.433645 0.580487 0.403210 0.412353 0.392773 0.477674 0.388306 0.579634
119 0.398292 0.354000 0.424427 0.409695 0.443936 0.409657 0.404919 0.409733 0.443936 0.409657 0.439765 0.483202 0.435364 0.580296 0.404919 0.409733 0.391656 0.478744 0.388331 0.579388
120 0.399217 0.352087 0.424914 0.408035 0.444399 0.408189 0.405428 0.407882 0.444399 0.408189 0.440184 0.483281 0.435823 0.580124 0.405428 0.407882 0.391631 0.479078 0.388512 0.580013
121 0.399783 0.348852 0.425796 0.405036 0.445298 0.405842 0.406294 0.404231 0.445298 0.405842 0.440660 0.485469 0.436803 0.580405 0.406294 0.404231 0.391113 0.480951 0.388645 0.581869
122 0.400374 0.345364 0.426801 0.401742 0.446267 0.402426 0.407335 0.401057 0.446267 0.402426 0.440809 0.485862 0.437073 0.581202 0.407335 0.401057 0.391093 0.481049 0.388654 0.582029
123 0.400779 0.340333 0.427667 0.401511 0.447327 0.403322 0.408008 0.399699 0.447327 0.403322 0.441053 0.487683 0.437038 0.583072 0.408008 0.399699 0.391080 0.481453 0.388610 0.582714
124 0.400991 0.336897 0.428250 0.398486 0.448364 0.400067 0.408137 0.396905 0.448364 0.400067 0.441176 0.487655 0.436960 0.582942 0.408137 0.396905 0.391201 0.481525 0.388411 0.582746
125 0.401388 0.332950 0.429297 0.397614 0.449882 0.399015 0.408713 0.396212 0.449882 0.399015 0.441909 0.487575 0.436746 0.583654 0.408713 0.396212 0.392027 0.481637 0.388392 0.582797
126 0.402310 0.327956 0.430435 0.393992 0.451282 0.395149 0.409588 0.392834 0.451282 0.395149 0.442397 0.485362 0.436472 0.583578 0.409588 0.392834 0.392717 0.481281 0.388394 0.582668
127 0.403200 0.322976 0.431296 0.389340 0.452182 0.390735 0.410411 0.387945 0.452182 0.390735 0.443106 0.480074 0.436147 0.583314 0.410411 0.387945 0.392778 0.476667 0.388397 0.581259
128 0.403818 0.319055 0.432758 0.390834 0.453299 0.392259 0.412218 0.389409 0.453299 0.392259 0.443154 0.479916 0.436436 0.583210 0.412218 0.389409 0.393663 0.477547 0.388217 0.581256
129 0.404603 0.315280 0.433083 0.385173 0.453752 0.384524 0.412413 0.385823 0.453752 0.384524 0.444340 0.474760 0.437141 0.582076 0.412413 0.385823 0.394663 0.475891 0.387928 0.580806
130 0.405107 0.309965 0.433315 0.383963 0.454462 0.383471 0.412169 0.384455 0.454462 0.383471 0.445653 0.473962 0.437379 0.581680 0.412169 0.384455 0.394949 0.474521 0.387614 0.580518
131 0.406781 0.303578 0.433922 0.380737 0.455279 0.380960 0.412565 0.380513 0.455279 0.380960 0.446312 0.473715 0.437493 0.581673 0.412565 0.380513 0.395012 0.473236 0.387622 0.580486
132 0.408727 0.297888 0.434554 0.375678 0.455547 0.375670 0.413562 0.375686 0.455547 0.375670 0.446970 0.470662 0.438233 0.581401 0.413562 0.375686 0.395349 0.470908 0.387627 0.580087
133 0.410157 0.291569 0.435441 0.373758 0.456129 0.374298 0.414753 0.373218 0.456129 0.374298 0.447225 0.466542 0.438278 0.579057 0.414753 0.373218 0.396347 0.468566 0.387565 0.580095
134 0.411819 0.285600 0.435959 0.370920 0.456711 0.371522 0.415206 0.370318 0.456711 0.371522 0.448004 0.464785 0.438321 0.577370 0.415206 0.370318 0.396715 0.466635 0.387440 0.579351
135 0.414013 0.280095 0.436369 0.369668 0.457149 0.370444 0.415590 0.368892 0.457149 0.370444 0.448801 0.465767 0.438741 0.574339 0.415590 0.368892 0.397471 0.466800 0.387444 0.579186
136 0.416377 0.275221 0.437355 0.367555 0.457998 0.368103 0.416712 0.367007 0.457998 0.368103 0.448933 0.464624 0.446336 0.574913 0.416712 0.367007 0.397789 0.466600 0.387445 0.578931
137 0.418504 0.267648 0.438331 0.368285 0.458798 0.369017 0.417865 0.367553 0.458798 0.369017 0.448992 0.465761 0.444268 0.575044 0.417865 0.367553 0.397968 0.467145 0.387434 0.578495
138 0.419970 0.260563 0.439050 0.368573 0.459413 0.369019 0.418687 0.368128 0.459413 0.369019 0.449552 0.466379 0.443925 0.575345 0.418687 0.368128 0.398138 0.467658 0.387440 0.577965
139 0.421928 0.254228 0.439307 0.366533 0.459491 0.367394 0.419122 0.365672 0.459491 0.367394 0.450787 0.466548 0.443175 0.575547 0.419122 0.365672 0.399731 0.466645 0.387547 0.577049
140 0.424254 0.247761 0.439656 0.366033 0.459884 0.367096 0.419428 0.364970 0.459884 0.367096 0.452711 0.466678 0.442708 0.575123 0.419428 0.364970 0.400994 0.467037 0.388404 0.576129
141 0.426321 0.242638 0.439908 0.365087 0.460208 0.366253 0.419608 0.363920 0.460208 0.366253 0.453506 0.466658 0.442388 0.575322 0.419608 0.363920 0.401667 0.467098 0.389212 0.575689
142 0.428771 0.237798 0.439927 0.364057 0.460284 0.365501 0.419571 0.362614 0.460284 0.365501 0.453558 0.466850 0.442171 0.575043 0.419571 0.362614 0.401732 0.467250 0.389436 0.575569
143 0.431235 0.233578 0.440160 0.362520 0.460701 0.364247 0.419620 0.360793 0.460701 0.364247 0.453458 0.468711 0.441132 0.575391 0.419620 0.360793 0.402017 0.468467 0.389416 0.575581
144 0.433728 0.229040 0.440166 0.363181 0.460858 0.365025 0.419473 0.361337 0.460858 0.365025 0.453503 0.472680 0.439507 0.575635 0.419473 0.361337 0.401803 0.471431 0.389378 0.576276
145 0.436378 0.226203 0.440112 0.363622 0.460791 0.365606 0.419434 0.361637 0.460791 0.365606 0.453322 0.475430 0.437493 0.575808 0.419434 0.361637 0.401222 0.473287 0.389276 0.576295
146 0.438756 0.222419 0.440205 0.363434 0.461004 0.365839 0.419405 0.361029 0.461004 0.365839 0.453286 0.478414 0.437398 0.575579 0.419405 0.361029 0.401158 0.473852 0.390807 0.576354
147 0.440214 0.218240 0.440184 0.362954 0.461025 0.365684 0.419343 0.360223 0.461025 0.365684 0.453195 0.479150 0.438545 0.575994 0.419343 0.360223 0.400957 0.473725 0.393164 0.576413
148 0.441577 0.215482 0.440038 0.362309 0.460968 0.365231 0.419108 0.359387 0.460968 0.365231 0.453123 0.479507 0.440674 0.576159 0.419108 0.359387 0.400889 0.473581 0.393208 0.578118
149 0.443148 0.211915 0.439910 0.361579 0.460927 0.364704 0.418892 0.358454 0.460927 0.364704 0.453100 0.479511 0.441628 0.576703 0.418892 0.358454 0.400876 0.473242 0.393573 0.579605
150 0.444689 0.209665 0.439788 0.360844 0.460913 0.364227 0.418662 0.357461 0.460913 0.364227 0.452857 0.479109 0.441572 0.577065 0.418662 0.357461 0.400846 0.472404 0.393351 0.579783
151 0.446215 0.208078 0.439540 0.360305 0.460883 0.364073 0.418196 0.356537 0.460883 0.364073 0.452344 0.479058 0.441339 0.577343 0.418196 0.356537 0.400767 0.471976 0.393232 0.581528
152 0.446620 0.206217 0.439314 0.358380 0.460752 0.362090 0.417875 0.354671 0.460752 0.362090 0.451496 0.478977 0.440687 0.576589 0.417875 0.354671 0.400830 0.471643 0.393124 0.582230
153 0.446943 0.204411 0.438669 0.356680 0.460224 0.360320 0.417115 0.353041 0.460224 0.360320 0.450943 0.478791 0.440076 0.576495 0.417115 0.353041 0.401186 0.471602 0.393040 0.582779
154 0.447397 0.203221 0.438023 0.355616 0.459629 0.359237 0.416418 0.351996 0.459629 0.359237 0.450536 0.478410 0.438825 0.575102 0.416418 0.351996 0.401405 0.471280 0.393217 0.582794
155 0.447523 0.202819 0.437131 0.355675 0.459066 0.359342 0.415195 0.352008 0.459066 0.359342 0.450059 0.478374 0.438175 0.575030 0.415195 0.352008 0.401671 0.471251 0.394915 0.584647
156 0.447551 0.202668 0.436143 0.355348 0.458017 0.359268 0.414269 0.351429 0.458017 0.359268 0.449776 0.478340 0.437201 0.574756 0.414269 0.351429 0.403088 0.470648 0.397434 0.585091
157 0.447251 0.202637 0.435240 0.355511 0.456981 0.359356 0.413498 0.351667 0.456981 0.359356 0.449606 0.478420 0.436565 0.573531 0.413498 0.351667 0.403875 0.470907 0.398521 0.590317
158 0.446989 0.202727 0.434244 0.355682 0.455891 0.359455 0.412596 0.351909 0.455891 0.359455 0.449001 0.478950 0.436279 0.573118 0.412596 0.351909 0.404885 0.472131 0.400511 0.593060
159 0.446654 0.203156 0.433280 0.356558 0.454785 0.360128 0.411775 0.352989 0.454785 0.360128 0.448776 0.479466 0.436102 0.573196 0.411775 0.352989 0.406275 0.473463 0.402266 0.595393
160 0.445935 0.203704 0.432170 0.358317 0.453673 0.361723 0.410667 0.354910 0.453673 0.361723 0.448726 0.480767 0.436150 0.573223 0.410667 0.354910 0.407107 0.476540 0.403613 0.597765
161 0.443382 0.204169 0.431285 0.359594 0.452844 0.362730 0.409727 0.356457 0.452844 0.362730 0.448706 0.481849 0.435983 0.573371 0.409727 0.356457 0.407880 0.478702 0.405093 0.599283
162 0.440133 0.204398 0.430480 0.361019 0.451847 0.363670 0.409114 0.358369 0.451847 0.363670 0.448529 0.483229 0.436008 0.573929 0.409114 0.358369 0.408657 0.481710 0.405798 0.600398
163 0.436956 0.204733 0.429486 0.362089 0.450615 0.364625 0.408357 0.359554 0.450615 0.364625 0.448129 0.484579 0.435995 0.575566 0.408357 0.359554 0.408673 0.483588 0.405670 0.600722
164 0.433915 0.205066 0.428581 0.362770 0.449990 0.365089 0.407173 0.360450 0.449990 0.365089 0.447984 0.485244 0.436194 0.575954 0.407173 0.360450 0.408445 0.486245 0.405552 0.601587
165 0.430937 0.205793 0.427418 0.363976 0.449112 0.365851 0.405725 0.362102 0.449112 0.365851 0.447975 0.486335 0.436205 0.576250 0.405725 0.362102 0.408178 0.487722 0.405282 0.601081
166 0.428195 0.206006 0.426775 0.364631 0.448346 0.366187 0.405204 0.363075 0.448346 0.366187 0.448290 0.487323 0.436529 0.576315 0.405204 0.363075 0.407617 0.490205 0.405055 0.601428
167 0.425479 0.206354 0.426161 0.365530 0.447803 0.366646 0.404518 0.364413 0.447803 0.366646 0.449974 0.489442 0.436518 0.576445 0.404518 0.364413 0.406679 0.493317 0.404937 0.601110
168 0.423489 0.206639 0.425685 0.366204 0.447347 0.366871 0.404022 0.365537 0.447347 0.366871 0.451891 0.490879 0.436540 0.576896 0.404022 0.365537 0.405840 0.495233 0.404789 0.600815
169 0.421296 0.207294 0.425275 0.366324 0.446790 0.366857 0.403760 0.365792 0.446790 0.366857 0.452662 0.490524 0.436559 0.576914 0.403760 0.365792 0.404984 0.494439 0.404780 0.600093
170 0.419392 0.207710 0.425027 0.366871 0.446622 0.367085 0.403432 0.366657 0.446622 0.367085 0.453538 0.490885 0.436565 0.577354 0.403432 0.366657 0.403722 0.495061 0.404731 0.599991
171 0.418043 0.208717 0.424787 0.368346 0.446345 0.368197 0.403230 0.368494 0.446345 0.368197 0.453883 0.492155 0.436843 0.580698 0.403230 0.368494 0.402703 0.495205 0.404662 0.599819
172 0.417189 0.209646 0.424641 0.370589 0.446219 0.370215 0.403064 0.370964 0.446219 0.370215 0.454028 0.493814 0.437158 0.585715 0.403064 0.370964 0.401745 0.496008 0.404607 0.599780
173 0.417046 0.210082 0.424569 0.372323 0.446174 0.371833 0.402964 0.372814 0.446174 0.371833 0.454103 0.494953 0.438633 0.590770 0.402964 0.372814 0.401170 0.497241 0.404665 0.599697
174 0.417596 0.210699 0.424610 0.374830 0.446210 0.374547 0.403011 0.375113 0.446210 0.374547 0.454401 0.497434 0.439922 0.597004 0.403011 0.375113 0.400424 0.499741 0.404655 0.599888
175 0.417740 0.211508 0.424658 0.376616 0.446270 0.376511 0.403047 0.376721 0.446270 0.376511 0.455093 0.499949 0.442628 0.604597 0.403047 0.376721 0.399800 0.500687 0.404639 0.600492
176 0.418257 0.211693 0.424884 0.377810 0.446299 0.377540 0.403468 0.378079 0.446299 0.377540 0.456367 0.501195 0.445231 0.609329 0.403468 0.378079 0.399526 0.501641 0.404514 0.600819
177 0.418597 0.211956 0.425115 0.378267 0.446411 0.378000 0.403818 0.378534 0.446411 0.378000 0.456948 0.501945 0.447966 0.615632 0.403818 0.378534 0.399340 0.502198 0.404210 0.601680
178 0.419453 0.212426 0.425529 0.379691 0.446600 0.379410 0.404458 0.379972 0.446600 0.379410 0.457323 0.503399 0.449850 0.619905 0.404458 0.379972 0.399446 0.502708 0.403793 0.601770
179 0.422047 0.212796 0.426159 0.380777 0.447220 0.380449 0.405098 0.381105 0.447220 0.380449 0.457781 0.504318 0.452420 0.623802 0.405098 0.381105 0.400289 0.505077 0.403575 0.602553
180 0.425123 0.213615 0.427228 0.382493 0.448332 0.382237 0.406125 0.382748 0.448332 0.382237 0.458287 0.506733 0.453130 0.626169 0.406125 0.382748 0.400515 0.507644 0.403263 0.603583
181 0.428785 0.214293 0.428839 0.384629 0.450435 0.384802 0.407243 0.384456 0.450435 0.384802 0.458879 0.510923 0.453072 0.628325 0.407243 0.384456 0.401469 0.510707 0.403002 0.604692
182 0.432834 0.215794 0.430209 0.385456 0.452538 0.385890 0.407881 0.385021 0.452538 0.385890 0.459046 0.511132 0.452564 0.629974 0.407881 0.385021 0.402157 0.511599 0.402999 0.605547
183 0.437744 0.217036 0.431790 0.386945 0.454627 0.388087 0.408953 0.385802 0.454627 0.388087 0.459190 0.510811 0.451991 0.629039 0.408953 0.385802 0.403056 0.511111 0.403126 0.605631
184 0.442479 0.218022 0.433446 0.388349 0.456632 0.390016 0.410260 0.386682 0.456632 0.390016 0.459574 0.511775 0.451621 0.629038 0.410260 0.386682 0.403433 0.512788 0.403090 0.607890
185 0.446670 0.217916 0.436085 0.388428 0.459321 0.390331 0.412848 0.386525 0.459321 0.390331 0.460647 0.512656 0.451402 0.630602 0.412848 0.386525 0.404055 0.512015 0.403801 0.607644
186 0.451133 0.217261 0.439015 0.388088 0.462249 0.389999 0.415781 0.386177 0.462249 0.389999 0.462790 0.513108 0.451359 0.629585 0.415781 0.386177 0.404235 0.511698 0.404771 0.608263
187 0.456081 0.216839 0.442057 0.387534 0.465501 0.389497 0.418614 0.385570 0.465501 0.389497 0.466237 0.514027 0.451636 0.629538 0.418614 0.385570 0.404564 0.510720 0.405412 0.608589
188 0.460827 0.217447 0.444777 0.387737 0.468417 0.390017 0.421137 0.385458 0.468417 0.390017 0.468601 0.516462 0.451610 0.630175 0.421137 0.385458 0.405804 0.510044 0.405870 0.608594
189 0.465502 0.218439 0.447008 0.388046 0.470663 0.390811 0.423352 0.385281 0.470663 0.390811 0.469831 0.517617 0.451605 0.631675 0.423352 0.385281 0.408761 0.509813 0.406259 0.609036
190 0.469411 0.219804 0.448776 0.388239 0.471840 0.391221 0.425713 0.385257 0.471840 0.391221 0.470962 0.517495 0.451559 0.633191 0.425713 0.385257 0.411537 0.509486 0.406220 0.609058
191 0.472838 0.220849 0.450912 0.389741 0.473911 0.393672 0.427913 0.385809 0.473911 0.393672 0.472036 0.517566 0.451523 0.633155 0.427913 0.385809 0.413306 0.509339 0.406228 0.608910
192 0.476771 0.221670 0.452635 0.392128 0.475301 0.396682 0.429969 0.387575 0.475301 0.396682 0.472882 0.519896 0.451531 0.633529 0.429969 0.387575 0.415306 0.510379 0.406206 0.608857
193 0.480237 0.222720 0.454998 0.394287 0.477529 0.399146 0.432468 0.389428 0.477529 0.399146 0.473012 0.523203 0.451693 0.634967 0.432468 0.389428 0.417703 0.512802 0.406106 0.608842
194 0.483374 0.223637 0.456970 0.394976 0.479268 0.399736 0.434672 0.390216 0.479268 0.399736 0.473671 0.524666 0.451865 0.636029 0.434672 0.390216 0.420049 0.515012 0.406349 0.611253
195 0.486402 0.224837 0.458524 0.395035 0.480795 0.399882 0.436254 0.390189 0.480795 0.399882 0.474466 0.525310 0.451979 0.636661 0.436254 0.390189 0.422926 0.514882 0.407742 0.611256
196 0.489702 0.225932 0.460249 0.394843 0.482459 0.399692 0.438040 0.389994 0.482459 0.399692 0.475930 0.525889 0.452182 0.636569 0.438040 0.389994 0.425569 0.514945 0.409089 0.611929
197 0.493101 0.228205 0.461612 0.397329 0.483361 0.402606 0.439862 0.392052 0.483361 0.402606 0.476679 0.528534 0.452173 0.636301 0.439862 0.392052 0.427746 0.515634 0.409909 0.613247
198 0.495975 0.232370 0.463515 0.398079 0.483741 0.402954 0.443289 0.393204 0.483741 0.402954 0.476588 0.529403 0.452140 0.635984 0.443289 0.393204 0.431090 0.516130 0.410194 0.615609
199 0.500558 0.238765 0.465123 0.404365 0.483858 0.408896 0.446387 0.399833 0.483858 0.408896 0.476200 0.531828 0.452114 0.635914 0.446387 0.399833 0.433027 0.520628 0.410103 0.619854
200 0.504444 0.249078 0.466407 0.415822 0.483552 0.419682 0.449263 0.411963 0.483552 0.419682 0.476045 0.536412 0.452120 0.635784 0.449263 0.411963 0.433116 0.529821 0.409716 0.624689
201 0.510243 0.264176 0.464438 0.428086 0.480109 0.430643 0.448767 0.425528 0.480109 0.430643 0.477525 0.542718 0.453167 0.635628 0.448767 0.425528 0.431588 0.539574 0.407918 0.628527
202 0.517587 0.277936 0.464817 0.430068 0.479372 0.431848 0.450262 0.428287 0.479372 0.431848 0.478773 0.541002 0.459274 0.635722 0.450262 0.428287 0.431591 0.537844 0.406281 0.630782
203 0.527997 0.283767 0.463091 0.428202 0.472060 0.427135 0.454122 0.429269 0.472060 0.427135 0.475862 0.535273 0.461446 0.630951 0.454122 0.429269 0.441643 0.538703 0.407947 0.632913
204 0.532658 0.298078 0.459664 0.429528 0.464874 0.425333 0.454454 0.433723 0.464874 0.425333 0.472067 0.529538 0.461325 0.625124 0.454454 0.433723 0.446902 0.539832 0.407960 0.631768
205 0.539733 0.316453 0.462084 0.432194 0.469604 0.424939 0.454565 0.439448 0.469604 0.424939 0.468385 0.529119 0.460407 0.619438 0.454565 0.439448 0.455539 0.541385 0.410339 0.632713
206 0.544740 0.336813 0.465104 0.433535 0.476255 0.423909 0.453953 0.443160 0.476255 0.423909 0.510053 0.490062 0.486975 0.574887 0.453953 0.443160 0.459859 0.553059 0.410019 0.638335
207 0.558367 0.367504 0.474546 0.445872 0.490021 0.432291 0.459071 0.459452 0.490021 0.432291 0.557298 0.454845 0.521059 0.535659 0.459071 0.459452 0.463372 0.560045 0.410522 0.652970
208 0.569016 0.399477 0.475394 0.477196 0.488456 0.461451 0.462332 0.492942 0.488456 0.461451 0.534462 0.481416 0.496538 0.542413 0.462332 0.492942 0.458037 0.585446 0.406463 0.652432
209 0.581305 0.426027 0.470163 0.500531 0.473356 0.489242 0.466971 0.511819 0.473356 0.489242 0.470303 0.555571 0.413773 0.554751 0.466971 0.511819 0.461678 0.592095 0.401590 0.648738
210 0.591434 0.470906 0.469954 0.515402 0.473789 0.506085 0.466119 0.524719 0.473789 0.506085 0.455645 0.570899 0.390489 0.594465 0.466119 0.524719 0.462252 0.599529 0.390534 0.656335
211 -1 -1 -1 -1 -1 -1 -1 -1 -1 -1 -1 -1 -1 -1 -1 -1 -1 -1 -1 -1
212 -1 -1 -1 -1 -1 -1 -1 -1 -1 -1 -1 -1 -1 -1 -1 -1 -1 -1 -1 -1
213 -1 -1 -1 -1 -1 -1 -1 -1 -1 -1 -1 -1 -1 -1 -1 -1 -1 -1 -1 -1
214 0.632627 0.630268 0.495483 0.628436 0.496190 0.594328 0.494775 0.662543 0.496190 0.594328 0.429656 0.523959 0.365312 0.470478 0.494775 0.662543 0.451056 0.669513 0.383727 0.653196
215 0.644832 0.667112 0.514137 0.662562 0.517487 0.629409 0.510787 0.695715 0.517487 0.629409 0.440262 0.533059 0.376766 0.465646 0.510787 0.695715 0.453977 0.689496 0.382845 0.656497
216 0.650159 0.692673 0.518923 0.688634 0.523517 0.658961 0.514330 0.718308 0.523517 0.658961 0.465026 0.544226 0.385444 0.470760 0.514330 0.718308 0.456920 0.671987 0.381727 0.661093
217 0.655739 0.707763 0.520871 0.709882 0.525390 0.680218 0.516353 0.739545 0.525390 0.680218 0.483920 0.556560 0.396190 0.488656 0.516353 0.739545 0.457614 0.682315 0.382839 0.665744
218 0.662887 0.720487 0.524653 0.708674 0.529339 0.678766 0.519968 0.738582 0.529339 0.678766 0.504682 0.562276 0.425258 0.502648 0.519968 0.738582 0.472051 0.690636 0.394289 0.668992
219 0.670033 0.725734 0.526382 0.709856 0.530176 0.683301 0.522589 0.736411 0.530176 0.683301 0.517700 0.564743 0.425033 0.527519 0.522589 0.736411 0.481876 0.683338 0.400099 0.666837
220 0.675226 0.728445 0.531929 0.713470 0.534442 0.686963 0.529416 0.739976 0.534442 0.686963 0.524582 0.567204 0.434041 0.556662 0.529416 0.739976 0.489076 0.677024 0.410586 0.649978
221 0.678148 0.728114 0.534130 0.717878 0.536992 0.692546 0.531268 0.743211 0.536992 0.692546 0.529651 0.569629 0.433977 0.565655 0.531268 0.743211 0.498557 0.671044 0.419225 0.634272
222 0.680329 0.730974 0.537881 0.727472 0.540620 0.703025 0.535143 0.751918 0.540620 0.703025 0.536150 0.574433 0.441195 0.567218 0.535143 0.751918 0.506564 0.668817 0.429979 0.623049
223 0.683210 0.736202 0.542198 0.738093 0.544690 0.714724 0.539705 0.761461 0.544690 0.714724 0.538976 0.578457 0.443428 0.568768 0.539705 0.761461 0.514029 0.667602 0.438965 0.611027
224 0.685286 0.740180 0.543863 0.755308 0.544018 0.737579 0.543708 0.773037 0.544018 0.737579 0.541500 0.588913 0.440696 0.583023 0.543708 0.773037 0.524563 0.659646 0.442651 0.603196
225 0.685496 0.742599 0.545542 0.762213 0.543966 0.746760 0.547117 0.777666 0.543966 0.746760 0.543112 0.598225 0.440071 0.593711 0.547117 0.777666 0.537249 0.650845 0.446719 0.607424
226 0.685552 0.747493 0.544316 0.766472 0.542675 0.748069 0.545958 0.784875 0.542675 0.748069 0.543932 0.598323 0.439821 0.603135 0.545958 0.784875 0.528725 0.664615 0.448985 0.613387
227 0.684944 0.748240 0.542666 0.769492 0.540430 0.749030 0.544902 0.789954 0.540430 0.749030 0.543511 0.607688 0.439986 0.608049 0.544902 0.789954 0.532859 0.683211 0.452991 0.631667
228 0.684571 0.748296 0.541864 0.770605 0.539277 0.749056 0.544452 0.792154 0.539277 0.749056 0.543055 0.610780 0.438803 0.615543 0.544452 0.792154 0.532226 0.684691 0.448845 0.636598
229 0.684170 0.747230 0.541148 0.771309 0.538557 0.748237 0.543739 0.794382 0.538557 0.748237 0.544061 0.611496 0.440321 0.618856 0.543739 0.794382 0.528202 0.690395 0.448881 0.649232
230 0.683671 0.748203 0.540594 0.772810 0.538100 0.748407 0.543089 0.797212 0.538100 0.748407 0.544521 0.613725 0.442094 0.620910 0.543089 0.797212 0.524964 0.696379 0.447997 0.659759
231 0.683108 0.748814 0.540231 0.774964 0.537820 0.751413 0.542643 0.798515 0.537820 0.751413 0.543337 0.615224 0.441126 0.621672 0.542643 0.798515 0.523646 0.701401 0.446228 0.663668
232 0.682413 0.749658 0.539513 0.776211 0.536747 0.752517 0.542278 0.799904 0.536747 0.752517 0.542047 0.618312 0.439789 0.624736 0.542278 0.799904 0.522474 0.711720 0.445343 0.678331
233 0.681929 0.749325 0.539186 0.776109 0.536388 0.752127 0.541984 0.800091 0.536388 0.752127 0.540579 0.622752 0.437388 0.631325 0.541984 0.800091 0.515981 0.706436 0.444680 0.679176
234 0.681556 0.748877 0.538349 0.774520 0.534829 0.750394 0.541869 0.798645 0.534829 0.750394 0.538506 0.626652 0.437307 0.635518 0.541869 0.798645 0.507597 0.702047 0.441517 0.678542
235 -1 -1 -1 -1 -1 -1 -1 -1 -1 -1 -1 -1 -1 -1 -1 -1 -1 -1 -1 -1
236 -1 -1 -1 -1 -1 -1 -1 -1 -1 -1 -1 -1 -1 -1 -1 -1 -1 -1 -1 -1
237 -1 -1 -1 -1 -1 -1 -1 -1 -1 -1 -1 -1 -1 -1 -1 -1 -1 -1 -1 -1
238 -1 -1 -1 -1 -1 -1 -1 -1 -1 -1 -1 -1 -1 -1 -1 -1 -1 -1 -1 -1
239 -1 -1 -1 -1 -1 -1 -1 -1 -1 -1 -1 -1 -1 -1 -1 -1 -1 -1 -1 -1
240 -1 -1 -1 -1 -1 -1 -1 -1 -1 -1 -1 -1 -1 -1 -1 -1 -1 -1 -1 -1
241 -1 -1 -1 -1 -1 -1 -1 -1 -1 -1 -1 -1 -1 -1 -1 -1 -1 -1 -1 -1
242 -1 -1 -1 -1 -1 -1 -1 -1 -1 -1 -1 -1 -1 -1 -1 -1 -1 -1 -1 -1
243 -1 -1 -1 -1 -1 -1 -1 -1 -1 -1 -1 -1 -1 -1 -1 -1 -1 -1 -1 -1
244 -1 -1 -1 -1 -1 -1 -1 -1 -1 -1 -1 -1 -1 -1 -1 -1 -1 -1 -1 -1
245 -1 -1 -1 -1 -1 -1 -1 -1 -1 -1 -1 -1 -1 -1 -1 -1 -1 -1 -1 -1
246 -1 -1 -1 -1 -1 -1 -1 -1 -1 -1 -1 -1 -1 -1 -1 -1 -1 -1 -1 -1
247 -1 -1 -1 -1 -1 -1 -1 -1 -1 -1 -1 -1 -1 -1 -1 -1 -1 -1 -1 -1
248 -1 -1 -1 -1 -1 -1 -1 -1 -1 -1 -1 -1 -1 -1 -1 -1 -1 -1 -1 -1
249 -1 -1 -1 -1 -1 -1 -1 -1 -1 -1 -1 -1 -1 -1 -1 -1 -1 -1 -1 -1
250 -1 -1 -1 -1 -1 -1 -1 -1 -1 -1 -1 -1 -1 -1 -1 -1 -1 -1 -1 -1
251 -1 -1 -1 -1 -1 -1 -1 -1 -1 -1 -1 -1 -1 -1 -1 -1 -1 -1 -1 -1
252 -1 -1 -1 -1 -1 -1 -1 -1 -1 -1 -1 -1 -1 -1 -1 -1 -1 -1 -1 -1
253 -1 -1 -1 -1 -1 -1 -1 -1 -1 -1 -1 -1 -1 -1 -1 -1 -1 -1 -1 -1
254 -1 -1 -1 -1 -1 -1 -1 -1 -1 -1 -1 -1 -1 -1 -1 -1 -1 -1 -1 -1
255 -1 -1 -1 -1 -1 -1 -1 -1 -1 -1 -1 -1 -1 -1 -1 -1 -1 -1 -1 -1
256 -1 -1 -1 -1 -1 -1 -1 -1 -1 -1 -1 -1 -1 -1 -1 -1 -1 -1 -1 -1
257 -1 -1 -1 -1 -1 -1 -1 -1 -1 -1 -1 -1 -1 -1 -1 -1 -1 -1 -1 -1
258 -1 -1 -1 -1 -1 -1 -1 -1 -1 -1 -1 -1 -1 -1 -1 -1 -1 -1 -1 -1
259 -1 -1 -1 -1 -1 -1 -1 -1 -1 -1 -1 -1 -1 -1 -1 -1 -1 -1 -1 -1
260 -1 -1 -1 -1 -1 -1 -1 -1 -1 -1 -1 -1 -1 -1 -1 -1 -1 -1 -1 -1
261 -1 -1 -1 -1 -1 -1 -1 -1 -1 -1 -1 -1 -1 -1 -1 -1 -1 -1 -1 -1
262 -1 -1 -1 -1 -1 -1 -1 -1 -1 -1 -1 -1 -1 -1 -1 -1 -1 -1 -1 -1
263 -1 -1 -1 -1 -1 -1 -1 -1 -1 -1 -1 -1 -1 -1 -1 -1 -1 -1 -1 -1
264 -1 -1 -1 -1 -1 -1 -1 -1 -1 -1 -1 -1 -1 -1 -1 -1 -1 -1 -1 -1
265 0.698167 0.741126 0.555789 0.711422 0.557724 0.680634 0.553853 0.742210 0.557724 0.680634 0.504919 0.673694 0.425143 0.672426 0.553853 0.742210 0.500921 0.712273 0.429389 0.693993
266 0.698851 0.741083 0.557206 0.711397 0.559056 0.680748 0.555355 0.742046 0.559056 0.680748 0.505015 0.673530 0.425326 0.673963 0.555355 0.742046 0.501409 0.711690 0.430992 0.692905
267 0.699050 0.741221 0.558853 0.711897 0.560792 0.681115 0.556913 0.742679 0.560792 0.681115 0.507203 0.674022 0.426936 0.675314 0.556913 0.742679 0.502116 0.713671 0.432133 0.693866
268 0.699068 0.741453 0.559286 0.712096 0.560928 0.681171 0.557643 0.743021 0.560928 0.681171 0.507432 0.674864 0.426628 0.676859 0.557643 0.743021 0.503419 0.713584 0.433041 0.694285
269 0.699087 0.742031 0.558726 0.712846 0.560045 0.682408 0.557408 0.743283 0.560045 0.682408 0.508124 0.675346 0.428384 0.678415 0.557408 0.743283 0.505937 0.712964 0.435561 0.694040
270 0.699088 0.742560 0.558472 0.713459 0.559754 0.683462 0.557189 0.743455 0.559754 0.683462 0.508275 0.676103 0.430439 0.678849 0.557189 0.743455 0.505718 0.712496 0.436300 0.693327
271 0.698976 0.742984 0.558259 0.713774 0.559622 0.684115 0.556895 0.743433 0.559622 0.684115 0.508257 0.676112 0.430761 0.679152 0.556895 0.743433 0.504886 0.711860 0.436277 0.692615
272 0.698841 0.742965 0.558131 0.713880 0.559578 0.684226 0.556684 0.743534 0.559578 0.684226 0.504099 0.683884 0.431067 0.681130 0.556684 0.743534 0.501432 0.714270 0.435742 0.693068
273 0.698784 0.742465 0.558003 0.713959 0.559409 0.684392 0.556597 0.743527 0.559409 0.684392 0.504305 0.682726 0.424031 0.687433 0.556597 0.743527 0.501767 0.714757 0.439513 0.692755
274 0.698644 0.742471 0.557920 0.713942 0.559324 0.684419 0.556516 0.743466 0.559324 0.684419 0.504343 0.682021 0.423123 0.690924 0.556516 0.743466 0.503242 0.714748 0.443563 0.692530
275 0.698562 0.742326 0.557838 0.714050 0.559285 0.684600 0.556391 0.743499 0.559285 0.684600 0.506660 0.681617 0.427642 0.689516 0.556391 0.743499 0.506338 0.714743 0.448671 0.692737
276 0.698520 0.742067 0.557763 0.714217 0.559204 0.684868 0.556322 0.743566 0.559204 0.684868 0.507741 0.681363 0.430766 0.688775 0.556322 0.743566 0.507840 0.714734 0.450402 0.692813
277 0.698493 0.742055 0.557717 0.714948 0.559152 0.685567 0.556282 0.744329 0.559152 0.685567 0.508271 0.681148 0.433263 0.688180 0.556282 0.744329 0.508580 0.714878 0.451032 0.692914
278 0.698464 0.741963 0.557782 0.715793 0.559319 0.686484 0.556244 0.745102 0.559319 0.686484 0.508948 0.681057 0.427838 0.692656 0.556244 0.745102 0.509434 0.714923 0.451536 0.692837
279 0.698338 0.741977 0.557139 0.717057 0.558537 0.687925 0.555741 0.746190 0.558537 0.687925 0.509479 0.681467 0.430137 0.691636 0.555741 0.746190 0.509576 0.715413 0.451303 0.692945
280 0.698301 0.741973 0.556391 0.717474 0.557952 0.688262 0.554831 0.746685 0.557952 0.688262 0.510011 0.684926 0.429860 0.692447 0.554831 0.746685 0.509503 0.716530 0.446757 0.702313
281 0.698251 0.742225 0.555712 0.718264 0.557203 0.689308 0.554222 0.747219 0.557203 0.689308 0.510199 0.687964 0.429674 0.693653 0.554222 0.747219 0.509589 0.717817 0.445968 0.707759
282 0.698087 0.742557 0.554946 0.719026 0.556255 0.690251 0.553638 0.747801 0.556255 0.690251 0.510229 0.690023 0.431742 0.693798 0.553638 0.747801 0.509598 0.718290 0.445662 0.709083
283 0.698014 0.742682 0.554404 0.719766 0.555724 0.690845 0.553085 0.748688 0.555724 0.690845 0.510576 0.690307 0.432884 0.693681 0.553085 0.748688 0.509756 0.719329 0.445568 0.710155
284 0.697502 0.742733 0.552864 0.720580 0.554208 0.691834 0.551520 0.749326 0.554208 0.691834 0.510564 0.691309 0.432734 0.693808 0.551520 0.749326 0.510372 0.720398 0.446529 0.713024
285 0.697256 0.742697 0.552557 0.720980 0.553801 0.692256 0.551314 0.749704 0.553801 0.692256 0.509955 0.691655 0.432654 0.693647 0.551314 0.749704 0.510385 0.722222 0.446642 0.715627
286 0.696994 0.742700 0.552308 0.721322 0.553572 0.692840 0.551044 0.749803 0.553572 0.692840 0.509878 0.691789 0.432832 0.693498 0.551044 0.749803 0.510443 0.723231 0.446867 0.716321
287 0.696702 0.742765 0.551696 0.721422 0.552966 0.693053 0.550426 0.749792 0.552966 0.693053 0.509614 0.691716 0.433240 0.693429 0.550426 0.749792 0.510228 0.723685 0.446612 0.716564
288 0.696340 0.742929 0.551512 0.721884 0.552653 0.693616 0.550370 0.750152 0.552653 0.693616 0.509324 0.691541 0.433295 0.693310 0.550370 0.750152 0.510201 0.724177 0.446562 0.716994
289 0.696206 0.743141 0.551492 0.722004 0.552651 0.693835 0.550332 0.750173 0.552651 0.693835 0.505925 0.691659 0.433058 0.693233 0.550332 0.750173 0.509182 0.724157 0.444969 0.716260
290 0.696174 0.743264 0.551486 0.722123 0.552638 0.694079 0.550335 0.750168 0.552638 0.694079 0.506089 0.691826 0.428989 0.694425 0.550335 0.750168 0.509049 0.724143 0.444633 0.715765
291 0.696201 0.743328 0.551987 0.722175 0.553135 0.694173 0.550839 0.750177 0.553135 0.694173 0.506215 0.691842 0.429474 0.694102 0.550839 0.750177 0.508817 0.724208 0.444585 0.715428
292 0.696218 0.743403 0.552811 0.722551 0.554055 0.694838 0.551567 0.750264 0.554055 0.694838 0.506277 0.692404 0.429590 0.693995 0.551567 0.750264 0.508145 0.723726 0.443001 0.713053
293 0.696352 0.743435 0.553840 0.722554 0.555343 0.694818 0.552337 0.750290 0.555343 0.694818 0.506337 0.692343 0.430222 0.693933 0.552337 0.750290 0.508162 0.723707 0.443014 0.713007
294 0.696425 0.743510 0.553819 0.722503 0.555337 0.694800 0.552302 0.750205 0.555337 0.694800 0.506377 0.692311 0.428570 0.695251 0.552302 0.750205 0.508165 0.723746 0.442914 0.713367
295 0.696544 0.743594 0.553837 0.722460 0.555343 0.694757 0.552330 0.750162 0.555343 0.694757 0.506419 0.692264 0.426597 0.696947 0.552330 0.750162 0.508139 0.723350 0.442756 0.712317
296 0.696954 0.743981 0.553960 0.722640 0.555455 0.695110 0.552464 0.750170 0.555455 0.695110 0.506440 0.692239 0.427512 0.696490 0.552464 0.750170 0.508449 0.721462 0.442676 0.709584
297 0.697334 0.744075 0.554593 0.722545 0.556413 0.695088 0.552773 0.750001 0.556413 0.695088 0.506468 0.692252 0.428276 0.696354 0.552773 0.750001 0.508407 0.720137 0.441545 0.707462
298 0.697623 0.744367 0.555805 0.722491 0.558071 0.695078 0.553540 0.749903 0.558071 0.695078 0.506635 0.691792 0.424814 0.696637 0.553540 0.749903 0.508264 0.719736 0.441055 0.706901
299 0.697849 0.744469 0.556138 0.722184 0.558710 0.694682 0.553566 0.749686 0.558710 0.694682 0.507250 0.690853 0.424363 0.696501 0.553566 0.749686 0.507615 0.719619 0.440702 0.706559
300 0.698044 0.744448 0.556493 0.721749 0.559113 0.694169 0.553874 0.749329 0.559113 0.694169 0.507555 0.690636 0.424075 0.696399 0.553874 0.749329 0.507504 0.719644 0.440705 0.706600
301 0.698381 0.744621 0.557538 0.721432 0.560299 0.693539 0.554777 0.749325 0.560299 0.693539 0.507643 0.690609 0.424293 0.694645 0.554777 0.749325 0.507035 0.721147 0.440521 0.707511
302 0.698487 0.744666 0.558195 0.721169 0.561187 0.693067 0.555203 0.749270 0.561187 0.693067 0.507994 0.690496 0.424017 0.693615 0.555203 0.749270 0.506991 0.721690 0.440532 0.707562
303 0.698654 0.744682 0.558909 0.721155 0.561867 0.693018 0.555950 0.749291 0.561867 0.693018 0.509232 0.690023 0.423636 0.693713 0.555950 0.749291 0.507080 0.721674 0.440513 0.706836
304 0.698743 0.744726 0.558942 0.721127 0.561893 0.692966 0.555990 0.749289 0.561893 0.692966 0.508285 0.689793 0.422936 0.694431 0.555990 0.749289 0.508130 0.721388 0.441085 0.705657
305 0.698836 0.744784 0.559063 0.721211 0.562019 0.693061 0.556106 0.749360 0.562019 0.693061 0.508149 0.689468 0.426092 0.694058 0.556106 0.749360 0.508839 0.720836 0.441370 0.704212
306 0.698866 0.744792 0.559028 0.721351 0.561972 0.693210 0.556083 0.749491 0.561972 0.693210 0.507837 0.689368 0.427242 0.693676 0.556083 0.749491 0.508997 0.720688 0.441372 0.703816
307 0.698800 0.744813 0.559023 0.721363 0.561920 0.693235 0.556126 0.749491 0.561920 0.693235 0.507150 0.689353 0.427382 0.693318 0.556126 0.749491 0.509121 0.720467 0.441390 0.703417
308 0.698318 0.744884 0.558533 0.721527 0.561453 0.693531 0.555613 0.749523 0.561453 0.693531 0.506960 0.689322 0.427401 0.693316 0.555613 0.749523 0.510369 0.719074 0.443172 0.702223
309 0.698260 0.744825 0.558242 0.721951 0.560903 0.694473 0.555581 0.749430 0.560903 0.694473 0.506371 0.690362 0.427106 0.693415 0.555581 0.749430 0.512260 0.718213 0.446498 0.701572
310 0.698118 0.744946 0.557981 0.722069 0.560513 0.694756 0.555448 0.749382 0.560513 0.694756 0.506143 0.690936 0.426968 0.693533 0.555448 0.749382 0.512095 0.718148 0.446189 0.701612
