122
137
0 -1 -1 -1 -1 -1 -1 -1 -1 -1 -1 -1 -1 -1 -1 -1 -1 -1 -1 -1 -1
1 0.738423 0.400614 0.730444 0.551921 0.755236 0.549132 0.705651 0.554710 0.755236 0.549132 0.768241 0.634445 0.765703 0.700577 0.705651 0.554710 0.699830 0.645202 0.683795 0.720836
2 0.738415 0.399867 0.732927 0.547799 0.757583 0.542979 0.708271 0.552619 0.757583 0.542979 0.772685 0.622554 0.769008 0.684768 0.708271 0.552619 0.704304 0.635127 0.694103 0.699872
3 0.738620 0.399333 0.733829 0.543787 0.757808 0.538037 0.709850 0.549537 0.757808 0.538037 0.778414 0.609547 0.770835 0.664911 0.709850 0.549537 0.709903 0.623904 0.703718 0.678287
4 0.739106 0.398992 0.734662 0.544433 0.759275 0.539033 0.710048 0.549834 0.759275 0.539033 0.778698 0.614478 0.772945 0.673558 0.710048 0.549834 0.708529 0.628031 0.699366 0.690658
5 0.739202 0.399006 0.735594 0.544903 0.760486 0.539542 0.710701 0.550265 0.760486 0.539542 0.778317 0.615944 0.774314 0.679663 0.710701 0.550265 0.709126 0.628556 0.699404 0.692727
6 0.739233 0.398481 0.735602 0.545258 0.760220 0.540052 0.710983 0.550464 0.760220 0.540052 0.777492 0.617967 0.774025 0.680836 0.710983 0.550464 0.708449 0.630457 0.699301 0.696799
7 -1 -1 -1 -1 -1 -1 -1 -1 -1 -1 -1 -1 -1 -1 -1 -1 -1 -1 -1 -1
8 -1 -1 -1 -1 -1 -1 -1 -1 -1 -1 -1 -1 -1 -1 -1 -1 -1 -1 -1 -1
9 -1 -1 -1 -1 -1 -1 -1 -1 -1 -1 -1 -1 -1 -1 -1 -1 -1 -1 -1 -1
10 -1 -1 -1 -1 -1 -1 -1 -1 -1 -1 -1 -1 -1 -1 -1 -1 -1 -1 -1 -1
11 -1 -1 -1 -1 -1 -1 -1 -1 -1 -1 -1 -1 -1 -1 -1 -1 -1 -1 -1 -1
12 -1 -1 -1 -1 -1 -1 -1 -1 -1 -1 -1 -1 -1 -1 -1 -1 -1 -1 -1 -1
13 -1 -1 -1 -1 -1 -1 -1 -1 -1 -1 -1 -1 -1 -1 -1 -1 -1 -1 -1 -1
14 -1 -1 -1 -1 -1 -1 -1 -1 -1 -1 -1 -1 -1 -1 -1 -1 -1 -1 -1 -1
15 -1 -1 -1 -1 -1 -1 -1 -1 -1 -1 -1 -1 -1 -1 -1 -1 -1 -1 -1 -1
16 -1 -1 -1 -1 -1 -1 -1 -1 -1 -1 -1 -1 -1 -1 -1 -1 -1 -1 -1 -1
17 -1 -1 -1 -1 -1 -1 -1 -1 -1 -1 -1 -1 -1 -1 -1 -1 -1 -1 -1 -1
18 -1 -1 -1 -1 -1 -1 -1 -1 -1 -1 -1 -1 -1 -1 -1 -1 -1 -1 -1 -1
19 -1 -1 -1 -1 -1 -1 -1 -1 -1 -1 -1 -1 -1 -1 -1 -1 -1 -1 -1 -1
20 -1 -1 -1 -1 -1 -1 -1 -1 -1 -1 -1 -1 -1 -1 -1 -1 -1 -1 -1 -1
21 -1 -1 -1 -1 -1 -1 -1 -1 -1 -1 -1 -1 -1 -1 -1 -1 -1 -1 -1 -1
22 -1 -1 -1 -1 -1 -1 -1 -1 -1 -1 -1 -1 -1 -1 -1 -1 -1 -1 -1 -1
23 -1 -1 -1 -1 -1 -1 -1 -1 -1 -1 -1 -1 -1 -1 -1 -1 -1 -1 -1 -1
24 -1 -1 -1 -1 -1 -1 -1 -1 -1 -1 -1 -1 -1 -1 -1 -1 -1 -1 -1 -1
25 -1 -1 -1 -1 -1 -1 -1 -1 -1 -1 -1 -1 -1 -1 -1 -1 -1 -1 -1 -1
26 -1 -1 -1 -1 -1 -1 -1 -1 -1 -1 -1 -1 -1 -1 -1 -1 -1 -1 -1 -1
27 -1 -1 -1 -1 -1 -1 -1 -1 -1 -1 -1 -1 -1 -1 -1 -1 -1 -1 -1 -1
28 -1 -1 -1 -1 -1 -1 -1 -1 -1 -1 -1 -1 -1 -1 -1 -1 -1 -1 -1 -1
29 -1 -1 -1 -1 -1 -1 -1 -1 -1 -1 -1 -1 -1 -1 -1 -1 -1 -1 -1 -1
30 -1 -1 -1 -1 -1 -1 -1 -1 -1 -1 -1 -1 -1 -1 -1 -1 -1 -1 -1 -1
31 -1 -1 -1 -1 -1 -1 -1 -1 -1 -1 -1 -1 -1 -1 -1 -1 -1 -1 -1 -1
32 -1 -1 -1 -1 -1 -1 -1 -1 -1 -1 -1 -1 -1 -1 -1 -1 -1 -1 -1 -1
33 -1 -1 -1 -1 -1 -1 -1 -1 -1 -1 -1 -1 -1 -1 -1 -1 -1 -1 -1 -1
34 -1 -1 -1 -1 -1 -1 -1 -1 -1 -1 -1 -1 -1 -1 -1 -1 -1 -1 -1 -1
35 -1 -1 -1 -1 -1 -1 -1 -1 -1 -1 -1 -1 -1 -1 -1 -1 -1 -1 -1 -1
36 -1 -1 -1 -1 -1 -1 -1 -1 -1 -1 -1 -1 -1 -1 -1 -1 -1 -1 -1 -1
37 -1 -1 -1 -1 -1 -1 -1 -1 -1 -1 -1 -1 -1 -1 -1 -1 -1 -1 -1 -1
38 -1 -1 -1 -1 -1 -1 -1 -1 -1 -1 -1 -1 -1 -1 -1 -1 -1 -1 -1 -1
39 -1 -1 -1 -1 -1 -1 -1 -1 -1 -1 -1 -1 -1 -1 -1 -1 -1 -1 -1 -1
40 -1 -1 -1 -1 -1 -1 -1 -1 -1 -1 -1 -1 -1 -1 -1 -1 -1 -1 -1 -1
41 -1 -1 -1 -1 -1 -1 -1 -1 -1 -1 -1 -1 -1 -1 -1 -1 -1 -1 -1 -1
42 -1 -1 -1 -1 -1 -1 -1 -1 -1 -1 -1 -1 -1 -1 -1 -1 -1 -1 -1 -1
43 -1 -1 -1 -1 -1 -1 -1 -1 -1 -1 -1 -1 -1 -1 -1 -1 -1 -1 -1 -1
44 -1 -1 -1 -1 -1 -1 -1 -1 -1 -1 -1 -1 -1 -1 -1 -1 -1 -1 -1 -1
45 -1 -1 -1 -1 -1 -1 -1 -1 -1 -1 -1 -1 -1 -1 -1 -1 -1 -1 -1 -1
46 -1 -1 -1 -1 -1 -1 -1 -1 -1 -1 -1 -1 -1 -1 -1 -1 -1 -1 -1 -1
47 -1 -1 -1 -1 -1 -1 -1 -1 -1 -1 -1 -1 -1 -1 -1 -1 -1 -1 -1 -1
48 -1 -1 -1 -1 -1 -1 -1 -1 -1 -1 -1 -1 -1 -1 -1 -1 -1 -1 -1 -1
49 -1 -1 -1 -1 -1 -1 -1 -1 -1 -1 -1 -1 -1 -1 -1 -1 -1 -1 -1 -1
50 -1 -1 -1 -1 -1 -1 -1 -1 -1 -1 -1 -1 -1 -1 -1 -1 -1 -1 -1 -1
51 -1 -1 -1 -1 -1 -1 -1 -1 -1 -1 -1 -1 -1 -1 -1 -1 -1 -1 -1 -1
52 -1 -1 -1 -1 -1 -1 -1 -1 -1 -1 -1 -1 -1 -1 -1 -1 -1 -1 -1 -1
53 -1 -1 -1 -1 -1 -1 -1 -1 -1 -1 -1 -1 -1 -1 -1 -1 -1 -1 -1 -1
54 -1 -1 -1 -1 -1 -1 -1 -1 -1 -1 -1 -1 -1 -1 -1 -1 -1 -1 -1 -1
55 -1 -1 -1 -1 -1 -1 -1 -1 -1 -1 -1 -1 -1 -1 -1 -1 -1 -1 -1 -1
56 -1 -1 -1 -1 -1 -1 -1 -1 -1 -1 -1 -1 -1 -1 -1 -1 -1 -1 -1 -1
57 -1 -1 -1 -1 -1 -1 -1 -1 -1 -1 -1 -1 -1 -1 -1 -1 -1 -1 -1 -1
58 -1 -1 -1 -1 -1 -1 -1 -1 -1 -1 -1 -1 -1 -1 -1 -1 -1 -1 -1 -1
59 -1 -1 -1 -1 -1 -1 -1 -1 -1 -1 -1 -1 -1 -1 -1 -1 -1 -1 -1 -1
60 -1 -1 -1 -1 -1 -1 -1 -1 -1 -1 -1 -1 -1 -1 -1 -1 -1 -1 -1 -1
61 -1 -1 -1 -1 -1 -1 -1 -1 -1 -1 -1 -1 -1 -1 -1 -1 -1 -1 -1 -1
62 -1 -1 -1 -1 -1 -1 -1 -1 -1 -1 -1 -1 -1 -1 -1 -1 -1 -1 -1 -1
63 -1 -1 -1 -1 -1 -1 -1 -1 -1 -1 -1 -1 -1 -1 -1 -1 -1 -1 -1 -1
64 -1 -1 -1 -1 -1 -1 -1 -1 -1 -1 -1 -1 -1 -1 -1 -1 -1 -1 -1 -1
65 -1 -1 -1 -1 -1 -1 -1 -1 -1 -1 -1 -1 -1 -1 -1 -1 -1 -1 -1 -1
66 -1 -1 -1 -1 -1 -1 -1 -1 -1 -1 -1 -1 -1 -1 -1 -1 -1 -1 -1 -1
67 -1 -1 -1 -1 -1 -1 -1 -1 -1 -1 -1 -1 -1 -1 -1 -1 -1 -1 -1 -1
68 -1 -1 -1 -1 -1 -1 -1 -1 -1 -1 -1 -1 -1 -1 -1 -1 -1 -1 -1 -1
69 -1 -1 -1 -1 -1 -1 -1 -1 -1 -1 -1 -1 -1 -1 -1 -1 -1 -1 -1 -1
70 -1 -1 -1 -1 -1 -1 -1 -1 -1 -1 -1 -1 -1 -1 -1 -1 -1 -1 -1 -1
71 -1 -1 -1 -1 -1 -1 -1 -1 -1 -1 -1 -1 -1 -1 -1 -1 -1 -1 -1 -1
72 -1 -1 -1 -1 -1 -1 -1 -1 -1 -1 -1 -1 -1 -1 -1 -1 -1 -1 -1 -1
73 -1 -1 -1 -1 -1 -1 -1 -1 -1 -1 -1 -1 -1 -1 -1 -1 -1 -1 -1 -1
74 -1 -1 -1 -1 -1 -1 -1 -1 -1 -1 -1 -1 -1 -1 -1 -1 -1 -1 -1 -1
75 -1 -1 -1 -1 -1 -1 -1 -1 -1 -1 -1 -1 -1 -1 -1 -1 -1 -1 -1 -1
76 -1 -1 -1 -1 -1 -1 -1 -1 -1 -1 -1 -1 -1 -1 -1 -1 -1 -1 -1 -1
77 -1 -1 -1 -1 -1 -1 -1 -1 -1 -1 -1 -1 -1 -1 -1 -1 -1 -1 -1 -1
78 -1 -1 -1 -1 -1 -1 -1 -1 -1 -1 -1 -1 -1 -1 -1 -1 -1 -1 -1 -1
79 -1 -1 -1 -1 -1 -1 -1 -1 -1 -1 -1 -1 -1 -1 -1 -1 -1 -1 -1 -1
80 -1 -1 -1 -1 -1 -1 -1 -1 -1 -1 -1 -1 -1 -1 -1 -1 -1 -1 -1 -1
81 -1 -1 -1 -1 -1 -1 -1 -1 -1 -1 -1 -1 -1 -1 -1 -1 -1 -1 -1 -1
82 -1 -1 -1 -1 -1 -1 -1 -1 -1 -1 -1 -1 -1 -1 -1 -1 -1 -1 -1 -1
83 -1 -1 -1 -1 -1 -1 -1 -1 -1 -1 -1 -1 -1 -1 -1 -1 -1 -1 -1 -1
84 -1 -1 -1 -1 -1 -1 -1 -1 -1 -1 -1 -1 -1 -1 -1 -1 -1 -1 -1 -1
85 -1 -1 -1 -1 -1 -1 -1 -1 -1 -1 -1 -1 -1 -1 -1 -1 -1 -1 -1 -1
86 -1 -1 -1 -1 -1 -1 -1 -1 -1 -1 -1 -1 -1 -1 -1 -1 -1 -1 -1 -1
87 -1 -1 -1 -1 -1 -1 -1 -1 -1 -1 -1 -1 -1 -1 -1 -1 -1 -1 -1 -1
88 -1 -1 -1 -1 -1 -1 -1 -1 -1 -1 -1 -1 -1 -1 -1 -1 -1 -1 -1 -1
89 -1 -1 -1 -1 -1 -1 -1 -1 -1 -1 -1 -1 -1 -1 -1 -1 -1 -1 -1 -1
90 -1 -1 -1 -1 -1 -1 -1 -1 -1 -1 -1 -1 -1 -1 -1 -1 -1 -1 -1 -1
91 -1 -1 -1 -1 -1 -1 -1 -1 -1 -1 -1 -1 -1 -1 -1 -1 -1 -1 -1 -1
92 -1 -1 -1 -1 -1 -1 -1 -1 -1 -1 -1 -1 -1 -1 -1 -1 -1 -1 -1 -1
93 -1 -1 -1 -1 -1 -1 -1 -1 -1 -1 -1 -1 -1 -1 -1 -1 -1 -1 -1 -1
94 -1 -1 -1 -1 -1 -1 -1 -1 -1 -1 -1 -1 -1 -1 -1 -1 -1 -1 -1 -1
95 -1 -1 -1 -1 -1 -1 -1 -1 -1 -1 -1 -1 -1 -1 -1 -1 -1 -1 -1 -1
96 -1 -1 -1 -1 -1 -1 -1 -1 -1 -1 -1 -1 -1 -1 -1 -1 -1 -1 -1 -1
97 -1 -1 -1 -1 -1 -1 -1 -1 -1 -1 -1 -1 -1 -1 -1 -1 -1 -1 -1 -1
98 -1 -1 -1 -1 -1 -1 -1 -1 -1 -1 -1 -1 -1 -1 -1 -1 -1 -1 -1 -1
99 -1 -1 -1 -1 -1 -1 -1 -1 -1 -1 -1 -1 -1 -1 -1 -1 -1 -1 -1 -1
100 -1 -1 -1 -1 -1 -1 -1 -1 -1 -1 -1 -1 -1 -1 -1 -1 -1 -1 -1 -1
101 -1 -1 -1 -1 -1 -1 -1 -1 -1 -1 -1 -1 -1 -1 -1 -1 -1 -1 -1 -1
102 -1 -1 -1 -1 -1 -1 -1 -1 -1 -1 -1 -1 -1 -1 -1 -1 -1 -1 -1 -1
103 -1 -1 -1 -1 -1 -1 -1 -1 -1 -1 -1 -1 -1 -1 -1 -1 -1 -1 -1 -1
104 -1 -1 -1 -1 -1 -1 -1 -1 -1 -1 -1 -1 -1 -1 -1 -1 -1 -1 -1 -1
105 -1 -1 -1 -1 -1 -1 -1 -1 -1 -1 -1 -1 -1 -1 -1 -1 -1 -1 -1 -1
106 -1 -1 -1 -1 -1 -1 -1 -1 -1 -1 -1 -1 -1 -1 -1 -1 -1 -1 -1 -1
107 -1 -1 -1 -1 -1 -1 -1 -1 -1 -1 -1 -1 -1 -1 -1 -1 -1 -1 -1 -1
108 -1 -1 -1 -1 -1 -1 -1 -1 -1 -1 -1 -1 -1 -1 -1 -1 -1 -1 -1 -1
109 -1 -1 -1 -1 -1 -1 -1 -1 -1 -1 -1 -1 -1 -1 -1 -1 -1 -1 -1 -1
110 -1 -1 -1 -1 -1 -1 -1 -1 -1 -1 -1 -1 -1 -1 -1 -1 -1 -1 -1 -1
111 -1 -1 -1 -1 -1 -1 -1 -1 -1 -1 -1 -1 -1 -1 -1 -1 -1 -1 -1 -1
112 -1 -1 -1 -1 -1 -1 -1 -1 -1 -1 -1 -1 -1 -1 -1 -1 -1 -1 -1 -1
113 -1 -1 -1 -1 -1 -1 -1 -1 -1 -1 -1 -1 -1 -1 -1 -1 -1 -1 -1 -1
114 -1 -1 -1 -1 -1 -1 -1 -1 -1 -1 -1 -1 -1 -1 -1 -1 -1 -1 -1 -1
115 -1 -1 -1 -1 -1 -1 -1 -1 -1 -1 -1 -1 -1 -1 -1 -1 -1 -1 -1 -1
116 -1 -1 -1 -1 -1 -1 -1 -1 -1 -1 -1 -1 -1 -1 -1 -1 -1 -1 -1 -1
117 -1 -1 -1 -1 -1 -1 -1 -1 -1 -1 -1 -1 -1 -1 -1 -1 -1 -1 -1 -1
118 -1 -1 -1 -1 -1 -1 -1 -1 -1 -1 -1 -1 -1 -1 -1 -1 -1 -1 -1 -1
119 -1 -1 -1 -1 -1 -1 -1 -1 -1 -1 -1 -1 -1 -1 -1 -1 -1 -1 -1 -1
120 -1 -1 -1 -1 -1 -1 -1 -1 -1 -1 -1 -1 -1 -1 -1 -1 -1 -1 -1 -1
121 -1 -1 -1 -1 -1 -1 -1 -1 -1 -1 -1 -1 -1 -1 -1 -1 -1 -1 -1 -1
122 -1 -1 -1 -1 -1 -1 -1 -1 -1 -1 -1 -1 -1 -1 -1 -1 -1 -1 -1 -1
123 0.494626 0.466168 0.584490 0.544501 0.596951 0.545383 0.572030 0.543619 0.596951 0.545383 0.617140 0.631141 0.628622 0.723387 0.572030 0.543619 0.566278 0.646291 0.626309 0.728072
124 0.481513 0.480947 0.571059 0.547572 0.589076 0.543785 0.553041 0.551359 0.589076 0.543785 0.614513 0.630925 0.635433 0.720582 0.553041 0.551359 0.554434 0.657239 0.625370 0.723563
125 0.469121 0.507763 0.554744 0.550567 0.572908 0.544891 0.536579 0.556244 0.572908 0.544891 0.588898 0.644219 0.635444 0.720650 0.536579 0.556244 0.555632 0.663682 0.626855 0.719132
126 -1 -1 -1 -1 -1 -1 -1 -1 -1 -1 -1 -1 -1 -1 -1 -1 -1 -1 -1 -1
127 0.436577 0.592818 0.470387 0.547756 0.481989 0.553072 0.458785 0.542439 0.481989 0.553072 0.490511 0.606390 0.496530 0.619910 0.458785 0.542439 0.457877 0.607226 0.454689 0.641105
128 -1 -1 -1 -1 -1 -1 -1 -1 -1 -1 -1 -1 -1 -1 -1 -1 -1 -1 -1 -1
129 -1 -1 -1 -1 -1 -1 -1 -1 -1 -1 -1 -1 -1 -1 -1 -1 -1 -1 -1 -1
130 -1 -1 -1 -1 -1 -1 -1 -1 -1 -1 -1 -1 -1 -1 -1 -1 -1 -1 -1 -1
131 -1 -1 -1 -1 -1 -1 -1 -1 -1 -1 -1 -1 -1 -1 -1 -1 -1 -1 -1 -1
132 0.360276 0.718273 0.491792 0.683634 0.494374 0.667231 0.489211 0.700038 0.494374 0.667231 0.607090 0.693479 0.573384 0.701761 0.489211 0.700038 0.587024 0.704783 0.578068 0.725304
133 -1 -1 -1 -1 -1 -1 -1 -1 -1 -1 -1 -1 -1 -1 -1 -1 -1 -1 -1 -1
134 -1 -1 -1 -1 -1 -1 -1 -1 -1 -1 -1 -1 -1 -1 -1 -1 -1 -1 -1 -1
135 -1 -1 -1 -1 -1 -1 -1 -1 -1 -1 -1 -1 -1 -1 -1 -1 -1 -1 -1 -1
136 -1 -1 -1 -1 -1 -1 -1 -1 -1 -1 -1 -1 -1 -1 -1 -1 -1 -1 -1 -1
137 -1 -1 -1 -1 -1 -1 -1 -1 -1 -1 -1 -1 -1 -1 -1 -1 -1 -1 -1 -1
138 -1 -1 -1 -1 -1 -1 -1 -1 -1 -1 -1 -1 -1 -1 -1 -1 -1 -1 -1 -1
139 -1 -1 -1 -1 -1 -1 -1 -1 -1 -1 -1 -1 -1 -1 -1 -1 -1 -1 -1 -1
140 -1 -1 -1 -1 -1 -1 -1 -1 -1 -1 -1 -1 -1 -1 -1 -1 -1 -1 -1 -1
141 -1 -1 -1 -1 -1 -1 -1 -1 -1 -1 -1 -1 -1 -1 -1 -1 -1 -1 -1 -1
142 -1 -1 -1 -1 -1 -1 -1 -1 -1 -1 -1 -1 -1 -1 -1 -1 -1 -1 -1 -1
143 -1 -1 -1 -1 -1 -1 -1 -1 -1 -1 -1 -1 -1 -1 -1 -1 -1 -1 -1 -1
144 0.305037 0.728520 0.426337 0.688162 0.425285 0.692464 0.427390 0.683861 0.425285 0.692464 0.516846 0.707187 0.614932 0.706058 0.427390 0.683861 0.519197 0.701066 0.607973 0.695076
145 0.304290 0.729285 0.426371 0.686702 0.425491 0.690656 0.427252 0.682749 0.425491 0.690656 0.516991 0.705733 0.611213 0.700330 0.427252 0.682749 0.519923 0.701550 0.607773 0.694824
146 0.304385 0.730850 0.426124 0.688316 0.424695 0.688955 0.427553 0.687677 0.424695 0.688955 0.516521 0.705006 0.608499 0.695123 0.427553 0.687677 0.519759 0.705664 0.607607 0.695581
147 0.305713 0.730477 0.428080 0.685378 0.427736 0.688354 0.428423 0.682402 0.427736 0.688354 0.518985 0.704224 0.608307 0.695359 0.428423 0.682402 0.520997 0.704258 0.607514 0.694787
148 0.304055 0.731284 0.427252 0.688008 0.425604 0.678722 0.428900 0.697293 0.425604 0.678722 0.518141 0.695527 0.608186 0.691322 0.428900 0.697293 0.521273 0.712393 0.608933 0.700958
149 0.305358 0.728464 0.427743 0.686987 0.426360 0.678901 0.429127 0.695072 0.426360 0.678901 0.518472 0.696515 0.607685 0.692041 0.429127 0.695072 0.520627 0.710800 0.608827 0.700367
150 0.305482 0.727973 0.427581 0.682325 0.426867 0.679304 0.428295 0.685345 0.426867 0.679304 0.519028 0.699286 0.607656 0.696665 0.428295 0.685345 0.521015 0.704795 0.608492 0.698980
151 0.309788 0.729001 0.428080 0.687364 0.427250 0.673029 0.428910 0.701698 0.427250 0.673029 0.519224 0.693693 0.607605 0.694394 0.428910 0.701698 0.521106 0.714147 0.608738 0.722962
152 0.310163 0.727655 0.428345 0.687669 0.427671 0.670138 0.429020 0.705201 0.427671 0.670138 0.519598 0.691966 0.607035 0.693425 0.429020 0.705201 0.521345 0.716665 0.608761 0.717023
153 0.309767 0.728473 0.428676 0.686630 0.427879 0.670541 0.429473 0.702719 0.427879 0.670541 0.519863 0.692159 0.606798 0.693899 0.429473 0.702719 0.521454 0.715138 0.608740 0.716005
154 0.308807 0.729259 0.427169 0.686615 0.425197 0.671847 0.429141 0.701383 0.425197 0.671847 0.519071 0.692402 0.606420 0.693649 0.429141 0.701383 0.521339 0.715318 0.608733 0.713589
155 0.308788 0.728136 0.427437 0.686379 0.425672 0.672494 0.429203 0.700264 0.425672 0.672494 0.519279 0.692631 0.606472 0.693593 0.429203 0.700264 0.521429 0.714474 0.609112 0.712461
156 0.306666 0.729333 0.427597 0.685045 0.425854 0.679153 0.429340 0.690937 0.425854 0.679153 0.519326 0.700982 0.606508 0.697677 0.429340 0.690937 0.521427 0.710455 0.609059 0.708688
157 0.306047 0.730278 0.427201 0.686333 0.425116 0.678548 0.429286 0.694119 0.425116 0.678548 0.519267 0.700497 0.606451 0.697575 0.429286 0.694119 0.521148 0.710399 0.608861 0.708164
158 0.309149 0.731043 0.427496 0.687570 0.425379 0.674904 0.429613 0.700235 0.425379 0.674904 0.519073 0.694681 0.605452 0.694284 0.429613 0.700235 0.521263 0.713510 0.608990 0.709911
159 0.311106 0.733089 0.428244 0.689256 0.426323 0.673324 0.430165 0.705187 0.426323 0.673324 0.519471 0.693089 0.604922 0.692717 0.430165 0.705187 0.521596 0.717117 0.609895 0.715316
160 0.308726 0.730439 0.428319 0.686716 0.426421 0.674564 0.430217 0.698869 0.426421 0.674564 0.519513 0.695675 0.606121 0.693421 0.430217 0.698869 0.521633 0.714033 0.609854 0.710708
161 0.310166 0.734086 0.428376 0.686748 0.426500 0.674599 0.430253 0.698897 0.426500 0.674599 0.519379 0.696504 0.605891 0.693716 0.430253 0.698897 0.521651 0.713944 0.609523 0.710758
162 0.308630 0.731604 0.428329 0.686369 0.426517 0.677195 0.430140 0.695542 0.426517 0.677195 0.519410 0.699507 0.605917 0.694569 0.430140 0.695542 0.521676 0.712058 0.609390 0.706979
163 0.308445 0.731295 0.428303 0.687417 0.426430 0.676676 0.430176 0.698158 0.426430 0.676676 0.519382 0.698951 0.605802 0.693354 0.430176 0.698158 0.521662 0.713397 0.609367 0.707475
164 0.306341 0.731528 0.427942 0.686575 0.425877 0.677456 0.430007 0.695693 0.425877 0.677456 0.519390 0.700670 0.605725 0.694046 0.430007 0.695693 0.521666 0.713096 0.609226 0.708037
165 0.309963 0.732600 0.427745 0.688376 0.425458 0.675554 0.430031 0.701198 0.425458 0.675554 0.519273 0.696204 0.605960 0.693207 0.430031 0.701198 0.521743 0.715589 0.609674 0.709830
166 0.309334 0.732080 0.427986 0.687986 0.425781 0.675051 0.430192 0.700921 0.425781 0.675051 0.519232 0.696160 0.605965 0.692919 0.430192 0.700921 0.521865 0.715998 0.609781 0.709932
167 0.307287 0.732794 0.428080 0.688616 0.425991 0.681267 0.430169 0.695966 0.425991 0.681267 0.519917 0.701625 0.606105 0.694969 0.430169 0.695966 0.522357 0.712247 0.609423 0.706100
168 0.310258 0.733403 0.428389 0.689423 0.426227 0.676161 0.430550 0.702686 0.426227 0.676161 0.519725 0.695211 0.605333 0.692972 0.430550 0.702686 0.522268 0.713681 0.609258 0.708282
169 0.305401 0.731135 0.427829 0.684880 0.426176 0.679014 0.429482 0.690745 0.426176 0.679014 0.519745 0.700318 0.606081 0.695169 0.429482 0.690745 0.522113 0.709271 0.609235 0.705551
170 0.305717 0.731355 0.427857 0.685631 0.426190 0.679585 0.429524 0.691677 0.426190 0.679585 0.519744 0.700431 0.606275 0.695151 0.429524 0.691677 0.522115 0.709512 0.609227 0.704530
171 0.305895 0.731802 0.427290 0.685732 0.425136 0.679277 0.429443 0.692186 0.425136 0.679277 0.516951 0.698983 0.606414 0.695922 0.429443 0.692186 0.521427 0.709398 0.608731 0.704654
172 0.308521 0.733180 0.427306 0.687163 0.425182 0.679390 0.429430 0.694936 0.425182 0.679390 0.517055 0.699076 0.606417 0.695901 0.429430 0.694936 0.521115 0.709470 0.608197 0.704450
173 0.308968 0.734993 0.427317 0.688998 0.425218 0.679157 0.429416 0.698838 0.425218 0.679157 0.517107 0.698766 0.605777 0.694120 0.429416 0.698838 0.521114 0.714105 0.608339 0.708774
174 0.310033 0.734086 0.427492 0.689962 0.425196 0.673298 0.429788 0.706626 0.425196 0.673298 0.517744 0.693656 0.605133 0.692541 0.429788 0.706626 0.521847 0.718122 0.608726 0.720121
175 0.306969 0.730676 0.427670 0.684425 0.425575 0.682431 0.429766 0.686420 0.425575 0.682431 0.517936 0.703421 0.605488 0.698168 0.429766 0.686420 0.521874 0.707013 0.606918 0.703332
176 0.308971 0.738465 0.427579 0.685702 0.425443 0.682131 0.429716 0.689273 0.425443 0.682131 0.516215 0.698946 0.605472 0.697986 0.429716 0.689273 0.521615 0.707698 0.606853 0.703458
177 0.309849 0.738793 0.427621 0.686539 0.425505 0.681668 0.429738 0.691411 0.425505 0.681668 0.517283 0.698948 0.605783 0.697870 0.429738 0.691411 0.521711 0.709227 0.607875 0.705400
178 0.311345 0.739376 0.428557 0.688615 0.426352 0.677137 0.430761 0.700092 0.426352 0.677137 0.518959 0.696295 0.605933 0.694936 0.430761 0.700092 0.522251 0.714286 0.608660 0.706977
179 0.305437 0.729768 0.427788 0.685410 0.426414 0.698291 0.429163 0.672529 0.426414 0.698291 0.519286 0.709660 0.609694 0.704797 0.429163 0.672529 0.521477 0.688735 0.609288 0.696608
180 0.307244 0.731433 0.427438 0.686485 0.425699 0.695422 0.429177 0.677548 0.425699 0.695422 0.519607 0.707474 0.609448 0.703232 0.429177 0.677548 0.521609 0.691439 0.609244 0.698490
181 0.312445 0.738559 0.427706 0.689870 0.425760 0.683222 0.429652 0.696518 0.425760 0.683222 0.519633 0.700599 0.609213 0.697369 0.429652 0.696518 0.521727 0.709662 0.609525 0.706883
182 0.308208 0.730283 0.427300 0.685108 0.425649 0.684882 0.428952 0.685334 0.425649 0.684882 0.519722 0.704558 0.609271 0.699571 0.428952 0.685334 0.521702 0.707794 0.609170 0.703728
183 0.309733 0.739867 0.427212 0.688273 0.425451 0.681888 0.428972 0.694659 0.425451 0.681888 0.519708 0.703723 0.609201 0.698958 0.428972 0.694659 0.521619 0.712824 0.609929 0.714026
184 0.310010 0.736310 0.427608 0.687485 0.425465 0.680724 0.429751 0.694247 0.425465 0.680724 0.519690 0.702306 0.609284 0.698728 0.429751 0.694247 0.521860 0.712613 0.609954 0.707151
185 0.308264 0.734860 0.427146 0.686733 0.424783 0.680537 0.429508 0.692930 0.424783 0.680537 0.519741 0.702302 0.609115 0.698651 0.429508 0.692930 0.521795 0.710261 0.609465 0.705725
186 0.306304 0.732497 0.426355 0.685872 0.423425 0.680824 0.429285 0.690919 0.423425 0.680824 0.519450 0.705485 0.608749 0.698856 0.429285 0.690919 0.521265 0.709779 0.609512 0.706737
187 0.308337 0.737196 0.426379 0.687603 0.423469 0.680819 0.429289 0.694387 0.423469 0.680819 0.519448 0.704597 0.607832 0.698319 0.429289 0.694387 0.521291 0.709823 0.609314 0.705616
188 0.307443 0.733855 0.426340 0.687060 0.423449 0.680780 0.429232 0.693341 0.423449 0.680780 0.519321 0.704426 0.607785 0.698325 0.429232 0.693341 0.520865 0.709824 0.609294 0.706050
189 0.305477 0.733568 0.426124 0.687460 0.423485 0.681075 0.428762 0.693846 0.423485 0.681075 0.519094 0.704228 0.607116 0.697916 0.428762 0.693846 0.520731 0.710249 0.609232 0.706185
190 0.305834 0.732988 0.425547 0.687040 0.422332 0.680411 0.428761 0.693669 0.422332 0.680411 0.517574 0.702089 0.607450 0.699073 0.428761 0.693669 0.520751 0.709723 0.609084 0.704628
191 0.310405 0.737747 0.426695 0.687733 0.423957 0.680326 0.429433 0.695141 0.423957 0.680326 0.518001 0.701597 0.607351 0.698739 0.429433 0.695141 0.520800 0.710310 0.609153 0.706162
192 0.306190 0.730881 0.427603 0.686714 0.425774 0.690074 0.429433 0.683354 0.425774 0.690074 0.518878 0.706980 0.608126 0.701393 0.429433 0.683354 0.520970 0.706379 0.608877 0.702089
193 0.306997 0.731485 0.427527 0.686417 0.425660 0.688837 0.429394 0.683997 0.425660 0.688837 0.518870 0.706496 0.608106 0.701174 0.429394 0.683997 0.520940 0.706506 0.608940 0.701994
194 0.306527 0.732224 0.427608 0.686542 0.425788 0.687328 0.429428 0.685756 0.425788 0.687328 0.519044 0.705511 0.607621 0.697709 0.429428 0.685756 0.520976 0.709581 0.609460 0.707334
195 0.306473 0.732625 0.427570 0.686970 0.425777 0.686680 0.429363 0.687260 0.425777 0.686680 0.519678 0.705386 0.607641 0.698352 0.429363 0.687260 0.521321 0.709887 0.609448 0.707314
196 0.302992 0.731914 0.427108 0.686638 0.425815 0.692499 0.428401 0.680776 0.425815 0.692499 0.519676 0.707346 0.607851 0.699718 0.428401 0.680776 0.521230 0.706439 0.609254 0.703953
197 0.302616 0.730515 0.427266 0.686908 0.427242 0.703303 0.427290 0.670513 0.427242 0.703303 0.520132 0.711814 0.609372 0.705037 0.427290 0.670513 0.521270 0.699610 0.609086 0.695270
198 0.304477 0.733030 0.427276 0.687748 0.426965 0.691901 0.427587 0.683595 0.426965 0.691901 0.519455 0.709112 0.608269 0.701648 0.427587 0.683595 0.520786 0.704917 0.609026 0.696814
199 0.305721 0.731713 0.427778 0.686659 0.427958 0.696865 0.427598 0.676454 0.427958 0.696865 0.519642 0.713231 0.608581 0.708051 0.427598 0.676454 0.520676 0.702096 0.607354 0.695586
200 0.303360 0.732424 0.426936 0.686642 0.426643 0.695526 0.427229 0.677757 0.426643 0.695526 0.519649 0.712502 0.608576 0.707081 0.427229 0.677757 0.520672 0.702399 0.607261 0.696469
201 0.303941 0.730841 0.427776 0.685436 0.427728 0.695021 0.427825 0.675850 0.427728 0.695021 0.520812 0.711996 0.609118 0.706315 0.427825 0.675850 0.521346 0.700938 0.607286 0.695436
202 0.302787 0.730035 0.427278 0.688033 0.427910 0.701351 0.426645 0.674715 0.427910 0.701351 0.520777 0.713672 0.609539 0.707847 0.426645 0.674715 0.520987 0.700268 0.607092 0.694686
203 0.308012 0.736627 0.426666 0.687604 0.426559 0.687610 0.426773 0.687598 0.426559 0.687610 0.519977 0.705990 0.608057 0.698271 0.426773 0.687598 0.520966 0.705616 0.607215 0.697048
204 0.305321 0.731640 0.426292 0.687440 0.425772 0.687942 0.426812 0.686939 0.425772 0.687942 0.519732 0.706627 0.608058 0.698364 0.426812 0.686939 0.520755 0.705972 0.607128 0.697100
205 0.309132 0.736723 0.426560 0.687455 0.425768 0.683436 0.427352 0.691475 0.425768 0.683436 0.519732 0.704126 0.607663 0.696303 0.427352 0.691475 0.520795 0.708901 0.607137 0.698867
206 0.308620 0.735243 0.428198 0.687973 0.426543 0.679576 0.429854 0.696371 0.426543 0.679576 0.519752 0.702002 0.607333 0.694780 0.429854 0.696371 0.521007 0.715326 0.608746 0.707729
207 0.308057 0.733398 0.427470 0.685583 0.425640 0.680649 0.429301 0.690517 0.425640 0.680649 0.519773 0.702423 0.607282 0.697278 0.429301 0.690517 0.520924 0.708163 0.607918 0.702065
208 0.304924 0.731233 0.427072 0.684023 0.424869 0.682074 0.429274 0.685973 0.424869 0.682074 0.520041 0.703522 0.607286 0.697616 0.429274 0.685973 0.521234 0.706166 0.607908 0.699389
209 0.311779 0.739384 0.427767 0.687330 0.425363 0.678407 0.430171 0.696254 0.425363 0.678407 0.520034 0.700602 0.606967 0.696066 0.430171 0.696254 0.521239 0.710339 0.607967 0.703741
210 0.305653 0.737096 0.427342 0.686337 0.425302 0.681774 0.429382 0.690901 0.425302 0.681774 0.520215 0.701538 0.607090 0.696360 0.429382 0.690901 0.521266 0.709267 0.608035 0.703696
211 0.305214 0.734847 0.426296 0.685567 0.423932 0.682188 0.428660 0.688945 0.423932 0.682188 0.520152 0.701843 0.607090 0.697025 0.428660 0.688945 0.520907 0.708536 0.607918 0.702938
212 0.309681 0.739014 0.426338 0.688548 0.423968 0.680487 0.428708 0.696610 0.423968 0.680487 0.519936 0.699766 0.607005 0.696229 0.428708 0.696610 0.520883 0.710352 0.608183 0.705408
213 0.306795 0.735769 0.426500 0.687087 0.424435 0.681055 0.428564 0.693120 0.424435 0.681055 0.520063 0.699912 0.607133 0.696295 0.428564 0.693120 0.521121 0.709189 0.608182 0.702799
214 0.306053 0.733377 0.426510 0.687197 0.424461 0.680883 0.428558 0.693511 0.424461 0.680883 0.519966 0.700176 0.607074 0.695906 0.428558 0.693511 0.520986 0.709748 0.608827 0.705247
215 0.305644 0.733474 0.426509 0.687310 0.424478 0.680206 0.428540 0.694413 0.424478 0.680206 0.520039 0.700305 0.607075 0.696006 0.428540 0.694413 0.521054 0.710072 0.608846 0.706779
216 0.306187 0.734354 0.426355 0.688724 0.424296 0.678968 0.428415 0.698479 0.424296 0.678968 0.518897 0.697613 0.605781 0.694947 0.428415 0.698479 0.520115 0.712092 0.608101 0.708745
217 0.308687 0.738924 0.426502 0.688951 0.424304 0.678392 0.428699 0.699510 0.424304 0.678392 0.519231 0.698067 0.606469 0.694951 0.428699 0.699510 0.520820 0.713504 0.609368 0.708792
218 0.306969 0.733495 0.427353 0.688473 0.425629 0.679384 0.429077 0.697562 0.425629 0.679384 0.519595 0.698348 0.606545 0.695945 0.429077 0.697562 0.520971 0.710018 0.608561 0.705334
219 0.308843 0.738188 0.427283 0.688532 0.425457 0.677313 0.429109 0.699751 0.425457 0.677313 0.519257 0.697514 0.606498 0.694421 0.429109 0.699751 0.520987 0.712741 0.609169 0.707226
220 0.309405 0.738527 0.427507 0.689844 0.425480 0.673219 0.429533 0.706469 0.425480 0.673219 0.519245 0.693888 0.605980 0.692529 0.429533 0.706469 0.520980 0.718116 0.609160 0.709632
221 0.309067 0.738409 0.427245 0.689622 0.425256 0.673190 0.429234 0.706054 0.425256 0.673190 0.519247 0.694112 0.605222 0.692293 0.429234 0.706054 0.520661 0.717279 0.608800 0.710169
222 0.308778 0.739083 0.427340 0.689319 0.425342 0.673794 0.429338 0.704845 0.425342 0.673794 0.519331 0.694945 0.605425 0.692722 0.429338 0.704845 0.520826 0.716647 0.608829 0.710107
223 0.307133 0.731153 0.427669 0.685829 0.425833 0.682050 0.429504 0.689608 0.425833 0.682050 0.519623 0.701225 0.606998 0.697490 0.429504 0.689608 0.520829 0.714809 0.609284 0.709944
224 0.306900 0.730842 0.427719 0.687227 0.425843 0.680643 0.429595 0.693811 0.425843 0.680643 0.519671 0.701131 0.606891 0.696912 0.429595 0.693811 0.520873 0.715177 0.609395 0.710305
225 0.306720 0.732806 0.427756 0.686926 0.425919 0.680927 0.429593 0.692924 0.425919 0.680927 0.519698 0.701109 0.606886 0.697426 0.429593 0.692924 0.520834 0.713281 0.609250 0.710084
226 0.306809 0.733433 0.427730 0.686782 0.425928 0.680377 0.429531 0.693188 0.425928 0.680377 0.519982 0.701050 0.606944 0.697652 0.429531 0.693188 0.520845 0.713257 0.609200 0.710234
227 0.306816 0.733328 0.428152 0.687051 0.426526 0.680758 0.429779 0.693345 0.426526 0.680758 0.520050 0.701021 0.606858 0.697693 0.429779 0.693345 0.520857 0.712898 0.608460 0.707583
228 0.306458 0.731758 0.428150 0.686897 0.426522 0.680526 0.429779 0.693268 0.426522 0.680526 0.520203 0.700937 0.606887 0.696465 0.429779 0.693268 0.521109 0.712075 0.608660 0.705970
229 0.307855 0.734393 0.428383 0.689154 0.426696 0.677404 0.430069 0.700905 0.426696 0.677404 0.520334 0.698729 0.606862 0.695236 0.430069 0.700905 0.521534 0.717914 0.610733 0.715561
230 0.304786 0.728449 0.428304 0.683348 0.426716 0.682750 0.429891 0.683947 0.426716 0.682750 0.520338 0.703401 0.607324 0.697693 0.429891 0.683947 0.521495 0.709427 0.610051 0.700772
231 0.304888 0.727675 0.428697 0.683449 0.427501 0.685062 0.429894 0.681835 0.427501 0.685062 0.520642 0.703997 0.607612 0.698365 0.429894 0.681835 0.521833 0.706942 0.609743 0.699417
232 0.304528 0.725467 0.428876 0.682456 0.427900 0.685167 0.429851 0.679745 0.427900 0.685167 0.521664 0.704796 0.608306 0.699498 0.429851 0.679745 0.522616 0.702644 0.609598 0.696039
233 0.305526 0.722760 0.429025 0.680775 0.428433 0.694936 0.429618 0.666614 0.428433 0.694936 0.521654 0.712297 0.609570 0.709771 0.429618 0.666614 0.522606 0.696957 0.609148 0.693437
234 0.307259 0.722395 0.430348 0.681429 0.430945 0.693512 0.429751 0.669346 0.430945 0.693512 0.522026 0.710776 0.609497 0.707940 0.429751 0.669346 0.523013 0.696890 0.608770 0.693766
235 0.308807 0.719465 0.430241 0.680920 0.430868 0.697365 0.429614 0.664475 0.430868 0.697365 0.522634 0.710767 0.610468 0.710540 0.429614 0.664475 0.523069 0.691200 0.608333 0.690646
236 0.314321 0.716082 0.430999 0.680075 0.431800 0.699114 0.430198 0.661037 0.431800 0.699114 0.522818 0.712479 0.610742 0.713739 0.430198 0.661037 0.523061 0.688136 0.608065 0.689334
237 0.314406 0.715293 0.432020 0.679315 0.433127 0.697708 0.430912 0.660921 0.433127 0.697708 0.523456 0.712394 0.610739 0.712305 0.430912 0.660921 0.523443 0.689009 0.608053 0.690326
238 0.315446 0.709026 0.433568 0.676888 0.434562 0.696521 0.432575 0.657255 0.434562 0.696521 0.525252 0.711959 0.612418 0.714790 0.432575 0.657255 0.525337 0.687038 0.608545 0.690728
239 0.314061 0.704131 0.433581 0.675391 0.434550 0.693147 0.432612 0.657634 0.434550 0.693147 0.523450 0.712405 0.614015 0.713853 0.432612 0.657634 0.525243 0.688731 0.608311 0.690285
