144
164
0 -1 -1 -1 -1 -1 -1 -1 -1 -1 -1 -1 -1 -1 -1 -1 -1 -1 -1 -1 -1
1 -1 -1 -1 -1 -1 -1 -1 -1 -1 -1 -1 -1 -1 -1 -1 -1 -1 -1 -1 -1
2 -1 -1 -1 -1 -1 -1 -1 -1 -1 -1 -1 -1 -1 -1 -1 -1 -1 -1 -1 -1
3 -1 -1 -1 -1 -1 -1 -1 -1 -1 -1 -1 -1 -1 -1 -1 -1 -1 -1 -1 -1
4 -1 -1 -1 -1 -1 -1 -1 -1 -1 -1 -1 -1 -1 -1 -1 -1 -1 -1 -1 -1
5 -1 -1 -1 -1 -1 -1 -1 -1 -1 -1 -1 -1 -1 -1 -1 -1 -1 -1 -1 -1
6 -1 -1 -1 -1 -1 -1 -1 -1 -1 -1 -1 -1 -1 -1 -1 -1 -1 -1 -1 -1
7 -1 -1 -1 -1 -1 -1 -1 -1 -1 -1 -1 -1 -1 -1 -1 -1 -1 -1 -1 -1
8 -1 -1 -1 -1 -1 -1 -1 -1 -1 -1 -1 -1 -1 -1 -1 -1 -1 -1 -1 -1
9 -1 -1 -1 -1 -1 -1 -1 -1 -1 -1 -1 -1 -1 -1 -1 -1 -1 -1 -1 -1
10 -1 -1 -1 -1 -1 -1 -1 -1 -1 -1 -1 -1 -1 -1 -1 -1 -1 -1 -1 -1
11 -1 -1 -1 -1 -1 -1 -1 -1 -1 -1 -1 -1 -1 -1 -1 -1 -1 -1 -1 -1
12 -1 -1 -1 -1 -1 -1 -1 -1 -1 -1 -1 -1 -1 -1 -1 -1 -1 -1 -1 -1
13 -1 -1 -1 -1 -1 -1 -1 -1 -1 -1 -1 -1 -1 -1 -1 -1 -1 -1 -1 -1
14 -1 -1 -1 -1 -1 -1 -1 -1 -1 -1 -1 -1 -1 -1 -1 -1 -1 -1 -1 -1
15 -1 -1 -1 -1 -1 -1 -1 -1 -1 -1 -1 -1 -1 -1 -1 -1 -1 -1 -1 -1
16 -1 -1 -1 -1 -1 -1 -1 -1 -1 -1 -1 -1 -1 -1 -1 -1 -1 -1 -1 -1
17 -1 -1 -1 -1 -1 -1 -1 -1 -1 -1 -1 -1 -1 -1 -1 -1 -1 -1 -1 -1
18 -1 -1 -1 -1 -1 -1 -1 -1 -1 -1 -1 -1 -1 -1 -1 -1 -1 -1 -1 -1
19 -1 -1 -1 -1 -1 -1 -1 -1 -1 -1 -1 -1 -1 -1 -1 -1 -1 -1 -1 -1
20 -1 -1 -1 -1 -1 -1 -1 -1 -1 -1 -1 -1 -1 -1 -1 -1 -1 -1 -1 -1
21 -1 -1 -1 -1 -1 -1 -1 -1 -1 -1 -1 -1 -1 -1 -1 -1 -1 -1 -1 -1
22 -1 -1 -1 -1 -1 -1 -1 -1 -1 -1 -1 -1 -1 -1 -1 -1 -1 -1 -1 -1
23 -1 -1 -1 -1 -1 -1 -1 -1 -1 -1 -1 -1 -1 -1 -1 -1 -1 -1 -1 -1
24 -1 -1 -1 -1 -1 -1 -1 -1 -1 -1 -1 -1 -1 -1 -1 -1 -1 -1 -1 -1
25 -1 -1 -1 -1 -1 -1 -1 -1 -1 -1 -1 -1 -1 -1 -1 -1 -1 -1 -1 -1
26 -1 -1 -1 -1 -1 -1 -1 -1 -1 -1 -1 -1 -1 -1 -1 -1 -1 -1 -1 -1
27 -1 -1 -1 -1 -1 -1 -1 -1 -1 -1 -1 -1 -1 -1 -1 -1 -1 -1 -1 -1
28 -1 -1 -1 -1 -1 -1 -1 -1 -1 -1 -1 -1 -1 -1 -1 -1 -1 -1 -1 -1
29 -1 -1 -1 -1 -1 -1 -1 -1 -1 -1 -1 -1 -1 -1 -1 -1 -1 -1 -1 -1
30 -1 -1 -1 -1 -1 -1 -1 -1 -1 -1 -1 -1 -1 -1 -1 -1 -1 -1 -1 -1
31 -1 -1 -1 -1 -1 -1 -1 -1 -1 -1 -1 -1 -1 -1 -1 -1 -1 -1 -1 -1
32 -1 -1 -1 -1 -1 -1 -1 -1 -1 -1 -1 -1 -1 -1 -1 -1 -1 -1 -1 -1
33 -1 -1 -1 -1 -1 -1 -1 -1 -1 -1 -1 -1 -1 -1 -1 -1 -1 -1 -1 -1
34 -1 -1 -1 -1 -1 -1 -1 -1 -1 -1 -1 -1 -1 -1 -1 -1 -1 -1 -1 -1
35 -1 -1 -1 -1 -1 -1 -1 -1 -1 -1 -1 -1 -1 -1 -1 -1 -1 -1 -1 -1
36 -1 -1 -1 -1 -1 -1 -1 -1 -1 -1 -1 -1 -1 -1 -1 -1 -1 -1 -1 -1
37 -1 -1 -1 -1 -1 -1 -1 -1 -1 -1 -1 -1 -1 -1 -1 -1 -1 -1 -1 -1
38 -1 -1 -1 -1 -1 -1 -1 -1 -1 -1 -1 -1 -1 -1 -1 -1 -1 -1 -1 -1
39 -1 -1 -1 -1 -1 -1 -1 -1 -1 -1 -1 -1 -1 -1 -1 -1 -1 -1 -1 -1
40 -1 -1 -1 -1 -1 -1 -1 -1 -1 -1 -1 -1 -1 -1 -1 -1 -1 -1 -1 -1
41 -1 -1 -1 -1 -1 -1 -1 -1 -1 -1 -1 -1 -1 -1 -1 -1 -1 -1 -1 -1
42 -1 -1 -1 -1 -1 -1 -1 -1 -1 -1 -1 -1 -1 -1 -1 -1 -1 -1 -1 -1
43 -1 -1 -1 -1 -1 -1 -1 -1 -1 -1 -1 -1 -1 -1 -1 -1 -1 -1 -1 -1
44 -1 -1 -1 -1 -1 -1 -1 -1 -1 -1 -1 -1 -1 -1 -1 -1 -1 -1 -1 -1
45 -1 -1 -1 -1 -1 -1 -1 -1 -1 -1 -1 -1 -1 -1 -1 -1 -1 -1 -1 -1
46 -1 -1 -1 -1 -1 -1 -1 -1 -1 -1 -1 -1 -1 -1 -1 -1 -1 -1 -1 -1
47 -1 -1 -1 -1 -1 -1 -1 -1 -1 -1 -1 -1 -1 -1 -1 -1 -1 -1 -1 -1
48 -1 -1 -1 -1 -1 -1 -1 -1 -1 -1 -1 -1 -1 -1 -1 -1 -1 -1 -1 -1
49 -1 -1 -1 -1 -1 -1 -1 -1 -1 -1 -1 -1 -1 -1 -1 -1 -1 -1 -1 -1
50 -1 -1 -1 -1 -1 -1 -1 -1 -1 -1 -1 -1 -1 -1 -1 -1 -1 -1 -1 -1
51 -1 -1 -1 -1 -1 -1 -1 -1 -1 -1 -1 -1 -1 -1 -1 -1 -1 -1 -1 -1
52 -1 -1 -1 -1 -1 -1 -1 -1 -1 -1 -1 -1 -1 -1 -1 -1 -1 -1 -1 -1
53 -1 -1 -1 -1 -1 -1 -1 -1 -1 -1 -1 -1 -1 -1 -1 -1 -1 -1 -1 -1
54 -1 -1 -1 -1 -1 -1 -1 -1 -1 -1 -1 -1 -1 -1 -1 -1 -1 -1 -1 -1
55 -1 -1 -1 -1 -1 -1 -1 -1 -1 -1 -1 -1 -1 -1 -1 -1 -1 -1 -1 -1
56 -1 -1 -1 -1 -1 -1 -1 -1 -1 -1 -1 -1 -1 -1 -1 -1 -1 -1 -1 -1
57 -1 -1 -1 -1 -1 -1 -1 -1 -1 -1 -1 -1 -1 -1 -1 -1 -1 -1 -1 -1
58 -1 -1 -1 -1 -1 -1 -1 -1 -1 -1 -1 -1 -1 -1 -1 -1 -1 -1 -1 -1
59 -1 -1 -1 -1 -1 -1 -1 -1 -1 -1 -1 -1 -1 -1 -1 -1 -1 -1 -1 -1
60 -1 -1 -1 -1 -1 -1 -1 -1 -1 -1 -1 -1 -1 -1 -1 -1 -1 -1 -1 -1
61 -1 -1 -1 -1 -1 -1 -1 -1 -1 -1 -1 -1 -1 -1 -1 -1 -1 -1 -1 -1
62 -1 -1 -1 -1 -1 -1 -1 -1 -1 -1 -1 -1 -1 -1 -1 -1 -1 -1 -1 -1
63 -1 -1 -1 -1 -1 -1 -1 -1 -1 -1 -1 -1 -1 -1 -1 -1 -1 -1 -1 -1
64 -1 -1 -1 -1 -1 -1 -1 -1 -1 -1 -1 -1 -1 -1 -1 -1 -1 -1 -1 -1
65 -1 -1 -1 -1 -1 -1 -1 -1 -1 -1 -1 -1 -1 -1 -1 -1 -1 -1 -1 -1
66 -1 -1 -1 -1 -1 -1 -1 -1 -1 -1 -1 -1 -1 -1 -1 -1 -1 -1 -1 -1
67 -1 -1 -1 -1 -1 -1 -1 -1 -1 -1 -1 -1 -1 -1 -1 -1 -1 -1 -1 -1
68 -1 -1 -1 -1 -1 -1 -1 -1 -1 -1 -1 -1 -1 -1 -1 -1 -1 -1 -1 -1
69 -1 -1 -1 -1 -1 -1 -1 -1 -1 -1 -1 -1 -1 -1 -1 -1 -1 -1 -1 -1
70 -1 -1 -1 -1 -1 -1 -1 -1 -1 -1 -1 -1 -1 -1 -1 -1 -1 -1 -1 -1
71 -1 -1 -1 -1 -1 -1 -1 -1 -1 -1 -1 -1 -1 -1 -1 -1 -1 -1 -1 -1
72 -1 -1 -1 -1 -1 -1 -1 -1 -1 -1 -1 -1 -1 -1 -1 -1 -1 -1 -1 -1
73 -1 -1 -1 -1 -1 -1 -1 -1 -1 -1 -1 -1 -1 -1 -1 -1 -1 -1 -1 -1
74 -1 -1 -1 -1 -1 -1 -1 -1 -1 -1 -1 -1 -1 -1 -1 -1 -1 -1 -1 -1
75 -1 -1 -1 -1 -1 -1 -1 -1 -1 -1 -1 -1 -1 -1 -1 -1 -1 -1 -1 -1
76 -1 -1 -1 -1 -1 -1 -1 -1 -1 -1 -1 -1 -1 -1 -1 -1 -1 -1 -1 -1
77 -1 -1 -1 -1 -1 -1 -1 -1 -1 -1 -1 -1 -1 -1 -1 -1 -1 -1 -1 -1
78 -1 -1 -1 -1 -1 -1 -1 -1 -1 -1 -1 -1 -1 -1 -1 -1 -1 -1 -1 -1
79 -1 -1 -1 -1 -1 -1 -1 -1 -1 -1 -1 -1 -1 -1 -1 -1 -1 -1 -1 -1
80 -1 -1 -1 -1 -1 -1 -1 -1 -1 -1 -1 -1 -1 -1 -1 -1 -1 -1 -1 -1
81 -1 -1 -1 -1 -1 -1 -1 -1 -1 -1 -1 -1 -1 -1 -1 -1 -1 -1 -1 -1
82 -1 -1 -1 -1 -1 -1 -1 -1 -1 -1 -1 -1 -1 -1 -1 -1 -1 -1 -1 -1
83 -1 -1 -1 -1 -1 -1 -1 -1 -1 -1 -1 -1 -1 -1 -1 -1 -1 -1 -1 -1
84 -1 -1 -1 -1 -1 -1 -1 -1 -1 -1 -1 -1 -1 -1 -1 -1 -1 -1 -1 -1
85 -1 -1 -1 -1 -1 -1 -1 -1 -1 -1 -1 -1 -1 -1 -1 -1 -1 -1 -1 -1
86 -1 -1 -1 -1 -1 -1 -1 -1 -1 -1 -1 -1 -1 -1 -1 -1 -1 -1 -1 -1
87 -1 -1 -1 -1 -1 -1 -1 -1 -1 -1 -1 -1 -1 -1 -1 -1 -1 -1 -1 -1
88 -1 -1 -1 -1 -1 -1 -1 -1 -1 -1 -1 -1 -1 -1 -1 -1 -1 -1 -1 -1
89 -1 -1 -1 -1 -1 -1 -1 -1 -1 -1 -1 -1 -1 -1 -1 -1 -1 -1 -1 -1
90 -1 -1 -1 -1 -1 -1 -1 -1 -1 -1 -1 -1 -1 -1 -1 -1 -1 -1 -1 -1
91 -1 -1 -1 -1 -1 -1 -1 -1 -1 -1 -1 -1 -1 -1 -1 -1 -1 -1 -1 -1
92 -1 -1 -1 -1 -1 -1 -1 -1 -1 -1 -1 -1 -1 -1 -1 -1 -1 -1 -1 -1
93 -1 -1 -1 -1 -1 -1 -1 -1 -1 -1 -1 -1 -1 -1 -1 -1 -1 -1 -1 -1
94 -1 -1 -1 -1 -1 -1 -1 -1 -1 -1 -1 -1 -1 -1 -1 -1 -1 -1 -1 -1
95 -1 -1 -1 -1 -1 -1 -1 -1 -1 -1 -1 -1 -1 -1 -1 -1 -1 -1 -1 -1
96 -1 -1 -1 -1 -1 -1 -1 -1 -1 -1 -1 -1 -1 -1 -1 -1 -1 -1 -1 -1
97 -1 -1 -1 -1 -1 -1 -1 -1 -1 -1 -1 -1 -1 -1 -1 -1 -1 -1 -1 -1
98 -1 -1 -1 -1 -1 -1 -1 -1 -1 -1 -1 -1 -1 -1 -1 -1 -1 -1 -1 -1
99 -1 -1 -1 -1 -1 -1 -1 -1 -1 -1 -1 -1 -1 -1 -1 -1 -1 -1 -1 -1
100 -1 -1 -1 -1 -1 -1 -1 -1 -1 -1 -1 -1 -1 -1 -1 -1 -1 -1 -1 -1
101 -1 -1 -1 -1 -1 -1 -1 -1 -1 -1 -1 -1 -1 -1 -1 -1 -1 -1 -1 -1
102 -1 -1 -1 -1 -1 -1 -1 -1 -1 -1 -1 -1 -1 -1 -1 -1 -1 -1 -1 -1
103 -1 -1 -1 -1 -1 -1 -1 -1 -1 -1 -1 -1 -1 -1 -1 -1 -1 -1 -1 -1
104 -1 -1 -1 -1 -1 -1 -1 -1 -1 -1 -1 -1 -1 -1 -1 -1 -1 -1 -1 -1
105 -1 -1 -1 -1 -1 -1 -1 -1 -1 -1 -1 -1 -1 -1 -1 -1 -1 -1 -1 -1
106 -1 -1 -1 -1 -1 -1 -1 -1 -1 -1 -1 -1 -1 -1 -1 -1 -1 -1 -1 -1
107 -1 -1 -1 -1 -1 -1 -1 -1 -1 -1 -1 -1 -1 -1 -1 -1 -1 -1 -1 -1
108 -1 -1 -1 -1 -1 -1 -1 -1 -1 -1 -1 -1 -1 -1 -1 -1 -1 -1 -1 -1
109 -1 -1 -1 -1 -1 -1 -1 -1 -1 -1 -1 -1 -1 -1 -1 -1 -1 -1 -1 -1
110 -1 -1 -1 -1 -1 -1 -1 -1 -1 -1 -1 -1 -1 -1 -1 -1 -1 -1 -1 -1
111 -1 -1 -1 -1 -1 -1 -1 -1 -1 -1 -1 -1 -1 -1 -1 -1 -1 -1 -1 -1
112 -1 -1 -1 -1 -1 -1 -1 -1 -1 -1 -1 -1 -1 -1 -1 -1 -1 -1 -1 -1
113 -1 -1 -1 -1 -1 -1 -1 -1 -1 -1 -1 -1 -1 -1 -1 -1 -1 -1 -1 -1
114 -1 -1 -1 -1 -1 -1 -1 -1 -1 -1 -1 -1 -1 -1 -1 -1 -1 -1 -1 -1
115 -1 -1 -1 -1 -1 -1 -1 -1 -1 -1 -1 -1 -1 -1 -1 -1 -1 -1 -1 -1
116 -1 -1 -1 -1 -1 -1 -1 -1 -1 -1 -1 -1 -1 -1 -1 -1 -1 -1 -1 -1
117 -1 -1 -1 -1 -1 -1 -1 -1 -1 -1 -1 -1 -1 -1 -1 -1 -1 -1 -1 -1
118 -1 -1 -1 -1 -1 -1 -1 -1 -1 -1 -1 -1 -1 -1 -1 -1 -1 -1 -1 -1
119 -1 -1 -1 -1 -1 -1 -1 -1 -1 -1 -1 -1 -1 -1 -1 -1 -1 -1 -1 -1
120 -1 -1 -1 -1 -1 -1 -1 -1 -1 -1 -1 -1 -1 -1 -1 -1 -1 -1 -1 -1
121 -1 -1 -1 -1 -1 -1 -1 -1 -1 -1 -1 -1 -1 -1 -1 -1 -1 -1 -1 -1
122 -1 -1 -1 -1 -1 -1 -1 -1 -1 -1 -1 -1 -1 -1 -1 -1 -1 -1 -1 -1
123 -1 -1 -1 -1 -1 -1 -1 -1 -1 -1 -1 -1 -1 -1 -1 -1 -1 -1 -1 -1
124 -1 -1 -1 -1 -1 -1 -1 -1 -1 -1 -1 -1 -1 -1 -1 -1 -1 -1 -1 -1
125 -1 -1 -1 -1 -1 -1 -1 -1 -1 -1 -1 -1 -1 -1 -1 -1 -1 -1 -1 -1
126 -1 -1 -1 -1 -1 -1 -1 -1 -1 -1 -1 -1 -1 -1 -1 -1 -1 -1 -1 -1
127 -1 -1 -1 -1 -1 -1 -1 -1 -1 -1 -1 -1 -1 -1 -1 -1 -1 -1 -1 -1
128 -1 -1 -1 -1 -1 -1 -1 -1 -1 -1 -1 -1 -1 -1 -1 -1 -1 -1 -1 -1
129 -1 -1 -1 -1 -1 -1 -1 -1 -1 -1 -1 -1 -1 -1 -1 -1 -1 -1 -1 -1
130 -1 -1 -1 -1 -1 -1 -1 -1 -1 -1 -1 -1 -1 -1 -1 -1 -1 -1 -1 -1
131 -1 -1 -1 -1 -1 -1 -1 -1 -1 -1 -1 -1 -1 -1 -1 -1 -1 -1 -1 -1
132 -1 -1 -1 -1 -1 -1 -1 -1 -1 -1 -1 -1 -1 -1 -1 -1 -1 -1 -1 -1
133 -1 -1 -1 -1 -1 -1 -1 -1 -1 -1 -1 -1 -1 -1 -1 -1 -1 -1 -1 -1
134 -1 -1 -1 -1 -1 -1 -1 -1 -1 -1 -1 -1 -1 -1 -1 -1 -1 -1 -1 -1
135 -1 -1 -1 -1 -1 -1 -1 -1 -1 -1 -1 -1 -1 -1 -1 -1 -1 -1 -1 -1
136 -1 -1 -1 -1 -1 -1 -1 -1 -1 -1 -1 -1 -1 -1 -1 -1 -1 -1 -1 -1
137 -1 -1 -1 -1 -1 -1 -1 -1 -1 -1 -1 -1 -1 -1 -1 -1 -1 -1 -1 -1
138 -1 -1 -1 -1 -1 -1 -1 -1 -1 -1 -1 -1 -1 -1 -1 -1 -1 -1 -1 -1
139 -1 -1 -1 -1 -1 -1 -1 -1 -1 -1 -1 -1 -1 -1 -1 -1 -1 -1 -1 -1
140 -1 -1 -1 -1 -1 -1 -1 -1 -1 -1 -1 -1 -1 -1 -1 -1 -1 -1 -1 -1
141 -1 -1 -1 -1 -1 -1 -1 -1 -1 -1 -1 -1 -1 -1 -1 -1 -1 -1 -1 -1
142 -1 -1 -1 -1 -1 -1 -1 -1 -1 -1 -1 -1 -1 -1 -1 -1 -1 -1 -1 -1
143 -1 -1 -1 -1 -1 -1 -1 -1 -1 -1 -1 -1 -1 -1 -1 -1 -1 -1 -1 -1
144 -1 -1 -1 -1 -1 -1 -1 -1 -1 -1 -1 -1 -1 -1 -1 -1 -1 -1 -1 -1
145 -1 -1 -1 -1 -1 -1 -1 -1 -1 -1 -1 -1 -1 -1 -1 -1 -1 -1 -1 -1
146 -1 -1 -1 -1 -1 -1 -1 -1 -1 -1 -1 -1 -1 -1 -1 -1 -1 -1 -1 -1
147 -1 -1 -1 -1 -1 -1 -1 -1 -1 -1 -1 -1 -1 -1 -1 -1 -1 -1 -1 -1
148 -1 -1 -1 -1 -1 -1 -1 -1 -1 -1 -1 -1 -1 -1 -1 -1 -1 -1 -1 -1
149 -1 -1 -1 -1 -1 -1 -1 -1 -1 -1 -1 -1 -1 -1 -1 -1 -1 -1 -1 -1
150 -1 -1 -1 -1 -1 -1 -1 -1 -1 -1 -1 -1 -1 -1 -1 -1 -1 -1 -1 -1
151 0.485258 0.540414 0.509399 0.651280 0.526922 0.662877 0.491876 0.639683 0.526922 0.662877 0.509363 0.764080 0.557014 0.721566 0.491876 0.639683 0.436759 0.699468 0.437007 0.806901
152 0.471526 0.564030 0.501679 0.657544 0.518357 0.669223 0.485001 0.645865 0.518357 0.669223 0.505918 0.766831 0.558788 0.722300 0.485001 0.645865 0.429811 0.711682 0.433461 0.825093
153 0.459421 0.577599 0.496063 0.659741 0.513170 0.668772 0.478957 0.650710 0.513170 0.668772 0.501336 0.768558 0.558976 0.735736 0.478957 0.650710 0.433919 0.725356 0.429835 0.836736
154 0.450434 0.579298 0.494309 0.660540 0.507418 0.667874 0.481200 0.653206 0.507418 0.667874 0.498456 0.766800 0.564691 0.745395 0.481200 0.653206 0.450434 0.745086 0.508167 0.769710
155 0.436487 0.587694 0.490264 0.657232 0.505852 0.660999 0.474677 0.653465 0.505852 0.660999 0.499353 0.763511 0.570303 0.745322 0.474677 0.653465 0.454305 0.747440 0.519488 0.747235
156 0.425435 0.595799 0.488514 0.654628 0.503885 0.657641 0.473142 0.651614 0.503885 0.657641 0.501354 0.760551 0.575319 0.744414 0.473142 0.651614 0.454866 0.744819 0.521974 0.737225
157 0.413899 0.600543 0.484410 0.649693 0.499953 0.650636 0.468867 0.648751 0.499953 0.650636 0.500663 0.753315 0.578423 0.742683 0.468867 0.648751 0.443494 0.740057 0.461251 0.800256
158 0.403157 0.608458 0.479427 0.647194 0.494426 0.644093 0.464427 0.650295 0.494426 0.644093 0.500788 0.745733 0.581642 0.741745 0.464427 0.650295 0.443392 0.744088 0.501542 0.772078
159 0.389938 0.617075 0.473527 0.648339 0.488258 0.641236 0.458796 0.655442 0.488258 0.641236 0.502434 0.737510 0.582856 0.741421 0.458796 0.655442 0.447307 0.746878 0.520714 0.732637
160 0.385091 0.624752 0.469060 0.648108 0.483019 0.639126 0.455102 0.657089 0.483019 0.639126 0.503201 0.728991 0.583790 0.739157 0.455102 0.657089 0.444418 0.745361 0.518766 0.737859
161 0.381811 0.627681 0.463558 0.643720 0.477062 0.631365 0.450054 0.656076 0.477062 0.631365 0.503125 0.723658 0.583081 0.733579 0.450054 0.656076 0.441177 0.743711 0.513694 0.744740
162 0.373528 0.629071 0.458122 0.639355 0.471223 0.624824 0.445022 0.653886 0.471223 0.624824 0.501368 0.717535 0.582658 0.728023 0.445022 0.653886 0.443424 0.742467 0.521154 0.746616
163 0.365375 0.631734 0.452662 0.637331 0.466032 0.621907 0.439292 0.652754 0.466032 0.621907 0.501416 0.710913 0.582017 0.726850 0.439292 0.652754 0.443041 0.743113 0.519039 0.752497
164 0.358794 0.634616 0.448896 0.635163 0.461759 0.618271 0.436032 0.652054 0.461759 0.618271 0.501782 0.702810 0.582008 0.723486 0.436032 0.652054 0.433624 0.742681 0.480440 0.778058
165 0.354377 0.637050 0.445580 0.633167 0.456517 0.615090 0.434643 0.651243 0.456517 0.615090 0.499341 0.696330 0.583022 0.719523 0.434643 0.651243 0.432858 0.742302 0.487722 0.773479
166 0.350790 0.634119 0.444576 0.630938 0.454166 0.611534 0.434987 0.650342 0.454166 0.611534 0.499611 0.690523 0.582850 0.716497 0.434987 0.650342 0.428520 0.740768 0.420970 0.823805
167 0.349333 0.630735 0.443237 0.629182 0.453094 0.609906 0.433380 0.648458 0.453094 0.609906 0.500175 0.688868 0.586133 0.717060 0.433380 0.648458 0.428508 0.739161 0.415092 0.829015
168 0.347278 0.626255 0.441773 0.626609 0.449733 0.607191 0.433813 0.646028 0.449733 0.607191 0.495794 0.687711 0.581697 0.713891 0.433813 0.646028 0.428684 0.738524 0.525560 0.748234
169 0.347307 0.622449 0.440272 0.625345 0.448730 0.605531 0.431813 0.645159 0.448730 0.605531 0.488960 0.688254 0.577813 0.715175 0.431813 0.645159 0.424393 0.735510 0.426996 0.804352
170 0.347271 0.618238 0.439518 0.624423 0.448172 0.604584 0.430864 0.644263 0.448172 0.604584 0.488851 0.689193 0.576126 0.716094 0.430864 0.644263 0.423207 0.735262 0.420121 0.821317
171 0.346688 0.615599 0.438015 0.623235 0.446871 0.603347 0.429160 0.643122 0.446871 0.603347 0.488964 0.687631 0.573465 0.717585 0.429160 0.643122 0.424868 0.734400 0.417657 0.822278
172 0.348468 0.616714 0.439811 0.621903 0.448817 0.602157 0.430805 0.641649 0.448817 0.602157 0.489256 0.686770 0.571281 0.717664 0.430805 0.641649 0.425424 0.733319 0.417467 0.819943
173 0.348831 0.616130 0.439080 0.621853 0.448182 0.602653 0.429979 0.641053 0.448182 0.602653 0.488672 0.685417 0.571207 0.717857 0.429979 0.641053 0.425532 0.733246 0.416333 0.821369
174 0.348373 0.617426 0.439623 0.622102 0.448554 0.603102 0.430692 0.641101 0.448554 0.603102 0.488424 0.685656 0.569856 0.717762 0.430692 0.641101 0.428182 0.733354 0.484495 0.749547
175 0.346139 0.616762 0.439482 0.622241 0.448493 0.603363 0.430472 0.641118 0.448493 0.603363 0.488783 0.686644 0.570630 0.719190 0.430472 0.641118 0.429077 0.733527 0.473476 0.744646
176 0.348144 0.618491 0.439974 0.622292 0.448914 0.603490 0.431035 0.641095 0.448914 0.603490 0.491580 0.686092 0.571083 0.720520 0.431035 0.641095 0.429179 0.734773 0.465395 0.759107
177 0.346195 0.618561 0.439899 0.622586 0.448807 0.603874 0.430991 0.641299 0.448807 0.603874 0.492487 0.686793 0.571364 0.720579 0.430991 0.641299 0.434979 0.734913 0.499734 0.728506
178 0.345259 0.617189 0.439903 0.622721 0.448956 0.604111 0.430849 0.641331 0.448956 0.604111 0.492561 0.687072 0.571565 0.720606 0.430849 0.641331 0.434543 0.734874 0.483000 0.737750
179 0.346221 0.616902 0.440023 0.622593 0.449249 0.604286 0.430796 0.640899 0.449249 0.604286 0.493156 0.687248 0.572146 0.720936 0.430796 0.640899 0.432240 0.734812 0.422286 0.816335
180 0.346670 0.616180 0.439937 0.623130 0.449464 0.605635 0.430410 0.640624 0.449464 0.605635 0.498121 0.689201 0.573624 0.723761 0.430410 0.640624 0.427390 0.734340 0.415990 0.822328
181 0.346544 0.615776 0.439874 0.623193 0.449775 0.606632 0.429973 0.639755 0.449775 0.606632 0.501346 0.690236 0.575114 0.724298 0.429973 0.639755 0.425157 0.733627 0.415900 0.822293
182 0.346842 0.616436 0.439965 0.623405 0.449913 0.606960 0.430017 0.639850 0.449913 0.606960 0.500395 0.690513 0.575040 0.724363 0.430017 0.639850 0.425561 0.733743 0.416738 0.819221
183 0.346476 0.617049 0.440144 0.623776 0.450209 0.607442 0.430079 0.640110 0.450209 0.607442 0.500432 0.691665 0.574657 0.724743 0.430079 0.640110 0.426259 0.733756 0.419579 0.810783
184 0.346581 0.617681 0.440049 0.623919 0.450320 0.607697 0.429777 0.640142 0.450320 0.607697 0.500154 0.691946 0.574621 0.724954 0.429777 0.640142 0.425537 0.733759 0.417104 0.819552
185 0.346677 0.617905 0.440163 0.623787 0.450514 0.607410 0.429811 0.640165 0.450514 0.607410 0.498677 0.692060 0.574610 0.725057 0.429811 0.640165 0.425143 0.732757 0.415300 0.819983
186 0.347093 0.618622 0.440119 0.623600 0.450576 0.607474 0.429662 0.639725 0.450576 0.607474 0.498588 0.692662 0.574518 0.725239 0.429662 0.639725 0.425263 0.732792 0.416280 0.823042
187 0.346819 0.618497 0.439694 0.623529 0.450576 0.607427 0.428812 0.639631 0.450576 0.607427 0.498530 0.692726 0.574510 0.726553 0.428812 0.639631 0.425432 0.732828 0.417353 0.824351
188 0.346878 0.618505 0.439619 0.623547 0.450418 0.607441 0.428821 0.639652 0.450418 0.607441 0.498491 0.692859 0.574501 0.727564 0.428821 0.639652 0.425007 0.732727 0.417314 0.821852
189 0.346817 0.618548 0.439688 0.623583 0.450440 0.607498 0.428936 0.639668 0.450440 0.607498 0.498453 0.693060 0.574448 0.728337 0.428936 0.639668 0.426481 0.733236 0.416372 0.821249
190 0.346458 0.618574 0.439648 0.624140 0.450422 0.607939 0.428873 0.640340 0.450422 0.607939 0.498489 0.693086 0.574242 0.728704 0.428873 0.640340 0.426594 0.733560 0.417190 0.822666
191 0.346495 0.618591 0.440079 0.624694 0.450957 0.608338 0.429200 0.641051 0.450957 0.608338 0.498542 0.693636 0.574221 0.728609 0.429200 0.641051 0.427116 0.733389 0.416663 0.823821
192 0.346543 0.618625 0.440170 0.624678 0.450957 0.608332 0.429383 0.641024 0.450957 0.608332 0.496858 0.693785 0.574215 0.727876 0.429383 0.641024 0.426796 0.733886 0.416232 0.810775
193 0.346778 0.618667 0.440264 0.624435 0.450965 0.608194 0.429562 0.640676 0.450965 0.608194 0.496543 0.693693 0.574376 0.727350 0.429562 0.640676 0.427168 0.733810 0.415965 0.813867
194 0.346450 0.618598 0.440168 0.623758 0.450737 0.607742 0.429599 0.639775 0.450737 0.607742 0.496512 0.693689 0.574403 0.727318 0.429599 0.639775 0.427454 0.734830 0.421382 0.805545
195 0.346525 0.618538 0.439453 0.623374 0.450239 0.607675 0.428668 0.639073 0.450239 0.607675 0.496900 0.693316 0.574510 0.726833 0.428668 0.639073 0.427257 0.734212 0.419552 0.815370
196 0.346440 0.618527 0.439474 0.623371 0.450250 0.607649 0.428697 0.639092 0.450250 0.607649 0.497538 0.693872 0.575068 0.726883 0.428697 0.639092 0.427333 0.734231 0.419283 0.820488
197 0.347246 0.619612 0.439543 0.623418 0.449942 0.607374 0.429144 0.639463 0.449942 0.607374 0.496959 0.694143 0.574419 0.726871 0.429144 0.639463 0.426399 0.734148 0.418428 0.821083
198 0.347252 0.619208 0.439486 0.623392 0.449911 0.607373 0.429061 0.639411 0.449911 0.607373 0.495643 0.692599 0.573950 0.726877 0.429061 0.639411 0.426740 0.734156 0.417922 0.822400
199 0.347590 0.619551 0.439661 0.623683 0.450246 0.607739 0.429076 0.639626 0.450246 0.607739 0.496004 0.693154 0.574388 0.726867 0.429076 0.639626 0.426067 0.734156 0.416535 0.823654
200 0.348571 0.620694 0.439755 0.624431 0.450302 0.607833 0.429207 0.641029 0.450302 0.607833 0.496035 0.693686 0.574317 0.726863 0.429207 0.641029 0.425392 0.734337 0.416714 0.823318
201 0.347804 0.620121 0.439534 0.624382 0.450099 0.607827 0.428969 0.640938 0.450099 0.607827 0.497003 0.693368 0.574146 0.726346 0.428969 0.640938 0.425782 0.734298 0.416747 0.823083
202 0.347522 0.620023 0.439796 0.624637 0.450144 0.608013 0.429448 0.641261 0.450144 0.608013 0.496861 0.694566 0.574104 0.726410 0.429448 0.641261 0.426558 0.736426 0.417116 0.822659
203 0.347501 0.619984 0.440012 0.624748 0.450325 0.607963 0.429699 0.641533 0.450325 0.607963 0.497617 0.694433 0.574096 0.726599 0.429699 0.641533 0.427960 0.736393 0.417156 0.822468
204 0.347465 0.619756 0.440347 0.624750 0.450847 0.607998 0.429847 0.641502 0.450847 0.607998 0.497815 0.694418 0.574022 0.726598 0.429847 0.641502 0.427987 0.735138 0.417156 0.821076
205 0.347462 0.619634 0.440393 0.624523 0.450709 0.607731 0.430077 0.641316 0.450709 0.607731 0.497627 0.694182 0.573911 0.727287 0.430077 0.641316 0.428948 0.736041 0.451304 0.772247
206 0.348308 0.620298 0.440046 0.624751 0.450590 0.608148 0.429502 0.641355 0.450590 0.608148 0.497915 0.693401 0.573888 0.727353 0.429502 0.641355 0.428165 0.735995 0.428813 0.811493
207 0.347732 0.619061 0.439989 0.624614 0.450541 0.608146 0.429438 0.641082 0.450541 0.608146 0.498610 0.693818 0.574070 0.727383 0.429438 0.641082 0.426455 0.735598 0.420017 0.820017
208 0.347971 0.619222 0.440198 0.625198 0.450990 0.609037 0.429407 0.641360 0.450990 0.609037 0.498887 0.693800 0.574148 0.727371 0.429407 0.641360 0.426463 0.735238 0.418120 0.823510
209 0.347878 0.618335 0.440494 0.624787 0.451221 0.609116 0.429767 0.640457 0.451221 0.609116 0.499342 0.694500 0.574626 0.727488 0.429767 0.640457 0.425765 0.735237 0.416982 0.824932
210 0.347812 0.617876 0.440460 0.624632 0.451219 0.609114 0.429701 0.640151 0.451219 0.609114 0.499407 0.694517 0.574995 0.727305 0.429701 0.640151 0.425816 0.735181 0.415234 0.825362
211 0.347445 0.617671 0.440550 0.624253 0.451217 0.608776 0.429884 0.639731 0.451217 0.608776 0.499041 0.694448 0.574964 0.727306 0.429884 0.639731 0.425329 0.733980 0.415030 0.824412
212 0.347324 0.617568 0.440966 0.624282 0.451837 0.608936 0.430095 0.639627 0.451837 0.608936 0.500171 0.694680 0.575651 0.727999 0.430095 0.639627 0.425181 0.733807 0.415152 0.824563
213 0.347048 0.617591 0.440635 0.623686 0.451647 0.608459 0.429622 0.638913 0.451647 0.608459 0.500120 0.693641 0.576983 0.727536 0.429622 0.638913 0.424924 0.733570 0.415262 0.824823
214 0.347129 0.618206 0.440441 0.623708 0.451280 0.608420 0.429601 0.638996 0.451280 0.608420 0.499841 0.692987 0.576672 0.727507 0.429601 0.638996 0.425269 0.733792 0.415831 0.825683
215 0.346733 0.618057 0.440428 0.623839 0.451278 0.608509 0.429579 0.639168 0.451278 0.608509 0.499753 0.693092 0.576165 0.727503 0.429579 0.639168 0.425293 0.734022 0.415880 0.824962
216 0.347934 0.619920 0.440595 0.623816 0.451288 0.608363 0.429903 0.639268 0.451288 0.608363 0.499294 0.693467 0.576127 0.727249 0.429903 0.639268 0.424962 0.733894 0.415960 0.824204
217 0.348619 0.620970 0.440501 0.623993 0.450973 0.608240 0.430028 0.639745 0.450973 0.608240 0.498472 0.693180 0.575619 0.727234 0.430028 0.639745 0.424957 0.733905 0.416020 0.824061
218 0.348861 0.620864 0.440795 0.624155 0.451052 0.608475 0.430537 0.639835 0.451052 0.608475 0.497132 0.693185 0.575988 0.726275 0.430537 0.639835 0.424949 0.733916 0.416101 0.823940
219 0.348709 0.620460 0.441031 0.624106 0.451317 0.608449 0.430745 0.639763 0.451317 0.608449 0.497053 0.692977 0.575641 0.726012 0.430745 0.639763 0.424920 0.734039 0.416078 0.824077
220 0.347526 0.619102 0.439929 0.623483 0.450564 0.608311 0.429295 0.638656 0.450564 0.608311 0.497079 0.694000 0.575680 0.726642 0.429295 0.638656 0.424394 0.733831 0.415832 0.824037
221 0.347811 0.619040 0.440210 0.623529 0.450826 0.608167 0.429593 0.638890 0.450826 0.608167 0.497058 0.693677 0.575453 0.726542 0.429593 0.638890 0.424223 0.733963 0.415865 0.825267
222 0.347731 0.619068 0.439933 0.623585 0.450664 0.608129 0.429203 0.639041 0.450664 0.608129 0.497539 0.692618 0.575457 0.726271 0.429203 0.639041 0.424265 0.733554 0.416136 0.825184
223 0.347753 0.619219 0.440347 0.623965 0.450777 0.608126 0.429917 0.639804 0.450777 0.608126 0.497198 0.692936 0.575408 0.725724 0.429917 0.639804 0.424432 0.733601 0.416144 0.825082
224 0.347205 0.618531 0.440345 0.623911 0.450867 0.608110 0.429824 0.639712 0.450867 0.608110 0.497673 0.693194 0.575396 0.725702 0.429824 0.639712 0.425847 0.732616 0.416156 0.823266
225 0.347365 0.618560 0.440214 0.624012 0.450566 0.608103 0.429862 0.639920 0.450566 0.608103 0.496092 0.692533 0.575395 0.725426 0.429862 0.639920 0.425253 0.732172 0.416124 0.822392
226 0.347616 0.618558 0.440288 0.623964 0.450701 0.607997 0.429874 0.639931 0.450701 0.607997 0.496328 0.692695 0.575368 0.726158 0.429874 0.639931 0.425717 0.732040 0.416024 0.824311
227 0.347615 0.618878 0.440431 0.623958 0.450722 0.607998 0.430140 0.639918 0.450722 0.607998 0.496610 0.693521 0.575096 0.726204 0.430140 0.639918 0.427174 0.733598 0.439517 0.790389
228 0.347559 0.618999 0.440410 0.624034 0.450667 0.607995 0.430153 0.640073 0.450667 0.607995 0.496997 0.693526 0.575110 0.726201 0.430153 0.640073 0.427639 0.733969 0.428910 0.808780
229 0.347561 0.618813 0.440419 0.623954 0.450687 0.607991 0.430151 0.639917 0.450687 0.607991 0.496907 0.693446 0.575183 0.726214 0.430151 0.639917 0.426305 0.733955 0.421897 0.817079
230 0.347617 0.619374 0.440641 0.624429 0.450983 0.608570 0.430299 0.640289 0.450983 0.608570 0.498376 0.693739 0.575086 0.726171 0.430299 0.640289 0.427348 0.734187 0.419260 0.820453
231 0.347660 0.619404 0.440919 0.624427 0.451368 0.608576 0.430469 0.640278 0.451368 0.608576 0.498287 0.693411 0.575161 0.726250 0.430469 0.640278 0.427312 0.734179 0.418776 0.824165
232 0.347688 0.620199 0.440690 0.624209 0.451256 0.608116 0.430124 0.640302 0.451256 0.608116 0.498257 0.693392 0.575117 0.726330 0.430124 0.640302 0.427537 0.734016 0.418347 0.819756
233 0.347338 0.618814 0.440758 0.624143 0.451256 0.608114 0.430259 0.640173 0.451256 0.608114 0.498613 0.693496 0.574839 0.726366 0.430259 0.640173 0.427657 0.734458 0.417664 0.824827
234 0.346790 0.618816 0.440532 0.624062 0.451038 0.607953 0.430026 0.640171 0.451038 0.607953 0.496950 0.693280 0.573961 0.726627 0.430026 0.640171 0.427690 0.734446 0.416668 0.823849
235 0.346806 0.618536 0.440869 0.624373 0.451590 0.608558 0.430147 0.640187 0.451590 0.608558 0.497368 0.693803 0.575370 0.726786 0.430147 0.640187 0.427665 0.734633 0.416689 0.825215
236 0.346764 0.618546 0.440743 0.624241 0.451431 0.608368 0.430055 0.640113 0.451431 0.608368 0.497283 0.693184 0.575266 0.726141 0.430055 0.640113 0.427559 0.734494 0.416517 0.825175
237 0.346920 0.618767 0.440002 0.624246 0.450794 0.608376 0.429210 0.640116 0.450794 0.608376 0.496095 0.693102 0.575118 0.726145 0.429210 0.640116 0.427594 0.734586 0.416488 0.825033
238 0.347011 0.618803 0.440127 0.624229 0.451026 0.608349 0.429228 0.640109 0.451026 0.608349 0.496258 0.693109 0.574627 0.726138 0.429228 0.640109 0.427491 0.734544 0.416342 0.824977
239 0.346995 0.618655 0.440755 0.624217 0.451466 0.608346 0.430044 0.640088 0.451466 0.608346 0.497187 0.693289 0.576051 0.726388 0.430044 0.640088 0.427672 0.733986 0.416071 0.822406
240 0.347064 0.618728 0.440702 0.623631 0.451198 0.607370 0.430206 0.639891 0.451198 0.607370 0.497021 0.691006 0.574619 0.726045 0.430206 0.639891 0.427891 0.734017 0.416338 0.822550
241 0.346681 0.618666 0.440462 0.623698 0.451020 0.607429 0.429905 0.639966 0.451020 0.607429 0.496549 0.691525 0.574673 0.726256 0.429905 0.639966 0.426665 0.733980 0.416320 0.822581
242 0.346716 0.618663 0.440322 0.623617 0.450969 0.607333 0.429675 0.639902 0.450969 0.607333 0.496953 0.690730 0.574458 0.725790 0.429675 0.639902 0.426668 0.732118 0.416693 0.822354
243 0.346677 0.618483 0.440367 0.623681 0.450968 0.607213 0.429766 0.640148 0.450968 0.607213 0.496953 0.690645 0.573137 0.724860 0.429766 0.640148 0.427415 0.732226 0.416713 0.822075
244 0.347313 0.619022 0.440693 0.623935 0.451123 0.607218 0.430263 0.640652 0.451123 0.607218 0.496994 0.690735 0.573280 0.724799 0.430263 0.640652 0.427973 0.732391 0.416663 0.816227
245 0.347062 0.618890 0.440467 0.623906 0.451083 0.607273 0.429851 0.640540 0.451083 0.607273 0.497253 0.690781 0.573501 0.724814 0.429851 0.640540 0.426646 0.731991 0.416953 0.816486
246 0.347278 0.619550 0.440290 0.623924 0.451057 0.607341 0.429522 0.640507 0.451057 0.607341 0.497129 0.690903 0.574735 0.724869 0.429522 0.640507 0.427116 0.732721 0.416686 0.816982
247 0.347240 0.619574 0.439667 0.623913 0.450593 0.607371 0.428742 0.640454 0.450593 0.607371 0.496693 0.690951 0.574804 0.725269 0.428742 0.640454 0.427265 0.733148 0.416594 0.817749
248 0.347993 0.620189 0.440325 0.624002 0.451134 0.607556 0.429516 0.640448 0.451134 0.607556 0.497452 0.693363 0.575494 0.725344 0.429516 0.640448 0.427285 0.733154 0.416630 0.819515
249 0.347273 0.619788 0.439628 0.623993 0.450344 0.607547 0.428913 0.640440 0.450344 0.607547 0.496485 0.693343 0.575487 0.725388 0.428913 0.640440 0.426749 0.733420 0.416461 0.820715
250 0.347201 0.619758 0.439742 0.624021 0.450439 0.607550 0.429044 0.640492 0.450439 0.607550 0.496490 0.693427 0.575488 0.725541 0.429044 0.640492 0.426126 0.733379 0.416466 0.820541
251 0.346845 0.619512 0.439756 0.624008 0.450486 0.607553 0.429025 0.640463 0.450486 0.607553 0.496482 0.694079 0.575359 0.725483 0.429025 0.640463 0.426794 0.733342 0.416467 0.819502
252 0.346812 0.619506 0.439798 0.624003 0.450433 0.607483 0.429162 0.640522 0.450433 0.607483 0.496038 0.694036 0.574593 0.725488 0.429162 0.640522 0.426088 0.733342 0.416627 0.815310
253 0.346747 0.619394 0.439817 0.623989 0.450436 0.607462 0.429198 0.640516 0.450436 0.607462 0.496121 0.694059 0.573891 0.725432 0.429198 0.640516 0.426601 0.734323 0.416595 0.814675
254 0.347143 0.619402 0.439881 0.624214 0.450557 0.607701 0.429204 0.640727 0.450557 0.607701 0.497243 0.693647 0.574076 0.725288 0.429204 0.640727 0.425948 0.733841 0.415994 0.818654
255 0.348148 0.620348 0.439998 0.624273 0.450686 0.607737 0.429309 0.640809 0.450686 0.607737 0.498017 0.693639 0.574089 0.725337 0.429309 0.640809 0.426046 0.732480 0.416080 0.820967
256 0.347728 0.620104 0.439970 0.624196 0.450551 0.607654 0.429389 0.640738 0.450551 0.607654 0.497892 0.693642 0.574137 0.725337 0.429389 0.640738 0.426030 0.733277 0.428790 0.795788
257 0.347717 0.620098 0.440152 0.624294 0.450576 0.607867 0.429728 0.640720 0.450576 0.607867 0.497784 0.693549 0.574837 0.725195 0.429728 0.640720 0.425736 0.733150 0.422616 0.803296
258 0.347704 0.620057 0.440129 0.624280 0.450579 0.607867 0.429679 0.640692 0.450579 0.607867 0.497178 0.693428 0.574583 0.725179 0.429679 0.640692 0.425720 0.733251 0.420847 0.804296
259 0.347331 0.619149 0.440130 0.624504 0.450580 0.608360 0.429680 0.640648 0.450580 0.608360 0.497646 0.693269 0.574605 0.725677 0.429680 0.640648 0.425716 0.733259 0.420511 0.813025
260 0.347191 0.619160 0.439565 0.624494 0.450415 0.608338 0.428715 0.640650 0.450415 0.608338 0.497757 0.693312 0.574621 0.725899 0.428715 0.640650 0.424777 0.731916 0.419175 0.816785
261 0.347161 0.618941 0.439798 0.624407 0.450541 0.608299 0.429056 0.640514 0.450541 0.608299 0.497877 0.693665 0.574729 0.726128 0.429056 0.640514 0.424802 0.732946 0.419071 0.816758
262 0.346937 0.618893 0.440123 0.624239 0.450596 0.608020 0.429651 0.640459 0.450596 0.608020 0.497874 0.692980 0.574659 0.726046 0.429651 0.640459 0.427207 0.734479 0.419018 0.819667
263 0.347039 0.618844 0.440556 0.624237 0.450799 0.608018 0.430313 0.640456 0.450799 0.608018 0.497439 0.693069 0.574488 0.725845 0.430313 0.640456 0.427258 0.735807 0.439865 0.784414
