259
292
0 -1 -1 -1 -1 -1 -1 -1 -1 -1 -1 -1 -1 -1 -1 -1 -1 -1 -1 -1 -1
1 -1 -1 -1 -1 -1 -1 -1 -1 -1 -1 -1 -1 -1 -1 -1 -1 -1 -1 -1 -1
2 -1 -1 -1 -1 -1 -1 -1 -1 -1 -1 -1 -1 -1 -1 -1 -1 -1 -1 -1 -1
3 -1 -1 -1 -1 -1 -1 -1 -1 -1 -1 -1 -1 -1 -1 -1 -1 -1 -1 -1 -1
4 -1 -1 -1 -1 -1 -1 -1 -1 -1 -1 -1 -1 -1 -1 -1 -1 -1 -1 -1 -1
5 -1 -1 -1 -1 -1 -1 -1 -1 -1 -1 -1 -1 -1 -1 -1 -1 -1 -1 -1 -1
6 -1 -1 -1 -1 -1 -1 -1 -1 -1 -1 -1 -1 -1 -1 -1 -1 -1 -1 -1 -1
7 -1 -1 -1 -1 -1 -1 -1 -1 -1 -1 -1 -1 -1 -1 -1 -1 -1 -1 -1 -1
8 -1 -1 -1 -1 -1 -1 -1 -1 -1 -1 -1 -1 -1 -1 -1 -1 -1 -1 -1 -1
9 -1 -1 -1 -1 -1 -1 -1 -1 -1 -1 -1 -1 -1 -1 -1 -1 -1 -1 -1 -1
10 -1 -1 -1 -1 -1 -1 -1 -1 -1 -1 -1 -1 -1 -1 -1 -1 -1 -1 -1 -1
11 -1 -1 -1 -1 -1 -1 -1 -1 -1 -1 -1 -1 -1 -1 -1 -1 -1 -1 -1 -1
12 -1 -1 -1 -1 -1 -1 -1 -1 -1 -1 -1 -1 -1 -1 -1 -1 -1 -1 -1 -1
13 -1 -1 -1 -1 -1 -1 -1 -1 -1 -1 -1 -1 -1 -1 -1 -1 -1 -1 -1 -1
14 -1 -1 -1 -1 -1 -1 -1 -1 -1 -1 -1 -1 -1 -1 -1 -1 -1 -1 -1 -1
15 -1 -1 -1 -1 -1 -1 -1 -1 -1 -1 -1 -1 -1 -1 -1 -1 -1 -1 -1 -1
16 -1 -1 -1 -1 -1 -1 -1 -1 -1 -1 -1 -1 -1 -1 -1 -1 -1 -1 -1 -1
17 -1 -1 -1 -1 -1 -1 -1 -1 -1 -1 -1 -1 -1 -1 -1 -1 -1 -1 -1 -1
18 -1 -1 -1 -1 -1 -1 -1 -1 -1 -1 -1 -1 -1 -1 -1 -1 -1 -1 -1 -1
19 -1 -1 -1 -1 -1 -1 -1 -1 -1 -1 -1 -1 -1 -1 -1 -1 -1 -1 -1 -1
20 -1 -1 -1 -1 -1 -1 -1 -1 -1 -1 -1 -1 -1 -1 -1 -1 -1 -1 -1 -1
21 -1 -1 -1 -1 -1 -1 -1 -1 -1 -1 -1 -1 -1 -1 -1 -1 -1 -1 -1 -1
22 -1 -1 -1 -1 -1 -1 -1 -1 -1 -1 -1 -1 -1 -1 -1 -1 -1 -1 -1 -1
23 -1 -1 -1 -1 -1 -1 -1 -1 -1 -1 -1 -1 -1 -1 -1 -1 -1 -1 -1 -1
24 -1 -1 -1 -1 -1 -1 -1 -1 -1 -1 -1 -1 -1 -1 -1 -1 -1 -1 -1 -1
25 -1 -1 -1 -1 -1 -1 -1 -1 -1 -1 -1 -1 -1 -1 -1 -1 -1 -1 -1 -1
26 -1 -1 -1 -1 -1 -1 -1 -1 -1 -1 -1 -1 -1 -1 -1 -1 -1 -1 -1 -1
27 -1 -1 -1 -1 -1 -1 -1 -1 -1 -1 -1 -1 -1 -1 -1 -1 -1 -1 -1 -1
28 -1 -1 -1 -1 -1 -1 -1 -1 -1 -1 -1 -1 -1 -1 -1 -1 -1 -1 -1 -1
29 -1 -1 -1 -1 -1 -1 -1 -1 -1 -1 -1 -1 -1 -1 -1 -1 -1 -1 -1 -1
30 -1 -1 -1 -1 -1 -1 -1 -1 -1 -1 -1 -1 -1 -1 -1 -1 -1 -1 -1 -1
31 -1 -1 -1 -1 -1 -1 -1 -1 -1 -1 -1 -1 -1 -1 -1 -1 -1 -1 -1 -1
32 -1 -1 -1 -1 -1 -1 -1 -1 -1 -1 -1 -1 -1 -1 -1 -1 -1 -1 -1 -1
33 -1 -1 -1 -1 -1 -1 -1 -1 -1 -1 -1 -1 -1 -1 -1 -1 -1 -1 -1 -1
34 -1 -1 -1 -1 -1 -1 -1 -1 -1 -1 -1 -1 -1 -1 -1 -1 -1 -1 -1 -1
35 -1 -1 -1 -1 -1 -1 -1 -1 -1 -1 -1 -1 -1 -1 -1 -1 -1 -1 -1 -1
36 -1 -1 -1 -1 -1 -1 -1 -1 -1 -1 -1 -1 -1 -1 -1 -1 -1 -1 -1 -1
37 -1 -1 -1 -1 -1 -1 -1 -1 -1 -1 -1 -1 -1 -1 -1 -1 -1 -1 -1 -1
38 -1 -1 -1 -1 -1 -1 -1 -1 -1 -1 -1 -1 -1 -1 -1 -1 -1 -1 -1 -1
39 -1 -1 -1 -1 -1 -1 -1 -1 -1 -1 -1 -1 -1 -1 -1 -1 -1 -1 -1 -1
40 -1 -1 -1 -1 -1 -1 -1 -1 -1 -1 -1 -1 -1 -1 -1 -1 -1 -1 -1 -1
41 -1 -1 -1 -1 -1 -1 -1 -1 -1 -1 -1 -1 -1 -1 -1 -1 -1 -1 -1 -1
42 -1 -1 -1 -1 -1 -1 -1 -1 -1 -1 -1 -1 -1 -1 -1 -1 -1 -1 -1 -1
43 -1 -1 -1 -1 -1 -1 -1 -1 -1 -1 -1 -1 -1 -1 -1 -1 -1 -1 -1 -1
44 -1 -1 -1 -1 -1 -1 -1 -1 -1 -1 -1 -1 -1 -1 -1 -1 -1 -1 -1 -1
45 -1 -1 -1 -1 -1 -1 -1 -1 -1 -1 -1 -1 -1 -1 -1 -1 -1 -1 -1 -1
46 -1 -1 -1 -1 -1 -1 -1 -1 -1 -1 -1 -1 -1 -1 -1 -1 -1 -1 -1 -1
47 -1 -1 -1 -1 -1 -1 -1 -1 -1 -1 -1 -1 -1 -1 -1 -1 -1 -1 -1 -1
48 0.353370 0.271230 0.326083 0.447881 0.327210 0.448336 0.324957 0.447426 0.327210 0.448336 0.347238 0.557086 0.368678 0.664786 0.324957 0.447426 0.300054 0.571052 0.263356 0.687003
49 0.360758 0.269979 0.330979 0.446886 0.335320 0.448138 0.326639 0.445634 0.335320 0.448138 0.350393 0.556817 0.367575 0.664890 0.326639 0.445634 0.309343 0.569479 0.263576 0.678556
50 0.367383 0.267343 0.338224 0.445844 0.341896 0.447448 0.334552 0.444239 0.341896 0.447448 0.354308 0.556932 0.367649 0.666039 0.334552 0.444239 0.318533 0.568060 0.263995 0.674724
51 0.374707 0.264504 0.345790 0.441872 0.346887 0.442638 0.344692 0.441107 0.346887 0.442638 0.357113 0.557314 0.368718 0.666623 0.344692 0.441107 0.332149 0.566782 0.267301 0.671881
52 0.381521 0.264101 0.352708 0.439365 0.356230 0.440464 0.349186 0.438266 0.356230 0.440464 0.359467 0.558895 0.370147 0.667523 0.349186 0.438266 0.342195 0.566214 0.273404 0.668833
53 0.387001 0.263499 0.359534 0.436875 0.362982 0.438318 0.356087 0.435432 0.362982 0.438318 0.363260 0.558681 0.369982 0.668286 0.356087 0.435432 0.353792 0.565906 0.284502 0.663858
54 0.392521 0.262284 0.367020 0.431297 0.369503 0.432496 0.364537 0.430098 0.369503 0.432496 0.371087 0.554747 0.370372 0.668988 0.364537 0.430098 0.362586 0.564817 0.297164 0.662484
55 0.397989 0.261322 0.375402 0.430670 0.381570 0.432332 0.369235 0.429009 0.381570 0.432332 0.382157 0.553794 0.368975 0.668961 0.369235 0.429009 0.373287 0.563235 0.314156 0.657532
56 0.403132 0.260425 0.380615 0.430599 0.387834 0.432290 0.373396 0.428908 0.387834 0.432290 0.391284 0.553379 0.362687 0.663915 0.373396 0.428908 0.380298 0.561479 0.337880 0.660777
57 0.407871 0.260654 0.386938 0.429860 0.393615 0.431676 0.380260 0.428044 0.393615 0.431676 0.395413 0.552560 0.362455 0.651801 0.380260 0.428044 0.391378 0.556380 0.359428 0.659246
58 0.413419 0.260616 0.391983 0.430691 0.399392 0.432263 0.384574 0.429120 0.399392 0.432263 0.403021 0.552213 0.367011 0.653950 0.384574 0.429120 0.399678 0.555976 0.364075 0.663989
59 0.418120 0.260016 0.397907 0.431146 0.402737 0.432517 0.393076 0.429775 0.402737 0.432517 0.393135 0.552266 0.372219 0.656747 0.393076 0.429775 0.416267 0.556504 0.382429 0.666910
60 0.422403 0.260297 0.402622 0.431459 0.405056 0.432764 0.400188 0.430155 0.405056 0.432764 0.388759 0.553449 0.375787 0.663025 0.400188 0.430155 0.429369 0.556993 0.412892 0.670282
61 0.428666 0.260072 0.407833 0.432390 0.405208 0.432932 0.410458 0.431847 0.405208 0.432932 0.386122 0.553454 0.373337 0.665876 0.410458 0.431847 0.437727 0.557384 0.436151 0.680794
62 0.434834 0.260008 0.414593 0.432393 0.413035 0.431914 0.416151 0.432872 0.413035 0.431914 0.386677 0.553850 0.372155 0.666422 0.416151 0.432872 0.442973 0.557685 0.458004 0.685224
63 0.439723 0.260139 0.419517 0.438269 0.415035 0.438185 0.423999 0.438353 0.415035 0.438185 0.388453 0.555982 0.371924 0.667683 0.423999 0.438353 0.448860 0.558569 0.473180 0.683555
64 0.446064 0.261104 0.426390 0.439792 0.423348 0.439998 0.429433 0.439587 0.423348 0.439998 0.393331 0.555972 0.371724 0.667557 0.429433 0.439587 0.452998 0.560165 0.482735 0.682524
65 0.453724 0.262420 0.434250 0.440069 0.433123 0.440388 0.435378 0.439751 0.433123 0.440388 0.399933 0.555948 0.371257 0.667154 0.435378 0.439751 0.460450 0.560971 0.486450 0.682845
66 0.461264 0.263456 0.443222 0.439862 0.443424 0.440153 0.443020 0.439570 0.443424 0.440153 0.413147 0.554825 0.370789 0.665724 0.443020 0.439570 0.462679 0.560660 0.488123 0.682339
67 0.467777 0.263864 0.453908 0.440160 0.453191 0.440349 0.454625 0.439970 0.453191 0.440349 0.425460 0.553268 0.374110 0.664310 0.454625 0.439970 0.465092 0.559803 0.487786 0.681972
68 0.475066 0.263806 0.461716 0.440273 0.458914 0.440377 0.464518 0.440169 0.458914 0.440377 0.433434 0.552638 0.377930 0.659531 0.464518 0.440169 0.470667 0.560217 0.489395 0.682228
69 0.482082 0.263654 0.470660 0.440262 0.470395 0.440394 0.470925 0.440129 0.470395 0.440394 0.453228 0.551577 0.386375 0.651130 0.470925 0.440129 0.467545 0.556847 0.488673 0.682031
70 0.489599 0.263408 0.478373 0.440119 0.477751 0.440137 0.478995 0.440101 0.477751 0.440137 0.462123 0.550945 0.395745 0.642418 0.478995 0.440101 0.475834 0.556716 0.488092 0.681928
71 0.495896 0.263277 0.482853 0.439918 0.481982 0.439796 0.483724 0.440040 0.481982 0.439796 0.471924 0.550888 0.408410 0.634269 0.483724 0.440040 0.486354 0.556931 0.489556 0.681927
72 0.501254 0.262906 0.489480 0.438286 0.488032 0.437486 0.490928 0.439086 0.488032 0.437486 0.485552 0.549488 0.420301 0.632031 0.490928 0.439086 0.491416 0.553999 0.489963 0.681870
73 0.504873 0.262641 0.492725 0.434923 0.491984 0.433748 0.493466 0.436098 0.491984 0.433748 0.491789 0.545938 0.456316 0.638036 0.493466 0.436098 0.496474 0.550366 0.465306 0.671737
74 0.508748 0.262490 0.496077 0.433318 0.494435 0.431861 0.497720 0.434774 0.494435 0.431861 0.496856 0.543231 0.453126 0.638445 0.497720 0.434774 0.501441 0.551226 0.478337 0.671907
75 0.513406 0.262714 0.500752 0.433496 0.497837 0.432088 0.503667 0.434905 0.497837 0.432088 0.505262 0.543875 0.471332 0.640364 0.503667 0.434905 0.503071 0.556343 0.482275 0.672111
76 -1 -1 -1 -1 -1 -1 -1 -1 -1 -1 -1 -1 -1 -1 -1 -1 -1 -1 -1 -1
77 -1 -1 -1 -1 -1 -1 -1 -1 -1 -1 -1 -1 -1 -1 -1 -1 -1 -1 -1 -1
78 -1 -1 -1 -1 -1 -1 -1 -1 -1 -1 -1 -1 -1 -1 -1 -1 -1 -1 -1 -1
79 -1 -1 -1 -1 -1 -1 -1 -1 -1 -1 -1 -1 -1 -1 -1 -1 -1 -1 -1 -1
80 -1 -1 -1 -1 -1 -1 -1 -1 -1 -1 -1 -1 -1 -1 -1 -1 -1 -1 -1 -1
81 -1 -1 -1 -1 -1 -1 -1 -1 -1 -1 -1 -1 -1 -1 -1 -1 -1 -1 -1 -1
82 -1 -1 -1 -1 -1 -1 -1 -1 -1 -1 -1 -1 -1 -1 -1 -1 -1 -1 -1 -1
83 0.556069 0.270152 0.542648 0.444534 0.537917 0.442881 0.547379 0.446187 0.537917 0.442881 0.562161 0.548425 0.588232 0.649302 0.547379 0.446187 0.523051 0.562767 0.489528 0.673464
84 0.563247 0.271581 0.550950 0.449803 0.546262 0.448749 0.555639 0.450857 0.546262 0.448749 0.569543 0.552309 0.590320 0.650013 0.555639 0.450857 0.526471 0.564138 0.490776 0.673600
85 0.570214 0.272980 0.558781 0.451636 0.555399 0.450786 0.562163 0.452487 0.555399 0.450786 0.573278 0.554436 0.593370 0.653332 0.562163 0.452487 0.532196 0.564111 0.492758 0.672116
86 0.577103 0.272724 0.565707 0.451376 0.563809 0.450791 0.567604 0.451961 0.563809 0.450791 0.580863 0.554210 0.596764 0.654078 0.567604 0.451961 0.536725 0.564023 0.496163 0.668298
87 0.585000 0.272600 0.569860 0.448177 0.566449 0.447467 0.573270 0.448887 0.566449 0.447467 0.587809 0.546381 0.593016 0.654269 0.573270 0.448887 0.544878 0.558667 0.500008 0.664534
88 0.592640 0.272055 0.575039 0.445099 0.571269 0.443418 0.578808 0.446779 0.571269 0.443418 0.593085 0.544012 0.593795 0.654904 0.578808 0.446779 0.553929 0.557724 0.504130 0.662862
89 0.599443 0.270552 0.581747 0.441679 0.578985 0.439880 0.584508 0.443478 0.578985 0.439880 0.597092 0.543261 0.595085 0.655234 0.584508 0.443478 0.567389 0.556494 0.508770 0.661309
90 0.606763 0.269342 0.590556 0.439754 0.588467 0.438159 0.592645 0.441350 0.588467 0.438159 0.599487 0.543568 0.594875 0.655358 0.592645 0.441350 0.582911 0.556425 0.515514 0.657373
91 0.613420 0.269094 0.597316 0.439386 0.598304 0.438469 0.596329 0.440302 0.598304 0.438469 0.602451 0.545121 0.593678 0.656713 0.596329 0.440302 0.592219 0.556533 0.521369 0.653472
92 0.618692 0.268892 0.601123 0.439256 0.600191 0.438643 0.602055 0.439869 0.600191 0.438643 0.603621 0.546496 0.593025 0.657939 0.602055 0.439869 0.598259 0.557136 0.531312 0.651499
93 0.623687 0.268830 0.606449 0.438328 0.605458 0.438271 0.607439 0.438386 0.605458 0.438271 0.610374 0.546872 0.591873 0.659439 0.607439 0.438386 0.603580 0.557413 0.541913 0.651622
94 0.629809 0.268734 0.612313 0.437813 0.612535 0.438159 0.612090 0.437467 0.612535 0.438159 0.612229 0.548490 0.588565 0.659227 0.612090 0.437467 0.611889 0.557412 0.564790 0.653144
95 0.635196 0.268595 0.617063 0.435380 0.617528 0.435602 0.616599 0.435158 0.617528 0.435602 0.616518 0.548268 0.589014 0.657883 0.616599 0.435158 0.622449 0.555172 0.574527 0.652505
96 0.640427 0.268928 0.621029 0.435302 0.620544 0.435793 0.621514 0.434811 0.620544 0.435793 0.613808 0.548518 0.592209 0.652567 0.621514 0.434811 0.635383 0.554485 0.588733 0.650072
97 0.645309 0.268758 0.623344 0.435360 0.619493 0.435777 0.627195 0.434943 0.619493 0.435777 0.615213 0.548745 0.592027 0.651545 0.627195 0.434943 0.648662 0.554382 0.596950 0.650964
98 -1 -1 -1 -1 -1 -1 -1 -1 -1 -1 -1 -1 -1 -1 -1 -1 -1 -1 -1 -1
99 -1 -1 -1 -1 -1 -1 -1 -1 -1 -1 -1 -1 -1 -1 -1 -1 -1 -1 -1 -1
100 0.662511 0.268730 0.636081 0.434121 0.630116 0.433942 0.642045 0.434300 0.630116 0.433942 0.618307 0.546616 0.595966 0.654496 0.642045 0.434300 0.673731 0.553822 0.643904 0.667464
101 0.667964 0.270171 0.640622 0.434279 0.635251 0.434089 0.645993 0.434469 0.635251 0.434089 0.621248 0.546045 0.595224 0.654532 0.645993 0.434469 0.676635 0.555203 0.666731 0.674993
102 0.673404 0.271253 0.644318 0.434173 0.639260 0.433783 0.649377 0.434563 0.639260 0.433783 0.622279 0.545257 0.595003 0.654557 0.649377 0.434563 0.675364 0.555771 0.686188 0.680362
103 0.679403 0.273079 0.650011 0.434791 0.645114 0.433837 0.654908 0.435744 0.645114 0.433837 0.627291 0.544155 0.595686 0.654057 0.654908 0.435744 0.673914 0.556626 0.697946 0.680960
104 0.685805 0.277463 0.655068 0.434974 0.650082 0.433901 0.660054 0.436047 0.650082 0.433901 0.630580 0.540923 0.596650 0.652378 0.660054 0.436047 0.683850 0.560479 0.704749 0.681001
105 0.691583 0.280762 0.660902 0.435087 0.656081 0.433955 0.665723 0.436219 0.656081 0.433955 0.632701 0.539203 0.597895 0.651359 0.665723 0.436219 0.688648 0.562274 0.707217 0.683610
106 0.697915 0.282294 0.666563 0.437699 0.660733 0.435945 0.672392 0.439454 0.660733 0.435945 0.635906 0.539750 0.599620 0.650369 0.672392 0.439454 0.690201 0.561844 0.710326 0.685125
107 0.704353 0.283288 0.675423 0.441379 0.669648 0.439510 0.681198 0.443247 0.669648 0.439510 0.642630 0.540574 0.602437 0.648991 0.681198 0.443247 0.699291 0.568420 0.712302 0.687474
108 0.711999 0.283687 0.684676 0.443160 0.679265 0.441094 0.690087 0.445225 0.679265 0.441094 0.649590 0.541432 0.604034 0.647647 0.690087 0.445225 0.706665 0.567016 0.716037 0.688115
109 0.719304 0.283614 0.692103 0.443868 0.687575 0.441995 0.696631 0.445741 0.687575 0.441995 0.660813 0.544542 0.607537 0.646740 0.696631 0.445741 0.711160 0.566405 0.716253 0.687726
110 0.726328 0.284747 0.697491 0.445382 0.691900 0.442896 0.703082 0.447868 0.691900 0.442896 0.670460 0.546200 0.614093 0.644327 0.703082 0.447868 0.711982 0.567185 0.714530 0.687070
111 0.733516 0.284752 0.704559 0.445542 0.700122 0.442932 0.708995 0.448151 0.700122 0.442932 0.680046 0.548299 0.622918 0.641494 0.708995 0.448151 0.713257 0.567059 0.715834 0.686610
112 0.738627 0.284370 0.710260 0.445297 0.707718 0.442676 0.712802 0.447917 0.707718 0.442676 0.693807 0.548628 0.631382 0.639297 0.712802 0.447917 0.714086 0.560616 0.717353 0.686163
113 0.743570 0.283938 0.714351 0.443821 0.714141 0.442299 0.714561 0.445343 0.714141 0.442299 0.703725 0.549362 0.639275 0.639037 0.714561 0.445343 0.717525 0.557626 0.717632 0.686192
114 0.746106 0.283847 0.717723 0.443095 0.718868 0.441564 0.716577 0.444626 0.718868 0.441564 0.709302 0.549563 0.651314 0.637313 0.716577 0.444626 0.720303 0.557855 0.717825 0.686990
115 0.749515 0.283664 0.722711 0.442171 0.723742 0.440980 0.721680 0.443361 0.723742 0.440980 0.719147 0.549458 0.660915 0.637563 0.721680 0.443361 0.723405 0.558640 0.717643 0.686802
116 0.753327 0.283485 0.727364 0.442608 0.725960 0.441476 0.728769 0.443740 0.725960 0.441476 0.724123 0.549394 0.674610 0.638242 0.728769 0.443740 0.727130 0.559377 0.715419 0.684962
117 0.756525 0.283601 0.730202 0.444352 0.726364 0.442913 0.734039 0.445791 0.726364 0.442913 0.731169 0.552185 0.701153 0.645294 0.734039 0.445791 0.730117 0.561327 0.713573 0.675786
118 -1 -1 -1 -1 -1 -1 -1 -1 -1 -1 -1 -1 -1 -1 -1 -1 -1 -1 -1 -1
119 -1 -1 -1 -1 -1 -1 -1 -1 -1 -1 -1 -1 -1 -1 -1 -1 -1 -1 -1 -1
120 -1 -1 -1 -1 -1 -1 -1 -1 -1 -1 -1 -1 -1 -1 -1 -1 -1 -1 -1 -1
121 -1 -1 -1 -1 -1 -1 -1 -1 -1 -1 -1 -1 -1 -1 -1 -1 -1 -1 -1 -1
122 -1 -1 -1 -1 -1 -1 -1 -1 -1 -1 -1 -1 -1 -1 -1 -1 -1 -1 -1 -1
123 -1 -1 -1 -1 -1 -1 -1 -1 -1 -1 -1 -1 -1 -1 -1 -1 -1 -1 -1 -1
124 -1 -1 -1 -1 -1 -1 -1 -1 -1 -1 -1 -1 -1 -1 -1 -1 -1 -1 -1 -1
125 -1 -1 -1 -1 -1 -1 -1 -1 -1 -1 -1 -1 -1 -1 -1 -1 -1 -1 -1 -1
126 -1 -1 -1 -1 -1 -1 -1 -1 -1 -1 -1 -1 -1 -1 -1 -1 -1 -1 -1 -1
127 -1 -1 -1 -1 -1 -1 -1 -1 -1 -1 -1 -1 -1 -1 -1 -1 -1 -1 -1 -1
128 -1 -1 -1 -1 -1 -1 -1 -1 -1 -1 -1 -1 -1 -1 -1 -1 -1 -1 -1 -1
129 -1 -1 -1 -1 -1 -1 -1 -1 -1 -1 -1 -1 -1 -1 -1 -1 -1 -1 -1 -1
130 -1 -1 -1 -1 -1 -1 -1 -1 -1 -1 -1 -1 -1 -1 -1 -1 -1 -1 -1 -1
131 -1 -1 -1 -1 -1 -1 -1 -1 -1 -1 -1 -1 -1 -1 -1 -1 -1 -1 -1 -1
132 -1 -1 -1 -1 -1 -1 -1 -1 -1 -1 -1 -1 -1 -1 -1 -1 -1 -1 -1 -1
133 -1 -1 -1 -1 -1 -1 -1 -1 -1 -1 -1 -1 -1 -1 -1 -1 -1 -1 -1 -1
134 -1 -1 -1 -1 -1 -1 -1 -1 -1 -1 -1 -1 -1 -1 -1 -1 -1 -1 -1 -1
135 -1 -1 -1 -1 -1 -1 -1 -1 -1 -1 -1 -1 -1 -1 -1 -1 -1 -1 -1 -1
136 -1 -1 -1 -1 -1 -1 -1 -1 -1 -1 -1 -1 -1 -1 -1 -1 -1 -1 -1 -1
137 -1 -1 -1 -1 -1 -1 -1 -1 -1 -1 -1 -1 -1 -1 -1 -1 -1 -1 -1 -1
138 -1 -1 -1 -1 -1 -1 -1 -1 -1 -1 -1 -1 -1 -1 -1 -1 -1 -1 -1 -1
139 -1 -1 -1 -1 -1 -1 -1 -1 -1 -1 -1 -1 -1 -1 -1 -1 -1 -1 -1 -1
140 -1 -1 -1 -1 -1 -1 -1 -1 -1 -1 -1 -1 -1 -1 -1 -1 -1 -1 -1 -1
141 -1 -1 -1 -1 -1 -1 -1 -1 -1 -1 -1 -1 -1 -1 -1 -1 -1 -1 -1 -1
142 -1 -1 -1 -1 -1 -1 -1 -1 -1 -1 -1 -1 -1 -1 -1 -1 -1 -1 -1 -1
143 -1 -1 -1 -1 -1 -1 -1 -1 -1 -1 -1 -1 -1 -1 -1 -1 -1 -1 -1 -1
144 -1 -1 -1 -1 -1 -1 -1 -1 -1 -1 -1 -1 -1 -1 -1 -1 -1 -1 -1 -1
145 -1 -1 -1 -1 -1 -1 -1 -1 -1 -1 -1 -1 -1 -1 -1 -1 -1 -1 -1 -1
146 -1 -1 -1 -1 -1 -1 -1 -1 -1 -1 -1 -1 -1 -1 -1 -1 -1 -1 -1 -1
147 -1 -1 -1 -1 -1 -1 -1 -1 -1 -1 -1 -1 -1 -1 -1 -1 -1 -1 -1 -1
148 -1 -1 -1 -1 -1 -1 -1 -1 -1 -1 -1 -1 -1 -1 -1 -1 -1 -1 -1 -1
149 -1 -1 -1 -1 -1 -1 -1 -1 -1 -1 -1 -1 -1 -1 -1 -1 -1 -1 -1 -1
150 -1 -1 -1 -1 -1 -1 -1 -1 -1 -1 -1 -1 -1 -1 -1 -1 -1 -1 -1 -1
151 -1 -1 -1 -1 -1 -1 -1 -1 -1 -1 -1 -1 -1 -1 -1 -1 -1 -1 -1 -1
152 -1 -1 -1 -1 -1 -1 -1 -1 -1 -1 -1 -1 -1 -1 -1 -1 -1 -1 -1 -1
153 -1 -1 -1 -1 -1 -1 -1 -1 -1 -1 -1 -1 -1 -1 -1 -1 -1 -1 -1 -1
154 -1 -1 -1 -1 -1 -1 -1 -1 -1 -1 -1 -1 -1 -1 -1 -1 -1 -1 -1 -1
155 -1 -1 -1 -1 -1 -1 -1 -1 -1 -1 -1 -1 -1 -1 -1 -1 -1 -1 -1 -1
156 -1 -1 -1 -1 -1 -1 -1 -1 -1 -1 -1 -1 -1 -1 -1 -1 -1 -1 -1 -1
157 -1 -1 -1 -1 -1 -1 -1 -1 -1 -1 -1 -1 -1 -1 -1 -1 -1 -1 -1 -1
158 -1 -1 -1 -1 -1 -1 -1 -1 -1 -1 -1 -1 -1 -1 -1 -1 -1 -1 -1 -1
159 -1 -1 -1 -1 -1 -1 -1 -1 -1 -1 -1 -1 -1 -1 -1 -1 -1 -1 -1 -1
160 -1 -1 -1 -1 -1 -1 -1 -1 -1 -1 -1 -1 -1 -1 -1 -1 -1 -1 -1 -1
161 -1 -1 -1 -1 -1 -1 -1 -1 -1 -1 -1 -1 -1 -1 -1 -1 -1 -1 -1 -1
162 -1 -1 -1 -1 -1 -1 -1 -1 -1 -1 -1 -1 -1 -1 -1 -1 -1 -1 -1 -1
163 -1 -1 -1 -1 -1 -1 -1 -1 -1 -1 -1 -1 -1 -1 -1 -1 -1 -1 -1 -1
164 -1 -1 -1 -1 -1 -1 -1 -1 -1 -1 -1 -1 -1 -1 -1 -1 -1 -1 -1 -1
165 -1 -1 -1 -1 -1 -1 -1 -1 -1 -1 -1 -1 -1 -1 -1 -1 -1 -1 -1 -1
166 -1 -1 -1 -1 -1 -1 -1 -1 -1 -1 -1 -1 -1 -1 -1 -1 -1 -1 -1 -1
167 -1 -1 -1 -1 -1 -1 -1 -1 -1 -1 -1 -1 -1 -1 -1 -1 -1 -1 -1 -1
168 -1 -1 -1 -1 -1 -1 -1 -1 -1 -1 -1 -1 -1 -1 -1 -1 -1 -1 -1 -1
169 -1 -1 -1 -1 -1 -1 -1 -1 -1 -1 -1 -1 -1 -1 -1 -1 -1 -1 -1 -1
170 -1 -1 -1 -1 -1 -1 -1 -1 -1 -1 -1 -1 -1 -1 -1 -1 -1 -1 -1 -1
171 0.856944 0.320688 0.794371 0.479695 0.784478 0.474812 0.804263 0.484577 0.784478 0.474812 0.778143 0.591488 0.739955 0.683193 0.804263 0.484577 0.801413 0.608793 0.786412 0.743125
172 0.859196 0.319837 0.797285 0.481983 0.789773 0.477291 0.804796 0.486674 0.789773 0.477291 0.782523 0.596663 0.734809 0.689396 0.804796 0.486674 0.798785 0.608161 0.784732 0.744264
173 0.861208 0.319780 0.801693 0.485862 0.797573 0.481261 0.805813 0.490463 0.797573 0.481261 0.788760 0.600304 0.733981 0.691387 0.805813 0.490463 0.797451 0.607717 0.783809 0.743923
174 -1 -1 -1 -1 -1 -1 -1 -1 -1 -1 -1 -1 -1 -1 -1 -1 -1 -1 -1 -1
175 -1 -1 -1 -1 -1 -1 -1 -1 -1 -1 -1 -1 -1 -1 -1 -1 -1 -1 -1 -1
176 -1 -1 -1 -1 -1 -1 -1 -1 -1 -1 -1 -1 -1 -1 -1 -1 -1 -1 -1 -1
177 -1 -1 -1 -1 -1 -1 -1 -1 -1 -1 -1 -1 -1 -1 -1 -1 -1 -1 -1 -1
178 -1 -1 -1 -1 -1 -1 -1 -1 -1 -1 -1 -1 -1 -1 -1 -1 -1 -1 -1 -1
179 -1 -1 -1 -1 -1 -1 -1 -1 -1 -1 -1 -1 -1 -1 -1 -1 -1 -1 -1 -1
180 -1 -1 -1 -1 -1 -1 -1 -1 -1 -1 -1 -1 -1 -1 -1 -1 -1 -1 -1 -1
181 -1 -1 -1 -1 -1 -1 -1 -1 -1 -1 -1 -1 -1 -1 -1 -1 -1 -1 -1 -1
182 -1 -1 -1 -1 -1 -1 -1 -1 -1 -1 -1 -1 -1 -1 -1 -1 -1 -1 -1 -1
183 -1 -1 -1 -1 -1 -1 -1 -1 -1 -1 -1 -1 -1 -1 -1 -1 -1 -1 -1 -1
184 0.878569 0.323807 0.847035 0.501564 0.858897 0.503757 0.835174 0.499372 0.858897 0.503757 0.869716 0.628877 0.824795 0.737692 0.835174 0.499372 0.816363 0.623063 0.787271 0.741556
185 0.882543 0.324167 0.850126 0.503986 0.860864 0.506425 0.839388 0.501547 0.860864 0.506425 0.871666 0.630470 0.841690 0.735229 0.839388 0.501547 0.817720 0.624016 0.787373 0.741549
186 0.885782 0.324917 0.853335 0.506428 0.864722 0.508656 0.841948 0.504200 0.864722 0.508656 0.876348 0.633331 0.868551 0.746124 0.841948 0.504200 0.818430 0.627203 0.787262 0.743784
187 0.889056 0.326589 0.856844 0.510297 0.870051 0.512988 0.843637 0.507606 0.870051 0.512988 0.879170 0.639098 0.880866 0.755285 0.843637 0.507606 0.819892 0.629369 0.787188 0.744056
188 0.892779 0.328197 0.859019 0.513344 0.872091 0.516264 0.845948 0.510425 0.872091 0.516264 0.880544 0.642011 0.888296 0.761463 0.845948 0.510425 0.822064 0.630451 0.787095 0.744037
189 0.897019 0.329670 0.863675 0.516831 0.875603 0.519535 0.851747 0.514127 0.875603 0.519535 0.884748 0.644088 0.892784 0.764553 0.851747 0.514127 0.825794 0.631177 0.787068 0.744012
190 0.902837 0.333830 0.868809 0.520488 0.881340 0.523605 0.856277 0.517372 0.881340 0.523605 0.890554 0.647027 0.893890 0.764881 0.856277 0.517372 0.827871 0.632125 0.787067 0.744009
191 0.909430 0.335774 0.876142 0.521718 0.889553 0.523958 0.862731 0.519478 0.889553 0.523958 0.895378 0.649476 0.895930 0.763574 0.862731 0.519478 0.831368 0.632590 0.787794 0.743823
192 0.915748 0.337449 0.882726 0.521873 0.898049 0.525143 0.867404 0.518603 0.898049 0.525143 0.901441 0.651333 0.896088 0.763357 0.867404 0.518603 0.833956 0.632984 0.789400 0.743467
193 0.917803 0.337219 0.886280 0.520643 0.902071 0.523932 0.870489 0.517354 0.902071 0.523932 0.902066 0.650065 0.895227 0.764227 0.870489 0.517354 0.837247 0.633377 0.791309 0.742299
194 0.923663 0.337259 0.892708 0.519976 0.909176 0.523350 0.876240 0.516603 0.909176 0.523350 0.905780 0.649881 0.895190 0.763781 0.876240 0.516603 0.842110 0.634246 0.793502 0.740575
195 0.927755 0.338904 0.896621 0.522596 0.912900 0.526510 0.880342 0.518683 0.912900 0.526510 0.906881 0.653378 0.896533 0.766328 0.880342 0.518683 0.846800 0.639341 0.794826 0.740156
196 0.928863 0.341263 0.900066 0.526018 0.915471 0.530029 0.884662 0.522006 0.915471 0.530029 0.907452 0.655880 0.896857 0.767986 0.884662 0.522006 0.851680 0.643126 0.797749 0.739719
197 0.935573 0.340597 0.906368 0.525347 0.922314 0.529430 0.890423 0.521264 0.922314 0.529430 0.908897 0.657079 0.896079 0.768741 0.890423 0.521264 0.856317 0.645794 0.800927 0.739342
198 0.944427 0.342027 0.912008 0.526654 0.927800 0.530882 0.896217 0.522425 0.927800 0.530882 0.912931 0.657387 0.894479 0.767512 0.896217 0.522425 0.861818 0.648874 0.805309 0.736146
199 0.945401 0.344017 0.913149 0.529534 0.929504 0.533741 0.896795 0.525327 0.929504 0.533741 0.918264 0.660826 0.893285 0.766922 0.896795 0.525327 0.867214 0.651395 0.810436 0.732528
200 0.948340 0.345055 0.914703 0.529218 0.931487 0.533256 0.897919 0.525180 0.931487 0.533256 0.921331 0.661163 0.892780 0.766856 0.897919 0.525180 0.875425 0.652965 0.817530 0.726871
201 0.949547 0.347101 0.918470 0.528648 0.935021 0.533069 0.901919 0.524227 0.935021 0.533069 0.923417 0.656049 0.892620 0.766270 0.901919 0.524227 0.883961 0.651593 0.820394 0.727820
202 0.951416 0.353957 0.921581 0.527444 0.938157 0.532331 0.905006 0.522558 0.938157 0.532331 0.923948 0.653932 0.892395 0.766057 0.905006 0.522558 0.885203 0.650552 0.826211 0.728479
203 0.954812 0.354600 0.925166 0.528571 0.942450 0.534129 0.907881 0.523014 0.942450 0.534129 0.923467 0.655203 0.892116 0.764711 0.907881 0.523014 0.883286 0.653918 0.832201 0.739534
204 0.956194 0.359128 0.928329 0.529200 0.945997 0.535254 0.910662 0.523146 0.945997 0.535254 0.928138 0.657093 0.891767 0.764199 0.910662 0.523146 0.888406 0.655592 0.846087 0.744815
205 -1 -1 -1 -1 -1 -1 -1 -1 -1 -1 -1 -1 -1 -1 -1 -1 -1 -1 -1 -1
206 -1 -1 -1 -1 -1 -1 -1 -1 -1 -1 -1 -1 -1 -1 -1 -1 -1 -1 -1 -1
207 -1 -1 -1 -1 -1 -1 -1 -1 -1 -1 -1 -1 -1 -1 -1 -1 -1 -1 -1 -1
208 -1 -1 -1 -1 -1 -1 -1 -1 -1 -1 -1 -1 -1 -1 -1 -1 -1 -1 -1 -1
209 -1 -1 -1 -1 -1 -1 -1 -1 -1 -1 -1 -1 -1 -1 -1 -1 -1 -1 -1 -1
210 -1 -1 -1 -1 -1 -1 -1 -1 -1 -1 -1 -1 -1 -1 -1 -1 -1 -1 -1 -1
211 -1 -1 -1 -1 -1 -1 -1 -1 -1 -1 -1 -1 -1 -1 -1 -1 -1 -1 -1 -1
212 -1 -1 -1 -1 -1 -1 -1 -1 -1 -1 -1 -1 -1 -1 -1 -1 -1 -1 -1 -1
213 0.960312 0.348594 0.929875 0.538961 0.948867 0.542834 0.910884 0.535088 0.948867 0.542834 0.926428 0.672856 0.898063 0.777082 0.910884 0.535088 0.898054 0.684254 0.876919 0.804285
214 0.957382 0.351305 0.929796 0.543301 0.948750 0.547213 0.910841 0.539388 0.948750 0.547213 0.926502 0.673918 0.897640 0.777001 0.910841 0.539388 0.896541 0.684051 0.876586 0.803585
215 0.949616 0.355944 0.929046 0.546918 0.948127 0.550241 0.909965 0.543595 0.948127 0.550241 0.925790 0.675648 0.897266 0.777008 0.909965 0.543595 0.895780 0.684324 0.876423 0.804434
216 0.943160 0.358433 0.925845 0.547799 0.944430 0.550727 0.907261 0.544870 0.944430 0.550727 0.924192 0.675727 0.897355 0.772322 0.907261 0.544870 0.894634 0.684210 0.876082 0.805423
217 0.940634 0.359541 0.921724 0.550469 0.939015 0.552449 0.904433 0.548488 0.939015 0.552449 0.920327 0.675766 0.898159 0.771100 0.904433 0.548488 0.890755 0.688218 0.875270 0.808234
218 0.938433 0.361094 0.920160 0.553447 0.937406 0.555367 0.902913 0.551528 0.937406 0.555367 0.919189 0.676901 0.898633 0.770841 0.902913 0.551528 0.889113 0.690021 0.874832 0.809239
219 0.934762 0.361254 0.917346 0.553601 0.933587 0.555640 0.901105 0.551562 0.933587 0.555640 0.916495 0.677779 0.899011 0.771153 0.901105 0.551562 0.889128 0.690274 0.874904 0.809129
220 0.931112 0.360694 0.914367 0.553317 0.930685 0.555409 0.898050 0.551225 0.930685 0.555409 0.915921 0.677901 0.900128 0.771467 0.898050 0.551225 0.888872 0.690538 0.874910 0.809058
221 0.928544 0.360242 0.912515 0.554344 0.929981 0.556036 0.895048 0.552652 0.929981 0.556036 0.916562 0.678465 0.901233 0.771163 0.895048 0.552652 0.887786 0.693473 0.874861 0.807914
222 0.926649 0.360036 0.912246 0.554777 0.930829 0.556658 0.893662 0.552896 0.930829 0.556658 0.919817 0.678863 0.902224 0.770351 0.893662 0.552896 0.884884 0.694871 0.874712 0.807276
223 0.924595 0.361131 0.910999 0.554498 0.931482 0.556429 0.890516 0.552568 0.931482 0.556429 0.924626 0.678523 0.902108 0.759188 0.890516 0.552568 0.884711 0.694409 0.874579 0.805627
224 0.921990 0.361852 0.910660 0.554672 0.931807 0.557156 0.889513 0.552189 0.931807 0.557156 0.939746 0.680122 0.900500 0.753322 0.889513 0.552189 0.885026 0.694122 0.874593 0.804528
225 0.918678 0.361857 0.908747 0.554473 0.930975 0.556966 0.886518 0.551980 0.930975 0.556966 0.943698 0.680119 0.900500 0.749715 0.886518 0.551980 0.884968 0.694087 0.874734 0.804501
226 0.915712 0.361238 0.906871 0.555186 0.929350 0.557785 0.884393 0.552586 0.929350 0.557785 0.942391 0.682611 0.900245 0.750079 0.884393 0.552586 0.881938 0.695076 0.874542 0.806874
227 0.914491 0.360675 0.905231 0.554829 0.927936 0.557685 0.882527 0.551972 0.927936 0.557685 0.931853 0.689384 0.899796 0.755669 0.882527 0.551972 0.879541 0.695520 0.873885 0.809744
228 0.912287 0.360598 0.901457 0.554883 0.925469 0.557969 0.877445 0.551797 0.925469 0.557969 0.920611 0.696378 0.899852 0.767465 0.877445 0.551797 0.876197 0.697020 0.873505 0.810242
229 0.908947 0.360509 0.898418 0.555095 0.922600 0.558353 0.874236 0.551838 0.922600 0.558353 0.912787 0.699439 0.900605 0.778269 0.874236 0.551838 0.874954 0.697895 0.873439 0.810122
230 0.908161 0.360976 0.898431 0.555316 0.923596 0.558555 0.873266 0.552078 0.923596 0.558555 0.909195 0.702403 0.900597 0.792242 0.873266 0.552078 0.873825 0.699392 0.874249 0.810096
231 0.907779 0.361222 0.898199 0.555235 0.923837 0.558410 0.872561 0.552060 0.923837 0.558410 0.907442 0.702366 0.898257 0.799957 0.872561 0.552060 0.873412 0.699186 0.878555 0.810054
232 0.906762 0.361179 0.897724 0.554926 0.923870 0.558007 0.871578 0.551844 0.923870 0.558007 0.906997 0.704216 0.893959 0.809223 0.871578 0.551844 0.872632 0.699242 0.882705 0.811297
233 0.905569 0.361037 0.896387 0.554767 0.923060 0.557925 0.869714 0.551610 0.923060 0.557925 0.903952 0.705428 0.892493 0.816569 0.869714 0.551610 0.871148 0.699362 0.881981 0.811611
234 0.904353 0.360656 0.893571 0.555250 0.919915 0.558837 0.867227 0.551662 0.919915 0.558837 0.901201 0.704849 0.880280 0.816439 0.867227 0.551662 0.869751 0.699412 0.886910 0.819898
235 0.902945 0.359417 0.891089 0.553576 0.917899 0.557837 0.864278 0.549316 0.917899 0.557837 0.897665 0.703786 0.877568 0.821558 0.864278 0.549316 0.866719 0.697050 0.886026 0.819531
236 0.901407 0.359485 0.890359 0.553608 0.917998 0.557897 0.862719 0.549320 0.917998 0.557897 0.893738 0.703628 0.872938 0.818139 0.862719 0.549320 0.865159 0.696366 0.882273 0.818810
237 0.899253 0.359967 0.889525 0.553573 0.917660 0.557869 0.861389 0.549277 0.917660 0.557869 0.890927 0.703410 0.869555 0.810346 0.861389 0.549277 0.862519 0.697078 0.874875 0.827297
238 0.896846 0.360387 0.886214 0.553071 0.913501 0.557701 0.858928 0.548441 0.913501 0.557701 0.881810 0.700598 0.856973 0.829472 0.858928 0.548441 0.859396 0.693999 0.866938 0.825716
239 0.894272 0.361444 0.880841 0.553370 0.907645 0.558535 0.854038 0.548205 0.907645 0.558535 0.871090 0.700431 0.841175 0.849498 0.854038 0.548205 0.856974 0.690816 0.867974 0.819891
240 0.891307 0.362527 0.877162 0.557857 0.903484 0.564433 0.850840 0.551282 0.903484 0.564433 0.866349 0.700673 0.828124 0.848393 0.850840 0.551282 0.855330 0.690928 0.868762 0.815445
241 0.889057 0.364646 0.873024 0.559751 0.899444 0.566695 0.846604 0.552807 0.899444 0.566695 0.857937 0.700693 0.816349 0.848760 0.846604 0.552807 0.852130 0.689816 0.869085 0.809637
242 0.885985 0.365012 0.867927 0.559444 0.894878 0.566198 0.840976 0.552691 0.894878 0.566198 0.849653 0.700750 0.809519 0.850328 0.840976 0.552691 0.848849 0.686229 0.869359 0.805096
243 0.881471 0.365108 0.863036 0.560887 0.889110 0.567338 0.836962 0.554436 0.889110 0.567338 0.845573 0.699871 0.805766 0.848448 0.836962 0.554436 0.846026 0.686876 0.869227 0.804837
244 0.876035 0.365922 0.857853 0.561604 0.884129 0.567973 0.831577 0.555235 0.884129 0.567973 0.836102 0.701717 0.801963 0.854315 0.831577 0.555235 0.840409 0.686997 0.866885 0.804579
245 0.870422 0.366984 0.849417 0.563795 0.875166 0.570413 0.823668 0.557178 0.875166 0.570413 0.828678 0.702590 0.800031 0.857837 0.823668 0.557178 0.832197 0.691669 0.863271 0.805137
246 0.864137 0.367904 0.841469 0.563664 0.866930 0.570188 0.816008 0.557139 0.866930 0.570188 0.825272 0.702526 0.799826 0.856368 0.816008 0.557139 0.824882 0.691677 0.862428 0.804524
247 0.857801 0.369494 0.832294 0.565538 0.857541 0.572439 0.807047 0.558638 0.857541 0.572439 0.819980 0.702886 0.798611 0.862471 0.807047 0.558638 0.816523 0.691132 0.857289 0.802018
248 0.851309 0.370864 0.824493 0.570219 0.848791 0.576982 0.800195 0.563456 0.848791 0.576982 0.814571 0.709977 0.797737 0.862548 0.800195 0.563456 0.810159 0.698674 0.850605 0.802415
249 0.843180 0.370519 0.814059 0.570948 0.837294 0.577584 0.790824 0.564312 0.837294 0.577584 0.809276 0.716642 0.798354 0.859706 0.790824 0.564312 0.803303 0.701263 0.843365 0.802708
250 0.835507 0.370410 0.808124 0.576025 0.830436 0.583681 0.785813 0.568369 0.830436 0.583681 0.802251 0.727604 0.801023 0.857961 0.785813 0.568369 0.796223 0.709653 0.837441 0.812461
251 0.827839 0.371196 0.798397 0.582648 0.820949 0.590948 0.775845 0.574348 0.820949 0.590948 0.794751 0.735201 0.800970 0.858282 0.775845 0.574348 0.780746 0.712295 0.830055 0.814892
252 0.818014 0.373913 0.789856 0.586507 0.812640 0.594208 0.767073 0.578807 0.812640 0.594208 0.790094 0.741645 0.800948 0.859214 0.767073 0.578807 0.768159 0.722314 0.820664 0.819052
253 0.808277 0.379140 0.779015 0.594004 0.802078 0.601049 0.755953 0.586960 0.802078 0.601049 0.785829 0.743781 0.800469 0.858532 0.755953 0.586960 0.753722 0.727020 0.809747 0.828825
254 0.797892 0.383403 0.767953 0.595999 0.791060 0.603336 0.744845 0.588661 0.791060 0.603336 0.777702 0.747832 0.800123 0.858444 0.744845 0.588661 0.740079 0.732707 0.800000 0.835227
255 0.786902 0.393601 0.751390 0.601179 0.773511 0.609711 0.729269 0.592647 0.773511 0.609711 0.762035 0.755193 0.800676 0.860887 0.729269 0.592647 0.725687 0.740165 0.785792 0.836808
256 0.775674 0.404374 0.739149 0.609985 0.761955 0.617888 0.716343 0.602081 0.761955 0.617888 0.748616 0.762240 0.801279 0.860246 0.716343 0.602081 0.711853 0.746731 0.769064 0.834311
257 0.762627 0.416165 0.726771 0.615477 0.748587 0.622012 0.704956 0.608942 0.748587 0.622012 0.732716 0.772723 0.800801 0.859977 0.704956 0.608942 0.694970 0.755364 0.762240 0.832880
258 0.747941 0.434919 0.712035 0.625334 0.734205 0.631865 0.689866 0.618804 0.734205 0.631865 0.722618 0.776831 0.797456 0.859619 0.689866 0.618804 0.674641 0.756303 0.741434 0.832055
259 0.734573 0.451109 0.695142 0.639776 0.717949 0.644726 0.672335 0.634826 0.717949 0.644726 0.713405 0.781465 0.795145 0.859350 0.672335 0.634826 0.660527 0.779521 0.727501 0.829000
260 0.718076 0.469694 0.678814 0.653511 0.701929 0.654725 0.655699 0.652297 0.701929 0.654725 0.703282 0.794858 0.787639 0.857366 0.655699 0.652297 0.647791 0.813987 0.715531 0.828639
261 0.703330 0.494034 0.666760 0.666403 0.691572 0.667531 0.641948 0.665275 0.691572 0.667531 0.694727 0.800720 0.782243 0.857280 0.641948 0.665275 0.634288 0.822145 0.709385 0.817150
262 0.683961 0.516021 0.652741 0.687596 0.679126 0.685849 0.626356 0.689343 0.679126 0.685849 0.688143 0.816009 0.775119 0.857175 0.626356 0.689343 0.626017 0.849367 0.694556 0.817948
263 0.663785 0.543997 0.639983 0.699256 0.667849 0.697679 0.612117 0.700832 0.667849 0.697679 0.688599 0.819369 0.777282 0.857395 0.612117 0.700832 0.621706 0.856584 0.678268 0.811161
264 0.640183 0.562906 0.624848 0.718424 0.648412 0.714316 0.601285 0.722532 0.648412 0.714316 0.683098 0.827289 0.778244 0.858376 0.601285 0.722532 0.623628 0.862376 0.688365 0.817342
265 0.606681 0.579927 0.608463 0.719866 0.631769 0.714145 0.585158 0.725588 0.631769 0.714145 0.675918 0.823029 0.773457 0.859158 0.585158 0.725588 0.622103 0.852487 0.701746 0.832983
266 0.583370 0.587376 0.597009 0.728385 0.618698 0.718400 0.575320 0.738370 0.618698 0.718400 0.671974 0.817494 0.768636 0.859135 0.575320 0.738370 0.618508 0.851141 0.705340 0.824606
267 0.555122 0.630252 0.581889 0.754920 0.592092 0.757139 0.571686 0.752701 0.592092 0.757139 0.657498 0.813681 0.761438 0.832156 0.571686 0.752701 0.620250 0.821075 0.693605 0.782882
268 0.529303 0.635482 0.570341 0.762382 0.583540 0.756511 0.557142 0.768253 0.583540 0.756511 0.653586 0.798629 0.765282 0.837127 0.557142 0.768253 0.616711 0.797775 0.680314 0.785633
269 -1 -1 -1 -1 -1 -1 -1 -1 -1 -1 -1 -1 -1 -1 -1 -1 -1 -1 -1 -1
270 -1 -1 -1 -1 -1 -1 -1 -1 -1 -1 -1 -1 -1 -1 -1 -1 -1 -1 -1 -1
271 -1 -1 -1 -1 -1 -1 -1 -1 -1 -1 -1 -1 -1 -1 -1 -1 -1 -1 -1 -1
272 -1 -1 -1 -1 -1 -1 -1 -1 -1 -1 -1 -1 -1 -1 -1 -1 -1 -1 -1 -1
273 0.432922 0.671151 0.548453 0.736537 0.554547 0.717292 0.542359 0.755782 0.554547 0.717292 0.647055 0.743689 0.746579 0.750151 0.542359 0.755782 0.604645 0.816808 0.686429 0.789564
274 0.421186 0.686038 0.541954 0.731950 0.545740 0.707771 0.538168 0.756129 0.545740 0.707771 0.633629 0.730951 0.735224 0.730281 0.538168 0.756129 0.599219 0.817092 0.678877 0.790988
275 0.417570 0.689669 0.536498 0.728545 0.540211 0.703306 0.532784 0.753785 0.540211 0.703306 0.624954 0.725184 0.730144 0.720703 0.532784 0.753785 0.593761 0.817133 0.678134 0.793525
276 0.411183 0.691052 0.530040 0.724741 0.532390 0.698250 0.527690 0.751232 0.532390 0.698250 0.620475 0.722983 0.725992 0.717650 0.527690 0.751232 0.592947 0.816841 0.682343 0.799395
277 0.406987 0.691301 0.526852 0.719887 0.529056 0.695277 0.524647 0.744497 0.529056 0.695277 0.616864 0.724924 0.718152 0.722347 0.524647 0.744497 0.588356 0.815943 0.679149 0.804148
278 0.405301 0.692580 0.526066 0.716729 0.528553 0.690422 0.523579 0.743035 0.528553 0.690422 0.611802 0.729881 0.715926 0.724057 0.523579 0.743035 0.582284 0.816497 0.676737 0.804115
279 0.404900 0.692963 0.527711 0.714870 0.529989 0.687835 0.525432 0.741905 0.529989 0.687835 0.611111 0.734763 0.710596 0.730394 0.525432 0.741905 0.577215 0.820292 0.676557 0.805474
280 0.403780 0.692506 0.526334 0.714932 0.528913 0.688231 0.523755 0.741633 0.528913 0.688231 0.606091 0.736291 0.704516 0.735615 0.523755 0.741633 0.574898 0.824135 0.675844 0.805102
281 0.403136 0.693519 0.524245 0.715978 0.526857 0.690092 0.521634 0.741863 0.526857 0.690092 0.600783 0.746699 0.700703 0.739138 0.521634 0.741863 0.574857 0.829065 0.677170 0.804958
282 0.402003 0.694296 0.523607 0.718247 0.526446 0.691688 0.520768 0.744806 0.526446 0.691688 0.603567 0.763298 0.695887 0.739477 0.520768 0.744806 0.577251 0.831705 0.677947 0.803692
283 0.402878 0.696754 0.524248 0.720473 0.527581 0.692739 0.520916 0.748207 0.527581 0.692739 0.605529 0.773320 0.695214 0.743281 0.520916 0.748207 0.580161 0.833075 0.682911 0.803303
284 0.403703 0.697308 0.524951 0.721630 0.528511 0.693386 0.521392 0.749874 0.528511 0.693386 0.607000 0.775812 0.695854 0.749047 0.521392 0.749874 0.581643 0.835081 0.686030 0.803945
285 0.404271 0.697186 0.525551 0.722007 0.529210 0.693743 0.521893 0.750272 0.529210 0.693743 0.607727 0.774889 0.697384 0.753111 0.521893 0.750272 0.581692 0.835942 0.686578 0.803932
286 0.404752 0.695842 0.525822 0.722119 0.529371 0.693938 0.522272 0.750300 0.529371 0.693938 0.608222 0.774066 0.697796 0.755062 0.522272 0.750300 0.582148 0.836637 0.686785 0.803794
287 0.404926 0.694524 0.526117 0.722143 0.529555 0.694120 0.522679 0.750166 0.529555 0.694120 0.608499 0.773255 0.697699 0.755720 0.522679 0.750166 0.582539 0.836654 0.686978 0.803735
288 0.405090 0.694327 0.526370 0.722061 0.529731 0.694164 0.523008 0.749958 0.529731 0.694164 0.608532 0.772102 0.698644 0.755555 0.523008 0.749958 0.582784 0.836472 0.686911 0.803768
289 0.405378 0.694675 0.526599 0.722083 0.529967 0.694258 0.523230 0.749909 0.529967 0.694258 0.607517 0.771945 0.699644 0.755131 0.523230 0.749909 0.582699 0.836075 0.685924 0.804118
290 0.405634 0.694706 0.526800 0.722149 0.530219 0.694313 0.523381 0.749985 0.530219 0.694313 0.607567 0.771862 0.699777 0.754763 0.523381 0.749985 0.582831 0.835725 0.684944 0.804337
291 0.405710 0.695053 0.526925 0.722270 0.530373 0.694343 0.523477 0.750197 0.530373 0.694343 0.607744 0.771023 0.699719 0.754319 0.523477 0.750197 0.583546 0.835596 0.686089 0.804281
292 0.405771 0.694709 0.527034 0.722348 0.530502 0.694374 0.523566 0.750321 0.530502 0.694374 0.607609 0.770710 0.698898 0.754236 0.523566 0.750321 0.583905 0.835434 0.688057 0.803656
293 0.405829 0.694757 0.527140 0.722559 0.530625 0.694427 0.523656 0.750690 0.530625 0.694427 0.607437 0.772035 0.696199 0.754859 0.523656 0.750690 0.584663 0.835297 0.690120 0.802588
294 0.405748 0.694738 0.527231 0.722648 0.530750 0.694474 0.523711 0.750822 0.530750 0.694474 0.607337 0.773156 0.696130 0.756536 0.523711 0.750822 0.585752 0.834652 0.692495 0.801637
295 0.405783 0.694736 0.527515 0.722673 0.531184 0.694528 0.523846 0.750817 0.531184 0.694528 0.607170 0.774413 0.696201 0.759562 0.523846 0.750817 0.585933 0.834584 0.692917 0.800906
296 0.405766 0.694735 0.528048 0.722702 0.531778 0.694590 0.524317 0.750814 0.531778 0.694590 0.607123 0.776715 0.696218 0.762055 0.524317 0.750814 0.586657 0.834520 0.693945 0.800764
297 0.405693 0.694815 0.528781 0.722991 0.532591 0.694833 0.524971 0.751150 0.532591 0.694833 0.607149 0.777782 0.696047 0.764291 0.524971 0.751150 0.586986 0.834425 0.694906 0.800597
298 0.405684 0.694903 0.529354 0.723543 0.533404 0.695425 0.525305 0.751661 0.533404 0.695425 0.607340 0.780073 0.696019 0.765485 0.525305 0.751661 0.587496 0.834481 0.694972 0.800560
299 0.405715 0.694969 0.529732 0.723819 0.533906 0.695856 0.525558 0.751783 0.533906 0.695856 0.607490 0.781613 0.696056 0.766526 0.525558 0.751783 0.587733 0.834604 0.694714 0.800655
300 0.405757 0.695126 0.530210 0.724447 0.534563 0.696721 0.525857 0.752172 0.534563 0.696721 0.608111 0.781644 0.696006 0.767217 0.525857 0.752172 0.588517 0.834741 0.694507 0.800667
301 0.405713 0.694966 0.530601 0.724752 0.535099 0.697109 0.526103 0.752396 0.535099 0.697109 0.608533 0.782768 0.696019 0.767548 0.526103 0.752396 0.588759 0.834791 0.694346 0.800365
302 0.405787 0.694887 0.531239 0.724854 0.535980 0.697214 0.526499 0.752495 0.535980 0.697214 0.609306 0.783312 0.696065 0.767384 0.526499 0.752495 0.589333 0.834879 0.694229 0.800335
303 0.405761 0.694111 0.531455 0.724853 0.536229 0.697220 0.526681 0.752487 0.536229 0.697220 0.609601 0.783876 0.696084 0.767196 0.526681 0.752487 0.589377 0.835044 0.693892 0.800339
304 0.405774 0.694115 0.531496 0.724867 0.536265 0.697262 0.526727 0.752473 0.536265 0.697262 0.609599 0.784540 0.696088 0.767183 0.526727 0.752473 0.589355 0.835195 0.693339 0.800459
305 0.405795 0.694173 0.531498 0.724982 0.536235 0.697498 0.526760 0.752466 0.536235 0.697498 0.609568 0.785078 0.695913 0.767159 0.526760 0.752466 0.589307 0.835239 0.692779 0.800333
306 0.405797 0.694172 0.531531 0.725046 0.536235 0.697611 0.526828 0.752481 0.536235 0.697611 0.609564 0.785422 0.695470 0.767335 0.526828 0.752481 0.589277 0.835395 0.691627 0.800076
307 0.405813 0.694176 0.531541 0.725224 0.536224 0.697897 0.526857 0.752550 0.536224 0.697897 0.609562 0.785428 0.694918 0.767743 0.526857 0.752550 0.589182 0.835453 0.690984 0.800006
308 0.405810 0.694234 0.531534 0.725377 0.536214 0.698181 0.526854 0.752573 0.536214 0.698181 0.609546 0.785579 0.694046 0.768347 0.526854 0.752573 0.588854 0.835712 0.690626 0.799945
309 0.405798 0.694218 0.531477 0.725406 0.536193 0.698241 0.526761 0.752572 0.536193 0.698241 0.609267 0.785545 0.692847 0.768873 0.526761 0.752572 0.588344 0.835861 0.689651 0.799863
310 0.405788 0.694502 0.531429 0.725633 0.536122 0.698665 0.526736 0.752601 0.536122 0.698665 0.608799 0.785557 0.692316 0.769237 0.526736 0.752601 0.587843 0.836035 0.688687 0.799894
311 0.405740 0.694539 0.531337 0.725726 0.536007 0.698826 0.526668 0.752626 0.536007 0.698826 0.608187 0.785526 0.691597 0.769402 0.526668 0.752626 0.587398 0.836082 0.687975 0.799900
312 0.405657 0.694513 0.531204 0.725756 0.535852 0.698857 0.526557 0.752654 0.535852 0.698857 0.608024 0.785632 0.691645 0.769441 0.526557 0.752654 0.587075 0.836423 0.687959 0.800126
313 0.405414 0.694312 0.531149 0.725651 0.535771 0.698866 0.526528 0.752436 0.535771 0.698866 0.607687 0.785678 0.691656 0.769426 0.526528 0.752436 0.586817 0.836546 0.686713 0.800146
314 0.405312 0.694309 0.531154 0.725516 0.535787 0.698867 0.526522 0.752165 0.535787 0.698867 0.607640 0.785709 0.691721 0.769463 0.526522 0.752165 0.586190 0.836853 0.685995 0.800481
315 0.405263 0.694278 0.531151 0.725450 0.535781 0.698866 0.526521 0.752035 0.535781 0.698866 0.607534 0.785694 0.691675 0.769537 0.526521 0.752035 0.586129 0.836831 0.685985 0.800605
316 0.405107 0.694245 0.531138 0.725399 0.535777 0.698796 0.526499 0.752002 0.535777 0.698796 0.607435 0.785705 0.691614 0.769527 0.526499 0.752002 0.586130 0.836824 0.686074 0.800835
317 0.405112 0.694244 0.531039 0.725395 0.535640 0.698794 0.526437 0.751996 0.535640 0.698794 0.607153 0.786051 0.691637 0.769566 0.526437 0.751996 0.586134 0.836823 0.686219 0.801083
318 0.405077 0.694223 0.531030 0.725396 0.535635 0.698794 0.526425 0.751998 0.535635 0.698794 0.607024 0.786376 0.691641 0.769578 0.526425 0.751998 0.586066 0.836817 0.686466 0.801354
319 0.404912 0.694265 0.530969 0.725406 0.535577 0.698794 0.526361 0.752019 0.535577 0.698794 0.606953 0.786508 0.691648 0.769573 0.526361 0.752019 0.586064 0.836884 0.686523 0.801867
320 0.404910 0.694264 0.530875 0.725353 0.535468 0.698741 0.526282 0.751964 0.535468 0.698741 0.606820 0.786547 0.691630 0.769576 0.526282 0.751964 0.585957 0.836886 0.686575 0.802255
321 0.404917 0.694261 0.530740 0.725341 0.535334 0.698725 0.526147 0.751956 0.535334 0.698725 0.606720 0.786546 0.691598 0.769569 0.526147 0.751956 0.585711 0.836970 0.686500 0.802438
322 0.404920 0.694246 0.530714 0.725338 0.535312 0.698722 0.526116 0.751955 0.535312 0.698722 0.606723 0.786543 0.691537 0.769567 0.526116 0.751955 0.585685 0.836992 0.686555 0.802595
323 0.404969 0.694224 0.530708 0.725337 0.535307 0.698723 0.526109 0.751951 0.535307 0.698723 0.606724 0.786590 0.691448 0.769559 0.526109 0.751951 0.585559 0.836992 0.686532 0.802570
324 0.405152 0.694233 0.530737 0.725337 0.535317 0.698726 0.526156 0.751949 0.535317 0.698726 0.606760 0.786780 0.691448 0.769505 0.526156 0.751949 0.585629 0.836994 0.686591 0.802625
325 0.405151 0.694096 0.530551 0.725348 0.535037 0.698722 0.526066 0.751974 0.535037 0.698722 0.606757 0.786835 0.691447 0.769469 0.526066 0.751974 0.585659 0.837136 0.686711 0.802268
326 0.405152 0.694052 0.530421 0.725388 0.534862 0.698739 0.525981 0.752037 0.534862 0.698739 0.606744 0.786858 0.691449 0.769465 0.525981 0.752037 0.585667 0.837349 0.686700 0.802179
327 0.405150 0.694021 0.530356 0.725410 0.534804 0.698749 0.525908 0.752071 0.534804 0.698749 0.606742 0.786858 0.691451 0.769444 0.525908 0.752071 0.585697 0.837438 0.686715 0.802148
328 0.405140 0.693858 0.530175 0.725368 0.534690 0.698667 0.525660 0.752070 0.534690 0.698667 0.606721 0.786869 0.691448 0.769328 0.525660 0.752070 0.585631 0.837489 0.686722 0.802089
329 0.405127 0.693756 0.529918 0.725353 0.534477 0.698641 0.525359 0.752064 0.534477 0.698641 0.606649 0.786868 0.691443 0.769289 0.525359 0.752064 0.585521 0.837546 0.686726 0.802054
330 0.405119 0.693919 0.529777 0.725430 0.534352 0.698659 0.525202 0.752200 0.534352 0.698659 0.606588 0.786839 0.691443 0.769284 0.525202 0.752200 0.585493 0.837563 0.686923 0.802031
331 0.405121 0.693913 0.529651 0.725405 0.534206 0.698661 0.525095 0.752149 0.534206 0.698661 0.606520 0.786846 0.691467 0.769279 0.525095 0.752149 0.585226 0.837671 0.686923 0.802276
332 0.405115 0.693930 0.529575 0.725460 0.534133 0.698734 0.525017 0.752187 0.534133 0.698734 0.606538 0.786850 0.691470 0.769285 0.525017 0.752187 0.585194 0.837744 0.686927 0.802586
333 0.405140 0.693927 0.529537 0.725500 0.534090 0.698812 0.524985 0.752187 0.534090 0.698812 0.606472 0.786856 0.691428 0.769325 0.524985 0.752187 0.585157 0.837773 0.686893 0.802778
334 0.405206 0.693938 0.529463 0.725502 0.534012 0.698815 0.524913 0.752190 0.534012 0.698815 0.606471 0.786861 0.691201 0.769326 0.524913 0.752190 0.585158 0.837782 0.686613 0.802802
335 0.405268 0.693967 0.529376 0.725513 0.533921 0.698847 0.524831 0.752180 0.533921 0.698847 0.606397 0.786961 0.691228 0.769454 0.524831 0.752180 0.585151 0.837760 0.686707 0.802782
336 0.405316 0.693990 0.529373 0.725558 0.533917 0.698873 0.524830 0.752242 0.533917 0.698873 0.606299 0.787023 0.691239 0.769517 0.524830 0.752242 0.585079 0.837784 0.686773 0.802778
337 0.405344 0.694035 0.529256 0.725572 0.533711 0.698858 0.524802 0.752286 0.533711 0.698858 0.606043 0.786995 0.691203 0.769787 0.524802 0.752286 0.584921 0.837770 0.686388 0.802643
338 0.405338 0.693966 0.529270 0.725559 0.533708 0.698859 0.524832 0.752258 0.533708 0.698859 0.605942 0.786976 0.691093 0.769883 0.524832 0.752258 0.584764 0.837772 0.686024 0.802638
339 0.405387 0.693966 0.529261 0.725580 0.533654 0.698865 0.524868 0.752295 0.533654 0.698865 0.605772 0.786966 0.691027 0.769956 0.524868 0.752295 0.584744 0.837779 0.685814 0.802569
340 0.405363 0.693968 0.529182 0.725578 0.533513 0.698867 0.524852 0.752289 0.533513 0.698867 0.605439 0.786956 0.691015 0.769970 0.524852 0.752289 0.584530 0.837792 0.685256 0.802449
341 0.405331 0.693946 0.529156 0.725583 0.533477 0.698871 0.524836 0.752295 0.533477 0.698871 0.605257 0.786892 0.691166 0.769975 0.524836 0.752295 0.584440 0.837795 0.685197 0.802452
342 0.405330 0.693923 0.529149 0.725591 0.533463 0.698885 0.524835 0.752298 0.533463 0.698885 0.605187 0.786875 0.691247 0.770055 0.524835 0.752298 0.584437 0.837761 0.685207 0.802440
343 0.405324 0.693915 0.529161 0.725595 0.533469 0.698880 0.524853 0.752311 0.533469 0.698880 0.605129 0.786873 0.691285 0.770050 0.524853 0.752311 0.584437 0.837724 0.685199 0.802355
344 0.405343 0.693926 0.529248 0.725646 0.533555 0.698867 0.524940 0.752426 0.533555 0.698867 0.605113 0.786838 0.691384 0.770061 0.524940 0.752426 0.584434 0.837703 0.685064 0.802323
345 0.405410 0.693959 0.529256 0.725766 0.533564 0.698925 0.524947 0.752606 0.533564 0.698925 0.605061 0.786771 0.691374 0.770060 0.524947 0.752606 0.584431 0.837703 0.685003 0.802320
346 0.405433 0.693931 0.529309 0.725760 0.533630 0.698927 0.524988 0.752594 0.533630 0.698927 0.605041 0.786774 0.691362 0.770062 0.524988 0.752594 0.584400 0.837722 0.685004 0.802237
347 0.405470 0.693940 0.529308 0.725765 0.533630 0.698937 0.524987 0.752593 0.533630 0.698937 0.605039 0.786772 0.691339 0.770073 0.524987 0.752593 0.584328 0.837706 0.685051 0.802235
348 0.405471 0.693960 0.529327 0.725830 0.533666 0.699066 0.524988 0.752595 0.533666 0.699066 0.605099 0.786820 0.691353 0.770106 0.524988 0.752595 0.584293 0.837711 0.685097 0.802355
349 0.405407 0.693943 0.529306 0.725842 0.533663 0.699123 0.524949 0.752562 0.533663 0.699123 0.605081 0.786981 0.691434 0.770308 0.524949 0.752562 0.584237 0.837711 0.685430 0.802443
