177
211
0 -1 -1 -1 -1 -1 -1 -1 -1 -1 -1 -1 -1 -1 -1 -1 -1 -1 -1 -1 -1
1 0.177793 0.541205 0.172259 0.883833 0.169148 0.866044 0.175369 0.901623 0.169148 0.866044 0.203469 1.022501 0.195653 1.184001 0.175369 0.901623 0.196046 1.082091 0.168905 1.258752
2 0.173380 0.539085 0.171431 0.879854 0.167460 0.858924 0.175402 0.900784 0.167460 0.858924 0.197291 0.971947 0.193176 1.142412 0.175402 0.900784 0.184214 1.060372 0.169208 1.193541
3 0.172267 0.536526 0.171470 0.883304 0.167227 0.865380 0.175713 0.901228 0.167227 0.865380 0.185421 1.013103 0.185805 1.184647 0.175713 0.901228 0.181397 1.074801 0.167492 1.248554
4 0.167015 0.531753 0.169418 0.881024 0.161717 0.862739 0.177119 0.899309 0.161717 0.862739 0.182990 1.004270 0.186461 1.151978 0.177119 0.899309 0.182224 1.053444 0.170866 1.195135
5 0.165350 0.526587 0.167171 0.879826 0.157185 0.862513 0.177157 0.897140 0.157185 0.862513 0.179397 1.001904 0.184308 1.139764 0.177157 0.897140 0.182969 1.050113 0.172695 1.183170
6 -1 -1 -1 -1 -1 -1 -1 -1 -1 -1 -1 -1 -1 -1 -1 -1 -1 -1 -1 -1
7 -1 -1 -1 -1 -1 -1 -1 -1 -1 -1 -1 -1 -1 -1 -1 -1 -1 -1 -1 -1
8 -1 -1 -1 -1 -1 -1 -1 -1 -1 -1 -1 -1 -1 -1 -1 -1 -1 -1 -1 -1
9 -1 -1 -1 -1 -1 -1 -1 -1 -1 -1 -1 -1 -1 -1 -1 -1 -1 -1 -1 -1
10 -1 -1 -1 -1 -1 -1 -1 -1 -1 -1 -1 -1 -1 -1 -1 -1 -1 -1 -1 -1
11 -1 -1 -1 -1 -1 -1 -1 -1 -1 -1 -1 -1 -1 -1 -1 -1 -1 -1 -1 -1
12 -1 -1 -1 -1 -1 -1 -1 -1 -1 -1 -1 -1 -1 -1 -1 -1 -1 -1 -1 -1
13 -1 -1 -1 -1 -1 -1 -1 -1 -1 -1 -1 -1 -1 -1 -1 -1 -1 -1 -1 -1
14 -1 -1 -1 -1 -1 -1 -1 -1 -1 -1 -1 -1 -1 -1 -1 -1 -1 -1 -1 -1
15 -1 -1 -1 -1 -1 -1 -1 -1 -1 -1 -1 -1 -1 -1 -1 -1 -1 -1 -1 -1
16 -1 -1 -1 -1 -1 -1 -1 -1 -1 -1 -1 -1 -1 -1 -1 -1 -1 -1 -1 -1
17 -1 -1 -1 -1 -1 -1 -1 -1 -1 -1 -1 -1 -1 -1 -1 -1 -1 -1 -1 -1
18 -1 -1 -1 -1 -1 -1 -1 -1 -1 -1 -1 -1 -1 -1 -1 -1 -1 -1 -1 -1
19 -1 -1 -1 -1 -1 -1 -1 -1 -1 -1 -1 -1 -1 -1 -1 -1 -1 -1 -1 -1
20 -1 -1 -1 -1 -1 -1 -1 -1 -1 -1 -1 -1 -1 -1 -1 -1 -1 -1 -1 -1
21 -1 -1 -1 -1 -1 -1 -1 -1 -1 -1 -1 -1 -1 -1 -1 -1 -1 -1 -1 -1
22 -1 -1 -1 -1 -1 -1 -1 -1 -1 -1 -1 -1 -1 -1 -1 -1 -1 -1 -1 -1
23 -1 -1 -1 -1 -1 -1 -1 -1 -1 -1 -1 -1 -1 -1 -1 -1 -1 -1 -1 -1
24 -1 -1 -1 -1 -1 -1 -1 -1 -1 -1 -1 -1 -1 -1 -1 -1 -1 -1 -1 -1
25 -1 -1 -1 -1 -1 -1 -1 -1 -1 -1 -1 -1 -1 -1 -1 -1 -1 -1 -1 -1
26 -1 -1 -1 -1 -1 -1 -1 -1 -1 -1 -1 -1 -1 -1 -1 -1 -1 -1 -1 -1
27 -1 -1 -1 -1 -1 -1 -1 -1 -1 -1 -1 -1 -1 -1 -1 -1 -1 -1 -1 -1
28 -1 -1 -1 -1 -1 -1 -1 -1 -1 -1 -1 -1 -1 -1 -1 -1 -1 -1 -1 -1
29 -1 -1 -1 -1 -1 -1 -1 -1 -1 -1 -1 -1 -1 -1 -1 -1 -1 -1 -1 -1
30 -1 -1 -1 -1 -1 -1 -1 -1 -1 -1 -1 -1 -1 -1 -1 -1 -1 -1 -1 -1
31 -1 -1 -1 -1 -1 -1 -1 -1 -1 -1 -1 -1 -1 -1 -1 -1 -1 -1 -1 -1
32 -1 -1 -1 -1 -1 -1 -1 -1 -1 -1 -1 -1 -1 -1 -1 -1 -1 -1 -1 -1
33 -1 -1 -1 -1 -1 -1 -1 -1 -1 -1 -1 -1 -1 -1 -1 -1 -1 -1 -1 -1
34 -1 -1 -1 -1 -1 -1 -1 -1 -1 -1 -1 -1 -1 -1 -1 -1 -1 -1 -1 -1
35 -1 -1 -1 -1 -1 -1 -1 -1 -1 -1 -1 -1 -1 -1 -1 -1 -1 -1 -1 -1
36 -1 -1 -1 -1 -1 -1 -1 -1 -1 -1 -1 -1 -1 -1 -1 -1 -1 -1 -1 -1
37 -1 -1 -1 -1 -1 -1 -1 -1 -1 -1 -1 -1 -1 -1 -1 -1 -1 -1 -1 -1
38 -1 -1 -1 -1 -1 -1 -1 -1 -1 -1 -1 -1 -1 -1 -1 -1 -1 -1 -1 -1
39 -1 -1 -1 -1 -1 -1 -1 -1 -1 -1 -1 -1 -1 -1 -1 -1 -1 -1 -1 -1
40 -1 -1 -1 -1 -1 -1 -1 -1 -1 -1 -1 -1 -1 -1 -1 -1 -1 -1 -1 -1
41 -1 -1 -1 -1 -1 -1 -1 -1 -1 -1 -1 -1 -1 -1 -1 -1 -1 -1 -1 -1
42 -1 -1 -1 -1 -1 -1 -1 -1 -1 -1 -1 -1 -1 -1 -1 -1 -1 -1 -1 -1
43 -1 -1 -1 -1 -1 -1 -1 -1 -1 -1 -1 -1 -1 -1 -1 -1 -1 -1 -1 -1
44 -1 -1 -1 -1 -1 -1 -1 -1 -1 -1 -1 -1 -1 -1 -1 -1 -1 -1 -1 -1
45 -1 -1 -1 -1 -1 -1 -1 -1 -1 -1 -1 -1 -1 -1 -1 -1 -1 -1 -1 -1
46 -1 -1 -1 -1 -1 -1 -1 -1 -1 -1 -1 -1 -1 -1 -1 -1 -1 -1 -1 -1
47 -1 -1 -1 -1 -1 -1 -1 -1 -1 -1 -1 -1 -1 -1 -1 -1 -1 -1 -1 -1
48 -1 -1 -1 -1 -1 -1 -1 -1 -1 -1 -1 -1 -1 -1 -1 -1 -1 -1 -1 -1
49 -1 -1 -1 -1 -1 -1 -1 -1 -1 -1 -1 -1 -1 -1 -1 -1 -1 -1 -1 -1
50 -1 -1 -1 -1 -1 -1 -1 -1 -1 -1 -1 -1 -1 -1 -1 -1 -1 -1 -1 -1
51 -1 -1 -1 -1 -1 -1 -1 -1 -1 -1 -1 -1 -1 -1 -1 -1 -1 -1 -1 -1
52 -1 -1 -1 -1 -1 -1 -1 -1 -1 -1 -1 -1 -1 -1 -1 -1 -1 -1 -1 -1
53 -1 -1 -1 -1 -1 -1 -1 -1 -1 -1 -1 -1 -1 -1 -1 -1 -1 -1 -1 -1
54 -1 -1 -1 -1 -1 -1 -1 -1 -1 -1 -1 -1 -1 -1 -1 -1 -1 -1 -1 -1
55 -1 -1 -1 -1 -1 -1 -1 -1 -1 -1 -1 -1 -1 -1 -1 -1 -1 -1 -1 -1
56 -1 -1 -1 -1 -1 -1 -1 -1 -1 -1 -1 -1 -1 -1 -1 -1 -1 -1 -1 -1
57 -1 -1 -1 -1 -1 -1 -1 -1 -1 -1 -1 -1 -1 -1 -1 -1 -1 -1 -1 -1
58 -1 -1 -1 -1 -1 -1 -1 -1 -1 -1 -1 -1 -1 -1 -1 -1 -1 -1 -1 -1
59 -1 -1 -1 -1 -1 -1 -1 -1 -1 -1 -1 -1 -1 -1 -1 -1 -1 -1 -1 -1
60 -1 -1 -1 -1 -1 -1 -1 -1 -1 -1 -1 -1 -1 -1 -1 -1 -1 -1 -1 -1
61 0.320462 0.370607 0.338415 0.654412 0.303489 0.657045 0.373342 0.651780 0.303489 0.657045 0.320338 0.800745 0.331456 0.955372 0.373342 0.651780 0.385537 0.769435 0.381979 0.918817
62 0.321650 0.368772 0.338388 0.649068 0.303796 0.651713 0.372979 0.646422 0.303796 0.651713 0.320172 0.800377 0.331211 0.959337 0.372979 0.646422 0.384925 0.770421 0.383125 0.908172
63 0.324775 0.367298 0.338489 0.643013 0.304321 0.645746 0.372656 0.640279 0.304321 0.645746 0.320075 0.797320 0.331018 0.959729 0.372656 0.640279 0.384504 0.761809 0.382455 0.893398
64 0.328901 0.366217 0.338803 0.637361 0.305152 0.639358 0.372454 0.635363 0.305152 0.639358 0.319990 0.796556 0.330443 0.959641 0.372454 0.635363 0.383186 0.759689 0.380067 0.879188
65 0.332692 0.364770 0.339254 0.631305 0.306176 0.632037 0.372332 0.630572 0.306176 0.632037 0.320062 0.797316 0.329651 0.961622 0.372332 0.630572 0.379179 0.758389 0.374877 0.878337
66 0.336510 0.363007 0.339599 0.625416 0.307002 0.623749 0.372195 0.627082 0.307002 0.623749 0.320284 0.772835 0.328823 0.946835 0.372195 0.627082 0.375454 0.746687 0.368500 0.875279
67 0.340807 0.361076 0.340801 0.618389 0.308793 0.615430 0.372808 0.621348 0.308793 0.615430 0.320406 0.750793 0.328605 0.923450 0.372808 0.621348 0.373554 0.737371 0.366265 0.869821
68 0.344354 0.359739 0.341960 0.612153 0.310356 0.608616 0.373563 0.615690 0.310356 0.608616 0.320455 0.745500 0.327592 0.918592 0.373563 0.615690 0.373066 0.729273 0.366312 0.861584
69 0.346998 0.357710 0.343986 0.609519 0.311980 0.605663 0.375993 0.613376 0.311980 0.605663 0.320430 0.742805 0.327556 0.916928 0.375993 0.613376 0.373188 0.725256 0.366356 0.862792
70 0.349616 0.355589 0.347190 0.607892 0.314590 0.605293 0.379789 0.610491 0.314590 0.605293 0.318624 0.741393 0.327196 0.914301 0.379789 0.610491 0.373219 0.720535 0.366430 0.860597
71 0.352338 0.352048 0.350153 0.602969 0.317079 0.599807 0.383227 0.606130 0.317079 0.599807 0.312226 0.732410 0.324880 0.907559 0.383227 0.606130 0.373425 0.719916 0.366449 0.860214
72 0.355062 0.349127 0.353109 0.599146 0.320120 0.595502 0.386098 0.602791 0.320120 0.595502 0.307436 0.730427 0.323688 0.897778 0.386098 0.602791 0.374427 0.720634 0.366771 0.858440
73 0.357514 0.345814 0.355773 0.592712 0.323427 0.589345 0.388120 0.596079 0.323427 0.589345 0.306092 0.719079 0.322794 0.882325 0.388120 0.596079 0.376752 0.712799 0.367185 0.850327
74 0.360429 0.342975 0.357903 0.588657 0.325950 0.586007 0.389856 0.591307 0.325950 0.586007 0.305819 0.706910 0.322445 0.866545 0.389856 0.591307 0.378540 0.706839 0.368092 0.840532
75 0.362215 0.338814 0.359390 0.580960 0.327291 0.578474 0.391489 0.583445 0.327291 0.578474 0.306317 0.692758 0.321529 0.852784 0.391489 0.583445 0.379253 0.697055 0.368105 0.836493
76 0.364190 0.336260 0.360443 0.578643 0.328453 0.576753 0.392433 0.580532 0.328453 0.576753 0.307365 0.684555 0.321594 0.843006 0.392433 0.580532 0.380418 0.694827 0.368299 0.833604
77 0.365442 0.334422 0.361435 0.576987 0.329685 0.575226 0.393184 0.578749 0.329685 0.575226 0.312726 0.678442 0.321776 0.833589 0.393184 0.578749 0.381923 0.694437 0.368328 0.833497
78 0.366246 0.332907 0.362678 0.576397 0.331564 0.574846 0.393792 0.577948 0.331564 0.574846 0.317277 0.676391 0.323277 0.824367 0.393792 0.577948 0.383595 0.693996 0.368597 0.832481
79 0.366592 0.331405 0.363523 0.572693 0.332934 0.571280 0.394112 0.574107 0.332934 0.571280 0.320355 0.677774 0.323886 0.817358 0.394112 0.574107 0.384097 0.694367 0.368738 0.830930
80 0.366599 0.330610 0.363440 0.567920 0.332839 0.566736 0.394041 0.569104 0.332839 0.566736 0.324179 0.675582 0.324611 0.806668 0.394041 0.569104 0.384523 0.691968 0.368744 0.828397
81 0.366617 0.330476 0.363306 0.560876 0.332743 0.559292 0.393869 0.562461 0.332743 0.559292 0.329136 0.673653 0.326931 0.795235 0.393869 0.562461 0.384796 0.687405 0.368961 0.825876
82 0.366286 0.328779 0.363067 0.556595 0.332525 0.555168 0.393609 0.558022 0.332525 0.555168 0.334138 0.657957 0.329746 0.774885 0.393609 0.558022 0.385168 0.678473 0.368953 0.821485
83 0.366018 0.327925 0.363076 0.557116 0.332597 0.555178 0.393555 0.559055 0.332597 0.555178 0.337244 0.654406 0.332187 0.765295 0.393555 0.559055 0.385284 0.676577 0.368957 0.817712
84 0.365172 0.327528 0.363158 0.556009 0.332829 0.554148 0.393488 0.557871 0.332829 0.554148 0.338606 0.652908 0.334704 0.763529 0.393488 0.557871 0.385308 0.676040 0.368725 0.813814
85 0.363623 0.325659 0.362978 0.549687 0.332889 0.548260 0.393067 0.551114 0.332889 0.548260 0.339423 0.647308 0.336967 0.757954 0.393067 0.551114 0.385392 0.667621 0.368696 0.811188
86 0.360531 0.324284 0.362637 0.546253 0.332871 0.545430 0.392403 0.547076 0.332871 0.545430 0.341422 0.645969 0.339107 0.757779 0.392403 0.547076 0.385363 0.667177 0.368813 0.812155
87 0.358316 0.321861 0.362069 0.541389 0.332807 0.541572 0.391331 0.541206 0.332807 0.541572 0.340451 0.642009 0.339131 0.753616 0.391331 0.541206 0.385338 0.665036 0.368828 0.811597
88 0.356418 0.317743 0.360995 0.534914 0.332305 0.536074 0.389686 0.533754 0.332305 0.536074 0.339407 0.643659 0.338926 0.755524 0.389686 0.533754 0.385156 0.662624 0.369226 0.809238
89 0.353260 0.315361 0.359737 0.533513 0.331549 0.535200 0.387925 0.531826 0.331549 0.535200 0.338680 0.642829 0.338989 0.754707 0.387925 0.531826 0.385364 0.656646 0.369515 0.801350
90 0.350349 0.312483 0.358023 0.531251 0.330616 0.533272 0.385430 0.529230 0.330616 0.533272 0.338366 0.640432 0.339761 0.753566 0.385430 0.529230 0.387646 0.649499 0.369778 0.790086
91 0.347055 0.309291 0.355631 0.526589 0.328719 0.528947 0.382542 0.524230 0.328719 0.528947 0.338329 0.636467 0.341643 0.754461 0.382542 0.524230 0.390259 0.638437 0.369072 0.775992
92 0.345137 0.307437 0.353956 0.523312 0.326875 0.525835 0.381038 0.520790 0.326875 0.525835 0.338113 0.632561 0.342968 0.752788 0.381038 0.520790 0.392568 0.626355 0.369154 0.762249
93 0.343216 0.304746 0.352388 0.518854 0.325433 0.521340 0.379343 0.516368 0.325433 0.521340 0.337957 0.631603 0.342518 0.751198 0.379343 0.516368 0.392596 0.616534 0.369075 0.749541
94 0.343320 0.303240 0.352549 0.516907 0.325613 0.519953 0.379485 0.513861 0.325613 0.519953 0.337813 0.630955 0.342184 0.749877 0.379485 0.513861 0.392542 0.610588 0.368814 0.740678
95 0.343363 0.301494 0.352913 0.515854 0.325938 0.518480 0.379888 0.513228 0.325938 0.518480 0.337157 0.630167 0.342113 0.750031 0.379888 0.513228 0.392374 0.607538 0.369272 0.738062
96 0.343247 0.300390 0.353277 0.514913 0.326377 0.517614 0.380176 0.512212 0.326377 0.517614 0.336411 0.628825 0.341955 0.749233 0.380176 0.512212 0.391046 0.606226 0.371115 0.736377
97 0.343583 0.299033 0.354105 0.513367 0.327871 0.516003 0.380340 0.510730 0.327871 0.516003 0.336222 0.629331 0.341496 0.748114 0.380340 0.510730 0.389015 0.607417 0.373851 0.732978
98 0.343959 0.297285 0.354809 0.509336 0.328714 0.511353 0.380903 0.507320 0.328714 0.511353 0.336095 0.626697 0.341321 0.746529 0.380903 0.507320 0.386553 0.606757 0.376639 0.725777
99 0.344839 0.295164 0.355269 0.505024 0.329214 0.507084 0.381324 0.502964 0.329214 0.507084 0.336082 0.621523 0.341170 0.742114 0.381324 0.502964 0.383770 0.601461 0.379095 0.713365
100 0.346452 0.293397 0.355867 0.498954 0.330013 0.500612 0.381721 0.497296 0.330013 0.500612 0.336052 0.618860 0.340680 0.743119 0.381721 0.497296 0.381579 0.598528 0.380996 0.704446
101 0.348873 0.293181 0.356505 0.496825 0.330954 0.497425 0.382056 0.496226 0.330954 0.497425 0.336107 0.619214 0.339917 0.744061 0.382056 0.496226 0.378965 0.599492 0.381357 0.699060
102 0.352744 0.293133 0.357730 0.497988 0.332569 0.498534 0.382892 0.497442 0.332569 0.498534 0.336120 0.620153 0.338753 0.744113 0.382892 0.497442 0.376702 0.600917 0.380687 0.697140
103 0.357594 0.292482 0.358757 0.497171 0.333545 0.497298 0.383970 0.497044 0.333545 0.497298 0.336147 0.619552 0.338472 0.744443 0.383970 0.497044 0.376304 0.600581 0.380253 0.696891
104 0.361901 0.290922 0.360318 0.495713 0.335408 0.495439 0.385228 0.495986 0.335408 0.495439 0.337101 0.613037 0.338442 0.741560 0.385228 0.495986 0.377041 0.596236 0.380210 0.695268
105 0.366292 0.289473 0.362439 0.494998 0.337725 0.494253 0.387154 0.495743 0.337725 0.494253 0.337229 0.608090 0.338229 0.735446 0.387154 0.495743 0.377598 0.593551 0.380012 0.695241
106 0.369486 0.288140 0.364304 0.492365 0.339768 0.491213 0.388840 0.493517 0.339768 0.491213 0.337425 0.597263 0.337935 0.725605 0.388840 0.493517 0.380187 0.589782 0.379897 0.694438
107 0.372390 0.286910 0.366239 0.488568 0.341900 0.486930 0.390578 0.490205 0.341900 0.486930 0.337814 0.589727 0.337812 0.713520 0.390578 0.490205 0.381593 0.587776 0.379441 0.693225
108 0.374888 0.286265 0.367906 0.485334 0.343400 0.483472 0.392412 0.487197 0.343400 0.483472 0.340659 0.579501 0.336968 0.704660 0.392412 0.487197 0.382439 0.586519 0.377007 0.693272
109 0.376893 0.284704 0.368419 0.477247 0.343676 0.474093 0.393162 0.480401 0.343676 0.474093 0.342889 0.571404 0.336061 0.696827 0.393162 0.480401 0.385384 0.584031 0.375968 0.693283
110 0.378970 0.283155 0.370022 0.472821 0.345503 0.469793 0.394540 0.475849 0.345503 0.469793 0.347366 0.568466 0.335331 0.692869 0.394540 0.475849 0.387375 0.583317 0.375930 0.694758
111 0.380326 0.281749 0.372807 0.469452 0.349597 0.465903 0.396017 0.473002 0.349597 0.465903 0.353973 0.564734 0.335381 0.686048 0.396017 0.473002 0.389121 0.584492 0.375986 0.695198
112 0.381223 0.279584 0.375105 0.467729 0.353083 0.463598 0.397127 0.471861 0.353083 0.463598 0.361282 0.560444 0.340574 0.674676 0.397127 0.471861 0.390485 0.584175 0.375886 0.695695
113 0.381759 0.278130 0.376255 0.462418 0.355560 0.457656 0.396950 0.467180 0.355560 0.457656 0.369093 0.556002 0.350419 0.669225 0.396950 0.467180 0.392095 0.581900 0.372999 0.694040
114 0.383019 0.277151 0.376435 0.457179 0.356248 0.452234 0.396621 0.462124 0.356248 0.452234 0.373857 0.552749 0.357828 0.670107 0.396621 0.462124 0.392315 0.577694 0.371559 0.691974
115 0.384160 0.275844 0.376414 0.455725 0.356495 0.450722 0.396333 0.460728 0.356495 0.450722 0.376752 0.550763 0.361216 0.665373 0.396333 0.460728 0.392129 0.573780 0.371060 0.690747
116 0.386081 0.274819 0.376875 0.452996 0.357501 0.448451 0.396248 0.457542 0.357501 0.448451 0.377708 0.548524 0.364638 0.661562 0.396248 0.457542 0.392311 0.569763 0.371292 0.689059
117 0.387647 0.273518 0.376965 0.453248 0.359937 0.448603 0.393994 0.457893 0.359937 0.448603 0.378874 0.550060 0.363025 0.659628 0.393994 0.457893 0.392197 0.570878 0.371360 0.689254
118 0.387554 0.272802 0.376555 0.454804 0.365065 0.449704 0.388044 0.459904 0.365065 0.449704 0.379640 0.552769 0.362440 0.662860 0.388044 0.459904 0.391665 0.572193 0.371477 0.689598
119 0.388253 0.272547 0.376233 0.455760 0.369428 0.450883 0.383037 0.460637 0.369428 0.450883 0.380128 0.554349 0.362449 0.663761 0.383037 0.460637 0.391344 0.571405 0.371506 0.689343
120 0.387673 0.272080 0.374813 0.456212 0.370544 0.451880 0.379081 0.460543 0.370544 0.451880 0.379955 0.554766 0.363428 0.665348 0.379081 0.460543 0.390237 0.571844 0.371437 0.689568
121 0.386397 0.272631 0.373831 0.456206 0.371229 0.452333 0.376433 0.460079 0.371229 0.452333 0.380000 0.556786 0.364620 0.666562 0.376433 0.460079 0.388403 0.572046 0.371251 0.689129
122 0.385732 0.272885 0.370566 0.456009 0.370377 0.452727 0.370755 0.459291 0.370377 0.452727 0.379296 0.558003 0.364523 0.666159 0.370755 0.459291 0.385836 0.572044 0.370421 0.685986
123 0.386492 0.272208 0.368284 0.452522 0.369653 0.449889 0.366915 0.455154 0.369653 0.449889 0.378696 0.558282 0.364092 0.664426 0.366915 0.455154 0.381620 0.572172 0.369533 0.684709
124 0.387889 0.271058 0.369083 0.450766 0.375297 0.448993 0.362869 0.452540 0.375297 0.448993 0.378457 0.558503 0.364471 0.659413 0.362869 0.452540 0.377975 0.572274 0.367510 0.682028
125 0.388186 0.269528 0.371524 0.448805 0.382252 0.447376 0.360797 0.450235 0.382252 0.447376 0.378747 0.558883 0.365967 0.652846 0.360797 0.450235 0.372867 0.571464 0.365444 0.679948
126 0.387614 0.267998 0.373694 0.443656 0.387653 0.442738 0.359734 0.444575 0.387653 0.442738 0.378749 0.558465 0.366310 0.650760 0.359734 0.444575 0.369309 0.570029 0.362268 0.679355
127 0.386716 0.267800 0.373758 0.443078 0.388200 0.442762 0.359316 0.443394 0.388200 0.442762 0.378528 0.558173 0.365936 0.651441 0.359316 0.443394 0.366686 0.569240 0.359534 0.677738
128 0.386540 0.267708 0.373698 0.443435 0.388915 0.443129 0.358480 0.443741 0.388915 0.443129 0.378384 0.558243 0.365774 0.650325 0.358480 0.443741 0.364938 0.568954 0.356774 0.676262
129 0.386405 0.268334 0.371741 0.444067 0.387876 0.443745 0.355606 0.444389 0.387876 0.443745 0.378465 0.558390 0.365634 0.650645 0.355606 0.444389 0.363020 0.569100 0.353453 0.676087
130 0.386330 0.268899 0.370560 0.444466 0.387859 0.443905 0.353261 0.445026 0.387859 0.443905 0.379335 0.559308 0.365523 0.650818 0.353261 0.445026 0.362009 0.569167 0.351653 0.675857
131 0.385932 0.269109 0.373175 0.444805 0.391463 0.444073 0.354887 0.445538 0.391463 0.444073 0.379899 0.560552 0.365416 0.651277 0.354887 0.445538 0.361293 0.569287 0.351359 0.676022
132 0.385572 0.269429 0.374328 0.445678 0.393491 0.445525 0.355165 0.445831 0.393491 0.445525 0.380092 0.564246 0.365318 0.651683 0.355165 0.445831 0.360825 0.571461 0.351692 0.677526
133 0.385893 0.269968 0.375202 0.446427 0.395477 0.446785 0.354927 0.446068 0.395477 0.446785 0.380242 0.567965 0.364919 0.653009 0.354927 0.446068 0.360062 0.572934 0.352765 0.680651
134 0.386413 0.270508 0.375051 0.447010 0.396055 0.447701 0.354048 0.446319 0.396055 0.447701 0.380254 0.569210 0.363681 0.657683 0.354048 0.446319 0.360105 0.573116 0.354703 0.682848
135 0.386426 0.271001 0.375009 0.447385 0.396468 0.448090 0.353549 0.446679 0.396468 0.448090 0.380405 0.570459 0.363623 0.660647 0.353549 0.446679 0.360077 0.574728 0.356879 0.690914
136 0.386553 0.271618 0.375744 0.448603 0.397625 0.449473 0.353863 0.447733 0.397625 0.449473 0.380820 0.571649 0.363753 0.661909 0.353863 0.447733 0.360776 0.577737 0.359000 0.698688
137 0.387145 0.272412 0.375849 0.449505 0.397655 0.450403 0.354044 0.448606 0.397655 0.450403 0.382512 0.571227 0.364379 0.661673 0.354044 0.448606 0.361176 0.578170 0.361090 0.699231
138 0.387304 0.274235 0.376889 0.451379 0.399546 0.451712 0.354231 0.451047 0.399546 0.451712 0.384202 0.571171 0.364432 0.661586 0.354231 0.451047 0.361455 0.578773 0.364549 0.698152
139 0.387646 0.275671 0.377916 0.453814 0.401521 0.453770 0.354310 0.453858 0.401521 0.453770 0.384306 0.573229 0.364424 0.662888 0.354310 0.453858 0.361523 0.582126 0.366832 0.700285
140 0.387589 0.277581 0.380192 0.457494 0.404065 0.457643 0.356319 0.457346 0.404065 0.457643 0.384756 0.577938 0.363768 0.665707 0.356319 0.457346 0.361639 0.586317 0.370092 0.702186
141 0.387378 0.279656 0.380558 0.459809 0.404021 0.460221 0.357095 0.459398 0.404021 0.460221 0.385770 0.578953 0.363734 0.665968 0.357095 0.459398 0.361968 0.587670 0.370532 0.702507
142 0.386624 0.281100 0.380963 0.462293 0.404079 0.462322 0.357847 0.462265 0.404079 0.462322 0.386927 0.580114 0.363796 0.666427 0.357847 0.462265 0.362671 0.589960 0.370602 0.704168
143 0.385830 0.282065 0.381378 0.464167 0.404319 0.463189 0.358437 0.465145 0.404319 0.463189 0.390190 0.580156 0.364952 0.666165 0.358437 0.465145 0.363805 0.593414 0.370847 0.704524
144 0.384589 0.283478 0.382126 0.466851 0.405550 0.465082 0.358702 0.468620 0.405550 0.465082 0.395337 0.581606 0.365703 0.665960 0.358702 0.468620 0.364226 0.596388 0.371335 0.705406
145 0.383590 0.285116 0.382462 0.468954 0.406165 0.466823 0.358759 0.471084 0.406165 0.466823 0.398693 0.582727 0.368668 0.666412 0.358759 0.471084 0.364254 0.596296 0.372132 0.705653
146 0.382551 0.285916 0.382666 0.469752 0.406576 0.467276 0.358755 0.472229 0.406576 0.467276 0.403017 0.582155 0.373069 0.663633 0.358755 0.472229 0.364092 0.595121 0.372915 0.705419
147 0.381122 0.287511 0.382885 0.471824 0.407005 0.468822 0.358766 0.474827 0.407005 0.468822 0.408857 0.581819 0.376159 0.659698 0.358766 0.474827 0.364058 0.595432 0.374285 0.705080
148 0.379965 0.288579 0.383096 0.476048 0.407430 0.472609 0.358763 0.479486 0.407430 0.472609 0.412867 0.583409 0.378799 0.659853 0.358763 0.479486 0.364244 0.600781 0.375708 0.705433
149 0.379277 0.288780 0.383224 0.478137 0.407701 0.474551 0.358748 0.481723 0.407701 0.474551 0.415265 0.586750 0.384485 0.660641 0.358748 0.481723 0.364582 0.606145 0.375428 0.705613
150 0.378901 0.288967 0.383850 0.480505 0.408845 0.476731 0.358855 0.484279 0.408845 0.476731 0.418121 0.589555 0.389951 0.665141 0.358855 0.484279 0.365146 0.609746 0.375052 0.705653
151 0.378708 0.289550 0.384366 0.483427 0.409825 0.479636 0.358908 0.487218 0.409825 0.479636 0.418263 0.592004 0.393439 0.670570 0.358908 0.487218 0.365221 0.611607 0.374852 0.706139
152 0.378697 0.290094 0.385291 0.486531 0.411424 0.482875 0.359158 0.490188 0.411424 0.482875 0.418434 0.596213 0.395330 0.675339 0.359158 0.490188 0.365299 0.613782 0.374651 0.706927
153 0.379178 0.290668 0.386326 0.487520 0.413036 0.484020 0.359617 0.491021 0.413036 0.484020 0.418440 0.599598 0.396717 0.677110 0.359617 0.491021 0.365321 0.613098 0.374521 0.707052
154 0.379734 0.291063 0.386705 0.487817 0.413466 0.484799 0.359945 0.490835 0.413466 0.484799 0.418673 0.602784 0.396797 0.682394 0.359945 0.490835 0.365281 0.613643 0.374639 0.707261
155 0.380923 0.291931 0.387078 0.488541 0.413947 0.486059 0.360209 0.491022 0.413947 0.486059 0.419003 0.605127 0.397155 0.686994 0.360209 0.491022 0.365270 0.613734 0.374962 0.707340
156 0.382338 0.292482 0.387651 0.488952 0.414820 0.486781 0.360483 0.491123 0.414820 0.486781 0.419065 0.606204 0.397664 0.696303 0.360483 0.491123 0.365285 0.612964 0.374895 0.707459
157 0.384456 0.293033 0.388766 0.491247 0.416385 0.489427 0.361146 0.493067 0.416385 0.489427 0.419056 0.610208 0.397461 0.705686 0.361146 0.493067 0.365360 0.614650 0.374850 0.708534
158 0.386451 0.294287 0.389548 0.493403 0.417573 0.491536 0.361523 0.495270 0.417573 0.491536 0.419094 0.611743 0.399296 0.712075 0.361523 0.495270 0.365802 0.618257 0.374839 0.709167
159 0.389655 0.295971 0.389595 0.496527 0.417602 0.494892 0.361588 0.498162 0.417602 0.494892 0.418858 0.618451 0.400352 0.717910 0.361588 0.498162 0.366219 0.624241 0.374642 0.710432
160 0.392594 0.298217 0.389730 0.499217 0.417676 0.498268 0.361783 0.500167 0.417676 0.498268 0.418603 0.627094 0.403244 0.726744 0.361783 0.500167 0.366628 0.629632 0.374328 0.712782
161 0.396241 0.300031 0.390905 0.500195 0.419236 0.499692 0.362575 0.500699 0.419236 0.499692 0.418552 0.630956 0.407471 0.737581 0.362575 0.500699 0.366925 0.630173 0.373882 0.714905
162 0.401024 0.301676 0.393379 0.502139 0.422256 0.502052 0.364502 0.502225 0.422256 0.502052 0.419517 0.637771 0.414421 0.757721 0.364502 0.502225 0.367949 0.631436 0.373898 0.715646
163 0.406902 0.303721 0.395400 0.503828 0.424425 0.504423 0.366376 0.503233 0.424425 0.504423 0.420182 0.642824 0.418182 0.773684 0.366376 0.503233 0.368886 0.630900 0.373826 0.716131
164 0.412961 0.306614 0.397151 0.506931 0.426265 0.508840 0.368037 0.505023 0.426265 0.508840 0.421148 0.647181 0.421985 0.778431 0.368037 0.505023 0.369240 0.631444 0.373533 0.716047
165 0.420081 0.310943 0.399051 0.510893 0.428407 0.514196 0.369695 0.507591 0.428407 0.514196 0.424077 0.651980 0.427663 0.786455 0.369695 0.507591 0.369209 0.634064 0.373326 0.717093
166 0.427775 0.315877 0.401094 0.514863 0.430531 0.519477 0.371657 0.510249 0.430531 0.519477 0.428063 0.657500 0.437584 0.791441 0.371657 0.510249 0.369285 0.634031 0.373314 0.719438
167 0.436150 0.321969 0.405665 0.519732 0.434643 0.525842 0.376687 0.513622 0.434643 0.525842 0.432176 0.662201 0.443470 0.793835 0.376687 0.513622 0.369520 0.636086 0.373955 0.719434
168 0.444591 0.328124 0.409722 0.525037 0.437739 0.532041 0.381705 0.518034 0.437739 0.532041 0.433553 0.665095 0.446949 0.797952 0.381705 0.518034 0.370727 0.639147 0.376428 0.720029
169 0.452994 0.332571 0.415343 0.526270 0.442642 0.534162 0.388043 0.518377 0.442642 0.534162 0.434794 0.666451 0.448346 0.793685 0.388043 0.518377 0.373503 0.637920 0.380537 0.720728
170 0.461061 0.335901 0.420381 0.527676 0.447335 0.536429 0.393428 0.518924 0.447335 0.536429 0.437828 0.668072 0.448785 0.791302 0.393428 0.518924 0.377809 0.636678 0.388082 0.721465
171 0.469142 0.339358 0.425997 0.529684 0.452481 0.539145 0.399513 0.520222 0.452481 0.539145 0.439437 0.670301 0.449697 0.791696 0.399513 0.520222 0.378822 0.635230 0.396255 0.722319
172 0.476110 0.342651 0.431382 0.530730 0.457316 0.540228 0.405448 0.521233 0.457316 0.540228 0.439673 0.670300 0.449910 0.791841 0.405448 0.521233 0.379730 0.634989 0.403853 0.724228
173 0.482271 0.346312 0.436868 0.531269 0.462536 0.540639 0.411199 0.521899 0.462536 0.540639 0.439878 0.669091 0.449701 0.793937 0.411199 0.521899 0.380876 0.634718 0.408011 0.728292
174 0.488518 0.350869 0.442239 0.532845 0.467306 0.542703 0.417172 0.522987 0.467306 0.542703 0.439159 0.667761 0.449638 0.792628 0.417172 0.522987 0.383893 0.634545 0.410962 0.730503
175 0.495323 0.356836 0.447639 0.536949 0.471975 0.546975 0.423304 0.526923 0.471975 0.546975 0.438603 0.667521 0.449181 0.791523 0.423304 0.526923 0.385391 0.635563 0.411136 0.734352
176 0.501432 0.364037 0.452515 0.541265 0.476476 0.552000 0.428554 0.530530 0.476476 0.552000 0.438042 0.670234 0.449640 0.793060 0.428554 0.530530 0.386532 0.639010 0.409678 0.738400
177 0.507617 0.372402 0.457907 0.548435 0.481684 0.560139 0.434129 0.536730 0.481684 0.560139 0.436741 0.677698 0.451902 0.798871 0.434129 0.536730 0.386325 0.644076 0.409245 0.742242
178 0.513652 0.382910 0.464893 0.555852 0.488115 0.568152 0.441671 0.543552 0.488115 0.568152 0.435445 0.680190 0.456501 0.801071 0.441671 0.543552 0.386891 0.645695 0.409391 0.743680
179 0.519141 0.400200 0.472923 0.567914 0.496000 0.581328 0.449847 0.554499 0.496000 0.581328 0.435422 0.681586 0.457037 0.801162 0.449847 0.554499 0.389714 0.650430 0.408784 0.744883
180 0.525021 0.417397 0.480679 0.579670 0.503469 0.593156 0.457888 0.566185 0.503469 0.593156 0.435885 0.682313 0.456243 0.801220 0.457888 0.566185 0.393677 0.655559 0.408153 0.743967
181 0.530014 0.438240 0.489091 0.592087 0.510878 0.606425 0.467304 0.577750 0.510878 0.606425 0.437191 0.681731 0.456769 0.804403 0.467304 0.577750 0.399558 0.654770 0.408737 0.744781
182 0.535858 0.461816 0.494967 0.611541 0.516497 0.625197 0.473436 0.597885 0.516497 0.625197 0.440015 0.681517 0.457516 0.804042 0.473436 0.597885 0.404165 0.655833 0.409083 0.744220
183 0.543049 0.485681 0.500800 0.631133 0.521993 0.644995 0.479607 0.617271 0.521993 0.644995 0.446648 0.677971 0.457899 0.805533 0.479607 0.617271 0.407901 0.655872 0.410760 0.744292
184 0.550461 0.510481 0.504878 0.653247 0.526307 0.666935 0.483449 0.639559 0.526307 0.666935 0.459118 0.665071 0.458837 0.804972 0.483449 0.639559 0.411804 0.655536 0.411579 0.744309
185 0.559287 0.533868 0.508692 0.674510 0.530331 0.689777 0.487052 0.659243 0.530331 0.689777 0.472901 0.664115 0.461561 0.804454 0.487052 0.659243 0.419276 0.653056 0.412307 0.745866
186 0.571526 0.560199 0.514198 0.690118 0.533536 0.708917 0.494861 0.671318 0.533536 0.708917 0.485825 0.665160 0.466817 0.803948 0.494861 0.671318 0.431588 0.648960 0.413173 0.745526
187 0.583686 0.580327 0.520472 0.705846 0.538973 0.725824 0.501971 0.685867 0.538973 0.725824 0.506199 0.664979 0.471008 0.803666 0.501971 0.685867 0.443633 0.642389 0.412892 0.745464
188 0.593998 0.597928 0.526360 0.718685 0.543695 0.739533 0.509026 0.697836 0.543695 0.739533 0.523327 0.669164 0.468427 0.794038 0.509026 0.697836 0.456924 0.639375 0.404462 0.745139
189 0.604267 0.620851 0.532716 0.725682 0.548581 0.743705 0.516852 0.707658 0.548581 0.743705 0.522599 0.669581 0.467262 0.776795 0.516852 0.707658 0.460294 0.637668 0.393073 0.745629
190 0.615487 0.640446 0.537344 0.726321 0.553805 0.744624 0.520882 0.708018 0.553805 0.744624 0.537332 0.674934 0.473389 0.751247 0.520882 0.708018 0.464166 0.633342 0.387701 0.731880
191 0.623063 0.657683 0.542564 0.725143 0.558554 0.744612 0.526574 0.705675 0.558554 0.744612 0.570325 0.677261 0.499131 0.753935 0.526574 0.705675 0.470575 0.630031 0.387680 0.699081
192 0.624832 0.663801 0.541204 0.728783 0.559290 0.741646 0.523118 0.715920 0.559290 0.741646 0.582809 0.628450 0.514306 0.699726 0.523118 0.715920 0.477343 0.626506 0.387999 0.667153
193 0.630382 0.663545 0.546450 0.717795 0.566178 0.727943 0.526722 0.707647 0.566178 0.727943 0.578960 0.606182 0.517705 0.635335 0.526722 0.707647 0.486310 0.616915 0.390623 0.632693
194 0.635726 0.660339 0.552222 0.709518 0.569993 0.721191 0.534452 0.697845 0.569993 0.721191 0.595923 0.605212 0.528267 0.554881 0.534452 0.697845 0.493498 0.609829 0.392001 0.593634
195 0.634925 0.657878 0.556301 0.703151 0.574139 0.711636 0.538462 0.694667 0.574139 0.711636 0.602103 0.603725 0.531944 0.536527 0.538462 0.694667 0.496847 0.594399 0.397845 0.574877
196 0.639589 0.654984 0.562390 0.697592 0.582746 0.703376 0.542034 0.691807 0.582746 0.703376 0.605631 0.599104 0.547411 0.509751 0.542034 0.691807 0.503316 0.587137 0.413753 0.563145
197 0.640011 0.657116 0.564408 0.695976 0.585022 0.702053 0.543794 0.689899 0.585022 0.702053 0.604288 0.588549 0.544292 0.500321 0.543794 0.689899 0.512524 0.584406 0.427155 0.552342
198 0.637991 0.662586 0.565935 0.695649 0.586363 0.702599 0.545506 0.688699 0.586363 0.702599 0.608112 0.583767 0.550060 0.490982 0.545506 0.688699 0.521994 0.578359 0.439773 0.544131
199 0.639272 0.666827 0.567806 0.697446 0.589604 0.702990 0.546007 0.691901 0.589604 0.702990 0.608995 0.582105 0.565771 0.497121 0.546007 0.691901 0.530206 0.579250 0.450638 0.544242
200 0.639581 0.665659 0.566656 0.698630 0.588782 0.703149 0.544529 0.694110 0.588782 0.703149 0.608726 0.587548 0.551144 0.502418 0.544529 0.694110 0.529667 0.578897 0.451077 0.545253
201 0.640532 0.665463 0.564436 0.702809 0.585623 0.707374 0.543248 0.698244 0.585623 0.707374 0.606274 0.594472 0.550406 0.507955 0.543248 0.698244 0.528211 0.582491 0.453147 0.544905
202 0.641636 0.667907 0.563718 0.708780 0.583649 0.714382 0.543786 0.703179 0.583649 0.714382 0.604454 0.600276 0.545411 0.527875 0.543786 0.703179 0.526519 0.585747 0.455576 0.550661
203 0.642412 0.667482 0.562718 0.713494 0.582232 0.719849 0.543204 0.707139 0.582232 0.719849 0.601077 0.604384 0.552547 0.521592 0.543204 0.707139 0.526096 0.587270 0.451802 0.560011
204 0.641753 0.667200 0.561210 0.715620 0.579439 0.723563 0.542981 0.707677 0.579439 0.723563 0.598966 0.604690 0.511932 0.531253 0.542981 0.707677 0.536266 0.586415 0.465169 0.553452
205 0.641139 0.667019 0.559537 0.714337 0.576977 0.723320 0.542097 0.705354 0.576977 0.723320 0.594574 0.600450 0.488500 0.544246 0.542097 0.705354 0.542391 0.575466 0.474853 0.540036
206 0.642110 0.670656 0.559530 0.718509 0.577079 0.728880 0.541981 0.708139 0.577079 0.728880 0.592680 0.605483 0.489307 0.682417 0.541981 0.708139 0.534386 0.574989 0.464050 0.568341
207 0.642450 0.674904 0.559942 0.719919 0.578413 0.726751 0.541470 0.713087 0.578413 0.726751 0.581082 0.602651 0.493778 0.682778 0.541470 0.713087 0.517088 0.581743 0.439754 0.623380
208 0.641842 0.675640 0.559727 0.720802 0.578676 0.725442 0.540779 0.716161 0.578676 0.725442 0.577890 0.595000 0.501298 0.588732 0.540779 0.716161 0.503841 0.600465 0.430825 0.665479
209 0.641613 0.674680 0.560032 0.720519 0.579831 0.724938 0.540233 0.716100 0.579831 0.724938 0.569109 0.598737 0.504375 0.681245 0.540233 0.716100 0.495414 0.610209 0.428735 0.696656
210 0.642211 0.673656 0.560881 0.719015 0.581709 0.723703 0.540052 0.714327 0.581709 0.723703 0.543138 0.650884 0.505659 0.762921 0.540052 0.714327 0.488411 0.624536 0.428302 0.729728
211 0.642374 0.673435 0.560581 0.714931 0.581449 0.723719 0.539713 0.706142 0.581449 0.723719 0.523115 0.683247 0.496250 0.812280 0.539713 0.706142 0.480590 0.637131 0.429001 0.769309
212 0.642142 0.673764 0.559207 0.713521 0.580625 0.724157 0.537788 0.702885 0.580625 0.724157 0.524144 0.690971 0.499556 0.823433 0.537788 0.702885 0.475197 0.645289 0.429206 0.774526
213 0.642012 0.673485 0.557689 0.713841 0.579359 0.725434 0.536018 0.702249 0.579359 0.725434 0.517596 0.689376 0.489364 0.831373 0.536018 0.702249 0.471405 0.649430 0.422362 0.774921
214 0.641444 0.673855 0.556562 0.713674 0.577443 0.725671 0.535681 0.701677 0.577443 0.725671 0.512512 0.689205 0.486811 0.835008 0.535681 0.701677 0.468106 0.654015 0.412851 0.776607
215 0.639810 0.673748 0.555177 0.714108 0.575683 0.726385 0.534672 0.701831 0.575683 0.726385 0.510952 0.689682 0.487782 0.832725 0.534672 0.701831 0.465430 0.656232 0.406127 0.777490
216 0.638249 0.673405 0.554649 0.713685 0.574986 0.726253 0.534312 0.701116 0.574986 0.726253 0.510320 0.688535 0.488035 0.830953 0.534312 0.701116 0.464752 0.656423 0.406204 0.776695
217 0.636774 0.673133 0.553850 0.713468 0.574301 0.726116 0.533399 0.700820 0.574301 0.726116 0.514302 0.689582 0.487842 0.832333 0.533399 0.700820 0.464605 0.656953 0.406262 0.778837
218 0.636300 0.673351 0.553332 0.713426 0.573864 0.726012 0.532800 0.700840 0.573864 0.726012 0.513474 0.691666 0.489097 0.831857 0.532800 0.700840 0.464801 0.658209 0.406433 0.780837
219 0.636319 0.673710 0.553250 0.713367 0.573784 0.725856 0.532715 0.700877 0.573784 0.725856 0.511057 0.694119 0.489882 0.833206 0.532715 0.700877 0.465060 0.659568 0.407535 0.779713
220 0.636349 0.673804 0.553317 0.713394 0.573852 0.725795 0.532782 0.700992 0.573852 0.725795 0.511174 0.693961 0.490194 0.833742 0.532782 0.700992 0.465536 0.659123 0.408380 0.777149
221 0.636580 0.674037 0.554129 0.713351 0.574423 0.725743 0.533835 0.700959 0.574423 0.725743 0.507136 0.694937 0.489955 0.834975 0.533835 0.700959 0.466245 0.659210 0.408979 0.776372
222 0.636818 0.674314 0.555220 0.713325 0.575633 0.725721 0.534806 0.700928 0.575633 0.725721 0.508114 0.692924 0.489332 0.835366 0.534806 0.700928 0.466874 0.659175 0.409522 0.776089
223 0.637065 0.674496 0.555767 0.712969 0.576242 0.725333 0.535292 0.700606 0.576242 0.725333 0.508061 0.691714 0.488993 0.834799 0.535292 0.700606 0.467273 0.659104 0.409744 0.776240
224 0.637436 0.674661 0.556399 0.712921 0.576605 0.725311 0.536193 0.700531 0.576605 0.725311 0.506221 0.690863 0.489090 0.833455 0.536193 0.700531 0.467249 0.659014 0.409809 0.776357
225 0.637838 0.674827 0.556736 0.712786 0.576741 0.725290 0.536730 0.700281 0.576741 0.725290 0.503824 0.690205 0.488890 0.833369 0.536730 0.700281 0.467144 0.659243 0.409642 0.776442
226 0.637890 0.674861 0.556908 0.712665 0.576861 0.725278 0.536956 0.700051 0.576861 0.725278 0.503588 0.689742 0.488654 0.834387 0.536956 0.700051 0.467021 0.659063 0.409699 0.776266
227 0.637937 0.674870 0.556764 0.712538 0.576704 0.725122 0.536824 0.699954 0.576704 0.725122 0.505171 0.689028 0.488317 0.833898 0.536824 0.699954 0.466529 0.658825 0.409686 0.776162
228 0.637924 0.675034 0.556327 0.712584 0.576276 0.725098 0.536379 0.700069 0.576276 0.725098 0.501162 0.689505 0.488059 0.833790 0.536379 0.700069 0.466284 0.658577 0.409731 0.776229
229 0.637923 0.675100 0.555688 0.712553 0.575578 0.725026 0.535799 0.700080 0.575578 0.725026 0.502766 0.687800 0.487806 0.832998 0.535799 0.700080 0.466050 0.658392 0.409758 0.775932
230 0.637991 0.674989 0.554787 0.712671 0.574772 0.724989 0.534803 0.700353 0.574772 0.724989 0.503474 0.686000 0.487579 0.832396 0.534803 0.700353 0.465716 0.658265 0.409796 0.775814
231 0.637984 0.674969 0.554775 0.712613 0.574760 0.724872 0.534790 0.700354 0.574760 0.724872 0.503970 0.685809 0.487532 0.832283 0.534790 0.700354 0.465764 0.658184 0.409827 0.775639
232 0.637981 0.674979 0.554746 0.712585 0.574737 0.724808 0.534754 0.700362 0.574737 0.724808 0.499460 0.688036 0.487372 0.832014 0.534754 0.700362 0.465797 0.658107 0.409858 0.775512
233 0.637967 0.674970 0.554777 0.712584 0.574785 0.724791 0.534769 0.700376 0.574785 0.724791 0.500586 0.686764 0.487404 0.831875 0.534769 0.700376 0.465832 0.658045 0.409888 0.775536
234 0.637969 0.674964 0.554817 0.712571 0.574800 0.724762 0.534835 0.700381 0.574800 0.724762 0.501764 0.686320 0.487334 0.832049 0.534835 0.700381 0.465864 0.657997 0.409984 0.775547
235 0.637999 0.674957 0.554864 0.712503 0.574810 0.724640 0.534917 0.700365 0.574810 0.724640 0.502018 0.686258 0.487217 0.832456 0.534917 0.700365 0.465893 0.657957 0.410035 0.775482
236 0.638048 0.674942 0.555170 0.712358 0.575045 0.724446 0.535295 0.700270 0.575045 0.724446 0.499044 0.687225 0.486942 0.832739 0.535295 0.700270 0.465917 0.657943 0.410114 0.775465
237 0.638066 0.674863 0.555395 0.712276 0.575260 0.724317 0.535531 0.700236 0.575260 0.724317 0.498612 0.687370 0.486751 0.832894 0.535531 0.700236 0.465934 0.657885 0.410167 0.775416
238 0.638084 0.674836 0.555395 0.712287 0.575234 0.724302 0.535557 0.700272 0.575234 0.724302 0.498680 0.687984 0.486673 0.832838 0.535557 0.700272 0.465938 0.657852 0.410231 0.775385
239 0.638104 0.674771 0.555260 0.712423 0.575032 0.724365 0.535487 0.700482 0.575032 0.724365 0.499157 0.688604 0.486670 0.832824 0.535487 0.700482 0.465947 0.657777 0.410259 0.775355
240 0.638433 0.674753 0.555159 0.712523 0.575012 0.724356 0.535305 0.700690 0.575012 0.724356 0.503030 0.685807 0.486669 0.832307 0.535305 0.700690 0.465920 0.657724 0.410432 0.775034
241 0.638579 0.674705 0.555087 0.712641 0.574998 0.724349 0.535176 0.700934 0.574998 0.724349 0.504777 0.684352 0.486696 0.832075 0.535176 0.700934 0.465924 0.657664 0.410454 0.774746
242 0.638651 0.674713 0.554885 0.712731 0.574834 0.724364 0.534936 0.701097 0.574834 0.724364 0.506192 0.683929 0.486700 0.831879 0.534936 0.701097 0.465929 0.657458 0.410679 0.774641
243 0.638723 0.674790 0.554740 0.712897 0.574763 0.724370 0.534717 0.701425 0.574763 0.724370 0.507635 0.683880 0.486845 0.831564 0.534717 0.701425 0.465922 0.657301 0.410753 0.774620
244 0.638834 0.674863 0.554743 0.713081 0.574769 0.724430 0.534717 0.701733 0.574769 0.724430 0.508778 0.683885 0.487127 0.831298 0.534717 0.701733 0.465926 0.657280 0.410764 0.774566
245 0.638957 0.674894 0.554740 0.713133 0.574772 0.724428 0.534709 0.701839 0.574772 0.724428 0.505164 0.687160 0.487138 0.831300 0.534709 0.701839 0.465943 0.657243 0.410777 0.774460
246 0.639056 0.674982 0.554776 0.713165 0.574796 0.724456 0.534756 0.701875 0.574796 0.724456 0.502363 0.688586 0.487226 0.831307 0.534756 0.701875 0.465957 0.657216 0.410791 0.774361
247 0.639089 0.675005 0.554765 0.713153 0.574793 0.724429 0.534738 0.701876 0.574793 0.724429 0.501859 0.690136 0.487228 0.831283 0.534738 0.701876 0.465958 0.657175 0.410798 0.774308
248 0.639130 0.675032 0.554772 0.713157 0.574798 0.724412 0.534745 0.701903 0.574798 0.724412 0.500911 0.691569 0.487242 0.831278 0.534745 0.701903 0.465955 0.657133 0.410799 0.774292
249 0.639180 0.674971 0.554772 0.713116 0.574798 0.724348 0.534746 0.701883 0.574798 0.724348 0.500759 0.692273 0.487313 0.831293 0.534746 0.701883 0.465957 0.657117 0.410770 0.774295
250 0.639186 0.674983 0.554767 0.713170 0.574798 0.724342 0.534735 0.701998 0.574798 0.724342 0.500909 0.692383 0.487467 0.831294 0.534735 0.701998 0.465935 0.657087 0.410775 0.774280
251 0.639193 0.674974 0.554692 0.713124 0.574676 0.724253 0.534707 0.701996 0.574676 0.724253 0.500615 0.692435 0.487455 0.831668 0.534707 0.701996 0.465917 0.657042 0.410774 0.774221
252 0.639232 0.674977 0.554676 0.713145 0.574640 0.724287 0.534712 0.702003 0.574640 0.724287 0.500709 0.692300 0.487518 0.831785 0.534712 0.702003 0.465960 0.656983 0.410874 0.774021
253 0.639220 0.674980 0.554486 0.713166 0.574365 0.724347 0.534608 0.701986 0.574365 0.724347 0.505214 0.688381 0.487624 0.831881 0.534608 0.701986 0.465961 0.656924 0.410923 0.773987
254 0.639163 0.674965 0.554322 0.713140 0.574256 0.724352 0.534388 0.701927 0.574256 0.724352 0.508606 0.687178 0.487704 0.831943 0.534388 0.701927 0.465961 0.656882 0.410931 0.773966
255 0.639227 0.674956 0.553918 0.713247 0.573728 0.724443 0.534108 0.702051 0.573728 0.724443 0.504930 0.690368 0.487769 0.832098 0.534108 0.702051 0.465961 0.656884 0.410919 0.773961
256 0.639279 0.674969 0.553748 0.713384 0.573516 0.724474 0.533979 0.702293 0.573516 0.724474 0.502544 0.690995 0.487795 0.832234 0.533979 0.702293 0.465873 0.656872 0.410832 0.773941
257 0.639357 0.674996 0.553657 0.713453 0.573419 0.724498 0.533895 0.702408 0.573419 0.724498 0.501167 0.691605 0.487896 0.832293 0.533895 0.702408 0.465776 0.656857 0.410783 0.773904
258 0.639365 0.675003 0.553624 0.713526 0.573418 0.724504 0.533830 0.702549 0.573418 0.724504 0.501198 0.691685 0.487948 0.832384 0.533830 0.702549 0.465774 0.656889 0.410782 0.773896
259 0.639412 0.674970 0.553621 0.713468 0.573419 0.724377 0.533824 0.702560 0.573419 0.724377 0.500466 0.692027 0.487976 0.832426 0.533824 0.702560 0.465766 0.656909 0.410784 0.773849
260 0.639373 0.675000 0.553605 0.713501 0.573392 0.724325 0.533817 0.702677 0.573392 0.724325 0.505086 0.687595 0.487980 0.832421 0.533817 0.702677 0.465741 0.656963 0.410778 0.773778
261 0.639381 0.675015 0.553675 0.713458 0.573430 0.724233 0.533919 0.702683 0.573430 0.724233 0.501304 0.689021 0.487983 0.832431 0.533919 0.702683 0.465780 0.657038 0.410774 0.773757
262 0.639378 0.675006 0.553662 0.713433 0.573414 0.724174 0.533911 0.702693 0.573414 0.724174 0.505504 0.686200 0.488027 0.832337 0.533911 0.702693 0.465780 0.657059 0.410750 0.773745
263 0.639385 0.675028 0.553611 0.713366 0.573325 0.724022 0.533898 0.702710 0.573325 0.724022 0.501786 0.687770 0.488095 0.832163 0.533898 0.702710 0.465753 0.657076 0.410743 0.773736
264 0.639388 0.675083 0.553610 0.713408 0.573318 0.724023 0.533902 0.702793 0.573318 0.724023 0.508881 0.686231 0.488111 0.832088 0.533902 0.702793 0.465794 0.657048 0.410785 0.773791
265 0.639389 0.675092 0.553581 0.713534 0.573312 0.724062 0.533851 0.703006 0.573312 0.724062 0.511626 0.685674 0.488119 0.832035 0.533851 0.703006 0.465842 0.657040 0.410793 0.773891
266 0.639400 0.675255 0.553572 0.713973 0.573312 0.724454 0.533833 0.703492 0.573312 0.724454 0.511821 0.685547 0.488155 0.832013 0.533833 0.703492 0.465841 0.657036 0.410792 0.773962
267 0.639403 0.675370 0.553577 0.713971 0.573313 0.724451 0.533840 0.703492 0.573313 0.724451 0.511287 0.685565 0.488338 0.831565 0.533840 0.703492 0.465827 0.656897 0.410824 0.773970
268 0.639399 0.675443 0.553660 0.713934 0.573461 0.724383 0.533859 0.703485 0.573461 0.724383 0.510976 0.685628 0.488616 0.831216 0.533859 0.703485 0.465800 0.656778 0.410863 0.773963
269 0.639326 0.675449 0.553745 0.713908 0.573627 0.724347 0.533864 0.703470 0.573627 0.724347 0.501778 0.692985 0.488771 0.831101 0.533864 0.703470 0.465816 0.656724 0.410873 0.773950
270 0.639194 0.675437 0.553782 0.713847 0.573698 0.724260 0.533866 0.703434 0.573698 0.724260 0.498520 0.696436 0.488966 0.831065 0.533866 0.703434 0.465816 0.656656 0.410872 0.773949
271 0.639101 0.675393 0.553754 0.713846 0.573711 0.724257 0.533798 0.703435 0.573711 0.724257 0.497155 0.698162 0.489040 0.831021 0.533798 0.703435 0.465813 0.656564 0.410872 0.773947
272 0.639029 0.675355 0.553756 0.713854 0.573744 0.724275 0.533768 0.703433 0.573744 0.724275 0.498118 0.697709 0.489342 0.830753 0.533768 0.703433 0.465812 0.656498 0.410872 0.773965
273 0.639035 0.675354 0.553758 0.713925 0.573763 0.724334 0.533752 0.703515 0.573763 0.724334 0.498222 0.697131 0.489538 0.830654 0.533752 0.703515 0.465807 0.656501 0.410875 0.773962
274 0.639092 0.675341 0.553804 0.713921 0.573853 0.724325 0.533756 0.703516 0.573853 0.724325 0.496196 0.697249 0.489558 0.830680 0.533756 0.703516 0.465813 0.656491 0.410879 0.773961
275 0.639132 0.675349 0.553658 0.714093 0.573694 0.724525 0.533623 0.703662 0.573694 0.724525 0.495869 0.696961 0.489441 0.831223 0.533623 0.703662 0.465786 0.656471 0.410860 0.773983
276 0.639130 0.675367 0.553811 0.713997 0.573947 0.724365 0.533676 0.703629 0.573947 0.724365 0.496050 0.696214 0.489386 0.831147 0.533676 0.703629 0.465754 0.656416 0.410859 0.773930
277 0.639129 0.675304 0.553856 0.713563 0.574037 0.723707 0.533675 0.703419 0.574037 0.723707 0.496559 0.696053 0.489215 0.831144 0.533675 0.703419 0.465746 0.656412 0.410832 0.773939
278 0.639118 0.675282 0.553873 0.713542 0.574066 0.723665 0.533681 0.703420 0.574066 0.723665 0.496731 0.695997 0.489190 0.831109 0.533681 0.703420 0.465730 0.656348 0.410833 0.773937
279 0.639102 0.675281 0.553964 0.713454 0.574159 0.723572 0.533770 0.703336 0.574159 0.723572 0.496860 0.696141 0.489194 0.831209 0.533770 0.703336 0.465725 0.656338 0.410842 0.773993
280 0.639108 0.675288 0.553999 0.713427 0.574201 0.723527 0.533797 0.703326 0.574201 0.723527 0.496902 0.696322 0.489180 0.831219 0.533797 0.703326 0.465719 0.656358 0.410862 0.774038
281 0.639113 0.675328 0.553990 0.713489 0.574171 0.723573 0.533809 0.703404 0.574171 0.723573 0.496855 0.696261 0.489069 0.831249 0.533809 0.703404 0.465745 0.656390 0.410881 0.774049
282 0.639080 0.675345 0.553974 0.713549 0.574140 0.723669 0.533808 0.703429 0.574140 0.723669 0.496931 0.696223 0.488970 0.831242 0.533808 0.703429 0.465744 0.656386 0.410900 0.774050
283 0.639078 0.675473 0.553928 0.713579 0.574057 0.723728 0.533799 0.703431 0.574057 0.723728 0.496905 0.696644 0.488944 0.831363 0.533799 0.703431 0.465743 0.656402 0.410903 0.774064
284 0.639159 0.675464 0.554004 0.713560 0.574178 0.723685 0.533831 0.703435 0.574178 0.723685 0.495527 0.696599 0.488907 0.831425 0.533831 0.703435 0.465750 0.656452 0.410902 0.774062
285 0.639172 0.675464 0.554130 0.713495 0.574382 0.723582 0.533879 0.703409 0.574382 0.723582 0.495260 0.696612 0.488886 0.831424 0.533879 0.703409 0.465751 0.656571 0.410897 0.774067
286 0.639298 0.675476 0.554190 0.713477 0.574470 0.723563 0.533910 0.703391 0.574470 0.723563 0.493985 0.696776 0.488911 0.831275 0.533910 0.703391 0.465748 0.656646 0.410890 0.774070
287 0.639311 0.675410 0.554456 0.713482 0.574872 0.723561 0.534040 0.703403 0.574872 0.723561 0.493790 0.696763 0.488910 0.831285 0.534040 0.703403 0.465747 0.656607 0.410908 0.774056
288 0.639412 0.675304 0.554336 0.713666 0.574703 0.723821 0.533969 0.703511 0.574703 0.723821 0.496298 0.696440 0.488913 0.831195 0.533969 0.703511 0.465866 0.656692 0.410907 0.774065
289 0.639519 0.675284 0.554336 0.713839 0.574705 0.724134 0.533968 0.703545 0.574705 0.724134 0.496298 0.696225 0.488891 0.831212 0.533968 0.703545 0.465883 0.656691 0.410810 0.774095
290 0.639529 0.675244 0.554158 0.713892 0.574467 0.724164 0.533849 0.703620 0.574467 0.724164 0.496364 0.696215 0.488890 0.831209 0.533849 0.703620 0.465884 0.656697 0.410790 0.774133
291 0.639436 0.675223 0.554094 0.714023 0.574435 0.724330 0.533752 0.703716 0.574435 0.724330 0.497087 0.696478 0.488912 0.831263 0.533752 0.703716 0.465892 0.656708 0.410789 0.774229
292 0.639435 0.675258 0.554110 0.714079 0.574465 0.724386 0.533756 0.703772 0.574465 0.724386 0.497313 0.697152 0.489009 0.831268 0.533756 0.703772 0.465934 0.656666 0.410812 0.774247
293 0.639358 0.675252 0.554103 0.714083 0.574456 0.724390 0.533751 0.703775 0.574456 0.724390 0.498485 0.697142 0.489082 0.831262 0.533751 0.703775 0.465944 0.656646 0.410809 0.774260
294 0.639330 0.675254 0.554106 0.714059 0.574456 0.724362 0.533756 0.703756 0.574456 0.724362 0.498643 0.697274 0.489366 0.831252 0.533756 0.703756 0.465948 0.656534 0.410831 0.774260
295 0.639364 0.675340 0.554145 0.714088 0.574456 0.724402 0.533834 0.703773 0.574456 0.724402 0.498618 0.697767 0.489461 0.831267 0.533834 0.703773 0.465957 0.656534 0.410844 0.774212
296 0.639359 0.675363 0.554178 0.714060 0.574488 0.724349 0.533868 0.703772 0.574488 0.724349 0.498600 0.697850 0.489642 0.831267 0.533868 0.703772 0.465980 0.656531 0.410902 0.774205
297 0.639356 0.675445 0.554201 0.714108 0.574494 0.724373 0.533908 0.703843 0.574494 0.724373 0.498616 0.697896 0.489665 0.831364 0.533908 0.703843 0.466005 0.656540 0.410940 0.774198
298 0.639359 0.675450 0.554397 0.714098 0.574648 0.724350 0.534146 0.703845 0.574648 0.724350 0.498409 0.697890 0.489716 0.831366 0.534146 0.703845 0.466115 0.656719 0.410941 0.774192
299 0.639354 0.675502 0.554414 0.714074 0.574643 0.724347 0.534184 0.703802 0.574643 0.724347 0.498835 0.697772 0.489675 0.831378 0.534184 0.703802 0.466158 0.656748 0.410930 0.774193
300 0.639356 0.675419 0.554102 0.714270 0.574173 0.724651 0.534031 0.703890 0.574173 0.724651 0.498869 0.697679 0.489646 0.831282 0.534031 0.703890 0.466160 0.656803 0.410930 0.774211
301 0.639362 0.675329 0.554011 0.714245 0.574012 0.724622 0.534010 0.703869 0.574012 0.724622 0.498647 0.697667 0.489529 0.831433 0.534010 0.703869 0.466161 0.656928 0.410875 0.774267
302 0.639367 0.675300 0.554010 0.714231 0.574011 0.724560 0.534009 0.703901 0.574011 0.724560 0.497900 0.697661 0.489391 0.831418 0.534009 0.703901 0.466163 0.656905 0.410900 0.774274
303 0.639362 0.675331 0.554051 0.714143 0.574013 0.724393 0.534089 0.703894 0.574013 0.724393 0.496457 0.697286 0.489268 0.831393 0.534089 0.703894 0.466211 0.656992 0.410904 0.774253
304 0.639367 0.675363 0.554186 0.714111 0.574147 0.724324 0.534226 0.703898 0.574147 0.724324 0.495449 0.697289 0.489102 0.831402 0.534226 0.703898 0.466240 0.657073 0.410899 0.774260
305 0.639302 0.675416 0.554336 0.714105 0.574318 0.724322 0.534355 0.703888 0.574318 0.724322 0.495477 0.697182 0.488984 0.831421 0.534355 0.703888 0.466317 0.657071 0.410911 0.774199
306 0.639235 0.675418 0.554283 0.714080 0.574296 0.724314 0.534269 0.703846 0.574296 0.724314 0.495802 0.696998 0.488931 0.831325 0.534269 0.703846 0.466334 0.656953 0.410951 0.774169
307 0.639241 0.675439 0.554240 0.714062 0.574245 0.724306 0.534235 0.703817 0.574245 0.724306 0.495844 0.697147 0.488924 0.831275 0.534235 0.703817 0.466366 0.656957 0.411026 0.774169
308 0.639315 0.675504 0.554268 0.714037 0.574308 0.724300 0.534227 0.703774 0.574308 0.724300 0.495841 0.697239 0.488923 0.831274 0.534227 0.703774 0.466374 0.656946 0.411122 0.774190
309 0.639308 0.675530 0.554241 0.714028 0.574298 0.724298 0.534184 0.703758 0.574298 0.724298 0.496109 0.697306 0.489011 0.831008 0.534184 0.703758 0.466378 0.656867 0.411166 0.774188
310 0.639328 0.675593 0.554336 0.714020 0.574457 0.724284 0.534216 0.703757 0.574457 0.724284 0.496762 0.696785 0.489072 0.830869 0.534216 0.703757 0.466381 0.656725 0.411187 0.774212
