87
116
0 -1 -1 -1 -1 -1 -1 -1 -1 -1 -1 -1 -1 -1 -1 -1 -1 -1 -1 -1 -1
1 0.115538 0.503596 0.108298 0.828793 0.089222 0.818775 0.127374 0.838812 0.089222 0.818775 0.126491 0.991595 0.110893 1.223063 0.127374 0.838812 0.146478 1.045331 0.124155 1.238956
2 0.120077 0.500529 0.111962 0.829986 0.093561 0.818326 0.130363 0.841645 0.093561 0.818326 0.131627 0.990410 0.110875 1.222902 0.130363 0.841645 0.152892 1.022550 0.129655 1.237861
3 0.127048 0.497746 0.122031 0.829986 0.109410 0.816944 0.134651 0.843027 0.109410 0.816944 0.146406 0.981167 0.126866 1.188810 0.134651 0.843027 0.162772 1.016078 0.136910 1.208322
4 0.130542 0.494535 0.127232 0.828602 0.115383 0.814273 0.139081 0.842931 0.115383 0.814273 0.156262 0.974762 0.145498 1.193082 0.139081 0.842931 0.177237 1.007482 0.153059 1.213939
5 0.135018 0.489450 0.130397 0.825843 0.118525 0.811090 0.142268 0.840597 0.118525 0.811090 0.170251 0.958731 0.150757 1.157105 0.142268 0.840597 0.189979 1.007276 0.161428 1.187308
6 0.139632 0.487514 0.132679 0.823837 0.117363 0.807633 0.147994 0.840041 0.117363 0.807633 0.168180 0.961552 0.149597 1.164553 0.147994 0.840041 0.189918 1.007477 0.170051 1.198048
7 -1 -1 -1 -1 -1 -1 -1 -1 -1 -1 -1 -1 -1 -1 -1 -1 -1 -1 -1 -1
8 -1 -1 -1 -1 -1 -1 -1 -1 -1 -1 -1 -1 -1 -1 -1 -1 -1 -1 -1 -1
9 -1 -1 -1 -1 -1 -1 -1 -1 -1 -1 -1 -1 -1 -1 -1 -1 -1 -1 -1 -1
10 -1 -1 -1 -1 -1 -1 -1 -1 -1 -1 -1 -1 -1 -1 -1 -1 -1 -1 -1 -1
11 -1 -1 -1 -1 -1 -1 -1 -1 -1 -1 -1 -1 -1 -1 -1 -1 -1 -1 -1 -1
12 -1 -1 -1 -1 -1 -1 -1 -1 -1 -1 -1 -1 -1 -1 -1 -1 -1 -1 -1 -1
13 -1 -1 -1 -1 -1 -1 -1 -1 -1 -1 -1 -1 -1 -1 -1 -1 -1 -1 -1 -1
14 -1 -1 -1 -1 -1 -1 -1 -1 -1 -1 -1 -1 -1 -1 -1 -1 -1 -1 -1 -1
15 -1 -1 -1 -1 -1 -1 -1 -1 -1 -1 -1 -1 -1 -1 -1 -1 -1 -1 -1 -1
16 -1 -1 -1 -1 -1 -1 -1 -1 -1 -1 -1 -1 -1 -1 -1 -1 -1 -1 -1 -1
17 -1 -1 -1 -1 -1 -1 -1 -1 -1 -1 -1 -1 -1 -1 -1 -1 -1 -1 -1 -1
18 -1 -1 -1 -1 -1 -1 -1 -1 -1 -1 -1 -1 -1 -1 -1 -1 -1 -1 -1 -1
19 -1 -1 -1 -1 -1 -1 -1 -1 -1 -1 -1 -1 -1 -1 -1 -1 -1 -1 -1 -1
20 -1 -1 -1 -1 -1 -1 -1 -1 -1 -1 -1 -1 -1 -1 -1 -1 -1 -1 -1 -1
21 -1 -1 -1 -1 -1 -1 -1 -1 -1 -1 -1 -1 -1 -1 -1 -1 -1 -1 -1 -1
22 -1 -1 -1 -1 -1 -1 -1 -1 -1 -1 -1 -1 -1 -1 -1 -1 -1 -1 -1 -1
23 -1 -1 -1 -1 -1 -1 -1 -1 -1 -1 -1 -1 -1 -1 -1 -1 -1 -1 -1 -1
24 -1 -1 -1 -1 -1 -1 -1 -1 -1 -1 -1 -1 -1 -1 -1 -1 -1 -1 -1 -1
25 -1 -1 -1 -1 -1 -1 -1 -1 -1 -1 -1 -1 -1 -1 -1 -1 -1 -1 -1 -1
26 -1 -1 -1 -1 -1 -1 -1 -1 -1 -1 -1 -1 -1 -1 -1 -1 -1 -1 -1 -1
27 -1 -1 -1 -1 -1 -1 -1 -1 -1 -1 -1 -1 -1 -1 -1 -1 -1 -1 -1 -1
28 -1 -1 -1 -1 -1 -1 -1 -1 -1 -1 -1 -1 -1 -1 -1 -1 -1 -1 -1 -1
29 -1 -1 -1 -1 -1 -1 -1 -1 -1 -1 -1 -1 -1 -1 -1 -1 -1 -1 -1 -1
30 -1 -1 -1 -1 -1 -1 -1 -1 -1 -1 -1 -1 -1 -1 -1 -1 -1 -1 -1 -1
31 -1 -1 -1 -1 -1 -1 -1 -1 -1 -1 -1 -1 -1 -1 -1 -1 -1 -1 -1 -1
32 -1 -1 -1 -1 -1 -1 -1 -1 -1 -1 -1 -1 -1 -1 -1 -1 -1 -1 -1 -1
33 -1 -1 -1 -1 -1 -1 -1 -1 -1 -1 -1 -1 -1 -1 -1 -1 -1 -1 -1 -1
34 -1 -1 -1 -1 -1 -1 -1 -1 -1 -1 -1 -1 -1 -1 -1 -1 -1 -1 -1 -1
35 -1 -1 -1 -1 -1 -1 -1 -1 -1 -1 -1 -1 -1 -1 -1 -1 -1 -1 -1 -1
36 -1 -1 -1 -1 -1 -1 -1 -1 -1 -1 -1 -1 -1 -1 -1 -1 -1 -1 -1 -1
37 -1 -1 -1 -1 -1 -1 -1 -1 -1 -1 -1 -1 -1 -1 -1 -1 -1 -1 -1 -1
38 -1 -1 -1 -1 -1 -1 -1 -1 -1 -1 -1 -1 -1 -1 -1 -1 -1 -1 -1 -1
39 -1 -1 -1 -1 -1 -1 -1 -1 -1 -1 -1 -1 -1 -1 -1 -1 -1 -1 -1 -1
40 -1 -1 -1 -1 -1 -1 -1 -1 -1 -1 -1 -1 -1 -1 -1 -1 -1 -1 -1 -1
41 -1 -1 -1 -1 -1 -1 -1 -1 -1 -1 -1 -1 -1 -1 -1 -1 -1 -1 -1 -1
42 -1 -1 -1 -1 -1 -1 -1 -1 -1 -1 -1 -1 -1 -1 -1 -1 -1 -1 -1 -1
43 -1 -1 -1 -1 -1 -1 -1 -1 -1 -1 -1 -1 -1 -1 -1 -1 -1 -1 -1 -1
44 -1 -1 -1 -1 -1 -1 -1 -1 -1 -1 -1 -1 -1 -1 -1 -1 -1 -1 -1 -1
45 -1 -1 -1 -1 -1 -1 -1 -1 -1 -1 -1 -1 -1 -1 -1 -1 -1 -1 -1 -1
46 -1 -1 -1 -1 -1 -1 -1 -1 -1 -1 -1 -1 -1 -1 -1 -1 -1 -1 -1 -1
47 -1 -1 -1 -1 -1 -1 -1 -1 -1 -1 -1 -1 -1 -1 -1 -1 -1 -1 -1 -1
48 -1 -1 -1 -1 -1 -1 -1 -1 -1 -1 -1 -1 -1 -1 -1 -1 -1 -1 -1 -1
49 -1 -1 -1 -1 -1 -1 -1 -1 -1 -1 -1 -1 -1 -1 -1 -1 -1 -1 -1 -1
50 -1 -1 -1 -1 -1 -1 -1 -1 -1 -1 -1 -1 -1 -1 -1 -1 -1 -1 -1 -1
51 -1 -1 -1 -1 -1 -1 -1 -1 -1 -1 -1 -1 -1 -1 -1 -1 -1 -1 -1 -1
52 -1 -1 -1 -1 -1 -1 -1 -1 -1 -1 -1 -1 -1 -1 -1 -1 -1 -1 -1 -1
53 -1 -1 -1 -1 -1 -1 -1 -1 -1 -1 -1 -1 -1 -1 -1 -1 -1 -1 -1 -1
54 -1 -1 -1 -1 -1 -1 -1 -1 -1 -1 -1 -1 -1 -1 -1 -1 -1 -1 -1 -1
55 -1 -1 -1 -1 -1 -1 -1 -1 -1 -1 -1 -1 -1 -1 -1 -1 -1 -1 -1 -1
56 0.561272 0.412071 0.552831 0.688248 0.516306 0.682382 0.589355 0.694114 0.516306 0.682382 0.501148 0.823210 0.461804 1.002372 0.589355 0.694114 0.598075 0.825385 0.616435 0.959429
57 0.571965 0.411225 0.562115 0.683696 0.526200 0.677440 0.598031 0.689952 0.526200 0.677440 0.511407 0.816849 0.467103 0.997984 0.598031 0.689952 0.604577 0.820086 0.614020 0.960582
58 0.581062 0.410710 0.571250 0.682084 0.536192 0.675766 0.606308 0.688401 0.536192 0.675766 0.520903 0.814468 0.472501 0.997908 0.606308 0.688401 0.608751 0.817368 0.613210 0.962373
59 0.589791 0.409413 0.579054 0.676934 0.544576 0.671014 0.613531 0.682855 0.544576 0.671014 0.535277 0.798658 0.486976 0.975769 0.613531 0.682855 0.613334 0.810247 0.614898 0.960228
60 0.598164 0.408805 0.586396 0.673300 0.552639 0.667021 0.620152 0.679579 0.552639 0.667021 0.546533 0.791243 0.502505 0.962129 0.620152 0.679579 0.614651 0.809704 0.614309 0.959036
61 0.605932 0.404694 0.592044 0.666239 0.559362 0.660753 0.624725 0.671725 0.559362 0.660753 0.556140 0.787079 0.519079 0.955008 0.624725 0.671725 0.619486 0.805635 0.615507 0.952239
62 0.612874 0.399267 0.597364 0.661377 0.565957 0.655681 0.628770 0.667073 0.565957 0.655681 0.563036 0.781682 0.537296 0.941541 0.628770 0.667073 0.621643 0.804994 0.617149 0.950129
63 0.618272 0.396495 0.601687 0.655060 0.571484 0.649414 0.631891 0.660706 0.571484 0.649414 0.572083 0.776340 0.554439 0.923726 0.631891 0.660706 0.624674 0.801413 0.616166 0.948097
64 0.622346 0.395298 0.607628 0.651646 0.577811 0.646226 0.637446 0.657066 0.577811 0.646226 0.583956 0.774297 0.571741 0.912293 0.637446 0.657066 0.627273 0.801613 0.615279 0.948850
65 0.625686 0.394027 0.612845 0.645762 0.583456 0.640945 0.642233 0.650579 0.583456 0.640945 0.593603 0.767607 0.580619 0.896114 0.642233 0.650579 0.632515 0.799558 0.613889 0.950097
66 0.626634 0.391752 0.616271 0.637315 0.587372 0.632745 0.645169 0.641886 0.587372 0.632745 0.599211 0.762709 0.591433 0.892957 0.645169 0.641886 0.634154 0.797188 0.614504 0.949661
67 0.628759 0.390224 0.618504 0.635659 0.590158 0.630529 0.646850 0.640789 0.590158 0.630529 0.605109 0.757001 0.598766 0.876679 0.646850 0.640789 0.635860 0.795757 0.614089 0.949473
68 0.629902 0.388698 0.620409 0.634439 0.592393 0.628858 0.648424 0.640019 0.592393 0.628858 0.613122 0.749908 0.608104 0.848071 0.648424 0.640019 0.635873 0.795386 0.614029 0.949292
69 0.629584 0.386547 0.621909 0.632242 0.593869 0.626776 0.649948 0.637707 0.593869 0.626776 0.614741 0.751216 0.606864 0.853151 0.649948 0.637707 0.635857 0.795629 0.613928 0.949481
70 0.629261 0.382779 0.623598 0.628476 0.595899 0.623360 0.651296 0.633592 0.595899 0.623360 0.615075 0.749143 0.615877 0.870857 0.651296 0.633592 0.636011 0.794456 0.613772 0.949667
71 0.628334 0.380862 0.624196 0.627193 0.596575 0.622068 0.651817 0.632319 0.596575 0.622068 0.616538 0.745115 0.612847 0.853972 0.651817 0.632319 0.636909 0.794026 0.613562 0.949989
72 0.627129 0.378505 0.624882 0.623494 0.596738 0.618726 0.653027 0.628263 0.596738 0.618726 0.618957 0.745356 0.617157 0.863206 0.653027 0.628263 0.638655 0.790438 0.614295 0.946980
73 0.626620 0.378229 0.625555 0.619985 0.597512 0.615582 0.653598 0.624388 0.597512 0.615582 0.619865 0.734604 0.609647 0.857597 0.653598 0.624388 0.642044 0.780656 0.616178 0.938636
74 0.625099 0.375274 0.626525 0.614579 0.598713 0.610631 0.654337 0.618526 0.598713 0.610631 0.620477 0.728061 0.613208 0.860683 0.654337 0.618526 0.646915 0.771281 0.618172 0.934379
75 0.622376 0.371906 0.626834 0.607893 0.599252 0.605299 0.654416 0.610487 0.599252 0.605299 0.620525 0.721139 0.610031 0.847821 0.654416 0.610487 0.654853 0.762017 0.619902 0.928841
76 0.619460 0.368693 0.627224 0.606453 0.599410 0.605322 0.655039 0.607585 0.599410 0.605322 0.618354 0.715803 0.609714 0.834691 0.655039 0.607585 0.660323 0.752944 0.620698 0.924155
77 0.615943 0.366629 0.626947 0.598333 0.599000 0.598707 0.654894 0.597959 0.599000 0.598707 0.617867 0.713045 0.616131 0.842852 0.654894 0.597959 0.666933 0.734841 0.622063 0.897769
78 0.611686 0.366307 0.626755 0.597598 0.598981 0.598322 0.654529 0.596874 0.598981 0.598322 0.617208 0.705599 0.621216 0.842594 0.654529 0.596874 0.671895 0.718642 0.622832 0.871175
79 0.608398 0.365454 0.626685 0.593344 0.599003 0.595670 0.654367 0.591018 0.599003 0.595670 0.616520 0.700400 0.624174 0.837524 0.654367 0.591018 0.674835 0.709347 0.623867 0.854777
80 0.605635 0.366527 0.626514 0.592050 0.598913 0.594793 0.654114 0.589307 0.598913 0.594793 0.616162 0.699215 0.624664 0.831722 0.654114 0.589307 0.675806 0.704120 0.624632 0.842978
81 0.602865 0.370453 0.626616 0.593694 0.598965 0.596438 0.654266 0.590950 0.598965 0.596438 0.615912 0.696205 0.622876 0.828231 0.654266 0.590950 0.675839 0.699195 0.626395 0.838985
82 0.599241 0.374422 0.626862 0.595426 0.599456 0.597708 0.654269 0.593144 0.599456 0.597708 0.616575 0.694039 0.622103 0.825321 0.654269 0.593144 0.673340 0.697749 0.628698 0.837482
83 0.594460 0.381685 0.626597 0.596811 0.599285 0.598781 0.653910 0.594842 0.599285 0.598781 0.616522 0.694277 0.621060 0.823251 0.653910 0.594842 0.671589 0.695330 0.630802 0.838709
84 0.588425 0.388735 0.625152 0.599458 0.598354 0.603019 0.651950 0.595897 0.598354 0.603019 0.617917 0.693311 0.621277 0.821825 0.651950 0.595897 0.670752 0.694744 0.633170 0.838522
85 0.581706 0.395754 0.622558 0.600989 0.596485 0.605961 0.648631 0.596016 0.596485 0.605961 0.620150 0.691033 0.623575 0.819937 0.648631 0.596016 0.671951 0.694478 0.635188 0.838093
86 0.576637 0.404669 0.621459 0.607014 0.595618 0.612271 0.647300 0.601756 0.595618 0.612271 0.620393 0.690260 0.624438 0.819614 0.647300 0.601756 0.674160 0.696873 0.636186 0.837905
87 0.571942 0.414782 0.618048 0.612607 0.592032 0.617132 0.644064 0.608082 0.592032 0.617132 0.620109 0.689825 0.624539 0.818707 0.644064 0.608082 0.674982 0.699029 0.635461 0.837952
88 0.564289 0.426455 0.613968 0.616707 0.588383 0.622734 0.639554 0.610681 0.588383 0.622734 0.620009 0.690649 0.624255 0.818740 0.639554 0.610681 0.676491 0.699183 0.635097 0.831658
89 0.552193 0.438107 0.609704 0.622486 0.584467 0.629370 0.634940 0.615602 0.584467 0.629370 0.618527 0.691334 0.622370 0.816056 0.634940 0.615602 0.677996 0.700263 0.633745 0.826255
90 0.541352 0.450998 0.602930 0.630461 0.578093 0.638194 0.627767 0.622729 0.578093 0.638194 0.616314 0.691876 0.622808 0.812121 0.627767 0.622729 0.679244 0.702146 0.632426 0.826516
91 0.530177 0.466558 0.595573 0.638485 0.570957 0.646170 0.620190 0.630800 0.570957 0.646170 0.612340 0.692236 0.622746 0.810538 0.620190 0.630800 0.678607 0.702805 0.628795 0.827493
92 0.519749 0.483425 0.589146 0.647479 0.567204 0.655234 0.611089 0.639724 0.567204 0.655234 0.612414 0.697059 0.622680 0.810670 0.611089 0.639724 0.678251 0.703122 0.624646 0.828257
93 0.510155 0.497989 0.578398 0.654600 0.560604 0.662560 0.596192 0.646640 0.560604 0.662560 0.612123 0.697964 0.622100 0.809101 0.596192 0.646640 0.674910 0.702238 0.623848 0.828143
94 0.495724 0.517471 0.570064 0.663064 0.553734 0.673334 0.586393 0.652793 0.553734 0.673334 0.603584 0.703700 0.622455 0.807270 0.586393 0.652793 0.670000 0.697372 0.624373 0.827408
95 0.480453 0.535208 0.561663 0.674588 0.547591 0.686744 0.575736 0.662433 0.547591 0.686744 0.611626 0.711573 0.632880 0.809031 0.575736 0.662433 0.665387 0.691778 0.631048 0.827728
96 0.466214 0.556305 0.548916 0.688383 0.533206 0.704335 0.564625 0.672432 0.533206 0.704335 0.609401 0.699304 0.620338 0.800938 0.564625 0.672432 0.656776 0.687237 0.646204 0.837702
97 0.449402 0.570554 0.533903 0.693899 0.518518 0.714420 0.549287 0.673377 0.518518 0.714420 0.607413 0.713358 0.623167 0.816214 0.549287 0.673377 0.642188 0.685735 0.656060 0.841422
98 0.433292 0.585711 0.520624 0.706619 0.507388 0.730407 0.533860 0.682831 0.507388 0.730407 0.603038 0.713041 0.628353 0.812865 0.533860 0.682831 0.626864 0.687331 0.666226 0.830867
99 0.415757 0.610024 0.507154 0.721251 0.497910 0.742489 0.516398 0.700012 0.497910 0.742489 0.574578 0.715794 0.612040 0.801506 0.516398 0.700012 0.605987 0.688447 0.667097 0.805106
100 0.406810 0.625281 0.495914 0.725569 0.485632 0.753061 0.506195 0.698078 0.485632 0.753061 0.560735 0.726606 0.608306 0.789126 0.506195 0.698078 0.585200 0.688784 0.660553 0.784274
101 0.397929 0.635552 0.483469 0.718488 0.472628 0.747730 0.494311 0.689246 0.472628 0.747730 0.546593 0.725809 0.605848 0.783210 0.494311 0.689246 0.572473 0.687461 0.652360 0.770539
102 0.390319 0.635347 0.478043 0.713505 0.468557 0.742436 0.487530 0.684575 0.468557 0.742436 0.532593 0.705466 0.591168 0.761728 0.487530 0.684575 0.561005 0.678517 0.646889 0.754310
103 0.381490 0.631850 0.477239 0.708350 0.468986 0.736996 0.485492 0.679705 0.468986 0.736996 0.536691 0.706763 0.595049 0.745828 0.485492 0.679705 0.560659 0.668248 0.640093 0.732655
104 0.379350 0.632485 0.478741 0.699221 0.469319 0.732485 0.488163 0.665957 0.469319 0.732485 0.540207 0.713659 0.598068 0.746881 0.488163 0.665957 0.560063 0.664012 0.635207 0.718153
105 0.377734 0.631754 0.474241 0.691446 0.463191 0.730347 0.485291 0.652545 0.463191 0.730347 0.528169 0.714164 0.594649 0.744745 0.485291 0.652545 0.552675 0.652293 0.632660 0.702119
106 0.371992 0.633916 0.467417 0.689260 0.459271 0.730204 0.475563 0.648316 0.459271 0.730204 0.527004 0.715173 0.592569 0.753295 0.475563 0.648316 0.546546 0.649592 0.631796 0.693414
107 0.370805 0.638852 0.462279 0.688656 0.453869 0.728362 0.470689 0.648950 0.453869 0.728362 0.523457 0.716741 0.587624 0.757795 0.470689 0.648950 0.541148 0.647756 0.626275 0.688839
108 0.363794 0.639222 0.461494 0.689865 0.453685 0.728654 0.469303 0.651075 0.453685 0.728654 0.525064 0.719787 0.587297 0.760957 0.469303 0.651075 0.538607 0.643595 0.623098 0.686322
109 0.361330 0.640841 0.462471 0.690628 0.454376 0.729004 0.470567 0.652251 0.454376 0.729004 0.524257 0.722432 0.585944 0.768880 0.470567 0.652251 0.538080 0.643816 0.619382 0.691476
110 0.358113 0.641663 0.463568 0.691600 0.456453 0.729696 0.470683 0.653504 0.456453 0.729696 0.523801 0.724316 0.585877 0.772358 0.470683 0.653504 0.535606 0.644846 0.616163 0.699253
111 0.356272 0.643028 0.464315 0.694461 0.458062 0.729601 0.470567 0.659320 0.458062 0.729601 0.526136 0.724034 0.587154 0.775532 0.470567 0.659320 0.538742 0.647180 0.619100 0.700935
112 0.356373 0.643072 0.463077 0.696696 0.456406 0.729300 0.469749 0.664092 0.456406 0.729300 0.527972 0.728168 0.590037 0.783930 0.469749 0.664092 0.542876 0.660999 0.619714 0.728937
113 0.357590 0.642431 0.463421 0.699257 0.455957 0.729312 0.470884 0.669203 0.455957 0.729312 0.529167 0.726153 0.590840 0.782173 0.470884 0.669203 0.543276 0.674685 0.620935 0.749846
114 0.357938 0.642543 0.463188 0.700818 0.455673 0.729223 0.470703 0.672413 0.455673 0.729223 0.529547 0.725596 0.593850 0.778671 0.470703 0.672413 0.546231 0.684653 0.621384 0.766301
115 0.357613 0.642669 0.464310 0.702497 0.456495 0.729441 0.472125 0.675553 0.456495 0.729441 0.529743 0.728814 0.593867 0.780814 0.472125 0.675553 0.548354 0.692277 0.619556 0.786251
116 -1 -1 -1 -1 -1 -1 -1 -1 -1 -1 -1 -1 -1 -1 -1 -1 -1 -1 -1 -1
117 -1 -1 -1 -1 -1 -1 -1 -1 -1 -1 -1 -1 -1 -1 -1 -1 -1 -1 -1 -1
118 -1 -1 -1 -1 -1 -1 -1 -1 -1 -1 -1 -1 -1 -1 -1 -1 -1 -1 -1 -1
119 -1 -1 -1 -1 -1 -1 -1 -1 -1 -1 -1 -1 -1 -1 -1 -1 -1 -1 -1 -1
120 -1 -1 -1 -1 -1 -1 -1 -1 -1 -1 -1 -1 -1 -1 -1 -1 -1 -1 -1 -1
121 -1 -1 -1 -1 -1 -1 -1 -1 -1 -1 -1 -1 -1 -1 -1 -1 -1 -1 -1 -1
122 -1 -1 -1 -1 -1 -1 -1 -1 -1 -1 -1 -1 -1 -1 -1 -1 -1 -1 -1 -1
123 -1 -1 -1 -1 -1 -1 -1 -1 -1 -1 -1 -1 -1 -1 -1 -1 -1 -1 -1 -1
124 -1 -1 -1 -1 -1 -1 -1 -1 -1 -1 -1 -1 -1 -1 -1 -1 -1 -1 -1 -1
125 -1 -1 -1 -1 -1 -1 -1 -1 -1 -1 -1 -1 -1 -1 -1 -1 -1 -1 -1 -1
126 -1 -1 -1 -1 -1 -1 -1 -1 -1 -1 -1 -1 -1 -1 -1 -1 -1 -1 -1 -1
127 -1 -1 -1 -1 -1 -1 -1 -1 -1 -1 -1 -1 -1 -1 -1 -1 -1 -1 -1 -1
128 -1 -1 -1 -1 -1 -1 -1 -1 -1 -1 -1 -1 -1 -1 -1 -1 -1 -1 -1 -1
129 -1 -1 -1 -1 -1 -1 -1 -1 -1 -1 -1 -1 -1 -1 -1 -1 -1 -1 -1 -1
130 -1 -1 -1 -1 -1 -1 -1 -1 -1 -1 -1 -1 -1 -1 -1 -1 -1 -1 -1 -1
131 -1 -1 -1 -1 -1 -1 -1 -1 -1 -1 -1 -1 -1 -1 -1 -1 -1 -1 -1 -1
132 -1 -1 -1 -1 -1 -1 -1 -1 -1 -1 -1 -1 -1 -1 -1 -1 -1 -1 -1 -1
133 -1 -1 -1 -1 -1 -1 -1 -1 -1 -1 -1 -1 -1 -1 -1 -1 -1 -1 -1 -1
134 -1 -1 -1 -1 -1 -1 -1 -1 -1 -1 -1 -1 -1 -1 -1 -1 -1 -1 -1 -1
135 -1 -1 -1 -1 -1 -1 -1 -1 -1 -1 -1 -1 -1 -1 -1 -1 -1 -1 -1 -1
136 -1 -1 -1 -1 -1 -1 -1 -1 -1 -1 -1 -1 -1 -1 -1 -1 -1 -1 -1 -1
137 -1 -1 -1 -1 -1 -1 -1 -1 -1 -1 -1 -1 -1 -1 -1 -1 -1 -1 -1 -1
138 -1 -1 -1 -1 -1 -1 -1 -1 -1 -1 -1 -1 -1 -1 -1 -1 -1 -1 -1 -1
139 -1 -1 -1 -1 -1 -1 -1 -1 -1 -1 -1 -1 -1 -1 -1 -1 -1 -1 -1 -1
140 -1 -1 -1 -1 -1 -1 -1 -1 -1 -1 -1 -1 -1 -1 -1 -1 -1 -1 -1 -1
141 -1 -1 -1 -1 -1 -1 -1 -1 -1 -1 -1 -1 -1 -1 -1 -1 -1 -1 -1 -1
142 -1 -1 -1 -1 -1 -1 -1 -1 -1 -1 -1 -1 -1 -1 -1 -1 -1 -1 -1 -1
143 -1 -1 -1 -1 -1 -1 -1 -1 -1 -1 -1 -1 -1 -1 -1 -1 -1 -1 -1 -1
144 -1 -1 -1 -1 -1 -1 -1 -1 -1 -1 -1 -1 -1 -1 -1 -1 -1 -1 -1 -1
145 -1 -1 -1 -1 -1 -1 -1 -1 -1 -1 -1 -1 -1 -1 -1 -1 -1 -1 -1 -1
146 -1 -1 -1 -1 -1 -1 -1 -1 -1 -1 -1 -1 -1 -1 -1 -1 -1 -1 -1 -1
147 -1 -1 -1 -1 -1 -1 -1 -1 -1 -1 -1 -1 -1 -1 -1 -1 -1 -1 -1 -1
148 -1 -1 -1 -1 -1 -1 -1 -1 -1 -1 -1 -1 -1 -1 -1 -1 -1 -1 -1 -1
149 -1 -1 -1 -1 -1 -1 -1 -1 -1 -1 -1 -1 -1 -1 -1 -1 -1 -1 -1 -1
150 -1 -1 -1 -1 -1 -1 -1 -1 -1 -1 -1 -1 -1 -1 -1 -1 -1 -1 -1 -1
151 -1 -1 -1 -1 -1 -1 -1 -1 -1 -1 -1 -1 -1 -1 -1 -1 -1 -1 -1 -1
152 -1 -1 -1 -1 -1 -1 -1 -1 -1 -1 -1 -1 -1 -1 -1 -1 -1 -1 -1 -1
153 -1 -1 -1 -1 -1 -1 -1 -1 -1 -1 -1 -1 -1 -1 -1 -1 -1 -1 -1 -1
154 -1 -1 -1 -1 -1 -1 -1 -1 -1 -1 -1 -1 -1 -1 -1 -1 -1 -1 -1 -1
155 -1 -1 -1 -1 -1 -1 -1 -1 -1 -1 -1 -1 -1 -1 -1 -1 -1 -1 -1 -1
156 -1 -1 -1 -1 -1 -1 -1 -1 -1 -1 -1 -1 -1 -1 -1 -1 -1 -1 -1 -1
157 -1 -1 -1 -1 -1 -1 -1 -1 -1 -1 -1 -1 -1 -1 -1 -1 -1 -1 -1 -1
158 -1 -1 -1 -1 -1 -1 -1 -1 -1 -1 -1 -1 -1 -1 -1 -1 -1 -1 -1 -1
159 -1 -1 -1 -1 -1 -1 -1 -1 -1 -1 -1 -1 -1 -1 -1 -1 -1 -1 -1 -1
160 -1 -1 -1 -1 -1 -1 -1 -1 -1 -1 -1 -1 -1 -1 -1 -1 -1 -1 -1 -1
161 -1 -1 -1 -1 -1 -1 -1 -1 -1 -1 -1 -1 -1 -1 -1 -1 -1 -1 -1 -1
162 -1 -1 -1 -1 -1 -1 -1 -1 -1 -1 -1 -1 -1 -1 -1 -1 -1 -1 -1 -1
163 -1 -1 -1 -1 -1 -1 -1 -1 -1 -1 -1 -1 -1 -1 -1 -1 -1 -1 -1 -1
164 -1 -1 -1 -1 -1 -1 -1 -1 -1 -1 -1 -1 -1 -1 -1 -1 -1 -1 -1 -1
165 -1 -1 -1 -1 -1 -1 -1 -1 -1 -1 -1 -1 -1 -1 -1 -1 -1 -1 -1 -1
166 -1 -1 -1 -1 -1 -1 -1 -1 -1 -1 -1 -1 -1 -1 -1 -1 -1 -1 -1 -1
167 -1 -1 -1 -1 -1 -1 -1 -1 -1 -1 -1 -1 -1 -1 -1 -1 -1 -1 -1 -1
168 -1 -1 -1 -1 -1 -1 -1 -1 -1 -1 -1 -1 -1 -1 -1 -1 -1 -1 -1 -1
169 -1 -1 -1 -1 -1 -1 -1 -1 -1 -1 -1 -1 -1 -1 -1 -1 -1 -1 -1 -1
170 -1 -1 -1 -1 -1 -1 -1 -1 -1 -1 -1 -1 -1 -1 -1 -1 -1 -1 -1 -1
171 -1 -1 -1 -1 -1 -1 -1 -1 -1 -1 -1 -1 -1 -1 -1 -1 -1 -1 -1 -1
172 -1 -1 -1 -1 -1 -1 -1 -1 -1 -1 -1 -1 -1 -1 -1 -1 -1 -1 -1 -1
173 -1 -1 -1 -1 -1 -1 -1 -1 -1 -1 -1 -1 -1 -1 -1 -1 -1 -1 -1 -1
174 -1 -1 -1 -1 -1 -1 -1 -1 -1 -1 -1 -1 -1 -1 -1 -1 -1 -1 -1 -1
175 -1 -1 -1 -1 -1 -1 -1 -1 -1 -1 -1 -1 -1 -1 -1 -1 -1 -1 -1 -1
176 -1 -1 -1 -1 -1 -1 -1 -1 -1 -1 -1 -1 -1 -1 -1 -1 -1 -1 -1 -1
177 -1 -1 -1 -1 -1 -1 -1 -1 -1 -1 -1 -1 -1 -1 -1 -1 -1 -1 -1 -1
178 -1 -1 -1 -1 -1 -1 -1 -1 -1 -1 -1 -1 -1 -1 -1 -1 -1 -1 -1 -1
179 -1 -1 -1 -1 -1 -1 -1 -1 -1 -1 -1 -1 -1 -1 -1 -1 -1 -1 -1 -1
180 -1 -1 -1 -1 -1 -1 -1 -1 -1 -1 -1 -1 -1 -1 -1 -1 -1 -1 -1 -1
181 -1 -1 -1 -1 -1 -1 -1 -1 -1 -1 -1 -1 -1 -1 -1 -1 -1 -1 -1 -1
182 -1 -1 -1 -1 -1 -1 -1 -1 -1 -1 -1 -1 -1 -1 -1 -1 -1 -1 -1 -1
183 -1 -1 -1 -1 -1 -1 -1 -1 -1 -1 -1 -1 -1 -1 -1 -1 -1 -1 -1 -1
184 -1 -1 -1 -1 -1 -1 -1 -1 -1 -1 -1 -1 -1 -1 -1 -1 -1 -1 -1 -1
185 -1 -1 -1 -1 -1 -1 -1 -1 -1 -1 -1 -1 -1 -1 -1 -1 -1 -1 -1 -1
186 -1 -1 -1 -1 -1 -1 -1 -1 -1 -1 -1 -1 -1 -1 -1 -1 -1 -1 -1 -1
187 -1 -1 -1 -1 -1 -1 -1 -1 -1 -1 -1 -1 -1 -1 -1 -1 -1 -1 -1 -1
188 -1 -1 -1 -1 -1 -1 -1 -1 -1 -1 -1 -1 -1 -1 -1 -1 -1 -1 -1 -1
189 -1 -1 -1 -1 -1 -1 -1 -1 -1 -1 -1 -1 -1 -1 -1 -1 -1 -1 -1 -1
190 -1 -1 -1 -1 -1 -1 -1 -1 -1 -1 -1 -1 -1 -1 -1 -1 -1 -1 -1 -1
191 -1 -1 -1 -1 -1 -1 -1 -1 -1 -1 -1 -1 -1 -1 -1 -1 -1 -1 -1 -1
192 -1 -1 -1 -1 -1 -1 -1 -1 -1 -1 -1 -1 -1 -1 -1 -1 -1 -1 -1 -1
193 -1 -1 -1 -1 -1 -1 -1 -1 -1 -1 -1 -1 -1 -1 -1 -1 -1 -1 -1 -1
194 -1 -1 -1 -1 -1 -1 -1 -1 -1 -1 -1 -1 -1 -1 -1 -1 -1 -1 -1 -1
195 -1 -1 -1 -1 -1 -1 -1 -1 -1 -1 -1 -1 -1 -1 -1 -1 -1 -1 -1 -1
196 -1 -1 -1 -1 -1 -1 -1 -1 -1 -1 -1 -1 -1 -1 -1 -1 -1 -1 -1 -1
197 -1 -1 -1 -1 -1 -1 -1 -1 -1 -1 -1 -1 -1 -1 -1 -1 -1 -1 -1 -1
198 -1 -1 -1 -1 -1 -1 -1 -1 -1 -1 -1 -1 -1 -1 -1 -1 -1 -1 -1 -1
199 -1 -1 -1 -1 -1 -1 -1 -1 -1 -1 -1 -1 -1 -1 -1 -1 -1 -1 -1 -1
200 -1 -1 -1 -1 -1 -1 -1 -1 -1 -1 -1 -1 -1 -1 -1 -1 -1 -1 -1 -1
201 -1 -1 -1 -1 -1 -1 -1 -1 -1 -1 -1 -1 -1 -1 -1 -1 -1 -1 -1 -1
202 -1 -1 -1 -1 -1 -1 -1 -1 -1 -1 -1 -1 -1 -1 -1 -1 -1 -1 -1 -1
203 -1 -1 -1 -1 -1 -1 -1 -1 -1 -1 -1 -1 -1 -1 -1 -1 -1 -1 -1 -1
204 -1 -1 -1 -1 -1 -1 -1 -1 -1 -1 -1 -1 -1 -1 -1 -1 -1 -1 -1 -1
205 -1 -1 -1 -1 -1 -1 -1 -1 -1 -1 -1 -1 -1 -1 -1 -1 -1 -1 -1 -1
206 -1 -1 -1 -1 -1 -1 -1 -1 -1 -1 -1 -1 -1 -1 -1 -1 -1 -1 -1 -1
207 -1 -1 -1 -1 -1 -1 -1 -1 -1 -1 -1 -1 -1 -1 -1 -1 -1 -1 -1 -1
208 -1 -1 -1 -1 -1 -1 -1 -1 -1 -1 -1 -1 -1 -1 -1 -1 -1 -1 -1 -1
209 -1 -1 -1 -1 -1 -1 -1 -1 -1 -1 -1 -1 -1 -1 -1 -1 -1 -1 -1 -1
210 -1 -1 -1 -1 -1 -1 -1 -1 -1 -1 -1 -1 -1 -1 -1 -1 -1 -1 -1 -1
211 -1 -1 -1 -1 -1 -1 -1 -1 -1 -1 -1 -1 -1 -1 -1 -1 -1 -1 -1 -1
212 -1 -1 -1 -1 -1 -1 -1 -1 -1 -1 -1 -1 -1 -1 -1 -1 -1 -1 -1 -1
213 -1 -1 -1 -1 -1 -1 -1 -1 -1 -1 -1 -1 -1 -1 -1 -1 -1 -1 -1 -1
214 -1 -1 -1 -1 -1 -1 -1 -1 -1 -1 -1 -1 -1 -1 -1 -1 -1 -1 -1 -1
215 -1 -1 -1 -1 -1 -1 -1 -1 -1 -1 -1 -1 -1 -1 -1 -1 -1 -1 -1 -1
216 -1 -1 -1 -1 -1 -1 -1 -1 -1 -1 -1 -1 -1 -1 -1 -1 -1 -1 -1 -1
217 -1 -1 -1 -1 -1 -1 -1 -1 -1 -1 -1 -1 -1 -1 -1 -1 -1 -1 -1 -1
218 -1 -1 -1 -1 -1 -1 -1 -1 -1 -1 -1 -1 -1 -1 -1 -1 -1 -1 -1 -1
219 -1 -1 -1 -1 -1 -1 -1 -1 -1 -1 -1 -1 -1 -1 -1 -1 -1 -1 -1 -1
220 -1 -1 -1 -1 -1 -1 -1 -1 -1 -1 -1 -1 -1 -1 -1 -1 -1 -1 -1 -1
221 -1 -1 -1 -1 -1 -1 -1 -1 -1 -1 -1 -1 -1 -1 -1 -1 -1 -1 -1 -1
222 -1 -1 -1 -1 -1 -1 -1 -1 -1 -1 -1 -1 -1 -1 -1 -1 -1 -1 -1 -1
223 -1 -1 -1 -1 -1 -1 -1 -1 -1 -1 -1 -1 -1 -1 -1 -1 -1 -1 -1 -1
224 -1 -1 -1 -1 -1 -1 -1 -1 -1 -1 -1 -1 -1 -1 -1 -1 -1 -1 -1 -1
225 -1 -1 -1 -1 -1 -1 -1 -1 -1 -1 -1 -1 -1 -1 -1 -1 -1 -1 -1 -1
226 -1 -1 -1 -1 -1 -1 -1 -1 -1 -1 -1 -1 -1 -1 -1 -1 -1 -1 -1 -1
