149
164
0 0.305574 0.743825 0.384999 0.678414 0.393864 0.672074 0.376134 0.684754 0.393864 0.672074 0.388213 0.724886 0.381037 0.744417 0.376134 0.684754 0.352324 0.743452 0.382675 0.760403
1 -1 -1 -1 -1 -1 -1 -1 -1 -1 -1 -1 -1 -1 -1 -1 -1 -1 -1 -1 -1
2 -1 -1 -1 -1 -1 -1 -1 -1 -1 -1 -1 -1 -1 -1 -1 -1 -1 -1 -1 -1
3 0.738391 0.396706 0.724277 0.524613 0.745706 0.523270 0.702849 0.525956 0.745706 0.523270 0.755419 0.583126 0.733454 0.651999 0.702849 0.525956 0.695617 0.604930 0.679117 0.683727
4 0.738808 0.396617 0.724619 0.533652 0.746633 0.535908 0.702604 0.531396 0.746633 0.535908 0.748563 0.603709 0.736040 0.660904 0.702604 0.531396 0.689612 0.608485 0.678179 0.674302
5 -1 -1 -1 -1 -1 -1 -1 -1 -1 -1 -1 -1 -1 -1 -1 -1 -1 -1 -1 -1
6 -1 -1 -1 -1 -1 -1 -1 -1 -1 -1 -1 -1 -1 -1 -1 -1 -1 -1 -1 -1
7 -1 -1 -1 -1 -1 -1 -1 -1 -1 -1 -1 -1 -1 -1 -1 -1 -1 -1 -1 -1
8 -1 -1 -1 -1 -1 -1 -1 -1 -1 -1 -1 -1 -1 -1 -1 -1 -1 -1 -1 -1
9 -1 -1 -1 -1 -1 -1 -1 -1 -1 -1 -1 -1 -1 -1 -1 -1 -1 -1 -1 -1
10 -1 -1 -1 -1 -1 -1 -1 -1 -1 -1 -1 -1 -1 -1 -1 -1 -1 -1 -1 -1
11 -1 -1 -1 -1 -1 -1 -1 -1 -1 -1 -1 -1 -1 -1 -1 -1 -1 -1 -1 -1
12 -1 -1 -1 -1 -1 -1 -1 -1 -1 -1 -1 -1 -1 -1 -1 -1 -1 -1 -1 -1
13 -1 -1 -1 -1 -1 -1 -1 -1 -1 -1 -1 -1 -1 -1 -1 -1 -1 -1 -1 -1
14 -1 -1 -1 -1 -1 -1 -1 -1 -1 -1 -1 -1 -1 -1 -1 -1 -1 -1 -1 -1
15 -1 -1 -1 -1 -1 -1 -1 -1 -1 -1 -1 -1 -1 -1 -1 -1 -1 -1 -1 -1
16 -1 -1 -1 -1 -1 -1 -1 -1 -1 -1 -1 -1 -1 -1 -1 -1 -1 -1 -1 -1
17 -1 -1 -1 -1 -1 -1 -1 -1 -1 -1 -1 -1 -1 -1 -1 -1 -1 -1 -1 -1
18 -1 -1 -1 -1 -1 -1 -1 -1 -1 -1 -1 -1 -1 -1 -1 -1 -1 -1 -1 -1
19 -1 -1 -1 -1 -1 -1 -1 -1 -1 -1 -1 -1 -1 -1 -1 -1 -1 -1 -1 -1
20 -1 -1 -1 -1 -1 -1 -1 -1 -1 -1 -1 -1 -1 -1 -1 -1 -1 -1 -1 -1
21 -1 -1 -1 -1 -1 -1 -1 -1 -1 -1 -1 -1 -1 -1 -1 -1 -1 -1 -1 -1
22 -1 -1 -1 -1 -1 -1 -1 -1 -1 -1 -1 -1 -1 -1 -1 -1 -1 -1 -1 -1
23 -1 -1 -1 -1 -1 -1 -1 -1 -1 -1 -1 -1 -1 -1 -1 -1 -1 -1 -1 -1
24 -1 -1 -1 -1 -1 -1 -1 -1 -1 -1 -1 -1 -1 -1 -1 -1 -1 -1 -1 -1
25 -1 -1 -1 -1 -1 -1 -1 -1 -1 -1 -1 -1 -1 -1 -1 -1 -1 -1 -1 -1
26 -1 -1 -1 -1 -1 -1 -1 -1 -1 -1 -1 -1 -1 -1 -1 -1 -1 -1 -1 -1
27 -1 -1 -1 -1 -1 -1 -1 -1 -1 -1 -1 -1 -1 -1 -1 -1 -1 -1 -1 -1
28 -1 -1 -1 -1 -1 -1 -1 -1 -1 -1 -1 -1 -1 -1 -1 -1 -1 -1 -1 -1
29 -1 -1 -1 -1 -1 -1 -1 -1 -1 -1 -1 -1 -1 -1 -1 -1 -1 -1 -1 -1
30 -1 -1 -1 -1 -1 -1 -1 -1 -1 -1 -1 -1 -1 -1 -1 -1 -1 -1 -1 -1
31 -1 -1 -1 -1 -1 -1 -1 -1 -1 -1 -1 -1 -1 -1 -1 -1 -1 -1 -1 -1
32 -1 -1 -1 -1 -1 -1 -1 -1 -1 -1 -1 -1 -1 -1 -1 -1 -1 -1 -1 -1
33 -1 -1 -1 -1 -1 -1 -1 -1 -1 -1 -1 -1 -1 -1 -1 -1 -1 -1 -1 -1
34 -1 -1 -1 -1 -1 -1 -1 -1 -1 -1 -1 -1 -1 -1 -1 -1 -1 -1 -1 -1
35 -1 -1 -1 -1 -1 -1 -1 -1 -1 -1 -1 -1 -1 -1 -1 -1 -1 -1 -1 -1
36 -1 -1 -1 -1 -1 -1 -1 -1 -1 -1 -1 -1 -1 -1 -1 -1 -1 -1 -1 -1
37 -1 -1 -1 -1 -1 -1 -1 -1 -1 -1 -1 -1 -1 -1 -1 -1 -1 -1 -1 -1
38 -1 -1 -1 -1 -1 -1 -1 -1 -1 -1 -1 -1 -1 -1 -1 -1 -1 -1 -1 -1
39 -1 -1 -1 -1 -1 -1 -1 -1 -1 -1 -1 -1 -1 -1 -1 -1 -1 -1 -1 -1
40 -1 -1 -1 -1 -1 -1 -1 -1 -1 -1 -1 -1 -1 -1 -1 -1 -1 -1 -1 -1
41 -1 -1 -1 -1 -1 -1 -1 -1 -1 -1 -1 -1 -1 -1 -1 -1 -1 -1 -1 -1
42 -1 -1 -1 -1 -1 -1 -1 -1 -1 -1 -1 -1 -1 -1 -1 -1 -1 -1 -1 -1
43 -1 -1 -1 -1 -1 -1 -1 -1 -1 -1 -1 -1 -1 -1 -1 -1 -1 -1 -1 -1
44 -1 -1 -1 -1 -1 -1 -1 -1 -1 -1 -1 -1 -1 -1 -1 -1 -1 -1 -1 -1
45 -1 -1 -1 -1 -1 -1 -1 -1 -1 -1 -1 -1 -1 -1 -1 -1 -1 -1 -1 -1
46 -1 -1 -1 -1 -1 -1 -1 -1 -1 -1 -1 -1 -1 -1 -1 -1 -1 -1 -1 -1
47 -1 -1 -1 -1 -1 -1 -1 -1 -1 -1 -1 -1 -1 -1 -1 -1 -1 -1 -1 -1
48 -1 -1 -1 -1 -1 -1 -1 -1 -1 -1 -1 -1 -1 -1 -1 -1 -1 -1 -1 -1
49 -1 -1 -1 -1 -1 -1 -1 -1 -1 -1 -1 -1 -1 -1 -1 -1 -1 -1 -1 -1
50 -1 -1 -1 -1 -1 -1 -1 -1 -1 -1 -1 -1 -1 -1 -1 -1 -1 -1 -1 -1
51 -1 -1 -1 -1 -1 -1 -1 -1 -1 -1 -1 -1 -1 -1 -1 -1 -1 -1 -1 -1
52 -1 -1 -1 -1 -1 -1 -1 -1 -1 -1 -1 -1 -1 -1 -1 -1 -1 -1 -1 -1
53 -1 -1 -1 -1 -1 -1 -1 -1 -1 -1 -1 -1 -1 -1 -1 -1 -1 -1 -1 -1
54 -1 -1 -1 -1 -1 -1 -1 -1 -1 -1 -1 -1 -1 -1 -1 -1 -1 -1 -1 -1
55 -1 -1 -1 -1 -1 -1 -1 -1 -1 -1 -1 -1 -1 -1 -1 -1 -1 -1 -1 -1
56 -1 -1 -1 -1 -1 -1 -1 -1 -1 -1 -1 -1 -1 -1 -1 -1 -1 -1 -1 -1
57 -1 -1 -1 -1 -1 -1 -1 -1 -1 -1 -1 -1 -1 -1 -1 -1 -1 -1 -1 -1
58 -1 -1 -1 -1 -1 -1 -1 -1 -1 -1 -1 -1 -1 -1 -1 -1 -1 -1 -1 -1
59 -1 -1 -1 -1 -1 -1 -1 -1 -1 -1 -1 -1 -1 -1 -1 -1 -1 -1 -1 -1
60 -1 -1 -1 -1 -1 -1 -1 -1 -1 -1 -1 -1 -1 -1 -1 -1 -1 -1 -1 -1
61 -1 -1 -1 -1 -1 -1 -1 -1 -1 -1 -1 -1 -1 -1 -1 -1 -1 -1 -1 -1
62 -1 -1 -1 -1 -1 -1 -1 -1 -1 -1 -1 -1 -1 -1 -1 -1 -1 -1 -1 -1
63 -1 -1 -1 -1 -1 -1 -1 -1 -1 -1 -1 -1 -1 -1 -1 -1 -1 -1 -1 -1
64 -1 -1 -1 -1 -1 -1 -1 -1 -1 -1 -1 -1 -1 -1 -1 -1 -1 -1 -1 -1
65 -1 -1 -1 -1 -1 -1 -1 -1 -1 -1 -1 -1 -1 -1 -1 -1 -1 -1 -1 -1
66 -1 -1 -1 -1 -1 -1 -1 -1 -1 -1 -1 -1 -1 -1 -1 -1 -1 -1 -1 -1
67 -1 -1 -1 -1 -1 -1 -1 -1 -1 -1 -1 -1 -1 -1 -1 -1 -1 -1 -1 -1
68 -1 -1 -1 -1 -1 -1 -1 -1 -1 -1 -1 -1 -1 -1 -1 -1 -1 -1 -1 -1
69 -1 -1 -1 -1 -1 -1 -1 -1 -1 -1 -1 -1 -1 -1 -1 -1 -1 -1 -1 -1
70 -1 -1 -1 -1 -1 -1 -1 -1 -1 -1 -1 -1 -1 -1 -1 -1 -1 -1 -1 -1
71 -1 -1 -1 -1 -1 -1 -1 -1 -1 -1 -1 -1 -1 -1 -1 -1 -1 -1 -1 -1
72 -1 -1 -1 -1 -1 -1 -1 -1 -1 -1 -1 -1 -1 -1 -1 -1 -1 -1 -1 -1
73 -1 -1 -1 -1 -1 -1 -1 -1 -1 -1 -1 -1 -1 -1 -1 -1 -1 -1 -1 -1
74 -1 -1 -1 -1 -1 -1 -1 -1 -1 -1 -1 -1 -1 -1 -1 -1 -1 -1 -1 -1
75 -1 -1 -1 -1 -1 -1 -1 -1 -1 -1 -1 -1 -1 -1 -1 -1 -1 -1 -1 -1
76 -1 -1 -1 -1 -1 -1 -1 -1 -1 -1 -1 -1 -1 -1 -1 -1 -1 -1 -1 -1
77 -1 -1 -1 -1 -1 -1 -1 -1 -1 -1 -1 -1 -1 -1 -1 -1 -1 -1 -1 -1
78 -1 -1 -1 -1 -1 -1 -1 -1 -1 -1 -1 -1 -1 -1 -1 -1 -1 -1 -1 -1
79 -1 -1 -1 -1 -1 -1 -1 -1 -1 -1 -1 -1 -1 -1 -1 -1 -1 -1 -1 -1
80 -1 -1 -1 -1 -1 -1 -1 -1 -1 -1 -1 -1 -1 -1 -1 -1 -1 -1 -1 -1
81 -1 -1 -1 -1 -1 -1 -1 -1 -1 -1 -1 -1 -1 -1 -1 -1 -1 -1 -1 -1
82 -1 -1 -1 -1 -1 -1 -1 -1 -1 -1 -1 -1 -1 -1 -1 -1 -1 -1 -1 -1
83 -1 -1 -1 -1 -1 -1 -1 -1 -1 -1 -1 -1 -1 -1 -1 -1 -1 -1 -1 -1
84 -1 -1 -1 -1 -1 -1 -1 -1 -1 -1 -1 -1 -1 -1 -1 -1 -1 -1 -1 -1
85 -1 -1 -1 -1 -1 -1 -1 -1 -1 -1 -1 -1 -1 -1 -1 -1 -1 -1 -1 -1
86 -1 -1 -1 -1 -1 -1 -1 -1 -1 -1 -1 -1 -1 -1 -1 -1 -1 -1 -1 -1
87 -1 -1 -1 -1 -1 -1 -1 -1 -1 -1 -1 -1 -1 -1 -1 -1 -1 -1 -1 -1
88 -1 -1 -1 -1 -1 -1 -1 -1 -1 -1 -1 -1 -1 -1 -1 -1 -1 -1 -1 -1
89 -1 -1 -1 -1 -1 -1 -1 -1 -1 -1 -1 -1 -1 -1 -1 -1 -1 -1 -1 -1
90 -1 -1 -1 -1 -1 -1 -1 -1 -1 -1 -1 -1 -1 -1 -1 -1 -1 -1 -1 -1
91 -1 -1 -1 -1 -1 -1 -1 -1 -1 -1 -1 -1 -1 -1 -1 -1 -1 -1 -1 -1
92 -1 -1 -1 -1 -1 -1 -1 -1 -1 -1 -1 -1 -1 -1 -1 -1 -1 -1 -1 -1
93 -1 -1 -1 -1 -1 -1 -1 -1 -1 -1 -1 -1 -1 -1 -1 -1 -1 -1 -1 -1
94 -1 -1 -1 -1 -1 -1 -1 -1 -1 -1 -1 -1 -1 -1 -1 -1 -1 -1 -1 -1
95 -1 -1 -1 -1 -1 -1 -1 -1 -1 -1 -1 -1 -1 -1 -1 -1 -1 -1 -1 -1
96 -1 -1 -1 -1 -1 -1 -1 -1 -1 -1 -1 -1 -1 -1 -1 -1 -1 -1 -1 -1
97 -1 -1 -1 -1 -1 -1 -1 -1 -1 -1 -1 -1 -1 -1 -1 -1 -1 -1 -1 -1
98 -1 -1 -1 -1 -1 -1 -1 -1 -1 -1 -1 -1 -1 -1 -1 -1 -1 -1 -1 -1
99 -1 -1 -1 -1 -1 -1 -1 -1 -1 -1 -1 -1 -1 -1 -1 -1 -1 -1 -1 -1
100 -1 -1 -1 -1 -1 -1 -1 -1 -1 -1 -1 -1 -1 -1 -1 -1 -1 -1 -1 -1
101 -1 -1 -1 -1 -1 -1 -1 -1 -1 -1 -1 -1 -1 -1 -1 -1 -1 -1 -1 -1
102 -1 -1 -1 -1 -1 -1 -1 -1 -1 -1 -1 -1 -1 -1 -1 -1 -1 -1 -1 -1
103 -1 -1 -1 -1 -1 -1 -1 -1 -1 -1 -1 -1 -1 -1 -1 -1 -1 -1 -1 -1
104 -1 -1 -1 -1 -1 -1 -1 -1 -1 -1 -1 -1 -1 -1 -1 -1 -1 -1 -1 -1
105 -1 -1 -1 -1 -1 -1 -1 -1 -1 -1 -1 -1 -1 -1 -1 -1 -1 -1 -1 -1
106 -1 -1 -1 -1 -1 -1 -1 -1 -1 -1 -1 -1 -1 -1 -1 -1 -1 -1 -1 -1
107 -1 -1 -1 -1 -1 -1 -1 -1 -1 -1 -1 -1 -1 -1 -1 -1 -1 -1 -1 -1
108 -1 -1 -1 -1 -1 -1 -1 -1 -1 -1 -1 -1 -1 -1 -1 -1 -1 -1 -1 -1
109 -1 -1 -1 -1 -1 -1 -1 -1 -1 -1 -1 -1 -1 -1 -1 -1 -1 -1 -1 -1
110 -1 -1 -1 -1 -1 -1 -1 -1 -1 -1 -1 -1 -1 -1 -1 -1 -1 -1 -1 -1
111 -1 -1 -1 -1 -1 -1 -1 -1 -1 -1 -1 -1 -1 -1 -1 -1 -1 -1 -1 -1
112 -1 -1 -1 -1 -1 -1 -1 -1 -1 -1 -1 -1 -1 -1 -1 -1 -1 -1 -1 -1
113 -1 -1 -1 -1 -1 -1 -1 -1 -1 -1 -1 -1 -1 -1 -1 -1 -1 -1 -1 -1
114 -1 -1 -1 -1 -1 -1 -1 -1 -1 -1 -1 -1 -1 -1 -1 -1 -1 -1 -1 -1
115 -1 -1 -1 -1 -1 -1 -1 -1 -1 -1 -1 -1 -1 -1 -1 -1 -1 -1 -1 -1
116 -1 -1 -1 -1 -1 -1 -1 -1 -1 -1 -1 -1 -1 -1 -1 -1 -1 -1 -1 -1
117 0.625633 0.337529 0.645035 0.503001 0.652972 0.510286 0.637098 0.495716 0.652972 0.510286 0.612223 0.624128 0.623056 0.712916 0.637098 0.495716 0.612481 0.608865 0.596630 0.728217
118 0.621154 0.337662 0.640377 0.504595 0.647218 0.511448 0.633536 0.497742 0.647218 0.511448 0.608915 0.626622 0.617769 0.736949 0.633536 0.497742 0.608452 0.614207 0.595979 0.732464
119 0.610915 0.337841 0.635001 0.503029 0.645865 0.509445 0.624137 0.496614 0.645865 0.509445 0.614117 0.624573 0.629104 0.714496 0.624137 0.496614 0.603832 0.618296 0.594936 0.737825
120 0.608077 0.335946 0.631912 0.502822 0.643572 0.509785 0.620253 0.495859 0.643572 0.509785 0.620139 0.628575 0.632558 0.739193 0.620253 0.495859 0.599543 0.618274 0.593107 0.738155
121 0.602421 0.335070 0.629814 0.502112 0.642158 0.508981 0.617469 0.495243 0.642158 0.508981 0.609864 0.625474 0.631254 0.700732 0.617469 0.495243 0.598534 0.618781 0.594098 0.736007
122 0.596707 0.334976 0.626507 0.501066 0.634635 0.508540 0.618379 0.493592 0.634635 0.508540 0.603187 0.623219 0.634479 0.692927 0.618379 0.493592 0.599619 0.614413 0.595361 0.729437
123 0.590786 0.334847 0.623641 0.499254 0.627623 0.507500 0.619660 0.491008 0.627623 0.507500 0.597997 0.623657 0.599121 0.736385 0.619660 0.491008 0.601851 0.605167 0.596609 0.688573
124 0.586416 0.335226 0.618626 0.498633 0.626407 0.506667 0.610846 0.490600 0.626407 0.506667 0.597839 0.622547 0.607927 0.730680 0.610846 0.490600 0.597109 0.611543 0.598446 0.711317
125 0.581100 0.333735 0.615115 0.497717 0.617234 0.505595 0.612997 0.489840 0.617234 0.505595 0.592412 0.621859 0.596701 0.729877 0.612997 0.489840 0.598066 0.610720 0.599234 0.714178
126 0.577079 0.331475 0.608582 0.498013 0.616305 0.505608 0.600859 0.490417 0.616305 0.505608 0.591543 0.623766 0.602173 0.733667 0.600859 0.490417 0.595016 0.617359 0.615000 0.721891
127 0.573086 0.329023 0.604343 0.500294 0.613469 0.505604 0.595217 0.494983 0.613469 0.505604 0.595993 0.625214 0.603359 0.734605 0.595217 0.494983 0.585762 0.620277 0.604045 0.727259
128 0.569724 0.328478 0.599272 0.500323 0.605240 0.505699 0.593304 0.494946 0.605240 0.505699 0.593572 0.626983 0.608522 0.750272 0.593304 0.494946 0.589132 0.620517 0.602627 0.727991
129 0.566867 0.326213 0.593209 0.501014 0.605126 0.506333 0.581291 0.495695 0.605126 0.506333 0.595372 0.634901 0.608624 0.765612 0.581291 0.495695 0.587401 0.621837 0.602422 0.733511
130 0.565386 0.326949 0.588838 0.506539 0.600042 0.513432 0.577634 0.499646 0.600042 0.513432 0.592655 0.639111 0.602570 0.770761 0.577634 0.499646 0.585162 0.628213 0.599835 0.738837
131 0.562826 0.326738 0.584361 0.508613 0.595205 0.515271 0.573517 0.501956 0.595205 0.515271 0.586881 0.637875 0.589257 0.762559 0.573517 0.501956 0.584134 0.629001 0.600542 0.736136
132 0.560939 0.327312 0.580795 0.513191 0.592104 0.519066 0.569486 0.507317 0.592104 0.519066 0.582832 0.641208 0.586105 0.763436 0.569486 0.507317 0.579441 0.631319 0.597915 0.736896
133 0.556369 0.326878 0.577657 0.514783 0.591422 0.520095 0.563891 0.509471 0.591422 0.520095 0.583901 0.644979 0.593858 0.773160 0.563891 0.509471 0.571299 0.637085 0.590911 0.744159
134 0.550026 0.325438 0.575537 0.514345 0.588521 0.519032 0.562553 0.509658 0.588521 0.519032 0.585199 0.643804 0.596875 0.770276 0.562553 0.509658 0.561077 0.638841 0.584770 0.748797
135 0.546964 0.325445 0.573951 0.516036 0.588157 0.519909 0.559745 0.512163 0.588157 0.519909 0.586748 0.643389 0.598753 0.765696 0.559745 0.512163 0.550758 0.636058 0.577149 0.744766
136 0.545276 0.324373 0.572645 0.518856 0.589576 0.521472 0.555713 0.516240 0.589576 0.521472 0.587208 0.643054 0.599516 0.768024 0.555713 0.516240 0.535924 0.635617 0.569612 0.742835
137 0.538788 0.326218 0.572091 0.519725 0.589422 0.522086 0.554761 0.517365 0.589422 0.522086 0.583914 0.642340 0.593898 0.766212 0.554761 0.517365 0.532645 0.632234 0.558457 0.741730
138 0.535165 0.328676 0.570594 0.519370 0.587520 0.522675 0.553669 0.516065 0.587520 0.522675 0.584023 0.641838 0.592192 0.769391 0.553669 0.516065 0.530959 0.631904 0.541348 0.741136
139 0.527244 0.332347 0.570814 0.519016 0.585116 0.522894 0.556512 0.515138 0.585116 0.522894 0.578817 0.637357 0.583928 0.769001 0.556512 0.515138 0.533581 0.627984 0.531374 0.740424
140 0.516285 0.330992 0.568856 0.517020 0.584850 0.519468 0.552862 0.514572 0.584850 0.519468 0.580388 0.637361 0.587981 0.769372 0.552862 0.514572 0.531214 0.627213 0.526476 0.740012
141 0.509459 0.334661 0.567467 0.517477 0.582494 0.519438 0.552440 0.515516 0.582494 0.519438 0.578966 0.638399 0.589502 0.772966 0.552440 0.515516 0.528758 0.627072 0.524518 0.739255
142 0.502247 0.341734 0.565673 0.517277 0.582720 0.518923 0.548627 0.515631 0.582720 0.518923 0.578986 0.638488 0.590610 0.776140 0.548627 0.515631 0.523162 0.627008 0.524960 0.739068
143 0.493588 0.345314 0.562972 0.515678 0.578212 0.516002 0.547732 0.515354 0.578212 0.516002 0.578568 0.636082 0.586664 0.775247 0.547732 0.515354 0.525425 0.626486 0.527658 0.739415
144 0.487662 0.353193 0.559643 0.515648 0.579226 0.516052 0.540059 0.515244 0.579226 0.516052 0.579049 0.637136 0.587183 0.773762 0.540059 0.515244 0.510503 0.626597 0.520521 0.739282
145 0.480574 0.367789 0.557806 0.515416 0.572833 0.516075 0.542778 0.514756 0.572833 0.516075 0.575144 0.637131 0.587388 0.773115 0.542778 0.514756 0.516640 0.627703 0.528244 0.742705
146 0.475415 0.381887 0.556499 0.517181 0.574591 0.518970 0.538407 0.515391 0.574591 0.518970 0.582253 0.639381 0.608039 0.773582 0.538407 0.515391 0.511887 0.628711 0.526188 0.742328
147 0.468759 0.391807 0.556367 0.522806 0.575611 0.524332 0.537124 0.521280 0.575611 0.524332 0.590138 0.641825 0.621986 0.772942 0.537124 0.521280 0.511073 0.630590 0.523079 0.740825
148 0.461600 0.400633 0.555497 0.524574 0.573039 0.527472 0.537955 0.521676 0.573039 0.527472 0.593708 0.642944 0.629101 0.766085 0.537955 0.521676 0.514595 0.634688 0.520967 0.740705
149 0.455552 0.405945 0.555409 0.526398 0.571674 0.531120 0.539144 0.521677 0.571674 0.531120 0.594054 0.643761 0.636066 0.758171 0.539144 0.521677 0.516324 0.635037 0.521841 0.738943
150 0.446970 0.415111 0.554034 0.530501 0.569587 0.531476 0.538480 0.529526 0.569587 0.531476 0.594460 0.643600 0.641276 0.749533 0.538480 0.529526 0.514811 0.634611 0.523641 0.738381
151 0.437257 0.429343 0.550534 0.532273 0.565350 0.531979 0.535718 0.532567 0.565350 0.531979 0.591812 0.643095 0.638054 0.747287 0.535718 0.532567 0.515397 0.635888 0.530690 0.738737
152 0.431885 0.449604 0.547590 0.534078 0.563718 0.531664 0.531463 0.536492 0.563718 0.531664 0.587680 0.642473 0.639064 0.748226 0.531463 0.536492 0.516361 0.640360 0.549387 0.738732
153 0.422309 0.468526 0.542699 0.534993 0.558973 0.529716 0.526426 0.540271 0.558973 0.529716 0.581741 0.638943 0.635994 0.743579 0.526426 0.540271 0.520381 0.644092 0.558630 0.739858
154 0.416102 0.491499 0.537169 0.535643 0.552678 0.527136 0.521660 0.544149 0.552678 0.527136 0.579340 0.633721 0.636210 0.745188 0.521660 0.544149 0.522247 0.642825 0.557879 0.739865
155 0.408405 0.511073 0.528420 0.536868 0.543885 0.526338 0.512955 0.547398 0.543885 0.526338 0.578998 0.632771 0.636073 0.743226 0.512955 0.547398 0.516639 0.643963 0.556765 0.737623
156 0.394451 0.542445 0.514403 0.541899 0.525230 0.535370 0.503577 0.548429 0.525230 0.535370 0.574773 0.636330 0.636012 0.740660 0.503577 0.548429 0.514490 0.647369 0.567988 0.731093
157 0.382793 0.563966 0.498323 0.546767 0.510185 0.536946 0.486461 0.556587 0.510185 0.536946 0.566426 0.637751 0.635167 0.737857 0.486461 0.556587 0.508963 0.657667 0.581307 0.726593
158 0.369931 0.594954 0.493584 0.561758 0.501560 0.555619 0.485608 0.567896 0.501560 0.555619 0.551952 0.658596 0.634603 0.736795 0.485608 0.567896 0.516080 0.668676 0.598153 0.720069
159 0.354033 0.624330 0.480584 0.577005 0.487479 0.573467 0.473689 0.580544 0.487479 0.573467 0.544312 0.665252 0.632052 0.733613 0.473689 0.580544 0.527731 0.674854 0.615295 0.719673
160 0.345854 0.643667 0.472034 0.592746 0.478259 0.595393 0.465810 0.590099 0.478259 0.595393 0.545595 0.675966 0.632353 0.734822 0.465810 0.590099 0.537061 0.673768 0.620619 0.719030
161 0.338885 0.657005 0.465409 0.619311 0.474409 0.625441 0.456408 0.613180 0.474409 0.625441 0.551496 0.690913 0.634579 0.737647 0.456408 0.613180 0.541704 0.683851 0.615462 0.720728
162 0.328869 0.666302 0.458588 0.646061 0.467834 0.654856 0.449342 0.637266 0.467834 0.654856 0.547413 0.712034 0.628340 0.726332 0.449342 0.637266 0.537386 0.705541 0.614677 0.725662
163 0.320792 0.666321 0.452433 0.665522 0.458164 0.676689 0.446701 0.654355 0.458164 0.676689 0.541333 0.727398 0.628748 0.726502 0.446701 0.654355 0.535086 0.720971 0.615083 0.725824
164 0.316026 0.668239 0.448293 0.688887 0.451655 0.693998 0.444931 0.683776 0.451655 0.693998 0.535371 0.738919 0.627516 0.733213 0.444931 0.683776 0.533147 0.729481 0.613632 0.707491
165 -1 -1 -1 -1 -1 -1 -1 -1 -1 -1 -1 -1 -1 -1 -1 -1 -1 -1 -1 -1
166 -1 -1 -1 -1 -1 -1 -1 -1 -1 -1 -1 -1 -1 -1 -1 -1 -1 -1 -1 -1
167 -1 -1 -1 -1 -1 -1 -1 -1 -1 -1 -1 -1 -1 -1 -1 -1 -1 -1 -1 -1
168 -1 -1 -1 -1 -1 -1 -1 -1 -1 -1 -1 -1 -1 -1 -1 -1 -1 -1 -1 -1
169 -1 -1 -1 -1 -1 -1 -1 -1 -1 -1 -1 -1 -1 -1 -1 -1 -1 -1 -1 -1
170 -1 -1 -1 -1 -1 -1 -1 -1 -1 -1 -1 -1 -1 -1 -1 -1 -1 -1 -1 -1
171 -1 -1 -1 -1 -1 -1 -1 -1 -1 -1 -1 -1 -1 -1 -1 -1 -1 -1 -1 -1
172 -1 -1 -1 -1 -1 -1 -1 -1 -1 -1 -1 -1 -1 -1 -1 -1 -1 -1 -1 -1
173 -1 -1 -1 -1 -1 -1 -1 -1 -1 -1 -1 -1 -1 -1 -1 -1 -1 -1 -1 -1
174 -1 -1 -1 -1 -1 -1 -1 -1 -1 -1 -1 -1 -1 -1 -1 -1 -1 -1 -1 -1
175 -1 -1 -1 -1 -1 -1 -1 -1 -1 -1 -1 -1 -1 -1 -1 -1 -1 -1 -1 -1
176 -1 -1 -1 -1 -1 -1 -1 -1 -1 -1 -1 -1 -1 -1 -1 -1 -1 -1 -1 -1
177 -1 -1 -1 -1 -1 -1 -1 -1 -1 -1 -1 -1 -1 -1 -1 -1 -1 -1 -1 -1
178 -1 -1 -1 -1 -1 -1 -1 -1 -1 -1 -1 -1 -1 -1 -1 -1 -1 -1 -1 -1
179 -1 -1 -1 -1 -1 -1 -1 -1 -1 -1 -1 -1 -1 -1 -1 -1 -1 -1 -1 -1
180 -1 -1 -1 -1 -1 -1 -1 -1 -1 -1 -1 -1 -1 -1 -1 -1 -1 -1 -1 -1
181 -1 -1 -1 -1 -1 -1 -1 -1 -1 -1 -1 -1 -1 -1 -1 -1 -1 -1 -1 -1
182 0.297645 0.727403 0.415754 0.689767 0.413961 0.689016 0.417548 0.690518 0.413961 0.689016 0.507841 0.730870 0.607841 0.740445 0.417548 0.690518 0.512179 0.731567 0.604383 0.735424
183 -1 -1 -1 -1 -1 -1 -1 -1 -1 -1 -1 -1 -1 -1 -1 -1 -1 -1 -1 -1
184 0.295432 0.725602 0.415529 0.690539 0.413368 0.694047 0.417690 0.687030 0.413368 0.694047 0.508537 0.734408 0.607972 0.741846 0.417690 0.687030 0.512228 0.730036 0.605046 0.735075
185 0.294965 0.726376 0.415640 0.690971 0.413449 0.693187 0.417832 0.688754 0.413449 0.693187 0.509867 0.734316 0.610851 0.742821 0.417832 0.688754 0.513157 0.730843 0.605748 0.738133
186 0.294999 0.726164 0.415711 0.690703 0.413536 0.693163 0.417885 0.688243 0.413536 0.693163 0.509872 0.734692 0.610885 0.742522 0.417885 0.688243 0.513101 0.730419 0.605609 0.738021
187 0.294989 0.725901 0.415049 0.690382 0.412569 0.693065 0.417528 0.687699 0.412569 0.693065 0.506990 0.734267 0.608782 0.742500 0.417528 0.687699 0.510399 0.729998 0.604885 0.735981
188 0.295152 0.725189 0.414571 0.690128 0.412110 0.692251 0.417031 0.688005 0.412110 0.692251 0.506486 0.732903 0.608785 0.742590 0.417031 0.688005 0.509939 0.730178 0.605061 0.736880
189 0.295307 0.725122 0.414651 0.689950 0.412177 0.692221 0.417126 0.687679 0.412177 0.692221 0.506568 0.732195 0.610152 0.742660 0.417126 0.687679 0.510075 0.730033 0.605862 0.737023
190 0.295356 0.725647 0.414687 0.689588 0.412246 0.691323 0.417128 0.687854 0.412246 0.691323 0.507406 0.731194 0.610876 0.742365 0.417128 0.687854 0.511035 0.729882 0.606950 0.737223
191 0.295452 0.725616 0.415241 0.689175 0.412856 0.690506 0.417626 0.687845 0.412856 0.690506 0.509194 0.730478 0.610987 0.742507 0.417626 0.687845 0.512108 0.729873 0.606874 0.737889
192 0.295890 0.724800 0.415293 0.687169 0.412942 0.691161 0.417645 0.683177 0.412942 0.691161 0.508813 0.730982 0.607414 0.741072 0.417645 0.683177 0.512016 0.729754 0.606390 0.733197
193 0.296004 0.724909 0.415370 0.687599 0.413089 0.694442 0.417652 0.680757 0.413089 0.694442 0.508941 0.732104 0.608519 0.739713 0.417652 0.680757 0.512193 0.728662 0.606870 0.732034
194 0.296059 0.725703 0.415318 0.687297 0.413116 0.693652 0.417520 0.680942 0.413116 0.693652 0.508934 0.731898 0.606788 0.740728 0.417520 0.680942 0.512194 0.728519 0.606809 0.732136
195 0.296188 0.725646 0.415345 0.687407 0.413138 0.692956 0.417552 0.681857 0.413138 0.692956 0.508897 0.731472 0.607111 0.740389 0.417552 0.681857 0.512206 0.728502 0.606713 0.732327
196 0.296225 0.725894 0.415285 0.687233 0.413003 0.694411 0.417567 0.680054 0.413003 0.694411 0.508828 0.733566 0.607734 0.741121 0.417567 0.680054 0.512058 0.728201 0.606475 0.732544
197 0.296251 0.726191 0.415200 0.687264 0.413003 0.694000 0.417396 0.680528 0.413003 0.694000 0.507737 0.732555 0.604205 0.741459 0.417396 0.680528 0.510578 0.728597 0.604294 0.732694
198 0.296306 0.726576 0.415197 0.688243 0.412973 0.692765 0.417421 0.683720 0.412973 0.692765 0.507589 0.731716 0.606399 0.743068 0.417421 0.683720 0.510067 0.728721 0.604313 0.733256
199 0.295435 0.726239 0.415174 0.689803 0.412907 0.692685 0.417442 0.686920 0.412907 0.692685 0.507915 0.730551 0.607284 0.742547 0.417442 0.686920 0.510254 0.729493 0.604466 0.733707
200 0.295689 0.726224 0.415243 0.689508 0.412921 0.692683 0.417566 0.686334 0.412921 0.692683 0.508007 0.730683 0.607734 0.742352 0.417566 0.686334 0.510572 0.729287 0.604504 0.733444
201 0.295698 0.726414 0.415320 0.689583 0.413067 0.693770 0.417573 0.685397 0.413067 0.693770 0.507849 0.732502 0.607654 0.742318 0.417573 0.685397 0.510093 0.728651 0.604252 0.733558
202 0.296112 0.726647 0.415321 0.689763 0.413072 0.694238 0.417570 0.685288 0.413072 0.694238 0.508270 0.732342 0.607915 0.741158 0.417570 0.685288 0.510717 0.727881 0.604616 0.733586
203 0.296520 0.725728 0.415591 0.689543 0.413249 0.694354 0.417934 0.684733 0.413249 0.694354 0.508509 0.732779 0.606126 0.743474 0.417934 0.684733 0.511212 0.728074 0.604927 0.734743
204 0.297234 0.726367 0.416022 0.689294 0.413713 0.693845 0.418331 0.684744 0.413713 0.693845 0.508669 0.733188 0.606958 0.743541 0.418331 0.684744 0.511430 0.728082 0.604919 0.735175
205 0.297391 0.726428 0.416035 0.690068 0.413746 0.693486 0.418324 0.686649 0.413746 0.693486 0.508648 0.732064 0.607681 0.743590 0.418324 0.686649 0.511365 0.728752 0.604900 0.735692
206 0.296629 0.727112 0.415425 0.689337 0.413222 0.693664 0.417627 0.685011 0.413222 0.693664 0.508513 0.732371 0.608567 0.743575 0.417627 0.685011 0.511231 0.728780 0.605465 0.735659
207 0.296325 0.727717 0.415213 0.689729 0.413107 0.691987 0.417318 0.687472 0.413107 0.691987 0.508291 0.730305 0.608305 0.741857 0.417318 0.687472 0.511189 0.728936 0.605419 0.735262
208 0.295991 0.727568 0.414431 0.689163 0.412508 0.692691 0.416354 0.685635 0.412508 0.692691 0.506773 0.730448 0.604867 0.742489 0.416354 0.685635 0.509945 0.728859 0.604032 0.733928
209 0.295775 0.727410 0.414412 0.689236 0.412449 0.692791 0.416375 0.685681 0.412449 0.692791 0.506822 0.730477 0.603982 0.742419 0.416375 0.685681 0.509959 0.728631 0.604058 0.732597
210 0.295669 0.726575 0.414656 0.689189 0.412744 0.695823 0.416568 0.682556 0.412744 0.695823 0.507180 0.733917 0.605191 0.741570 0.416568 0.682556 0.510333 0.727864 0.604022 0.729802
211 0.295800 0.725995 0.414666 0.688648 0.412751 0.695244 0.416581 0.682051 0.412751 0.695244 0.507209 0.733881 0.604146 0.743219 0.416581 0.682051 0.511121 0.727977 0.603928 0.733652
212 0.295504 0.725960 0.414700 0.688659 0.412754 0.695207 0.416646 0.682111 0.412754 0.695207 0.507175 0.734006 0.605817 0.743167 0.416646 0.682111 0.511273 0.727949 0.604139 0.733527
213 0.295417 0.726030 0.414624 0.688500 0.412632 0.693080 0.416615 0.683919 0.412632 0.693080 0.507187 0.733135 0.605918 0.743092 0.416615 0.683919 0.511188 0.728605 0.604146 0.735970
214 0.295315 0.725778 0.414706 0.688036 0.412705 0.693287 0.416707 0.682785 0.412705 0.693287 0.507621 0.733485 0.605672 0.743126 0.416707 0.682785 0.511202 0.728218 0.604153 0.733541
215 0.295230 0.727158 0.414705 0.689389 0.412686 0.692642 0.416723 0.686135 0.412686 0.692642 0.507838 0.732075 0.605936 0.741360 0.416723 0.686135 0.511202 0.728545 0.603779 0.733147
216 0.295703 0.727140 0.414917 0.689487 0.412944 0.692646 0.416890 0.686328 0.412944 0.692646 0.507981 0.731349 0.607046 0.741427 0.416890 0.686328 0.511183 0.728658 0.603792 0.734017
217 0.295403 0.727104 0.414242 0.689077 0.412007 0.692652 0.416476 0.685501 0.412007 0.692652 0.507357 0.731294 0.607493 0.741677 0.416476 0.685501 0.511176 0.728592 0.603808 0.734047
218 0.295333 0.726637 0.414122 0.687929 0.412009 0.694336 0.416234 0.681522 0.412009 0.694336 0.507496 0.732917 0.608240 0.741407 0.416234 0.681522 0.511192 0.727681 0.604234 0.732500
219 0.295671 0.725389 0.414194 0.687634 0.412142 0.695092 0.416245 0.680176 0.412142 0.695092 0.508178 0.733741 0.606217 0.743970 0.416245 0.680176 0.511568 0.727116 0.604590 0.732080
220 0.295599 0.726019 0.414212 0.688201 0.412140 0.693403 0.416284 0.682999 0.412140 0.693403 0.507521 0.733156 0.606578 0.744005 0.416284 0.682999 0.511264 0.727627 0.604669 0.733292
221 0.295206 0.726473 0.414079 0.688150 0.411954 0.692639 0.416204 0.683661 0.411954 0.692639 0.507381 0.733038 0.606606 0.743288 0.416204 0.683661 0.511008 0.728401 0.604668 0.734086
222 0.294978 0.725324 0.414131 0.687921 0.412015 0.694557 0.416247 0.681284 0.412015 0.694557 0.507818 0.733796 0.608168 0.742579 0.416247 0.681284 0.511185 0.727828 0.604691 0.732346
223 0.295346 0.726199 0.414192 0.688498 0.412084 0.693771 0.416301 0.683224 0.412084 0.693771 0.507600 0.733344 0.608335 0.742581 0.416301 0.683224 0.511237 0.727847 0.604725 0.732204
224 0.295264 0.726636 0.413970 0.688740 0.411814 0.693420 0.416126 0.684061 0.411814 0.693420 0.506658 0.731941 0.607772 0.742521 0.416126 0.684061 0.510211 0.728174 0.604327 0.733497
225 0.296466 0.727209 0.414062 0.688897 0.411822 0.692417 0.416301 0.685376 0.411822 0.692417 0.506487 0.731736 0.607769 0.742084 0.416301 0.685376 0.510232 0.728397 0.604070 0.732518
226 0.296190 0.727440 0.414085 0.689468 0.411860 0.691822 0.416309 0.687114 0.411860 0.691822 0.507333 0.730241 0.606962 0.742249 0.416309 0.687114 0.511072 0.728468 0.604461 0.732525
227 0.295042 0.726041 0.413381 0.689808 0.411146 0.691161 0.415616 0.688455 0.411146 0.691161 0.506513 0.730273 0.606952 0.742263 0.415616 0.688455 0.510551 0.729361 0.604235 0.732900
228 0.294714 0.724813 0.413376 0.688345 0.411121 0.693693 0.415631 0.682997 0.411121 0.693693 0.506543 0.734451 0.607317 0.743467 0.415631 0.682997 0.510618 0.728075 0.604235 0.731714
229 0.294470 0.725666 0.413322 0.689021 0.411132 0.695179 0.415512 0.682862 0.411132 0.695179 0.506999 0.734316 0.608350 0.743276 0.415512 0.682862 0.510623 0.728064 0.604264 0.732004
230 0.295009 0.726783 0.413391 0.688966 0.411228 0.691580 0.415554 0.686352 0.411228 0.691580 0.506506 0.732324 0.608032 0.742764 0.415554 0.686352 0.510480 0.728942 0.603982 0.732473
231 0.295554 0.727039 0.413850 0.689141 0.411694 0.694078 0.416006 0.684203 0.411694 0.694078 0.506514 0.733667 0.608028 0.742483 0.416006 0.684203 0.510261 0.728435 0.603985 0.732415
232 0.294771 0.727697 0.413392 0.689339 0.410796 0.692412 0.415989 0.686266 0.410796 0.692412 0.505623 0.732415 0.607404 0.742498 0.415989 0.686266 0.509747 0.729363 0.603987 0.733061
233 0.295039 0.727855 0.414111 0.689108 0.411510 0.693957 0.416712 0.684258 0.411510 0.693957 0.507355 0.734226 0.609417 0.742831 0.416712 0.684258 0.511503 0.729079 0.605004 0.733552
234 0.294471 0.727371 0.413352 0.688425 0.410841 0.694918 0.415862 0.681931 0.410841 0.694918 0.507733 0.734451 0.610905 0.742238 0.415862 0.681931 0.511527 0.727807 0.606236 0.732814
235 0.294314 0.727330 0.413513 0.689109 0.410854 0.694955 0.416172 0.683263 0.410854 0.694955 0.507687 0.734344 0.610649 0.741306 0.416172 0.683263 0.511327 0.727851 0.605432 0.732493
236 0.295149 0.727905 0.413375 0.689253 0.410864 0.689973 0.415887 0.688534 0.410864 0.689973 0.505837 0.732028 0.606575 0.741316 0.415887 0.688534 0.509952 0.730002 0.604820 0.732661
237 0.294926 0.727830 0.412659 0.688685 0.410089 0.690003 0.415229 0.687367 0.410089 0.690003 0.504763 0.731641 0.605789 0.741233 0.415229 0.687367 0.508722 0.729493 0.603849 0.732140
238 0.295255 0.727695 0.412626 0.688843 0.410014 0.690175 0.415237 0.687510 0.410014 0.690175 0.505356 0.731850 0.608692 0.744220 0.415237 0.687510 0.509508 0.729595 0.604904 0.734277
239 0.295213 0.727632 0.412685 0.688815 0.410108 0.690325 0.415263 0.687304 0.410108 0.690325 0.505217 0.731541 0.608144 0.742976 0.415263 0.687304 0.509463 0.728838 0.604738 0.733407
