331
357
0 -1 -1 -1 -1 -1 -1 -1 -1 -1 -1 -1 -1 -1 -1 -1 -1 -1 -1 -1 -1
1 -1 -1 -1 -1 -1 -1 -1 -1 -1 -1 -1 -1 -1 -1 -1 -1 -1 -1 -1 -1
2 -1 -1 -1 -1 -1 -1 -1 -1 -1 -1 -1 -1 -1 -1 -1 -1 -1 -1 -1 -1
3 -1 -1 -1 -1 -1 -1 -1 -1 -1 -1 -1 -1 -1 -1 -1 -1 -1 -1 -1 -1
4 0.781234 0.431168 0.768965 0.548571 0.785540 0.562903 0.752390 0.534239 0.785540 0.562903 0.722898 0.564578 0.719476 0.668794 0.752390 0.534239 0.684116 0.526735 0.688522 0.635003
5 0.779832 0.431973 0.768766 0.546961 0.785248 0.562258 0.752285 0.531664 0.785248 0.562258 0.722976 0.565521 0.718695 0.668882 0.752285 0.531664 0.684458 0.527689 0.688442 0.635554
6 0.776798 0.431946 0.768097 0.544911 0.784970 0.560672 0.751224 0.529149 0.784970 0.560672 0.723656 0.565505 0.718204 0.668945 0.751224 0.529149 0.684441 0.528369 0.688390 0.636345
7 0.775516 0.431862 0.767923 0.543503 0.784892 0.559307 0.750954 0.527699 0.784892 0.559307 0.723870 0.566251 0.717861 0.669146 0.750954 0.527699 0.684404 0.529006 0.688269 0.636660
8 0.774493 0.431324 0.767571 0.542839 0.784557 0.558125 0.750586 0.527552 0.784557 0.558125 0.723982 0.566904 0.717721 0.669513 0.750586 0.527552 0.684366 0.529478 0.688269 0.636894
9 0.773020 0.431154 0.767290 0.542558 0.784259 0.557323 0.750321 0.527793 0.784259 0.557323 0.723975 0.566886 0.717717 0.669505 0.750321 0.527793 0.684379 0.529722 0.688270 0.636799
10 0.772404 0.431004 0.767210 0.542576 0.784073 0.557327 0.750347 0.527825 0.784073 0.557327 0.723495 0.566888 0.717736 0.669482 0.750347 0.527825 0.684425 0.530068 0.688347 0.636671
11 0.771308 0.431031 0.766957 0.542462 0.783675 0.557340 0.750238 0.527584 0.783675 0.557340 0.722792 0.567439 0.717749 0.669497 0.750238 0.527584 0.684446 0.530118 0.688340 0.636624
12 0.770109 0.430997 0.766491 0.542354 0.782958 0.557321 0.750024 0.527386 0.782958 0.557321 0.721554 0.567211 0.717688 0.669538 0.750024 0.527386 0.684273 0.529988 0.688340 0.636364
13 0.769579 0.431243 0.766273 0.541917 0.782583 0.557210 0.749962 0.526623 0.782583 0.557210 0.721445 0.568489 0.717417 0.670186 0.749962 0.526623 0.684313 0.529874 0.688215 0.636078
14 0.769065 0.431391 0.765879 0.541639 0.782271 0.556871 0.749486 0.526407 0.782271 0.556871 0.721473 0.568445 0.717421 0.670233 0.749486 0.526407 0.684437 0.529793 0.688001 0.636054
15 0.768332 0.431352 0.765122 0.540616 0.781125 0.555487 0.749120 0.525744 0.781125 0.555487 0.721180 0.567199 0.717286 0.670253 0.749120 0.525744 0.684528 0.529522 0.687955 0.636035
16 0.767203 0.431274 0.764757 0.539008 0.780424 0.553828 0.749090 0.524188 0.780424 0.553828 0.720851 0.566675 0.717292 0.670197 0.749090 0.524188 0.684565 0.528204 0.687925 0.635747
17 0.766972 0.431443 0.764835 0.539005 0.780563 0.553958 0.749106 0.524052 0.780563 0.553958 0.720519 0.566673 0.717296 0.669964 0.749106 0.524052 0.684905 0.526320 0.687246 0.634985
18 0.767291 0.431191 0.765392 0.538789 0.780895 0.553949 0.749888 0.523628 0.780895 0.553949 0.720111 0.568709 0.717387 0.669926 0.749888 0.523628 0.685795 0.523119 0.686127 0.631627
19 0.767378 0.431076 0.767616 0.539381 0.782682 0.555004 0.752550 0.523758 0.782682 0.555004 0.720315 0.574753 0.717368 0.670395 0.752550 0.523758 0.687483 0.522008 0.685076 0.629357
20 0.766378 0.430570 0.768041 0.539390 0.783238 0.554911 0.752844 0.523869 0.783238 0.554911 0.720308 0.573359 0.717336 0.671652 0.752844 0.523869 0.689197 0.520901 0.683632 0.627727
21 0.764736 0.430155 0.768092 0.540076 0.783435 0.555188 0.752749 0.524963 0.783435 0.555188 0.719269 0.568547 0.717341 0.671600 0.752749 0.524963 0.690943 0.519473 0.682566 0.624952
22 0.763001 0.430060 0.768688 0.540418 0.784216 0.555429 0.753161 0.525407 0.784216 0.555429 0.719034 0.564249 0.717179 0.671561 0.753161 0.525407 0.691698 0.517550 0.681896 0.620672
23 0.760925 0.430485 0.768872 0.540378 0.784297 0.555226 0.753448 0.525531 0.784297 0.555226 0.719074 0.565132 0.716958 0.671531 0.753448 0.525531 0.692447 0.516823 0.682182 0.614392
24 0.756585 0.431719 0.768670 0.540208 0.784019 0.554808 0.753320 0.525607 0.784019 0.554808 0.718368 0.562984 0.716878 0.671483 0.753320 0.525607 0.692718 0.517367 0.682433 0.613548
25 0.752405 0.432509 0.768295 0.539498 0.783157 0.554386 0.753433 0.524609 0.783157 0.554386 0.718124 0.563212 0.716946 0.671488 0.753433 0.524609 0.693210 0.512347 0.679298 0.604172
26 0.747843 0.433899 0.766930 0.540227 0.780389 0.555703 0.753470 0.524750 0.780389 0.555703 0.717399 0.560760 0.717198 0.670033 0.753470 0.524750 0.693249 0.513341 0.676058 0.608612
27 0.743222 0.435601 0.766470 0.540343 0.779363 0.555910 0.753578 0.524776 0.779363 0.555910 0.716379 0.561250 0.716830 0.669634 0.753578 0.524776 0.691711 0.513436 0.672060 0.610102
28 0.738873 0.436142 0.765572 0.540889 0.777666 0.556224 0.753478 0.525555 0.777666 0.556224 0.713411 0.560414 0.716167 0.669641 0.753478 0.525555 0.688735 0.516195 0.670775 0.616862
29 0.734130 0.436834 0.764882 0.541626 0.776452 0.556239 0.753313 0.527012 0.776452 0.556239 0.710848 0.557432 0.716154 0.669607 0.753313 0.527012 0.685095 0.517032 0.672561 0.614595
30 0.728929 0.436945 0.763246 0.542515 0.774694 0.556235 0.751798 0.528795 0.774694 0.556235 0.706454 0.555365 0.716024 0.669892 0.751798 0.528795 0.679876 0.517887 0.672009 0.612983
31 0.722829 0.437354 0.761753 0.542389 0.773490 0.556012 0.750016 0.528766 0.773490 0.556012 0.703538 0.556185 0.716026 0.670517 0.750016 0.528766 0.679763 0.517576 0.672849 0.610925
32 0.717942 0.437018 0.760663 0.541607 0.772579 0.554867 0.748748 0.528348 0.772579 0.554867 0.699294 0.557152 0.715798 0.669862 0.748748 0.528348 0.677690 0.516736 0.674395 0.611782
33 0.712935 0.436490 0.759762 0.540708 0.771764 0.553376 0.747760 0.528041 0.771764 0.553376 0.696159 0.559586 0.715782 0.670514 0.747760 0.528041 0.672542 0.519977 0.681229 0.610844
34 0.708141 0.434819 0.758882 0.539717 0.770923 0.551467 0.746841 0.527968 0.770923 0.551467 0.694611 0.561798 0.715828 0.671523 0.746841 0.527968 0.669879 0.525983 0.685701 0.609246
35 0.705167 0.434585 0.757083 0.540452 0.769176 0.551545 0.744990 0.529359 0.769176 0.551545 0.690313 0.562530 0.715904 0.671123 0.744990 0.529359 0.665922 0.531752 0.684388 0.609486
36 0.701051 0.433952 0.755373 0.541160 0.767137 0.551691 0.743609 0.530628 0.767137 0.551691 0.687795 0.563389 0.715906 0.669126 0.743609 0.530628 0.665933 0.532673 0.684024 0.609911
37 0.695781 0.433101 0.753368 0.539519 0.765431 0.549020 0.741306 0.530017 0.765431 0.549020 0.685339 0.564226 0.715622 0.669053 0.741306 0.530017 0.662675 0.531084 0.679869 0.610336
38 0.693354 0.432994 0.753666 0.538670 0.765552 0.548442 0.741780 0.528898 0.765552 0.548442 0.682155 0.567848 0.715481 0.668848 0.741780 0.528898 0.663794 0.530695 0.681966 0.610504
39 -1 -1 -1 -1 -1 -1 -1 -1 -1 -1 -1 -1 -1 -1 -1 -1 -1 -1 -1 -1
40 -1 -1 -1 -1 -1 -1 -1 -1 -1 -1 -1 -1 -1 -1 -1 -1 -1 -1 -1 -1
41 -1 -1 -1 -1 -1 -1 -1 -1 -1 -1 -1 -1 -1 -1 -1 -1 -1 -1 -1 -1
42 -1 -1 -1 -1 -1 -1 -1 -1 -1 -1 -1 -1 -1 -1 -1 -1 -1 -1 -1 -1
43 -1 -1 -1 -1 -1 -1 -1 -1 -1 -1 -1 -1 -1 -1 -1 -1 -1 -1 -1 -1
44 -1 -1 -1 -1 -1 -1 -1 -1 -1 -1 -1 -1 -1 -1 -1 -1 -1 -1 -1 -1
45 -1 -1 -1 -1 -1 -1 -1 -1 -1 -1 -1 -1 -1 -1 -1 -1 -1 -1 -1 -1
46 -1 -1 -1 -1 -1 -1 -1 -1 -1 -1 -1 -1 -1 -1 -1 -1 -1 -1 -1 -1
47 -1 -1 -1 -1 -1 -1 -1 -1 -1 -1 -1 -1 -1 -1 -1 -1 -1 -1 -1 -1
48 -1 -1 -1 -1 -1 -1 -1 -1 -1 -1 -1 -1 -1 -1 -1 -1 -1 -1 -1 -1
49 -1 -1 -1 -1 -1 -1 -1 -1 -1 -1 -1 -1 -1 -1 -1 -1 -1 -1 -1 -1
50 -1 -1 -1 -1 -1 -1 -1 -1 -1 -1 -1 -1 -1 -1 -1 -1 -1 -1 -1 -1
51 -1 -1 -1 -1 -1 -1 -1 -1 -1 -1 -1 -1 -1 -1 -1 -1 -1 -1 -1 -1
52 -1 -1 -1 -1 -1 -1 -1 -1 -1 -1 -1 -1 -1 -1 -1 -1 -1 -1 -1 -1
53 -1 -1 -1 -1 -1 -1 -1 -1 -1 -1 -1 -1 -1 -1 -1 -1 -1 -1 -1 -1
54 -1 -1 -1 -1 -1 -1 -1 -1 -1 -1 -1 -1 -1 -1 -1 -1 -1 -1 -1 -1
55 -1 -1 -1 -1 -1 -1 -1 -1 -1 -1 -1 -1 -1 -1 -1 -1 -1 -1 -1 -1
56 -1 -1 -1 -1 -1 -1 -1 -1 -1 -1 -1 -1 -1 -1 -1 -1 -1 -1 -1 -1
57 -1 -1 -1 -1 -1 -1 -1 -1 -1 -1 -1 -1 -1 -1 -1 -1 -1 -1 -1 -1
58 -1 -1 -1 -1 -1 -1 -1 -1 -1 -1 -1 -1 -1 -1 -1 -1 -1 -1 -1 -1
59 -1 -1 -1 -1 -1 -1 -1 -1 -1 -1 -1 -1 -1 -1 -1 -1 -1 -1 -1 -1
60 -1 -1 -1 -1 -1 -1 -1 -1 -1 -1 -1 -1 -1 -1 -1 -1 -1 -1 -1 -1
61 -1 -1 -1 -1 -1 -1 -1 -1 -1 -1 -1 -1 -1 -1 -1 -1 -1 -1 -1 -1
62 -1 -1 -1 -1 -1 -1 -1 -1 -1 -1 -1 -1 -1 -1 -1 -1 -1 -1 -1 -1
63 -1 -1 -1 -1 -1 -1 -1 -1 -1 -1 -1 -1 -1 -1 -1 -1 -1 -1 -1 -1
64 -1 -1 -1 -1 -1 -1 -1 -1 -1 -1 -1 -1 -1 -1 -1 -1 -1 -1 -1 -1
65 -1 -1 -1 -1 -1 -1 -1 -1 -1 -1 -1 -1 -1 -1 -1 -1 -1 -1 -1 -1
66 -1 -1 -1 -1 -1 -1 -1 -1 -1 -1 -1 -1 -1 -1 -1 -1 -1 -1 -1 -1
67 -1 -1 -1 -1 -1 -1 -1 -1 -1 -1 -1 -1 -1 -1 -1 -1 -1 -1 -1 -1
68 -1 -1 -1 -1 -1 -1 -1 -1 -1 -1 -1 -1 -1 -1 -1 -1 -1 -1 -1 -1
69 -1 -1 -1 -1 -1 -1 -1 -1 -1 -1 -1 -1 -1 -1 -1 -1 -1 -1 -1 -1
70 -1 -1 -1 -1 -1 -1 -1 -1 -1 -1 -1 -1 -1 -1 -1 -1 -1 -1 -1 -1
71 -1 -1 -1 -1 -1 -1 -1 -1 -1 -1 -1 -1 -1 -1 -1 -1 -1 -1 -1 -1
72 -1 -1 -1 -1 -1 -1 -1 -1 -1 -1 -1 -1 -1 -1 -1 -1 -1 -1 -1 -1
73 -1 -1 -1 -1 -1 -1 -1 -1 -1 -1 -1 -1 -1 -1 -1 -1 -1 -1 -1 -1
74 -1 -1 -1 -1 -1 -1 -1 -1 -1 -1 -1 -1 -1 -1 -1 -1 -1 -1 -1 -1
75 -1 -1 -1 -1 -1 -1 -1 -1 -1 -1 -1 -1 -1 -1 -1 -1 -1 -1 -1 -1
76 -1 -1 -1 -1 -1 -1 -1 -1 -1 -1 -1 -1 -1 -1 -1 -1 -1 -1 -1 -1
77 -1 -1 -1 -1 -1 -1 -1 -1 -1 -1 -1 -1 -1 -1 -1 -1 -1 -1 -1 -1
78 -1 -1 -1 -1 -1 -1 -1 -1 -1 -1 -1 -1 -1 -1 -1 -1 -1 -1 -1 -1
79 -1 -1 -1 -1 -1 -1 -1 -1 -1 -1 -1 -1 -1 -1 -1 -1 -1 -1 -1 -1
80 -1 -1 -1 -1 -1 -1 -1 -1 -1 -1 -1 -1 -1 -1 -1 -1 -1 -1 -1 -1
81 -1 -1 -1 -1 -1 -1 -1 -1 -1 -1 -1 -1 -1 -1 -1 -1 -1 -1 -1 -1
82 -1 -1 -1 -1 -1 -1 -1 -1 -1 -1 -1 -1 -1 -1 -1 -1 -1 -1 -1 -1
83 -1 -1 -1 -1 -1 -1 -1 -1 -1 -1 -1 -1 -1 -1 -1 -1 -1 -1 -1 -1
84 -1 -1 -1 -1 -1 -1 -1 -1 -1 -1 -1 -1 -1 -1 -1 -1 -1 -1 -1 -1
85 -1 -1 -1 -1 -1 -1 -1 -1 -1 -1 -1 -1 -1 -1 -1 -1 -1 -1 -1 -1
86 -1 -1 -1 -1 -1 -1 -1 -1 -1 -1 -1 -1 -1 -1 -1 -1 -1 -1 -1 -1
87 -1 -1 -1 -1 -1 -1 -1 -1 -1 -1 -1 -1 -1 -1 -1 -1 -1 -1 -1 -1
88 -1 -1 -1 -1 -1 -1 -1 -1 -1 -1 -1 -1 -1 -1 -1 -1 -1 -1 -1 -1
89 -1 -1 -1 -1 -1 -1 -1 -1 -1 -1 -1 -1 -1 -1 -1 -1 -1 -1 -1 -1
90 -1 -1 -1 -1 -1 -1 -1 -1 -1 -1 -1 -1 -1 -1 -1 -1 -1 -1 -1 -1
91 -1 -1 -1 -1 -1 -1 -1 -1 -1 -1 -1 -1 -1 -1 -1 -1 -1 -1 -1 -1
92 -1 -1 -1 -1 -1 -1 -1 -1 -1 -1 -1 -1 -1 -1 -1 -1 -1 -1 -1 -1
93 -1 -1 -1 -1 -1 -1 -1 -1 -1 -1 -1 -1 -1 -1 -1 -1 -1 -1 -1 -1
94 -1 -1 -1 -1 -1 -1 -1 -1 -1 -1 -1 -1 -1 -1 -1 -1 -1 -1 -1 -1
95 -1 -1 -1 -1 -1 -1 -1 -1 -1 -1 -1 -1 -1 -1 -1 -1 -1 -1 -1 -1
96 -1 -1 -1 -1 -1 -1 -1 -1 -1 -1 -1 -1 -1 -1 -1 -1 -1 -1 -1 -1
97 -1 -1 -1 -1 -1 -1 -1 -1 -1 -1 -1 -1 -1 -1 -1 -1 -1 -1 -1 -1
98 -1 -1 -1 -1 -1 -1 -1 -1 -1 -1 -1 -1 -1 -1 -1 -1 -1 -1 -1 -1
99 -1 -1 -1 -1 -1 -1 -1 -1 -1 -1 -1 -1 -1 -1 -1 -1 -1 -1 -1 -1
100 -1 -1 -1 -1 -1 -1 -1 -1 -1 -1 -1 -1 -1 -1 -1 -1 -1 -1 -1 -1
101 -1 -1 -1 -1 -1 -1 -1 -1 -1 -1 -1 -1 -1 -1 -1 -1 -1 -1 -1 -1
102 -1 -1 -1 -1 -1 -1 -1 -1 -1 -1 -1 -1 -1 -1 -1 -1 -1 -1 -1 -1
103 -1 -1 -1 -1 -1 -1 -1 -1 -1 -1 -1 -1 -1 -1 -1 -1 -1 -1 -1 -1
104 -1 -1 -1 -1 -1 -1 -1 -1 -1 -1 -1 -1 -1 -1 -1 -1 -1 -1 -1 -1
105 -1 -1 -1 -1 -1 -1 -1 -1 -1 -1 -1 -1 -1 -1 -1 -1 -1 -1 -1 -1
106 -1 -1 -1 -1 -1 -1 -1 -1 -1 -1 -1 -1 -1 -1 -1 -1 -1 -1 -1 -1
107 -1 -1 -1 -1 -1 -1 -1 -1 -1 -1 -1 -1 -1 -1 -1 -1 -1 -1 -1 -1
108 -1 -1 -1 -1 -1 -1 -1 -1 -1 -1 -1 -1 -1 -1 -1 -1 -1 -1 -1 -1
109 -1 -1 -1 -1 -1 -1 -1 -1 -1 -1 -1 -1 -1 -1 -1 -1 -1 -1 -1 -1
110 -1 -1 -1 -1 -1 -1 -1 -1 -1 -1 -1 -1 -1 -1 -1 -1 -1 -1 -1 -1
111 -1 -1 -1 -1 -1 -1 -1 -1 -1 -1 -1 -1 -1 -1 -1 -1 -1 -1 -1 -1
112 -1 -1 -1 -1 -1 -1 -1 -1 -1 -1 -1 -1 -1 -1 -1 -1 -1 -1 -1 -1
113 -1 -1 -1 -1 -1 -1 -1 -1 -1 -1 -1 -1 -1 -1 -1 -1 -1 -1 -1 -1
114 -1 -1 -1 -1 -1 -1 -1 -1 -1 -1 -1 -1 -1 -1 -1 -1 -1 -1 -1 -1
115 -1 -1 -1 -1 -1 -1 -1 -1 -1 -1 -1 -1 -1 -1 -1 -1 -1 -1 -1 -1
116 -1 -1 -1 -1 -1 -1 -1 -1 -1 -1 -1 -1 -1 -1 -1 -1 -1 -1 -1 -1
117 -1 -1 -1 -1 -1 -1 -1 -1 -1 -1 -1 -1 -1 -1 -1 -1 -1 -1 -1 -1
118 -1 -1 -1 -1 -1 -1 -1 -1 -1 -1 -1 -1 -1 -1 -1 -1 -1 -1 -1 -1
119 -1 -1 -1 -1 -1 -1 -1 -1 -1 -1 -1 -1 -1 -1 -1 -1 -1 -1 -1 -1
120 -1 -1 -1 -1 -1 -1 -1 -1 -1 -1 -1 -1 -1 -1 -1 -1 -1 -1 -1 -1
121 -1 -1 -1 -1 -1 -1 -1 -1 -1 -1 -1 -1 -1 -1 -1 -1 -1 -1 -1 -1
122 -1 -1 -1 -1 -1 -1 -1 -1 -1 -1 -1 -1 -1 -1 -1 -1 -1 -1 -1 -1
123 -1 -1 -1 -1 -1 -1 -1 -1 -1 -1 -1 -1 -1 -1 -1 -1 -1 -1 -1 -1
124 -1 -1 -1 -1 -1 -1 -1 -1 -1 -1 -1 -1 -1 -1 -1 -1 -1 -1 -1 -1
125 -1 -1 -1 -1 -1 -1 -1 -1 -1 -1 -1 -1 -1 -1 -1 -1 -1 -1 -1 -1
126 -1 -1 -1 -1 -1 -1 -1 -1 -1 -1 -1 -1 -1 -1 -1 -1 -1 -1 -1 -1
127 -1 -1 -1 -1 -1 -1 -1 -1 -1 -1 -1 -1 -1 -1 -1 -1 -1 -1 -1 -1
128 -1 -1 -1 -1 -1 -1 -1 -1 -1 -1 -1 -1 -1 -1 -1 -1 -1 -1 -1 -1
129 -1 -1 -1 -1 -1 -1 -1 -1 -1 -1 -1 -1 -1 -1 -1 -1 -1 -1 -1 -1
130 -1 -1 -1 -1 -1 -1 -1 -1 -1 -1 -1 -1 -1 -1 -1 -1 -1 -1 -1 -1
131 -1 -1 -1 -1 -1 -1 -1 -1 -1 -1 -1 -1 -1 -1 -1 -1 -1 -1 -1 -1
132 -1 -1 -1 -1 -1 -1 -1 -1 -1 -1 -1 -1 -1 -1 -1 -1 -1 -1 -1 -1
133 -1 -1 -1 -1 -1 -1 -1 -1 -1 -1 -1 -1 -1 -1 -1 -1 -1 -1 -1 -1
134 -1 -1 -1 -1 -1 -1 -1 -1 -1 -1 -1 -1 -1 -1 -1 -1 -1 -1 -1 -1
135 -1 -1 -1 -1 -1 -1 -1 -1 -1 -1 -1 -1 -1 -1 -1 -1 -1 -1 -1 -1
136 -1 -1 -1 -1 -1 -1 -1 -1 -1 -1 -1 -1 -1 -1 -1 -1 -1 -1 -1 -1
137 -1 -1 -1 -1 -1 -1 -1 -1 -1 -1 -1 -1 -1 -1 -1 -1 -1 -1 -1 -1
138 -1 -1 -1 -1 -1 -1 -1 -1 -1 -1 -1 -1 -1 -1 -1 -1 -1 -1 -1 -1
139 -1 -1 -1 -1 -1 -1 -1 -1 -1 -1 -1 -1 -1 -1 -1 -1 -1 -1 -1 -1
140 -1 -1 -1 -1 -1 -1 -1 -1 -1 -1 -1 -1 -1 -1 -1 -1 -1 -1 -1 -1
141 -1 -1 -1 -1 -1 -1 -1 -1 -1 -1 -1 -1 -1 -1 -1 -1 -1 -1 -1 -1
142 -1 -1 -1 -1 -1 -1 -1 -1 -1 -1 -1 -1 -1 -1 -1 -1 -1 -1 -1 -1
143 -1 -1 -1 -1 -1 -1 -1 -1 -1 -1 -1 -1 -1 -1 -1 -1 -1 -1 -1 -1
144 -1 -1 -1 -1 -1 -1 -1 -1 -1 -1 -1 -1 -1 -1 -1 -1 -1 -1 -1 -1
145 -1 -1 -1 -1 -1 -1 -1 -1 -1 -1 -1 -1 -1 -1 -1 -1 -1 -1 -1 -1
146 -1 -1 -1 -1 -1 -1 -1 -1 -1 -1 -1 -1 -1 -1 -1 -1 -1 -1 -1 -1
147 -1 -1 -1 -1 -1 -1 -1 -1 -1 -1 -1 -1 -1 -1 -1 -1 -1 -1 -1 -1
148 -1 -1 -1 -1 -1 -1 -1 -1 -1 -1 -1 -1 -1 -1 -1 -1 -1 -1 -1 -1
149 -1 -1 -1 -1 -1 -1 -1 -1 -1 -1 -1 -1 -1 -1 -1 -1 -1 -1 -1 -1
150 -1 -1 -1 -1 -1 -1 -1 -1 -1 -1 -1 -1 -1 -1 -1 -1 -1 -1 -1 -1
151 -1 -1 -1 -1 -1 -1 -1 -1 -1 -1 -1 -1 -1 -1 -1 -1 -1 -1 -1 -1
152 -1 -1 -1 -1 -1 -1 -1 -1 -1 -1 -1 -1 -1 -1 -1 -1 -1 -1 -1 -1
153 -1 -1 -1 -1 -1 -1 -1 -1 -1 -1 -1 -1 -1 -1 -1 -1 -1 -1 -1 -1
154 -1 -1 -1 -1 -1 -1 -1 -1 -1 -1 -1 -1 -1 -1 -1 -1 -1 -1 -1 -1
155 -1 -1 -1 -1 -1 -1 -1 -1 -1 -1 -1 -1 -1 -1 -1 -1 -1 -1 -1 -1
156 0.733429 0.424605 0.759031 0.530447 0.773656 0.540914 0.744405 0.519981 0.773656 0.540914 0.709090 0.558788 0.711249 0.669032 0.744405 0.519981 0.674946 0.522946 0.671381 0.614492
157 0.738641 0.424405 0.759739 0.531015 0.774743 0.541573 0.744736 0.520458 0.774743 0.541573 0.712917 0.562025 0.711123 0.669530 0.744736 0.520458 0.675583 0.518850 0.672307 0.613304
158 0.744003 0.424166 0.759714 0.531608 0.774836 0.542673 0.744592 0.520543 0.774836 0.542673 0.713856 0.565668 0.710715 0.670619 0.744592 0.520543 0.676065 0.517783 0.670564 0.613688
159 0.748380 0.424050 0.759073 0.533161 0.774116 0.544497 0.744029 0.521824 0.774116 0.544497 0.713907 0.567102 0.710734 0.670644 0.744029 0.521824 0.675514 0.518622 0.671072 0.613833
160 0.752856 0.424619 0.758460 0.535599 0.773783 0.546776 0.743136 0.524422 0.773783 0.546776 0.713783 0.567396 0.710749 0.671425 0.743136 0.524422 0.675465 0.519357 0.671751 0.614056
161 0.756272 0.424416 0.757859 0.536220 0.773734 0.547904 0.741983 0.524536 0.773734 0.547904 0.713210 0.568424 0.710758 0.671990 0.741983 0.524536 0.675609 0.519587 0.671778 0.615943
162 0.760329 0.425217 0.757519 0.536813 0.773601 0.549124 0.741438 0.524502 0.773601 0.549124 0.712244 0.568644 0.710639 0.672154 0.741438 0.524502 0.674644 0.519366 0.671346 0.617083
163 0.763414 0.424889 0.757373 0.537461 0.773386 0.550449 0.741360 0.524473 0.773386 0.550449 0.711787 0.570141 0.710629 0.672947 0.741360 0.524473 0.674622 0.518760 0.672077 0.618277
164 0.766032 0.424386 0.757299 0.538767 0.773312 0.552205 0.741287 0.525328 0.773312 0.552205 0.711475 0.571768 0.710653 0.672852 0.741287 0.525328 0.674600 0.518460 0.672276 0.621917
165 0.768315 0.424392 0.757189 0.540841 0.773088 0.554168 0.741289 0.527513 0.773088 0.554168 0.711313 0.571410 0.710896 0.671858 0.741289 0.527513 0.674582 0.518652 0.672397 0.624496
166 0.769403 0.423905 0.757233 0.541828 0.773048 0.555496 0.741419 0.528161 0.773048 0.555496 0.711204 0.571094 0.711049 0.669569 0.741419 0.528161 0.674149 0.517462 0.671873 0.623875
167 0.770531 0.423671 0.757671 0.542633 0.772899 0.556357 0.742442 0.528908 0.772899 0.556357 0.711078 0.571377 0.711773 0.668740 0.742442 0.528908 0.674140 0.517653 0.671492 0.623646
168 0.771731 0.423024 0.758131 0.543458 0.772793 0.557274 0.743468 0.529641 0.772793 0.557274 0.710693 0.571257 0.712453 0.667080 0.743468 0.529641 0.673913 0.517787 0.671483 0.623506
169 0.772917 0.422519 0.758571 0.543717 0.772901 0.557557 0.744241 0.529878 0.772901 0.557557 0.710605 0.571405 0.712987 0.667047 0.744241 0.529878 0.673693 0.517963 0.671429 0.623707
170 0.773536 0.422606 0.758703 0.544460 0.772844 0.558116 0.744561 0.530804 0.772844 0.558116 0.710524 0.571326 0.712977 0.667002 0.744561 0.530804 0.673650 0.518087 0.671372 0.623861
171 0.774181 0.422530 0.758762 0.544822 0.772819 0.558369 0.744704 0.531275 0.772819 0.558369 0.710463 0.571306 0.712960 0.667094 0.744704 0.531275 0.673573 0.518185 0.671403 0.624186
172 0.774803 0.422631 0.758897 0.544941 0.772834 0.558362 0.744961 0.531521 0.772834 0.558362 0.710451 0.571271 0.712943 0.667165 0.744961 0.531521 0.673540 0.518261 0.671301 0.624874
173 0.775120 0.422691 0.758942 0.544923 0.772844 0.558273 0.745040 0.531572 0.772844 0.558273 0.710419 0.571235 0.712934 0.667215 0.745040 0.531572 0.673444 0.518319 0.670732 0.624911
174 0.775754 0.422700 0.759050 0.545032 0.772860 0.558284 0.745240 0.531780 0.772860 0.558284 0.710455 0.571218 0.712936 0.667252 0.745240 0.531780 0.673436 0.518366 0.670673 0.624901
175 0.776082 0.422785 0.759190 0.545044 0.772927 0.558389 0.745454 0.531699 0.772927 0.558389 0.710582 0.571585 0.712959 0.667489 0.745454 0.531699 0.673455 0.517891 0.670601 0.624868
176 0.776491 0.422799 0.759292 0.545294 0.772986 0.558832 0.745598 0.531757 0.772986 0.558832 0.710625 0.571722 0.712955 0.667740 0.745598 0.531757 0.673448 0.517502 0.670425 0.624625
177 0.776503 0.422980 0.759319 0.545503 0.773002 0.559098 0.745635 0.531908 0.773002 0.559098 0.710619 0.571911 0.712951 0.668183 0.745635 0.531908 0.673396 0.517500 0.669844 0.624579
178 0.776187 0.423406 0.759338 0.545705 0.773008 0.559363 0.745668 0.532047 0.773008 0.559363 0.710620 0.571972 0.712956 0.668348 0.745668 0.532047 0.673376 0.517410 0.669231 0.624559
179 0.776059 0.424035 0.759322 0.546278 0.772971 0.560057 0.745673 0.532499 0.772971 0.560057 0.710506 0.571960 0.712949 0.668483 0.745673 0.532499 0.673310 0.517309 0.668857 0.624515
180 0.775573 0.424334 0.759275 0.546643 0.772887 0.560616 0.745663 0.532670 0.772887 0.560616 0.710500 0.571750 0.712951 0.668536 0.745663 0.532670 0.673036 0.517199 0.668375 0.624345
181 0.774684 0.424316 0.759218 0.546627 0.772802 0.560575 0.745633 0.532680 0.772802 0.560575 0.710447 0.571801 0.712861 0.668653 0.745633 0.532680 0.672705 0.517211 0.667947 0.624315
182 0.773534 0.424239 0.758982 0.546515 0.772586 0.560555 0.745378 0.532475 0.772586 0.560555 0.710419 0.570824 0.712859 0.668616 0.745378 0.532475 0.672612 0.517501 0.667892 0.624287
183 0.772073 0.424040 0.758781 0.546198 0.772426 0.560259 0.745135 0.532138 0.772426 0.560259 0.709850 0.570292 0.712723 0.668494 0.745135 0.532138 0.672549 0.517640 0.667867 0.624605
184 0.770871 0.424248 0.758646 0.546000 0.772290 0.560187 0.745002 0.531814 0.772290 0.560187 0.709688 0.570218 0.712495 0.668534 0.745002 0.531814 0.672549 0.517721 0.667766 0.625566
185 0.769242 0.424729 0.758606 0.545903 0.772239 0.560155 0.744974 0.531651 0.772239 0.560155 0.709634 0.570435 0.712454 0.668773 0.744974 0.531651 0.672878 0.518052 0.667797 0.626227
186 0.767612 0.425260 0.758252 0.545589 0.772131 0.560041 0.744374 0.531136 0.772131 0.560041 0.709422 0.570536 0.712325 0.668815 0.744374 0.531136 0.672877 0.518778 0.667810 0.627035
187 0.765449 0.426465 0.757877 0.544242 0.772088 0.558912 0.743666 0.529571 0.772088 0.558912 0.709432 0.570537 0.712141 0.668929 0.743666 0.529571 0.672867 0.518984 0.667341 0.626989
188 0.763181 0.427006 0.757262 0.541702 0.771891 0.556697 0.742634 0.526708 0.771891 0.556697 0.709363 0.570475 0.711920 0.669601 0.742634 0.526708 0.672839 0.519323 0.667130 0.626846
189 0.760542 0.426745 0.756250 0.540373 0.770731 0.555559 0.741768 0.525187 0.770731 0.555559 0.709355 0.570501 0.711506 0.670010 0.741768 0.525187 0.672849 0.519324 0.667154 0.626395
190 0.758646 0.426998 0.755715 0.540213 0.769709 0.555355 0.741720 0.525072 0.769709 0.555355 0.709353 0.571191 0.711305 0.670657 0.741720 0.525072 0.672902 0.519328 0.667173 0.625116
191 0.756001 0.427058 0.755431 0.540015 0.769098 0.554975 0.741764 0.525056 0.769098 0.554975 0.709251 0.571958 0.711004 0.672250 0.741764 0.525056 0.673022 0.519664 0.667184 0.624953
192 0.753652 0.427107 0.755360 0.539845 0.768907 0.554530 0.741814 0.525160 0.768907 0.554530 0.709086 0.572319 0.710686 0.673222 0.741814 0.525160 0.673898 0.519979 0.667127 0.624623
193 0.751618 0.427937 0.755341 0.539945 0.768740 0.554619 0.741942 0.525271 0.768740 0.554619 0.708622 0.571586 0.710651 0.673473 0.741942 0.525271 0.675079 0.520011 0.667087 0.622511
194 0.748616 0.429016 0.754230 0.540024 0.767043 0.554668 0.741418 0.525380 0.767043 0.554668 0.708534 0.571539 0.710302 0.674147 0.741418 0.525380 0.675062 0.520174 0.667094 0.619763
195 0.745473 0.429466 0.753909 0.540081 0.766623 0.554677 0.741194 0.525485 0.766623 0.554677 0.708037 0.570798 0.710193 0.674572 0.741194 0.525485 0.675141 0.520163 0.666882 0.618815
196 0.742842 0.430226 0.753204 0.540339 0.765843 0.554722 0.740566 0.525956 0.765843 0.554722 0.707281 0.569715 0.710236 0.674191 0.740566 0.525956 0.674999 0.519954 0.665757 0.617211
197 0.740948 0.431144 0.753315 0.540677 0.766058 0.554734 0.740573 0.526620 0.766058 0.554734 0.706715 0.569733 0.710447 0.674170 0.740573 0.526620 0.675126 0.519313 0.665807 0.616266
198 0.738270 0.431286 0.753222 0.541311 0.765913 0.555063 0.740532 0.527558 0.765913 0.555063 0.706266 0.569694 0.710449 0.674112 0.740532 0.527558 0.675104 0.519315 0.665580 0.616756
199 0.735582 0.432201 0.752938 0.542154 0.765808 0.555292 0.740067 0.529017 0.765808 0.555292 0.706135 0.569599 0.710452 0.674061 0.740067 0.529017 0.675056 0.519323 0.665624 0.616850
200 0.733133 0.432384 0.752611 0.542082 0.765807 0.555176 0.739414 0.528987 0.765807 0.555176 0.705511 0.568156 0.710381 0.672975 0.739414 0.528987 0.674858 0.519600 0.667452 0.616940
201 0.730912 0.432780 0.752662 0.542200 0.765850 0.555436 0.739474 0.528963 0.765850 0.555436 0.704366 0.567598 0.710324 0.672276 0.739474 0.528963 0.674708 0.519608 0.666158 0.618051
202 0.727908 0.433670 0.752627 0.542363 0.765895 0.555593 0.739359 0.529132 0.765895 0.555593 0.703956 0.566323 0.710325 0.670067 0.739359 0.529132 0.675104 0.519533 0.665765 0.620066
203 0.725978 0.434246 0.752664 0.542415 0.765931 0.555581 0.739397 0.529249 0.765931 0.555581 0.702679 0.565146 0.710178 0.669173 0.739397 0.529249 0.675196 0.519804 0.665750 0.620892
204 0.724484 0.434570 0.752657 0.542482 0.765959 0.555577 0.739354 0.529387 0.765959 0.555577 0.701188 0.564603 0.709715 0.669271 0.739354 0.529387 0.674237 0.521298 0.665758 0.622824
205 0.723267 0.435103 0.752670 0.542604 0.765976 0.555592 0.739364 0.529616 0.765976 0.555592 0.700906 0.563839 0.709566 0.669366 0.739364 0.529616 0.673759 0.523656 0.665745 0.624397
206 0.721940 0.435176 0.752691 0.542675 0.765952 0.555596 0.739430 0.529753 0.765952 0.555596 0.700379 0.562828 0.709335 0.669427 0.739430 0.529753 0.673747 0.525616 0.668064 0.625110
207 0.721393 0.435272 0.752937 0.542648 0.765963 0.555549 0.739911 0.529747 0.765963 0.555549 0.700158 0.562750 0.709341 0.669491 0.739911 0.529747 0.673657 0.526189 0.670246 0.625129
208 0.721041 0.435664 0.753015 0.542564 0.766071 0.555461 0.739959 0.529668 0.766071 0.555461 0.699870 0.561526 0.709342 0.669450 0.739959 0.529668 0.673395 0.526681 0.673766 0.624853
209 0.720221 0.435516 0.753073 0.542231 0.766163 0.555045 0.739983 0.529417 0.766163 0.555045 0.699410 0.561258 0.709308 0.669448 0.739983 0.529417 0.672549 0.526679 0.672837 0.624617
210 0.719589 0.435630 0.753114 0.541874 0.766242 0.554631 0.739987 0.529116 0.766242 0.554631 0.699232 0.560757 0.709206 0.669177 0.739987 0.529116 0.671987 0.526573 0.672293 0.624355
211 0.719317 0.435727 0.753174 0.541638 0.766334 0.554377 0.740015 0.528899 0.766334 0.554377 0.699056 0.560558 0.709202 0.669193 0.740015 0.528899 0.671279 0.526574 0.671965 0.623776
212 0.719103 0.435668 0.753181 0.541495 0.766352 0.554195 0.740010 0.528796 0.766352 0.554195 0.699153 0.560388 0.709201 0.669209 0.740010 0.528796 0.670775 0.526532 0.671829 0.623652
213 0.719189 0.435650 0.753252 0.541053 0.766493 0.553923 0.740011 0.528183 0.766493 0.553923 0.699236 0.560450 0.709177 0.669222 0.740011 0.528183 0.670535 0.526678 0.671593 0.623599
214 0.719020 0.435685 0.753273 0.540969 0.766531 0.553779 0.740014 0.528159 0.766531 0.553779 0.699294 0.560529 0.709180 0.669239 0.740014 0.528159 0.670381 0.526677 0.671489 0.623570
215 0.719023 0.435574 0.753391 0.540899 0.766715 0.553656 0.740068 0.528141 0.766715 0.553656 0.699327 0.560655 0.709223 0.669336 0.740068 0.528141 0.670231 0.526661 0.671343 0.623541
216 0.718692 0.435561 0.753403 0.540897 0.766736 0.553618 0.740070 0.528175 0.766736 0.553618 0.699207 0.560711 0.709225 0.669349 0.740070 0.528175 0.669976 0.526725 0.671238 0.623554
217 0.718448 0.435455 0.753420 0.540895 0.766753 0.553609 0.740087 0.528181 0.766753 0.553609 0.699181 0.560750 0.709243 0.669513 0.740087 0.528181 0.669937 0.526729 0.671159 0.623512
218 0.718135 0.435353 0.753284 0.540817 0.766744 0.553593 0.739825 0.528041 0.766744 0.553593 0.699053 0.560787 0.709230 0.669432 0.739825 0.528041 0.669841 0.526682 0.676291 0.617893
219 0.717983 0.435344 0.753233 0.540687 0.766747 0.553522 0.739720 0.527852 0.766747 0.553522 0.698956 0.560810 0.709232 0.669243 0.739720 0.527852 0.669737 0.526641 0.675077 0.618191
220 0.718028 0.435294 0.753226 0.540684 0.766732 0.553470 0.739720 0.527897 0.766732 0.553470 0.698710 0.560831 0.709221 0.669309 0.739720 0.527897 0.669751 0.526558 0.678115 0.615593
221 0.718064 0.435231 0.753230 0.540563 0.766738 0.553364 0.739721 0.527761 0.766738 0.553364 0.698681 0.560983 0.709207 0.669369 0.739721 0.527761 0.669761 0.526390 0.675973 0.617033
222 0.718084 0.435157 0.753242 0.540555 0.766741 0.553339 0.739744 0.527772 0.766741 0.553339 0.698558 0.560994 0.709177 0.669448 0.739744 0.527772 0.669773 0.526331 0.674469 0.617915
223 0.718123 0.435177 0.753250 0.540619 0.766742 0.553340 0.739758 0.527897 0.766742 0.553340 0.698404 0.560999 0.709133 0.669442 0.739758 0.527897 0.669794 0.526233 0.679298 0.615900
224 0.718141 0.435157 0.753267 0.540626 0.766762 0.553318 0.739771 0.527934 0.766762 0.553318 0.698410 0.561011 0.709128 0.669446 0.739771 0.527934 0.669852 0.526126 0.675372 0.617772
225 0.718362 0.435146 0.753307 0.540624 0.766815 0.553306 0.739800 0.527943 0.766815 0.553306 0.698429 0.561046 0.709120 0.669449 0.739800 0.527943 0.669859 0.526053 0.673270 0.619114
226 0.718834 0.435053 0.753384 0.540640 0.766881 0.553303 0.739887 0.527978 0.766881 0.553303 0.698476 0.561076 0.709130 0.669391 0.739887 0.527978 0.669866 0.526045 0.672330 0.619975
227 0.719966 0.435070 0.753488 0.540579 0.767052 0.553269 0.739924 0.527888 0.767052 0.553269 0.699044 0.561081 0.709131 0.669372 0.739924 0.527888 0.669869 0.526037 0.671769 0.620577
228 0.720857 0.435023 0.753553 0.540498 0.767112 0.553223 0.739995 0.527773 0.767112 0.553223 0.699567 0.561118 0.709131 0.669349 0.739995 0.527773 0.669875 0.526028 0.671230 0.620856
229 0.721888 0.434918 0.753863 0.540495 0.767288 0.553225 0.740439 0.527766 0.767288 0.553225 0.700032 0.561258 0.709134 0.669431 0.740439 0.527766 0.670112 0.526087 0.670895 0.621630
230 0.723132 0.434339 0.754290 0.540224 0.767772 0.553216 0.740807 0.527233 0.767772 0.553216 0.700451 0.561113 0.709166 0.669597 0.740807 0.527233 0.670586 0.525431 0.668629 0.621638
231 0.725974 0.433335 0.755184 0.539609 0.768467 0.552963 0.741901 0.526255 0.768467 0.552963 0.700961 0.561096 0.709150 0.669731 0.741901 0.526255 0.670894 0.524278 0.667731 0.621393
232 0.728924 0.432814 0.755608 0.539412 0.769252 0.552779 0.741964 0.526046 0.769252 0.552779 0.702010 0.561427 0.709180 0.669702 0.741964 0.526046 0.671263 0.523599 0.667846 0.621637
233 0.732758 0.432484 0.756292 0.539379 0.770487 0.552691 0.742097 0.526066 0.770487 0.552691 0.703315 0.561537 0.709204 0.669709 0.742097 0.526066 0.671649 0.523498 0.667806 0.621619
234 0.736570 0.432419 0.757046 0.539484 0.771185 0.552754 0.742907 0.526215 0.771185 0.552754 0.704366 0.561834 0.709207 0.669711 0.742907 0.526215 0.671747 0.523298 0.667579 0.622350
235 0.738867 0.432329 0.757147 0.540179 0.771232 0.553522 0.743063 0.526836 0.771232 0.553522 0.704625 0.561866 0.708928 0.669659 0.743063 0.526836 0.671419 0.520622 0.666332 0.622309
236 0.741740 0.431643 0.757128 0.540107 0.771168 0.553564 0.743088 0.526650 0.771168 0.553564 0.705404 0.562325 0.708611 0.669202 0.743088 0.526650 0.670835 0.514333 0.664550 0.622659
237 0.743948 0.430898 0.757397 0.540345 0.771174 0.553996 0.743619 0.526694 0.771174 0.553996 0.705426 0.563396 0.708339 0.669091 0.743619 0.526694 0.670804 0.513372 0.662756 0.622979
238 0.746500 0.429693 0.757438 0.540574 0.771193 0.554451 0.743683 0.526697 0.771193 0.554451 0.705423 0.563383 0.708445 0.669093 0.743683 0.526697 0.670544 0.513874 0.661210 0.623527
239 0.748949 0.428759 0.757408 0.540636 0.771163 0.554711 0.743652 0.526561 0.771163 0.554711 0.706173 0.564257 0.708857 0.669092 0.743652 0.526561 0.670513 0.515246 0.661931 0.623769
240 0.749826 0.428159 0.757383 0.540758 0.771137 0.554954 0.743630 0.526563 0.771137 0.554954 0.706733 0.566041 0.709725 0.669545 0.743630 0.526563 0.671594 0.517161 0.662373 0.623640
241 0.750474 0.427153 0.756938 0.540479 0.770597 0.554955 0.743278 0.526002 0.770597 0.554955 0.706703 0.567368 0.710733 0.670147 0.743278 0.526002 0.672258 0.518752 0.662516 0.623627
242 0.750317 0.426778 0.756383 0.539286 0.770098 0.553523 0.742669 0.525049 0.770098 0.553523 0.706792 0.569237 0.710899 0.670233 0.742669 0.525049 0.673885 0.520348 0.664279 0.623427
243 0.750257 0.427196 0.756027 0.538301 0.769854 0.552714 0.742201 0.523889 0.769854 0.552714 0.706834 0.570480 0.711193 0.670096 0.742201 0.523889 0.675341 0.521781 0.675238 0.623819
244 0.749908 0.428829 0.755645 0.538160 0.769656 0.552693 0.741634 0.523627 0.769656 0.552693 0.706707 0.570170 0.711271 0.669365 0.741634 0.523627 0.675538 0.523833 0.679437 0.624573
245 0.748950 0.429539 0.754784 0.538188 0.768872 0.552714 0.740696 0.523662 0.768872 0.552714 0.706382 0.569882 0.711263 0.668399 0.740696 0.523662 0.675887 0.524786 0.680757 0.624950
246 0.747481 0.431674 0.754207 0.538435 0.768443 0.552725 0.739971 0.524146 0.768443 0.552725 0.705938 0.569681 0.711252 0.667473 0.739971 0.524146 0.675682 0.526305 0.681834 0.626288
247 0.744051 0.433777 0.753334 0.538909 0.767949 0.552725 0.738718 0.525094 0.767949 0.552725 0.705926 0.569706 0.711405 0.667137 0.738718 0.525094 0.675624 0.527498 0.682184 0.627016
248 0.739134 0.436656 0.751550 0.539634 0.766562 0.552815 0.736539 0.526453 0.766562 0.552815 0.705347 0.569850 0.711712 0.666567 0.736539 0.526453 0.674777 0.529006 0.683075 0.627355
249 0.734536 0.438949 0.750275 0.540776 0.765759 0.552789 0.734791 0.528763 0.765759 0.552789 0.705204 0.569899 0.711701 0.665950 0.734791 0.528763 0.674810 0.529173 0.683402 0.627524
250 0.729480 0.441735 0.749058 0.541098 0.764480 0.552945 0.733637 0.529252 0.764480 0.552945 0.704951 0.571809 0.711697 0.665100 0.733637 0.529252 0.674257 0.529334 0.682212 0.625405
251 0.724594 0.444233 0.747617 0.541311 0.763126 0.553276 0.732107 0.529346 0.763126 0.553276 0.703117 0.572673 0.711693 0.662882 0.732107 0.529346 0.673781 0.529262 0.681555 0.622363
252 0.719377 0.447272 0.745993 0.541591 0.761300 0.553318 0.730686 0.529863 0.761300 0.553318 0.700587 0.572607 0.711679 0.662710 0.730686 0.529863 0.672249 0.529131 0.681167 0.622175
253 0.717169 0.447582 0.745534 0.541634 0.760675 0.553404 0.730394 0.529864 0.760675 0.553404 0.700644 0.572290 0.711672 0.662784 0.730394 0.529864 0.670189 0.529013 0.680881 0.622069
254 0.712185 0.449055 0.744956 0.541607 0.760435 0.553279 0.729476 0.529935 0.760435 0.553279 0.700666 0.570989 0.711631 0.663077 0.729476 0.529935 0.668207 0.529777 0.681481 0.622270
255 0.710234 0.446951 0.744981 0.540822 0.760394 0.552065 0.729568 0.529580 0.760394 0.552065 0.698444 0.567527 0.711378 0.663228 0.729568 0.529580 0.668454 0.530857 0.681303 0.622240
256 0.707863 0.446819 0.744577 0.540002 0.760459 0.551168 0.728694 0.528835 0.760459 0.551168 0.696520 0.566335 0.711039 0.663314 0.728694 0.528835 0.668827 0.530759 0.681082 0.622035
257 0.704888 0.445678 0.744727 0.538666 0.760481 0.549562 0.728973 0.527771 0.760481 0.549562 0.695624 0.563721 0.710796 0.663347 0.728973 0.527771 0.667476 0.530671 0.680960 0.622102
258 0.703349 0.442268 0.744795 0.537537 0.760631 0.547833 0.728959 0.527241 0.760631 0.547833 0.694725 0.563663 0.710628 0.663386 0.728959 0.527241 0.664227 0.529895 0.681292 0.623550
259 0.700966 0.439820 0.743864 0.532762 0.760305 0.542508 0.727423 0.523016 0.760305 0.542508 0.693452 0.563894 0.710379 0.665236 0.727423 0.523016 0.661977 0.529869 0.681915 0.625674
260 0.698436 0.433131 0.742469 0.523885 0.759401 0.533237 0.725538 0.514533 0.759401 0.533237 0.692209 0.563627 0.710039 0.665750 0.725538 0.514533 0.662078 0.530757 0.683213 0.626810
261 0.696836 0.425116 0.741236 0.509882 0.758596 0.516991 0.723877 0.502773 0.758596 0.516991 0.690907 0.560560 0.709554 0.665755 0.723877 0.502773 0.662443 0.530768 0.683093 0.627831
262 0.696165 0.420714 0.741163 0.501214 0.758653 0.508243 0.723673 0.494185 0.758653 0.508243 0.693574 0.560999 0.710076 0.664319 0.723673 0.494185 0.662920 0.531773 0.683005 0.627913
263 0.695356 0.413011 0.741430 0.493828 0.758597 0.498583 0.724263 0.489074 0.758597 0.498583 0.695303 0.560061 0.710528 0.664134 0.724263 0.489074 0.663134 0.531742 0.682889 0.627904
264 0.695282 0.405822 0.741546 0.485430 0.758652 0.488883 0.724439 0.481976 0.758652 0.488883 0.699193 0.559528 0.710709 0.664236 0.724439 0.481976 0.663490 0.529883 0.682953 0.627844
265 0.695306 0.398014 0.741123 0.475918 0.758450 0.478945 0.723797 0.472891 0.758450 0.478945 0.706025 0.558261 0.711114 0.664259 0.723797 0.472891 0.666423 0.529076 0.683009 0.628596
266 0.695391 0.388794 0.740459 0.467633 0.757522 0.469997 0.723396 0.465270 0.757522 0.469997 0.708727 0.551175 0.711110 0.662663 0.723396 0.465270 0.669108 0.528851 0.682854 0.628775
267 0.695297 0.379626 0.739004 0.460695 0.756068 0.462606 0.721940 0.458783 0.756068 0.462606 0.715163 0.551570 0.711050 0.662988 0.721940 0.458783 0.671974 0.528523 0.682376 0.629248
268 0.696807 0.371137 0.738738 0.454653 0.756013 0.457607 0.721463 0.451699 0.756013 0.457607 0.715817 0.549237 0.711046 0.659421 0.721463 0.451699 0.671937 0.525970 0.683294 0.630443
269 0.698914 0.363399 0.738425 0.450559 0.755973 0.454322 0.720877 0.446795 0.755973 0.454322 0.717947 0.549853 0.714189 0.659100 0.720877 0.446795 0.675764 0.524210 0.684107 0.630282
270 0.700474 0.354370 0.738301 0.446250 0.755969 0.449556 0.720634 0.442944 0.755969 0.449556 0.718937 0.550715 0.715412 0.659406 0.720634 0.442944 0.677959 0.524343 0.684058 0.629741
271 0.701827 0.345472 0.738303 0.443038 0.756040 0.446246 0.720566 0.439831 0.756040 0.446246 0.722004 0.549774 0.715488 0.659729 0.720566 0.439831 0.680075 0.524058 0.683990 0.629828
272 0.703394 0.337716 0.738359 0.442284 0.756067 0.444747 0.720650 0.439821 0.756067 0.444747 0.722771 0.546945 0.715220 0.659639 0.720650 0.439821 0.679736 0.521019 0.684646 0.629521
273 0.705905 0.329646 0.738445 0.438288 0.756136 0.440816 0.720755 0.435760 0.756136 0.440816 0.725585 0.540334 0.715335 0.659446 0.720755 0.435760 0.680429 0.519358 0.685473 0.627832
274 0.709647 0.322592 0.738159 0.436993 0.756124 0.439972 0.720194 0.434014 0.756124 0.439972 0.727791 0.540658 0.715887 0.656492 0.720194 0.434014 0.681328 0.516812 0.685378 0.627415
275 0.713934 0.316066 0.737272 0.438398 0.755597 0.442207 0.718947 0.434590 0.755597 0.442207 0.727760 0.541998 0.716038 0.657519 0.718947 0.434590 0.682817 0.516914 0.685231 0.624686
276 0.718435 0.309126 0.736946 0.435945 0.755528 0.441248 0.718364 0.430643 0.755528 0.441248 0.727923 0.541096 0.715990 0.655615 0.718364 0.430643 0.683493 0.512928 0.685037 0.622565
277 0.722842 0.306351 0.735114 0.437886 0.754069 0.443292 0.716160 0.432480 0.754069 0.443292 0.727829 0.541212 0.715951 0.655979 0.716160 0.432480 0.685847 0.514260 0.685913 0.623598
278 0.726998 0.301692 0.730974 0.439961 0.750700 0.445371 0.711248 0.434552 0.750700 0.445371 0.727028 0.541778 0.715849 0.656210 0.711248 0.434552 0.686065 0.517541 0.685819 0.626117
279 0.731811 0.299074 0.729196 0.442472 0.748637 0.448448 0.709755 0.436497 0.748637 0.448448 0.726264 0.554337 0.715832 0.656750 0.709755 0.436497 0.686451 0.523630 0.684987 0.625984
280 0.735821 0.297427 0.728030 0.443292 0.747407 0.449151 0.708654 0.437432 0.747407 0.449151 0.726760 0.555173 0.715819 0.657026 0.708654 0.437432 0.686086 0.531592 0.684459 0.626254
281 0.739089 0.296478 0.726756 0.443960 0.746384 0.449758 0.707129 0.438161 0.746384 0.449758 0.726945 0.556853 0.715429 0.656068 0.707129 0.438161 0.685840 0.532227 0.683931 0.626266
282 0.742438 0.295203 0.726526 0.444379 0.746479 0.450279 0.706573 0.438479 0.746479 0.450279 0.728168 0.562781 0.715894 0.655986 0.706573 0.438479 0.685196 0.534211 0.684145 0.627410
283 0.743997 0.294732 0.726059 0.445096 0.746193 0.451645 0.705924 0.438548 0.746193 0.451645 0.728672 0.562656 0.716318 0.656062 0.705924 0.438548 0.685023 0.535735 0.684262 0.627416
284 0.745718 0.294597 0.725443 0.446845 0.746173 0.454281 0.704712 0.439409 0.746173 0.454281 0.729664 0.567086 0.716609 0.656807 0.704712 0.439409 0.684568 0.539658 0.684258 0.629372
285 0.747143 0.294547 0.724843 0.449309 0.746195 0.456899 0.703491 0.441718 0.746195 0.456899 0.729888 0.569918 0.716590 0.659051 0.703491 0.441718 0.683872 0.545554 0.685281 0.636457
286 0.747641 0.294360 0.724257 0.451367 0.746083 0.458788 0.702432 0.443946 0.746083 0.458788 0.730054 0.571991 0.716874 0.660710 0.702432 0.443946 0.683737 0.551005 0.685531 0.645707
287 0.748330 0.293887 0.724315 0.453362 0.746131 0.460346 0.702500 0.446378 0.746131 0.460346 0.730529 0.572637 0.717072 0.661767 0.702500 0.446378 0.683776 0.556687 0.685917 0.654488
288 0.748283 0.293685 0.723834 0.455623 0.745806 0.462129 0.701861 0.449117 0.745806 0.462129 0.731140 0.574557 0.717197 0.662696 0.701861 0.449117 0.684718 0.562190 0.685890 0.661976
289 0.747915 0.293854 0.723629 0.457117 0.745763 0.463125 0.701496 0.451109 0.745763 0.463125 0.731099 0.575621 0.717211 0.663582 0.701496 0.451109 0.685838 0.567531 0.685318 0.668392
290 0.747778 0.294229 0.723249 0.458944 0.745768 0.464777 0.700729 0.453112 0.745768 0.464777 0.731057 0.577741 0.717200 0.664640 0.700729 0.453112 0.686623 0.571017 0.684311 0.674580
291 0.747218 0.294508 0.722779 0.460761 0.745752 0.466300 0.699806 0.455222 0.745752 0.466300 0.731122 0.580680 0.717034 0.667948 0.699806 0.455222 0.688015 0.575485 0.684032 0.681031
292 0.745911 0.295180 0.722632 0.463003 0.745792 0.468161 0.699471 0.457845 0.745792 0.468161 0.731049 0.585608 0.716593 0.673036 0.699471 0.457845 0.688844 0.581231 0.683985 0.690149
293 0.744208 0.296771 0.722534 0.466061 0.745823 0.471226 0.699246 0.460896 0.745823 0.471226 0.730352 0.588402 0.715441 0.677266 0.699246 0.460896 0.690433 0.584039 0.683806 0.694462
294 0.742611 0.298362 0.722089 0.469707 0.745674 0.474797 0.698504 0.464617 0.745674 0.474797 0.729414 0.591088 0.713754 0.680550 0.698504 0.464617 0.690952 0.587715 0.683783 0.696530
295 0.741324 0.299936 0.721459 0.473394 0.745184 0.478337 0.697735 0.468451 0.745184 0.478337 0.728288 0.594866 0.712077 0.685285 0.697735 0.468451 0.690895 0.592877 0.683816 0.700189
296 0.739021 0.301183 0.720717 0.474743 0.744559 0.479381 0.696876 0.470105 0.744559 0.479381 0.728033 0.595083 0.712131 0.684407 0.696876 0.470105 0.690670 0.594583 0.684754 0.699948
297 0.736217 0.302183 0.719639 0.475138 0.743618 0.479605 0.695661 0.470671 0.743618 0.479605 0.727962 0.595303 0.712247 0.683268 0.695661 0.470671 0.690501 0.596250 0.685513 0.700653
298 0.732987 0.302743 0.718293 0.476141 0.742563 0.479754 0.694023 0.472528 0.742563 0.479754 0.728142 0.596425 0.712292 0.682251 0.694023 0.472528 0.689847 0.599130 0.685957 0.701838
299 0.730501 0.303107 0.716945 0.477863 0.741554 0.481411 0.692337 0.474316 0.741554 0.481411 0.728390 0.602524 0.712388 0.683601 0.692337 0.474316 0.688678 0.603820 0.686184 0.704565
300 0.727572 0.303406 0.714983 0.479060 0.739784 0.482263 0.690183 0.475858 0.739784 0.482263 0.729519 0.602328 0.712424 0.686278 0.690183 0.475858 0.686960 0.605570 0.686653 0.703569
301 0.724055 0.304494 0.713952 0.484836 0.739573 0.487453 0.688330 0.482219 0.739573 0.487453 0.732374 0.609064 0.712494 0.687760 0.688330 0.482219 0.685094 0.610131 0.687181 0.704074
302 0.721642 0.306566 0.711755 0.489282 0.738104 0.491679 0.685406 0.486885 0.738104 0.491679 0.734658 0.612708 0.713126 0.686971 0.685406 0.486885 0.683598 0.615938 0.687171 0.707994
303 0.719135 0.307648 0.710031 0.490884 0.736523 0.492835 0.683539 0.488933 0.736523 0.492835 0.734712 0.611403 0.717088 0.686419 0.683539 0.488933 0.682050 0.615927 0.687127 0.709240
304 0.716839 0.308519 0.708140 0.491651 0.734917 0.493265 0.681364 0.490037 0.734917 0.493265 0.734424 0.609154 0.719097 0.685862 0.681364 0.490037 0.680034 0.613331 0.687013 0.707511
305 0.714979 0.309336 0.705743 0.494385 0.732305 0.495839 0.679181 0.492931 0.732305 0.495839 0.731040 0.609786 0.719496 0.696965 0.679181 0.492931 0.677804 0.612669 0.686659 0.707692
306 0.713362 0.310012 0.703155 0.496245 0.729671 0.497588 0.676640 0.494902 0.729671 0.497588 0.727505 0.615818 0.719484 0.713961 0.676640 0.494902 0.677075 0.615005 0.686439 0.710108
307 0.711794 0.310831 0.700788 0.498431 0.726827 0.500068 0.674748 0.496795 0.726827 0.500068 0.723588 0.625975 0.719302 0.729943 0.674748 0.496795 0.676616 0.620104 0.686425 0.712481
308 0.710026 0.312541 0.697985 0.501219 0.723545 0.502851 0.672425 0.499587 0.723545 0.502851 0.718356 0.632927 0.717442 0.745774 0.672425 0.499587 0.676420 0.628184 0.686419 0.716047
309 0.708270 0.314256 0.696189 0.502183 0.721300 0.504399 0.671079 0.499967 0.721300 0.504399 0.711044 0.634531 0.710541 0.752130 0.671079 0.499967 0.675477 0.627409 0.684765 0.719178
310 0.706343 0.316346 0.694219 0.504507 0.719000 0.507195 0.669437 0.501819 0.719000 0.507195 0.705859 0.636160 0.697696 0.762017 0.669437 0.501819 0.674393 0.627865 0.684136 0.724014
311 0.704082 0.318027 0.692474 0.508608 0.717353 0.512120 0.667595 0.505097 0.717353 0.512120 0.700324 0.645869 0.687333 0.772954 0.667595 0.505097 0.672352 0.632405 0.684056 0.732359
312 0.702189 0.320623 0.690040 0.514571 0.714583 0.518553 0.665497 0.510590 0.714583 0.518553 0.694190 0.656239 0.673932 0.792091 0.665497 0.510590 0.671319 0.641859 0.668783 0.746394
313 0.700396 0.322915 0.688706 0.520169 0.712897 0.524571 0.664515 0.515767 0.712897 0.524571 0.687075 0.664917 0.662885 0.795057 0.664515 0.515767 0.671380 0.654521 0.669736 0.768442
314 0.697819 0.326046 0.686879 0.521369 0.710767 0.526076 0.662990 0.516662 0.710767 0.526076 0.678947 0.663111 0.646078 0.788652 0.662990 0.516662 0.671824 0.660096 0.672012 0.769089
315 0.694907 0.328581 0.682596 0.522640 0.706437 0.527494 0.658755 0.517786 0.706437 0.527494 0.673791 0.661092 0.635668 0.792690 0.658755 0.517786 0.671211 0.659906 0.672853 0.772660
316 0.691727 0.331149 0.679765 0.525463 0.703399 0.530866 0.656132 0.520060 0.703399 0.530866 0.670718 0.664002 0.631843 0.796472 0.656132 0.520060 0.667897 0.661461 0.673399 0.768992
317 0.688042 0.333683 0.676220 0.527564 0.699637 0.533688 0.652803 0.521441 0.699637 0.533688 0.669573 0.665356 0.633406 0.794814 0.652803 0.521441 0.663953 0.661161 0.675503 0.762309
318 0.684298 0.335457 0.673844 0.528241 0.697628 0.534518 0.650060 0.521964 0.697628 0.534518 0.667961 0.665612 0.633547 0.796930 0.650060 0.521964 0.658481 0.659396 0.679814 0.742008
319 0.679484 0.337916 0.671164 0.530490 0.695362 0.536565 0.646966 0.524416 0.695362 0.536565 0.666308 0.668922 0.635484 0.800748 0.646966 0.524416 0.650165 0.660300 0.681982 0.722904
320 0.674910 0.340989 0.668081 0.531726 0.692376 0.537992 0.643786 0.525460 0.692376 0.537992 0.664418 0.669761 0.635894 0.800967 0.643786 0.525460 0.642272 0.659144 0.688585 0.715998
321 0.669382 0.343007 0.664116 0.531731 0.689070 0.537033 0.639162 0.526428 0.689070 0.537033 0.660778 0.670740 0.636496 0.803216 0.639162 0.526428 0.630037 0.657809 0.692236 0.713787
322 0.663758 0.346389 0.659721 0.533905 0.684346 0.538840 0.635095 0.528969 0.684346 0.538840 0.657221 0.675303 0.635968 0.807789 0.635095 0.528969 0.625312 0.660223 0.694226 0.718703
323 0.658572 0.351784 0.655371 0.535145 0.679847 0.539686 0.630894 0.530605 0.679847 0.539686 0.654677 0.678358 0.635727 0.809585 0.630894 0.530605 0.621219 0.665310 0.693438 0.730783
324 0.653560 0.357169 0.650231 0.537302 0.675004 0.541698 0.625458 0.532906 0.675004 0.541698 0.651187 0.680199 0.633632 0.812589 0.625458 0.532906 0.614474 0.668881 0.688964 0.749346
325 0.648639 0.364489 0.644764 0.543931 0.669866 0.548239 0.619661 0.539622 0.669866 0.548239 0.648339 0.687900 0.633458 0.815075 0.619661 0.539622 0.608757 0.674936 0.678406 0.752735
326 0.642946 0.374119 0.639224 0.556895 0.664483 0.560340 0.613965 0.553449 0.664483 0.560340 0.645539 0.688887 0.634782 0.814507 0.613965 0.553449 0.603516 0.677753 0.666989 0.783674
327 0.637067 0.382075 0.632638 0.566284 0.657759 0.569595 0.607518 0.562972 0.657759 0.569595 0.644441 0.691680 0.631246 0.812850 0.607518 0.562972 0.591645 0.679769 0.662174 0.781488
328 0.629499 0.392171 0.626720 0.569866 0.651210 0.573804 0.602230 0.565927 0.651210 0.573804 0.647205 0.691422 0.632045 0.811675 0.602230 0.565927 0.582030 0.684445 0.658995 0.778557
329 0.621996 0.404745 0.619790 0.575253 0.644083 0.578854 0.595496 0.571652 0.644083 0.578854 0.648083 0.695388 0.632783 0.810021 0.595496 0.571652 0.572723 0.697604 0.655926 0.774679
330 0.613396 0.418026 0.614251 0.579248 0.638293 0.581829 0.590210 0.576666 0.638293 0.581829 0.647214 0.700053 0.633063 0.809898 0.590210 0.576666 0.564205 0.710242 0.651070 0.772593
331 0.605260 0.432466 0.608599 0.589379 0.632592 0.590472 0.584606 0.588287 0.632592 0.590472 0.642153 0.707946 0.633209 0.820423 0.584606 0.588287 0.556926 0.724166 0.644265 0.772999
332 0.595907 0.455513 0.601357 0.612061 0.624805 0.610377 0.577909 0.613744 0.624805 0.610377 0.634234 0.725863 0.637693 0.817936 0.577909 0.613744 0.551933 0.744101 0.638725 0.772900
333 0.582375 0.472944 0.593298 0.632115 0.616357 0.628531 0.570239 0.635699 0.616357 0.628531 0.617264 0.718686 0.639130 0.807499 0.570239 0.635699 0.548999 0.760713 0.630885 0.772352
334 0.566707 0.491352 0.587141 0.650562 0.609792 0.642991 0.564490 0.658134 0.609792 0.642991 0.619629 0.719029 0.639681 0.804967 0.564490 0.658134 0.546982 0.784498 0.630038 0.774469
335 0.552071 0.514697 0.583092 0.667808 0.604545 0.656788 0.561639 0.678828 0.604545 0.656788 0.617267 0.720374 0.641318 0.795438 0.561639 0.678828 0.543115 0.800588 0.613589 0.783466
336 0.532888 0.539439 0.577473 0.678632 0.595314 0.668733 0.559631 0.688531 0.595314 0.668733 0.593601 0.741470 0.641934 0.795752 0.559631 0.688531 0.540788 0.802171 0.617124 0.780874
337 0.516469 0.550891 0.575183 0.689232 0.592100 0.674596 0.558266 0.703868 0.592100 0.674596 0.603277 0.740929 0.642085 0.795947 0.558266 0.703868 0.540317 0.803236 0.623835 0.779695
338 0.499618 0.579884 0.570536 0.698223 0.587413 0.680087 0.553660 0.716359 0.587413 0.680087 0.591638 0.677867 0.648236 0.795160 0.553660 0.716359 0.533189 0.794464 0.622991 0.763532
339 0.485549 0.597911 0.567822 0.700922 0.584343 0.676538 0.551300 0.725305 0.584343 0.676538 0.589089 0.675663 0.651116 0.782441 0.551300 0.725305 0.537054 0.783450 0.614036 0.764219
340 0.465865 0.617472 0.552638 0.696423 0.567403 0.669946 0.537873 0.722900 0.567403 0.669946 0.589378 0.679643 0.657166 0.775847 0.537873 0.722900 0.547678 0.763708 0.640243 0.764306
341 0.443237 0.631144 0.530511 0.690873 0.540257 0.666938 0.520765 0.714808 0.540257 0.666938 0.594143 0.679823 0.666048 0.756141 0.520765 0.714808 0.570497 0.746506 0.652184 0.757795
342 0.430081 0.643325 0.520896 0.688292 0.528944 0.666312 0.512848 0.710273 0.528944 0.666312 0.571572 0.677594 0.664144 0.720354 0.512848 0.710273 0.546037 0.749086 0.646622 0.738032
343 0.421006 0.643581 0.518302 0.681177 0.526307 0.655551 0.510298 0.706803 0.526307 0.655551 0.574731 0.669798 0.665527 0.696653 0.510298 0.706803 0.533271 0.748342 0.633191 0.721575
344 0.411230 0.644537 0.515555 0.676498 0.521049 0.647860 0.510061 0.705136 0.521049 0.647860 0.560487 0.656761 0.665707 0.672631 0.510061 0.705136 0.522126 0.746810 0.624383 0.711837
345 0.403192 0.642735 0.511592 0.670661 0.515812 0.638909 0.507373 0.702413 0.515812 0.638909 0.558829 0.649665 0.673364 0.662020 0.507373 0.702413 0.515108 0.747600 0.614843 0.711438
346 0.397781 0.640159 0.508674 0.665284 0.512703 0.632467 0.504646 0.698101 0.512703 0.632467 0.559100 0.648566 0.678029 0.660985 0.504646 0.698101 0.510554 0.748103 0.607057 0.716358
347 0.393961 0.641309 0.507887 0.662661 0.511878 0.630349 0.503895 0.694973 0.511878 0.630349 0.554715 0.653871 0.673632 0.659910 0.503895 0.694973 0.508620 0.748765 0.603714 0.723283
348 0.390787 0.645115 0.506470 0.662081 0.510665 0.630408 0.502276 0.693754 0.510665 0.630408 0.555519 0.651962 0.672823 0.662764 0.502276 0.693754 0.510373 0.751397 0.602167 0.726531
349 0.386867 0.649326 0.501211 0.662075 0.505335 0.631501 0.497087 0.692650 0.505335 0.631501 0.556363 0.664353 0.656791 0.668671 0.497087 0.692650 0.511132 0.751935 0.603923 0.727887
350 0.388194 0.655838 0.502836 0.663508 0.507012 0.632750 0.498659 0.694266 0.507012 0.632750 0.560312 0.674136 0.655704 0.678182 0.498659 0.694266 0.513784 0.756630 0.605568 0.727443
351 0.385827 0.660994 0.502239 0.668555 0.506810 0.637302 0.497668 0.699808 0.506810 0.637302 0.562239 0.682690 0.655985 0.688733 0.497668 0.699808 0.515706 0.760843 0.607604 0.728013
352 0.385015 0.662628 0.501020 0.673128 0.505955 0.640731 0.496086 0.705525 0.505955 0.640731 0.557669 0.685229 0.656641 0.717201 0.496086 0.705525 0.516726 0.762249 0.608801 0.728478
353 0.386437 0.661159 0.502011 0.673926 0.508301 0.642294 0.495721 0.705559 0.508301 0.642294 0.561939 0.696608 0.665062 0.744481 0.495721 0.705559 0.517306 0.763547 0.616376 0.733397
354 0.386751 0.661165 0.502373 0.674763 0.509989 0.643382 0.494756 0.706144 0.509989 0.643382 0.574924 0.705281 0.665098 0.760825 0.494756 0.706144 0.520157 0.763295 0.619527 0.735005
355 0.387597 0.660339 0.503277 0.674792 0.511233 0.643954 0.495321 0.705631 0.511233 0.643954 0.576977 0.708281 0.669378 0.767703 0.495321 0.705631 0.522303 0.763237 0.619146 0.734676
356 0.388259 0.660363 0.503912 0.675269 0.511880 0.644151 0.495944 0.706388 0.511880 0.644151 0.581022 0.707401 0.670642 0.766438 0.495944 0.706388 0.525186 0.763248 0.619299 0.734662
357 0.390060 0.660620 0.504883 0.675270 0.512910 0.644103 0.496856 0.706436 0.512910 0.644103 0.587035 0.704656 0.671067 0.763920 0.496856 0.706436 0.525216 0.763100 0.624082 0.735367
358 0.391063 0.659301 0.506212 0.675137 0.515018 0.644087 0.497406 0.706187 0.515018 0.644087 0.588717 0.702952 0.672738 0.762300 0.497406 0.706187 0.525282 0.762986 0.624068 0.735660
359 0.392569 0.659202 0.506782 0.675151 0.515994 0.644136 0.497569 0.706166 0.515994 0.644136 0.586903 0.701364 0.673091 0.761463 0.497569 0.706166 0.525228 0.762908 0.623867 0.736502
360 0.393851 0.658943 0.507718 0.675705 0.517428 0.644370 0.498008 0.707040 0.517428 0.644370 0.586105 0.700441 0.673226 0.762881 0.498008 0.707040 0.524867 0.762087 0.623678 0.737817
361 0.395129 0.658374 0.508072 0.676624 0.518056 0.644945 0.498087 0.708302 0.518056 0.644945 0.586065 0.699894 0.672679 0.764204 0.498087 0.708302 0.524804 0.761474 0.623366 0.738197
362 0.395314 0.656243 0.508200 0.676794 0.518284 0.644926 0.498116 0.708663 0.518284 0.644926 0.585174 0.699519 0.671031 0.766353 0.498116 0.708663 0.521977 0.760188 0.623394 0.738245
363 0.395431 0.654184 0.508715 0.676902 0.518868 0.644957 0.498561 0.708848 0.518868 0.644957 0.584939 0.701207 0.670920 0.768719 0.498561 0.708848 0.521930 0.759587 0.623648 0.738449
364 0.395783 0.652583 0.509339 0.676921 0.519653 0.644950 0.499025 0.708892 0.519653 0.644950 0.585003 0.701258 0.670876 0.769470 0.499025 0.708892 0.521947 0.758894 0.624051 0.738392
365 0.395987 0.651762 0.510114 0.677041 0.520372 0.645115 0.499857 0.708967 0.520372 0.645115 0.586332 0.701806 0.671352 0.770439 0.499857 0.708967 0.521935 0.757682 0.625224 0.739887
366 0.396105 0.651099 0.510249 0.677236 0.520455 0.645230 0.500043 0.709242 0.520455 0.645230 0.586170 0.701572 0.671299 0.769201 0.500043 0.709242 0.521773 0.757210 0.625168 0.740357
367 0.396042 0.650785 0.510293 0.677197 0.520480 0.645226 0.500105 0.709167 0.520480 0.645226 0.585955 0.701443 0.671232 0.768760 0.500105 0.709167 0.521644 0.757263 0.624051 0.739184
368 0.395642 0.650663 0.510019 0.677160 0.520091 0.645209 0.499947 0.709110 0.520091 0.645209 0.584531 0.701331 0.670126 0.768093 0.499947 0.709110 0.521657 0.757335 0.623058 0.738164
369 0.396557 0.649895 0.509987 0.677145 0.519997 0.645230 0.499976 0.709059 0.519997 0.645230 0.583809 0.701259 0.670127 0.768498 0.499976 0.709059 0.521668 0.757492 0.622660 0.738344
370 0.396598 0.648969 0.509864 0.676852 0.519821 0.645218 0.499907 0.708486 0.519821 0.645218 0.583591 0.701339 0.670276 0.768984 0.499907 0.708486 0.522926 0.757503 0.622523 0.738279
371 0.396568 0.648653 0.509866 0.676594 0.519811 0.645361 0.499922 0.707827 0.519811 0.645361 0.583277 0.701587 0.670272 0.769010 0.499922 0.707827 0.523379 0.758573 0.621915 0.737404
372 0.396526 0.647020 0.509874 0.676495 0.519804 0.645995 0.499945 0.706995 0.519804 0.645995 0.583930 0.702273 0.670377 0.769912 0.499945 0.706995 0.524047 0.760083 0.620918 0.737405
373 0.396448 0.645243 0.509752 0.675843 0.519674 0.646117 0.499829 0.705570 0.519674 0.646117 0.584152 0.702425 0.670502 0.770104 0.499829 0.705570 0.524583 0.760303 0.620932 0.737261
374 0.396253 0.645327 0.509873 0.675829 0.519825 0.646276 0.499920 0.705381 0.519825 0.646276 0.584127 0.702480 0.670629 0.769948 0.499920 0.705381 0.526272 0.760687 0.621422 0.737237
375 0.396176 0.645828 0.509945 0.675702 0.519846 0.646381 0.500045 0.705023 0.519846 0.646381 0.584109 0.702468 0.670739 0.769873 0.500045 0.705023 0.526728 0.760910 0.622261 0.737181
376 0.396157 0.645926 0.509966 0.675470 0.519861 0.646426 0.500071 0.704515 0.519861 0.646426 0.584937 0.702600 0.670700 0.769782 0.500071 0.704515 0.526751 0.760994 0.622385 0.737171
377 0.396145 0.646082 0.509966 0.675440 0.519854 0.646440 0.500077 0.704439 0.519854 0.646440 0.584717 0.702516 0.669541 0.769471 0.500077 0.704439 0.526673 0.761325 0.622382 0.737418
378 0.396289 0.646085 0.510045 0.675571 0.519940 0.646698 0.500149 0.704444 0.519940 0.646698 0.584673 0.702508 0.669101 0.769405 0.500149 0.704444 0.526610 0.761668 0.621994 0.737598
379 0.396460 0.646251 0.510255 0.675821 0.520109 0.646998 0.500400 0.704643 0.520109 0.646998 0.585591 0.702537 0.669124 0.769376 0.500400 0.704643 0.526580 0.761712 0.621701 0.737618
380 0.396649 0.646297 0.510301 0.675981 0.520122 0.647215 0.500480 0.704748 0.520122 0.647215 0.586344 0.702582 0.668722 0.769365 0.500480 0.704748 0.526458 0.761985 0.620983 0.737921
381 0.396748 0.646026 0.510307 0.676035 0.520130 0.647328 0.500485 0.704742 0.520130 0.647328 0.586614 0.702604 0.668764 0.769396 0.500485 0.704742 0.526247 0.762101 0.619943 0.738064
382 0.396787 0.645918 0.510294 0.676064 0.520110 0.647390 0.500479 0.704738 0.520110 0.647390 0.587059 0.702623 0.668830 0.769455 0.500479 0.704738 0.526103 0.762268 0.619716 0.738357
383 0.396883 0.645883 0.510330 0.676097 0.520176 0.647407 0.500485 0.704787 0.520176 0.647407 0.587345 0.702651 0.668891 0.769481 0.500485 0.704787 0.526011 0.762377 0.619430 0.739246
384 0.396906 0.645890 0.510364 0.676228 0.520232 0.647561 0.500495 0.704895 0.520232 0.647561 0.588040 0.702714 0.668958 0.769467 0.500495 0.704895 0.525964 0.762420 0.618789 0.740179
385 0.396958 0.645818 0.510362 0.676240 0.520223 0.647567 0.500500 0.704913 0.520223 0.647567 0.588352 0.702705 0.668976 0.769429 0.500500 0.704913 0.525939 0.762419 0.618612 0.741265
386 0.397086 0.646031 0.510439 0.676553 0.520370 0.647840 0.500508 0.705265 0.520370 0.647840 0.588814 0.703372 0.669379 0.769418 0.500508 0.705265 0.526085 0.762474 0.618035 0.741134
387 0.397195 0.646039 0.510457 0.676538 0.520402 0.647861 0.500511 0.705215 0.520402 0.647861 0.589199 0.703538 0.669530 0.769407 0.500511 0.705215 0.526065 0.762493 0.617349 0.741084
388 0.397209 0.646203 0.510437 0.676605 0.520406 0.648003 0.500468 0.705207 0.520406 0.648003 0.589274 0.703631 0.669536 0.769387 0.500468 0.705207 0.526042 0.762490 0.616817 0.741034
389 0.397224 0.646230 0.510445 0.676644 0.520420 0.648074 0.500469 0.705215 0.520420 0.648074 0.589465 0.703824 0.669539 0.769382 0.500469 0.705215 0.526030 0.762420 0.616607 0.740995
390 0.397226 0.646264 0.510404 0.676642 0.520411 0.648076 0.500397 0.705207 0.520411 0.648076 0.589571 0.703859 0.669534 0.769374 0.500397 0.705207 0.526138 0.762387 0.616573 0.740551
391 0.397250 0.646231 0.510408 0.676651 0.520416 0.648091 0.500400 0.705211 0.520416 0.648091 0.589719 0.703873 0.669494 0.769338 0.500400 0.705211 0.526132 0.762375 0.616296 0.740537
392 0.397276 0.646222 0.510397 0.676653 0.520416 0.648104 0.500378 0.705202 0.520416 0.648104 0.590098 0.703928 0.669487 0.769333 0.500378 0.705202 0.526103 0.762454 0.616123 0.740519
393 0.397289 0.646225 0.510408 0.676692 0.520451 0.648126 0.500365 0.705258 0.520451 0.648126 0.590105 0.703991 0.669455 0.769325 0.500365 0.705258 0.526100 0.762510 0.615896 0.740506
394 0.397277 0.646230 0.510413 0.676717 0.520461 0.648143 0.500365 0.705290 0.520461 0.648143 0.590103 0.704009 0.669454 0.769242 0.500365 0.705290 0.526096 0.762513 0.615866 0.740363
395 0.397284 0.646215 0.510382 0.676720 0.520460 0.648148 0.500304 0.705292 0.520460 0.648148 0.589998 0.704010 0.669424 0.769164 0.500304 0.705292 0.526100 0.762432 0.615618 0.740212
396 0.397297 0.646180 0.510379 0.676733 0.520463 0.648146 0.500295 0.705320 0.520463 0.648146 0.589756 0.704014 0.669423 0.769110 0.500295 0.705320 0.527111 0.762691 0.615553 0.740205
397 0.397301 0.646164 0.510345 0.676971 0.520446 0.648255 0.500243 0.705686 0.520446 0.648255 0.589580 0.704010 0.668884 0.768721 0.500243 0.705686 0.526760 0.762920 0.615408 0.740365
398 0.397375 0.646143 0.510297 0.676911 0.520436 0.648252 0.500157 0.705570 0.520436 0.648252 0.589575 0.704021 0.668882 0.768570 0.500157 0.705570 0.528126 0.763610 0.615483 0.740974
399 0.397452 0.646029 0.510281 0.676758 0.520436 0.648237 0.500126 0.705279 0.520436 0.648237 0.589571 0.704020 0.668899 0.768504 0.500126 0.705279 0.528060 0.763766 0.615476 0.741426
400 0.397700 0.645774 0.510323 0.676461 0.520502 0.648220 0.500145 0.704702 0.520502 0.648220 0.589651 0.704097 0.669084 0.768499 0.500145 0.704702 0.528034 0.763849 0.615538 0.741400
401 0.397754 0.645784 0.510312 0.676480 0.520507 0.648236 0.500116 0.704724 0.520507 0.648236 0.589645 0.704161 0.669088 0.768460 0.500116 0.704724 0.528015 0.763905 0.615615 0.741397
402 0.397773 0.645734 0.510247 0.676460 0.520504 0.648241 0.499989 0.704679 0.520504 0.648241 0.589675 0.704247 0.669143 0.768456 0.499989 0.704679 0.527993 0.763958 0.615609 0.741530
403 0.397774 0.645768 0.510161 0.676531 0.520434 0.648330 0.499887 0.704733 0.520434 0.648330 0.589675 0.704351 0.669312 0.768451 0.499887 0.704733 0.528504 0.764124 0.615657 0.741524
404 0.397794 0.645986 0.510200 0.676844 0.520461 0.648564 0.499939 0.705124 0.520461 0.648564 0.589708 0.704442 0.669489 0.768459 0.499939 0.705124 0.528736 0.764279 0.615739 0.741517
405 0.397820 0.646080 0.510235 0.677113 0.520528 0.648717 0.499942 0.705510 0.520528 0.648717 0.589861 0.704645 0.669524 0.768456 0.499942 0.705510 0.528912 0.764343 0.615897 0.741527
406 0.397823 0.646076 0.510140 0.677124 0.520465 0.648736 0.499816 0.705512 0.520465 0.648736 0.589804 0.704648 0.669526 0.768446 0.499816 0.705512 0.528984 0.764479 0.615871 0.741456
407 0.397841 0.646144 0.510078 0.677236 0.520408 0.648736 0.499747 0.705735 0.520408 0.648736 0.589714 0.704656 0.669552 0.768443 0.499747 0.705735 0.529100 0.764489 0.615949 0.741014
408 0.397921 0.646237 0.510097 0.677367 0.520444 0.648739 0.499750 0.705996 0.520444 0.648739 0.589917 0.704814 0.669610 0.768453 0.499750 0.705996 0.529162 0.764530 0.616043 0.741052
409 0.397924 0.646160 0.510080 0.677379 0.520431 0.648740 0.499729 0.706017 0.520431 0.648740 0.589595 0.704803 0.669612 0.768486 0.499729 0.706017 0.528548 0.763818 0.616043 0.740887
410 0.397486 0.646193 0.510062 0.677440 0.520411 0.648860 0.499714 0.706020 0.520411 0.648860 0.589341 0.704844 0.669654 0.768407 0.499714 0.706020 0.528995 0.763686 0.616061 0.740862
411 0.397208 0.646190 0.510055 0.677352 0.520397 0.648838 0.499713 0.705867 0.520397 0.648838 0.589288 0.704948 0.669824 0.768420 0.499713 0.705867 0.529249 0.763495 0.616322 0.740856
412 0.397005 0.646210 0.510036 0.677290 0.520369 0.648834 0.499702 0.705747 0.520369 0.648834 0.589216 0.704962 0.670051 0.768371 0.499702 0.705747 0.529453 0.763467 0.616361 0.741139
413 0.397026 0.646303 0.510104 0.677396 0.520440 0.648821 0.499767 0.705971 0.520440 0.648821 0.589107 0.704966 0.670124 0.768364 0.499767 0.705971 0.528430 0.762324 0.616724 0.741256
414 0.397033 0.646307 0.510114 0.677446 0.520440 0.648894 0.499789 0.705999 0.520440 0.648894 0.589106 0.705156 0.670508 0.768509 0.499789 0.705999 0.528949 0.762340 0.616974 0.741281
