127
140
0 -1 -1 -1 -1 -1 -1 -1 -1 -1 -1 -1 -1 -1 -1 -1 -1 -1 -1 -1 -1
1 0.481350 0.137174 0.500756 0.251839 0.502917 0.254214 0.498595 0.249465 0.502917 0.254214 0.457397 0.285960 0.464899 0.367667 0.498595 0.249465 0.460333 0.279014 0.467238 0.355603
2 0.481298 0.138867 0.499175 0.251894 0.501917 0.255312 0.496434 0.248475 0.501917 0.255312 0.457124 0.287479 0.465010 0.368317 0.496434 0.248475 0.457774 0.277516 0.466709 0.350502
3 0.480532 0.140178 0.498456 0.252385 0.501765 0.256579 0.495147 0.248191 0.501765 0.256579 0.457212 0.289763 0.465649 0.368365 0.495147 0.248191 0.457171 0.276123 0.465156 0.349227
4 0.478915 0.144284 0.498327 0.252412 0.501784 0.256792 0.494870 0.248031 0.501784 0.256792 0.457331 0.289768 0.465885 0.367926 0.494870 0.248031 0.457064 0.275481 0.465303 0.349113
5 0.477191 0.146348 0.497829 0.252845 0.501600 0.257561 0.494058 0.248130 0.501600 0.257561 0.457688 0.291743 0.466927 0.368059 0.494058 0.248130 0.456655 0.276104 0.465678 0.349294
6 0.473951 0.147462 0.496685 0.253957 0.498244 0.259004 0.495126 0.248910 0.498244 0.259004 0.457352 0.292776 0.467110 0.368385 0.495126 0.248910 0.457173 0.280209 0.469690 0.353620
7 0.471601 0.149903 0.495784 0.253732 0.496567 0.258976 0.495001 0.248487 0.496567 0.258976 0.456669 0.292467 0.467136 0.368175 0.495001 0.248487 0.457244 0.280045 0.470185 0.353082
8 0.468818 0.150663 0.494896 0.252107 0.494559 0.257819 0.495234 0.246394 0.494559 0.257819 0.455941 0.292266 0.467164 0.367984 0.495234 0.246394 0.459032 0.278504 0.481451 0.345839
9 0.466504 0.153042 0.495136 0.251664 0.495663 0.256855 0.494608 0.246473 0.495663 0.256855 0.456185 0.292441 0.467192 0.367108 0.494608 0.246473 0.459465 0.279368 0.483412 0.342984
10 0.464238 0.154048 0.493189 0.249809 0.493811 0.253709 0.492567 0.245909 0.493811 0.253709 0.456221 0.292574 0.467158 0.367322 0.492567 0.245909 0.457807 0.280910 0.473815 0.344446
11 0.461182 0.155769 0.492562 0.248609 0.493569 0.252407 0.491555 0.244812 0.493569 0.252407 0.456058 0.291477 0.467138 0.367328 0.491555 0.244812 0.457861 0.284146 0.475833 0.351041
12 0.460229 0.158209 0.491392 0.247549 0.494065 0.251160 0.488720 0.243938 0.494065 0.251160 0.453823 0.291700 0.467038 0.366553 0.488720 0.243938 0.453597 0.285123 0.469179 0.354886
13 0.458480 0.160402 0.489562 0.247061 0.491846 0.250023 0.487278 0.244099 0.491846 0.250023 0.454124 0.291919 0.467026 0.366741 0.487278 0.244099 0.453806 0.288724 0.469484 0.355723
14 0.456364 0.163089 0.488556 0.245450 0.492662 0.248433 0.484450 0.242466 0.492662 0.248433 0.455601 0.291568 0.467075 0.366127 0.484450 0.242466 0.454584 0.287623 0.468577 0.355394
15 0.455117 0.165189 0.488360 0.245730 0.492836 0.248760 0.483885 0.242700 0.492836 0.248760 0.455829 0.288272 0.467102 0.365833 0.483885 0.242700 0.454834 0.287035 0.469032 0.352556
16 0.452711 0.166350 0.487563 0.243578 0.492107 0.246667 0.483019 0.240489 0.492107 0.246667 0.455885 0.290101 0.467202 0.367230 0.483019 0.240489 0.455049 0.286673 0.468169 0.350892
17 0.450854 0.165944 0.487816 0.240885 0.491161 0.244253 0.484471 0.237517 0.491161 0.244253 0.455687 0.289564 0.467197 0.367204 0.484471 0.237517 0.456071 0.286725 0.472444 0.350933
18 -1 -1 -1 -1 -1 -1 -1 -1 -1 -1 -1 -1 -1 -1 -1 -1 -1 -1 -1 -1
19 -1 -1 -1 -1 -1 -1 -1 -1 -1 -1 -1 -1 -1 -1 -1 -1 -1 -1 -1 -1
20 -1 -1 -1 -1 -1 -1 -1 -1 -1 -1 -1 -1 -1 -1 -1 -1 -1 -1 -1 -1
21 -1 -1 -1 -1 -1 -1 -1 -1 -1 -1 -1 -1 -1 -1 -1 -1 -1 -1 -1 -1
22 -1 -1 -1 -1 -1 -1 -1 -1 -1 -1 -1 -1 -1 -1 -1 -1 -1 -1 -1 -1
23 -1 -1 -1 -1 -1 -1 -1 -1 -1 -1 -1 -1 -1 -1 -1 -1 -1 -1 -1 -1
24 -1 -1 -1 -1 -1 -1 -1 -1 -1 -1 -1 -1 -1 -1 -1 -1 -1 -1 -1 -1
25 -1 -1 -1 -1 -1 -1 -1 -1 -1 -1 -1 -1 -1 -1 -1 -1 -1 -1 -1 -1
26 -1 -1 -1 -1 -1 -1 -1 -1 -1 -1 -1 -1 -1 -1 -1 -1 -1 -1 -1 -1
27 -1 -1 -1 -1 -1 -1 -1 -1 -1 -1 -1 -1 -1 -1 -1 -1 -1 -1 -1 -1
28 -1 -1 -1 -1 -1 -1 -1 -1 -1 -1 -1 -1 -1 -1 -1 -1 -1 -1 -1 -1
29 -1 -1 -1 -1 -1 -1 -1 -1 -1 -1 -1 -1 -1 -1 -1 -1 -1 -1 -1 -1
30 -1 -1 -1 -1 -1 -1 -1 -1 -1 -1 -1 -1 -1 -1 -1 -1 -1 -1 -1 -1
31 -1 -1 -1 -1 -1 -1 -1 -1 -1 -1 -1 -1 -1 -1 -1 -1 -1 -1 -1 -1
32 -1 -1 -1 -1 -1 -1 -1 -1 -1 -1 -1 -1 -1 -1 -1 -1 -1 -1 -1 -1
33 -1 -1 -1 -1 -1 -1 -1 -1 -1 -1 -1 -1 -1 -1 -1 -1 -1 -1 -1 -1
34 -1 -1 -1 -1 -1 -1 -1 -1 -1 -1 -1 -1 -1 -1 -1 -1 -1 -1 -1 -1
35 -1 -1 -1 -1 -1 -1 -1 -1 -1 -1 -1 -1 -1 -1 -1 -1 -1 -1 -1 -1
36 -1 -1 -1 -1 -1 -1 -1 -1 -1 -1 -1 -1 -1 -1 -1 -1 -1 -1 -1 -1
37 -1 -1 -1 -1 -1 -1 -1 -1 -1 -1 -1 -1 -1 -1 -1 -1 -1 -1 -1 -1
38 -1 -1 -1 -1 -1 -1 -1 -1 -1 -1 -1 -1 -1 -1 -1 -1 -1 -1 -1 -1
39 -1 -1 -1 -1 -1 -1 -1 -1 -1 -1 -1 -1 -1 -1 -1 -1 -1 -1 -1 -1
40 -1 -1 -1 -1 -1 -1 -1 -1 -1 -1 -1 -1 -1 -1 -1 -1 -1 -1 -1 -1
41 -1 -1 -1 -1 -1 -1 -1 -1 -1 -1 -1 -1 -1 -1 -1 -1 -1 -1 -1 -1
42 -1 -1 -1 -1 -1 -1 -1 -1 -1 -1 -1 -1 -1 -1 -1 -1 -1 -1 -1 -1
43 -1 -1 -1 -1 -1 -1 -1 -1 -1 -1 -1 -1 -1 -1 -1 -1 -1 -1 -1 -1
44 -1 -1 -1 -1 -1 -1 -1 -1 -1 -1 -1 -1 -1 -1 -1 -1 -1 -1 -1 -1
45 -1 -1 -1 -1 -1 -1 -1 -1 -1 -1 -1 -1 -1 -1 -1 -1 -1 -1 -1 -1
46 -1 -1 -1 -1 -1 -1 -1 -1 -1 -1 -1 -1 -1 -1 -1 -1 -1 -1 -1 -1
47 -1 -1 -1 -1 -1 -1 -1 -1 -1 -1 -1 -1 -1 -1 -1 -1 -1 -1 -1 -1
48 -1 -1 -1 -1 -1 -1 -1 -1 -1 -1 -1 -1 -1 -1 -1 -1 -1 -1 -1 -1
49 -1 -1 -1 -1 -1 -1 -1 -1 -1 -1 -1 -1 -1 -1 -1 -1 -1 -1 -1 -1
50 -1 -1 -1 -1 -1 -1 -1 -1 -1 -1 -1 -1 -1 -1 -1 -1 -1 -1 -1 -1
51 -1 -1 -1 -1 -1 -1 -1 -1 -1 -1 -1 -1 -1 -1 -1 -1 -1 -1 -1 -1
52 -1 -1 -1 -1 -1 -1 -1 -1 -1 -1 -1 -1 -1 -1 -1 -1 -1 -1 -1 -1
53 -1 -1 -1 -1 -1 -1 -1 -1 -1 -1 -1 -1 -1 -1 -1 -1 -1 -1 -1 -1
54 -1 -1 -1 -1 -1 -1 -1 -1 -1 -1 -1 -1 -1 -1 -1 -1 -1 -1 -1 -1
55 -1 -1 -1 -1 -1 -1 -1 -1 -1 -1 -1 -1 -1 -1 -1 -1 -1 -1 -1 -1
56 -1 -1 -1 -1 -1 -1 -1 -1 -1 -1 -1 -1 -1 -1 -1 -1 -1 -1 -1 -1
57 -1 -1 -1 -1 -1 -1 -1 -1 -1 -1 -1 -1 -1 -1 -1 -1 -1 -1 -1 -1
58 -1 -1 -1 -1 -1 -1 -1 -1 -1 -1 -1 -1 -1 -1 -1 -1 -1 -1 -1 -1
59 -1 -1 -1 -1 -1 -1 -1 -1 -1 -1 -1 -1 -1 -1 -1 -1 -1 -1 -1 -1
60 -1 -1 -1 -1 -1 -1 -1 -1 -1 -1 -1 -1 -1 -1 -1 -1 -1 -1 -1 -1
61 -1 -1 -1 -1 -1 -1 -1 -1 -1 -1 -1 -1 -1 -1 -1 -1 -1 -1 -1 -1
62 -1 -1 -1 -1 -1 -1 -1 -1 -1 -1 -1 -1 -1 -1 -1 -1 -1 -1 -1 -1
63 -1 -1 -1 -1 -1 -1 -1 -1 -1 -1 -1 -1 -1 -1 -1 -1 -1 -1 -1 -1
64 0.450722 0.073705 0.460994 0.191296 0.472309 0.190595 0.449680 0.191997 0.472309 0.190595 0.469068 0.281555 0.470279 0.365212 0.449680 0.191997 0.453681 0.280553 0.464993 0.350736
65 0.450575 0.073804 0.460201 0.191646 0.471812 0.190781 0.448589 0.192511 0.471812 0.190781 0.469182 0.283185 0.471408 0.365318 0.448589 0.192511 0.453611 0.281177 0.463719 0.348548
66 0.451338 0.073692 0.460472 0.191928 0.471903 0.190964 0.449041 0.192892 0.471903 0.190964 0.469341 0.282891 0.470497 0.365348 0.449041 0.192892 0.453975 0.281674 0.464157 0.347881
67 0.451382 0.074972 0.459848 0.193821 0.471414 0.192681 0.448283 0.194960 0.471414 0.192681 0.469583 0.283688 0.469610 0.366235 0.448283 0.194960 0.454289 0.284887 0.464763 0.348787
68 0.451847 0.075568 0.459446 0.193674 0.471045 0.192577 0.447847 0.194771 0.471045 0.192577 0.469547 0.283452 0.468649 0.366602 0.447847 0.194771 0.454345 0.285601 0.465476 0.347447
69 0.452683 0.076410 0.459201 0.193772 0.471129 0.192657 0.447273 0.194887 0.471129 0.192657 0.469522 0.283862 0.468286 0.367113 0.447273 0.194887 0.454256 0.286276 0.465778 0.342073
70 0.453413 0.076912 0.459105 0.194406 0.471189 0.193440 0.447020 0.195372 0.471189 0.193440 0.469776 0.284289 0.468430 0.367098 0.447020 0.195372 0.453839 0.285887 0.465633 0.343032
71 0.454731 0.076866 0.458910 0.194607 0.471144 0.193818 0.446676 0.195397 0.471144 0.193818 0.469797 0.284475 0.469191 0.366630 0.446676 0.195397 0.452269 0.285620 0.464354 0.340459
72 0.455915 0.077196 0.459061 0.196481 0.471322 0.195955 0.446800 0.197008 0.471322 0.195955 0.470953 0.286771 0.469545 0.366620 0.446800 0.197008 0.451142 0.287107 0.463832 0.341802
73 0.457443 0.077463 0.459711 0.197784 0.472315 0.197107 0.447107 0.198461 0.472315 0.197107 0.472357 0.288209 0.469591 0.366735 0.447107 0.198461 0.450495 0.288160 0.463109 0.342615
74 0.459159 0.078134 0.460040 0.200478 0.472775 0.200214 0.447306 0.200742 0.472775 0.200214 0.472475 0.292265 0.469080 0.366728 0.447306 0.200742 0.449660 0.290554 0.463381 0.342834
75 0.460495 0.078982 0.460788 0.202540 0.474113 0.203071 0.447464 0.202009 0.474113 0.203071 0.473810 0.295999 0.469239 0.366545 0.447464 0.202009 0.446853 0.291910 0.461360 0.342959
76 0.461362 0.079335 0.461165 0.204159 0.474589 0.204524 0.447742 0.203794 0.474589 0.204524 0.475670 0.295717 0.470040 0.366391 0.447742 0.203794 0.446549 0.293274 0.459407 0.345269
77 0.462056 0.080700 0.461298 0.208050 0.474579 0.209568 0.448017 0.206532 0.474579 0.209568 0.476189 0.298888 0.470683 0.365308 0.448017 0.206532 0.446421 0.294339 0.457052 0.353851
78 0.462998 0.081519 0.462344 0.208144 0.475830 0.209595 0.448858 0.206693 0.475830 0.209595 0.476769 0.298143 0.470671 0.366459 0.448858 0.206693 0.447050 0.296017 0.453813 0.358258
79 0.463121 0.082460 0.463160 0.208823 0.476464 0.210497 0.449855 0.207150 0.476464 0.210497 0.477345 0.299739 0.470089 0.364409 0.449855 0.207150 0.448628 0.298716 0.452616 0.367979
80 0.463415 0.083885 0.464170 0.209426 0.477520 0.210057 0.450819 0.208795 0.477520 0.210057 0.477632 0.298658 0.470826 0.363049 0.450819 0.208795 0.452703 0.301676 0.453592 0.377106
81 0.463914 0.085786 0.464876 0.211252 0.478133 0.211163 0.451620 0.211342 0.478133 0.211163 0.478369 0.300466 0.469260 0.362635 0.451620 0.211342 0.454326 0.307300 0.454633 0.382515
82 0.464137 0.088389 0.465897 0.215572 0.479088 0.215357 0.452706 0.215787 0.479088 0.215357 0.478389 0.305986 0.468999 0.371735 0.452706 0.215787 0.458465 0.311695 0.457524 0.393825
83 0.464489 0.091711 0.466603 0.220801 0.479724 0.220792 0.453481 0.220810 0.479724 0.220792 0.478447 0.308702 0.469015 0.374241 0.453481 0.220810 0.461896 0.316819 0.462929 0.401725
84 0.464712 0.094308 0.466589 0.224890 0.479555 0.225003 0.453624 0.224776 0.479555 0.225003 0.478458 0.314123 0.469038 0.382298 0.453624 0.224776 0.463041 0.320921 0.467156 0.409108
85 0.465116 0.096278 0.467254 0.225029 0.480089 0.225109 0.454420 0.224949 0.480089 0.225109 0.478681 0.312061 0.471896 0.368331 0.454420 0.224949 0.465445 0.320341 0.471595 0.413828
86 0.465461 0.099405 0.468735 0.226527 0.481773 0.225692 0.455698 0.227362 0.481773 0.225692 0.479479 0.310731 0.472784 0.369197 0.455698 0.227362 0.466469 0.320422 0.474165 0.413157
87 0.465746 0.101625 0.469161 0.228521 0.482195 0.228445 0.456128 0.228597 0.482195 0.228445 0.479812 0.313019 0.472093 0.369200 0.456128 0.228597 0.468082 0.321186 0.475266 0.412514
88 0.466148 0.101858 0.469861 0.227875 0.483003 0.227682 0.456718 0.228068 0.483003 0.227682 0.480052 0.314171 0.471049 0.373532 0.456718 0.228068 0.469009 0.319839 0.475266 0.412738
89 0.466767 0.101829 0.471505 0.228003 0.484814 0.227088 0.458196 0.228917 0.484814 0.227088 0.483028 0.313428 0.471850 0.379421 0.458196 0.228917 0.469444 0.322385 0.474539 0.411546
90 0.467413 0.101750 0.472774 0.230235 0.486378 0.229177 0.459171 0.231292 0.486378 0.229177 0.485223 0.316210 0.471809 0.381328 0.459171 0.231292 0.470735 0.324055 0.474761 0.410837
91 0.468225 0.101384 0.474357 0.231754 0.488216 0.230605 0.460499 0.232903 0.488216 0.230605 0.488363 0.319477 0.471500 0.380503 0.460499 0.232903 0.470663 0.327559 0.475406 0.413044
92 0.469321 0.101009 0.475239 0.234596 0.489434 0.233480 0.461043 0.235712 0.489434 0.233480 0.492249 0.323178 0.472610 0.379282 0.461043 0.235712 0.470872 0.329904 0.475594 0.411696
93 0.470251 0.101155 0.476733 0.237324 0.491017 0.235695 0.462449 0.238953 0.491017 0.235695 0.498933 0.321700 0.477872 0.382844 0.462449 0.238953 0.470112 0.337750 0.475668 0.412538
94 0.471416 0.102978 0.478518 0.240594 0.493361 0.238732 0.463676 0.242457 0.493361 0.238732 0.502398 0.325066 0.483717 0.391905 0.463676 0.242457 0.469798 0.339609 0.475390 0.412159
95 0.472717 0.104255 0.480794 0.241846 0.495526 0.239887 0.466061 0.243805 0.495526 0.239887 0.505156 0.324955 0.491176 0.402363 0.466061 0.243805 0.470090 0.337965 0.475663 0.412431
96 0.474107 0.105922 0.481388 0.241686 0.496226 0.239778 0.466551 0.243594 0.496226 0.239778 0.507910 0.329186 0.501524 0.419492 0.466551 0.243594 0.471382 0.336666 0.476904 0.415353
97 0.476290 0.107870 0.482859 0.244550 0.497828 0.242732 0.467890 0.246369 0.497828 0.242732 0.509491 0.337673 0.509199 0.429501 0.467890 0.246369 0.473169 0.337193 0.476514 0.416113
98 0.478309 0.111180 0.485345 0.251858 0.500402 0.249742 0.470288 0.253974 0.500402 0.249742 0.512612 0.349310 0.517887 0.441021 0.470288 0.253974 0.473931 0.343647 0.476432 0.416327
99 0.480877 0.114502 0.487997 0.256332 0.502990 0.254657 0.473004 0.258006 0.502990 0.254657 0.515447 0.355566 0.525038 0.444585 0.473004 0.258006 0.474342 0.347980 0.476368 0.417270
100 0.483938 0.116406 0.490144 0.257954 0.504890 0.257059 0.475398 0.258849 0.504890 0.257059 0.515739 0.358117 0.529645 0.451102 0.475398 0.258849 0.475080 0.344959 0.476279 0.416847
101 0.487458 0.120908 0.492440 0.262032 0.507172 0.262581 0.477709 0.261482 0.507172 0.262581 0.518317 0.365317 0.531432 0.454499 0.477709 0.261482 0.477739 0.340633 0.476289 0.416732
102 0.491277 0.122373 0.495624 0.262754 0.509939 0.263468 0.481310 0.262040 0.509939 0.263468 0.521323 0.367563 0.531476 0.459605 0.481310 0.262040 0.479538 0.340113 0.476662 0.417126
103 0.495695 0.125018 0.499197 0.262719 0.513387 0.263710 0.485008 0.261729 0.513387 0.263710 0.524771 0.368477 0.531376 0.460587 0.485008 0.261729 0.482300 0.339981 0.476865 0.417164
104 0.500621 0.126547 0.503134 0.267481 0.517746 0.268629 0.488522 0.266334 0.517746 0.268629 0.527465 0.369479 0.532749 0.461584 0.488522 0.266334 0.484800 0.343574 0.477905 0.420133
105 0.506404 0.126942 0.508684 0.270085 0.523129 0.271076 0.494239 0.269095 0.523129 0.271076 0.531045 0.371295 0.531884 0.464547 0.494239 0.269095 0.488746 0.344413 0.478079 0.419435
106 0.511560 0.127142 0.513363 0.273923 0.527609 0.275534 0.499117 0.272313 0.527609 0.275534 0.534015 0.372574 0.532745 0.467052 0.499117 0.272313 0.491127 0.347459 0.478219 0.418158
107 0.515895 0.128586 0.517174 0.276611 0.530759 0.278070 0.503589 0.275153 0.530759 0.278070 0.535649 0.371596 0.533443 0.469719 0.503589 0.275153 0.495970 0.350831 0.479588 0.413215
108 0.518957 0.130532 0.519151 0.279543 0.532265 0.281029 0.506037 0.278057 0.532265 0.281029 0.537711 0.376062 0.533736 0.474655 0.506037 0.278057 0.498224 0.361357 0.480176 0.413919
109 0.522925 0.134796 0.521188 0.280211 0.534036 0.281774 0.508340 0.278647 0.534036 0.281774 0.539521 0.376844 0.533669 0.477027 0.508340 0.278647 0.502522 0.367047 0.483243 0.413792
110 0.525999 0.139087 0.521903 0.286394 0.534286 0.287265 0.509519 0.285524 0.534286 0.287265 0.544688 0.382499 0.533324 0.478076 0.509519 0.285524 0.507470 0.383738 0.485857 0.421185
111 0.528806 0.144549 0.525650 0.291469 0.538536 0.292310 0.512764 0.290628 0.538536 0.292310 0.549029 0.384346 0.533531 0.477016 0.512764 0.290628 0.510640 0.387055 0.492260 0.429871
112 0.531848 0.151337 0.528031 0.300903 0.540962 0.301021 0.515100 0.300785 0.540962 0.301021 0.554174 0.393086 0.532991 0.476365 0.515100 0.300785 0.515733 0.399395 0.493610 0.438998
113 0.533676 0.156639 0.530418 0.305010 0.543624 0.304592 0.517212 0.305429 0.543624 0.304592 0.558639 0.400278 0.532767 0.477547 0.517212 0.305429 0.523488 0.404233 0.504753 0.440321
114 0.535217 0.163481 0.531726 0.312621 0.544469 0.312655 0.518982 0.312587 0.544469 0.312655 0.562601 0.402648 0.522812 0.475879 0.518982 0.312587 0.529805 0.424600 0.522470 0.469579
115 0.537258 0.171521 0.531008 0.317980 0.543856 0.319117 0.518160 0.316844 0.543856 0.319117 0.565047 0.409989 0.516427 0.475696 0.518160 0.316844 0.530665 0.424934 0.533235 0.490335
116 0.538706 0.182133 0.532801 0.332129 0.545280 0.332067 0.520322 0.332190 0.545280 0.332067 0.569984 0.419097 0.519274 0.487281 0.520322 0.332190 0.537115 0.439475 0.519855 0.487089
117 0.541364 0.193142 0.535069 0.347456 0.548618 0.346377 0.521520 0.348534 0.548618 0.346377 0.578591 0.432798 0.538151 0.488067 0.521520 0.348534 0.546495 0.459187 0.516566 0.475694
118 0.543018 0.208959 0.537951 0.366818 0.550847 0.364278 0.525055 0.369358 0.550847 0.364278 0.584600 0.439647 0.551107 0.487018 0.525055 0.369358 0.555190 0.479298 0.517832 0.500935
119 0.544982 0.226896 0.540564 0.385398 0.554125 0.382105 0.527003 0.388690 0.554125 0.382105 0.587337 0.462286 0.561839 0.496073 0.527003 0.388690 0.559720 0.508287 0.514808 0.520121
120 0.548268 0.250272 0.542040 0.405073 0.555534 0.399548 0.528545 0.410598 0.555534 0.399548 0.590133 0.461762 0.567641 0.490977 0.528545 0.410598 0.565647 0.524745 0.516244 0.521872
121 0.550959 0.276126 0.543001 0.424413 0.555985 0.418001 0.530017 0.430824 0.555985 0.418001 0.594012 0.467917 0.562556 0.493515 0.530017 0.430824 0.568741 0.550171 0.522191 0.519880
122 0.555009 0.305397 0.543447 0.439497 0.556740 0.438617 0.530154 0.440376 0.556740 0.438617 0.597176 0.491042 0.541337 0.503478 0.530154 0.440376 0.566664 0.507855 0.545559 0.528552
123 0.559150 0.340810 0.544980 0.468167 0.557695 0.462175 0.532265 0.474159 0.557695 0.462175 0.607419 0.501686 0.591714 0.543900 0.532265 0.474159 0.582958 0.525468 0.582792 0.552739
124 0.566009 0.381220 0.549654 0.497049 0.563393 0.485031 0.535914 0.509068 0.563393 0.485031 0.606897 0.501888 0.576945 0.544910 0.535914 0.509068 0.579496 0.569519 0.578719 0.558770
125 0.566595 0.412546 0.549455 0.513662 0.563093 0.501946 0.535817 0.525378 0.563093 0.501946 0.601022 0.526732 0.572753 0.565660 0.535817 0.525378 0.590876 0.570372 0.559332 0.566832
126 0.575481 0.438633 0.551596 0.519623 0.566032 0.514098 0.537161 0.525148 0.566032 0.514098 0.601725 0.558561 0.567291 0.557265 0.537161 0.525148 0.563228 0.565919 0.543557 0.566629
127 0.571258 0.479295 0.549200 0.495634 0.563211 0.490948 0.535189 0.500320 0.563211 0.490948 0.598703 0.537563 0.582049 0.572140 0.535189 0.500320 0.566967 0.557974 0.547973 0.596476
128 -1 -1 -1 -1 -1 -1 -1 -1 -1 -1 -1 -1 -1 -1 -1 -1 -1 -1 -1 -1
129 -1 -1 -1 -1 -1 -1 -1 -1 -1 -1 -1 -1 -1 -1 -1 -1 -1 -1 -1 -1
130 -1 -1 -1 -1 -1 -1 -1 -1 -1 -1 -1 -1 -1 -1 -1 -1 -1 -1 -1 -1
131 -1 -1 -1 -1 -1 -1 -1 -1 -1 -1 -1 -1 -1 -1 -1 -1 -1 -1 -1 -1
132 -1 -1 -1 -1 -1 -1 -1 -1 -1 -1 -1 -1 -1 -1 -1 -1 -1 -1 -1 -1
133 -1 -1 -1 -1 -1 -1 -1 -1 -1 -1 -1 -1 -1 -1 -1 -1 -1 -1 -1 -1
134 -1 -1 -1 -1 -1 -1 -1 -1 -1 -1 -1 -1 -1 -1 -1 -1 -1 -1 -1 -1
135 -1 -1 -1 -1 -1 -1 -1 -1 -1 -1 -1 -1 -1 -1 -1 -1 -1 -1 -1 -1
136 -1 -1 -1 -1 -1 -1 -1 -1 -1 -1 -1 -1 -1 -1 -1 -1 -1 -1 -1 -1
137 -1 -1 -1 -1 -1 -1 -1 -1 -1 -1 -1 -1 -1 -1 -1 -1 -1 -1 -1 -1
138 -1 -1 -1 -1 -1 -1 -1 -1 -1 -1 -1 -1 -1 -1 -1 -1 -1 -1 -1 -1
139 -1 -1 -1 -1 -1 -1 -1 -1 -1 -1 -1 -1 -1 -1 -1 -1 -1 -1 -1 -1
140 -1 -1 -1 -1 -1 -1 -1 -1 -1 -1 -1 -1 -1 -1 -1 -1 -1 -1 -1 -1
141 -1 -1 -1 -1 -1 -1 -1 -1 -1 -1 -1 -1 -1 -1 -1 -1 -1 -1 -1 -1
142 -1 -1 -1 -1 -1 -1 -1 -1 -1 -1 -1 -1 -1 -1 -1 -1 -1 -1 -1 -1
143 -1 -1 -1 -1 -1 -1 -1 -1 -1 -1 -1 -1 -1 -1 -1 -1 -1 -1 -1 -1
144 -1 -1 -1 -1 -1 -1 -1 -1 -1 -1 -1 -1 -1 -1 -1 -1 -1 -1 -1 -1
145 -1 -1 -1 -1 -1 -1 -1 -1 -1 -1 -1 -1 -1 -1 -1 -1 -1 -1 -1 -1
146 -1 -1 -1 -1 -1 -1 -1 -1 -1 -1 -1 -1 -1 -1 -1 -1 -1 -1 -1 -1
147 -1 -1 -1 -1 -1 -1 -1 -1 -1 -1 -1 -1 -1 -1 -1 -1 -1 -1 -1 -1
148 -1 -1 -1 -1 -1 -1 -1 -1 -1 -1 -1 -1 -1 -1 -1 -1 -1 -1 -1 -1
149 -1 -1 -1 -1 -1 -1 -1 -1 -1 -1 -1 -1 -1 -1 -1 -1 -1 -1 -1 -1
150 -1 -1 -1 -1 -1 -1 -1 -1 -1 -1 -1 -1 -1 -1 -1 -1 -1 -1 -1 -1
151 -1 -1 -1 -1 -1 -1 -1 -1 -1 -1 -1 -1 -1 -1 -1 -1 -1 -1 -1 -1
152 -1 -1 -1 -1 -1 -1 -1 -1 -1 -1 -1 -1 -1 -1 -1 -1 -1 -1 -1 -1
153 -1 -1 -1 -1 -1 -1 -1 -1 -1 -1 -1 -1 -1 -1 -1 -1 -1 -1 -1 -1
154 -1 -1 -1 -1 -1 -1 -1 -1 -1 -1 -1 -1 -1 -1 -1 -1 -1 -1 -1 -1
155 -1 -1 -1 -1 -1 -1 -1 -1 -1 -1 -1 -1 -1 -1 -1 -1 -1 -1 -1 -1
156 -1 -1 -1 -1 -1 -1 -1 -1 -1 -1 -1 -1 -1 -1 -1 -1 -1 -1 -1 -1
157 -1 -1 -1 -1 -1 -1 -1 -1 -1 -1 -1 -1 -1 -1 -1 -1 -1 -1 -1 -1
158 -1 -1 -1 -1 -1 -1 -1 -1 -1 -1 -1 -1 -1 -1 -1 -1 -1 -1 -1 -1
159 -1 -1 -1 -1 -1 -1 -1 -1 -1 -1 -1 -1 -1 -1 -1 -1 -1 -1 -1 -1
160 -1 -1 -1 -1 -1 -1 -1 -1 -1 -1 -1 -1 -1 -1 -1 -1 -1 -1 -1 -1
161 -1 -1 -1 -1 -1 -1 -1 -1 -1 -1 -1 -1 -1 -1 -1 -1 -1 -1 -1 -1
162 -1 -1 -1 -1 -1 -1 -1 -1 -1 -1 -1 -1 -1 -1 -1 -1 -1 -1 -1 -1
163 -1 -1 -1 -1 -1 -1 -1 -1 -1 -1 -1 -1 -1 -1 -1 -1 -1 -1 -1 -1
164 -1 -1 -1 -1 -1 -1 -1 -1 -1 -1 -1 -1 -1 -1 -1 -1 -1 -1 -1 -1
165 -1 -1 -1 -1 -1 -1 -1 -1 -1 -1 -1 -1 -1 -1 -1 -1 -1 -1 -1 -1
166 -1 -1 -1 -1 -1 -1 -1 -1 -1 -1 -1 -1 -1 -1 -1 -1 -1 -1 -1 -1
167 -1 -1 -1 -1 -1 -1 -1 -1 -1 -1 -1 -1 -1 -1 -1 -1 -1 -1 -1 -1
168 -1 -1 -1 -1 -1 -1 -1 -1 -1 -1 -1 -1 -1 -1 -1 -1 -1 -1 -1 -1
169 -1 -1 -1 -1 -1 -1 -1 -1 -1 -1 -1 -1 -1 -1 -1 -1 -1 -1 -1 -1
170 -1 -1 -1 -1 -1 -1 -1 -1 -1 -1 -1 -1 -1 -1 -1 -1 -1 -1 -1 -1
171 -1 -1 -1 -1 -1 -1 -1 -1 -1 -1 -1 -1 -1 -1 -1 -1 -1 -1 -1 -1
172 -1 -1 -1 -1 -1 -1 -1 -1 -1 -1 -1 -1 -1 -1 -1 -1 -1 -1 -1 -1
173 -1 -1 -1 -1 -1 -1 -1 -1 -1 -1 -1 -1 -1 -1 -1 -1 -1 -1 -1 -1
174 -1 -1 -1 -1 -1 -1 -1 -1 -1 -1 -1 -1 -1 -1 -1 -1 -1 -1 -1 -1
175 -1 -1 -1 -1 -1 -1 -1 -1 -1 -1 -1 -1 -1 -1 -1 -1 -1 -1 -1 -1
176 -1 -1 -1 -1 -1 -1 -1 -1 -1 -1 -1 -1 -1 -1 -1 -1 -1 -1 -1 -1
177 -1 -1 -1 -1 -1 -1 -1 -1 -1 -1 -1 -1 -1 -1 -1 -1 -1 -1 -1 -1
178 -1 -1 -1 -1 -1 -1 -1 -1 -1 -1 -1 -1 -1 -1 -1 -1 -1 -1 -1 -1
179 -1 -1 -1 -1 -1 -1 -1 -1 -1 -1 -1 -1 -1 -1 -1 -1 -1 -1 -1 -1
180 -1 -1 -1 -1 -1 -1 -1 -1 -1 -1 -1 -1 -1 -1 -1 -1 -1 -1 -1 -1
181 -1 -1 -1 -1 -1 -1 -1 -1 -1 -1 -1 -1 -1 -1 -1 -1 -1 -1 -1 -1
182 -1 -1 -1 -1 -1 -1 -1 -1 -1 -1 -1 -1 -1 -1 -1 -1 -1 -1 -1 -1
183 -1 -1 -1 -1 -1 -1 -1 -1 -1 -1 -1 -1 -1 -1 -1 -1 -1 -1 -1 -1
184 -1 -1 -1 -1 -1 -1 -1 -1 -1 -1 -1 -1 -1 -1 -1 -1 -1 -1 -1 -1
185 -1 -1 -1 -1 -1 -1 -1 -1 -1 -1 -1 -1 -1 -1 -1 -1 -1 -1 -1 -1
186 -1 -1 -1 -1 -1 -1 -1 -1 -1 -1 -1 -1 -1 -1 -1 -1 -1 -1 -1 -1
187 -1 -1 -1 -1 -1 -1 -1 -1 -1 -1 -1 -1 -1 -1 -1 -1 -1 -1 -1 -1
188 -1 -1 -1 -1 -1 -1 -1 -1 -1 -1 -1 -1 -1 -1 -1 -1 -1 -1 -1 -1
189 -1 -1 -1 -1 -1 -1 -1 -1 -1 -1 -1 -1 -1 -1 -1 -1 -1 -1 -1 -1
190 -1 -1 -1 -1 -1 -1 -1 -1 -1 -1 -1 -1 -1 -1 -1 -1 -1 -1 -1 -1
191 -1 -1 -1 -1 -1 -1 -1 -1 -1 -1 -1 -1 -1 -1 -1 -1 -1 -1 -1 -1
