52
76
0 -1 -1 -1 -1 -1 -1 -1 -1 -1 -1 -1 -1 -1 -1 -1 -1 -1 -1 -1 -1
1 -1 -1 -1 -1 -1 -1 -1 -1 -1 -1 -1 -1 -1 -1 -1 -1 -1 -1 -1 -1
2 -1 -1 -1 -1 -1 -1 -1 -1 -1 -1 -1 -1 -1 -1 -1 -1 -1 -1 -1 -1
3 -1 -1 -1 -1 -1 -1 -1 -1 -1 -1 -1 -1 -1 -1 -1 -1 -1 -1 -1 -1
4 -1 -1 -1 -1 -1 -1 -1 -1 -1 -1 -1 -1 -1 -1 -1 -1 -1 -1 -1 -1
5 -1 -1 -1 -1 -1 -1 -1 -1 -1 -1 -1 -1 -1 -1 -1 -1 -1 -1 -1 -1
6 -1 -1 -1 -1 -1 -1 -1 -1 -1 -1 -1 -1 -1 -1 -1 -1 -1 -1 -1 -1
7 -1 -1 -1 -1 -1 -1 -1 -1 -1 -1 -1 -1 -1 -1 -1 -1 -1 -1 -1 -1
8 -1 -1 -1 -1 -1 -1 -1 -1 -1 -1 -1 -1 -1 -1 -1 -1 -1 -1 -1 -1
9 -1 -1 -1 -1 -1 -1 -1 -1 -1 -1 -1 -1 -1 -1 -1 -1 -1 -1 -1 -1
10 -1 -1 -1 -1 -1 -1 -1 -1 -1 -1 -1 -1 -1 -1 -1 -1 -1 -1 -1 -1
11 -1 -1 -1 -1 -1 -1 -1 -1 -1 -1 -1 -1 -1 -1 -1 -1 -1 -1 -1 -1
12 -1 -1 -1 -1 -1 -1 -1 -1 -1 -1 -1 -1 -1 -1 -1 -1 -1 -1 -1 -1
13 -1 -1 -1 -1 -1 -1 -1 -1 -1 -1 -1 -1 -1 -1 -1 -1 -1 -1 -1 -1
14 -1 -1 -1 -1 -1 -1 -1 -1 -1 -1 -1 -1 -1 -1 -1 -1 -1 -1 -1 -1
15 -1 -1 -1 -1 -1 -1 -1 -1 -1 -1 -1 -1 -1 -1 -1 -1 -1 -1 -1 -1
16 -1 -1 -1 -1 -1 -1 -1 -1 -1 -1 -1 -1 -1 -1 -1 -1 -1 -1 -1 -1
17 -1 -1 -1 -1 -1 -1 -1 -1 -1 -1 -1 -1 -1 -1 -1 -1 -1 -1 -1 -1
18 -1 -1 -1 -1 -1 -1 -1 -1 -1 -1 -1 -1 -1 -1 -1 -1 -1 -1 -1 -1
19 -1 -1 -1 -1 -1 -1 -1 -1 -1 -1 -1 -1 -1 -1 -1 -1 -1 -1 -1 -1
20 -1 -1 -1 -1 -1 -1 -1 -1 -1 -1 -1 -1 -1 -1 -1 -1 -1 -1 -1 -1
21 -1 -1 -1 -1 -1 -1 -1 -1 -1 -1 -1 -1 -1 -1 -1 -1 -1 -1 -1 -1
22 -1 -1 -1 -1 -1 -1 -1 -1 -1 -1 -1 -1 -1 -1 -1 -1 -1 -1 -1 -1
23 -1 -1 -1 -1 -1 -1 -1 -1 -1 -1 -1 -1 -1 -1 -1 -1 -1 -1 -1 -1
24 -1 -1 -1 -1 -1 -1 -1 -1 -1 -1 -1 -1 -1 -1 -1 -1 -1 -1 -1 -1
25 -1 -1 -1 -1 -1 -1 -1 -1 -1 -1 -1 -1 -1 -1 -1 -1 -1 -1 -1 -1
26 -1 -1 -1 -1 -1 -1 -1 -1 -1 -1 -1 -1 -1 -1 -1 -1 -1 -1 -1 -1
27 -1 -1 -1 -1 -1 -1 -1 -1 -1 -1 -1 -1 -1 -1 -1 -1 -1 -1 -1 -1
28 -1 -1 -1 -1 -1 -1 -1 -1 -1 -1 -1 -1 -1 -1 -1 -1 -1 -1 -1 -1
29 -1 -1 -1 -1 -1 -1 -1 -1 -1 -1 -1 -1 -1 -1 -1 -1 -1 -1 -1 -1
30 -1 -1 -1 -1 -1 -1 -1 -1 -1 -1 -1 -1 -1 -1 -1 -1 -1 -1 -1 -1
31 -1 -1 -1 -1 -1 -1 -1 -1 -1 -1 -1 -1 -1 -1 -1 -1 -1 -1 -1 -1
32 -1 -1 -1 -1 -1 -1 -1 -1 -1 -1 -1 -1 -1 -1 -1 -1 -1 -1 -1 -1
33 -1 -1 -1 -1 -1 -1 -1 -1 -1 -1 -1 -1 -1 -1 -1 -1 -1 -1 -1 -1
34 -1 -1 -1 -1 -1 -1 -1 -1 -1 -1 -1 -1 -1 -1 -1 -1 -1 -1 -1 -1
35 -1 -1 -1 -1 -1 -1 -1 -1 -1 -1 -1 -1 -1 -1 -1 -1 -1 -1 -1 -1
36 -1 -1 -1 -1 -1 -1 -1 -1 -1 -1 -1 -1 -1 -1 -1 -1 -1 -1 -1 -1
37 -1 -1 -1 -1 -1 -1 -1 -1 -1 -1 -1 -1 -1 -1 -1 -1 -1 -1 -1 -1
38 -1 -1 -1 -1 -1 -1 -1 -1 -1 -1 -1 -1 -1 -1 -1 -1 -1 -1 -1 -1
39 -1 -1 -1 -1 -1 -1 -1 -1 -1 -1 -1 -1 -1 -1 -1 -1 -1 -1 -1 -1
40 -1 -1 -1 -1 -1 -1 -1 -1 -1 -1 -1 -1 -1 -1 -1 -1 -1 -1 -1 -1
41 -1 -1 -1 -1 -1 -1 -1 -1 -1 -1 -1 -1 -1 -1 -1 -1 -1 -1 -1 -1
42 -1 -1 -1 -1 -1 -1 -1 -1 -1 -1 -1 -1 -1 -1 -1 -1 -1 -1 -1 -1
43 -1 -1 -1 -1 -1 -1 -1 -1 -1 -1 -1 -1 -1 -1 -1 -1 -1 -1 -1 -1
44 -1 -1 -1 -1 -1 -1 -1 -1 -1 -1 -1 -1 -1 -1 -1 -1 -1 -1 -1 -1
45 0.504822 0.430814 0.502924 0.673481 0.474016 0.672050 0.531832 0.674913 0.474016 0.672050 0.431739 0.769421 0.458304 0.922108 0.531832 0.674913 0.511568 0.820063 0.537108 1.000616
46 0.495921 0.434308 0.498177 0.672879 0.468558 0.672361 0.527796 0.673398 0.468558 0.672361 0.427035 0.761534 0.457409 0.915714 0.527796 0.673398 0.505292 0.813122 0.529854 0.991615
47 0.486471 0.441632 0.494347 0.673661 0.463906 0.673903 0.524789 0.673419 0.463906 0.673903 0.425609 0.765104 0.458926 0.919500 0.524789 0.673419 0.500533 0.803374 0.527756 0.969751
48 0.476342 0.448689 0.491025 0.677902 0.461423 0.681143 0.520627 0.674662 0.461423 0.681143 0.417484 0.762673 0.459820 0.918916 0.520627 0.674662 0.495730 0.797694 0.527907 0.957183
49 0.464458 0.456178 0.489911 0.680836 0.460979 0.686172 0.518844 0.675500 0.460979 0.686172 0.414893 0.767540 0.461121 0.923063 0.518844 0.675500 0.492247 0.797020 0.530019 0.949761
50 0.455663 0.462728 0.489556 0.681219 0.461222 0.686668 0.517890 0.675770 0.461222 0.686668 0.412004 0.770443 0.460547 0.920692 0.517890 0.675770 0.489184 0.797368 0.531132 0.943546
51 0.444653 0.468685 0.490315 0.681274 0.463277 0.686647 0.517354 0.675901 0.463277 0.686647 0.408350 0.772104 0.462015 0.920744 0.517354 0.675901 0.483114 0.799765 0.535036 0.949540
52 0.439030 0.478832 0.490077 0.680941 0.464412 0.685731 0.515742 0.676151 0.464412 0.685731 0.403160 0.772607 0.462125 0.916692 0.515742 0.676151 0.483133 0.801830 0.535025 0.950907
53 0.436515 0.492571 0.489344 0.679120 0.464497 0.682960 0.514192 0.675280 0.464497 0.682960 0.404720 0.775303 0.460117 0.918284 0.514192 0.675280 0.483638 0.802940 0.535169 0.949692
54 0.429041 0.503319 0.486335 0.675738 0.462601 0.678714 0.510069 0.672762 0.462601 0.678714 0.399935 0.775761 0.457312 0.917838 0.510069 0.672762 0.483993 0.804564 0.535621 0.945974
55 0.424823 0.515445 0.483067 0.671589 0.460100 0.674745 0.506034 0.668433 0.460100 0.674745 0.401272 0.778397 0.456899 0.916856 0.506034 0.668433 0.482589 0.808388 0.534678 0.946628
56 0.423301 0.527819 0.477646 0.665063 0.454220 0.667572 0.501072 0.662555 0.454220 0.667572 0.399593 0.779983 0.457706 0.913320 0.501072 0.662555 0.483555 0.810143 0.534149 0.946188
57 0.422954 0.533342 0.471220 0.657057 0.446975 0.659976 0.495464 0.654139 0.446975 0.659976 0.397978 0.780032 0.457920 0.908944 0.495464 0.654139 0.484407 0.810179 0.534219 0.944076
58 0.414422 0.530302 0.466730 0.653515 0.445897 0.654262 0.487563 0.652768 0.445897 0.654262 0.392237 0.778262 0.458129 0.907097 0.487563 0.652768 0.482743 0.810085 0.534265 0.943104
59 0.416333 0.546371 0.459172 0.649773 0.446289 0.644688 0.472055 0.654858 0.446289 0.644688 0.386875 0.776208 0.458362 0.906687 0.472055 0.654858 0.479862 0.806426 0.532228 0.934611
60 0.414401 0.548382 0.449305 0.652020 0.432701 0.648416 0.465910 0.655623 0.432701 0.648416 0.387478 0.777086 0.455615 0.907575 0.465910 0.655623 0.477373 0.801047 0.531081 0.926615
61 0.404623 0.546523 0.442331 0.650074 0.418996 0.650104 0.465667 0.650044 0.418996 0.650104 0.386690 0.784014 0.445180 0.909361 0.465667 0.650044 0.473545 0.791631 0.531219 0.916875
62 0.407816 0.557163 0.438037 0.650654 0.415650 0.650519 0.460423 0.650790 0.415650 0.650519 0.389133 0.796258 0.437644 0.922003 0.460423 0.650790 0.468867 0.790580 0.528204 0.914876
63 0.408807 0.580761 0.435343 0.662640 0.416094 0.658344 0.454592 0.666937 0.416094 0.658344 0.397236 0.797866 0.434658 0.922592 0.454592 0.666937 0.471011 0.776083 0.520072 0.903450
64 0.401094 0.594050 0.431569 0.676028 0.414880 0.670796 0.448259 0.681259 0.414880 0.670796 0.401194 0.799469 0.435233 0.922153 0.448259 0.681259 0.467988 0.781892 0.512855 0.896813
65 0.396380 0.621060 0.428320 0.686479 0.412324 0.680889 0.444317 0.692068 0.412324 0.680889 0.404521 0.800998 0.437886 0.919774 0.444317 0.692068 0.466379 0.782671 0.509067 0.894837
66 0.400992 0.636267 0.430171 0.705825 0.408939 0.705681 0.451402 0.705969 0.408939 0.705681 0.405986 0.809775 0.437981 0.920806 0.451402 0.705969 0.465863 0.801375 0.511359 0.898741
67 0.398936 0.640049 0.430045 0.716658 0.407848 0.717777 0.452242 0.715539 0.407848 0.717777 0.405395 0.815584 0.437279 0.919094 0.452242 0.715539 0.466932 0.808481 0.513293 0.899693
68 0.396894 0.642708 0.429827 0.718219 0.407083 0.721742 0.452571 0.714696 0.407083 0.721742 0.405691 0.815629 0.437778 0.917887 0.452571 0.714696 0.472321 0.800039 0.514077 0.898349
69 0.394630 0.644473 0.430699 0.717281 0.409681 0.725237 0.451716 0.709326 0.409681 0.725237 0.406669 0.818909 0.437314 0.916195 0.451716 0.709326 0.478399 0.796552 0.519107 0.895717
70 0.395476 0.642673 0.428155 0.714972 0.422552 0.715063 0.433758 0.714882 0.422552 0.715063 0.441667 0.810789 0.496526 0.904629 0.433758 0.714882 0.437978 0.805720 0.468242 0.910710
71 0.391538 0.642734 0.428431 0.716534 0.415394 0.721626 0.441468 0.711442 0.415394 0.721626 0.436039 0.818841 0.452148 0.906633 0.441468 0.711442 0.447057 0.802305 0.484814 0.905957
72 0.389667 0.641396 0.423229 0.714199 0.401943 0.716694 0.444516 0.711705 0.401943 0.716694 0.410094 0.816196 0.437846 0.906773 0.444516 0.711705 0.458801 0.799042 0.507366 0.890475
73 0.389610 0.640995 0.421993 0.712974 0.398624 0.714901 0.445361 0.711047 0.398624 0.714901 0.406723 0.829323 0.434597 0.913366 0.445361 0.711047 0.461247 0.798928 0.509940 0.891261
74 0.391922 0.645535 0.423981 0.717511 0.401975 0.724712 0.445986 0.710309 0.401975 0.724712 0.405401 0.830645 0.431170 0.917596 0.445986 0.710309 0.459739 0.799162 0.510031 0.892910
75 0.392413 0.653896 0.423739 0.722908 0.401335 0.732364 0.446143 0.713451 0.401335 0.732364 0.405570 0.833358 0.428544 0.921592 0.446143 0.713451 0.459752 0.799352 0.509338 0.892096
76 0.392116 0.657925 0.422916 0.727588 0.399294 0.738046 0.446539 0.717129 0.399294 0.738046 0.400263 0.831657 0.426082 0.923575 0.446539 0.717129 0.460651 0.801264 0.508393 0.892582
77 0.391468 0.656898 0.420113 0.727939 0.393722 0.738313 0.446504 0.717564 0.393722 0.738313 0.397812 0.830646 0.425125 0.924238 0.446504 0.717564 0.460220 0.802612 0.503463 0.893471
78 0.390718 0.655651 0.416219 0.725479 0.389287 0.733648 0.443151 0.717311 0.389287 0.733648 0.398602 0.833277 0.424525 0.923931 0.443151 0.717311 0.460420 0.803669 0.498018 0.893460
79 0.388812 0.656642 0.415146 0.725730 0.389995 0.735609 0.440297 0.715852 0.389995 0.735609 0.399317 0.833434 0.426564 0.923594 0.440297 0.715852 0.465384 0.802167 0.492211 0.893682
80 0.388295 0.656090 0.413725 0.722773 0.390187 0.733813 0.437263 0.711734 0.390187 0.733813 0.399855 0.832484 0.426862 0.925844 0.437263 0.711734 0.465229 0.798559 0.487116 0.893925
81 0.389041 0.651901 0.413710 0.721669 0.389619 0.732805 0.437801 0.710533 0.389619 0.732805 0.398613 0.832596 0.427093 0.927632 0.437801 0.710533 0.465367 0.798082 0.486499 0.899467
82 0.388601 0.651423 0.411457 0.720876 0.390987 0.731489 0.431927 0.710263 0.390987 0.731489 0.399070 0.828552 0.427512 0.933959 0.431927 0.710263 0.454775 0.797955 0.484825 0.905811
83 0.388332 0.650953 0.409213 0.719334 0.389163 0.728854 0.429262 0.709814 0.389163 0.728854 0.398368 0.824516 0.427796 0.935925 0.429262 0.709814 0.451026 0.798088 0.478658 0.911790
84 0.388528 0.651330 0.407668 0.715273 0.386429 0.723658 0.428907 0.706888 0.386429 0.723658 0.399371 0.823069 0.427912 0.937544 0.428907 0.706888 0.450138 0.798256 0.474759 0.916465
85 0.389494 0.651156 0.407766 0.712711 0.385477 0.720603 0.430055 0.704818 0.385477 0.720603 0.400133 0.821513 0.428049 0.935658 0.430055 0.704818 0.449153 0.798591 0.472932 0.917072
86 0.390364 0.651079 0.407957 0.710334 0.385095 0.718508 0.430818 0.702161 0.385095 0.718508 0.399995 0.821098 0.427914 0.934777 0.430818 0.702161 0.448924 0.799039 0.474290 0.915691
87 0.389249 0.653117 0.408135 0.710427 0.384682 0.719306 0.431589 0.701547 0.384682 0.719306 0.398059 0.823362 0.427239 0.935823 0.431589 0.701547 0.450186 0.800761 0.475677 0.914343
88 0.388878 0.653790 0.408156 0.708771 0.384235 0.717968 0.432077 0.699574 0.384235 0.717968 0.397806 0.823590 0.426382 0.934501 0.432077 0.699574 0.451804 0.799666 0.477684 0.913416
89 0.388910 0.653730 0.408126 0.708252 0.383999 0.716849 0.432253 0.699655 0.383999 0.716849 0.397986 0.824133 0.427584 0.934339 0.432253 0.699655 0.452192 0.801378 0.477295 0.910837
90 0.388762 0.653585 0.408465 0.708400 0.384512 0.717429 0.432418 0.699370 0.384512 0.717429 0.398096 0.824808 0.427611 0.934175 0.432418 0.699370 0.456331 0.801347 0.478154 0.910591
91 0.388647 0.653631 0.409173 0.708590 0.384630 0.717561 0.433717 0.699619 0.384630 0.717561 0.397075 0.826298 0.427338 0.934082 0.433717 0.699619 0.456283 0.804525 0.478659 0.910537
92 0.388563 0.653560 0.409318 0.708729 0.384839 0.717620 0.433797 0.699837 0.384839 0.717620 0.397188 0.826293 0.426773 0.933327 0.433797 0.699837 0.455328 0.805522 0.478010 0.907781
93 0.388521 0.654333 0.409451 0.713445 0.384867 0.726460 0.434035 0.700430 0.384867 0.726460 0.399235 0.828351 0.428732 0.932796 0.434035 0.700430 0.461558 0.804005 0.477730 0.907132
94 0.388566 0.654299 0.409540 0.713394 0.384972 0.726910 0.434108 0.699878 0.384972 0.726910 0.401322 0.829007 0.430329 0.931358 0.434108 0.699878 0.461806 0.802633 0.477316 0.906494
95 0.388782 0.654132 0.409685 0.712015 0.385000 0.725643 0.434369 0.698386 0.385000 0.725643 0.401219 0.828371 0.430156 0.931455 0.434369 0.698386 0.461384 0.801168 0.477017 0.906281
96 0.388986 0.654092 0.410093 0.711206 0.385104 0.724705 0.435083 0.697707 0.385104 0.724705 0.401350 0.826363 0.429505 0.931380 0.435083 0.697707 0.461149 0.800099 0.476496 0.906040
97 0.390072 0.653522 0.410671 0.707374 0.385623 0.718260 0.435720 0.696487 0.385623 0.718260 0.400629 0.824722 0.427767 0.931328 0.435720 0.696487 0.458959 0.800156 0.475765 0.906130
98 0.390833 0.653432 0.410884 0.706935 0.386038 0.717431 0.435731 0.696439 0.386038 0.717431 0.399699 0.824622 0.426647 0.931349 0.435731 0.696439 0.456367 0.800932 0.474425 0.906143
99 0.391123 0.653519 0.410631 0.705602 0.386017 0.716113 0.435244 0.695090 0.386017 0.716113 0.399179 0.822651 0.425341 0.930246 0.435244 0.695090 0.455329 0.801693 0.473874 0.906358
100 0.391090 0.653356 0.410033 0.703975 0.385887 0.714801 0.434178 0.693149 0.385887 0.714801 0.399150 0.820868 0.423820 0.929903 0.434178 0.693149 0.452308 0.802920 0.473135 0.906732
101 0.391054 0.653144 0.409528 0.702780 0.385545 0.713551 0.433511 0.692010 0.385545 0.713551 0.398070 0.820275 0.422879 0.929770 0.433511 0.692010 0.451454 0.801354 0.473410 0.906812
102 0.391134 0.652828 0.408949 0.701680 0.385547 0.712049 0.432351 0.691310 0.385547 0.712049 0.398102 0.818841 0.422711 0.929562 0.432351 0.691310 0.451159 0.802256 0.472818 0.907655
103 0.391257 0.652357 0.408670 0.701029 0.385593 0.711203 0.431747 0.690854 0.385593 0.711203 0.398609 0.817491 0.422969 0.929460 0.431747 0.690854 0.450419 0.799611 0.473019 0.907748
104 0.391300 0.652354 0.408569 0.700704 0.385459 0.710336 0.431678 0.691072 0.385459 0.710336 0.398497 0.817882 0.424230 0.925656 0.431678 0.691072 0.450606 0.801264 0.473111 0.907793
105 0.391274 0.652340 0.408319 0.700064 0.385239 0.709713 0.431399 0.690415 0.385239 0.709713 0.398991 0.816622 0.424779 0.923734 0.431399 0.690415 0.450789 0.801384 0.473159 0.907797
106 0.391637 0.652968 0.408248 0.699363 0.385221 0.708706 0.431276 0.690021 0.385221 0.708706 0.399489 0.816490 0.425115 0.922897 0.431276 0.690021 0.450992 0.801612 0.473084 0.907797
107 0.392107 0.653308 0.408339 0.698485 0.385474 0.707311 0.431205 0.689660 0.385474 0.707311 0.399686 0.816118 0.426928 0.922495 0.431205 0.689660 0.450624 0.799492 0.473164 0.907850
108 0.392798 0.653628 0.408449 0.697960 0.385639 0.706326 0.431258 0.689594 0.385639 0.706326 0.399684 0.815985 0.426898 0.922786 0.431258 0.689594 0.450766 0.800101 0.473230 0.908113
109 0.393998 0.652926 0.408209 0.696801 0.386201 0.704523 0.430216 0.689079 0.386201 0.704523 0.399777 0.813361 0.426221 0.924602 0.430216 0.689079 0.448468 0.801589 0.472757 0.908129
110 0.393872 0.653156 0.407957 0.697132 0.386637 0.703947 0.429278 0.690318 0.386637 0.703947 0.400063 0.812985 0.426179 0.926254 0.429278 0.690318 0.447410 0.802122 0.472201 0.908373
111 0.393803 0.653154 0.408010 0.697765 0.387020 0.703999 0.429000 0.691532 0.387020 0.703999 0.400193 0.813047 0.426048 0.925015 0.429000 0.691532 0.447162 0.802769 0.472248 0.908379
112 0.393710 0.653680 0.407875 0.697990 0.387041 0.704115 0.428709 0.691865 0.387041 0.704115 0.400302 0.812111 0.426349 0.924134 0.428709 0.691865 0.446803 0.802845 0.472306 0.908411
113 0.393529 0.653781 0.407967 0.698247 0.387174 0.704328 0.428760 0.692166 0.387174 0.704328 0.400651 0.812197 0.425130 0.924182 0.428760 0.692166 0.446999 0.802964 0.472342 0.908469
114 0.393363 0.653782 0.407986 0.698451 0.387165 0.704377 0.428807 0.692525 0.387165 0.704377 0.400411 0.812015 0.424096 0.924067 0.428807 0.692525 0.447951 0.802998 0.472375 0.908442
115 0.393239 0.653836 0.407841 0.698494 0.387137 0.704471 0.428545 0.692518 0.387137 0.704471 0.400417 0.810553 0.424110 0.923274 0.428545 0.692518 0.448044 0.802990 0.472402 0.908436
116 0.393214 0.653926 0.408009 0.698226 0.387476 0.704051 0.428541 0.692401 0.387476 0.704051 0.401586 0.810772 0.424308 0.922676 0.428541 0.692401 0.448661 0.803096 0.472426 0.908347
117 0.393374 0.655103 0.408066 0.698098 0.387576 0.703759 0.428556 0.692436 0.387576 0.703759 0.401576 0.811716 0.424289 0.923118 0.428556 0.692436 0.448689 0.804940 0.472250 0.908528
118 0.393251 0.655158 0.408110 0.698056 0.387668 0.703689 0.428551 0.692424 0.387668 0.703689 0.401614 0.812537 0.424366 0.923149 0.428551 0.692424 0.448777 0.805065 0.472168 0.908810
119 0.393103 0.655126 0.407873 0.698009 0.387301 0.703741 0.428444 0.692277 0.387301 0.703741 0.402501 0.812588 0.424453 0.923184 0.428444 0.692277 0.449193 0.804489 0.472149 0.908897
120 0.392915 0.654998 0.407739 0.697622 0.387702 0.703048 0.427776 0.692197 0.387702 0.703048 0.402751 0.812666 0.424474 0.923199 0.427776 0.692197 0.449143 0.804315 0.471924 0.908879
121 0.392973 0.655423 0.407892 0.697717 0.388005 0.703222 0.427779 0.692212 0.388005 0.703222 0.402765 0.813329 0.424545 0.928489 0.427779 0.692212 0.449310 0.804320 0.471903 0.908889
122 0.391533 0.655437 0.407721 0.697741 0.388137 0.703286 0.427305 0.692197 0.388137 0.703286 0.402907 0.813441 0.425429 0.930273 0.427305 0.692197 0.449033 0.804345 0.471675 0.908874
123 0.392380 0.655944 0.407786 0.697723 0.388250 0.703285 0.427322 0.692161 0.388250 0.703285 0.402877 0.813448 0.425597 0.930758 0.427322 0.692161 0.448792 0.804476 0.471578 0.908858
124 0.392404 0.655823 0.407794 0.697047 0.388248 0.702343 0.427340 0.691751 0.388248 0.702343 0.402563 0.813242 0.425608 0.930506 0.427340 0.691751 0.447899 0.804471 0.471510 0.908859
125 0.391432 0.655795 0.407087 0.697196 0.386806 0.702861 0.427369 0.691531 0.386806 0.702861 0.402545 0.813225 0.425539 0.930238 0.427369 0.691531 0.447633 0.804516 0.470586 0.908891
126 0.391017 0.655750 0.406697 0.697252 0.385968 0.703182 0.427425 0.691322 0.385968 0.703182 0.402128 0.813907 0.425410 0.930506 0.427425 0.691322 0.447615 0.804476 0.470602 0.908831
127 0.391969 0.656247 0.407020 0.697009 0.386261 0.702695 0.427779 0.691323 0.386261 0.702695 0.401967 0.814055 0.425396 0.930371 0.427779 0.691323 0.447446 0.805175 0.470619 0.908834
128 0.392107 0.656271 0.407396 0.696954 0.386296 0.702615 0.428496 0.691293 0.386296 0.702615 0.401591 0.814810 0.424880 0.930272 0.428496 0.691293 0.448114 0.805375 0.470746 0.908827
129 0.392120 0.656266 0.407812 0.698034 0.386680 0.703650 0.428944 0.692418 0.386680 0.703650 0.401494 0.813717 0.424872 0.930216 0.428944 0.692418 0.448087 0.806915 0.470709 0.908972
130 0.392138 0.656255 0.408169 0.699178 0.387032 0.705363 0.429306 0.692994 0.387032 0.705363 0.401500 0.813515 0.424870 0.930481 0.429306 0.692994 0.448308 0.807331 0.470805 0.909982
131 0.392085 0.655821 0.408060 0.699311 0.387172 0.705460 0.428948 0.693162 0.387172 0.705460 0.401476 0.813513 0.425029 0.930452 0.428948 0.693162 0.448107 0.807456 0.470717 0.909911
132 0.392091 0.655538 0.408014 0.699292 0.387336 0.705428 0.428692 0.693156 0.387336 0.705428 0.401492 0.813552 0.425202 0.930414 0.428692 0.693156 0.447761 0.807460 0.470539 0.909843
133 0.392456 0.655595 0.408186 0.699624 0.387279 0.705914 0.429093 0.693334 0.387279 0.705914 0.401182 0.814411 0.425146 0.930370 0.429093 0.693334 0.448514 0.803488 0.470530 0.909835
134 0.392741 0.655784 0.408681 0.699326 0.387133 0.705984 0.430229 0.692668 0.387133 0.705984 0.401180 0.815019 0.425161 0.930339 0.430229 0.692668 0.449213 0.802045 0.470549 0.909776
135 0.392836 0.655807 0.408692 0.699694 0.387091 0.706407 0.430293 0.692980 0.387091 0.706407 0.401181 0.816611 0.425166 0.930811 0.430293 0.692980 0.449569 0.803823 0.470553 0.909763
136 0.392720 0.655680 0.408654 0.699893 0.386926 0.706639 0.430382 0.693147 0.386926 0.706639 0.400995 0.816828 0.425373 0.930785 0.430382 0.693147 0.449874 0.804698 0.470558 0.909738
137 0.392662 0.655357 0.408698 0.699168 0.386882 0.706617 0.430515 0.691719 0.386882 0.706617 0.401051 0.815358 0.425374 0.930681 0.430515 0.691719 0.449858 0.804722 0.470533 0.909730
138 0.392704 0.655014 0.409133 0.699174 0.386884 0.706616 0.431382 0.691733 0.386884 0.706616 0.401041 0.815524 0.425480 0.930723 0.431382 0.691733 0.449841 0.805366 0.470484 0.909650
139 0.392680 0.654977 0.409000 0.699598 0.386912 0.706751 0.431089 0.692445 0.386912 0.706751 0.401465 0.815523 0.425976 0.930732 0.431089 0.692445 0.449867 0.805284 0.470395 0.909612
140 0.392701 0.655285 0.408887 0.699034 0.387115 0.705621 0.430660 0.692446 0.387115 0.705621 0.401471 0.813991 0.425982 0.930722 0.430660 0.692446 0.448810 0.805237 0.470397 0.909359
141 0.392629 0.655814 0.408866 0.698840 0.387631 0.705249 0.430101 0.692431 0.387631 0.705249 0.402929 0.814000 0.427266 0.930009 0.430101 0.692431 0.448855 0.803976 0.470292 0.909395
142 0.389999 0.655669 0.408270 0.698061 0.388844 0.703838 0.427696 0.692285 0.388844 0.703838 0.404375 0.810143 0.428442 0.929576 0.427696 0.692285 0.447569 0.802475 0.469684 0.909394
143 0.389845 0.655689 0.408325 0.698230 0.389079 0.703894 0.427572 0.692567 0.389079 0.703894 0.404616 0.810495 0.428359 0.929811 0.427572 0.692567 0.447622 0.802262 0.469626 0.909454
144 0.389949 0.655869 0.408286 0.698274 0.389060 0.703919 0.427511 0.692628 0.389060 0.703919 0.404517 0.810729 0.428338 0.929863 0.427511 0.692628 0.447661 0.802319 0.469676 0.909454
145 0.389809 0.656861 0.408192 0.698274 0.389245 0.703949 0.427140 0.692599 0.389245 0.703949 0.405844 0.810533 0.428436 0.929951 0.427140 0.692599 0.447699 0.801582 0.469679 0.909412
146 0.389878 0.657297 0.408099 0.698417 0.389226 0.704287 0.426973 0.692547 0.389226 0.704287 0.405750 0.810654 0.428428 0.930035 0.426973 0.692547 0.448279 0.800889 0.469838 0.909345
147 0.389716 0.657344 0.408270 0.699209 0.389222 0.705561 0.427319 0.692857 0.389222 0.705561 0.405666 0.812545 0.428402 0.930523 0.427319 0.692857 0.448784 0.800976 0.470062 0.909285
148 0.390408 0.657553 0.408538 0.700862 0.389069 0.708343 0.428008 0.693381 0.389069 0.708343 0.405576 0.815000 0.428372 0.931364 0.428008 0.693381 0.450510 0.801185 0.470369 0.909289
149 0.389759 0.657374 0.408552 0.700935 0.389021 0.708619 0.428083 0.693252 0.389021 0.708619 0.406514 0.814932 0.428339 0.931642 0.428083 0.693252 0.450449 0.800781 0.470392 0.909286
150 0.390391 0.657496 0.408697 0.700877 0.389001 0.708503 0.428393 0.693251 0.389001 0.708503 0.406438 0.815146 0.428326 0.931633 0.428393 0.693251 0.450414 0.801197 0.470406 0.909339
151 0.390479 0.656795 0.408804 0.700854 0.389004 0.708429 0.428603 0.693280 0.389004 0.708429 0.406363 0.815218 0.428166 0.931659 0.428603 0.693280 0.450377 0.801619 0.470417 0.909381
152 0.390498 0.656253 0.409476 0.700181 0.388915 0.708446 0.430037 0.691917 0.388915 0.708446 0.406197 0.816315 0.427700 0.932723 0.430037 0.691917 0.450275 0.802324 0.470436 0.909494
153 0.391130 0.655690 0.409593 0.702139 0.388910 0.708592 0.430276 0.695686 0.388910 0.708592 0.402085 0.816282 0.426194 0.932800 0.430276 0.695686 0.448842 0.805226 0.470405 0.909494
154 0.391332 0.655441 0.409088 0.702076 0.389058 0.708577 0.429119 0.695574 0.389058 0.708577 0.401790 0.811907 0.426123 0.931944 0.429119 0.695574 0.446315 0.805288 0.469757 0.909453
155 0.391570 0.655347 0.409037 0.701873 0.388960 0.708254 0.429113 0.695491 0.388960 0.708254 0.401403 0.810498 0.425719 0.931325 0.429113 0.695491 0.445668 0.805492 0.469557 0.909471
156 0.392542 0.655711 0.409093 0.701817 0.388828 0.708244 0.429359 0.695390 0.388828 0.708244 0.399953 0.811613 0.425185 0.931501 0.429359 0.695390 0.445828 0.806198 0.469567 0.909478
157 0.393014 0.655983 0.408931 0.701105 0.388359 0.707138 0.429503 0.695071 0.388359 0.707138 0.397782 0.811912 0.423115 0.930803 0.429503 0.695071 0.445951 0.806516 0.469655 0.909481
158 0.393090 0.656297 0.408849 0.700540 0.388320 0.706457 0.429379 0.694623 0.388320 0.706457 0.397521 0.809816 0.422925 0.930220 0.429379 0.694623 0.445896 0.806599 0.469660 0.909497
159 0.393543 0.656710 0.408975 0.700460 0.388245 0.706388 0.429705 0.694532 0.388245 0.706388 0.397049 0.811431 0.423048 0.927247 0.429705 0.694532 0.446140 0.807291 0.469754 0.909565
160 0.393635 0.657628 0.409096 0.700594 0.388255 0.706665 0.429937 0.694523 0.388255 0.706665 0.397328 0.813742 0.423150 0.928293 0.429937 0.694523 0.446494 0.807673 0.469759 0.909566
161 0.393471 0.658047 0.409165 0.701331 0.388250 0.708144 0.430080 0.694518 0.388250 0.708144 0.398202 0.814862 0.423528 0.929838 0.430080 0.694518 0.446583 0.807733 0.469842 0.909554
162 0.393416 0.657907 0.409139 0.701360 0.388142 0.708217 0.430135 0.694504 0.388142 0.708217 0.398430 0.816506 0.423550 0.930213 0.430135 0.694504 0.446672 0.807695 0.469835 0.909546
163 0.393376 0.657809 0.409123 0.701300 0.388048 0.708116 0.430198 0.694484 0.388048 0.708116 0.398533 0.816830 0.423153 0.930385 0.430198 0.694484 0.447152 0.807667 0.469827 0.909553
164 0.393381 0.657692 0.409419 0.702216 0.388646 0.708443 0.430192 0.695989 0.388646 0.708443 0.398803 0.816039 0.423206 0.930681 0.430192 0.695989 0.447038 0.807725 0.469735 0.909756
165 0.393249 0.657743 0.408882 0.701079 0.388031 0.707070 0.429732 0.695089 0.388031 0.707070 0.398360 0.814191 0.423246 0.930729 0.429732 0.695089 0.446779 0.807704 0.469823 0.910641
166 0.392010 0.658458 0.407505 0.701355 0.385676 0.708076 0.429334 0.694635 0.385676 0.708076 0.396689 0.813232 0.423273 0.931401 0.429334 0.694635 0.446037 0.807552 0.469824 0.911165
167 0.391927 0.658298 0.406750 0.701462 0.384208 0.708853 0.429291 0.694071 0.384208 0.708853 0.395840 0.812585 0.423077 0.931379 0.429291 0.694071 0.445657 0.807552 0.469826 0.911411
168 0.391926 0.658053 0.407398 0.701171 0.385469 0.708316 0.429326 0.694026 0.385469 0.708316 0.395887 0.813103 0.423109 0.931501 0.429326 0.694026 0.445572 0.807694 0.469673 0.911409
169 0.391811 0.657591 0.407526 0.701608 0.384825 0.709585 0.430226 0.693631 0.384825 0.709585 0.395935 0.814956 0.423506 0.931932 0.430226 0.693631 0.445590 0.807646 0.469630 0.911402
170 0.391774 0.657332 0.407840 0.701376 0.385431 0.709126 0.430249 0.693626 0.385431 0.709126 0.396190 0.815442 0.424263 0.931910 0.430249 0.693626 0.445618 0.807422 0.469649 0.911263
171 0.391750 0.657071 0.408249 0.701270 0.386130 0.709106 0.430367 0.693434 0.386130 0.709106 0.396436 0.815769 0.424513 0.932327 0.430367 0.693434 0.445574 0.807248 0.469650 0.911256
172 0.391653 0.656826 0.407780 0.701477 0.385017 0.709657 0.430542 0.693298 0.385017 0.709657 0.396591 0.816824 0.424596 0.932544 0.430542 0.693298 0.445445 0.807251 0.469651 0.911221
173 0.391653 0.656725 0.407647 0.701447 0.384904 0.709643 0.430390 0.693251 0.384904 0.709643 0.397706 0.817246 0.424858 0.932518 0.430390 0.693251 0.445339 0.807236 0.469651 0.911164
174 0.391552 0.656593 0.407395 0.701518 0.384580 0.709736 0.430209 0.693301 0.384580 0.709736 0.398101 0.817106 0.425013 0.932137 0.430209 0.693301 0.445357 0.807073 0.469631 0.911147
175 0.391616 0.657085 0.408283 0.701611 0.386363 0.709737 0.430204 0.693486 0.386363 0.709737 0.399264 0.817166 0.425518 0.932125 0.430204 0.693486 0.445538 0.807265 0.469561 0.911023
