156
167
0 -1 -1 -1 -1 -1 -1 -1 -1 -1 -1 -1 -1 -1 -1 -1 -1 -1 -1 -1 -1
1 -1 -1 -1 -1 -1 -1 -1 -1 -1 -1 -1 -1 -1 -1 -1 -1 -1 -1 -1 -1
2 -1 -1 -1 -1 -1 -1 -1 -1 -1 -1 -1 -1 -1 -1 -1 -1 -1 -1 -1 -1
3 -1 -1 -1 -1 -1 -1 -1 -1 -1 -1 -1 -1 -1 -1 -1 -1 -1 -1 -1 -1
4 -1 -1 -1 -1 -1 -1 -1 -1 -1 -1 -1 -1 -1 -1 -1 -1 -1 -1 -1 -1
5 -1 -1 -1 -1 -1 -1 -1 -1 -1 -1 -1 -1 -1 -1 -1 -1 -1 -1 -1 -1
6 -1 -1 -1 -1 -1 -1 -1 -1 -1 -1 -1 -1 -1 -1 -1 -1 -1 -1 -1 -1
7 -1 -1 -1 -1 -1 -1 -1 -1 -1 -1 -1 -1 -1 -1 -1 -1 -1 -1 -1 -1
8 -1 -1 -1 -1 -1 -1 -1 -1 -1 -1 -1 -1 -1 -1 -1 -1 -1 -1 -1 -1
9 -1 -1 -1 -1 -1 -1 -1 -1 -1 -1 -1 -1 -1 -1 -1 -1 -1 -1 -1 -1
10 -1 -1 -1 -1 -1 -1 -1 -1 -1 -1 -1 -1 -1 -1 -1 -1 -1 -1 -1 -1
11 -1 -1 -1 -1 -1 -1 -1 -1 -1 -1 -1 -1 -1 -1 -1 -1 -1 -1 -1 -1
12 -1 -1 -1 -1 -1 -1 -1 -1 -1 -1 -1 -1 -1 -1 -1 -1 -1 -1 -1 -1
13 -1 -1 -1 -1 -1 -1 -1 -1 -1 -1 -1 -1 -1 -1 -1 -1 -1 -1 -1 -1
14 -1 -1 -1 -1 -1 -1 -1 -1 -1 -1 -1 -1 -1 -1 -1 -1 -1 -1 -1 -1
15 -1 -1 -1 -1 -1 -1 -1 -1 -1 -1 -1 -1 -1 -1 -1 -1 -1 -1 -1 -1
16 -1 -1 -1 -1 -1 -1 -1 -1 -1 -1 -1 -1 -1 -1 -1 -1 -1 -1 -1 -1
17 -1 -1 -1 -1 -1 -1 -1 -1 -1 -1 -1 -1 -1 -1 -1 -1 -1 -1 -1 -1
18 -1 -1 -1 -1 -1 -1 -1 -1 -1 -1 -1 -1 -1 -1 -1 -1 -1 -1 -1 -1
19 -1 -1 -1 -1 -1 -1 -1 -1 -1 -1 -1 -1 -1 -1 -1 -1 -1 -1 -1 -1
20 -1 -1 -1 -1 -1 -1 -1 -1 -1 -1 -1 -1 -1 -1 -1 -1 -1 -1 -1 -1
21 -1 -1 -1 -1 -1 -1 -1 -1 -1 -1 -1 -1 -1 -1 -1 -1 -1 -1 -1 -1
22 -1 -1 -1 -1 -1 -1 -1 -1 -1 -1 -1 -1 -1 -1 -1 -1 -1 -1 -1 -1
23 -1 -1 -1 -1 -1 -1 -1 -1 -1 -1 -1 -1 -1 -1 -1 -1 -1 -1 -1 -1
24 -1 -1 -1 -1 -1 -1 -1 -1 -1 -1 -1 -1 -1 -1 -1 -1 -1 -1 -1 -1
25 -1 -1 -1 -1 -1 -1 -1 -1 -1 -1 -1 -1 -1 -1 -1 -1 -1 -1 -1 -1
26 -1 -1 -1 -1 -1 -1 -1 -1 -1 -1 -1 -1 -1 -1 -1 -1 -1 -1 -1 -1
27 -1 -1 -1 -1 -1 -1 -1 -1 -1 -1 -1 -1 -1 -1 -1 -1 -1 -1 -1 -1
28 -1 -1 -1 -1 -1 -1 -1 -1 -1 -1 -1 -1 -1 -1 -1 -1 -1 -1 -1 -1
29 -1 -1 -1 -1 -1 -1 -1 -1 -1 -1 -1 -1 -1 -1 -1 -1 -1 -1 -1 -1
30 -1 -1 -1 -1 -1 -1 -1 -1 -1 -1 -1 -1 -1 -1 -1 -1 -1 -1 -1 -1
31 -1 -1 -1 -1 -1 -1 -1 -1 -1 -1 -1 -1 -1 -1 -1 -1 -1 -1 -1 -1
32 -1 -1 -1 -1 -1 -1 -1 -1 -1 -1 -1 -1 -1 -1 -1 -1 -1 -1 -1 -1
33 -1 -1 -1 -1 -1 -1 -1 -1 -1 -1 -1 -1 -1 -1 -1 -1 -1 -1 -1 -1
34 -1 -1 -1 -1 -1 -1 -1 -1 -1 -1 -1 -1 -1 -1 -1 -1 -1 -1 -1 -1
35 -1 -1 -1 -1 -1 -1 -1 -1 -1 -1 -1 -1 -1 -1 -1 -1 -1 -1 -1 -1
36 -1 -1 -1 -1 -1 -1 -1 -1 -1 -1 -1 -1 -1 -1 -1 -1 -1 -1 -1 -1
37 -1 -1 -1 -1 -1 -1 -1 -1 -1 -1 -1 -1 -1 -1 -1 -1 -1 -1 -1 -1
38 -1 -1 -1 -1 -1 -1 -1 -1 -1 -1 -1 -1 -1 -1 -1 -1 -1 -1 -1 -1
39 -1 -1 -1 -1 -1 -1 -1 -1 -1 -1 -1 -1 -1 -1 -1 -1 -1 -1 -1 -1
40 -1 -1 -1 -1 -1 -1 -1 -1 -1 -1 -1 -1 -1 -1 -1 -1 -1 -1 -1 -1
41 -1 -1 -1 -1 -1 -1 -1 -1 -1 -1 -1 -1 -1 -1 -1 -1 -1 -1 -1 -1
42 -1 -1 -1 -1 -1 -1 -1 -1 -1 -1 -1 -1 -1 -1 -1 -1 -1 -1 -1 -1
43 -1 -1 -1 -1 -1 -1 -1 -1 -1 -1 -1 -1 -1 -1 -1 -1 -1 -1 -1 -1
44 -1 -1 -1 -1 -1 -1 -1 -1 -1 -1 -1 -1 -1 -1 -1 -1 -1 -1 -1 -1
45 -1 -1 -1 -1 -1 -1 -1 -1 -1 -1 -1 -1 -1 -1 -1 -1 -1 -1 -1 -1
46 -1 -1 -1 -1 -1 -1 -1 -1 -1 -1 -1 -1 -1 -1 -1 -1 -1 -1 -1 -1
47 -1 -1 -1 -1 -1 -1 -1 -1 -1 -1 -1 -1 -1 -1 -1 -1 -1 -1 -1 -1
48 -1 -1 -1 -1 -1 -1 -1 -1 -1 -1 -1 -1 -1 -1 -1 -1 -1 -1 -1 -1
49 -1 -1 -1 -1 -1 -1 -1 -1 -1 -1 -1 -1 -1 -1 -1 -1 -1 -1 -1 -1
50 -1 -1 -1 -1 -1 -1 -1 -1 -1 -1 -1 -1 -1 -1 -1 -1 -1 -1 -1 -1
51 -1 -1 -1 -1 -1 -1 -1 -1 -1 -1 -1 -1 -1 -1 -1 -1 -1 -1 -1 -1
52 -1 -1 -1 -1 -1 -1 -1 -1 -1 -1 -1 -1 -1 -1 -1 -1 -1 -1 -1 -1
53 -1 -1 -1 -1 -1 -1 -1 -1 -1 -1 -1 -1 -1 -1 -1 -1 -1 -1 -1 -1
54 -1 -1 -1 -1 -1 -1 -1 -1 -1 -1 -1 -1 -1 -1 -1 -1 -1 -1 -1 -1
55 -1 -1 -1 -1 -1 -1 -1 -1 -1 -1 -1 -1 -1 -1 -1 -1 -1 -1 -1 -1
56 -1 -1 -1 -1 -1 -1 -1 -1 -1 -1 -1 -1 -1 -1 -1 -1 -1 -1 -1 -1
57 -1 -1 -1 -1 -1 -1 -1 -1 -1 -1 -1 -1 -1 -1 -1 -1 -1 -1 -1 -1
58 -1 -1 -1 -1 -1 -1 -1 -1 -1 -1 -1 -1 -1 -1 -1 -1 -1 -1 -1 -1
59 -1 -1 -1 -1 -1 -1 -1 -1 -1 -1 -1 -1 -1 -1 -1 -1 -1 -1 -1 -1
60 -1 -1 -1 -1 -1 -1 -1 -1 -1 -1 -1 -1 -1 -1 -1 -1 -1 -1 -1 -1
61 -1 -1 -1 -1 -1 -1 -1 -1 -1 -1 -1 -1 -1 -1 -1 -1 -1 -1 -1 -1
62 -1 -1 -1 -1 -1 -1 -1 -1 -1 -1 -1 -1 -1 -1 -1 -1 -1 -1 -1 -1
63 -1 -1 -1 -1 -1 -1 -1 -1 -1 -1 -1 -1 -1 -1 -1 -1 -1 -1 -1 -1
64 -1 -1 -1 -1 -1 -1 -1 -1 -1 -1 -1 -1 -1 -1 -1 -1 -1 -1 -1 -1
65 -1 -1 -1 -1 -1 -1 -1 -1 -1 -1 -1 -1 -1 -1 -1 -1 -1 -1 -1 -1
66 -1 -1 -1 -1 -1 -1 -1 -1 -1 -1 -1 -1 -1 -1 -1 -1 -1 -1 -1 -1
67 -1 -1 -1 -1 -1 -1 -1 -1 -1 -1 -1 -1 -1 -1 -1 -1 -1 -1 -1 -1
68 -1 -1 -1 -1 -1 -1 -1 -1 -1 -1 -1 -1 -1 -1 -1 -1 -1 -1 -1 -1
69 -1 -1 -1 -1 -1 -1 -1 -1 -1 -1 -1 -1 -1 -1 -1 -1 -1 -1 -1 -1
70 -1 -1 -1 -1 -1 -1 -1 -1 -1 -1 -1 -1 -1 -1 -1 -1 -1 -1 -1 -1
71 -1 -1 -1 -1 -1 -1 -1 -1 -1 -1 -1 -1 -1 -1 -1 -1 -1 -1 -1 -1
72 -1 -1 -1 -1 -1 -1 -1 -1 -1 -1 -1 -1 -1 -1 -1 -1 -1 -1 -1 -1
73 -1 -1 -1 -1 -1 -1 -1 -1 -1 -1 -1 -1 -1 -1 -1 -1 -1 -1 -1 -1
74 -1 -1 -1 -1 -1 -1 -1 -1 -1 -1 -1 -1 -1 -1 -1 -1 -1 -1 -1 -1
75 -1 -1 -1 -1 -1 -1 -1 -1 -1 -1 -1 -1 -1 -1 -1 -1 -1 -1 -1 -1
76 -1 -1 -1 -1 -1 -1 -1 -1 -1 -1 -1 -1 -1 -1 -1 -1 -1 -1 -1 -1
77 -1 -1 -1 -1 -1 -1 -1 -1 -1 -1 -1 -1 -1 -1 -1 -1 -1 -1 -1 -1
78 -1 -1 -1 -1 -1 -1 -1 -1 -1 -1 -1 -1 -1 -1 -1 -1 -1 -1 -1 -1
79 -1 -1 -1 -1 -1 -1 -1 -1 -1 -1 -1 -1 -1 -1 -1 -1 -1 -1 -1 -1
80 -1 -1 -1 -1 -1 -1 -1 -1 -1 -1 -1 -1 -1 -1 -1 -1 -1 -1 -1 -1
81 -1 -1 -1 -1 -1 -1 -1 -1 -1 -1 -1 -1 -1 -1 -1 -1 -1 -1 -1 -1
82 -1 -1 -1 -1 -1 -1 -1 -1 -1 -1 -1 -1 -1 -1 -1 -1 -1 -1 -1 -1
83 -1 -1 -1 -1 -1 -1 -1 -1 -1 -1 -1 -1 -1 -1 -1 -1 -1 -1 -1 -1
84 -1 -1 -1 -1 -1 -1 -1 -1 -1 -1 -1 -1 -1 -1 -1 -1 -1 -1 -1 -1
85 -1 -1 -1 -1 -1 -1 -1 -1 -1 -1 -1 -1 -1 -1 -1 -1 -1 -1 -1 -1
86 0.458125 0.170623 0.456781 0.293425 0.467522 0.292558 0.446041 0.294292 0.467522 0.292558 0.474543 0.386901 0.475639 0.476068 0.446041 0.294292 0.450986 0.386813 0.452331 0.484960
87 0.458066 0.173433 0.458275 0.300155 0.469397 0.299290 0.447154 0.301020 0.469397 0.299290 0.476120 0.392864 0.479090 0.486416 0.447154 0.301020 0.450779 0.398051 0.454876 0.495709
88 0.458190 0.175644 0.458494 0.302901 0.469123 0.301696 0.447865 0.304106 0.469123 0.301696 0.477943 0.394078 0.478901 0.494372 0.447865 0.304106 0.452102 0.402977 0.455561 0.505218
89 0.457887 0.176957 0.459724 0.310574 0.470795 0.308396 0.448653 0.312753 0.470795 0.308396 0.479421 0.405864 0.481156 0.503581 0.448653 0.312753 0.452345 0.416130 0.456338 0.521927
90 0.457752 0.180363 0.460580 0.316184 0.471154 0.313561 0.450007 0.318808 0.471154 0.313561 0.480761 0.408651 0.484641 0.508738 0.450007 0.318808 0.452980 0.416749 0.458836 0.526086
91 0.458296 0.182433 0.462522 0.321446 0.474422 0.318813 0.450623 0.324079 0.474422 0.318813 0.482859 0.414960 0.484318 0.505919 0.450623 0.324079 0.452550 0.424051 0.458852 0.526018
92 0.458780 0.185504 0.462940 0.321880 0.475137 0.319191 0.450742 0.324569 0.475137 0.319191 0.484967 0.410823 0.482703 0.500379 0.450742 0.324569 0.452193 0.417319 0.458281 0.516212
93 0.459602 0.188623 0.464958 0.329515 0.477258 0.326722 0.452658 0.332308 0.477258 0.326722 0.491455 0.413112 0.479758 0.476156 0.452658 0.332308 0.452506 0.424796 0.459307 0.512359
94 0.460621 0.192247 0.465577 0.334188 0.478022 0.331047 0.453132 0.337328 0.478022 0.331047 0.495712 0.413217 0.474485 0.477722 0.453132 0.337328 0.452805 0.434641 0.460849 0.513746
95 0.461630 0.196354 0.466459 0.338902 0.479337 0.335714 0.453581 0.342091 0.479337 0.335714 0.497245 0.418656 0.474654 0.481851 0.453581 0.342091 0.453463 0.441583 0.460230 0.512807
96 0.462950 0.198767 0.467716 0.340189 0.481173 0.337651 0.454259 0.342727 0.481173 0.337651 0.496631 0.424163 0.478386 0.495395 0.454259 0.342727 0.453741 0.442045 0.459830 0.516403
97 0.463864 0.200659 0.469659 0.342638 0.483789 0.339938 0.455529 0.345339 0.483789 0.339938 0.495639 0.435534 0.495661 0.521785 0.455529 0.345339 0.454042 0.452510 0.459601 0.525044
98 0.464861 0.202751 0.469550 0.342029 0.483753 0.340019 0.455347 0.344039 0.483753 0.340019 0.494268 0.439970 0.501278 0.531919 0.455347 0.344039 0.457025 0.450154 0.459466 0.534443
99 0.465710 0.204541 0.468965 0.344651 0.482960 0.343207 0.454969 0.346095 0.482960 0.343207 0.493239 0.449596 0.504761 0.545880 0.454969 0.346095 0.456566 0.454226 0.460677 0.546036
100 0.467121 0.204769 0.469197 0.343400 0.483419 0.342259 0.454974 0.344542 0.483419 0.342259 0.492888 0.446828 0.503498 0.549250 0.454974 0.344542 0.457689 0.449502 0.460613 0.543259
101 0.468670 0.206635 0.470020 0.349331 0.484488 0.348395 0.455551 0.350268 0.484488 0.348395 0.492365 0.456972 0.507562 0.558824 0.455551 0.350268 0.459686 0.457557 0.462584 0.554395
102 0.470109 0.210127 0.470225 0.352889 0.484964 0.353392 0.455486 0.352387 0.484964 0.353392 0.492169 0.461873 0.508194 0.559976 0.455486 0.352387 0.459463 0.458226 0.462201 0.557880
103 0.472343 0.214238 0.470887 0.354502 0.485666 0.355476 0.456109 0.353527 0.485666 0.355476 0.491881 0.462174 0.504344 0.564714 0.456109 0.353527 0.462992 0.461765 0.466688 0.563956
104 0.474711 0.219872 0.471689 0.360824 0.486394 0.362219 0.456985 0.359428 0.486394 0.362219 0.491708 0.464636 0.502787 0.566603 0.456985 0.359428 0.465748 0.465129 0.469947 0.562516
105 0.477062 0.225460 0.472303 0.363543 0.486923 0.365812 0.457683 0.361274 0.486923 0.365812 0.490939 0.467125 0.499239 0.572681 0.457683 0.361274 0.467009 0.466468 0.471822 0.566336
106 0.480122 0.227333 0.473951 0.368751 0.488632 0.370213 0.459269 0.367289 0.488632 0.370213 0.491873 0.471454 0.501154 0.575927 0.459269 0.367289 0.466606 0.468744 0.473434 0.577736
107 0.482683 0.229351 0.475704 0.369680 0.490243 0.371574 0.461164 0.367786 0.490243 0.371574 0.494257 0.473726 0.501781 0.579690 0.461164 0.367786 0.467868 0.468794 0.471841 0.579817
108 0.485131 0.230796 0.477256 0.369956 0.491716 0.372041 0.462797 0.367871 0.491716 0.372041 0.495737 0.473720 0.501634 0.578719 0.462797 0.367871 0.468783 0.469398 0.473370 0.574979
109 0.486539 0.232023 0.478952 0.371060 0.492876 0.372636 0.465028 0.369484 0.492876 0.372636 0.497678 0.473339 0.502265 0.579191 0.465028 0.369484 0.472436 0.470137 0.473630 0.579105
110 0.488193 0.232591 0.480082 0.371208 0.494020 0.373003 0.466145 0.369414 0.494020 0.373003 0.497780 0.473404 0.500581 0.576044 0.466145 0.369414 0.475024 0.470085 0.476271 0.574625
111 0.489703 0.234422 0.481846 0.372533 0.495828 0.374286 0.467864 0.370780 0.495828 0.374286 0.499451 0.476973 0.494376 0.580540 0.467864 0.370780 0.477877 0.474695 0.475493 0.583361
112 0.490431 0.235327 0.483546 0.375043 0.497638 0.376635 0.469455 0.373451 0.497638 0.376635 0.501368 0.480782 0.491645 0.579539 0.469455 0.373451 0.479445 0.479459 0.474743 0.588324
113 0.491570 0.236924 0.484730 0.378361 0.498605 0.380189 0.470855 0.376533 0.498605 0.380189 0.502103 0.486321 0.487840 0.584885 0.470855 0.376533 0.482946 0.482655 0.479499 0.595656
114 0.491320 0.239818 0.485773 0.381581 0.500270 0.382287 0.471277 0.380875 0.500270 0.382287 0.503079 0.488152 0.490054 0.590264 0.471277 0.380875 0.484539 0.493196 0.487686 0.596858
115 0.492004 0.241050 0.488559 0.385855 0.503444 0.386214 0.473674 0.385496 0.503444 0.386214 0.503944 0.493944 0.491887 0.594741 0.473674 0.385496 0.483314 0.502648 0.484253 0.608335
116 0.492291 0.245029 0.489766 0.391027 0.504775 0.390673 0.474758 0.391381 0.504775 0.390673 0.504140 0.499040 0.496523 0.601014 0.474758 0.391381 0.483305 0.503321 0.486323 0.611753
117 0.491821 0.248185 0.490969 0.395683 0.505853 0.394268 0.476085 0.397099 0.505853 0.394268 0.505078 0.504076 0.496507 0.604922 0.476085 0.397099 0.484424 0.508994 0.488577 0.613958
118 0.491710 0.252590 0.492539 0.403506 0.507177 0.402534 0.477902 0.404479 0.507177 0.402534 0.505433 0.510205 0.497200 0.600277 0.477902 0.404479 0.485039 0.513972 0.488898 0.618513
119 0.491600 0.256637 0.493291 0.406450 0.507620 0.406026 0.478962 0.406874 0.507620 0.406026 0.506094 0.513928 0.497167 0.604520 0.478962 0.406874 0.486860 0.515072 0.489154 0.614862
120 0.491704 0.259225 0.494062 0.406279 0.508359 0.405597 0.479764 0.406960 0.508359 0.405597 0.506911 0.511731 0.497359 0.602676 0.479764 0.406960 0.486993 0.513261 0.491770 0.615166
121 0.491792 0.261223 0.495044 0.406096 0.509456 0.405352 0.480631 0.406840 0.509456 0.405352 0.509141 0.509268 0.502969 0.608096 0.480631 0.406840 0.486431 0.510434 0.491700 0.613111
122 0.492839 0.263734 0.496061 0.411785 0.510629 0.410482 0.481493 0.413087 0.510629 0.410482 0.514511 0.512277 0.504697 0.605043 0.481493 0.413087 0.487202 0.516640 0.493802 0.612245
123 0.493079 0.263601 0.496936 0.413669 0.511592 0.411920 0.482279 0.415418 0.511592 0.411920 0.520066 0.510311 0.503812 0.602213 0.482279 0.415418 0.487599 0.519899 0.497507 0.618688
124 0.493944 0.265398 0.497127 0.418437 0.511728 0.416667 0.482525 0.420207 0.511728 0.416667 0.521359 0.517996 0.510081 0.601182 0.482525 0.420207 0.487816 0.526497 0.496177 0.621808
125 0.495285 0.265578 0.498083 0.420904 0.513071 0.419494 0.483094 0.422313 0.513071 0.419494 0.520871 0.529463 0.516422 0.606898 0.483094 0.422313 0.490378 0.533198 0.496994 0.624651
126 0.496358 0.265627 0.498500 0.420591 0.513496 0.419489 0.483504 0.421694 0.513496 0.419489 0.521033 0.533145 0.521040 0.622603 0.483504 0.421694 0.489996 0.535190 0.495901 0.630623
127 0.498011 0.266394 0.499541 0.423322 0.514851 0.422670 0.484231 0.423975 0.514851 0.422670 0.520973 0.538345 0.521962 0.631856 0.484231 0.423975 0.490370 0.536544 0.495408 0.629524
128 0.500100 0.267990 0.500489 0.426486 0.516128 0.426418 0.484849 0.426553 0.516128 0.426418 0.522149 0.543584 0.522930 0.639147 0.484849 0.426553 0.490142 0.540050 0.495051 0.627658
129 0.501625 0.269167 0.502049 0.425538 0.517569 0.425529 0.486530 0.425548 0.517569 0.425529 0.520869 0.541734 0.521635 0.638430 0.486530 0.425548 0.491459 0.537584 0.495355 0.626926
130 0.503339 0.270186 0.503064 0.426361 0.518590 0.426289 0.487537 0.426433 0.518590 0.426289 0.520902 0.543743 0.522814 0.639574 0.487537 0.426433 0.492648 0.539646 0.495471 0.627188
131 0.506598 0.270824 0.505221 0.430461 0.520713 0.430770 0.489730 0.430151 0.520713 0.430770 0.521701 0.544997 0.522148 0.640910 0.489730 0.430151 0.493767 0.543632 0.495723 0.626491
132 0.510258 0.270245 0.506796 0.430104 0.522158 0.430829 0.491434 0.429378 0.522158 0.430829 0.523424 0.547461 0.521933 0.642837 0.491434 0.429378 0.494827 0.544282 0.495634 0.627530
133 0.513141 0.270331 0.508087 0.431226 0.523445 0.432568 0.492728 0.429884 0.523445 0.432568 0.524306 0.548451 0.522028 0.644779 0.492728 0.429884 0.496303 0.547171 0.496161 0.629164
134 0.514562 0.271638 0.509010 0.430973 0.524432 0.431954 0.493588 0.429991 0.524432 0.431954 0.525285 0.547798 0.521986 0.645005 0.493588 0.429991 0.499143 0.546109 0.498048 0.628670
135 0.516742 0.272600 0.510644 0.430653 0.526147 0.431602 0.495141 0.429705 0.526147 0.431602 0.526613 0.548507 0.521956 0.646064 0.495141 0.429705 0.501262 0.546207 0.499866 0.630060
136 0.518111 0.274051 0.511710 0.431980 0.527168 0.433069 0.496251 0.430890 0.527168 0.433069 0.527905 0.550973 0.522019 0.647702 0.496251 0.430890 0.503147 0.547692 0.503020 0.636647
137 0.519373 0.276401 0.512283 0.433112 0.527702 0.434197 0.496864 0.432026 0.527702 0.434197 0.528348 0.550331 0.521790 0.649052 0.496864 0.432026 0.503933 0.550191 0.506415 0.646557
138 0.520715 0.278364 0.513897 0.434844 0.529221 0.435466 0.498574 0.434223 0.529221 0.435466 0.530388 0.552894 0.522065 0.647552 0.498574 0.434223 0.508115 0.554587 0.509232 0.655093
139 0.521647 0.281893 0.515012 0.437726 0.530639 0.438401 0.499385 0.437052 0.530639 0.438401 0.530391 0.558668 0.521955 0.655561 0.499385 0.437052 0.510853 0.558694 0.512161 0.661920
140 0.522179 0.285902 0.517078 0.445491 0.532633 0.445700 0.501523 0.445282 0.532633 0.445700 0.531484 0.560710 0.522108 0.656202 0.501523 0.445282 0.511367 0.564782 0.516271 0.674611
141 0.522580 0.292245 0.518321 0.452434 0.533903 0.452578 0.502738 0.452291 0.533903 0.452578 0.531587 0.567282 0.522029 0.662843 0.502738 0.452291 0.512408 0.571607 0.520044 0.685999
142 0.523208 0.297915 0.519760 0.456181 0.535161 0.456447 0.504358 0.455915 0.535161 0.456447 0.532048 0.567588 0.521965 0.660999 0.504358 0.455915 0.515525 0.576463 0.524285 0.692307
143 0.523896 0.303264 0.521144 0.461316 0.536582 0.461226 0.505706 0.461405 0.536582 0.461226 0.531596 0.573614 0.522377 0.660804 0.505706 0.461405 0.518914 0.580797 0.525898 0.696908
144 0.524437 0.309520 0.522407 0.464579 0.537431 0.464284 0.507383 0.464873 0.537431 0.464284 0.531287 0.576888 0.522457 0.674679 0.507383 0.464873 0.521517 0.579282 0.527942 0.695929
145 0.525059 0.313373 0.523187 0.469102 0.538088 0.468398 0.508286 0.469805 0.538088 0.468398 0.532601 0.578130 0.523029 0.676769 0.508286 0.469805 0.523521 0.583862 0.529521 0.697123
146 0.526360 0.320714 0.523805 0.476172 0.538596 0.474711 0.509014 0.477633 0.538596 0.474711 0.535066 0.581562 0.524134 0.680884 0.509014 0.477633 0.526114 0.588062 0.529367 0.699121
147 0.528840 0.331294 0.523391 0.484386 0.538087 0.483494 0.508695 0.485277 0.538087 0.483494 0.535958 0.591635 0.525665 0.692573 0.508695 0.485277 0.527269 0.597045 0.529480 0.703959
148 0.531219 0.349458 0.523018 0.496416 0.537645 0.495615 0.508391 0.497217 0.537645 0.495615 0.539158 0.599710 0.531244 0.691276 0.508391 0.497217 0.528286 0.602102 0.531428 0.702957
149 0.533784 0.374993 0.522698 0.500821 0.537417 0.500250 0.507980 0.501393 0.537417 0.500250 0.539887 0.602280 0.533296 0.695269 0.507980 0.501393 0.527835 0.607595 0.533498 0.704718
150 0.536840 0.399645 0.522295 0.518993 0.537292 0.519815 0.507297 0.518171 0.537292 0.519815 0.539138 0.604782 0.531990 0.691148 0.507297 0.518171 0.526444 0.611610 0.534070 0.701347
151 0.538980 0.429657 0.518704 0.528540 0.534907 0.528268 0.502501 0.528812 0.534907 0.528268 0.538622 0.605358 0.531243 0.670959 0.502501 0.528812 0.522336 0.610006 0.533666 0.699953
152 0.541577 0.461122 0.518591 0.543692 0.536411 0.545022 0.500771 0.542363 0.536411 0.545022 0.549180 0.603068 0.538757 0.663171 0.500771 0.542363 0.512592 0.637061 0.523689 0.673673
153 0.543895 0.499024 0.522602 0.563762 0.540114 0.562416 0.505089 0.565108 0.540114 0.562416 0.548387 0.605558 0.543637 0.664612 0.505089 0.565108 0.509441 0.653624 0.522224 0.678892
154 0.546787 0.536062 0.523465 0.593011 0.539462 0.591079 0.507467 0.594943 0.539462 0.591079 0.550893 0.638286 0.550709 0.666321 0.507467 0.594943 0.511136 0.694094 0.521747 0.712303
155 0.547356 0.578605 0.526670 0.606441 0.544714 0.605876 0.508626 0.607006 0.544714 0.605876 0.552423 0.677352 0.554931 0.681977 0.508626 0.607006 0.505877 0.714350 0.520683 0.734169
156 0.545975 0.616457 0.526773 0.624872 0.544571 0.630744 0.508974 0.619000 0.544571 0.630744 0.540920 0.709673 0.534576 0.746540 0.508974 0.619000 0.506864 0.703333 0.507782 0.746710
157 -1 -1 -1 -1 -1 -1 -1 -1 -1 -1 -1 -1 -1 -1 -1 -1 -1 -1 -1 -1
158 -1 -1 -1 -1 -1 -1 -1 -1 -1 -1 -1 -1 -1 -1 -1 -1 -1 -1 -1 -1
159 -1 -1 -1 -1 -1 -1 -1 -1 -1 -1 -1 -1 -1 -1 -1 -1 -1 -1 -1 -1
160 0.541732 0.812558 0.517120 0.717051 0.533892 0.715172 0.500348 0.718929 0.533892 0.715172 0.534451 0.692029 0.535802 0.620110 0.500348 0.718929 0.507123 0.666383 0.520451 0.580571
161 0.540818 0.837361 0.510807 0.733220 0.520412 0.724963 0.501201 0.741477 0.520412 0.724963 0.526374 0.665730 0.527410 0.584657 0.501201 0.741477 0.510884 0.698350 0.514796 0.637496
162 0.538547 0.831461 0.508062 0.730941 0.520060 0.723998 0.496063 0.737883 0.520060 0.723998 0.523660 0.667969 0.521328 0.595446 0.496063 0.737883 0.509420 0.683119 0.519366 0.611669
163 0.536982 0.835272 0.505163 0.726942 0.518350 0.719734 0.491977 0.734150 0.518350 0.719734 0.521232 0.665050 0.512127 0.598496 0.491977 0.734150 0.509077 0.681748 0.516962 0.617256
164 0.533126 0.845829 0.498721 0.737179 0.509530 0.721707 0.487913 0.752652 0.509530 0.721707 0.518149 0.659215 0.504254 0.596986 0.487913 0.752652 0.515756 0.706746 0.524274 0.661887
165 0.532911 0.854250 0.498040 0.746689 0.509262 0.731852 0.486817 0.761525 0.509262 0.731852 0.515984 0.662594 0.500013 0.598536 0.486817 0.761525 0.514541 0.708319 0.521195 0.672943
166 -1 -1 -1 -1 -1 -1 -1 -1 -1 -1 -1 -1 -1 -1 -1 -1 -1 -1 -1 -1
167 -1 -1 -1 -1 -1 -1 -1 -1 -1 -1 -1 -1 -1 -1 -1 -1 -1 -1 -1 -1
168 -1 -1 -1 -1 -1 -1 -1 -1 -1 -1 -1 -1 -1 -1 -1 -1 -1 -1 -1 -1
169 -1 -1 -1 -1 -1 -1 -1 -1 -1 -1 -1 -1 -1 -1 -1 -1 -1 -1 -1 -1
170 -1 -1 -1 -1 -1 -1 -1 -1 -1 -1 -1 -1 -1 -1 -1 -1 -1 -1 -1 -1
171 -1 -1 -1 -1 -1 -1 -1 -1 -1 -1 -1 -1 -1 -1 -1 -1 -1 -1 -1 -1
172 -1 -1 -1 -1 -1 -1 -1 -1 -1 -1 -1 -1 -1 -1 -1 -1 -1 -1 -1 -1
173 -1 -1 -1 -1 -1 -1 -1 -1 -1 -1 -1 -1 -1 -1 -1 -1 -1 -1 -1 -1
174 -1 -1 -1 -1 -1 -1 -1 -1 -1 -1 -1 -1 -1 -1 -1 -1 -1 -1 -1 -1
175 -1 -1 -1 -1 -1 -1 -1 -1 -1 -1 -1 -1 -1 -1 -1 -1 -1 -1 -1 -1
176 -1 -1 -1 -1 -1 -1 -1 -1 -1 -1 -1 -1 -1 -1 -1 -1 -1 -1 -1 -1
177 -1 -1 -1 -1 -1 -1 -1 -1 -1 -1 -1 -1 -1 -1 -1 -1 -1 -1 -1 -1
178 -1 -1 -1 -1 -1 -1 -1 -1 -1 -1 -1 -1 -1 -1 -1 -1 -1 -1 -1 -1
179 -1 -1 -1 -1 -1 -1 -1 -1 -1 -1 -1 -1 -1 -1 -1 -1 -1 -1 -1 -1
180 -1 -1 -1 -1 -1 -1 -1 -1 -1 -1 -1 -1 -1 -1 -1 -1 -1 -1 -1 -1
181 -1 -1 -1 -1 -1 -1 -1 -1 -1 -1 -1 -1 -1 -1 -1 -1 -1 -1 -1 -1
182 -1 -1 -1 -1 -1 -1 -1 -1 -1 -1 -1 -1 -1 -1 -1 -1 -1 -1 -1 -1
183 -1 -1 -1 -1 -1 -1 -1 -1 -1 -1 -1 -1 -1 -1 -1 -1 -1 -1 -1 -1
184 -1 -1 -1 -1 -1 -1 -1 -1 -1 -1 -1 -1 -1 -1 -1 -1 -1 -1 -1 -1
185 -1 -1 -1 -1 -1 -1 -1 -1 -1 -1 -1 -1 -1 -1 -1 -1 -1 -1 -1 -1
186 -1 -1 -1 -1 -1 -1 -1 -1 -1 -1 -1 -1 -1 -1 -1 -1 -1 -1 -1 -1
187 -1 -1 -1 -1 -1 -1 -1 -1 -1 -1 -1 -1 -1 -1 -1 -1 -1 -1 -1 -1
188 -1 -1 -1 -1 -1 -1 -1 -1 -1 -1 -1 -1 -1 -1 -1 -1 -1 -1 -1 -1
189 -1 -1 -1 -1 -1 -1 -1 -1 -1 -1 -1 -1 -1 -1 -1 -1 -1 -1 -1 -1
190 -1 -1 -1 -1 -1 -1 -1 -1 -1 -1 -1 -1 -1 -1 -1 -1 -1 -1 -1 -1
191 -1 -1 -1 -1 -1 -1 -1 -1 -1 -1 -1 -1 -1 -1 -1 -1 -1 -1 -1 -1
192 -1 -1 -1 -1 -1 -1 -1 -1 -1 -1 -1 -1 -1 -1 -1 -1 -1 -1 -1 -1
193 -1 -1 -1 -1 -1 -1 -1 -1 -1 -1 -1 -1 -1 -1 -1 -1 -1 -1 -1 -1
194 -1 -1 -1 -1 -1 -1 -1 -1 -1 -1 -1 -1 -1 -1 -1 -1 -1 -1 -1 -1
195 -1 -1 -1 -1 -1 -1 -1 -1 -1 -1 -1 -1 -1 -1 -1 -1 -1 -1 -1 -1
196 -1 -1 -1 -1 -1 -1 -1 -1 -1 -1 -1 -1 -1 -1 -1 -1 -1 -1 -1 -1
197 -1 -1 -1 -1 -1 -1 -1 -1 -1 -1 -1 -1 -1 -1 -1 -1 -1 -1 -1 -1
198 -1 -1 -1 -1 -1 -1 -1 -1 -1 -1 -1 -1 -1 -1 -1 -1 -1 -1 -1 -1
199 -1 -1 -1 -1 -1 -1 -1 -1 -1 -1 -1 -1 -1 -1 -1 -1 -1 -1 -1 -1
200 -1 -1 -1 -1 -1 -1 -1 -1 -1 -1 -1 -1 -1 -1 -1 -1 -1 -1 -1 -1
201 -1 -1 -1 -1 -1 -1 -1 -1 -1 -1 -1 -1 -1 -1 -1 -1 -1 -1 -1 -1
202 -1 -1 -1 -1 -1 -1 -1 -1 -1 -1 -1 -1 -1 -1 -1 -1 -1 -1 -1 -1
203 -1 -1 -1 -1 -1 -1 -1 -1 -1 -1 -1 -1 -1 -1 -1 -1 -1 -1 -1 -1
204 -1 -1 -1 -1 -1 -1 -1 -1 -1 -1 -1 -1 -1 -1 -1 -1 -1 -1 -1 -1
205 -1 -1 -1 -1 -1 -1 -1 -1 -1 -1 -1 -1 -1 -1 -1 -1 -1 -1 -1 -1
206 -1 -1 -1 -1 -1 -1 -1 -1 -1 -1 -1 -1 -1 -1 -1 -1 -1 -1 -1 -1
207 -1 -1 -1 -1 -1 -1 -1 -1 -1 -1 -1 -1 -1 -1 -1 -1 -1 -1 -1 -1
208 -1 -1 -1 -1 -1 -1 -1 -1 -1 -1 -1 -1 -1 -1 -1 -1 -1 -1 -1 -1
209 -1 -1 -1 -1 -1 -1 -1 -1 -1 -1 -1 -1 -1 -1 -1 -1 -1 -1 -1 -1
210 -1 -1 -1 -1 -1 -1 -1 -1 -1 -1 -1 -1 -1 -1 -1 -1 -1 -1 -1 -1
211 -1 -1 -1 -1 -1 -1 -1 -1 -1 -1 -1 -1 -1 -1 -1 -1 -1 -1 -1 -1
212 -1 -1 -1 -1 -1 -1 -1 -1 -1 -1 -1 -1 -1 -1 -1 -1 -1 -1 -1 -1
213 -1 -1 -1 -1 -1 -1 -1 -1 -1 -1 -1 -1 -1 -1 -1 -1 -1 -1 -1 -1
214 -1 -1 -1 -1 -1 -1 -1 -1 -1 -1 -1 -1 -1 -1 -1 -1 -1 -1 -1 -1
215 -1 -1 -1 -1 -1 -1 -1 -1 -1 -1 -1 -1 -1 -1 -1 -1 -1 -1 -1 -1
216 -1 -1 -1 -1 -1 -1 -1 -1 -1 -1 -1 -1 -1 -1 -1 -1 -1 -1 -1 -1
217 -1 -1 -1 -1 -1 -1 -1 -1 -1 -1 -1 -1 -1 -1 -1 -1 -1 -1 -1 -1
218 -1 -1 -1 -1 -1 -1 -1 -1 -1 -1 -1 -1 -1 -1 -1 -1 -1 -1 -1 -1
219 -1 -1 -1 -1 -1 -1 -1 -1 -1 -1 -1 -1 -1 -1 -1 -1 -1 -1 -1 -1
220 -1 -1 -1 -1 -1 -1 -1 -1 -1 -1 -1 -1 -1 -1 -1 -1 -1 -1 -1 -1
221 -1 -1 -1 -1 -1 -1 -1 -1 -1 -1 -1 -1 -1 -1 -1 -1 -1 -1 -1 -1
222 -1 -1 -1 -1 -1 -1 -1 -1 -1 -1 -1 -1 -1 -1 -1 -1 -1 -1 -1 -1
223 -1 -1 -1 -1 -1 -1 -1 -1 -1 -1 -1 -1 -1 -1 -1 -1 -1 -1 -1 -1
224 -1 -1 -1 -1 -1 -1 -1 -1 -1 -1 -1 -1 -1 -1 -1 -1 -1 -1 -1 -1
225 -1 -1 -1 -1 -1 -1 -1 -1 -1 -1 -1 -1 -1 -1 -1 -1 -1 -1 -1 -1
226 -1 -1 -1 -1 -1 -1 -1 -1 -1 -1 -1 -1 -1 -1 -1 -1 -1 -1 -1 -1
227 -1 -1 -1 -1 -1 -1 -1 -1 -1 -1 -1 -1 -1 -1 -1 -1 -1 -1 -1 -1
228 -1 -1 -1 -1 -1 -1 -1 -1 -1 -1 -1 -1 -1 -1 -1 -1 -1 -1 -1 -1
229 -1 -1 -1 -1 -1 -1 -1 -1 -1 -1 -1 -1 -1 -1 -1 -1 -1 -1 -1 -1
230 -1 -1 -1 -1 -1 -1 -1 -1 -1 -1 -1 -1 -1 -1 -1 -1 -1 -1 -1 -1
231 -1 -1 -1 -1 -1 -1 -1 -1 -1 -1 -1 -1 -1 -1 -1 -1 -1 -1 -1 -1
232 -1 -1 -1 -1 -1 -1 -1 -1 -1 -1 -1 -1 -1 -1 -1 -1 -1 -1 -1 -1
233 -1 -1 -1 -1 -1 -1 -1 -1 -1 -1 -1 -1 -1 -1 -1 -1 -1 -1 -1 -1
234 -1 -1 -1 -1 -1 -1 -1 -1 -1 -1 -1 -1 -1 -1 -1 -1 -1 -1 -1 -1
235 -1 -1 -1 -1 -1 -1 -1 -1 -1 -1 -1 -1 -1 -1 -1 -1 -1 -1 -1 -1
236 -1 -1 -1 -1 -1 -1 -1 -1 -1 -1 -1 -1 -1 -1 -1 -1 -1 -1 -1 -1
237 -1 -1 -1 -1 -1 -1 -1 -1 -1 -1 -1 -1 -1 -1 -1 -1 -1 -1 -1 -1
238 -1 -1 -1 -1 -1 -1 -1 -1 -1 -1 -1 -1 -1 -1 -1 -1 -1 -1 -1 -1
239 -1 -1 -1 -1 -1 -1 -1 -1 -1 -1 -1 -1 -1 -1 -1 -1 -1 -1 -1 -1
