57
82
0 -1 -1 -1 -1 -1 -1 -1 -1 -1 -1 -1 -1 -1 -1 -1 -1 -1 -1 -1 -1
1 0.615375 0.576080 0.579781 0.942639 0.533806 0.936567 0.625755 0.948712 0.533806 0.936567 0.547918 1.201782 0.553627 1.451247 0.625755 0.948712 0.601849 1.209919 0.562617 1.469380
2 0.612726 0.572354 0.576236 0.945955 0.530589 0.941927 0.621884 0.949984 0.530589 0.941927 0.545206 1.215769 0.547605 1.476644 0.621884 0.949984 0.599522 1.227910 0.558712 1.501154
3 0.605705 0.567202 0.569721 0.945841 0.522624 0.941777 0.616818 0.949904 0.522624 0.941777 0.544268 1.215184 0.546217 1.477299 0.616818 0.949904 0.587811 1.231827 0.544992 1.510228
4 0.596902 0.564416 0.562500 0.946117 0.516202 0.942299 0.608797 0.949935 0.516202 0.942299 0.535734 1.215554 0.533541 1.479234 0.608797 0.949935 0.572321 1.235872 0.529538 1.516261
5 0.586678 0.559919 0.552688 0.946246 0.506958 0.942764 0.598418 0.949729 0.506958 0.942764 0.528584 1.214995 0.528873 1.477614 0.598418 0.949729 0.563140 1.235219 0.520550 1.515859
6 0.576667 0.556794 0.544517 0.944093 0.498619 0.941840 0.590415 0.946346 0.498619 0.941840 0.520659 1.209580 0.521564 1.476964 0.590415 0.946346 0.559709 1.227573 0.518314 1.512529
7 0.566128 0.556009 0.536708 0.941934 0.490753 0.940583 0.582663 0.943286 0.490753 0.940583 0.513000 1.208849 0.510841 1.477041 0.582663 0.943286 0.556155 1.228807 0.516017 1.517754
8 0.555058 0.549610 0.529102 0.936671 0.482456 0.935593 0.575748 0.937749 0.482456 0.935593 0.502866 1.204005 0.498691 1.475598 0.575748 0.937749 0.550077 1.228159 0.507139 1.515657
9 0.543396 0.540831 0.519337 0.932663 0.471761 0.932521 0.566913 0.932805 0.471761 0.932521 0.489251 1.190759 0.488426 1.449407 0.566913 0.932805 0.534655 1.220739 0.500853 1.500231
10 -1 -1 -1 -1 -1 -1 -1 -1 -1 -1 -1 -1 -1 -1 -1 -1 -1 -1 -1 -1
11 -1 -1 -1 -1 -1 -1 -1 -1 -1 -1 -1 -1 -1 -1 -1 -1 -1 -1 -1 -1
12 -1 -1 -1 -1 -1 -1 -1 -1 -1 -1 -1 -1 -1 -1 -1 -1 -1 -1 -1 -1
13 -1 -1 -1 -1 -1 -1 -1 -1 -1 -1 -1 -1 -1 -1 -1 -1 -1 -1 -1 -1
14 -1 -1 -1 -1 -1 -1 -1 -1 -1 -1 -1 -1 -1 -1 -1 -1 -1 -1 -1 -1
15 -1 -1 -1 -1 -1 -1 -1 -1 -1 -1 -1 -1 -1 -1 -1 -1 -1 -1 -1 -1
16 -1 -1 -1 -1 -1 -1 -1 -1 -1 -1 -1 -1 -1 -1 -1 -1 -1 -1 -1 -1
17 -1 -1 -1 -1 -1 -1 -1 -1 -1 -1 -1 -1 -1 -1 -1 -1 -1 -1 -1 -1
18 -1 -1 -1 -1 -1 -1 -1 -1 -1 -1 -1 -1 -1 -1 -1 -1 -1 -1 -1 -1
19 -1 -1 -1 -1 -1 -1 -1 -1 -1 -1 -1 -1 -1 -1 -1 -1 -1 -1 -1 -1
20 -1 -1 -1 -1 -1 -1 -1 -1 -1 -1 -1 -1 -1 -1 -1 -1 -1 -1 -1 -1
21 -1 -1 -1 -1 -1 -1 -1 -1 -1 -1 -1 -1 -1 -1 -1 -1 -1 -1 -1 -1
22 -1 -1 -1 -1 -1 -1 -1 -1 -1 -1 -1 -1 -1 -1 -1 -1 -1 -1 -1 -1
23 -1 -1 -1 -1 -1 -1 -1 -1 -1 -1 -1 -1 -1 -1 -1 -1 -1 -1 -1 -1
24 -1 -1 -1 -1 -1 -1 -1 -1 -1 -1 -1 -1 -1 -1 -1 -1 -1 -1 -1 -1
25 -1 -1 -1 -1 -1 -1 -1 -1 -1 -1 -1 -1 -1 -1 -1 -1 -1 -1 -1 -1
26 -1 -1 -1 -1 -1 -1 -1 -1 -1 -1 -1 -1 -1 -1 -1 -1 -1 -1 -1 -1
27 -1 -1 -1 -1 -1 -1 -1 -1 -1 -1 -1 -1 -1 -1 -1 -1 -1 -1 -1 -1
28 -1 -1 -1 -1 -1 -1 -1 -1 -1 -1 -1 -1 -1 -1 -1 -1 -1 -1 -1 -1
29 -1 -1 -1 -1 -1 -1 -1 -1 -1 -1 -1 -1 -1 -1 -1 -1 -1 -1 -1 -1
30 -1 -1 -1 -1 -1 -1 -1 -1 -1 -1 -1 -1 -1 -1 -1 -1 -1 -1 -1 -1
31 -1 -1 -1 -1 -1 -1 -1 -1 -1 -1 -1 -1 -1 -1 -1 -1 -1 -1 -1 -1
32 -1 -1 -1 -1 -1 -1 -1 -1 -1 -1 -1 -1 -1 -1 -1 -1 -1 -1 -1 -1
33 -1 -1 -1 -1 -1 -1 -1 -1 -1 -1 -1 -1 -1 -1 -1 -1 -1 -1 -1 -1
34 -1 -1 -1 -1 -1 -1 -1 -1 -1 -1 -1 -1 -1 -1 -1 -1 -1 -1 -1 -1
35 -1 -1 -1 -1 -1 -1 -1 -1 -1 -1 -1 -1 -1 -1 -1 -1 -1 -1 -1 -1
36 -1 -1 -1 -1 -1 -1 -1 -1 -1 -1 -1 -1 -1 -1 -1 -1 -1 -1 -1 -1
37 -1 -1 -1 -1 -1 -1 -1 -1 -1 -1 -1 -1 -1 -1 -1 -1 -1 -1 -1 -1
38 -1 -1 -1 -1 -1 -1 -1 -1 -1 -1 -1 -1 -1 -1 -1 -1 -1 -1 -1 -1
39 -1 -1 -1 -1 -1 -1 -1 -1 -1 -1 -1 -1 -1 -1 -1 -1 -1 -1 -1 -1
40 -1 -1 -1 -1 -1 -1 -1 -1 -1 -1 -1 -1 -1 -1 -1 -1 -1 -1 -1 -1
41 -1 -1 -1 -1 -1 -1 -1 -1 -1 -1 -1 -1 -1 -1 -1 -1 -1 -1 -1 -1
42 -1 -1 -1 -1 -1 -1 -1 -1 -1 -1 -1 -1 -1 -1 -1 -1 -1 -1 -1 -1
43 -1 -1 -1 -1 -1 -1 -1 -1 -1 -1 -1 -1 -1 -1 -1 -1 -1 -1 -1 -1
44 -1 -1 -1 -1 -1 -1 -1 -1 -1 -1 -1 -1 -1 -1 -1 -1 -1 -1 -1 -1
45 -1 -1 -1 -1 -1 -1 -1 -1 -1 -1 -1 -1 -1 -1 -1 -1 -1 -1 -1 -1
46 -1 -1 -1 -1 -1 -1 -1 -1 -1 -1 -1 -1 -1 -1 -1 -1 -1 -1 -1 -1
47 -1 -1 -1 -1 -1 -1 -1 -1 -1 -1 -1 -1 -1 -1 -1 -1 -1 -1 -1 -1
48 -1 -1 -1 -1 -1 -1 -1 -1 -1 -1 -1 -1 -1 -1 -1 -1 -1 -1 -1 -1
49 -1 -1 -1 -1 -1 -1 -1 -1 -1 -1 -1 -1 -1 -1 -1 -1 -1 -1 -1 -1
50 -1 -1 -1 -1 -1 -1 -1 -1 -1 -1 -1 -1 -1 -1 -1 -1 -1 -1 -1 -1
51 -1 -1 -1 -1 -1 -1 -1 -1 -1 -1 -1 -1 -1 -1 -1 -1 -1 -1 -1 -1
52 -1 -1 -1 -1 -1 -1 -1 -1 -1 -1 -1 -1 -1 -1 -1 -1 -1 -1 -1 -1
53 -1 -1 -1 -1 -1 -1 -1 -1 -1 -1 -1 -1 -1 -1 -1 -1 -1 -1 -1 -1
54 -1 -1 -1 -1 -1 -1 -1 -1 -1 -1 -1 -1 -1 -1 -1 -1 -1 -1 -1 -1
55 -1 -1 -1 -1 -1 -1 -1 -1 -1 -1 -1 -1 -1 -1 -1 -1 -1 -1 -1 -1
56 -1 -1 -1 -1 -1 -1 -1 -1 -1 -1 -1 -1 -1 -1 -1 -1 -1 -1 -1 -1
57 -1 -1 -1 -1 -1 -1 -1 -1 -1 -1 -1 -1 -1 -1 -1 -1 -1 -1 -1 -1
58 -1 -1 -1 -1 -1 -1 -1 -1 -1 -1 -1 -1 -1 -1 -1 -1 -1 -1 -1 -1
59 -1 -1 -1 -1 -1 -1 -1 -1 -1 -1 -1 -1 -1 -1 -1 -1 -1 -1 -1 -1
60 -1 -1 -1 -1 -1 -1 -1 -1 -1 -1 -1 -1 -1 -1 -1 -1 -1 -1 -1 -1
61 -1 -1 -1 -1 -1 -1 -1 -1 -1 -1 -1 -1 -1 -1 -1 -1 -1 -1 -1 -1
62 -1 -1 -1 -1 -1 -1 -1 -1 -1 -1 -1 -1 -1 -1 -1 -1 -1 -1 -1 -1
63 0.591694 0.552915 0.540020 0.692927 0.515957 0.678510 0.564083 0.707344 0.515957 0.678510 0.494848 0.812435 0.442841 0.913736 0.564083 0.707344 0.520937 0.841335 0.457256 0.968167
64 0.594740 0.580108 0.550421 0.702415 0.527609 0.691215 0.573232 0.713615 0.527609 0.691215 0.491395 0.820037 0.442755 0.913970 0.573232 0.713615 0.526311 0.847384 0.472879 0.954998
65 0.608942 0.602919 0.556822 0.728702 0.526218 0.715435 0.587427 0.741969 0.526218 0.715435 0.492648 0.830597 0.447831 0.903892 0.587427 0.741969 0.542445 0.847524 0.488019 0.938732
66 0.619426 0.627338 0.565074 0.734251 0.534632 0.716529 0.595516 0.751974 0.534632 0.716529 0.500469 0.828835 0.454020 0.904347 0.595516 0.751974 0.555462 0.861700 0.492919 0.945140
67 0.623586 0.651918 0.577291 0.732042 0.550987 0.712626 0.603595 0.751457 0.550987 0.712626 0.500126 0.820751 0.459172 0.900354 0.603595 0.751457 0.562154 0.866472 0.500595 0.944282
68 0.628558 0.675130 0.578974 0.750266 0.553021 0.726109 0.604926 0.774423 0.553021 0.726109 0.500917 0.808302 0.458059 0.883704 0.604926 0.774423 0.556334 0.864067 0.500821 0.937541
69 0.632170 0.685188 0.574639 0.773466 0.552585 0.746398 0.596693 0.800534 0.552585 0.746398 0.499525 0.788313 0.464820 0.833920 0.596693 0.800534 0.528445 0.855719 0.515845 0.898873
70 0.638220 0.684502 0.579258 0.766909 0.560544 0.738657 0.597972 0.795162 0.560544 0.738657 0.513853 0.739757 0.467727 0.794276 0.597972 0.795162 0.543708 0.810961 0.525507 0.862113
71 0.639211 0.684209 0.576823 0.778991 0.556658 0.749105 0.596987 0.808877 0.556658 0.749105 0.511308 0.725435 0.466840 0.762230 0.596987 0.808877 0.534398 0.769195 0.500742 0.778368
72 0.635845 0.676074 0.573910 0.767141 0.554945 0.742314 0.592875 0.791967 0.554945 0.742314 0.526611 0.698769 0.469504 0.724976 0.592875 0.791967 0.556160 0.754672 0.517172 0.768732
73 0.632429 0.668306 0.570879 0.761781 0.551833 0.739136 0.589926 0.784426 0.551833 0.739136 0.536826 0.682731 0.486863 0.681896 0.589926 0.784426 0.595297 0.726785 0.551110 0.723706
74 0.632303 0.666661 0.571745 0.758705 0.554190 0.735953 0.589299 0.781457 0.554190 0.735953 0.527728 0.685707 0.487045 0.660253 0.589299 0.781457 0.570928 0.737194 0.533008 0.736932
75 0.633301 0.666853 0.575827 0.752800 0.559133 0.734286 0.592520 0.771313 0.559133 0.734286 0.536543 0.682142 0.494869 0.664709 0.592520 0.771313 0.585734 0.735961 0.564959 0.721622
76 -1 -1 -1 -1 -1 -1 -1 -1 -1 -1 -1 -1 -1 -1 -1 -1 -1 -1 -1 -1
77 -1 -1 -1 -1 -1 -1 -1 -1 -1 -1 -1 -1 -1 -1 -1 -1 -1 -1 -1 -1
78 -1 -1 -1 -1 -1 -1 -1 -1 -1 -1 -1 -1 -1 -1 -1 -1 -1 -1 -1 -1
79 -1 -1 -1 -1 -1 -1 -1 -1 -1 -1 -1 -1 -1 -1 -1 -1 -1 -1 -1 -1
80 -1 -1 -1 -1 -1 -1 -1 -1 -1 -1 -1 -1 -1 -1 -1 -1 -1 -1 -1 -1
81 -1 -1 -1 -1 -1 -1 -1 -1 -1 -1 -1 -1 -1 -1 -1 -1 -1 -1 -1 -1
82 -1 -1 -1 -1 -1 -1 -1 -1 -1 -1 -1 -1 -1 -1 -1 -1 -1 -1 -1 -1
83 -1 -1 -1 -1 -1 -1 -1 -1 -1 -1 -1 -1 -1 -1 -1 -1 -1 -1 -1 -1
84 -1 -1 -1 -1 -1 -1 -1 -1 -1 -1 -1 -1 -1 -1 -1 -1 -1 -1 -1 -1
85 0.637263 0.654853 0.584184 0.746251 0.565570 0.726135 0.602797 0.766367 0.565570 0.726135 0.518657 0.785448 0.457277 0.859645 0.602797 0.766367 0.538890 0.826587 0.470749 0.889578
86 0.635960 0.653745 0.583865 0.742654 0.564835 0.723769 0.602895 0.761539 0.564835 0.723769 0.508888 0.792281 0.438462 0.855585 0.602895 0.761539 0.541153 0.830636 0.467505 0.889911
87 0.633836 0.655276 0.582513 0.742062 0.564080 0.721738 0.600947 0.762385 0.564080 0.721738 0.500157 0.791929 0.429427 0.855856 0.600947 0.762385 0.538614 0.829315 0.463973 0.893652
88 0.630786 0.656405 0.578078 0.743607 0.559246 0.722878 0.596909 0.764335 0.559246 0.722878 0.493105 0.793521 0.423724 0.858883 0.596909 0.764335 0.539358 0.832895 0.460248 0.897890
89 0.628813 0.658460 0.575268 0.744620 0.556126 0.723892 0.594410 0.765348 0.556126 0.723892 0.489940 0.793261 0.419723 0.857514 0.594410 0.765348 0.532645 0.831432 0.457662 0.898843
90 0.626704 0.662854 0.574476 0.745373 0.555137 0.724440 0.593815 0.766306 0.555137 0.724440 0.490165 0.793749 0.416615 0.858128 0.593815 0.766306 0.531258 0.829499 0.455976 0.899249
91 0.625501 0.668713 0.573696 0.745629 0.553705 0.724645 0.593688 0.766614 0.553705 0.724645 0.490912 0.796105 0.415286 0.858214 0.593688 0.766614 0.529954 0.829147 0.450393 0.893241
92 0.624830 0.675383 0.572911 0.746513 0.552868 0.725015 0.592953 0.768010 0.552868 0.725015 0.492130 0.794825 0.415760 0.855681 0.592953 0.768010 0.530399 0.832558 0.449179 0.891008
93 0.624763 0.681057 0.572478 0.747153 0.552852 0.725047 0.592104 0.769259 0.552852 0.725047 0.492810 0.794819 0.416594 0.854668 0.592104 0.769259 0.529513 0.830189 0.449248 0.890060
94 0.625127 0.680822 0.572926 0.746078 0.553116 0.725133 0.592736 0.767022 0.553116 0.725133 0.495274 0.793587 0.418347 0.854251 0.592736 0.767022 0.531033 0.829429 0.449478 0.889010
95 0.625486 0.679490 0.576602 0.740795 0.555639 0.723809 0.597566 0.757782 0.555639 0.723809 0.498337 0.792811 0.419761 0.855231 0.597566 0.757782 0.538025 0.828518 0.452076 0.891645
96 0.625916 0.678672 0.577030 0.740385 0.556459 0.723067 0.597601 0.757703 0.556459 0.723067 0.501203 0.792887 0.420394 0.859610 0.597601 0.757703 0.537973 0.828079 0.453509 0.896938
97 0.627258 0.681118 0.578474 0.740994 0.559294 0.723113 0.597654 0.758876 0.559294 0.723113 0.503674 0.792506 0.420825 0.863035 0.597654 0.758876 0.536364 0.827594 0.453886 0.896719
98 0.628130 0.682098 0.578740 0.741635 0.559572 0.723420 0.597908 0.759850 0.559572 0.723420 0.503592 0.791775 0.421466 0.862379 0.597908 0.759850 0.536035 0.827964 0.454562 0.901171
99 0.628719 0.683267 0.578443 0.746540 0.559438 0.728465 0.597447 0.764615 0.559438 0.728465 0.504446 0.794541 0.421952 0.864897 0.597447 0.764615 0.534828 0.827714 0.454538 0.904433
100 0.628714 0.684246 0.577489 0.747590 0.558685 0.729270 0.596293 0.765909 0.558685 0.729270 0.504415 0.796051 0.422065 0.866541 0.596293 0.765909 0.534617 0.829962 0.453502 0.905464
101 0.628631 0.686625 0.574460 0.750544 0.554969 0.731871 0.593951 0.769218 0.554969 0.731871 0.503105 0.795912 0.422019 0.865227 0.593951 0.769218 0.533225 0.834628 0.452708 0.909179
102 0.628621 0.686214 0.573771 0.750482 0.554563 0.731656 0.592978 0.769309 0.554563 0.731656 0.502783 0.795749 0.422190 0.866447 0.592978 0.769309 0.530960 0.834344 0.451600 0.911205
103 0.628736 0.685773 0.573622 0.750514 0.554679 0.731433 0.592564 0.769595 0.554679 0.731433 0.501882 0.795480 0.422568 0.866322 0.592564 0.769595 0.529410 0.834576 0.450958 0.912224
104 0.628966 0.685336 0.573296 0.750951 0.554529 0.731325 0.592063 0.770577 0.554529 0.731325 0.501251 0.796888 0.422804 0.865788 0.592063 0.770577 0.529403 0.835472 0.450789 0.910509
105 0.629705 0.685074 0.572858 0.751356 0.554182 0.731229 0.591534 0.771484 0.554182 0.731229 0.500083 0.798238 0.422984 0.864877 0.591534 0.771484 0.529779 0.836196 0.451081 0.909433
106 0.630157 0.684874 0.573280 0.750998 0.554541 0.731133 0.592020 0.770864 0.554541 0.731133 0.500420 0.798656 0.423376 0.864386 0.592020 0.770864 0.529908 0.835676 0.451165 0.908767
107 0.630209 0.685059 0.572976 0.751323 0.554585 0.731045 0.591367 0.771600 0.554585 0.731045 0.500578 0.798659 0.423436 0.863277 0.591367 0.771600 0.530014 0.836162 0.451305 0.908514
108 0.630399 0.685132 0.572006 0.751492 0.553552 0.730936 0.590459 0.772048 0.553552 0.730936 0.500046 0.799927 0.422712 0.863164 0.590459 0.772048 0.529805 0.836815 0.450048 0.908142
109 0.630319 0.685124 0.571717 0.751208 0.552883 0.731343 0.590551 0.771073 0.552883 0.731343 0.501075 0.799662 0.422744 0.864953 0.590551 0.771073 0.529940 0.836590 0.448297 0.906290
110 0.630204 0.685209 0.572195 0.751955 0.553824 0.732892 0.590567 0.771018 0.553824 0.732892 0.500768 0.799754 0.422835 0.866461 0.590567 0.771018 0.529348 0.836426 0.447643 0.906123
111 0.630183 0.686991 0.573538 0.751695 0.556157 0.732707 0.590918 0.770682 0.556157 0.732707 0.500968 0.799656 0.423034 0.866329 0.590918 0.770682 0.529466 0.835873 0.446784 0.906349
112 0.630243 0.686873 0.574642 0.751334 0.557898 0.732760 0.591386 0.769908 0.557898 0.732760 0.501406 0.799599 0.423110 0.866629 0.591386 0.769908 0.529486 0.835406 0.444845 0.906364
113 0.630093 0.686925 0.575072 0.751267 0.558485 0.732689 0.591660 0.769846 0.558485 0.732689 0.501536 0.799541 0.423098 0.866236 0.591660 0.769846 0.529514 0.834723 0.443631 0.906247
114 0.629990 0.686960 0.574336 0.752546 0.558337 0.733156 0.590334 0.771935 0.558337 0.733156 0.498452 0.799755 0.421693 0.866020 0.590334 0.771935 0.528020 0.834668 0.442694 0.904987
115 0.629876 0.686890 0.574318 0.752743 0.558260 0.733679 0.590375 0.771807 0.558260 0.733679 0.498246 0.800599 0.421849 0.866097 0.590375 0.771807 0.527231 0.834749 0.443267 0.904857
116 0.629867 0.686956 0.574303 0.753040 0.558104 0.734431 0.590502 0.771649 0.558104 0.734431 0.498380 0.800932 0.422120 0.866030 0.590502 0.771649 0.527218 0.834106 0.443319 0.904183
117 -1 -1 -1 -1 -1 -1 -1 -1 -1 -1 -1 -1 -1 -1 -1 -1 -1 -1 -1 -1
118 -1 -1 -1 -1 -1 -1 -1 -1 -1 -1 -1 -1 -1 -1 -1 -1 -1 -1 -1 -1
119 -1 -1 -1 -1 -1 -1 -1 -1 -1 -1 -1 -1 -1 -1 -1 -1 -1 -1 -1 -1
120 -1 -1 -1 -1 -1 -1 -1 -1 -1 -1 -1 -1 -1 -1 -1 -1 -1 -1 -1 -1
121 -1 -1 -1 -1 -1 -1 -1 -1 -1 -1 -1 -1 -1 -1 -1 -1 -1 -1 -1 -1
122 -1 -1 -1 -1 -1 -1 -1 -1 -1 -1 -1 -1 -1 -1 -1 -1 -1 -1 -1 -1
123 -1 -1 -1 -1 -1 -1 -1 -1 -1 -1 -1 -1 -1 -1 -1 -1 -1 -1 -1 -1
124 -1 -1 -1 -1 -1 -1 -1 -1 -1 -1 -1 -1 -1 -1 -1 -1 -1 -1 -1 -1
125 -1 -1 -1 -1 -1 -1 -1 -1 -1 -1 -1 -1 -1 -1 -1 -1 -1 -1 -1 -1
126 -1 -1 -1 -1 -1 -1 -1 -1 -1 -1 -1 -1 -1 -1 -1 -1 -1 -1 -1 -1
127 -1 -1 -1 -1 -1 -1 -1 -1 -1 -1 -1 -1 -1 -1 -1 -1 -1 -1 -1 -1
128 -1 -1 -1 -1 -1 -1 -1 -1 -1 -1 -1 -1 -1 -1 -1 -1 -1 -1 -1 -1
129 -1 -1 -1 -1 -1 -1 -1 -1 -1 -1 -1 -1 -1 -1 -1 -1 -1 -1 -1 -1
130 -1 -1 -1 -1 -1 -1 -1 -1 -1 -1 -1 -1 -1 -1 -1 -1 -1 -1 -1 -1
131 -1 -1 -1 -1 -1 -1 -1 -1 -1 -1 -1 -1 -1 -1 -1 -1 -1 -1 -1 -1
132 -1 -1 -1 -1 -1 -1 -1 -1 -1 -1 -1 -1 -1 -1 -1 -1 -1 -1 -1 -1
133 -1 -1 -1 -1 -1 -1 -1 -1 -1 -1 -1 -1 -1 -1 -1 -1 -1 -1 -1 -1
134 -1 -1 -1 -1 -1 -1 -1 -1 -1 -1 -1 -1 -1 -1 -1 -1 -1 -1 -1 -1
135 -1 -1 -1 -1 -1 -1 -1 -1 -1 -1 -1 -1 -1 -1 -1 -1 -1 -1 -1 -1
136 -1 -1 -1 -1 -1 -1 -1 -1 -1 -1 -1 -1 -1 -1 -1 -1 -1 -1 -1 -1
137 -1 -1 -1 -1 -1 -1 -1 -1 -1 -1 -1 -1 -1 -1 -1 -1 -1 -1 -1 -1
138 -1 -1 -1 -1 -1 -1 -1 -1 -1 -1 -1 -1 -1 -1 -1 -1 -1 -1 -1 -1
139 -1 -1 -1 -1 -1 -1 -1 -1 -1 -1 -1 -1 -1 -1 -1 -1 -1 -1 -1 -1
140 -1 -1 -1 -1 -1 -1 -1 -1 -1 -1 -1 -1 -1 -1 -1 -1 -1 -1 -1 -1
141 -1 -1 -1 -1 -1 -1 -1 -1 -1 -1 -1 -1 -1 -1 -1 -1 -1 -1 -1 -1
142 -1 -1 -1 -1 -1 -1 -1 -1 -1 -1 -1 -1 -1 -1 -1 -1 -1 -1 -1 -1
143 -1 -1 -1 -1 -1 -1 -1 -1 -1 -1 -1 -1 -1 -1 -1 -1 -1 -1 -1 -1
144 -1 -1 -1 -1 -1 -1 -1 -1 -1 -1 -1 -1 -1 -1 -1 -1 -1 -1 -1 -1
145 -1 -1 -1 -1 -1 -1 -1 -1 -1 -1 -1 -1 -1 -1 -1 -1 -1 -1 -1 -1
146 -1 -1 -1 -1 -1 -1 -1 -1 -1 -1 -1 -1 -1 -1 -1 -1 -1 -1 -1 -1
147 -1 -1 -1 -1 -1 -1 -1 -1 -1 -1 -1 -1 -1 -1 -1 -1 -1 -1 -1 -1
148 -1 -1 -1 -1 -1 -1 -1 -1 -1 -1 -1 -1 -1 -1 -1 -1 -1 -1 -1 -1
149 -1 -1 -1 -1 -1 -1 -1 -1 -1 -1 -1 -1 -1 -1 -1 -1 -1 -1 -1 -1
150 -1 -1 -1 -1 -1 -1 -1 -1 -1 -1 -1 -1 -1 -1 -1 -1 -1 -1 -1 -1
151 -1 -1 -1 -1 -1 -1 -1 -1 -1 -1 -1 -1 -1 -1 -1 -1 -1 -1 -1 -1
152 -1 -1 -1 -1 -1 -1 -1 -1 -1 -1 -1 -1 -1 -1 -1 -1 -1 -1 -1 -1
153 -1 -1 -1 -1 -1 -1 -1 -1 -1 -1 -1 -1 -1 -1 -1 -1 -1 -1 -1 -1
154 -1 -1 -1 -1 -1 -1 -1 -1 -1 -1 -1 -1 -1 -1 -1 -1 -1 -1 -1 -1
155 -1 -1 -1 -1 -1 -1 -1 -1 -1 -1 -1 -1 -1 -1 -1 -1 -1 -1 -1 -1
156 -1 -1 -1 -1 -1 -1 -1 -1 -1 -1 -1 -1 -1 -1 -1 -1 -1 -1 -1 -1
157 -1 -1 -1 -1 -1 -1 -1 -1 -1 -1 -1 -1 -1 -1 -1 -1 -1 -1 -1 -1
158 -1 -1 -1 -1 -1 -1 -1 -1 -1 -1 -1 -1 -1 -1 -1 -1 -1 -1 -1 -1
159 -1 -1 -1 -1 -1 -1 -1 -1 -1 -1 -1 -1 -1 -1 -1 -1 -1 -1 -1 -1
160 -1 -1 -1 -1 -1 -1 -1 -1 -1 -1 -1 -1 -1 -1 -1 -1 -1 -1 -1 -1
161 -1 -1 -1 -1 -1 -1 -1 -1 -1 -1 -1 -1 -1 -1 -1 -1 -1 -1 -1 -1
162 -1 -1 -1 -1 -1 -1 -1 -1 -1 -1 -1 -1 -1 -1 -1 -1 -1 -1 -1 -1
163 -1 -1 -1 -1 -1 -1 -1 -1 -1 -1 -1 -1 -1 -1 -1 -1 -1 -1 -1 -1
164 -1 -1 -1 -1 -1 -1 -1 -1 -1 -1 -1 -1 -1 -1 -1 -1 -1 -1 -1 -1
165 -1 -1 -1 -1 -1 -1 -1 -1 -1 -1 -1 -1 -1 -1 -1 -1 -1 -1 -1 -1
166 -1 -1 -1 -1 -1 -1 -1 -1 -1 -1 -1 -1 -1 -1 -1 -1 -1 -1 -1 -1
167 -1 -1 -1 -1 -1 -1 -1 -1 -1 -1 -1 -1 -1 -1 -1 -1 -1 -1 -1 -1
168 -1 -1 -1 -1 -1 -1 -1 -1 -1 -1 -1 -1 -1 -1 -1 -1 -1 -1 -1 -1
169 -1 -1 -1 -1 -1 -1 -1 -1 -1 -1 -1 -1 -1 -1 -1 -1 -1 -1 -1 -1
170 -1 -1 -1 -1 -1 -1 -1 -1 -1 -1 -1 -1 -1 -1 -1 -1 -1 -1 -1 -1
171 -1 -1 -1 -1 -1 -1 -1 -1 -1 -1 -1 -1 -1 -1 -1 -1 -1 -1 -1 -1
172 -1 -1 -1 -1 -1 -1 -1 -1 -1 -1 -1 -1 -1 -1 -1 -1 -1 -1 -1 -1
173 -1 -1 -1 -1 -1 -1 -1 -1 -1 -1 -1 -1 -1 -1 -1 -1 -1 -1 -1 -1
174 -1 -1 -1 -1 -1 -1 -1 -1 -1 -1 -1 -1 -1 -1 -1 -1 -1 -1 -1 -1
175 -1 -1 -1 -1 -1 -1 -1 -1 -1 -1 -1 -1 -1 -1 -1 -1 -1 -1 -1 -1
176 -1 -1 -1 -1 -1 -1 -1 -1 -1 -1 -1 -1 -1 -1 -1 -1 -1 -1 -1 -1
177 -1 -1 -1 -1 -1 -1 -1 -1 -1 -1 -1 -1 -1 -1 -1 -1 -1 -1 -1 -1
178 -1 -1 -1 -1 -1 -1 -1 -1 -1 -1 -1 -1 -1 -1 -1 -1 -1 -1 -1 -1
179 -1 -1 -1 -1 -1 -1 -1 -1 -1 -1 -1 -1 -1 -1 -1 -1 -1 -1 -1 -1
180 -1 -1 -1 -1 -1 -1 -1 -1 -1 -1 -1 -1 -1 -1 -1 -1 -1 -1 -1 -1
181 -1 -1 -1 -1 -1 -1 -1 -1 -1 -1 -1 -1 -1 -1 -1 -1 -1 -1 -1 -1
182 -1 -1 -1 -1 -1 -1 -1 -1 -1 -1 -1 -1 -1 -1 -1 -1 -1 -1 -1 -1
183 -1 -1 -1 -1 -1 -1 -1 -1 -1 -1 -1 -1 -1 -1 -1 -1 -1 -1 -1 -1
184 -1 -1 -1 -1 -1 -1 -1 -1 -1 -1 -1 -1 -1 -1 -1 -1 -1 -1 -1 -1
185 -1 -1 -1 -1 -1 -1 -1 -1 -1 -1 -1 -1 -1 -1 -1 -1 -1 -1 -1 -1
186 -1 -1 -1 -1 -1 -1 -1 -1 -1 -1 -1 -1 -1 -1 -1 -1 -1 -1 -1 -1
187 -1 -1 -1 -1 -1 -1 -1 -1 -1 -1 -1 -1 -1 -1 -1 -1 -1 -1 -1 -1
188 -1 -1 -1 -1 -1 -1 -1 -1 -1 -1 -1 -1 -1 -1 -1 -1 -1 -1 -1 -1
189 -1 -1 -1 -1 -1 -1 -1 -1 -1 -1 -1 -1 -1 -1 -1 -1 -1 -1 -1 -1
190 -1 -1 -1 -1 -1 -1 -1 -1 -1 -1 -1 -1 -1 -1 -1 -1 -1 -1 -1 -1
191 -1 -1 -1 -1 -1 -1 -1 -1 -1 -1 -1 -1 -1 -1 -1 -1 -1 -1 -1 -1
192 -1 -1 -1 -1 -1 -1 -1 -1 -1 -1 -1 -1 -1 -1 -1 -1 -1 -1 -1 -1
193 -1 -1 -1 -1 -1 -1 -1 -1 -1 -1 -1 -1 -1 -1 -1 -1 -1 -1 -1 -1
194 -1 -1 -1 -1 -1 -1 -1 -1 -1 -1 -1 -1 -1 -1 -1 -1 -1 -1 -1 -1
195 -1 -1 -1 -1 -1 -1 -1 -1 -1 -1 -1 -1 -1 -1 -1 -1 -1 -1 -1 -1
196 -1 -1 -1 -1 -1 -1 -1 -1 -1 -1 -1 -1 -1 -1 -1 -1 -1 -1 -1 -1
197 -1 -1 -1 -1 -1 -1 -1 -1 -1 -1 -1 -1 -1 -1 -1 -1 -1 -1 -1 -1
198 -1 -1 -1 -1 -1 -1 -1 -1 -1 -1 -1 -1 -1 -1 -1 -1 -1 -1 -1 -1
199 -1 -1 -1 -1 -1 -1 -1 -1 -1 -1 -1 -1 -1 -1 -1 -1 -1 -1 -1 -1
200 -1 -1 -1 -1 -1 -1 -1 -1 -1 -1 -1 -1 -1 -1 -1 -1 -1 -1 -1 -1
201 -1 -1 -1 -1 -1 -1 -1 -1 -1 -1 -1 -1 -1 -1 -1 -1 -1 -1 -1 -1
202 -1 -1 -1 -1 -1 -1 -1 -1 -1 -1 -1 -1 -1 -1 -1 -1 -1 -1 -1 -1
203 -1 -1 -1 -1 -1 -1 -1 -1 -1 -1 -1 -1 -1 -1 -1 -1 -1 -1 -1 -1
204 -1 -1 -1 -1 -1 -1 -1 -1 -1 -1 -1 -1 -1 -1 -1 -1 -1 -1 -1 -1
205 -1 -1 -1 -1 -1 -1 -1 -1 -1 -1 -1 -1 -1 -1 -1 -1 -1 -1 -1 -1
