49
75
0 -1 -1 -1 -1 -1 -1 -1 -1 -1 -1 -1 -1 -1 -1 -1 -1 -1 -1 -1 -1
1 -1 -1 -1 -1 -1 -1 -1 -1 -1 -1 -1 -1 -1 -1 -1 -1 -1 -1 -1 -1
2 0.968090 0.333866 0.940978 0.506919 0.963106 0.512684 0.918851 0.501153 0.963106 0.512684 0.947418 0.640850 0.932844 0.754590 0.918851 0.501153 0.900951 0.625199 0.894852 0.736647
3 0.960253 0.338317 0.939697 0.509756 0.963010 0.514775 0.916383 0.504737 0.963010 0.514775 0.947785 0.651163 0.934403 0.769378 0.916383 0.504737 0.898802 0.627929 0.894683 0.741987
4 0.948903 0.338559 0.935086 0.513782 0.959145 0.518184 0.911028 0.509379 0.959145 0.518184 0.948804 0.653081 0.939606 0.767943 0.911028 0.509379 0.895897 0.632541 0.893840 0.748922
5 0.944951 0.338324 0.932333 0.514867 0.956740 0.518815 0.907926 0.510918 0.956740 0.518815 0.948993 0.651814 0.939054 0.762739 0.907926 0.510918 0.895881 0.635726 0.893988 0.748660
6 0.943838 0.337455 0.929693 0.515363 0.954411 0.519323 0.904976 0.511403 0.954411 0.519323 0.949262 0.654422 0.939763 0.764843 0.904976 0.511403 0.895397 0.641343 0.893338 0.751742
7 0.941311 0.335379 0.926272 0.515053 0.950284 0.519254 0.902261 0.510851 0.950284 0.519254 0.945216 0.653898 0.935743 0.771116 0.902261 0.510851 0.893260 0.640013 0.893132 0.752396
8 0.938300 0.333437 0.922640 0.515529 0.946059 0.519627 0.899222 0.511431 0.946059 0.519627 0.941417 0.654750 0.932582 0.769593 0.899222 0.511431 0.891531 0.639972 0.893233 0.752200
9 0.935471 0.331685 0.919223 0.515133 0.941489 0.519189 0.896958 0.511076 0.941489 0.519189 0.931692 0.648660 0.924011 0.758207 0.896958 0.511076 0.890768 0.639253 0.893566 0.751473
10 0.934230 0.330752 0.917877 0.514661 0.939348 0.518446 0.896406 0.510876 0.939348 0.518446 0.927435 0.647983 0.922344 0.753716 0.896406 0.510876 0.888126 0.639879 0.893575 0.750985
11 0.931324 0.331234 0.915291 0.514875 0.935723 0.518366 0.894859 0.511383 0.935723 0.518366 0.923776 0.648189 0.921348 0.754424 0.894859 0.511383 0.886559 0.644365 0.893952 0.751022
12 0.931164 0.332259 0.915675 0.516876 0.936519 0.519940 0.894830 0.513813 0.936519 0.519940 0.924302 0.653772 0.919530 0.760999 0.894830 0.513813 0.887226 0.651364 0.893919 0.754890
13 0.930535 0.333075 0.913335 0.519638 0.933429 0.523075 0.893241 0.516200 0.933429 0.523075 0.918042 0.656708 0.913029 0.766609 0.893241 0.516200 0.886449 0.651484 0.893573 0.754770
14 0.928608 0.333157 0.910063 0.519336 0.928589 0.522902 0.891537 0.515771 0.928589 0.522902 0.911008 0.656086 0.901063 0.767362 0.891537 0.515771 0.886527 0.650083 0.893388 0.754278
15 0.926847 0.333424 0.906782 0.521067 0.923799 0.525041 0.889765 0.517093 0.923799 0.525041 0.905780 0.655957 0.892765 0.772998 0.889765 0.517093 0.886695 0.649054 0.892726 0.754206
16 0.926243 0.333550 0.906121 0.520751 0.924090 0.524731 0.888152 0.516771 0.924090 0.524731 0.905459 0.655878 0.889055 0.775511 0.888152 0.516771 0.884730 0.647521 0.889445 0.756228
17 0.925495 0.334550 0.904451 0.520882 0.922868 0.525179 0.886033 0.516585 0.922868 0.525179 0.903511 0.655659 0.883385 0.777712 0.886033 0.516585 0.882263 0.647134 0.886166 0.757257
18 0.924478 0.336092 0.902202 0.522175 0.919667 0.527068 0.884736 0.517282 0.919667 0.527068 0.899963 0.659103 0.878080 0.785422 0.884736 0.517282 0.882199 0.647239 0.882982 0.765117
19 0.923960 0.339199 0.901587 0.523507 0.919309 0.529357 0.883864 0.517657 0.919309 0.529357 0.899593 0.663271 0.875371 0.790512 0.883864 0.517657 0.881895 0.650868 0.877642 0.783210
20 0.923195 0.342106 0.899341 0.526406 0.916718 0.532878 0.881965 0.519933 0.916718 0.532878 0.895402 0.664446 0.872800 0.795846 0.881965 0.519933 0.876209 0.652715 0.869328 0.779877
21 0.922498 0.346048 0.896053 0.534949 0.911888 0.541126 0.880218 0.528773 0.911888 0.541126 0.890051 0.674276 0.870120 0.805187 0.880218 0.528773 0.877562 0.657224 0.871250 0.778310
22 0.922344 0.348144 0.897451 0.538544 0.914038 0.544822 0.880864 0.532266 0.914038 0.544822 0.891868 0.678771 0.870522 0.804372 0.880864 0.532266 0.878232 0.662555 0.868790 0.784623
23 0.921931 0.348975 0.898335 0.539833 0.915648 0.546340 0.881023 0.533326 0.915648 0.546340 0.893431 0.681609 0.871430 0.804498 0.881023 0.533326 0.878513 0.663931 0.867839 0.789418
24 0.920672 0.350126 0.898945 0.546416 0.916553 0.551530 0.881337 0.541302 0.916553 0.551530 0.893934 0.683953 0.873311 0.802212 0.881337 0.541302 0.878487 0.666997 0.869733 0.787851
25 0.920918 0.351878 0.899187 0.552991 0.917087 0.559047 0.881288 0.546934 0.917087 0.559047 0.894599 0.689904 0.875047 0.800606 0.881288 0.546934 0.878712 0.676384 0.870946 0.800030
26 0.920717 0.351138 0.898183 0.555014 0.915016 0.560988 0.881350 0.549041 0.915016 0.560988 0.892046 0.692052 0.873375 0.804105 0.881350 0.549041 0.878896 0.676280 0.872486 0.795721
27 0.920570 0.350618 0.898324 0.552079 0.915551 0.557561 0.881096 0.546597 0.915551 0.557561 0.889055 0.690016 0.873257 0.804352 0.881096 0.546597 0.875555 0.675245 0.869446 0.793023
28 0.920405 0.352040 0.897554 0.554712 0.915486 0.559942 0.879621 0.549482 0.915486 0.559942 0.887916 0.693600 0.871610 0.808998 0.879621 0.549482 0.872502 0.678726 0.869909 0.774256
29 0.920106 0.356344 0.895654 0.555802 0.914441 0.561070 0.876867 0.550534 0.914441 0.561070 0.887193 0.697432 0.869900 0.811292 0.876867 0.550534 0.863490 0.677062 0.870540 0.765111
30 0.918561 0.358059 0.891604 0.555846 0.909711 0.561714 0.873497 0.549978 0.909711 0.561714 0.885844 0.698083 0.868799 0.813330 0.873497 0.549978 0.860657 0.675882 0.870880 0.761930
31 0.916884 0.359798 0.888128 0.557144 0.906081 0.563618 0.870174 0.550669 0.906081 0.563618 0.885766 0.703381 0.868553 0.814661 0.870174 0.550669 0.857594 0.675433 0.868001 0.763110
32 0.914670 0.360550 0.885335 0.557061 0.901824 0.563636 0.868846 0.550485 0.901824 0.563636 0.884267 0.701781 0.868781 0.814134 0.868846 0.550485 0.856639 0.670619 0.867479 0.762682
33 0.913351 0.361307 0.882229 0.556768 0.899503 0.563591 0.864955 0.549945 0.899503 0.563591 0.882700 0.700894 0.868656 0.813260 0.864955 0.549945 0.846159 0.669207 0.867230 0.750580
34 0.912279 0.362057 0.879600 0.556364 0.898531 0.563215 0.860670 0.549514 0.898531 0.563215 0.881937 0.702871 0.868841 0.812879 0.860670 0.549514 0.839302 0.668690 0.867447 0.749061
35 0.911446 0.363030 0.876649 0.556588 0.896858 0.563829 0.856439 0.549347 0.896858 0.563829 0.881178 0.704155 0.869041 0.813132 0.856439 0.549347 0.834075 0.668712 0.868303 0.750228
36 0.910065 0.363861 0.873115 0.558617 0.893090 0.566634 0.853141 0.550600 0.893090 0.566634 0.878236 0.705829 0.869160 0.814489 0.853141 0.550600 0.831354 0.669615 0.868479 0.752393
37 0.908841 0.365981 0.870703 0.559444 0.890381 0.567522 0.851025 0.551366 0.890381 0.567522 0.875122 0.705473 0.868850 0.814638 0.851025 0.551366 0.829614 0.670652 0.868405 0.754927
38 0.906126 0.368366 0.866591 0.560161 0.887176 0.568243 0.846006 0.552080 0.887176 0.568243 0.872918 0.704769 0.868918 0.814856 0.846006 0.552080 0.824936 0.671615 0.867764 0.755278
39 0.902983 0.371788 0.861939 0.562410 0.883538 0.570868 0.840340 0.553952 0.883538 0.570868 0.871219 0.704628 0.868982 0.814148 0.840340 0.553952 0.818732 0.671964 0.865527 0.755850
40 0.900498 0.373694 0.857019 0.563981 0.877822 0.572476 0.836217 0.555487 0.877822 0.572476 0.866364 0.704785 0.869017 0.811764 0.836217 0.555487 0.816830 0.672032 0.859858 0.758617
41 0.894883 0.376868 0.852508 0.565071 0.874500 0.573016 0.830516 0.557126 0.874500 0.573016 0.861660 0.704633 0.869041 0.811659 0.830516 0.557126 0.812462 0.672009 0.852372 0.758722
42 0.889894 0.381225 0.845283 0.566936 0.867305 0.574409 0.823261 0.559463 0.867305 0.574409 0.852648 0.705056 0.868603 0.810921 0.823261 0.559463 0.805990 0.673170 0.851613 0.759253
43 0.883681 0.387867 0.837336 0.571334 0.859744 0.579781 0.814928 0.562886 0.859744 0.579781 0.841229 0.710075 0.867688 0.810956 0.814928 0.562886 0.798343 0.680461 0.847600 0.762555
44 0.878207 0.393164 0.826448 0.576035 0.848881 0.584182 0.804014 0.567888 0.848881 0.584182 0.829020 0.715819 0.865698 0.810449 0.804014 0.567888 0.784801 0.691060 0.840598 0.761826
45 0.872872 0.400545 0.819427 0.581709 0.841778 0.590195 0.797076 0.573222 0.841778 0.590195 0.820869 0.720044 0.864030 0.808170 0.797076 0.573222 0.771434 0.699015 0.832750 0.760007
46 0.863622 0.408608 0.809481 0.591421 0.832686 0.600556 0.786277 0.582285 0.832686 0.600556 0.809008 0.730306 0.862303 0.807229 0.786277 0.582285 0.753984 0.709230 0.819919 0.763465
47 0.850724 0.423322 0.792855 0.606698 0.815271 0.615745 0.770440 0.597652 0.815271 0.615745 0.790745 0.751116 0.858138 0.807368 0.770440 0.597652 0.735777 0.724478 0.810543 0.774147
48 0.841513 0.439040 0.779009 0.625924 0.799726 0.633825 0.758292 0.618024 0.799726 0.633825 0.784844 0.770670 0.853398 0.805709 0.758292 0.618024 0.722902 0.740769 0.809461 0.789926
49 0.829366 0.454077 0.764915 0.641778 0.787068 0.649878 0.742763 0.633678 0.787068 0.649878 0.774955 0.795810 0.849651 0.806738 0.742763 0.633678 0.704633 0.752974 0.791874 0.788907
50 0.813640 0.473160 0.748741 0.656219 0.772497 0.664525 0.724985 0.647914 0.772497 0.664525 0.754204 0.807469 0.841935 0.806776 0.724985 0.647914 0.689032 0.770453 0.763324 0.794306
51 0.797044 0.495230 0.739359 0.669651 0.764595 0.678545 0.714122 0.660756 0.764595 0.678545 0.744042 0.818970 0.832386 0.806891 0.714122 0.660756 0.678290 0.788605 0.743601 0.792881
52 0.779634 0.508306 0.731435 0.678270 0.758069 0.685656 0.704801 0.670884 0.758069 0.685656 0.742902 0.827928 0.824759 0.807334 0.704801 0.670884 0.670395 0.813532 0.740390 0.792706
53 0.755134 0.536593 0.712980 0.709759 0.738708 0.713534 0.687253 0.705985 0.738708 0.713534 0.747033 0.849273 0.821570 0.807707 0.687253 0.705985 0.663712 0.832608 0.735369 0.796589
54 0.735999 0.552822 0.703354 0.719984 0.727825 0.726786 0.678883 0.713182 0.727825 0.726786 0.741569 0.860197 0.812064 0.809645 0.678883 0.713182 0.659470 0.830546 0.711312 0.795009
55 0.710712 0.581372 0.687759 0.741533 0.710775 0.748260 0.664743 0.734807 0.710775 0.748260 0.738330 0.864915 0.811352 0.808923 0.664743 0.734807 0.656411 0.831195 0.729007 0.803261
56 0.686135 0.601093 0.678035 0.741999 0.698753 0.753352 0.657316 0.730647 0.698753 0.753352 0.733386 0.855516 0.806086 0.806662 0.657316 0.730647 0.663811 0.826633 0.760145 0.814630
57 0.660051 0.626853 0.667739 0.756554 0.688239 0.769237 0.647240 0.743871 0.688239 0.769237 0.732339 0.851161 0.805139 0.804276 0.647240 0.743871 0.674404 0.830843 0.765924 0.815734
58 0.639332 0.654039 0.658538 0.761937 0.685418 0.768025 0.631659 0.755848 0.685418 0.768025 0.728201 0.851170 0.801677 0.804197 0.631659 0.755848 0.594208 0.827948 0.595109 0.866425
59 0.620654 0.674195 0.649740 0.758555 0.677365 0.766331 0.622116 0.750778 0.677365 0.766331 0.722673 0.849188 0.800548 0.802435 0.622116 0.750778 0.599005 0.842122 0.643896 0.860392
60 0.602729 0.699286 0.634311 0.746866 0.664512 0.752276 0.604110 0.741455 0.664512 0.752276 0.722504 0.840545 0.793332 0.802490 0.604110 0.741455 0.592389 0.821928 0.567560 0.855785
61 0.573058 0.734292 0.608955 0.745943 0.644490 0.748128 0.573421 0.743757 0.644490 0.748128 0.713864 0.835473 0.789369 0.799455 0.573421 0.743757 0.530197 0.797224 0.464985 0.893189
62 0.551413 0.763812 0.590881 0.774892 0.628779 0.773682 0.552984 0.776101 0.628779 0.773682 0.705890 0.828489 0.785161 0.798258 0.552984 0.776101 0.491690 0.799420 0.467622 0.899884
63 0.534361 0.793514 0.579185 0.782544 0.615976 0.780182 0.542395 0.784906 0.615976 0.780182 0.701193 0.827814 0.775384 0.791196 0.542395 0.784906 0.500078 0.801891 0.515675 0.875855
64 0.519754 0.806494 0.560500 0.780691 0.598153 0.774427 0.522846 0.786956 0.598153 0.774427 0.689136 0.825027 0.768044 0.783265 0.522846 0.786956 0.468232 0.832824 0.512774 0.887796
65 0.505212 0.818990 0.542469 0.781081 0.582669 0.770171 0.502269 0.791991 0.582669 0.770171 0.681621 0.822505 0.756173 0.772504 0.502269 0.791991 0.459693 0.833709 0.445626 0.868235
66 0.495433 0.820673 0.542020 0.783724 0.575389 0.766871 0.508650 0.800578 0.575389 0.766871 0.675561 0.818666 0.748699 0.762876 0.508650 0.800578 0.502921 0.830898 0.614819 0.819941
67 0.495632 0.828792 0.543917 0.784683 0.576214 0.766943 0.511620 0.802423 0.576214 0.766943 0.665921 0.812672 0.745863 0.752747 0.511620 0.802423 0.583141 0.820228 0.693172 0.782751
68 0.491471 0.822008 0.536496 0.774795 0.568782 0.757344 0.504210 0.792245 0.568782 0.757344 0.669788 0.802885 0.744063 0.750074 0.504210 0.792245 0.600477 0.826288 0.696660 0.791868
69 0.482742 0.816691 0.522996 0.773937 0.551855 0.751844 0.494137 0.796031 0.551855 0.751844 0.661997 0.803398 0.745061 0.748263 0.494137 0.796031 0.597589 0.824530 0.693822 0.778582
70 0.477115 0.823257 0.513949 0.779131 0.538492 0.748756 0.489405 0.809507 0.538492 0.748756 0.642668 0.793944 0.740414 0.755611 0.489405 0.809507 0.583070 0.808861 0.673209 0.774514
71 -1 -1 -1 -1 -1 -1 -1 -1 -1 -1 -1 -1 -1 -1 -1 -1 -1 -1 -1 -1
72 -1 -1 -1 -1 -1 -1 -1 -1 -1 -1 -1 -1 -1 -1 -1 -1 -1 -1 -1 -1
73 -1 -1 -1 -1 -1 -1 -1 -1 -1 -1 -1 -1 -1 -1 -1 -1 -1 -1 -1 -1
74 -1 -1 -1 -1 -1 -1 -1 -1 -1 -1 -1 -1 -1 -1 -1 -1 -1 -1 -1 -1
75 -1 -1 -1 -1 -1 -1 -1 -1 -1 -1 -1 -1 -1 -1 -1 -1 -1 -1 -1 -1
76 -1 -1 -1 -1 -1 -1 -1 -1 -1 -1 -1 -1 -1 -1 -1 -1 -1 -1 -1 -1
77 -1 -1 -1 -1 -1 -1 -1 -1 -1 -1 -1 -1 -1 -1 -1 -1 -1 -1 -1 -1
78 -1 -1 -1 -1 -1 -1 -1 -1 -1 -1 -1 -1 -1 -1 -1 -1 -1 -1 -1 -1
79 -1 -1 -1 -1 -1 -1 -1 -1 -1 -1 -1 -1 -1 -1 -1 -1 -1 -1 -1 -1
80 -1 -1 -1 -1 -1 -1 -1 -1 -1 -1 -1 -1 -1 -1 -1 -1 -1 -1 -1 -1
81 -1 -1 -1 -1 -1 -1 -1 -1 -1 -1 -1 -1 -1 -1 -1 -1 -1 -1 -1 -1
82 0.470735 0.819593 0.520367 0.789192 0.545679 0.773476 0.495054 0.804908 0.545679 0.773476 0.668099 0.806188 0.771561 0.786221 0.495054 0.804908 0.580476 0.786073 0.702701 0.797681
83 -1 -1 -1 -1 -1 -1 -1 -1 -1 -1 -1 -1 -1 -1 -1 -1 -1 -1 -1 -1
84 -1 -1 -1 -1 -1 -1 -1 -1 -1 -1 -1 -1 -1 -1 -1 -1 -1 -1 -1 -1
85 -1 -1 -1 -1 -1 -1 -1 -1 -1 -1 -1 -1 -1 -1 -1 -1 -1 -1 -1 -1
86 -1 -1 -1 -1 -1 -1 -1 -1 -1 -1 -1 -1 -1 -1 -1 -1 -1 -1 -1 -1
87 -1 -1 -1 -1 -1 -1 -1 -1 -1 -1 -1 -1 -1 -1 -1 -1 -1 -1 -1 -1
88 -1 -1 -1 -1 -1 -1 -1 -1 -1 -1 -1 -1 -1 -1 -1 -1 -1 -1 -1 -1
89 -1 -1 -1 -1 -1 -1 -1 -1 -1 -1 -1 -1 -1 -1 -1 -1 -1 -1 -1 -1
90 -1 -1 -1 -1 -1 -1 -1 -1 -1 -1 -1 -1 -1 -1 -1 -1 -1 -1 -1 -1
91 -1 -1 -1 -1 -1 -1 -1 -1 -1 -1 -1 -1 -1 -1 -1 -1 -1 -1 -1 -1
92 -1 -1 -1 -1 -1 -1 -1 -1 -1 -1 -1 -1 -1 -1 -1 -1 -1 -1 -1 -1
93 -1 -1 -1 -1 -1 -1 -1 -1 -1 -1 -1 -1 -1 -1 -1 -1 -1 -1 -1 -1
94 -1 -1 -1 -1 -1 -1 -1 -1 -1 -1 -1 -1 -1 -1 -1 -1 -1 -1 -1 -1
95 -1 -1 -1 -1 -1 -1 -1 -1 -1 -1 -1 -1 -1 -1 -1 -1 -1 -1 -1 -1
96 -1 -1 -1 -1 -1 -1 -1 -1 -1 -1 -1 -1 -1 -1 -1 -1 -1 -1 -1 -1
97 -1 -1 -1 -1 -1 -1 -1 -1 -1 -1 -1 -1 -1 -1 -1 -1 -1 -1 -1 -1
98 -1 -1 -1 -1 -1 -1 -1 -1 -1 -1 -1 -1 -1 -1 -1 -1 -1 -1 -1 -1
99 -1 -1 -1 -1 -1 -1 -1 -1 -1 -1 -1 -1 -1 -1 -1 -1 -1 -1 -1 -1
100 -1 -1 -1 -1 -1 -1 -1 -1 -1 -1 -1 -1 -1 -1 -1 -1 -1 -1 -1 -1
101 -1 -1 -1 -1 -1 -1 -1 -1 -1 -1 -1 -1 -1 -1 -1 -1 -1 -1 -1 -1
102 -1 -1 -1 -1 -1 -1 -1 -1 -1 -1 -1 -1 -1 -1 -1 -1 -1 -1 -1 -1
103 -1 -1 -1 -1 -1 -1 -1 -1 -1 -1 -1 -1 -1 -1 -1 -1 -1 -1 -1 -1
104 -1 -1 -1 -1 -1 -1 -1 -1 -1 -1 -1 -1 -1 -1 -1 -1 -1 -1 -1 -1
105 -1 -1 -1 -1 -1 -1 -1 -1 -1 -1 -1 -1 -1 -1 -1 -1 -1 -1 -1 -1
106 -1 -1 -1 -1 -1 -1 -1 -1 -1 -1 -1 -1 -1 -1 -1 -1 -1 -1 -1 -1
107 -1 -1 -1 -1 -1 -1 -1 -1 -1 -1 -1 -1 -1 -1 -1 -1 -1 -1 -1 -1
108 -1 -1 -1 -1 -1 -1 -1 -1 -1 -1 -1 -1 -1 -1 -1 -1 -1 -1 -1 -1
109 -1 -1 -1 -1 -1 -1 -1 -1 -1 -1 -1 -1 -1 -1 -1 -1 -1 -1 -1 -1
110 -1 -1 -1 -1 -1 -1 -1 -1 -1 -1 -1 -1 -1 -1 -1 -1 -1 -1 -1 -1
111 -1 -1 -1 -1 -1 -1 -1 -1 -1 -1 -1 -1 -1 -1 -1 -1 -1 -1 -1 -1
112 -1 -1 -1 -1 -1 -1 -1 -1 -1 -1 -1 -1 -1 -1 -1 -1 -1 -1 -1 -1
113 -1 -1 -1 -1 -1 -1 -1 -1 -1 -1 -1 -1 -1 -1 -1 -1 -1 -1 -1 -1
114 -1 -1 -1 -1 -1 -1 -1 -1 -1 -1 -1 -1 -1 -1 -1 -1 -1 -1 -1 -1
115 -1 -1 -1 -1 -1 -1 -1 -1 -1 -1 -1 -1 -1 -1 -1 -1 -1 -1 -1 -1
116 -1 -1 -1 -1 -1 -1 -1 -1 -1 -1 -1 -1 -1 -1 -1 -1 -1 -1 -1 -1
117 -1 -1 -1 -1 -1 -1 -1 -1 -1 -1 -1 -1 -1 -1 -1 -1 -1 -1 -1 -1
118 -1 -1 -1 -1 -1 -1 -1 -1 -1 -1 -1 -1 -1 -1 -1 -1 -1 -1 -1 -1
119 -1 -1 -1 -1 -1 -1 -1 -1 -1 -1 -1 -1 -1 -1 -1 -1 -1 -1 -1 -1
120 -1 -1 -1 -1 -1 -1 -1 -1 -1 -1 -1 -1 -1 -1 -1 -1 -1 -1 -1 -1
121 -1 -1 -1 -1 -1 -1 -1 -1 -1 -1 -1 -1 -1 -1 -1 -1 -1 -1 -1 -1
122 -1 -1 -1 -1 -1 -1 -1 -1 -1 -1 -1 -1 -1 -1 -1 -1 -1 -1 -1 -1
123 -1 -1 -1 -1 -1 -1 -1 -1 -1 -1 -1 -1 -1 -1 -1 -1 -1 -1 -1 -1
124 -1 -1 -1 -1 -1 -1 -1 -1 -1 -1 -1 -1 -1 -1 -1 -1 -1 -1 -1 -1
125 -1 -1 -1 -1 -1 -1 -1 -1 -1 -1 -1 -1 -1 -1 -1 -1 -1 -1 -1 -1
126 -1 -1 -1 -1 -1 -1 -1 -1 -1 -1 -1 -1 -1 -1 -1 -1 -1 -1 -1 -1
127 -1 -1 -1 -1 -1 -1 -1 -1 -1 -1 -1 -1 -1 -1 -1 -1 -1 -1 -1 -1
128 -1 -1 -1 -1 -1 -1 -1 -1 -1 -1 -1 -1 -1 -1 -1 -1 -1 -1 -1 -1
129 -1 -1 -1 -1 -1 -1 -1 -1 -1 -1 -1 -1 -1 -1 -1 -1 -1 -1 -1 -1
130 -1 -1 -1 -1 -1 -1 -1 -1 -1 -1 -1 -1 -1 -1 -1 -1 -1 -1 -1 -1
131 -1 -1 -1 -1 -1 -1 -1 -1 -1 -1 -1 -1 -1 -1 -1 -1 -1 -1 -1 -1
132 -1 -1 -1 -1 -1 -1 -1 -1 -1 -1 -1 -1 -1 -1 -1 -1 -1 -1 -1 -1
133 -1 -1 -1 -1 -1 -1 -1 -1 -1 -1 -1 -1 -1 -1 -1 -1 -1 -1 -1 -1
134 -1 -1 -1 -1 -1 -1 -1 -1 -1 -1 -1 -1 -1 -1 -1 -1 -1 -1 -1 -1
135 -1 -1 -1 -1 -1 -1 -1 -1 -1 -1 -1 -1 -1 -1 -1 -1 -1 -1 -1 -1
136 -1 -1 -1 -1 -1 -1 -1 -1 -1 -1 -1 -1 -1 -1 -1 -1 -1 -1 -1 -1
137 -1 -1 -1 -1 -1 -1 -1 -1 -1 -1 -1 -1 -1 -1 -1 -1 -1 -1 -1 -1
138 -1 -1 -1 -1 -1 -1 -1 -1 -1 -1 -1 -1 -1 -1 -1 -1 -1 -1 -1 -1
139 -1 -1 -1 -1 -1 -1 -1 -1 -1 -1 -1 -1 -1 -1 -1 -1 -1 -1 -1 -1
140 -1 -1 -1 -1 -1 -1 -1 -1 -1 -1 -1 -1 -1 -1 -1 -1 -1 -1 -1 -1
141 -1 -1 -1 -1 -1 -1 -1 -1 -1 -1 -1 -1 -1 -1 -1 -1 -1 -1 -1 -1
142 -1 -1 -1 -1 -1 -1 -1 -1 -1 -1 -1 -1 -1 -1 -1 -1 -1 -1 -1 -1
143 -1 -1 -1 -1 -1 -1 -1 -1 -1 -1 -1 -1 -1 -1 -1 -1 -1 -1 -1 -1
144 -1 -1 -1 -1 -1 -1 -1 -1 -1 -1 -1 -1 -1 -1 -1 -1 -1 -1 -1 -1
145 -1 -1 -1 -1 -1 -1 -1 -1 -1 -1 -1 -1 -1 -1 -1 -1 -1 -1 -1 -1
146 -1 -1 -1 -1 -1 -1 -1 -1 -1 -1 -1 -1 -1 -1 -1 -1 -1 -1 -1 -1
147 -1 -1 -1 -1 -1 -1 -1 -1 -1 -1 -1 -1 -1 -1 -1 -1 -1 -1 -1 -1
148 -1 -1 -1 -1 -1 -1 -1 -1 -1 -1 -1 -1 -1 -1 -1 -1 -1 -1 -1 -1
149 -1 -1 -1 -1 -1 -1 -1 -1 -1 -1 -1 -1 -1 -1 -1 -1 -1 -1 -1 -1
150 -1 -1 -1 -1 -1 -1 -1 -1 -1 -1 -1 -1 -1 -1 -1 -1 -1 -1 -1 -1
151 -1 -1 -1 -1 -1 -1 -1 -1 -1 -1 -1 -1 -1 -1 -1 -1 -1 -1 -1 -1
152 -1 -1 -1 -1 -1 -1 -1 -1 -1 -1 -1 -1 -1 -1 -1 -1 -1 -1 -1 -1
153 -1 -1 -1 -1 -1 -1 -1 -1 -1 -1 -1 -1 -1 -1 -1 -1 -1 -1 -1 -1
154 -1 -1 -1 -1 -1 -1 -1 -1 -1 -1 -1 -1 -1 -1 -1 -1 -1 -1 -1 -1
155 -1 -1 -1 -1 -1 -1 -1 -1 -1 -1 -1 -1 -1 -1 -1 -1 -1 -1 -1 -1
156 -1 -1 -1 -1 -1 -1 -1 -1 -1 -1 -1 -1 -1 -1 -1 -1 -1 -1 -1 -1
