89
129
0 -1 -1 -1 -1 -1 -1 -1 -1 -1 -1 -1 -1 -1 -1 -1 -1 -1 -1 -1 -1
1 0.251418 0.255991 0.262765 0.424829 0.284572 0.422297 0.240958 0.427361 0.284572 0.422297 0.290953 0.521928 0.294257 0.616217 0.240958 0.427361 0.252317 0.527297 0.263470 0.621344
2 0.251316 0.256067 0.263478 0.423320 0.285831 0.420389 0.241125 0.426251 0.285831 0.420389 0.291020 0.521996 0.294270 0.616612 0.241125 0.426251 0.252783 0.525871 0.260973 0.623660
3 0.251222 0.256182 0.263899 0.422437 0.286555 0.419375 0.241243 0.425498 0.286555 0.419375 0.291130 0.522210 0.294389 0.617482 0.241243 0.425498 0.253239 0.524975 0.259706 0.625419
4 0.251070 0.256265 0.264113 0.422035 0.286965 0.418860 0.241262 0.425210 0.286965 0.418860 0.291144 0.522464 0.294451 0.617767 0.241262 0.425210 0.253408 0.524657 0.258411 0.625980
5 0.250880 0.256397 0.264236 0.421697 0.287207 0.418416 0.241264 0.424978 0.287207 0.418416 0.291147 0.522637 0.294480 0.618093 0.241264 0.424978 0.253457 0.524668 0.257903 0.625878
6 0.250721 0.256633 0.264291 0.421428 0.287319 0.418075 0.241263 0.424782 0.287319 0.418075 0.291187 0.522777 0.294464 0.618068 0.241263 0.424782 0.253632 0.524681 0.257869 0.625789
7 0.250661 0.256952 0.264271 0.421159 0.287310 0.417851 0.241231 0.424466 0.287310 0.417851 0.291294 0.522807 0.294387 0.617980 0.241231 0.424466 0.254125 0.524700 0.257938 0.625346
8 0.250664 0.257365 0.264390 0.420729 0.287462 0.417397 0.241319 0.424062 0.287462 0.417397 0.291378 0.522805 0.294286 0.618171 0.241319 0.424062 0.254294 0.524710 0.257657 0.625325
9 0.250663 0.257786 0.264532 0.420404 0.287621 0.417084 0.241444 0.423724 0.287621 0.417084 0.291577 0.522808 0.294079 0.619607 0.241444 0.423724 0.254635 0.524961 0.257760 0.626383
10 0.250741 0.258240 0.264825 0.420193 0.287918 0.416794 0.241732 0.423591 0.287918 0.416794 0.292177 0.522812 0.293674 0.621893 0.241732 0.423591 0.255454 0.525164 0.257831 0.629236
11 0.251009 0.258436 0.265511 0.420203 0.288607 0.416812 0.242416 0.423594 0.288607 0.416812 0.292391 0.523385 0.293553 0.626080 0.242416 0.423594 0.255806 0.526564 0.257720 0.631986
12 0.251261 0.258939 0.266238 0.420178 0.289165 0.416763 0.243311 0.423592 0.289165 0.416763 0.292568 0.524828 0.293553 0.634558 0.243311 0.423592 0.256066 0.528594 0.257570 0.636890
13 0.251951 0.259389 0.267414 0.420740 0.290257 0.417193 0.244570 0.424286 0.290257 0.417193 0.292865 0.527370 0.294042 0.640222 0.244570 0.424286 0.256240 0.530288 0.257138 0.638775
14 0.252835 0.259894 0.268890 0.422667 0.291461 0.418703 0.246319 0.426632 0.291461 0.418703 0.293415 0.530411 0.294369 0.643219 0.246319 0.426632 0.256365 0.532759 0.257134 0.640494
15 0.254887 0.260259 0.269870 0.424934 0.292304 0.421171 0.247437 0.428696 0.292304 0.421171 0.293966 0.532237 0.294231 0.643340 0.247437 0.428696 0.256418 0.534456 0.257132 0.640324
16 0.257565 0.260907 0.271232 0.426624 0.293663 0.423200 0.248801 0.430047 0.293663 0.423200 0.294362 0.533339 0.294022 0.643076 0.248801 0.430047 0.256724 0.535144 0.257155 0.639848
17 0.260303 0.261671 0.272082 0.428862 0.294684 0.425506 0.249481 0.432217 0.294684 0.425506 0.294859 0.534884 0.293924 0.642716 0.249481 0.432217 0.256717 0.537193 0.257176 0.639530
18 0.263131 0.262421 0.273579 0.429962 0.296292 0.426907 0.250866 0.433018 0.296292 0.426907 0.295348 0.535347 0.293923 0.642955 0.250866 0.433018 0.256686 0.538327 0.257177 0.639743
19 0.266609 0.263008 0.275214 0.430821 0.297951 0.428188 0.252477 0.433454 0.297951 0.428188 0.296619 0.535225 0.293971 0.643289 0.252477 0.433454 0.256723 0.539191 0.257170 0.639809
20 0.270053 0.263344 0.277352 0.431135 0.300127 0.428649 0.254577 0.433621 0.300127 0.428649 0.297764 0.535569 0.294002 0.643982 0.254577 0.433621 0.257029 0.539531 0.256973 0.640093
21 0.273408 0.263087 0.279287 0.431220 0.302004 0.428959 0.256570 0.433481 0.302004 0.428959 0.298360 0.536742 0.294012 0.644434 0.256570 0.433481 0.257385 0.539998 0.256981 0.640111
22 0.277396 0.263053 0.280795 0.431771 0.303782 0.430088 0.257808 0.433453 0.303782 0.430088 0.298822 0.537241 0.294122 0.644318 0.257808 0.433453 0.258017 0.541641 0.257283 0.639975
23 0.280705 0.263124 0.282332 0.433107 0.305421 0.431944 0.259243 0.434269 0.305421 0.431944 0.299723 0.539348 0.294150 0.644228 0.259243 0.434269 0.258019 0.546702 0.250751 0.643035
24 0.283654 0.263237 0.284534 0.433581 0.307812 0.432732 0.261257 0.434429 0.307812 0.432732 0.300245 0.539928 0.294204 0.644016 0.261257 0.434429 0.258006 0.547710 0.247854 0.642707
25 0.285940 0.263817 0.285696 0.433388 0.308902 0.432389 0.262491 0.434387 0.308902 0.432389 0.301048 0.539665 0.294399 0.643992 0.262491 0.434387 0.258094 0.546851 0.250839 0.636837
26 0.288287 0.264280 0.287312 0.433929 0.310297 0.433211 0.264327 0.434647 0.310297 0.433211 0.301436 0.540207 0.294523 0.643788 0.264327 0.434647 0.258276 0.550429 0.250703 0.646709
27 0.290375 0.264747 0.288868 0.434059 0.311132 0.433252 0.266604 0.434865 0.311132 0.433252 0.301870 0.540613 0.294591 0.642598 0.266604 0.434865 0.260760 0.550520 0.258321 0.644223
28 0.292030 0.265292 0.289925 0.434625 0.311805 0.433668 0.268045 0.435583 0.311805 0.433668 0.302436 0.542406 0.294692 0.642531 0.268045 0.435583 0.262735 0.552206 0.261861 0.644013
29 0.293598 0.265899 0.291167 0.434629 0.312341 0.433668 0.269993 0.435589 0.312341 0.433668 0.302448 0.542797 0.294670 0.642314 0.269993 0.435589 0.267020 0.551959 0.265322 0.641115
30 0.295693 0.266691 0.292520 0.434675 0.312951 0.433812 0.272088 0.435538 0.312951 0.433812 0.302644 0.543753 0.293302 0.641680 0.272088 0.435538 0.271330 0.551075 0.267961 0.641610
31 0.296607 0.267450 0.293524 0.435079 0.313623 0.434265 0.273426 0.435892 0.313623 0.434265 0.302889 0.546196 0.292575 0.641338 0.273426 0.435892 0.273469 0.550489 0.269747 0.644606
32 0.298457 0.268582 0.294517 0.435256 0.314609 0.434533 0.274425 0.435979 0.314609 0.434533 0.303411 0.546248 0.292499 0.641204 0.274425 0.435979 0.275574 0.550111 0.272716 0.654278
33 0.299664 0.269948 0.295691 0.437295 0.315958 0.436520 0.275424 0.438071 0.315958 0.436520 0.303656 0.549505 0.292482 0.643592 0.275424 0.438071 0.276898 0.553270 0.277430 0.667528
34 0.301079 0.271517 0.297110 0.438987 0.317262 0.437864 0.276957 0.440110 0.317262 0.437864 0.304015 0.549999 0.292546 0.646764 0.276957 0.440110 0.280817 0.556487 0.286193 0.675609
35 0.302397 0.273560 0.298154 0.442361 0.318134 0.440720 0.278173 0.444001 0.318134 0.440720 0.303975 0.555973 0.292573 0.653403 0.278173 0.444001 0.284926 0.563139 0.293378 0.682246
36 0.304162 0.276439 0.299143 0.447203 0.319679 0.445956 0.278607 0.448450 0.319679 0.445956 0.303955 0.566175 0.292071 0.662976 0.278607 0.448450 0.288604 0.569561 0.303619 0.686588
37 0.305687 0.279526 0.300414 0.450956 0.321303 0.450407 0.279525 0.451505 0.321303 0.450407 0.303893 0.569141 0.288902 0.664404 0.279525 0.451505 0.293657 0.573665 0.306873 0.694569
38 0.306793 0.282392 0.303237 0.453690 0.324169 0.453189 0.282305 0.454190 0.324169 0.453189 0.303906 0.571264 0.283096 0.661272 0.282305 0.454190 0.296235 0.576206 0.307597 0.697286
39 0.307481 0.285016 0.306206 0.457171 0.327182 0.456310 0.285229 0.458032 0.327182 0.456310 0.305028 0.573028 0.282946 0.653194 0.285229 0.458032 0.300477 0.578430 0.309737 0.700528
40 0.308188 0.287378 0.308630 0.460538 0.329606 0.459302 0.287655 0.461774 0.329606 0.459302 0.307270 0.574739 0.283963 0.649110 0.287655 0.461774 0.303192 0.581710 0.310785 0.701599
41 0.307998 0.287853 0.310473 0.461732 0.331609 0.459517 0.289338 0.463948 0.331609 0.459517 0.312358 0.574684 0.287078 0.648455 0.289338 0.463948 0.305483 0.584394 0.309949 0.700161
42 0.308181 0.287547 0.312342 0.460918 0.333303 0.458390 0.291380 0.463446 0.333303 0.458390 0.321316 0.573055 0.293446 0.648490 0.291380 0.463446 0.308262 0.583371 0.308841 0.699194
43 0.308464 0.288224 0.313363 0.464955 0.334983 0.462579 0.291742 0.467332 0.334983 0.462579 0.328487 0.583356 0.297453 0.652465 0.291742 0.467332 0.305957 0.588975 0.309551 0.696588
44 0.308655 0.289431 0.315549 0.468192 0.337003 0.465077 0.294095 0.471307 0.337003 0.465077 0.340952 0.579767 0.305661 0.644705 0.294095 0.471307 0.309805 0.590953 0.311936 0.696868
45 0.308868 0.291276 0.316776 0.469795 0.338687 0.466802 0.294864 0.472787 0.338687 0.466802 0.347315 0.577981 0.308860 0.645197 0.294864 0.472787 0.310138 0.588114 0.312956 0.696777
46 0.308715 0.292427 0.318199 0.470440 0.340358 0.467041 0.296041 0.473839 0.340358 0.467041 0.353866 0.576662 0.315334 0.645649 0.296041 0.473839 0.310560 0.587058 0.314580 0.689145
47 0.308569 0.293399 0.319327 0.470652 0.341318 0.466664 0.297336 0.474640 0.341318 0.466664 0.358679 0.575885 0.323952 0.646041 0.297336 0.474640 0.309503 0.587651 0.315043 0.685471
48 0.308767 0.294414 0.321534 0.471725 0.343854 0.467805 0.299213 0.475645 0.343854 0.467805 0.360449 0.577760 0.332150 0.660443 0.299213 0.475645 0.310181 0.590192 0.313786 0.685570
49 0.309524 0.295273 0.324272 0.475950 0.347544 0.472143 0.300999 0.479758 0.347544 0.472143 0.361820 0.582682 0.342776 0.675952 0.300999 0.479758 0.309536 0.593097 0.313190 0.690291
50 0.310919 0.295924 0.326046 0.478189 0.349504 0.474526 0.302589 0.481852 0.349504 0.474526 0.362674 0.588315 0.353674 0.693272 0.302589 0.481852 0.309503 0.595897 0.313319 0.700588
51 0.313053 0.296460 0.327710 0.479398 0.351386 0.476079 0.304033 0.482717 0.351386 0.476079 0.363240 0.597299 0.363032 0.708938 0.304033 0.482717 0.310903 0.598365 0.313430 0.706166
52 0.315529 0.297439 0.328868 0.482222 0.352949 0.479133 0.304788 0.485312 0.352949 0.479133 0.365013 0.605021 0.371290 0.715153 0.304788 0.485312 0.312199 0.600368 0.314143 0.705928
53 0.318183 0.298789 0.329209 0.485037 0.353966 0.482602 0.304452 0.487473 0.353966 0.482602 0.366816 0.611062 0.378625 0.727358 0.304452 0.487473 0.312122 0.602956 0.314152 0.706757
54 0.322061 0.299992 0.331335 0.487741 0.356678 0.485632 0.305992 0.489850 0.356678 0.485632 0.367453 0.614721 0.381942 0.735172 0.305992 0.489850 0.312506 0.604592 0.314217 0.705865
55 0.325659 0.300618 0.333233 0.489301 0.358931 0.487801 0.307535 0.490800 0.358931 0.487801 0.368192 0.619063 0.382209 0.738743 0.307535 0.490800 0.312816 0.604608 0.314455 0.705892
56 0.329574 0.301883 0.336103 0.490234 0.362128 0.489408 0.310078 0.491061 0.362128 0.489408 0.369938 0.625378 0.381335 0.744891 0.310078 0.491061 0.313778 0.607762 0.314711 0.706146
57 0.334633 0.303361 0.339684 0.490546 0.366347 0.490365 0.313020 0.490727 0.366347 0.490365 0.372102 0.629185 0.379460 0.748342 0.313020 0.490727 0.315122 0.608380 0.315118 0.706940
58 0.340114 0.306194 0.342454 0.493029 0.369435 0.493804 0.315473 0.492254 0.369435 0.493804 0.373756 0.632066 0.377423 0.750444 0.315473 0.492254 0.317686 0.611294 0.315777 0.707525
59 0.344774 0.307489 0.345787 0.493601 0.372920 0.495083 0.318655 0.492118 0.372920 0.495083 0.374871 0.634776 0.376954 0.751195 0.318655 0.492118 0.319435 0.611450 0.316013 0.707706
60 0.348950 0.309007 0.349319 0.493907 0.376770 0.495907 0.321867 0.491907 0.376770 0.495907 0.376175 0.636496 0.377278 0.752758 0.321867 0.491907 0.321670 0.612838 0.316552 0.709161
61 0.353653 0.310077 0.353554 0.494620 0.381114 0.497338 0.325994 0.491902 0.381114 0.497338 0.377814 0.638667 0.378356 0.754333 0.325994 0.491902 0.323502 0.615402 0.317750 0.709123
62 0.358425 0.311314 0.357197 0.494548 0.384561 0.497465 0.329833 0.491630 0.384561 0.497465 0.379355 0.638373 0.378891 0.751687 0.329833 0.491630 0.324941 0.616072 0.319546 0.708849
63 0.362471 0.311644 0.359424 0.494543 0.386678 0.497558 0.332169 0.491528 0.386678 0.497558 0.380485 0.640025 0.380280 0.752581 0.332169 0.491528 0.327057 0.616976 0.321522 0.708792
64 0.366130 0.311790 0.361609 0.494575 0.388524 0.497820 0.334694 0.491329 0.388524 0.497820 0.381979 0.638955 0.381222 0.751074 0.334694 0.491329 0.330234 0.617028 0.326824 0.709786
65 0.369736 0.312646 0.365279 0.497255 0.391148 0.501795 0.339411 0.492715 0.391148 0.501795 0.382758 0.639440 0.381211 0.751191 0.339411 0.492715 0.333340 0.616376 0.333566 0.712036
66 0.373494 0.313526 0.368745 0.499264 0.393217 0.504357 0.344274 0.494171 0.393217 0.504357 0.383415 0.638806 0.380987 0.750840 0.344274 0.494171 0.337733 0.614538 0.338015 0.712307
67 0.377171 0.313820 0.372728 0.499080 0.395697 0.504168 0.349759 0.493993 0.395697 0.504168 0.382729 0.636719 0.380709 0.750608 0.349759 0.493993 0.343415 0.612638 0.349417 0.712452
68 0.380021 0.314525 0.374802 0.499028 0.396106 0.504214 0.353497 0.493843 0.396106 0.504214 0.382658 0.635401 0.381096 0.750318 0.353497 0.493843 0.349452 0.612436 0.357378 0.712747
69 0.383378 0.314404 0.377451 0.498728 0.396703 0.503699 0.358199 0.493757 0.396703 0.503699 0.382665 0.634256 0.382668 0.749731 0.358199 0.493757 0.355774 0.613081 0.365732 0.715424
70 0.386129 0.315505 0.378343 0.498235 0.396237 0.503388 0.360449 0.493081 0.396237 0.503388 0.382899 0.628485 0.384060 0.747068 0.360449 0.493081 0.358774 0.612875 0.372915 0.715253
71 0.388969 0.315474 0.379780 0.499961 0.395045 0.504835 0.364515 0.495087 0.395045 0.504835 0.383147 0.629326 0.387021 0.747035 0.364515 0.495087 0.366437 0.613810 0.382406 0.716794
72 0.391835 0.314734 0.382146 0.499622 0.395459 0.504189 0.368833 0.495056 0.395459 0.504189 0.383612 0.628929 0.388665 0.745647 0.368833 0.495056 0.374568 0.614494 0.389657 0.722827
73 0.395425 0.314494 0.387529 0.498497 0.396945 0.502626 0.378112 0.494368 0.396945 0.502626 0.383440 0.626432 0.388566 0.744401 0.378112 0.494368 0.379294 0.613483 0.392570 0.727935
74 0.397890 0.314204 0.390622 0.498185 0.398712 0.502083 0.382531 0.494287 0.398712 0.502083 0.382713 0.622590 0.388391 0.743424 0.382531 0.494287 0.382035 0.612587 0.393254 0.730680
75 0.401100 0.316099 0.394749 0.498309 0.399288 0.502020 0.390209 0.494598 0.399288 0.502020 0.380121 0.621330 0.388066 0.743053 0.390209 0.494598 0.383246 0.612684 0.395352 0.732500
76 0.404351 0.317892 0.394806 0.497716 0.398656 0.501128 0.390957 0.494304 0.398656 0.501128 0.377147 0.621772 0.389337 0.743849 0.390957 0.494304 0.383018 0.613252 0.397206 0.734005
77 0.408965 0.319364 0.397010 0.498147 0.398855 0.501419 0.395165 0.494875 0.398855 0.501419 0.375987 0.622149 0.391742 0.746848 0.395165 0.494875 0.383476 0.613244 0.397663 0.734564
78 0.414507 0.319300 0.398252 0.499221 0.398571 0.502492 0.397933 0.495951 0.398571 0.502492 0.375605 0.623375 0.393417 0.754583 0.397933 0.495951 0.383266 0.613796 0.397290 0.735957
79 0.421079 0.318989 0.396897 0.502731 0.396651 0.506487 0.397143 0.498975 0.396651 0.506487 0.375767 0.629788 0.394759 0.762849 0.397143 0.498975 0.383063 0.618056 0.396990 0.737120
80 0.427216 0.321236 0.395686 0.508443 0.388699 0.511754 0.402672 0.505131 0.388699 0.511754 0.375396 0.634604 0.395298 0.765590 0.402672 0.505131 0.388050 0.622780 0.399717 0.740132
81 0.432155 0.324059 0.395997 0.511425 0.384209 0.514362 0.407786 0.508487 0.384209 0.514362 0.375465 0.634458 0.396195 0.764458 0.407786 0.508487 0.389988 0.622695 0.400580 0.740421
82 0.436420 0.328388 0.392853 0.516852 0.378928 0.517702 0.406778 0.516001 0.378928 0.517702 0.375797 0.634635 0.397908 0.766630 0.406778 0.516001 0.388880 0.624258 0.400520 0.743216
83 0.440212 0.333137 0.392268 0.518709 0.377129 0.517914 0.407406 0.519505 0.377129 0.517914 0.377204 0.634258 0.400571 0.766788 0.407406 0.519505 0.387876 0.623551 0.398868 0.742241
84 0.443850 0.339637 0.393188 0.523134 0.377008 0.522297 0.409369 0.523972 0.377008 0.522297 0.378460 0.634174 0.403745 0.769964 0.409369 0.523972 0.386927 0.622850 0.398282 0.741354
85 0.449087 0.347937 0.395726 0.526318 0.377931 0.523875 0.413520 0.528761 0.377931 0.523875 0.378453 0.633455 0.404439 0.771335 0.413520 0.528761 0.387169 0.622589 0.397893 0.741737
86 0.454215 0.355769 0.397888 0.529014 0.379094 0.525593 0.416682 0.532434 0.379094 0.525593 0.378454 0.633252 0.405651 0.771288 0.416682 0.532434 0.386697 0.617056 0.396804 0.735231
87 0.458949 0.362635 0.398691 0.531798 0.379588 0.528439 0.417794 0.535157 0.379588 0.528439 0.378820 0.634552 0.406004 0.772991 0.417794 0.535157 0.386497 0.611423 0.391453 0.724084
88 0.464285 0.367690 0.401010 0.530732 0.382040 0.526673 0.419981 0.534791 0.382040 0.526673 0.377875 0.632881 0.405991 0.772315 0.419981 0.534791 0.386674 0.609701 0.390305 0.723504
89 0.469059 0.374071 0.403401 0.531792 0.384877 0.526877 0.421925 0.536707 0.384877 0.526877 0.377290 0.632867 0.405479 0.771918 0.421925 0.536707 0.388903 0.615914 0.385081 0.723127
90 0.472997 0.380170 0.406543 0.534408 0.389142 0.529878 0.423943 0.538937 0.389142 0.529878 0.376513 0.633319 0.405011 0.771350 0.423943 0.538937 0.389444 0.618824 0.381383 0.718865
91 0.478182 0.387213 0.407693 0.539807 0.391319 0.537185 0.424067 0.542429 0.391319 0.537185 0.376177 0.639053 0.404836 0.774666 0.424067 0.542429 0.392357 0.618202 0.382931 0.707386
92 0.483717 0.393445 0.413944 0.544261 0.397843 0.542962 0.430045 0.545560 0.397843 0.542962 0.376018 0.643356 0.404608 0.776774 0.430045 0.545560 0.400276 0.618416 0.390470 0.705861
93 0.489112 0.401024 0.417406 0.549442 0.402374 0.549213 0.432438 0.549670 0.402374 0.549213 0.374259 0.643760 0.405424 0.776719 0.432438 0.549670 0.409390 0.593879 0.397502 0.665366
94 0.495314 0.407200 0.420306 0.551035 0.404305 0.548846 0.436306 0.553224 0.404305 0.548846 0.371807 0.643248 0.405339 0.772831 0.436306 0.553224 0.414153 0.625114 0.415484 0.716928
95 0.501352 0.410370 0.424494 0.557086 0.409707 0.553992 0.439281 0.560180 0.409707 0.553992 0.369645 0.645267 0.406498 0.772731 0.439281 0.560180 0.414170 0.638961 0.426659 0.743959
96 0.509352 0.420626 0.436521 0.566501 0.419462 0.563463 0.453581 0.569539 0.419462 0.563463 0.370081 0.645875 0.410175 0.772917 0.453581 0.569539 0.421879 0.638946 0.427804 0.751384
97 0.515531 0.428434 0.442822 0.579269 0.426080 0.576559 0.459563 0.581979 0.426080 0.576559 0.367857 0.646583 0.409439 0.772673 0.459563 0.581979 0.420492 0.635078 0.427753 0.743970
98 0.522193 0.438859 0.450816 0.591929 0.436264 0.591914 0.465369 0.591944 0.436264 0.591914 0.368351 0.647684 0.411191 0.770804 0.465369 0.591944 0.421309 0.628907 0.424710 0.736112
99 0.531585 0.450619 0.463090 0.601968 0.450271 0.602848 0.475910 0.601089 0.450271 0.602848 0.369976 0.649294 0.413031 0.771169 0.475910 0.601089 0.421032 0.634268 0.425732 0.743237
100 0.536484 0.466152 0.465235 0.619238 0.453989 0.618525 0.476481 0.619950 0.453989 0.618525 0.375013 0.652087 0.417891 0.773049 0.476481 0.619950 0.420959 0.645058 0.424224 0.752406
101 0.539420 0.482598 0.474818 0.634389 0.464744 0.637741 0.484892 0.631036 0.464744 0.637741 0.382899 0.656397 0.423160 0.777795 0.484892 0.631036 0.425147 0.642343 0.432520 0.752013
102 0.552338 0.508106 0.486499 0.649450 0.475201 0.656059 0.497797 0.642841 0.475201 0.656059 0.383343 0.661777 0.423068 0.781337 0.497797 0.642841 0.447129 0.603926 0.447628 0.687759
103 -1 -1 -1 -1 -1 -1 -1 -1 -1 -1 -1 -1 -1 -1 -1 -1 -1 -1 -1 -1
104 -1 -1 -1 -1 -1 -1 -1 -1 -1 -1 -1 -1 -1 -1 -1 -1 -1 -1 -1 -1
105 -1 -1 -1 -1 -1 -1 -1 -1 -1 -1 -1 -1 -1 -1 -1 -1 -1 -1 -1 -1
106 -1 -1 -1 -1 -1 -1 -1 -1 -1 -1 -1 -1 -1 -1 -1 -1 -1 -1 -1 -1
107 0.620020 0.663309 0.526832 0.756366 0.521839 0.764709 0.531825 0.748024 0.521839 0.764709 0.451801 0.655339 0.417484 0.759754 0.531825 0.748024 0.457306 0.655044 0.379647 0.677056
108 0.632614 0.702784 0.528111 0.771755 0.527449 0.783253 0.528772 0.760258 0.527449 0.783253 0.468220 0.663189 0.392181 0.665448 0.528772 0.760258 0.456937 0.675739 0.415490 0.768258
109 0.648196 0.722951 0.531841 0.767831 0.533058 0.777043 0.530624 0.758619 0.533058 0.777043 0.481736 0.656061 0.419756 0.690223 0.530624 0.758619 0.473939 0.655795 0.400410 0.674735
110 0.665174 0.742923 0.537452 0.763140 0.536276 0.771705 0.538628 0.754575 0.536276 0.771705 0.493684 0.647888 0.415998 0.690990 0.538628 0.754575 0.486917 0.650100 0.412709 0.692281
111 0.675628 0.755431 0.545285 0.751665 0.543678 0.760095 0.546892 0.743234 0.543678 0.760095 0.502821 0.641086 0.425641 0.705622 0.546892 0.743234 0.499439 0.637417 0.413282 0.639170
112 0.681811 0.761489 0.554596 0.743424 0.552764 0.753977 0.556428 0.732871 0.552764 0.753977 0.514212 0.634392 0.433672 0.699020 0.556428 0.732871 0.506882 0.630273 0.418859 0.635609
113 0.687601 0.768333 0.560078 0.741273 0.556298 0.755209 0.563858 0.727337 0.556298 0.755209 0.506718 0.636680 0.440208 0.696951 0.563858 0.727337 0.527295 0.614300 0.441806 0.652623
114 0.689215 0.772364 0.562792 0.741866 0.559011 0.759001 0.566572 0.724732 0.559011 0.759001 0.518946 0.630078 0.447045 0.703108 0.566572 0.724732 0.530455 0.608240 0.442545 0.606954
115 0.691843 0.775541 0.566557 0.744799 0.561549 0.764936 0.571565 0.724661 0.561549 0.764936 0.517420 0.633109 0.453111 0.709036 0.571565 0.724661 0.532125 0.612669 0.447748 0.594549
116 0.692757 0.775134 0.567981 0.748555 0.563374 0.767800 0.572589 0.729309 0.563374 0.767800 0.520770 0.634843 0.460377 0.709484 0.572589 0.729309 0.530750 0.615240 0.456654 0.607629
117 0.691815 0.775651 0.565309 0.753211 0.561396 0.770916 0.569223 0.735507 0.561396 0.770916 0.518805 0.635802 0.463410 0.726442 0.569223 0.735507 0.528633 0.624831 0.458141 0.587882
118 0.692287 0.778941 0.562636 0.758955 0.559726 0.773356 0.565545 0.744554 0.559726 0.773356 0.517546 0.641827 0.463816 0.748140 0.565545 0.744554 0.522108 0.635649 0.458721 0.562969
119 0.689186 0.781134 0.560314 0.758606 0.557286 0.774802 0.563343 0.742409 0.557286 0.774802 0.511362 0.648067 0.461832 0.763015 0.563343 0.742409 0.518742 0.645040 0.453368 0.566021
120 0.687568 0.779347 0.559190 0.757680 0.556572 0.774860 0.561808 0.740500 0.556572 0.774860 0.508451 0.661581 0.457432 0.779360 0.561808 0.740500 0.509871 0.650361 0.450852 0.569790
121 0.686215 0.778071 0.557562 0.755614 0.555167 0.771989 0.559956 0.739239 0.555167 0.771989 0.499013 0.668328 0.455619 0.784891 0.559956 0.739239 0.501307 0.656379 0.441019 0.573369
122 0.684676 0.777991 0.554050 0.754545 0.552354 0.770658 0.555746 0.738433 0.552354 0.770658 0.491245 0.668468 0.453078 0.784760 0.555746 0.738433 0.494861 0.659451 0.429699 0.581881
123 0.686369 0.780528 0.553611 0.754993 0.551934 0.771824 0.555288 0.738163 0.551934 0.771824 0.487169 0.667577 0.451529 0.781829 0.555288 0.738163 0.486381 0.661158 0.421949 0.622452
124 0.685641 0.784979 0.552782 0.756142 0.550970 0.773120 0.554595 0.739165 0.550970 0.773120 0.484125 0.670000 0.450003 0.782596 0.554595 0.739165 0.483718 0.664304 0.412343 0.659594
125 0.685214 0.785913 0.548644 0.757599 0.547211 0.773039 0.550076 0.742160 0.547211 0.773039 0.481323 0.668919 0.449871 0.780213 0.550076 0.742160 0.478869 0.669768 0.405946 0.692453
126 0.684458 0.784425 0.546735 0.760027 0.545790 0.772970 0.547680 0.747084 0.545790 0.772970 0.483054 0.667412 0.450513 0.778555 0.547680 0.747084 0.480578 0.681948 0.411856 0.696550
127 0.683879 0.782774 0.545389 0.761144 0.544918 0.773173 0.545861 0.749114 0.544918 0.773173 0.484141 0.666509 0.451587 0.779678 0.545861 0.749114 0.479244 0.676657 0.401182 0.699148
128 0.683811 0.781731 0.545210 0.760192 0.544736 0.773048 0.545684 0.747336 0.544736 0.773048 0.482949 0.665964 0.451106 0.779264 0.545684 0.747336 0.477661 0.672325 0.400872 0.701493
129 0.683621 0.780924 0.545541 0.759570 0.544836 0.772444 0.546245 0.746696 0.544836 0.772444 0.481917 0.663095 0.450288 0.778050 0.546245 0.746696 0.477478 0.681625 0.397579 0.699229
130 0.683631 0.781495 0.546164 0.759027 0.545852 0.771696 0.546476 0.746359 0.545852 0.771696 0.478760 0.661282 0.449062 0.777879 0.546476 0.746359 0.478024 0.684885 0.401171 0.702799
131 0.683691 0.781214 0.546737 0.758952 0.546789 0.771926 0.546685 0.745977 0.546789 0.771926 0.477662 0.665257 0.445660 0.777633 0.546685 0.745977 0.478786 0.680871 0.402684 0.705275
132 0.683551 0.780568 0.547661 0.761144 0.548415 0.776696 0.546907 0.745593 0.548415 0.776696 0.478827 0.670363 0.442439 0.772597 0.546907 0.745593 0.479332 0.679600 0.405906 0.718501
133 0.683487 0.780403 0.547712 0.760449 0.548393 0.776525 0.547032 0.744372 0.548393 0.776525 0.479502 0.675193 0.438314 0.771372 0.547032 0.744372 0.479955 0.673675 0.411883 0.719854
134 0.683459 0.779344 0.547700 0.760334 0.548364 0.776756 0.547037 0.743911 0.548364 0.776756 0.480238 0.678188 0.437563 0.769126 0.547037 0.743911 0.481506 0.671091 0.415557 0.717646
135 0.683351 0.778544 0.547417 0.760528 0.548116 0.777328 0.546718 0.743728 0.548116 0.777328 0.481820 0.676926 0.438200 0.768581 0.546718 0.743728 0.484014 0.670984 0.416539 0.716444
136 0.683134 0.778379 0.546813 0.760452 0.547387 0.777318 0.546239 0.743586 0.547387 0.777318 0.482084 0.679011 0.438158 0.768075 0.546239 0.743586 0.484921 0.668827 0.420725 0.721755
137 0.683106 0.778913 0.546543 0.760427 0.546948 0.777347 0.546138 0.743507 0.546948 0.777347 0.477358 0.688642 0.437943 0.768096 0.546138 0.743507 0.485134 0.668832 0.422296 0.723717
138 0.683127 0.779730 0.546246 0.760315 0.546520 0.777197 0.545972 0.743432 0.546520 0.777197 0.477831 0.686499 0.438315 0.769977 0.545972 0.743432 0.485077 0.669474 0.422222 0.719544
139 0.683390 0.781484 0.545847 0.760127 0.545859 0.776865 0.545836 0.743388 0.545859 0.776865 0.478461 0.679099 0.438572 0.770670 0.545836 0.743388 0.484686 0.667141 0.421255 0.718657
140 0.683456 0.782446 0.545397 0.759979 0.545204 0.776707 0.545589 0.743251 0.545204 0.776707 0.478846 0.674644 0.438196 0.769805 0.545589 0.743251 0.483909 0.667581 0.419558 0.717218
141 0.683430 0.783134 0.545142 0.759934 0.544855 0.776666 0.545428 0.743202 0.544855 0.776666 0.479424 0.674459 0.436167 0.772713 0.545428 0.743202 0.483437 0.668471 0.419044 0.716540
142 0.683410 0.783597 0.545122 0.759909 0.544797 0.776631 0.545447 0.743187 0.544797 0.776631 0.479624 0.672957 0.436452 0.770560 0.545447 0.743187 0.489652 0.668501 0.417148 0.715958
143 0.683392 0.783727 0.545049 0.759888 0.544677 0.776612 0.545421 0.743165 0.544677 0.776612 0.479880 0.672089 0.436525 0.769341 0.545421 0.743165 0.486980 0.669330 0.415837 0.715648
144 0.683353 0.783752 0.544691 0.759887 0.544309 0.776620 0.545074 0.743155 0.544309 0.776620 0.480062 0.670449 0.437073 0.770051 0.545074 0.743155 0.485852 0.669537 0.414639 0.715466
145 0.683350 0.783711 0.544558 0.759877 0.544129 0.776616 0.544986 0.743137 0.544129 0.776616 0.480149 0.670495 0.437518 0.770818 0.544986 0.743137 0.485344 0.669624 0.414449 0.715271
146 0.683344 0.783660 0.544562 0.759957 0.544125 0.776700 0.544999 0.743215 0.544125 0.776700 0.480651 0.670278 0.437967 0.770229 0.544999 0.743215 0.484924 0.671317 0.414330 0.715068
147 0.683372 0.783592 0.544608 0.759949 0.544178 0.776690 0.545037 0.743209 0.544178 0.776690 0.480717 0.670426 0.438013 0.769860 0.545037 0.743209 0.484144 0.671894 0.414351 0.714918
148 0.683473 0.783599 0.544730 0.759930 0.544252 0.776675 0.545208 0.743186 0.544252 0.776675 0.480760 0.671015 0.437537 0.768415 0.545208 0.743186 0.491260 0.671878 0.415460 0.715469
149 0.683564 0.783629 0.544956 0.759891 0.544470 0.776625 0.545442 0.743156 0.544470 0.776625 0.480789 0.670736 0.437596 0.767700 0.545442 0.743156 0.492728 0.672870 0.415400 0.715404
150 0.683579 0.783685 0.544998 0.759881 0.544489 0.776618 0.545507 0.743143 0.544489 0.776618 0.480864 0.670904 0.437561 0.766780 0.545507 0.743143 0.492988 0.674829 0.415397 0.715426
151 0.683566 0.783709 0.545004 0.759874 0.544496 0.776611 0.545512 0.743137 0.544496 0.776611 0.480891 0.670916 0.437589 0.766582 0.545512 0.743137 0.492794 0.675517 0.415255 0.715363
152 0.683556 0.783799 0.545036 0.759857 0.544537 0.776609 0.545535 0.743105 0.544537 0.776609 0.480920 0.671718 0.437222 0.766352 0.545535 0.743105 0.493228 0.675652 0.415242 0.715333
153 0.683526 0.783911 0.545041 0.759859 0.544541 0.776608 0.545541 0.743111 0.544541 0.776608 0.480934 0.671713 0.437259 0.766377 0.545541 0.743111 0.492990 0.677155 0.414548 0.715010
154 0.683442 0.783927 0.545064 0.759976 0.544573 0.776715 0.545555 0.743236 0.544573 0.776715 0.480958 0.670899 0.434284 0.767825 0.545555 0.743236 0.492725 0.676906 0.415656 0.718063
155 0.683406 0.783924 0.545094 0.759972 0.544615 0.776713 0.545574 0.743231 0.544615 0.776713 0.480980 0.670537 0.434674 0.767008 0.545574 0.743231 0.492779 0.676499 0.415274 0.717831
156 0.683390 0.783872 0.545107 0.759927 0.544628 0.776707 0.545586 0.743147 0.544628 0.776707 0.481005 0.670283 0.433761 0.770370 0.545586 0.743147 0.492961 0.676473 0.415131 0.717790
157 0.683389 0.783817 0.545425 0.759859 0.544929 0.776656 0.545922 0.743063 0.544929 0.776656 0.481087 0.670742 0.434352 0.767691 0.545922 0.743063 0.493037 0.677033 0.415025 0.717473
158 0.683386 0.783624 0.545668 0.759836 0.545168 0.776653 0.546168 0.743019 0.545168 0.776653 0.481273 0.671012 0.435479 0.767398 0.546168 0.743019 0.492985 0.677697 0.414819 0.717148
159 0.683380 0.783488 0.545721 0.759764 0.545205 0.776608 0.546237 0.742920 0.545205 0.776608 0.481379 0.671413 0.436230 0.767123 0.546237 0.742920 0.492925 0.678385 0.414680 0.716849
160 0.683371 0.783359 0.545753 0.759710 0.545220 0.776603 0.546286 0.742818 0.545220 0.776603 0.481406 0.672102 0.436633 0.767090 0.546286 0.742818 0.493414 0.678328 0.414703 0.716749
161 0.683367 0.783300 0.545718 0.759705 0.545192 0.776600 0.546243 0.742811 0.545192 0.776600 0.481455 0.671443 0.437447 0.767108 0.546243 0.742811 0.493380 0.678217 0.414695 0.716719
162 0.683329 0.783228 0.545634 0.759701 0.545115 0.776598 0.546153 0.742805 0.545115 0.776598 0.481530 0.671371 0.437900 0.767231 0.546153 0.742805 0.493370 0.678477 0.414600 0.716450
163 0.683281 0.783152 0.545586 0.759701 0.545089 0.776603 0.546083 0.742800 0.545089 0.776603 0.481771 0.671604 0.438039 0.767255 0.546083 0.742800 0.493134 0.679032 0.414560 0.716407
164 0.683279 0.783063 0.545602 0.759696 0.545088 0.776607 0.546115 0.742784 0.545088 0.776607 0.481865 0.672251 0.438120 0.767257 0.546115 0.742784 0.493064 0.679456 0.414556 0.716317
165 0.683284 0.782969 0.545596 0.759664 0.545076 0.776577 0.546116 0.742751 0.545076 0.776577 0.481872 0.672574 0.438254 0.769510 0.546116 0.742751 0.486033 0.679655 0.414578 0.716136
166 0.683290 0.782965 0.545600 0.759656 0.545076 0.776576 0.546124 0.742735 0.545076 0.776576 0.481868 0.674558 0.438490 0.771069 0.546124 0.742735 0.483868 0.677099 0.414546 0.715472
167 0.683338 0.782977 0.545610 0.759631 0.545074 0.776592 0.546147 0.742669 0.545074 0.776592 0.481718 0.675111 0.438695 0.771879 0.546147 0.742669 0.483204 0.675979 0.414532 0.715015
168 0.683342 0.782976 0.545614 0.759603 0.545074 0.776558 0.546154 0.742649 0.545074 0.776558 0.481642 0.675041 0.438695 0.772233 0.546154 0.742649 0.482935 0.675765 0.414497 0.714820
169 0.683338 0.782976 0.545639 0.759572 0.545076 0.776509 0.546202 0.742634 0.545076 0.776509 0.481538 0.675065 0.438650 0.771519 0.546202 0.742634 0.482779 0.675796 0.414530 0.714799
170 0.683326 0.782944 0.545652 0.759527 0.545091 0.776475 0.546213 0.742579 0.545091 0.776475 0.481417 0.675030 0.438649 0.771061 0.546213 0.742579 0.482622 0.675676 0.415131 0.714877
171 0.683327 0.782941 0.545655 0.759524 0.545091 0.776473 0.546219 0.742574 0.545091 0.776473 0.481255 0.674958 0.438686 0.770855 0.546219 0.742574 0.482533 0.675667 0.415687 0.714963
172 0.683320 0.782931 0.545600 0.759522 0.545052 0.776475 0.546148 0.742569 0.545052 0.776475 0.481243 0.674929 0.438688 0.770484 0.546148 0.742569 0.482466 0.675601 0.416037 0.715015
173 0.683308 0.782900 0.545560 0.759533 0.545039 0.776502 0.546081 0.742564 0.545039 0.776502 0.481231 0.674899 0.438787 0.771474 0.546081 0.742564 0.482536 0.675192 0.416137 0.715029
174 0.683262 0.782864 0.545499 0.759531 0.545025 0.776503 0.545973 0.742560 0.545025 0.776503 0.481236 0.674876 0.438872 0.771794 0.545973 0.742560 0.482666 0.675164 0.416201 0.715026
175 0.683110 0.782733 0.545474 0.759631 0.545029 0.776671 0.545919 0.742590 0.545029 0.776671 0.481323 0.676715 0.439022 0.773584 0.545919 0.742590 0.483029 0.674094 0.416348 0.715022
176 0.683112 0.782750 0.545481 0.759613 0.545046 0.776640 0.545916 0.742586 0.545046 0.776640 0.481320 0.676401 0.439109 0.773740 0.545916 0.742586 0.483102 0.674303 0.416340 0.715020
177 0.683115 0.782820 0.545465 0.759631 0.545032 0.776657 0.545898 0.742606 0.545032 0.776657 0.481383 0.675980 0.439381 0.773827 0.545898 0.742606 0.483103 0.674326 0.416244 0.715009
178 0.683103 0.782823 0.545467 0.759594 0.545032 0.776661 0.545902 0.742527 0.545032 0.776661 0.481437 0.676119 0.438079 0.770649 0.545902 0.742527 0.489633 0.673989 0.416582 0.717690
179 0.683106 0.782865 0.545489 0.759482 0.545052 0.776653 0.545925 0.742310 0.545052 0.776653 0.481496 0.677576 0.437456 0.768469 0.545925 0.742310 0.492337 0.674007 0.416952 0.720158
180 0.683123 0.782852 0.545483 0.759441 0.545047 0.776619 0.545920 0.742263 0.545047 0.776619 0.481423 0.675660 0.437798 0.768580 0.545920 0.742263 0.493607 0.674290 0.416234 0.718190
181 0.683122 0.782856 0.545498 0.759442 0.545058 0.776625 0.545937 0.742259 0.545058 0.776625 0.481402 0.675559 0.438583 0.770879 0.545937 0.742259 0.494951 0.674099 0.416024 0.717096
182 0.683177 0.783028 0.545659 0.759355 0.545182 0.776619 0.546135 0.742091 0.545182 0.776619 0.481381 0.675607 0.438557 0.770741 0.546135 0.742091 0.494741 0.674083 0.415936 0.716481
183 0.683177 0.783038 0.545703 0.759244 0.545210 0.776499 0.546196 0.741990 0.545210 0.776499 0.481355 0.675391 0.438768 0.770738 0.546196 0.741990 0.494085 0.676616 0.414281 0.714755
184 0.683176 0.783009 0.545728 0.759101 0.545220 0.776344 0.546237 0.741857 0.545220 0.776344 0.481302 0.675229 0.439223 0.770449 0.546237 0.741857 0.493672 0.676764 0.414270 0.714575
185 0.683178 0.782947 0.545726 0.758889 0.545211 0.776067 0.546241 0.741712 0.545211 0.776067 0.481119 0.674760 0.439637 0.771296 0.546241 0.741712 0.493944 0.676837 0.414239 0.713947
186 0.683183 0.782952 0.545721 0.758776 0.545191 0.775893 0.546250 0.741659 0.545191 0.775893 0.481023 0.674215 0.439800 0.771620 0.546250 0.741659 0.493803 0.676933 0.414259 0.713803
187 0.683182 0.782949 0.545741 0.758642 0.545192 0.775775 0.546290 0.741508 0.545192 0.775775 0.480962 0.674179 0.439836 0.771905 0.546290 0.741508 0.493658 0.677050 0.414275 0.713663
188 0.683189 0.782958 0.545746 0.758584 0.545190 0.775724 0.546302 0.741443 0.545190 0.775724 0.480942 0.674117 0.439869 0.772077 0.546302 0.741443 0.493607 0.678140 0.414272 0.713430
189 0.683194 0.782976 0.545796 0.758546 0.545201 0.775723 0.546391 0.741368 0.545201 0.775723 0.480891 0.674522 0.439863 0.772138 0.546391 0.741368 0.494445 0.678110 0.414687 0.713626
190 0.683172 0.782960 0.545783 0.758544 0.545192 0.775723 0.546373 0.741366 0.545192 0.775723 0.480724 0.674676 0.439885 0.771077 0.546373 0.741366 0.488430 0.672577 0.415885 0.714659
191 0.683177 0.782971 0.545767 0.758504 0.545189 0.775708 0.546345 0.741301 0.545189 0.775708 0.480638 0.674722 0.439879 0.770442 0.546345 0.741301 0.486335 0.670407 0.416338 0.714989
192 0.683109 0.782962 0.545719 0.758513 0.545148 0.775703 0.546289 0.741324 0.545148 0.775703 0.480597 0.674724 0.440074 0.771472 0.546289 0.741324 0.485820 0.670838 0.416558 0.715039
193 0.683071 0.783004 0.545645 0.758528 0.545065 0.775692 0.546226 0.741363 0.545065 0.775692 0.480585 0.674048 0.440697 0.771949 0.546226 0.741363 0.485442 0.671115 0.416487 0.714947
194 0.683033 0.783101 0.545561 0.758592 0.544987 0.775690 0.546135 0.741495 0.544987 0.775690 0.480588 0.673504 0.441143 0.772461 0.546135 0.741495 0.485412 0.671384 0.416474 0.714776
195 0.683015 0.783155 0.545450 0.758656 0.544856 0.775716 0.546044 0.741597 0.544856 0.775716 0.480588 0.673161 0.441336 0.772910 0.546044 0.741597 0.485301 0.671464 0.416468 0.714762
196 0.683008 0.783200 0.545368 0.758755 0.544758 0.775767 0.545979 0.741742 0.544758 0.775767 0.480580 0.672981 0.441433 0.773565 0.545979 0.741742 0.485226 0.671527 0.416480 0.714759
197 0.682997 0.783230 0.545272 0.758782 0.544664 0.775816 0.545880 0.741747 0.544664 0.775816 0.480546 0.673198 0.441427 0.774049 0.545880 0.741747 0.485217 0.671475 0.416489 0.714755
198 0.682982 0.783267 0.545216 0.758779 0.544605 0.775809 0.545827 0.741748 0.544605 0.775809 0.480548 0.673195 0.441384 0.774511 0.545827 0.741748 0.485227 0.671558 0.416446 0.714730
199 0.682958 0.783293 0.545093 0.758759 0.544497 0.775774 0.545689 0.741745 0.544497 0.775774 0.480567 0.673228 0.441369 0.774598 0.545689 0.741745 0.485210 0.671643 0.416264 0.714414
200 0.682913 0.783295 0.544994 0.758766 0.544380 0.775780 0.545608 0.741752 0.544380 0.775780 0.480502 0.672920 0.441307 0.776617 0.545608 0.741752 0.485051 0.671375 0.415962 0.713719
201 0.682901 0.783373 0.544825 0.758761 0.544189 0.775769 0.545462 0.741753 0.544189 0.775769 0.480494 0.672474 0.441223 0.777329 0.545462 0.741753 0.485009 0.671209 0.415959 0.713613
202 0.683112 0.783398 0.544895 0.758795 0.544233 0.775838 0.545558 0.741753 0.544233 0.775838 0.480544 0.672509 0.440897 0.776156 0.545558 0.741753 0.491801 0.673039 0.415876 0.713648
203 0.683328 0.783582 0.544936 0.758817 0.544235 0.775881 0.545637 0.741753 0.544235 0.775881 0.480540 0.673469 0.440509 0.775992 0.545637 0.741753 0.488378 0.673210 0.415718 0.713661
204 0.683466 0.783587 0.544909 0.758847 0.544182 0.775888 0.545636 0.741805 0.544182 0.775888 0.480572 0.672809 0.440649 0.775633 0.545636 0.741805 0.487017 0.673326 0.415687 0.713691
205 0.683493 0.783632 0.544962 0.758889 0.544210 0.775972 0.545714 0.741805 0.544210 0.775972 0.480585 0.674170 0.439887 0.775050 0.545714 0.741805 0.486163 0.673672 0.416163 0.714294
206 0.683471 0.783663 0.544992 0.758914 0.544236 0.775998 0.545749 0.741830 0.544236 0.775998 0.480620 0.674317 0.439467 0.774340 0.545749 0.741830 0.485870 0.674401 0.416323 0.714648
207 0.683425 0.783751 0.545001 0.758896 0.544236 0.775978 0.545766 0.741814 0.544236 0.775978 0.480630 0.674261 0.439460 0.774121 0.545766 0.741814 0.485614 0.674397 0.416318 0.714660
208 0.683391 0.783759 0.544990 0.758896 0.544231 0.775977 0.545748 0.741815 0.544231 0.775977 0.480639 0.674241 0.439375 0.774088 0.545748 0.741815 0.485533 0.674422 0.416307 0.714643
209 0.683372 0.783765 0.544998 0.758859 0.544242 0.775943 0.545755 0.741775 0.544242 0.775943 0.480623 0.674229 0.439257 0.773995 0.545755 0.741775 0.485357 0.674534 0.416258 0.714599
210 0.683369 0.783810 0.544995 0.758853 0.544236 0.775942 0.545753 0.741765 0.544236 0.775942 0.480611 0.674222 0.439200 0.773987 0.545753 0.741765 0.485249 0.674510 0.416253 0.714499
211 0.683397 0.783836 0.545046 0.758839 0.544255 0.775933 0.545837 0.741745 0.544255 0.775933 0.480633 0.673963 0.439195 0.773885 0.545837 0.741745 0.485208 0.674636 0.416250 0.714479
212 0.683394 0.783853 0.545112 0.758806 0.544300 0.775937 0.545924 0.741674 0.544300 0.775937 0.480656 0.674133 0.439178 0.773739 0.545924 0.741674 0.485234 0.674890 0.416181 0.714461
