175
194
0 -1 -1 -1 -1 -1 -1 -1 -1 -1 -1 -1 -1 -1 -1 -1 -1 -1 -1 -1 -1
1 -1 -1 -1 -1 -1 -1 -1 -1 -1 -1 -1 -1 -1 -1 -1 -1 -1 -1 -1 -1
2 -1 -1 -1 -1 -1 -1 -1 -1 -1 -1 -1 -1 -1 -1 -1 -1 -1 -1 -1 -1
3 -1 -1 -1 -1 -1 -1 -1 -1 -1 -1 -1 -1 -1 -1 -1 -1 -1 -1 -1 -1
4 -1 -1 -1 -1 -1 -1 -1 -1 -1 -1 -1 -1 -1 -1 -1 -1 -1 -1 -1 -1
5 -1 -1 -1 -1 -1 -1 -1 -1 -1 -1 -1 -1 -1 -1 -1 -1 -1 -1 -1 -1
6 -1 -1 -1 -1 -1 -1 -1 -1 -1 -1 -1 -1 -1 -1 -1 -1 -1 -1 -1 -1
7 -1 -1 -1 -1 -1 -1 -1 -1 -1 -1 -1 -1 -1 -1 -1 -1 -1 -1 -1 -1
8 -1 -1 -1 -1 -1 -1 -1 -1 -1 -1 -1 -1 -1 -1 -1 -1 -1 -1 -1 -1
9 -1 -1 -1 -1 -1 -1 -1 -1 -1 -1 -1 -1 -1 -1 -1 -1 -1 -1 -1 -1
10 -1 -1 -1 -1 -1 -1 -1 -1 -1 -1 -1 -1 -1 -1 -1 -1 -1 -1 -1 -1
11 -1 -1 -1 -1 -1 -1 -1 -1 -1 -1 -1 -1 -1 -1 -1 -1 -1 -1 -1 -1
12 -1 -1 -1 -1 -1 -1 -1 -1 -1 -1 -1 -1 -1 -1 -1 -1 -1 -1 -1 -1
13 -1 -1 -1 -1 -1 -1 -1 -1 -1 -1 -1 -1 -1 -1 -1 -1 -1 -1 -1 -1
14 -1 -1 -1 -1 -1 -1 -1 -1 -1 -1 -1 -1 -1 -1 -1 -1 -1 -1 -1 -1
15 -1 -1 -1 -1 -1 -1 -1 -1 -1 -1 -1 -1 -1 -1 -1 -1 -1 -1 -1 -1
16 -1 -1 -1 -1 -1 -1 -1 -1 -1 -1 -1 -1 -1 -1 -1 -1 -1 -1 -1 -1
17 -1 -1 -1 -1 -1 -1 -1 -1 -1 -1 -1 -1 -1 -1 -1 -1 -1 -1 -1 -1
18 -1 -1 -1 -1 -1 -1 -1 -1 -1 -1 -1 -1 -1 -1 -1 -1 -1 -1 -1 -1
19 -1 -1 -1 -1 -1 -1 -1 -1 -1 -1 -1 -1 -1 -1 -1 -1 -1 -1 -1 -1
20 -1 -1 -1 -1 -1 -1 -1 -1 -1 -1 -1 -1 -1 -1 -1 -1 -1 -1 -1 -1
21 -1 -1 -1 -1 -1 -1 -1 -1 -1 -1 -1 -1 -1 -1 -1 -1 -1 -1 -1 -1
22 -1 -1 -1 -1 -1 -1 -1 -1 -1 -1 -1 -1 -1 -1 -1 -1 -1 -1 -1 -1
23 -1 -1 -1 -1 -1 -1 -1 -1 -1 -1 -1 -1 -1 -1 -1 -1 -1 -1 -1 -1
24 -1 -1 -1 -1 -1 -1 -1 -1 -1 -1 -1 -1 -1 -1 -1 -1 -1 -1 -1 -1
25 0.899409 0.415842 0.888797 0.651894 0.855213 0.646142 0.922382 0.657646 0.855213 0.646142 0.837721 0.759151 0.822681 0.896211 0.922382 0.657646 0.906652 0.816984 0.895086 0.965579
26 0.895991 0.414006 0.884425 0.646560 0.850929 0.642001 0.917922 0.651118 0.850929 0.642001 0.834227 0.761063 0.821568 0.897146 0.917922 0.651118 0.902332 0.807251 0.896449 0.966845
27 0.891903 0.411888 0.880103 0.641776 0.846651 0.638910 0.913555 0.644641 0.846651 0.638910 0.831190 0.761765 0.819600 0.900236 0.913555 0.644641 0.898526 0.793405 0.897135 0.966031
28 0.889505 0.410746 0.875604 0.637983 0.842389 0.635487 0.908819 0.640478 0.842389 0.635487 0.828151 0.762966 0.819056 0.901296 0.908819 0.640478 0.894567 0.785407 0.897677 0.959864
29 0.885464 0.408725 0.871031 0.636299 0.838713 0.634208 0.903348 0.638391 0.838713 0.634208 0.826062 0.763487 0.818947 0.901981 0.903348 0.638391 0.889161 0.779702 0.897020 0.949096
30 0.880475 0.407098 0.866325 0.634432 0.834034 0.632814 0.898615 0.636051 0.834034 0.632814 0.823650 0.764357 0.819139 0.903181 0.898615 0.636051 0.882436 0.773938 0.890098 0.932992
31 0.875486 0.404436 0.862458 0.627562 0.831126 0.625884 0.893790 0.629240 0.831126 0.625884 0.821887 0.763600 0.819269 0.903828 0.893790 0.629240 0.874580 0.767967 0.876305 0.928614
32 0.870843 0.402826 0.859721 0.622802 0.829580 0.621609 0.889861 0.623996 0.829580 0.621609 0.819662 0.762038 0.819346 0.903893 0.889861 0.623996 0.865806 0.763326 0.864761 0.921243
33 0.867132 0.401931 0.858053 0.621578 0.828902 0.622292 0.887204 0.620863 0.828902 0.622292 0.822024 0.761417 0.823238 0.903459 0.887204 0.620863 0.858285 0.752511 0.846225 0.895644
34 0.863442 0.402269 0.854602 0.619527 0.827156 0.621544 0.882048 0.617510 0.827156 0.621544 0.823328 0.755749 0.824980 0.898369 0.882048 0.617510 0.851174 0.732591 0.838101 0.865669
35 0.859951 0.400818 0.852152 0.615463 0.825319 0.618858 0.878984 0.612067 0.825319 0.618858 0.823802 0.749859 0.824860 0.891140 0.878984 0.612067 0.854792 0.731753 0.836068 0.845569
36 0.857083 0.399829 0.848303 0.613260 0.821500 0.615531 0.875106 0.610989 0.821500 0.615531 0.824036 0.744084 0.824275 0.888248 0.875106 0.610989 0.852687 0.719795 0.832045 0.831396
37 0.854596 0.397551 0.844960 0.610593 0.817985 0.612142 0.871934 0.609044 0.817985 0.612142 0.822674 0.744499 0.823216 0.889493 0.871934 0.609044 0.842771 0.701162 0.828046 0.813378
38 0.852362 0.395256 0.841909 0.609228 0.814928 0.609912 0.868889 0.608545 0.814928 0.609912 0.820849 0.746219 0.820964 0.890510 0.868889 0.608545 0.843189 0.697562 0.827997 0.797296
39 0.850130 0.393942 0.836747 0.606236 0.809849 0.606479 0.863645 0.605994 0.809849 0.606479 0.816911 0.743383 0.817101 0.885349 0.863645 0.605994 0.829266 0.710122 0.817146 0.829192
40 0.848852 0.391829 0.832720 0.603512 0.805631 0.602848 0.859809 0.604175 0.805631 0.602848 0.812895 0.740815 0.812784 0.878704 0.859809 0.604175 0.822368 0.717505 0.803218 0.847135
41 0.846713 0.389320 0.829452 0.598526 0.803998 0.596312 0.854905 0.600740 0.803998 0.596312 0.811829 0.733551 0.809011 0.867116 0.854905 0.600740 0.820247 0.720601 0.794551 0.852163
42 0.846242 0.388186 0.826371 0.596657 0.800391 0.594479 0.852351 0.598836 0.800391 0.594479 0.808207 0.734962 0.809316 0.871935 0.852351 0.598836 0.816014 0.722093 0.794398 0.849747
43 0.845128 0.387129 0.822330 0.592684 0.796736 0.589615 0.847925 0.595753 0.796736 0.589615 0.804034 0.731431 0.806957 0.872145 0.847925 0.595753 0.814416 0.722317 0.799955 0.856327
44 0.843612 0.385268 0.821368 0.589119 0.796670 0.586336 0.846066 0.591903 0.796670 0.586336 0.798971 0.731120 0.807657 0.875111 0.846066 0.591903 0.809224 0.717296 0.802763 0.845994
45 0.842180 0.381747 0.818621 0.585580 0.794946 0.582967 0.842295 0.588194 0.794946 0.582967 0.793685 0.729897 0.808458 0.876228 0.842295 0.588194 0.805660 0.708973 0.796490 0.825078
46 0.841263 0.376405 0.817286 0.575926 0.793289 0.573122 0.841284 0.578731 0.793289 0.573122 0.787224 0.717376 0.802565 0.868367 0.841284 0.578731 0.810964 0.701441 0.792531 0.816575
47 0.839738 0.371585 0.815759 0.568728 0.791930 0.566082 0.839588 0.571374 0.791930 0.566082 0.775977 0.704165 0.798015 0.844907 0.839588 0.571374 0.808962 0.704718 0.790937 0.824920
48 0.838338 0.369150 0.812235 0.568237 0.787583 0.564302 0.836887 0.572171 0.787583 0.564302 0.764830 0.692238 0.789088 0.822348 0.836887 0.572171 0.804940 0.698172 0.788670 0.827041
49 0.836686 0.366504 0.808879 0.565500 0.783821 0.560694 0.833937 0.570307 0.783821 0.560694 0.754733 0.680623 0.779821 0.806411 0.833937 0.570307 0.805758 0.687451 0.787682 0.824273
50 0.834306 0.363368 0.806870 0.562162 0.781974 0.556870 0.831766 0.567454 0.781974 0.556870 0.750694 0.672509 0.772756 0.798936 0.831766 0.567454 0.805246 0.684977 0.784704 0.823759
51 0.831956 0.360669 0.804304 0.560869 0.779631 0.555109 0.828977 0.566629 0.779631 0.555109 0.747992 0.671050 0.763962 0.807667 0.828977 0.566629 0.803180 0.685677 0.782107 0.824921
52 0.829051 0.358526 0.800095 0.557359 0.774789 0.551164 0.825400 0.563553 0.774789 0.551164 0.746104 0.671731 0.754094 0.811515 0.825400 0.563553 0.799947 0.684302 0.779706 0.821819
53 0.826097 0.356838 0.796835 0.552159 0.771062 0.544823 0.822607 0.559495 0.771062 0.544823 0.744377 0.665258 0.738267 0.803471 0.822607 0.559495 0.798194 0.686613 0.777062 0.824446
54 0.823369 0.355350 0.793657 0.550149 0.768112 0.542756 0.819203 0.557541 0.768112 0.542756 0.741732 0.663204 0.729198 0.789122 0.819203 0.557541 0.795443 0.684253 0.776976 0.820326
55 0.819977 0.353827 0.791329 0.548123 0.765978 0.540314 0.816680 0.555932 0.765978 0.540314 0.740847 0.662419 0.724155 0.777408 0.816680 0.555932 0.793396 0.684078 0.777450 0.816930
56 0.815786 0.352357 0.788916 0.547634 0.763904 0.539529 0.813928 0.555740 0.763904 0.539529 0.739751 0.658697 0.719756 0.764152 0.813928 0.555740 0.792474 0.683320 0.777591 0.816474
57 0.810228 0.351685 0.785407 0.549340 0.760394 0.541723 0.810420 0.556957 0.760394 0.541723 0.738309 0.657981 0.717782 0.760867 0.810420 0.556957 0.791698 0.683159 0.777691 0.817253
58 0.805441 0.350294 0.782875 0.546666 0.758000 0.539284 0.807751 0.554048 0.758000 0.539284 0.737157 0.653355 0.719803 0.756654 0.807751 0.554048 0.790548 0.679508 0.778407 0.814311
59 0.800744 0.350108 0.780161 0.543495 0.754999 0.536617 0.805323 0.550373 0.754999 0.536617 0.735991 0.649899 0.721169 0.755283 0.805323 0.550373 0.788222 0.676445 0.778630 0.810672
60 0.795846 0.349672 0.776763 0.541639 0.751838 0.535420 0.801688 0.547857 0.751838 0.535420 0.734495 0.649353 0.721813 0.754389 0.801688 0.547857 0.784768 0.674208 0.778547 0.808677
61 0.791440 0.347817 0.773463 0.536363 0.748612 0.532035 0.798315 0.540691 0.748612 0.532035 0.733060 0.647957 0.721792 0.752474 0.798315 0.540691 0.782237 0.664447 0.777469 0.795742
62 0.787365 0.344618 0.769991 0.533004 0.745725 0.529976 0.794258 0.536032 0.745725 0.529976 0.730946 0.648091 0.720948 0.752453 0.794258 0.536032 0.778812 0.661168 0.775263 0.794822
63 0.782852 0.341438 0.766185 0.529562 0.741836 0.527070 0.790533 0.532053 0.741836 0.527070 0.729113 0.647312 0.718898 0.753988 0.790533 0.532053 0.777835 0.660402 0.775487 0.792880
64 0.778698 0.339666 0.763497 0.527189 0.739445 0.525022 0.787549 0.529356 0.739445 0.525022 0.727121 0.644000 0.719487 0.752965 0.787549 0.529356 0.775747 0.654574 0.775799 0.781973
65 0.775202 0.338523 0.760843 0.524625 0.736898 0.522491 0.784787 0.526760 0.736898 0.522491 0.726232 0.641106 0.719681 0.751901 0.784787 0.526760 0.771260 0.644638 0.775606 0.767320
66 0.772159 0.337502 0.758929 0.521660 0.735008 0.519627 0.782850 0.523693 0.735008 0.519627 0.725078 0.638387 0.718583 0.750052 0.782850 0.523693 0.768737 0.637579 0.775479 0.760558
67 0.769469 0.335775 0.757028 0.518392 0.733243 0.516649 0.780813 0.520134 0.733243 0.516649 0.723723 0.635300 0.717804 0.748130 0.780813 0.520134 0.767253 0.632929 0.771556 0.755609
68 0.766041 0.334276 0.754249 0.516287 0.730480 0.514201 0.778018 0.518374 0.730480 0.514201 0.722516 0.634619 0.717455 0.746824 0.778018 0.518374 0.764841 0.631527 0.765762 0.751338
69 0.762872 0.333102 0.752168 0.514197 0.728953 0.512422 0.775384 0.515971 0.728953 0.512422 0.722847 0.634856 0.718033 0.748103 0.775384 0.515971 0.762129 0.629759 0.759470 0.750795
70 0.759639 0.332164 0.749632 0.511825 0.726808 0.511213 0.772455 0.512436 0.726808 0.511213 0.722756 0.634850 0.718273 0.749072 0.772455 0.512436 0.759259 0.628827 0.754123 0.749123
71 0.757965 0.331913 0.748475 0.512291 0.726441 0.511837 0.770508 0.512744 0.726441 0.511837 0.722772 0.635791 0.719137 0.752194 0.770508 0.512744 0.754571 0.629509 0.745953 0.744743
72 0.756277 0.331349 0.747314 0.512284 0.726271 0.511930 0.768357 0.512638 0.726271 0.511930 0.722965 0.635415 0.722384 0.752193 0.768357 0.512638 0.752178 0.625335 0.739872 0.736658
73 0.755066 0.331243 0.746548 0.512088 0.725860 0.511922 0.767236 0.512254 0.725860 0.511922 0.723357 0.633050 0.723212 0.749535 0.767236 0.512254 0.749062 0.620230 0.735976 0.730578
74 0.753808 0.330482 0.747389 0.510056 0.726756 0.510596 0.768021 0.509516 0.726756 0.510596 0.723651 0.630998 0.723670 0.747984 0.768021 0.509516 0.749416 0.615419 0.737132 0.726427
75 0.752963 0.329971 0.747442 0.510046 0.727239 0.510647 0.767644 0.509445 0.727239 0.510647 0.724570 0.630672 0.723793 0.747489 0.767644 0.509445 0.748323 0.612435 0.736341 0.722969
76 0.751715 0.329292 0.747623 0.510512 0.727660 0.510994 0.767586 0.510029 0.727660 0.510994 0.724916 0.630781 0.723615 0.749755 0.767586 0.510029 0.745895 0.613373 0.734044 0.726184
77 0.750226 0.327868 0.748169 0.510040 0.728726 0.511103 0.767612 0.508978 0.728726 0.511103 0.724977 0.630942 0.723419 0.749883 0.767612 0.508978 0.743446 0.609009 0.730798 0.726258
78 0.748176 0.327251 0.747504 0.509962 0.728865 0.511368 0.766143 0.508557 0.728865 0.511368 0.725797 0.630384 0.722296 0.749877 0.766143 0.508557 0.744278 0.603766 0.725815 0.704946
79 0.745158 0.326344 0.748053 0.509686 0.729761 0.512552 0.766345 0.506821 0.729761 0.512552 0.725836 0.629290 0.720833 0.749939 0.766345 0.506821 0.743505 0.599249 0.724319 0.695749
80 0.740838 0.327155 0.750430 0.509714 0.734065 0.513849 0.766795 0.505579 0.734065 0.513849 0.725823 0.625368 0.720411 0.747769 0.766795 0.505579 0.739518 0.587003 0.723758 0.690125
81 0.737549 0.330142 0.754906 0.510919 0.742840 0.516743 0.766971 0.505095 0.742840 0.516743 0.725337 0.623221 0.720355 0.744342 0.766971 0.505095 0.729428 0.584039 0.720613 0.685871
82 0.737155 0.333545 0.759018 0.511671 0.750931 0.518453 0.767105 0.504888 0.750931 0.518453 0.725365 0.620619 0.720389 0.743702 0.767105 0.504888 0.728866 0.583171 0.718892 0.682675
83 0.736580 0.339372 0.763974 0.510018 0.757343 0.518462 0.770605 0.501575 0.757343 0.518462 0.726519 0.617260 0.721786 0.739379 0.770605 0.501575 0.730230 0.581262 0.719684 0.681174
84 0.734350 0.343212 0.770099 0.505053 0.764934 0.516169 0.775264 0.493937 0.764934 0.516169 0.727466 0.608223 0.726008 0.728856 0.775264 0.493937 0.721085 0.549418 0.718994 0.652823
85 0.731527 0.352964 0.776617 0.504170 0.772784 0.515391 0.780450 0.492948 0.772784 0.515391 0.729786 0.600668 0.731296 0.713370 0.780450 0.492948 0.717873 0.543421 0.721550 0.645635
86 0.729594 0.361085 0.779868 0.502733 0.777526 0.515033 0.782209 0.490432 0.777526 0.515033 0.733378 0.599899 0.732045 0.708450 0.782209 0.490432 0.718213 0.537803 0.721784 0.637417
87 0.727996 0.369757 0.781454 0.502310 0.781788 0.515048 0.781120 0.489572 0.781788 0.515048 0.736295 0.602596 0.735143 0.703968 0.781120 0.489572 0.717149 0.518842 0.720321 0.607492
88 0.728288 0.380265 0.784760 0.504285 0.789220 0.518752 0.780299 0.489819 0.789220 0.518752 0.738940 0.603753 0.738822 0.701683 0.780299 0.489819 0.704480 0.496484 0.712773 0.586858
89 0.729048 0.390687 0.789300 0.505277 0.793919 0.520491 0.784681 0.490063 0.793919 0.520491 0.741546 0.604916 0.739223 0.704932 0.784681 0.490063 0.710408 0.508869 0.722969 0.602026
90 0.729161 0.402463 0.792487 0.506120 0.800228 0.521823 0.784746 0.490416 0.800228 0.521823 0.741676 0.604658 0.741186 0.706571 0.784746 0.490416 0.713716 0.518905 0.731094 0.616857
91 0.730753 0.412680 0.794815 0.511134 0.805711 0.523830 0.783920 0.498438 0.805711 0.523830 0.740507 0.604054 0.740020 0.708093 0.783920 0.498438 0.714938 0.534254 0.731314 0.653382
92 0.733616 0.417630 0.798907 0.515103 0.808839 0.526349 0.788976 0.503856 0.808839 0.526349 0.740108 0.606116 0.740084 0.708434 0.788976 0.503856 0.718509 0.534323 0.737168 0.640924
93 0.736331 0.423938 0.800822 0.518713 0.810365 0.529124 0.791279 0.508302 0.810365 0.529124 0.739737 0.604583 0.739826 0.708023 0.791279 0.508302 0.721192 0.545493 0.736066 0.652298
94 0.738869 0.431466 0.801379 0.522452 0.811479 0.532455 0.791278 0.512450 0.811479 0.532455 0.739438 0.604598 0.741460 0.708681 0.791278 0.512450 0.723435 0.561218 0.735975 0.669928
95 0.740915 0.438758 0.802429 0.528198 0.813112 0.538172 0.791746 0.518224 0.813112 0.538172 0.739780 0.606091 0.742165 0.712052 0.791746 0.518224 0.724297 0.570288 0.734236 0.676091
96 0.744575 0.443666 0.803436 0.531117 0.814724 0.541644 0.792147 0.520591 0.814724 0.541644 0.739602 0.605820 0.741772 0.711687 0.792147 0.520591 0.724301 0.573331 0.733172 0.672944
97 0.747161 0.446767 0.804889 0.535494 0.815845 0.546863 0.793933 0.524125 0.815845 0.546863 0.739965 0.605764 0.741574 0.711166 0.793933 0.524125 0.724250 0.574436 0.736769 0.671065
98 0.751889 0.452323 0.805487 0.541166 0.818107 0.551761 0.792867 0.530570 0.818107 0.551761 0.742804 0.607775 0.741545 0.709736 0.792867 0.530570 0.734654 0.597133 0.809686 0.668069
99 0.757047 0.457422 0.810441 0.551901 0.823252 0.557894 0.797629 0.545908 0.823252 0.557894 0.750960 0.614271 0.741414 0.708192 0.797629 0.545908 0.762099 0.607507 0.833744 0.659942
100 0.763215 0.460760 0.813970 0.556887 0.828701 0.564559 0.799238 0.549215 0.828701 0.564559 0.752465 0.629922 0.763527 0.703730 0.799238 0.549215 0.730458 0.591414 0.755574 0.676991
101 0.771536 0.460744 0.818225 0.560780 0.832081 0.568870 0.804369 0.552689 0.832081 0.568870 0.752275 0.629591 0.781239 0.688337 0.804369 0.552689 0.729803 0.584099 0.740431 0.681311
102 0.779153 0.460189 0.819199 0.563128 0.833917 0.571064 0.804481 0.555192 0.833917 0.571064 0.757151 0.632139 0.771696 0.687849 0.804481 0.555192 0.728603 0.580010 0.733195 0.682415
103 0.788549 0.459402 0.821985 0.558842 0.838143 0.569392 0.805827 0.548292 0.838143 0.569392 0.759415 0.628708 0.769987 0.688426 0.805827 0.548292 0.728673 0.573522 0.730382 0.681767
104 0.799050 0.457933 0.827814 0.559199 0.843238 0.573419 0.812389 0.544979 0.843238 0.573419 0.774264 0.633371 0.795156 0.675657 0.812389 0.544979 0.728019 0.565343 0.730615 0.683816
105 0.805770 0.455725 0.829916 0.559560 0.844809 0.575202 0.815024 0.543918 0.844809 0.575202 0.767523 0.626965 0.759472 0.697987 0.815024 0.543918 0.730083 0.557419 0.729051 0.681167
106 0.812856 0.455151 0.832666 0.563153 0.844360 0.575997 0.820972 0.550310 0.844360 0.575997 0.765028 0.608249 0.748278 0.705028 0.820972 0.550310 0.729917 0.558927 0.728297 0.679967
107 0.821782 0.456387 0.833105 0.566551 0.844564 0.581198 0.821647 0.551903 0.844564 0.581198 0.758046 0.599553 0.744149 0.707017 0.821647 0.551903 0.730230 0.559750 0.729312 0.679083
108 0.829702 0.457930 0.833207 0.573143 0.845145 0.590420 0.821270 0.555866 0.845145 0.590420 0.752015 0.594193 0.741668 0.708004 0.821270 0.555866 0.730213 0.560803 0.727316 0.678719
109 0.837192 0.459072 0.831480 0.575037 0.844037 0.592142 0.818922 0.557933 0.844037 0.592142 0.752380 0.593247 0.741895 0.708198 0.818922 0.557933 0.730257 0.559300 0.724612 0.674830
110 0.841437 0.459380 0.830617 0.576412 0.843710 0.593785 0.817525 0.559040 0.843710 0.593785 0.751525 0.590410 0.739994 0.707341 0.817525 0.559040 0.730585 0.559108 0.725493 0.674270
111 0.844940 0.460288 0.828969 0.577003 0.840611 0.593756 0.817326 0.560251 0.840611 0.593756 0.747170 0.584786 0.738116 0.706748 0.817326 0.560251 0.729950 0.558092 0.725667 0.673704
112 0.850177 0.462071 0.827422 0.577163 0.838928 0.593111 0.815917 0.561216 0.838928 0.593111 0.746348 0.584765 0.736571 0.708251 0.815917 0.561216 0.729147 0.557708 0.726321 0.672812
113 0.853671 0.463024 0.825100 0.576827 0.837439 0.592112 0.812761 0.561541 0.837439 0.592112 0.745819 0.582671 0.734868 0.710323 0.812761 0.561541 0.727853 0.557096 0.726773 0.672624
114 0.856812 0.463380 0.822525 0.577146 0.835942 0.591433 0.809109 0.562860 0.835942 0.591433 0.746641 0.584340 0.732991 0.710754 0.809109 0.562860 0.727630 0.557381 0.726853 0.673621
115 0.858116 0.463073 0.818734 0.576856 0.833324 0.590487 0.804143 0.563224 0.833324 0.590487 0.746607 0.585677 0.731127 0.712499 0.804143 0.563224 0.725645 0.559710 0.727055 0.678159
116 0.859556 0.462881 0.815097 0.577112 0.830072 0.589862 0.800121 0.564363 0.830072 0.589862 0.746698 0.587130 0.727652 0.711820 0.800121 0.564363 0.724174 0.561877 0.727179 0.680048
117 0.859626 0.463167 0.811974 0.577312 0.826699 0.590037 0.797248 0.564588 0.826699 0.590037 0.745964 0.590274 0.726209 0.710988 0.797248 0.564588 0.723614 0.562640 0.727503 0.679887
118 0.860006 0.465075 0.807605 0.576823 0.822811 0.589794 0.792398 0.563853 0.822811 0.589794 0.746075 0.590389 0.725696 0.710173 0.792398 0.563853 0.720838 0.562822 0.727640 0.679650
119 0.859934 0.466173 0.807965 0.576546 0.822877 0.589715 0.793054 0.563377 0.822877 0.589715 0.747462 0.591645 0.725678 0.710338 0.793054 0.563377 0.719869 0.562864 0.727727 0.682351
120 0.860104 0.467759 0.807474 0.576882 0.822178 0.590687 0.792770 0.563078 0.822178 0.590687 0.746317 0.595118 0.725845 0.709690 0.792770 0.563078 0.719265 0.562827 0.728251 0.681345
121 0.860232 0.468929 0.806838 0.576983 0.821407 0.591103 0.792268 0.562862 0.821407 0.591103 0.745430 0.596508 0.725935 0.709437 0.792268 0.562862 0.718906 0.562762 0.728567 0.680482
122 0.859650 0.469922 0.806904 0.577143 0.821562 0.591464 0.792246 0.562823 0.821562 0.591464 0.744757 0.597771 0.726261 0.709327 0.792246 0.562823 0.718697 0.562321 0.728593 0.678919
123 0.859846 0.470643 0.807324 0.577910 0.822042 0.592341 0.792605 0.563479 0.822042 0.592341 0.748622 0.597839 0.726763 0.709262 0.792605 0.563479 0.718604 0.562063 0.728611 0.678125
124 0.859678 0.471008 0.807274 0.578475 0.822059 0.592837 0.792488 0.564113 0.822059 0.592837 0.751746 0.597856 0.727093 0.709271 0.792488 0.564113 0.718719 0.561607 0.728691 0.676930
125 0.859677 0.471471 0.806933 0.579192 0.821617 0.593436 0.792248 0.564948 0.821617 0.593436 0.753306 0.598007 0.727311 0.709374 0.792248 0.564948 0.718810 0.561117 0.728816 0.675778
126 0.859820 0.471430 0.807093 0.579389 0.821794 0.593488 0.792393 0.565290 0.821794 0.593488 0.754306 0.598022 0.727391 0.709370 0.792393 0.565290 0.718770 0.560975 0.728831 0.675755
127 0.859881 0.471243 0.806874 0.579594 0.821579 0.593397 0.792168 0.565790 0.821579 0.593397 0.754127 0.599113 0.727317 0.709374 0.792168 0.565790 0.718725 0.560977 0.728846 0.676182
128 0.859734 0.471075 0.806661 0.579645 0.821357 0.593380 0.791964 0.565909 0.821357 0.593380 0.753971 0.599060 0.727372 0.709385 0.791964 0.565909 0.718635 0.561003 0.728363 0.680186
129 0.859588 0.471036 0.806443 0.579652 0.821079 0.593340 0.791807 0.565964 0.821079 0.593340 0.753725 0.598695 0.727405 0.709392 0.791807 0.565964 0.718553 0.560992 0.728385 0.679900
130 0.859467 0.470966 0.806363 0.579609 0.821026 0.593272 0.791701 0.565946 0.821026 0.593272 0.753837 0.598566 0.727431 0.709321 0.791701 0.565946 0.718556 0.560983 0.728057 0.681128
131 0.859396 0.470689 0.806246 0.579528 0.820861 0.593126 0.791631 0.565929 0.820861 0.593126 0.753222 0.598340 0.727519 0.709320 0.791631 0.565929 0.718449 0.560837 0.728082 0.680259
132 0.859338 0.470638 0.805981 0.579480 0.820531 0.593060 0.791431 0.565899 0.820531 0.593060 0.753145 0.597702 0.727536 0.709344 0.791431 0.565899 0.718442 0.560776 0.727737 0.681294
133 0.859310 0.470589 0.805838 0.579431 0.820366 0.592996 0.791310 0.565867 0.820366 0.592996 0.752901 0.596385 0.727567 0.709356 0.791310 0.565867 0.718307 0.560552 0.727743 0.680457
134 0.859282 0.470522 0.805601 0.579307 0.820192 0.592817 0.791010 0.565796 0.820192 0.592817 0.752889 0.596377 0.727589 0.709377 0.791010 0.565796 0.718263 0.560417 0.727744 0.679240
135 0.859246 0.470405 0.805422 0.579266 0.820140 0.592762 0.790703 0.565770 0.820140 0.592762 0.750803 0.596382 0.727601 0.709353 0.790703 0.565770 0.718251 0.560247 0.727628 0.679087
136 0.859228 0.470347 0.805216 0.579124 0.819932 0.592536 0.790499 0.565712 0.819932 0.592536 0.748912 0.596279 0.727610 0.709315 0.790499 0.565712 0.718258 0.560241 0.727546 0.678878
137 0.859211 0.470231 0.805053 0.579028 0.819701 0.592417 0.790404 0.565638 0.819701 0.592417 0.747117 0.596267 0.727624 0.709393 0.790404 0.565638 0.718255 0.560242 0.727518 0.678445
138 0.859195 0.469637 0.804846 0.578769 0.819426 0.591968 0.790266 0.565570 0.819426 0.591968 0.751143 0.596290 0.727628 0.709488 0.790266 0.565570 0.718258 0.560274 0.727429 0.678395
139 0.858765 0.469505 0.804749 0.578749 0.819318 0.591948 0.790180 0.565549 0.819318 0.591948 0.755848 0.596401 0.727753 0.709034 0.790180 0.565549 0.718220 0.560075 0.727431 0.677665
140 0.857634 0.469615 0.804764 0.578892 0.819330 0.591946 0.790198 0.565838 0.819330 0.591946 0.758518 0.596323 0.727783 0.708875 0.790198 0.565838 0.718221 0.560174 0.727433 0.677180
141 0.856561 0.470127 0.805555 0.579749 0.819989 0.592957 0.791121 0.566541 0.819989 0.592957 0.762286 0.596317 0.727790 0.708739 0.791121 0.566541 0.719232 0.560651 0.727557 0.676799
142 0.852439 0.470641 0.807756 0.582295 0.822162 0.595476 0.793350 0.569113 0.822162 0.595476 0.761005 0.596051 0.727901 0.708760 0.793350 0.569113 0.720392 0.560681 0.728171 0.676865
143 0.847532 0.470370 0.807646 0.583408 0.822061 0.595890 0.793231 0.570926 0.822061 0.595890 0.749335 0.593559 0.729437 0.708816 0.793231 0.570926 0.722119 0.558967 0.729684 0.676845
144 0.842030 0.469705 0.808157 0.583699 0.822886 0.595876 0.793429 0.571522 0.822886 0.595876 0.748357 0.588847 0.731625 0.708528 0.793429 0.571522 0.724885 0.557653 0.731999 0.676960
145 0.838858 0.464756 0.810513 0.583301 0.825166 0.595386 0.795860 0.571217 0.825166 0.595386 0.756095 0.588261 0.735848 0.706231 0.795860 0.571217 0.728236 0.557291 0.734291 0.676983
146 0.833799 0.460502 0.811583 0.580306 0.826101 0.592868 0.797064 0.567744 0.826101 0.592868 0.754383 0.587895 0.740068 0.701377 0.797064 0.567744 0.727729 0.555605 0.736941 0.676275
147 0.826870 0.458572 0.811713 0.575955 0.826475 0.589070 0.796952 0.562840 0.826475 0.589070 0.754556 0.588265 0.743219 0.698742 0.796952 0.562840 0.729069 0.555745 0.738032 0.673609
148 0.818719 0.455283 0.811651 0.568329 0.826616 0.582029 0.796685 0.554629 0.826616 0.582029 0.760127 0.593985 0.746460 0.694818 0.796685 0.554629 0.732577 0.557179 0.739320 0.672312
149 0.811355 0.454002 0.810280 0.564617 0.825916 0.577599 0.794643 0.551636 0.825916 0.577599 0.761642 0.593175 0.748230 0.696055 0.794643 0.551636 0.732524 0.556441 0.740686 0.668362
150 0.802994 0.454901 0.809797 0.567226 0.825669 0.580157 0.793925 0.554295 0.825669 0.580157 0.761887 0.591415 0.747566 0.697008 0.793925 0.554295 0.731996 0.560859 0.741615 0.668893
151 0.794447 0.458994 0.807644 0.570084 0.823100 0.584619 0.792189 0.555548 0.823100 0.584619 0.752047 0.589342 0.747321 0.697609 0.792189 0.555548 0.731617 0.562769 0.740343 0.666644
152 0.788769 0.463208 0.806586 0.570051 0.821840 0.585551 0.791333 0.554551 0.821840 0.585551 0.752685 0.589815 0.747817 0.697834 0.791333 0.554551 0.727414 0.562489 0.735564 0.654150
153 0.783828 0.465689 0.805221 0.569685 0.819424 0.585759 0.791017 0.553610 0.819424 0.585759 0.747715 0.589948 0.746790 0.697190 0.791017 0.553610 0.725509 0.564686 0.735477 0.657506
154 0.777256 0.466133 0.801908 0.566684 0.815119 0.582873 0.788698 0.550495 0.815119 0.582873 0.743326 0.589990 0.746262 0.697485 0.788698 0.550495 0.724891 0.564281 0.735465 0.652956
155 0.769459 0.465638 0.799999 0.563561 0.813581 0.578822 0.786417 0.548301 0.813581 0.578822 0.738816 0.590255 0.745944 0.700328 0.786417 0.548301 0.723825 0.564035 0.735410 0.655655
156 0.762049 0.463344 0.799234 0.555026 0.813490 0.569459 0.784978 0.540594 0.813490 0.569459 0.738921 0.590576 0.746068 0.701295 0.784978 0.540594 0.723987 0.564581 0.735473 0.660816
157 0.757422 0.456400 0.798884 0.546001 0.813604 0.558411 0.784164 0.533591 0.813604 0.558411 0.737455 0.589735 0.745844 0.701298 0.784164 0.533591 0.722743 0.565335 0.735592 0.665978
158 0.752029 0.448341 0.797785 0.531558 0.813808 0.542733 0.781762 0.520383 0.813808 0.542733 0.737273 0.587764 0.745714 0.701303 0.781762 0.520383 0.722480 0.565901 0.735847 0.669847
159 0.748559 0.440660 0.796314 0.519894 0.813768 0.529262 0.778860 0.510525 0.813768 0.529262 0.736068 0.586852 0.746897 0.701163 0.778860 0.510525 0.716814 0.550417 0.735853 0.651066
160 0.744738 0.431338 0.794068 0.510419 0.812377 0.519958 0.775760 0.500880 0.812377 0.519958 0.736782 0.587102 0.746747 0.700749 0.775760 0.500880 0.718151 0.555265 0.736445 0.658894
161 0.740542 0.419718 0.792853 0.500680 0.810502 0.508291 0.775204 0.493069 0.810502 0.508291 0.738034 0.586827 0.746847 0.698284 0.775204 0.493069 0.721917 0.564654 0.739097 0.668143
162 0.737788 0.413202 0.792360 0.498781 0.809972 0.503301 0.774748 0.494261 0.809972 0.503301 0.743051 0.588755 0.747404 0.698390 0.774748 0.494261 0.726977 0.573471 0.741726 0.674071
163 0.733436 0.406440 0.790175 0.490252 0.807480 0.493421 0.772870 0.487084 0.807480 0.493421 0.748356 0.588762 0.747603 0.697728 0.772870 0.487084 0.727385 0.571528 0.742104 0.672734
164 0.729639 0.402148 0.785564 0.484266 0.803285 0.486633 0.767843 0.481899 0.803285 0.486633 0.752989 0.590840 0.747525 0.697724 0.767843 0.481899 0.729070 0.570948 0.742199 0.671966
165 0.723643 0.396682 0.781439 0.476745 0.798682 0.479128 0.764196 0.474362 0.798682 0.479128 0.754901 0.587763 0.747488 0.696060 0.764196 0.474362 0.731962 0.572084 0.742279 0.667362
166 0.717112 0.391526 0.776244 0.476144 0.793843 0.477588 0.758646 0.474700 0.793843 0.477588 0.760070 0.587026 0.750018 0.695512 0.758646 0.474700 0.731006 0.571378 0.742622 0.661709
167 0.710538 0.385870 0.772535 0.473345 0.790158 0.472845 0.754912 0.473844 0.790158 0.472845 0.763075 0.582183 0.749788 0.693042 0.754912 0.473844 0.732795 0.571753 0.774446 0.655191
168 0.703220 0.380204 0.765289 0.472691 0.782251 0.472115 0.748327 0.473267 0.782251 0.472115 0.762030 0.580896 0.749207 0.692898 0.748327 0.473267 0.734118 0.572001 0.789467 0.648366
169 0.695395 0.376314 0.755954 0.474543 0.771235 0.474427 0.740674 0.474660 0.771235 0.474427 0.749578 0.580358 0.747189 0.692959 0.740674 0.474660 0.733927 0.571803 0.800741 0.638440
170 0.683114 0.377166 0.746578 0.477634 0.762646 0.477713 0.730509 0.477555 0.762646 0.477713 0.745362 0.580956 0.746129 0.694937 0.730509 0.477555 0.723527 0.571910 0.766978 0.658365
171 0.671786 0.378511 0.736857 0.477171 0.753564 0.476031 0.720151 0.478312 0.753564 0.476031 0.750103 0.581031 0.746684 0.696023 0.720151 0.478312 0.708780 0.572074 0.743040 0.672505
172 0.662292 0.380499 0.727765 0.476498 0.747850 0.473324 0.707680 0.479672 0.747850 0.473324 0.743464 0.592761 0.762019 0.704887 0.707680 0.479672 0.687170 0.573875 0.727629 0.674243
173 0.652144 0.389815 0.717471 0.476861 0.739530 0.473715 0.695411 0.480008 0.739530 0.473715 0.742947 0.593616 0.766418 0.704858 0.695411 0.480008 0.662627 0.569591 0.710306 0.676239
174 0.638976 0.400971 0.708066 0.480701 0.728001 0.480147 0.688131 0.481255 0.728001 0.480147 0.737015 0.604268 0.761911 0.718251 0.688131 0.481255 0.665813 0.571598 0.696500 0.688816
175 0.624669 0.419135 0.698551 0.493017 0.719053 0.491942 0.678048 0.494093 0.719053 0.491942 0.721398 0.603073 0.757472 0.718001 0.678048 0.494093 0.667524 0.588752 0.696143 0.697273
176 0.606583 0.436158 0.684692 0.503669 0.706881 0.502395 0.662502 0.504942 0.706881 0.502395 0.725478 0.602198 0.778347 0.685527 0.662502 0.504942 0.669130 0.600111 0.699701 0.698704
177 0.590425 0.453894 0.677800 0.523036 0.699526 0.517920 0.656074 0.528151 0.699526 0.517920 0.729534 0.605901 0.805643 0.666826 0.656074 0.528151 0.672438 0.618899 0.697590 0.700005
178 0.573975 0.468554 0.664891 0.525651 0.683285 0.522268 0.646498 0.529034 0.683285 0.522268 0.722459 0.610071 0.790107 0.675401 0.646498 0.529034 0.666932 0.610340 0.692464 0.694629
179 0.556337 0.489350 0.655580 0.529951 0.671444 0.529168 0.639715 0.530734 0.671444 0.529168 0.706662 0.615636 0.779734 0.689199 0.639715 0.530734 0.661539 0.608684 0.691980 0.693045
180 0.540353 0.519885 0.648899 0.543587 0.665385 0.539626 0.632413 0.547548 0.665385 0.539626 0.706862 0.619865 0.762811 0.693332 0.632413 0.547548 0.652527 0.614138 0.690890 0.691657
181 0.518983 0.552270 0.631081 0.555245 0.646950 0.550786 0.615212 0.559704 0.646950 0.550786 0.694800 0.627015 0.751106 0.694116 0.615212 0.559704 0.642543 0.627481 0.681144 0.689472
182 0.498031 0.590836 0.619976 0.569262 0.631137 0.568342 0.608815 0.570183 0.631137 0.568342 0.679683 0.641511 0.736711 0.706939 0.608815 0.570183 0.648243 0.650367 0.690434 0.689083
183 -1 -1 -1 -1 -1 -1 -1 -1 -1 -1 -1 -1 -1 -1 -1 -1 -1 -1 -1 -1
184 -1 -1 -1 -1 -1 -1 -1 -1 -1 -1 -1 -1 -1 -1 -1 -1 -1 -1 -1 -1
185 -1 -1 -1 -1 -1 -1 -1 -1 -1 -1 -1 -1 -1 -1 -1 -1 -1 -1 -1 -1
186 -1 -1 -1 -1 -1 -1 -1 -1 -1 -1 -1 -1 -1 -1 -1 -1 -1 -1 -1 -1
187 -1 -1 -1 -1 -1 -1 -1 -1 -1 -1 -1 -1 -1 -1 -1 -1 -1 -1 -1 -1
188 -1 -1 -1 -1 -1 -1 -1 -1 -1 -1 -1 -1 -1 -1 -1 -1 -1 -1 -1 -1
189 -1 -1 -1 -1 -1 -1 -1 -1 -1 -1 -1 -1 -1 -1 -1 -1 -1 -1 -1 -1
190 -1 -1 -1 -1 -1 -1 -1 -1 -1 -1 -1 -1 -1 -1 -1 -1 -1 -1 -1 -1
191 -1 -1 -1 -1 -1 -1 -1 -1 -1 -1 -1 -1 -1 -1 -1 -1 -1 -1 -1 -1
192 -1 -1 -1 -1 -1 -1 -1 -1 -1 -1 -1 -1 -1 -1 -1 -1 -1 -1 -1 -1
193 -1 -1 -1 -1 -1 -1 -1 -1 -1 -1 -1 -1 -1 -1 -1 -1 -1 -1 -1 -1
194 -1 -1 -1 -1 -1 -1 -1 -1 -1 -1 -1 -1 -1 -1 -1 -1 -1 -1 -1 -1
195 -1 -1 -1 -1 -1 -1 -1 -1 -1 -1 -1 -1 -1 -1 -1 -1 -1 -1 -1 -1
196 -1 -1 -1 -1 -1 -1 -1 -1 -1 -1 -1 -1 -1 -1 -1 -1 -1 -1 -1 -1
197 -1 -1 -1 -1 -1 -1 -1 -1 -1 -1 -1 -1 -1 -1 -1 -1 -1 -1 -1 -1
198 -1 -1 -1 -1 -1 -1 -1 -1 -1 -1 -1 -1 -1 -1 -1 -1 -1 -1 -1 -1
199 -1 -1 -1 -1 -1 -1 -1 -1 -1 -1 -1 -1 -1 -1 -1 -1 -1 -1 -1 -1
200 -1 -1 -1 -1 -1 -1 -1 -1 -1 -1 -1 -1 -1 -1 -1 -1 -1 -1 -1 -1
201 -1 -1 -1 -1 -1 -1 -1 -1 -1 -1 -1 -1 -1 -1 -1 -1 -1 -1 -1 -1
202 0.390397 0.737699 0.508253 0.712337 0.514736 0.727508 0.501769 0.697165 0.514736 0.727508 0.602209 0.752508 0.688847 0.753590 0.501769 0.697165 0.587978 0.707504 0.659578 0.690653
203 0.390167 0.737356 0.508063 0.711522 0.514789 0.726375 0.501337 0.696669 0.514789 0.726375 0.602505 0.752419 0.689674 0.753170 0.501337 0.696669 0.587581 0.707033 0.659403 0.690610
204 0.389868 0.737256 0.507459 0.711443 0.514278 0.726701 0.500641 0.696185 0.514278 0.726701 0.602567 0.752256 0.690026 0.753507 0.500641 0.696185 0.586660 0.706693 0.658838 0.690874
205 0.389596 0.737850 0.506716 0.711395 0.513739 0.726636 0.499693 0.696153 0.513739 0.726636 0.602656 0.752664 0.690289 0.754182 0.499693 0.696153 0.586103 0.706442 0.657805 0.691092
206 0.389900 0.738275 0.506971 0.712354 0.513997 0.727950 0.499944 0.696759 0.513997 0.727950 0.603107 0.752274 0.690719 0.754452 0.499944 0.696759 0.585942 0.706263 0.656988 0.691261
207 0.390189 0.738986 0.507145 0.713400 0.514220 0.728939 0.500070 0.697861 0.514220 0.728939 0.603213 0.752218 0.691016 0.754521 0.500070 0.697861 0.585927 0.706286 0.656712 0.691385
208 0.390372 0.739409 0.507497 0.713820 0.514350 0.729720 0.500644 0.697921 0.514350 0.729720 0.603291 0.752498 0.691617 0.754811 0.500644 0.697921 0.585879 0.706244 0.656482 0.691321
209 0.390527 0.739202 0.507700 0.713729 0.514467 0.729626 0.500933 0.697832 0.514467 0.729626 0.603340 0.752757 0.691796 0.755333 0.500933 0.697832 0.585823 0.706182 0.656075 0.691259
210 0.390319 0.738987 0.507475 0.713387 0.514390 0.729147 0.500560 0.697628 0.514390 0.729147 0.603385 0.753033 0.692198 0.755867 0.500560 0.697628 0.585386 0.706134 0.655146 0.691221
211 0.390174 0.738361 0.507469 0.712372 0.514449 0.728865 0.500490 0.695879 0.514449 0.728865 0.603394 0.752890 0.692218 0.755760 0.500490 0.695879 0.584964 0.706102 0.654506 0.691193
212 0.390127 0.737931 0.507441 0.711790 0.514417 0.728601 0.500465 0.694979 0.514417 0.728601 0.603376 0.752794 0.692242 0.755905 0.500465 0.694979 0.584796 0.706041 0.654222 0.691259
213 0.390074 0.737704 0.507408 0.711389 0.514426 0.728404 0.500390 0.694374 0.514426 0.728404 0.603381 0.752758 0.692218 0.755828 0.500390 0.694374 0.584648 0.705930 0.654027 0.691359
214 0.390064 0.737686 0.507411 0.711287 0.514415 0.728368 0.500407 0.694206 0.514415 0.728368 0.603330 0.752661 0.692232 0.755771 0.500407 0.694206 0.584528 0.705897 0.653934 0.691447
215 0.390050 0.737758 0.507516 0.711360 0.514427 0.728515 0.500605 0.694206 0.514427 0.728515 0.603444 0.752573 0.692594 0.756023 0.500605 0.694206 0.584526 0.705867 0.653914 0.691558
216 0.390073 0.737882 0.507807 0.711570 0.514658 0.728916 0.500957 0.694223 0.514658 0.728916 0.603577 0.752510 0.692824 0.756145 0.500957 0.694223 0.584578 0.705781 0.653916 0.691586
217 0.390107 0.737904 0.508059 0.711588 0.514931 0.728941 0.501186 0.694234 0.514931 0.728941 0.603720 0.752476 0.693277 0.756273 0.501186 0.694234 0.584674 0.705744 0.653919 0.691599
218 0.390122 0.737893 0.508308 0.711622 0.515101 0.729017 0.501514 0.694227 0.515101 0.729017 0.603756 0.752389 0.693348 0.756485 0.501514 0.694227 0.584708 0.705717 0.653893 0.691709
219 0.390157 0.737890 0.508325 0.711618 0.515105 0.729012 0.501544 0.694223 0.515105 0.729012 0.603713 0.752341 0.693314 0.756400 0.501544 0.694223 0.584713 0.705695 0.653862 0.691721
220 0.390183 0.737904 0.508320 0.711601 0.515067 0.728986 0.501572 0.694217 0.515067 0.728986 0.603717 0.752291 0.693495 0.756521 0.501572 0.694217 0.584732 0.705677 0.653868 0.691715
221 0.390194 0.737924 0.508319 0.711607 0.515061 0.728985 0.501577 0.694228 0.515061 0.728985 0.603690 0.752256 0.693494 0.756579 0.501577 0.694228 0.584732 0.705666 0.653869 0.691685
222 0.390234 0.737939 0.508305 0.711747 0.515031 0.729144 0.501579 0.694350 0.515031 0.729144 0.603723 0.752254 0.693491 0.756576 0.501579 0.694350 0.584735 0.705573 0.653862 0.691684
223 0.390259 0.737997 0.508161 0.711985 0.514904 0.729231 0.501419 0.694739 0.514904 0.729231 0.603491 0.752270 0.693182 0.756633 0.501419 0.694739 0.584715 0.705428 0.653856 0.691683
224 0.390322 0.738036 0.508173 0.712149 0.514922 0.729320 0.501424 0.694979 0.514922 0.729320 0.603457 0.752244 0.693212 0.756904 0.501424 0.694979 0.584717 0.705332 0.653854 0.691675
225 0.390336 0.737992 0.508182 0.712168 0.514973 0.729305 0.501391 0.695032 0.514973 0.729305 0.603480 0.752230 0.693242 0.756974 0.501391 0.695032 0.584740 0.705317 0.653859 0.691695
226 0.390347 0.738032 0.508158 0.712176 0.515003 0.729300 0.501312 0.695051 0.515003 0.729300 0.603469 0.752220 0.693219 0.756993 0.501312 0.695051 0.584754 0.705310 0.653870 0.691704
227 0.390352 0.738036 0.508130 0.712175 0.515001 0.729295 0.501258 0.695056 0.515001 0.729295 0.603418 0.752209 0.693210 0.757019 0.501258 0.695056 0.584809 0.705298 0.653882 0.691704
228 0.390346 0.738067 0.508132 0.712175 0.515005 0.729304 0.501259 0.695046 0.515005 0.729304 0.603418 0.752199 0.693099 0.756638 0.501259 0.695046 0.584824 0.705242 0.653883 0.691747
229 0.390314 0.738093 0.508108 0.712173 0.514980 0.729306 0.501237 0.695040 0.514980 0.729306 0.603417 0.752199 0.693055 0.756383 0.501237 0.695040 0.584853 0.705233 0.654023 0.691736
230 0.390324 0.738116 0.508031 0.712130 0.514860 0.729262 0.501202 0.694998 0.514860 0.729262 0.603272 0.752193 0.692984 0.756316 0.501202 0.694998 0.584865 0.705223 0.654109 0.691766
231 0.390344 0.738122 0.507952 0.712123 0.514762 0.729261 0.501143 0.694985 0.514762 0.729261 0.603242 0.752188 0.692952 0.756065 0.501143 0.694985 0.584878 0.705215 0.654297 0.691765
232 0.390346 0.738143 0.507859 0.712151 0.514625 0.729334 0.501093 0.694968 0.514625 0.729334 0.603246 0.752200 0.692946 0.755999 0.501093 0.694968 0.584883 0.705188 0.654364 0.691788
233 0.390350 0.738170 0.507860 0.712255 0.514621 0.729544 0.501098 0.694966 0.514621 0.729544 0.603259 0.752216 0.692921 0.755985 0.501098 0.694966 0.584970 0.705135 0.654429 0.691787
234 0.390372 0.738175 0.507858 0.712289 0.514618 0.729601 0.501099 0.694978 0.514618 0.729601 0.603254 0.752214 0.692783 0.755757 0.501099 0.694978 0.585015 0.705128 0.654467 0.691766
235 0.390413 0.738149 0.507875 0.712352 0.514612 0.729719 0.501137 0.694984 0.514612 0.729719 0.603254 0.752208 0.692617 0.755754 0.501137 0.694984 0.585031 0.705151 0.654490 0.691755
236 0.390448 0.738143 0.507868 0.712449 0.514594 0.729814 0.501141 0.695084 0.514594 0.729814 0.602952 0.752229 0.692214 0.755728 0.501141 0.695084 0.585038 0.705263 0.654485 0.691824
237 0.390591 0.738075 0.507856 0.712546 0.514594 0.729883 0.501118 0.695209 0.514594 0.729883 0.602883 0.752284 0.692166 0.755733 0.501118 0.695209 0.585042 0.705319 0.654477 0.691817
238 0.390620 0.738065 0.507819 0.712577 0.514552 0.729888 0.501087 0.695266 0.514552 0.729888 0.602883 0.752288 0.692177 0.755694 0.501087 0.695266 0.585036 0.705348 0.654475 0.691818
239 0.390633 0.738059 0.507798 0.712609 0.514537 0.729893 0.501060 0.695324 0.514537 0.729893 0.602913 0.752328 0.692430 0.755872 0.501060 0.695324 0.585094 0.705468 0.654550 0.691827
240 0.390631 0.738053 0.507724 0.712596 0.514486 0.729862 0.500961 0.695331 0.514486 0.729862 0.602659 0.752328 0.692285 0.755841 0.500961 0.695331 0.585097 0.705494 0.654577 0.691835
241 0.390648 0.738055 0.507870 0.712605 0.514579 0.729892 0.501160 0.695318 0.514579 0.729892 0.602704 0.752324 0.692193 0.755814 0.501160 0.695318 0.585126 0.705494 0.654579 0.691847
242 0.390673 0.738068 0.507995 0.712655 0.514621 0.730057 0.501369 0.695253 0.514621 0.730057 0.602813 0.752325 0.692189 0.755758 0.501369 0.695253 0.585255 0.705444 0.654633 0.691838
243 0.390701 0.738072 0.507985 0.712676 0.514602 0.730211 0.501367 0.695142 0.514602 0.730211 0.602932 0.752304 0.692188 0.755690 0.501367 0.695142 0.585297 0.705389 0.654662 0.691823
244 0.390701 0.738078 0.507953 0.712631 0.514546 0.730220 0.501360 0.695042 0.514546 0.730220 0.602856 0.752303 0.692156 0.755581 0.501360 0.695042 0.585299 0.705338 0.654664 0.691814
245 0.390713 0.738084 0.507966 0.712634 0.514561 0.730225 0.501371 0.695043 0.514561 0.730225 0.602878 0.752264 0.692051 0.755554 0.501371 0.695043 0.585302 0.705292 0.654682 0.691784
246 0.390760 0.738145 0.507964 0.712665 0.514560 0.730209 0.501368 0.695122 0.514560 0.730209 0.602868 0.752265 0.692008 0.755593 0.501368 0.695122 0.585305 0.705409 0.654694 0.691775
247 0.390816 0.738132 0.507975 0.712645 0.514582 0.730197 0.501367 0.695094 0.514582 0.730197 0.603010 0.752241 0.692234 0.755607 0.501367 0.695094 0.585335 0.705398 0.654721 0.691770
248 0.390866 0.738082 0.507894 0.712619 0.514558 0.730149 0.501230 0.695089 0.514558 0.730149 0.603076 0.752134 0.692651 0.755718 0.501230 0.695089 0.585339 0.705399 0.654724 0.691766
249 0.390915 0.738092 0.507907 0.712612 0.514562 0.730128 0.501252 0.695097 0.514562 0.730128 0.603130 0.752132 0.692914 0.756180 0.501252 0.695097 0.585463 0.705421 0.654920 0.691807
250 0.390948 0.738117 0.507966 0.712614 0.514596 0.730116 0.501335 0.695112 0.514596 0.730116 0.603216 0.752114 0.693149 0.756419 0.501335 0.695112 0.585553 0.705418 0.655014 0.691848
251 0.390958 0.738127 0.507974 0.712610 0.514600 0.730105 0.501349 0.695115 0.514600 0.730105 0.603215 0.752029 0.693174 0.756411 0.501349 0.695115 0.585566 0.705436 0.655067 0.691865
252 0.390976 0.738176 0.507847 0.712629 0.514468 0.730097 0.501225 0.695161 0.514468 0.730097 0.602898 0.752042 0.693172 0.756415 0.501225 0.695161 0.585568 0.705519 0.655095 0.691888
253 0.391005 0.738224 0.507828 0.712696 0.514438 0.730077 0.501219 0.695315 0.514438 0.730077 0.602892 0.752081 0.693158 0.756412 0.501219 0.695315 0.585570 0.705565 0.655123 0.691855
254 0.391015 0.738256 0.507826 0.712713 0.514436 0.730084 0.501216 0.695342 0.514436 0.730084 0.602884 0.752196 0.693049 0.756490 0.501216 0.695342 0.585571 0.705595 0.655118 0.691795
255 0.391028 0.738287 0.507759 0.712706 0.514393 0.730088 0.501126 0.695324 0.514393 0.730088 0.602804 0.752257 0.693051 0.756520 0.501126 0.695324 0.585505 0.705616 0.655079 0.691781
256 0.391049 0.738339 0.507703 0.712736 0.514392 0.730156 0.501014 0.695315 0.514392 0.730156 0.602805 0.752283 0.693087 0.756522 0.501014 0.695315 0.585387 0.705618 0.654990 0.691740
257 0.391016 0.738347 0.507668 0.712752 0.514385 0.730186 0.500951 0.695318 0.514385 0.730186 0.602833 0.752364 0.693092 0.756539 0.500951 0.695318 0.585369 0.705622 0.654991 0.691700
258 0.391011 0.738320 0.507690 0.712739 0.514386 0.730210 0.500993 0.695268 0.514386 0.730210 0.602831 0.752365 0.693071 0.756532 0.500993 0.695268 0.585369 0.705623 0.654956 0.691699
259 0.391003 0.738464 0.507353 0.712777 0.514032 0.730125 0.500675 0.695430 0.514032 0.730125 0.602832 0.752333 0.693072 0.756529 0.500675 0.695430 0.585414 0.705907 0.654956 0.691698
260 0.390965 0.738504 0.507203 0.712741 0.513859 0.730050 0.500547 0.695433 0.513859 0.730050 0.602695 0.752308 0.692921 0.756492 0.500547 0.695433 0.585439 0.705982 0.654956 0.691701
261 0.390958 0.738518 0.507178 0.712740 0.513813 0.730050 0.500543 0.695431 0.513813 0.730050 0.602627 0.752325 0.692854 0.756489 0.500543 0.695431 0.585461 0.705987 0.654952 0.691710
262 0.390940 0.738506 0.507051 0.712713 0.513740 0.729973 0.500362 0.695454 0.513740 0.729973 0.602506 0.752330 0.692633 0.756463 0.500362 0.695454 0.585463 0.706007 0.654942 0.691661
263 0.390930 0.738500 0.506966 0.712748 0.513646 0.729977 0.500287 0.695519 0.513646 0.729977 0.602504 0.752369 0.692626 0.756462 0.500287 0.695519 0.585484 0.706117 0.654932 0.691672
264 0.390930 0.738490 0.506910 0.712740 0.513591 0.729977 0.500229 0.695503 0.513591 0.729977 0.602447 0.752370 0.692551 0.756400 0.500229 0.695503 0.585521 0.706165 0.654925 0.691737
265 0.390915 0.738479 0.506944 0.712743 0.513630 0.729982 0.500257 0.695504 0.513630 0.729982 0.602430 0.752371 0.692513 0.756346 0.500257 0.695504 0.585533 0.706176 0.654925 0.691778
266 0.390934 0.738483 0.506961 0.712752 0.513619 0.730016 0.500302 0.695489 0.513619 0.730016 0.602414 0.752411 0.692511 0.756330 0.500302 0.695489 0.585527 0.706179 0.654892 0.691782
267 0.390911 0.738482 0.507028 0.712794 0.513631 0.730145 0.500424 0.695443 0.513631 0.730145 0.602370 0.752406 0.692491 0.756315 0.500424 0.695443 0.585531 0.706178 0.654894 0.691785
268 0.390921 0.738480 0.507052 0.712844 0.513639 0.730248 0.500465 0.695441 0.513639 0.730248 0.602291 0.752398 0.692493 0.756329 0.500465 0.695441 0.585578 0.706180 0.654932 0.691804
269 0.390918 0.738510 0.507023 0.712893 0.513633 0.730350 0.500413 0.695436 0.513633 0.730350 0.602033 0.752382 0.692405 0.756328 0.500413 0.695436 0.585571 0.706173 0.654916 0.691778
270 0.390895 0.738480 0.506954 0.712893 0.513560 0.730347 0.500348 0.695439 0.513560 0.730347 0.601988 0.752384 0.692395 0.756413 0.500348 0.695439 0.585568 0.706177 0.654895 0.691771
271 0.390879 0.738489 0.506848 0.712883 0.513523 0.730253 0.500173 0.695513 0.513523 0.730253 0.602030 0.752367 0.692414 0.756420 0.500173 0.695513 0.585565 0.706179 0.654894 0.691731
272 0.390838 0.738732 0.506647 0.712893 0.513399 0.730106 0.499895 0.695679 0.513399 0.730106 0.601972 0.752350 0.692445 0.756420 0.499895 0.695679 0.585557 0.706163 0.654965 0.691616
273 0.390796 0.738883 0.506508 0.712884 0.513348 0.729983 0.499668 0.695786 0.513348 0.729983 0.601937 0.752364 0.692444 0.756370 0.499668 0.695786 0.585486 0.706163 0.654963 0.691470
274 0.390776 0.738955 0.506435 0.712885 0.513314 0.729983 0.499555 0.695787 0.513314 0.729983 0.601936 0.752370 0.692445 0.756326 0.499555 0.695787 0.585363 0.706106 0.654953 0.691416
275 0.390756 0.738957 0.506404 0.712813 0.513289 0.729860 0.499520 0.695767 0.513289 0.729860 0.601907 0.752328 0.692350 0.756114 0.499520 0.695767 0.585258 0.706061 0.654958 0.691339
276 0.390710 0.738955 0.506360 0.712799 0.513269 0.729828 0.499450 0.695770 0.513269 0.729828 0.601905 0.752311 0.692350 0.756082 0.499450 0.695770 0.585194 0.706071 0.654960 0.691308
277 0.390712 0.738926 0.506419 0.712817 0.513350 0.729827 0.499489 0.695806 0.513350 0.729827 0.601908 0.752294 0.692330 0.756047 0.499489 0.695806 0.585156 0.706092 0.654940 0.691328
278 0.390715 0.738895 0.506435 0.712880 0.513378 0.729801 0.499491 0.695959 0.513378 0.729801 0.601919 0.752250 0.692328 0.755994 0.499491 0.695959 0.585118 0.706098 0.654939 0.691338
279 0.390719 0.738863 0.506440 0.712859 0.513397 0.729770 0.499482 0.695948 0.513397 0.729770 0.601935 0.752243 0.692327 0.755963 0.499482 0.695948 0.585113 0.706081 0.654938 0.691388
280 0.390770 0.738854 0.506533 0.712848 0.513438 0.729749 0.499627 0.695948 0.513438 0.729749 0.602176 0.752207 0.692330 0.755944 0.499627 0.695948 0.585111 0.706078 0.654937 0.691395
281 0.390811 0.738780 0.506532 0.712779 0.513445 0.729610 0.499618 0.695947 0.513445 0.729610 0.602171 0.752205 0.692326 0.755941 0.499618 0.695947 0.585110 0.706069 0.654936 0.691374
