206
229
0 0.698573 0.546847 0.678886 0.656475 0.690532 0.662328 0.667239 0.650622 0.690532 0.662328 0.700997 0.571881 0.694070 0.652069 0.667239 0.650622 0.646846 0.585662 0.664090 0.614817
1 0.722912 0.498339 0.701980 0.604825 0.714566 0.614155 0.689394 0.595496 0.714566 0.614155 0.709131 0.556870 0.697717 0.644206 0.689394 0.595496 0.663756 0.513435 0.667648 0.608793
2 0.759868 0.438328 0.733990 0.552756 0.745847 0.565585 0.722133 0.539927 0.745847 0.565585 0.709916 0.553177 0.697966 0.645339 0.722133 0.539927 0.666381 0.505457 0.670969 0.599200
3 0.762221 0.408721 0.745615 0.514382 0.760981 0.524042 0.730250 0.504722 0.760981 0.524042 0.707989 0.542769 0.698309 0.642889 0.730250 0.504722 0.665705 0.503341 0.669830 0.602655
4 0.761474 0.406500 0.749632 0.512245 0.764160 0.521671 0.735104 0.502819 0.764160 0.521671 0.711179 0.542041 0.698738 0.644925 0.735104 0.502819 0.667634 0.505611 0.669455 0.605003
5 0.761593 0.408407 0.751436 0.512333 0.766279 0.523039 0.736593 0.501627 0.766279 0.523039 0.713714 0.542698 0.699553 0.642265 0.736593 0.501627 0.667497 0.504172 0.670135 0.605954
6 0.762138 0.407788 0.751389 0.510842 0.766362 0.521706 0.736415 0.499977 0.766362 0.521706 0.713106 0.546946 0.699937 0.642951 0.736415 0.499977 0.666529 0.505805 0.670025 0.603023
7 0.761739 0.407887 0.750876 0.511226 0.765564 0.522579 0.736188 0.499873 0.765564 0.522579 0.713373 0.548106 0.699432 0.644364 0.736188 0.499873 0.666680 0.505915 0.669279 0.602240
8 0.761675 0.408138 0.750255 0.511348 0.764949 0.522718 0.735560 0.499978 0.764949 0.522718 0.713185 0.548324 0.699426 0.644777 0.735560 0.499978 0.666711 0.506247 0.669658 0.602020
9 0.761470 0.408048 0.750601 0.511887 0.765407 0.523173 0.735795 0.500601 0.765407 0.523173 0.713234 0.547114 0.700040 0.643694 0.735795 0.500601 0.666800 0.505928 0.670282 0.602490
10 0.761314 0.407875 0.750675 0.512331 0.765534 0.523577 0.735816 0.501085 0.765534 0.523577 0.712821 0.548244 0.700237 0.643416 0.735816 0.501085 0.666835 0.506494 0.670807 0.601793
11 0.761299 0.407917 0.750403 0.512242 0.765156 0.523768 0.735649 0.500716 0.765156 0.523768 0.713254 0.549267 0.700135 0.644423 0.735649 0.500716 0.666573 0.506103 0.670233 0.602014
12 0.761225 0.408000 0.750210 0.511931 0.764789 0.523326 0.735630 0.500536 0.764789 0.523326 0.713291 0.548763 0.700115 0.644490 0.735630 0.500536 0.666320 0.506138 0.670055 0.602456
13 0.761420 0.408000 0.750522 0.512145 0.765136 0.523938 0.735908 0.500352 0.765136 0.523938 0.713665 0.548728 0.700165 0.644290 0.735908 0.500352 0.666529 0.506203 0.670235 0.601978
14 0.761379 0.408155 0.750915 0.512016 0.765558 0.523778 0.736273 0.500253 0.765558 0.523778 0.713968 0.548357 0.700401 0.643943 0.736273 0.500253 0.666530 0.506106 0.670244 0.602201
15 0.761093 0.409054 0.751246 0.512950 0.765890 0.524635 0.736602 0.501264 0.765890 0.524635 0.713609 0.548001 0.700266 0.643598 0.736602 0.501264 0.666555 0.506225 0.669946 0.602409
16 0.760699 0.408641 0.751523 0.512062 0.766272 0.523970 0.736774 0.500154 0.766272 0.523970 0.713512 0.547876 0.700374 0.643595 0.736774 0.500154 0.666767 0.506843 0.669799 0.603045
17 0.760088 0.408427 0.750820 0.511358 0.765552 0.523082 0.736087 0.499634 0.765552 0.523082 0.713557 0.547468 0.700517 0.643676 0.736087 0.499634 0.666640 0.506915 0.670346 0.603600
18 0.759586 0.408730 0.750615 0.512536 0.765051 0.524407 0.736178 0.500666 0.765051 0.524407 0.713239 0.547989 0.700580 0.643994 0.736178 0.500666 0.667301 0.507330 0.670365 0.603210
19 0.759132 0.408900 0.750170 0.512033 0.764445 0.524185 0.735895 0.499880 0.764445 0.524185 0.713177 0.548295 0.701328 0.643442 0.735895 0.499880 0.667540 0.507536 0.669898 0.603379
20 0.758965 0.408896 0.749891 0.512161 0.764183 0.524293 0.735599 0.500029 0.764183 0.524293 0.712959 0.546743 0.701640 0.643179 0.735599 0.500029 0.667678 0.507265 0.669513 0.602813
21 0.757794 0.409023 0.749669 0.512396 0.763935 0.524258 0.735403 0.500534 0.763935 0.524258 0.712960 0.547409 0.702937 0.643742 0.735403 0.500534 0.667535 0.507640 0.669281 0.603364
22 0.755445 0.409160 0.749275 0.512866 0.763741 0.524645 0.734809 0.501086 0.763741 0.524645 0.712897 0.547734 0.704550 0.644192 0.734809 0.501086 0.667381 0.506857 0.669113 0.603382
23 0.752374 0.409254 0.748936 0.512766 0.763668 0.524585 0.734204 0.500948 0.763668 0.524585 0.712860 0.547737 0.705858 0.644494 0.734204 0.500948 0.667571 0.506109 0.669135 0.603712
24 0.749150 0.409310 0.748181 0.513071 0.763172 0.524807 0.733190 0.501334 0.763172 0.524807 0.712455 0.547067 0.706160 0.644636 0.733190 0.501334 0.667502 0.505299 0.669462 0.603897
25 0.745636 0.409449 0.747998 0.513353 0.763134 0.524920 0.732861 0.501786 0.763134 0.524920 0.712128 0.546980 0.705831 0.644709 0.732861 0.501786 0.667422 0.505083 0.669738 0.604082
26 0.741733 0.409541 0.746298 0.513523 0.761138 0.525050 0.731458 0.501996 0.761138 0.525050 0.711921 0.546950 0.705392 0.646674 0.731458 0.501996 0.667364 0.505011 0.669956 0.604170
27 0.737410 0.410445 0.745415 0.513447 0.760181 0.525177 0.730649 0.501718 0.760181 0.525177 0.711208 0.546457 0.705357 0.646800 0.730649 0.501718 0.667276 0.503901 0.670188 0.604106
28 0.733221 0.413495 0.744236 0.513520 0.759177 0.525212 0.729296 0.501828 0.759177 0.525212 0.710890 0.546565 0.705251 0.646919 0.729296 0.501828 0.667024 0.503133 0.670157 0.602950
29 0.728626 0.417522 0.743481 0.513688 0.758609 0.525280 0.728353 0.502095 0.758609 0.525280 0.710117 0.546587 0.705861 0.646680 0.728353 0.502095 0.666649 0.503431 0.670102 0.601725
30 0.724137 0.420374 0.743073 0.513626 0.758534 0.525091 0.727613 0.502162 0.758534 0.525091 0.710137 0.546001 0.706157 0.644904 0.727613 0.502162 0.666657 0.503620 0.669860 0.601742
31 0.718592 0.421704 0.742612 0.513416 0.758175 0.524475 0.727050 0.502356 0.758175 0.524475 0.710252 0.546510 0.707630 0.642749 0.727050 0.502356 0.666818 0.504074 0.669405 0.601926
32 0.714823 0.424659 0.742255 0.513928 0.758092 0.524364 0.726417 0.503492 0.758092 0.524364 0.710280 0.546962 0.707229 0.641490 0.726417 0.503492 0.666809 0.505258 0.667410 0.602169
33 0.711320 0.427060 0.741294 0.513628 0.757421 0.523623 0.725167 0.503633 0.757421 0.523623 0.709761 0.547443 0.705995 0.641807 0.725167 0.503633 0.666666 0.508720 0.667454 0.603579
34 0.707933 0.428677 0.740391 0.513723 0.757111 0.523373 0.723672 0.504074 0.757111 0.523373 0.708689 0.546869 0.705543 0.641992 0.723672 0.504074 0.665361 0.508729 0.668745 0.604299
35 0.703846 0.427930 0.740495 0.512983 0.756942 0.521967 0.724047 0.503999 0.756942 0.521967 0.705613 0.545854 0.705218 0.641753 0.724047 0.503999 0.663796 0.512030 0.670489 0.604454
36 0.701956 0.425868 0.740513 0.511034 0.756730 0.518617 0.724295 0.503452 0.756730 0.518617 0.700880 0.541265 0.703825 0.639575 0.724295 0.503452 0.663637 0.515246 0.673945 0.601339
37 0.699577 0.423943 0.740056 0.508435 0.756162 0.515378 0.723950 0.501492 0.756162 0.515378 0.700386 0.540976 0.703684 0.639810 0.723950 0.501492 0.663701 0.518649 0.673439 0.601495
38 0.697549 0.422583 0.739204 0.504479 0.755909 0.510552 0.722500 0.498407 0.755909 0.510552 0.701541 0.542186 0.703672 0.640859 0.722500 0.498407 0.663725 0.520004 0.673011 0.603385
39 0.694679 0.417305 0.737353 0.493895 0.754951 0.499975 0.719755 0.487815 0.754951 0.499975 0.702128 0.543172 0.703615 0.642267 0.719755 0.487815 0.663330 0.518624 0.672791 0.604431
40 0.691877 0.410689 0.735637 0.481861 0.753788 0.486982 0.717486 0.476740 0.753788 0.486982 0.702596 0.542292 0.703522 0.642300 0.717486 0.476740 0.662465 0.517773 0.672727 0.605514
41 0.689582 0.404276 0.733666 0.473530 0.751411 0.478095 0.715921 0.468966 0.751411 0.478095 0.702549 0.540655 0.703870 0.641388 0.715921 0.468966 0.661530 0.514746 0.668029 0.605664
42 0.688690 0.399456 0.731571 0.466606 0.749065 0.470757 0.714078 0.462454 0.749065 0.470757 0.702537 0.538878 0.704472 0.641209 0.714078 0.462454 0.658177 0.514368 0.664485 0.605654
43 0.687310 0.392101 0.730097 0.464840 0.747203 0.468638 0.712991 0.461042 0.747203 0.468638 0.701325 0.536745 0.704500 0.640715 0.712991 0.461042 0.657149 0.512936 0.663128 0.603834
44 0.686572 0.383083 0.728125 0.458189 0.744393 0.461910 0.711857 0.454468 0.744393 0.461910 0.700165 0.536374 0.704498 0.639972 0.711857 0.454468 0.656907 0.512616 0.663578 0.603837
45 0.686404 0.376387 0.726266 0.453877 0.742970 0.457254 0.709561 0.450501 0.742970 0.457254 0.700383 0.535692 0.704606 0.639980 0.709561 0.450501 0.657392 0.512306 0.663976 0.603850
46 0.686794 0.367272 0.724903 0.449897 0.742087 0.452191 0.707718 0.447603 0.742087 0.452191 0.701265 0.536250 0.704738 0.639458 0.707718 0.447603 0.656460 0.512507 0.664037 0.603863
47 0.687389 0.359924 0.722826 0.443864 0.740664 0.446045 0.704989 0.441683 0.740664 0.446045 0.701352 0.535632 0.704900 0.639702 0.704989 0.441683 0.655745 0.510383 0.664276 0.603473
48 0.687620 0.350088 0.720833 0.437354 0.738867 0.439102 0.702798 0.435607 0.738867 0.439102 0.701299 0.532342 0.704611 0.639497 0.702798 0.435607 0.655775 0.508984 0.664431 0.603139
49 0.688237 0.342268 0.719520 0.435716 0.737730 0.438185 0.701310 0.433247 0.737730 0.438185 0.699500 0.530848 0.704142 0.639885 0.701310 0.433247 0.652761 0.507921 0.664041 0.602913
50 0.688513 0.332997 0.717749 0.434172 0.736268 0.436047 0.699230 0.432296 0.736268 0.436047 0.699777 0.529581 0.704033 0.641278 0.699230 0.432296 0.653557 0.508898 0.663443 0.603883
51 0.689200 0.323118 0.716206 0.430487 0.734682 0.432717 0.697731 0.428257 0.734682 0.432717 0.699887 0.528262 0.703739 0.644447 0.697731 0.428257 0.653820 0.509960 0.663587 0.603842
52 0.690445 0.314469 0.713659 0.432052 0.732501 0.434956 0.694818 0.429147 0.732501 0.434956 0.700160 0.529202 0.700896 0.644097 0.694818 0.429147 0.654083 0.513093 0.663907 0.601212
53 0.691466 0.305964 0.710532 0.427483 0.729214 0.430613 0.691850 0.424353 0.729214 0.430613 0.702778 0.529628 0.697953 0.637712 0.691850 0.424353 0.654405 0.512764 0.663862 0.600443
54 0.693196 0.298816 0.706955 0.424968 0.726049 0.428693 0.687861 0.421244 0.726049 0.428693 0.707021 0.529529 0.696207 0.637331 0.687861 0.421244 0.656345 0.512200 0.663536 0.599507
55 0.695759 0.292761 0.704691 0.423657 0.723844 0.427704 0.685538 0.419611 0.723844 0.427704 0.707340 0.529849 0.695419 0.637402 0.685538 0.419611 0.657742 0.512180 0.666778 0.599699
56 0.698613 0.287327 0.702993 0.422661 0.722370 0.427485 0.683616 0.417838 0.722370 0.427485 0.706924 0.529742 0.696158 0.634678 0.683616 0.417838 0.659141 0.511466 0.666769 0.599728
57 0.701614 0.284070 0.697218 0.425225 0.717004 0.428532 0.677432 0.421917 0.717004 0.428532 0.706773 0.536318 0.696007 0.635140 0.677432 0.421917 0.660028 0.516584 0.667365 0.601279
58 0.703995 0.282040 0.694778 0.426529 0.714663 0.428877 0.674893 0.424181 0.714663 0.428877 0.706535 0.537176 0.696364 0.632777 0.674893 0.424181 0.662410 0.518703 0.668710 0.601753
59 0.706278 0.280407 0.694961 0.428423 0.715719 0.431553 0.674203 0.425294 0.715719 0.431553 0.706951 0.539295 0.696442 0.633326 0.674203 0.425294 0.665785 0.522827 0.670428 0.604546
60 0.708358 0.278711 0.694560 0.429403 0.715747 0.433029 0.673373 0.425776 0.715747 0.433029 0.706819 0.541700 0.696653 0.633725 0.673373 0.425776 0.666628 0.524496 0.671205 0.606284
61 0.710057 0.277690 0.694220 0.428500 0.715410 0.432802 0.673031 0.424197 0.715410 0.432802 0.706347 0.541103 0.696782 0.633042 0.673031 0.424197 0.667700 0.523921 0.672324 0.606249
62 0.712171 0.277137 0.694550 0.426766 0.715614 0.431727 0.673486 0.421805 0.715614 0.431727 0.706200 0.539348 0.696894 0.630086 0.673486 0.421805 0.669848 0.523131 0.673577 0.606476
63 0.714585 0.277768 0.695513 0.426122 0.716453 0.431565 0.674572 0.420678 0.716453 0.431565 0.706135 0.539573 0.697015 0.630635 0.674572 0.420678 0.670238 0.522867 0.673636 0.607704
64 0.716821 0.277874 0.696106 0.426498 0.716999 0.431698 0.675214 0.421299 0.716999 0.431698 0.706175 0.540663 0.697122 0.631031 0.675214 0.421299 0.669872 0.522635 0.673316 0.608019
65 0.718517 0.277810 0.696501 0.427306 0.717318 0.432818 0.675683 0.421793 0.717318 0.432818 0.706737 0.542479 0.697145 0.631191 0.675683 0.421793 0.669343 0.522721 0.673096 0.607712
66 0.720866 0.278385 0.696816 0.428861 0.717617 0.435538 0.676016 0.422185 0.717617 0.435538 0.708316 0.545997 0.697224 0.631354 0.676016 0.422185 0.669214 0.522975 0.672925 0.607535
67 0.722851 0.278829 0.697319 0.430364 0.718521 0.437801 0.676117 0.422927 0.718521 0.437801 0.709547 0.547211 0.697240 0.631459 0.676117 0.422927 0.668733 0.522999 0.672706 0.607463
68 0.724249 0.279398 0.697666 0.432577 0.719107 0.440727 0.676226 0.424427 0.719107 0.440727 0.710229 0.549744 0.697262 0.632002 0.676226 0.424427 0.667103 0.523121 0.672544 0.606081
69 0.725556 0.279763 0.698552 0.434913 0.720380 0.443359 0.676725 0.426467 0.720380 0.443359 0.710561 0.551456 0.697297 0.632049 0.676725 0.426467 0.665570 0.523894 0.672447 0.606276
70 0.726772 0.279987 0.699767 0.436678 0.721876 0.445198 0.677658 0.428159 0.721876 0.445198 0.711108 0.552221 0.697451 0.632062 0.677658 0.428159 0.663988 0.526512 0.672270 0.608787
71 0.727849 0.280157 0.701069 0.437474 0.723297 0.445695 0.678842 0.429253 0.723297 0.445695 0.711582 0.552301 0.697528 0.632231 0.678842 0.429253 0.663539 0.529458 0.671980 0.612762
72 0.728413 0.280289 0.701740 0.438186 0.724224 0.446045 0.679256 0.430327 0.724224 0.446045 0.711899 0.552674 0.697576 0.632579 0.679256 0.430327 0.663567 0.532934 0.671385 0.617274
73 0.728702 0.280435 0.702577 0.438432 0.725190 0.445987 0.679965 0.430878 0.725190 0.445987 0.712090 0.552934 0.697610 0.633953 0.679965 0.430878 0.665375 0.536866 0.669836 0.624572
74 0.728657 0.280594 0.703563 0.438947 0.726089 0.445995 0.681037 0.431900 0.726089 0.445995 0.712392 0.552896 0.697620 0.634948 0.681037 0.431900 0.670208 0.540447 0.669569 0.629925
75 0.728433 0.281299 0.704295 0.439324 0.726911 0.445889 0.681679 0.432760 0.726911 0.445889 0.712585 0.552777 0.697632 0.635395 0.681679 0.432760 0.673809 0.544298 0.669575 0.636236
76 0.728132 0.282406 0.704840 0.440059 0.727549 0.445935 0.682132 0.434183 0.727549 0.445935 0.712502 0.552750 0.697616 0.635916 0.682132 0.434183 0.676250 0.545966 0.669659 0.641571
77 0.727834 0.283759 0.705360 0.440710 0.728213 0.446079 0.682507 0.435340 0.728213 0.446079 0.712440 0.553286 0.697814 0.637248 0.682507 0.435340 0.677854 0.546638 0.670694 0.646613
78 0.726913 0.285007 0.705388 0.441791 0.728308 0.446235 0.682468 0.437348 0.728308 0.446235 0.712431 0.554122 0.697831 0.641349 0.682468 0.437348 0.679793 0.548028 0.672884 0.652214
79 0.726217 0.286820 0.705587 0.442596 0.728733 0.446349 0.682441 0.438843 0.728733 0.446349 0.712560 0.555244 0.697841 0.643414 0.682441 0.438843 0.681284 0.550739 0.674601 0.654807
80 0.725268 0.288366 0.705946 0.444715 0.729270 0.447727 0.682623 0.441703 0.729270 0.447727 0.712788 0.556542 0.698132 0.642789 0.682623 0.441703 0.682017 0.551925 0.675781 0.654992
81 0.723769 0.289268 0.705824 0.447305 0.729111 0.450550 0.682536 0.444059 0.729111 0.450550 0.712928 0.557782 0.698122 0.642473 0.682536 0.444059 0.680928 0.552865 0.675754 0.655254
82 0.722152 0.289681 0.705231 0.449462 0.728482 0.452863 0.681980 0.446061 0.728482 0.452863 0.713105 0.559517 0.698054 0.642542 0.681980 0.446061 0.680245 0.554760 0.675817 0.654272
83 0.720673 0.289924 0.704402 0.452245 0.727732 0.455355 0.681073 0.449134 0.727732 0.455355 0.713917 0.565765 0.697860 0.643502 0.681073 0.449134 0.679812 0.561432 0.676446 0.653836
84 0.718989 0.290474 0.703602 0.455759 0.727326 0.458774 0.679879 0.452744 0.727326 0.458774 0.715764 0.569528 0.698287 0.643630 0.679879 0.452744 0.679087 0.567523 0.676346 0.653262
85 0.717144 0.290927 0.703296 0.458156 0.727316 0.460701 0.679275 0.455611 0.727316 0.460701 0.720231 0.570434 0.698644 0.643497 0.679275 0.455611 0.678274 0.571680 0.675999 0.656048
86 0.715799 0.291235 0.703357 0.459247 0.727491 0.461330 0.679224 0.457165 0.727491 0.461330 0.724841 0.570013 0.699287 0.643438 0.679224 0.457165 0.678162 0.572118 0.675887 0.656863
87 0.715019 0.291315 0.703482 0.460543 0.727705 0.462355 0.679259 0.458730 0.727705 0.462355 0.726945 0.570230 0.700328 0.643634 0.679259 0.458730 0.678128 0.575146 0.675850 0.657380
88 0.714444 0.291455 0.703874 0.461539 0.728310 0.463058 0.679438 0.460020 0.728310 0.463058 0.728786 0.571794 0.703377 0.647368 0.679438 0.460020 0.678032 0.577353 0.675518 0.659331
89 0.714244 0.291654 0.704534 0.463248 0.729174 0.464233 0.679893 0.462262 0.729174 0.464233 0.730428 0.575237 0.708958 0.658210 0.679893 0.462262 0.678030 0.578911 0.675481 0.663140
90 0.714440 0.291978 0.705767 0.465721 0.730474 0.466378 0.681061 0.465064 0.730474 0.466378 0.732427 0.576944 0.713495 0.670432 0.681061 0.465064 0.678177 0.579502 0.675511 0.663507
91 0.714591 0.292202 0.706608 0.468128 0.731486 0.468586 0.681729 0.467669 0.731486 0.468586 0.733634 0.580869 0.718584 0.679871 0.681729 0.467669 0.678238 0.580854 0.676226 0.665053
92 0.715689 0.292674 0.707821 0.471384 0.732548 0.471500 0.683095 0.471267 0.732548 0.471500 0.735044 0.585810 0.725260 0.693481 0.683095 0.471267 0.678401 0.583527 0.676159 0.666174
93 0.717545 0.294328 0.709275 0.474964 0.733943 0.475042 0.684607 0.474887 0.733943 0.475042 0.736359 0.592426 0.733319 0.707023 0.684607 0.474887 0.678575 0.586494 0.676130 0.667875
94 0.720721 0.296683 0.711199 0.479166 0.735539 0.479188 0.686858 0.479144 0.735539 0.479188 0.738656 0.595158 0.741617 0.711570 0.686858 0.479144 0.678737 0.589435 0.675865 0.670903
95 0.724649 0.299123 0.713536 0.482620 0.738028 0.483380 0.689045 0.481860 0.738028 0.483380 0.739401 0.597798 0.746278 0.714871 0.689045 0.481860 0.678963 0.590058 0.675741 0.671165
96 0.729104 0.300644 0.716047 0.485220 0.740613 0.486453 0.691481 0.483987 0.740613 0.486453 0.740381 0.600482 0.749602 0.720657 0.691481 0.483987 0.679491 0.590503 0.675437 0.671623
97 0.734048 0.302659 0.719683 0.486083 0.744188 0.488160 0.695179 0.484005 0.744188 0.488160 0.741690 0.603773 0.749773 0.727433 0.695179 0.484005 0.680531 0.591944 0.674632 0.673513
98 0.738918 0.305592 0.723219 0.489972 0.747371 0.493050 0.699067 0.486895 0.747371 0.493050 0.743894 0.608825 0.750257 0.733234 0.699067 0.486895 0.681862 0.595038 0.673999 0.673983
99 0.745007 0.308040 0.726482 0.495180 0.750896 0.499212 0.702067 0.491147 0.750896 0.499212 0.747659 0.614048 0.749381 0.735366 0.702067 0.491147 0.683283 0.597676 0.673124 0.674978
100 0.751875 0.309619 0.731548 0.498518 0.755793 0.503033 0.707304 0.494003 0.755793 0.503033 0.752831 0.618870 0.749559 0.736355 0.707304 0.494003 0.685742 0.600292 0.672450 0.677631
101 0.758227 0.310880 0.737617 0.502134 0.761439 0.506314 0.713795 0.497953 0.761439 0.506314 0.755483 0.625171 0.749487 0.740279 0.713795 0.497953 0.690116 0.602077 0.671909 0.678329
102 0.763836 0.311736 0.743528 0.499956 0.767452 0.504186 0.719605 0.495726 0.767452 0.504186 0.758017 0.623196 0.748841 0.738151 0.719605 0.495726 0.697472 0.600278 0.671990 0.676609
103 0.769845 0.312662 0.748365 0.499910 0.771667 0.504361 0.725062 0.495458 0.771667 0.504361 0.760347 0.623728 0.749048 0.737928 0.725062 0.495458 0.703234 0.600356 0.672932 0.675442
104 0.774735 0.314273 0.752721 0.499853 0.777116 0.504755 0.728326 0.494950 0.777116 0.504755 0.762223 0.624061 0.748900 0.737350 0.728326 0.494950 0.710150 0.601836 0.676674 0.675381
105 0.779185 0.315377 0.754942 0.500520 0.779346 0.505562 0.730537 0.495477 0.779346 0.505562 0.762517 0.625554 0.749613 0.737698 0.730537 0.495477 0.715436 0.608103 0.680865 0.679274
106 0.783563 0.315764 0.757083 0.499569 0.780358 0.504290 0.733807 0.494848 0.780358 0.504290 0.763184 0.626591 0.749859 0.738303 0.733807 0.494848 0.724035 0.612674 0.687529 0.688528
107 0.787347 0.317381 0.759725 0.499622 0.783096 0.504721 0.736354 0.494524 0.783096 0.504721 0.765753 0.627417 0.750152 0.738397 0.736354 0.494524 0.731416 0.616715 0.696066 0.703675
108 0.791318 0.318438 0.763676 0.500236 0.785834 0.505191 0.741519 0.495281 0.785834 0.505191 0.767724 0.629426 0.750049 0.738097 0.741519 0.495281 0.739262 0.623223 0.705325 0.720997
109 0.795580 0.319470 0.769076 0.500887 0.789863 0.505278 0.748289 0.496496 0.789863 0.505278 0.771659 0.628122 0.748446 0.735069 0.748289 0.496496 0.754438 0.623576 0.720559 0.735083
110 0.799123 0.321479 0.773542 0.501480 0.794216 0.505035 0.752868 0.497925 0.794216 0.505035 0.774496 0.627253 0.748426 0.723720 0.752868 0.497925 0.763013 0.629124 0.739184 0.749088
111 0.803477 0.325910 0.778046 0.502030 0.799840 0.504788 0.756253 0.499271 0.799840 0.504788 0.789186 0.619791 0.751093 0.712684 0.756253 0.499271 0.768677 0.632185 0.748711 0.751692
112 0.809257 0.329405 0.782191 0.501996 0.802675 0.504056 0.761707 0.499936 0.802675 0.504056 0.800272 0.614428 0.758993 0.688117 0.761707 0.499936 0.774647 0.638077 0.766142 0.764515
113 0.814740 0.330983 0.788226 0.501396 0.806005 0.502754 0.770446 0.500039 0.806005 0.502754 0.796226 0.615071 0.756446 0.697267 0.770446 0.500039 0.780558 0.638765 0.779072 0.771987
114 0.819754 0.332873 0.790585 0.501680 0.807313 0.502734 0.773857 0.500627 0.807313 0.502734 0.789834 0.618826 0.755479 0.718195 0.773857 0.500627 0.785269 0.635961 0.785523 0.777167
115 0.825440 0.334767 0.796685 0.506619 0.811110 0.506407 0.782261 0.506832 0.811110 0.506407 0.789768 0.621812 0.754737 0.724872 0.782261 0.506832 0.790070 0.637104 0.788244 0.778983
116 0.828692 0.338198 0.800929 0.511428 0.814796 0.511131 0.787061 0.511726 0.814796 0.511131 0.794953 0.623204 0.755920 0.727377 0.787061 0.511726 0.794407 0.639299 0.788334 0.779840
117 0.833845 0.341460 0.807351 0.514102 0.821389 0.514319 0.793312 0.513885 0.821389 0.514319 0.804075 0.625839 0.756760 0.729351 0.793312 0.513885 0.798846 0.642996 0.788872 0.778640
118 0.836875 0.342073 0.811200 0.517254 0.824525 0.517494 0.797876 0.517015 0.824525 0.517494 0.813072 0.630832 0.757310 0.730868 0.797876 0.517015 0.803878 0.649730 0.788295 0.778629
119 0.842337 0.340878 0.814616 0.520579 0.827099 0.522575 0.802134 0.518584 0.827099 0.522575 0.818729 0.639766 0.763045 0.729986 0.802134 0.518584 0.809921 0.652475 0.789392 0.779414
120 0.850896 0.346357 0.817809 0.522254 0.824974 0.521976 0.810644 0.522531 0.824974 0.521976 0.820556 0.639750 0.770610 0.729755 0.810644 0.522531 0.813592 0.654582 0.789388 0.781769
121 0.855592 0.345060 0.822960 0.526439 0.821995 0.521358 0.823925 0.531521 0.821995 0.521358 0.818748 0.638451 0.778487 0.731717 0.823925 0.531521 0.816171 0.658453 0.788898 0.783472
122 0.859990 0.342700 0.825980 0.530557 0.821433 0.522773 0.830528 0.538342 0.821433 0.522773 0.819245 0.637608 0.789780 0.737264 0.830528 0.538342 0.816445 0.662148 0.789861 0.783255
123 0.863936 0.341979 0.831421 0.533415 0.832240 0.527992 0.830602 0.538838 0.832240 0.527992 0.835308 0.640938 0.802278 0.740503 0.830602 0.538838 0.819246 0.663630 0.788139 0.785055
124 0.867922 0.341763 0.838427 0.535616 0.842907 0.531940 0.833947 0.539292 0.842907 0.531940 0.849208 0.642545 0.812789 0.744478 0.833947 0.539292 0.822903 0.664364 0.787812 0.785932
125 0.872652 0.341027 0.844732 0.536319 0.851324 0.534183 0.838139 0.538454 0.851324 0.534183 0.860247 0.642547 0.838837 0.754604 0.838139 0.538454 0.827658 0.661886 0.787036 0.784138
126 0.876640 0.340445 0.847917 0.534332 0.849229 0.531979 0.846605 0.536685 0.849229 0.531979 0.874063 0.641797 0.867893 0.759512 0.846605 0.536685 0.833875 0.660607 0.789209 0.783375
127 0.881980 0.340168 0.855699 0.535398 0.855997 0.532340 0.855402 0.538456 0.855997 0.532340 0.878149 0.648878 0.887534 0.761629 0.855402 0.538456 0.835868 0.662273 0.790120 0.783059
128 0.890109 0.342135 0.859738 0.535341 0.860729 0.531932 0.858746 0.538751 0.860729 0.531932 0.894407 0.645319 0.901283 0.761153 0.858746 0.538751 0.836459 0.664861 0.789703 0.783508
129 0.896008 0.344168 0.869600 0.539583 0.871987 0.536453 0.867214 0.542713 0.871987 0.536453 0.891580 0.647582 0.894739 0.760099 0.867214 0.542713 0.842661 0.666823 0.790635 0.784279
130 0.901585 0.345974 0.874929 0.543502 0.879279 0.541678 0.870580 0.545326 0.879279 0.541678 0.905478 0.647603 0.910033 0.757598 0.870580 0.545326 0.843667 0.666833 0.791946 0.784031
131 0.908712 0.347481 0.882836 0.544558 0.886296 0.543663 0.879375 0.545453 0.886296 0.543663 0.909240 0.649974 0.911011 0.757227 0.879375 0.545453 0.849218 0.666035 0.793548 0.783760
132 0.917158 0.350820 0.890333 0.546074 0.895730 0.545658 0.884937 0.546491 0.895730 0.545658 0.918599 0.654048 0.912868 0.757322 0.884937 0.546491 0.855927 0.665439 0.795696 0.783565
133 0.923846 0.352094 0.893854 0.545055 0.896684 0.544391 0.891024 0.545718 0.896684 0.544391 0.902140 0.656261 0.909206 0.757207 0.891024 0.545718 0.865513 0.665412 0.797787 0.783043
134 0.931659 0.353688 0.899774 0.544451 0.903327 0.543283 0.896221 0.545618 0.903327 0.543283 0.922633 0.658537 0.917465 0.756934 0.896221 0.545618 0.874085 0.665129 0.804601 0.778380
135 0.936750 0.354334 0.909984 0.545373 0.912380 0.545469 0.907589 0.545277 0.912380 0.545469 0.924953 0.657326 0.913585 0.756710 0.907589 0.545277 0.885046 0.666224 0.812754 0.772222
136 -1 -1 -1 -1 -1 -1 -1 -1 -1 -1 -1 -1 -1 -1 -1 -1 -1 -1 -1 -1
137 -1 -1 -1 -1 -1 -1 -1 -1 -1 -1 -1 -1 -1 -1 -1 -1 -1 -1 -1 -1
138 -1 -1 -1 -1 -1 -1 -1 -1 -1 -1 -1 -1 -1 -1 -1 -1 -1 -1 -1 -1
139 -1 -1 -1 -1 -1 -1 -1 -1 -1 -1 -1 -1 -1 -1 -1 -1 -1 -1 -1 -1
140 -1 -1 -1 -1 -1 -1 -1 -1 -1 -1 -1 -1 -1 -1 -1 -1 -1 -1 -1 -1
141 -1 -1 -1 -1 -1 -1 -1 -1 -1 -1 -1 -1 -1 -1 -1 -1 -1 -1 -1 -1
142 -1 -1 -1 -1 -1 -1 -1 -1 -1 -1 -1 -1 -1 -1 -1 -1 -1 -1 -1 -1
143 -1 -1 -1 -1 -1 -1 -1 -1 -1 -1 -1 -1 -1 -1 -1 -1 -1 -1 -1 -1
144 -1 -1 -1 -1 -1 -1 -1 -1 -1 -1 -1 -1 -1 -1 -1 -1 -1 -1 -1 -1
145 -1 -1 -1 -1 -1 -1 -1 -1 -1 -1 -1 -1 -1 -1 -1 -1 -1 -1 -1 -1
146 -1 -1 -1 -1 -1 -1 -1 -1 -1 -1 -1 -1 -1 -1 -1 -1 -1 -1 -1 -1
147 -1 -1 -1 -1 -1 -1 -1 -1 -1 -1 -1 -1 -1 -1 -1 -1 -1 -1 -1 -1
148 -1 -1 -1 -1 -1 -1 -1 -1 -1 -1 -1 -1 -1 -1 -1 -1 -1 -1 -1 -1
149 -1 -1 -1 -1 -1 -1 -1 -1 -1 -1 -1 -1 -1 -1 -1 -1 -1 -1 -1 -1
150 -1 -1 -1 -1 -1 -1 -1 -1 -1 -1 -1 -1 -1 -1 -1 -1 -1 -1 -1 -1
151 -1 -1 -1 -1 -1 -1 -1 -1 -1 -1 -1 -1 -1 -1 -1 -1 -1 -1 -1 -1
152 -1 -1 -1 -1 -1 -1 -1 -1 -1 -1 -1 -1 -1 -1 -1 -1 -1 -1 -1 -1
153 -1 -1 -1 -1 -1 -1 -1 -1 -1 -1 -1 -1 -1 -1 -1 -1 -1 -1 -1 -1
154 -1 -1 -1 -1 -1 -1 -1 -1 -1 -1 -1 -1 -1 -1 -1 -1 -1 -1 -1 -1
155 -1 -1 -1 -1 -1 -1 -1 -1 -1 -1 -1 -1 -1 -1 -1 -1 -1 -1 -1 -1
156 -1 -1 -1 -1 -1 -1 -1 -1 -1 -1 -1 -1 -1 -1 -1 -1 -1 -1 -1 -1
157 -1 -1 -1 -1 -1 -1 -1 -1 -1 -1 -1 -1 -1 -1 -1 -1 -1 -1 -1 -1
158 -1 -1 -1 -1 -1 -1 -1 -1 -1 -1 -1 -1 -1 -1 -1 -1 -1 -1 -1 -1
159 -1 -1 -1 -1 -1 -1 -1 -1 -1 -1 -1 -1 -1 -1 -1 -1 -1 -1 -1 -1
160 -1 -1 -1 -1 -1 -1 -1 -1 -1 -1 -1 -1 -1 -1 -1 -1 -1 -1 -1 -1
161 -1 -1 -1 -1 -1 -1 -1 -1 -1 -1 -1 -1 -1 -1 -1 -1 -1 -1 -1 -1
162 -1 -1 -1 -1 -1 -1 -1 -1 -1 -1 -1 -1 -1 -1 -1 -1 -1 -1 -1 -1
163 0.966666 0.342436 0.933745 0.536679 0.960817 0.538669 0.906672 0.534689 0.960817 0.538669 0.940667 0.665225 0.921484 0.769699 0.906672 0.534689 0.895589 0.657146 0.877815 0.760159
164 0.960803 0.342428 0.930990 0.533519 0.958080 0.538578 0.903901 0.528460 0.958080 0.538578 0.936297 0.660309 0.921216 0.755006 0.903901 0.528460 0.891621 0.655602 0.877799 0.760992
165 0.947804 0.344502 0.924435 0.533806 0.950833 0.539080 0.898038 0.528533 0.950833 0.539080 0.933919 0.657540 0.921016 0.753825 0.898038 0.528533 0.887167 0.655211 0.877757 0.761522
166 0.940831 0.345413 0.921207 0.533919 0.946415 0.539093 0.895999 0.528744 0.946415 0.539093 0.932093 0.656443 0.919091 0.754225 0.895999 0.528744 0.884259 0.654917 0.877163 0.761612
167 0.938055 0.347235 0.917723 0.535224 0.943858 0.540884 0.891588 0.529564 0.943858 0.540884 0.932358 0.658055 0.917505 0.754551 0.891588 0.529564 0.881560 0.656285 0.876400 0.761880
168 0.934901 0.347135 0.915390 0.536521 0.942506 0.542207 0.888273 0.530834 0.942506 0.542207 0.932503 0.660802 0.917302 0.756850 0.888273 0.530834 0.879310 0.657543 0.876220 0.762281
169 0.930485 0.346916 0.912331 0.538871 0.940095 0.543715 0.884566 0.534026 0.940095 0.543715 0.932506 0.662910 0.917389 0.760269 0.884566 0.534026 0.879344 0.661136 0.876136 0.763456
170 0.926520 0.346686 0.909627 0.539914 0.938290 0.544326 0.880963 0.535503 0.938290 0.544326 0.932542 0.667573 0.917491 0.765337 0.880963 0.535503 0.877377 0.664188 0.876143 0.764219
171 0.921887 0.345247 0.905270 0.540457 0.934069 0.544891 0.876472 0.536022 0.934069 0.544891 0.930867 0.670994 0.917023 0.772387 0.876472 0.536022 0.874978 0.667229 0.875753 0.766078
172 0.919044 0.343695 0.902464 0.539865 0.931226 0.544535 0.873701 0.535194 0.931226 0.544535 0.927345 0.673082 0.913563 0.777094 0.873701 0.535194 0.872752 0.667705 0.875363 0.766150
173 0.916583 0.343227 0.900398 0.539568 0.928954 0.544462 0.871843 0.534675 0.928954 0.544462 0.922109 0.677898 0.906541 0.780803 0.871843 0.534675 0.870437 0.669437 0.875206 0.766405
174 0.913151 0.343337 0.897694 0.539315 0.925671 0.544355 0.869717 0.534275 0.925671 0.544355 0.916810 0.676755 0.897264 0.783045 0.869717 0.534275 0.868901 0.669278 0.874859 0.767647
175 0.910175 0.343406 0.894148 0.538396 0.921262 0.543579 0.867033 0.533213 0.921262 0.543579 0.907399 0.676446 0.888122 0.783022 0.867033 0.533213 0.866647 0.668822 0.874592 0.768170
176 0.906897 0.343400 0.892154 0.537005 0.918770 0.542449 0.865538 0.531562 0.918770 0.542449 0.902008 0.676225 0.880649 0.783859 0.865538 0.531562 0.864820 0.668041 0.872703 0.772795
177 0.903552 0.343452 0.891041 0.535872 0.916828 0.541095 0.865255 0.530648 0.916828 0.541095 0.898369 0.675797 0.873020 0.779069 0.865255 0.530648 0.864124 0.668358 0.868712 0.788732
178 0.899932 0.344115 0.884725 0.537151 0.908958 0.543096 0.860491 0.531205 0.908958 0.543096 0.882477 0.676469 0.853213 0.794294 0.860491 0.531205 0.858139 0.667774 0.857844 0.777867
179 0.896576 0.344891 0.879985 0.536740 0.903604 0.543076 0.856367 0.530404 0.903604 0.543076 0.870564 0.674113 0.839700 0.796822 0.856367 0.530404 0.854916 0.665105 0.854974 0.771387
180 0.892202 0.347332 0.868785 0.537219 0.887144 0.544009 0.850427 0.530429 0.887144 0.544009 0.853127 0.673135 0.819412 0.794968 0.850427 0.530429 0.854546 0.665096 0.855509 0.772164
181 0.887441 0.349570 0.863342 0.539257 0.881083 0.546308 0.845601 0.532205 0.881083 0.546308 0.843738 0.672282 0.799419 0.793273 0.845601 0.532205 0.852865 0.665467 0.857506 0.773506
182 0.880794 0.350613 0.861351 0.538668 0.876709 0.545354 0.845993 0.531981 0.876709 0.545354 0.835203 0.664710 0.787730 0.793172 0.845993 0.531981 0.851359 0.661213 0.862662 0.773215
183 0.873652 0.351674 0.855028 0.537820 0.867168 0.544540 0.842889 0.531100 0.867168 0.544540 0.826414 0.657427 0.781777 0.785721 0.842889 0.531100 0.849400 0.656778 0.865385 0.772310
184 0.867573 0.351304 0.849248 0.533729 0.861693 0.540665 0.836802 0.526793 0.861693 0.540665 0.820006 0.655089 0.776952 0.783171 0.836802 0.526793 0.849491 0.654665 0.870240 0.771587
185 0.860547 0.352000 0.842190 0.533798 0.850671 0.540739 0.833709 0.526856 0.850671 0.540739 0.813595 0.656075 0.773971 0.783180 0.833709 0.526856 0.845050 0.654042 0.873097 0.770883
186 0.855396 0.353519 0.834416 0.533378 0.840518 0.539669 0.828314 0.527086 0.840518 0.539669 0.802805 0.651925 0.771122 0.783127 0.828314 0.527086 0.836119 0.654096 0.874534 0.768844
187 0.846445 0.353945 0.828498 0.530905 0.832853 0.535399 0.824143 0.526411 0.832853 0.535399 0.796126 0.653264 0.769532 0.783496 0.824143 0.526411 0.823948 0.653169 0.874419 0.763631
188 0.837496 0.354018 0.818062 0.529957 0.826764 0.534731 0.809360 0.525184 0.826764 0.534731 0.789168 0.652632 0.768731 0.783508 0.809360 0.525184 0.811972 0.652229 0.871665 0.759866
189 0.829128 0.352756 0.810754 0.527729 0.821668 0.532044 0.799839 0.523413 0.821668 0.532044 0.782684 0.648791 0.769645 0.783344 0.799839 0.523413 0.800138 0.648404 0.863450 0.755052
190 0.820212 0.352461 0.804103 0.527299 0.809373 0.532650 0.798832 0.521947 0.809373 0.532650 0.776000 0.650061 0.767855 0.783334 0.798832 0.521947 0.794953 0.647689 0.849458 0.750890
191 0.809036 0.351093 0.797247 0.526748 0.801334 0.532120 0.793161 0.521375 0.801334 0.532120 0.771074 0.650444 0.770014 0.783479 0.793161 0.521375 0.786481 0.647328 0.828986 0.753056
192 0.799472 0.349388 0.791830 0.526807 0.797335 0.532426 0.786325 0.521188 0.797335 0.532426 0.769578 0.650969 0.772108 0.782810 0.786325 0.521188 0.777452 0.647110 0.803167 0.756251
193 0.794479 0.346179 0.789280 0.524951 0.797201 0.531059 0.781358 0.518843 0.797201 0.531059 0.765616 0.649358 0.774504 0.773349 0.781358 0.518843 0.767240 0.640148 0.782482 0.755971
194 0.782276 0.346173 0.786591 0.525340 0.790484 0.531366 0.782699 0.519314 0.790484 0.531366 0.758625 0.649800 0.775208 0.771226 0.782699 0.519314 0.764827 0.641528 0.777614 0.760904
195 0.776008 0.345438 0.782935 0.523826 0.790380 0.529196 0.775491 0.518456 0.790380 0.529196 0.751114 0.645305 0.773181 0.771315 0.775491 0.518456 0.752959 0.640486 0.778385 0.763141
196 0.765106 0.348234 0.776754 0.523505 0.779089 0.529563 0.774419 0.517447 0.779089 0.529563 0.745822 0.645948 0.770319 0.771545 0.774419 0.517447 0.749845 0.641117 0.780506 0.760385
197 0.756726 0.354834 0.771715 0.525856 0.774397 0.534126 0.769034 0.517586 0.774397 0.534126 0.743738 0.647066 0.768790 0.771653 0.769034 0.517586 0.751161 0.635456 0.776636 0.750950
198 0.748469 0.359683 0.768972 0.526919 0.775824 0.536032 0.762120 0.517806 0.775824 0.536032 0.740626 0.648517 0.768576 0.772391 0.762120 0.517806 0.748190 0.626644 0.771737 0.732198
199 0.739304 0.363429 0.762990 0.527819 0.769138 0.537665 0.756842 0.517972 0.769138 0.537665 0.738926 0.650489 0.767304 0.772930 0.756842 0.517972 0.743085 0.624052 0.774098 0.725282
200 0.728999 0.366694 0.756629 0.530993 0.759481 0.542202 0.753777 0.519784 0.759481 0.542202 0.735153 0.655814 0.765499 0.773146 0.753777 0.519784 0.734186 0.612894 0.754483 0.685897
201 0.719368 0.372891 0.748143 0.537509 0.755417 0.550160 0.740868 0.524858 0.755417 0.550160 0.732380 0.662633 0.763946 0.774751 0.740868 0.524858 0.717979 0.616724 0.757118 0.693293
202 0.708835 0.383444 0.738240 0.539038 0.751140 0.552258 0.725339 0.525818 0.751140 0.552258 0.727884 0.666148 0.763590 0.774863 0.725339 0.525818 0.691258 0.612651 0.742437 0.643602
203 0.695192 0.389867 0.733606 0.542118 0.743489 0.555067 0.723722 0.529169 0.743489 0.555067 0.724652 0.668970 0.759982 0.776840 0.723722 0.529169 0.690483 0.604094 0.714247 0.629606
204 0.679762 0.399561 0.723921 0.546093 0.737219 0.558604 0.710622 0.533582 0.737219 0.558604 0.715766 0.671894 0.757294 0.778935 0.710622 0.533582 0.674643 0.598691 0.682536 0.626595
205 0.667846 0.408815 0.714052 0.550145 0.729701 0.562802 0.698403 0.537489 0.729701 0.562802 0.707689 0.678761 0.754258 0.779613 0.698403 0.537489 0.649778 0.603336 0.692440 0.642844
206 0.656400 0.425636 0.703862 0.549563 0.724068 0.561664 0.683656 0.537462 0.724068 0.561664 0.701919 0.680086 0.749261 0.779265 0.683656 0.537462 0.643903 0.616693 0.700778 0.708274
207 0.642631 0.435888 0.694335 0.550053 0.714973 0.561853 0.673696 0.538252 0.714973 0.561853 0.703253 0.682372 0.748338 0.779150 0.673696 0.538252 0.638317 0.635449 0.686816 0.737745
208 0.627803 0.445016 0.683573 0.554013 0.704554 0.563946 0.662593 0.544080 0.704554 0.563946 0.700858 0.683703 0.747147 0.779321 0.662593 0.544080 0.631611 0.648631 0.679742 0.753310
209 0.610002 0.456058 0.672840 0.559391 0.693517 0.565110 0.652162 0.553672 0.693517 0.565110 0.694111 0.683240 0.745591 0.779148 0.652162 0.553672 0.626083 0.661692 0.679196 0.755574
210 0.587518 0.473940 0.657048 0.561443 0.679481 0.563836 0.634616 0.559051 0.679481 0.563836 0.689323 0.683977 0.742258 0.773607 0.634616 0.559051 0.621084 0.675025 0.676859 0.753957
211 0.572615 0.488582 0.644050 0.567796 0.665412 0.566652 0.622688 0.568939 0.665412 0.566652 0.683361 0.685053 0.735482 0.767290 0.622688 0.568939 0.613916 0.684635 0.674527 0.754752
212 0.547650 0.510489 0.635222 0.576342 0.655469 0.571737 0.614974 0.580947 0.655469 0.571737 0.676444 0.685478 0.732540 0.766219 0.614974 0.580947 0.597692 0.685743 0.672147 0.752665
213 0.526976 0.539666 0.624564 0.593465 0.642798 0.582691 0.606329 0.604240 0.642798 0.582691 0.670710 0.692968 0.734297 0.767540 0.606329 0.604240 0.589861 0.704356 0.670895 0.748707
214 0.507968 0.567136 0.610778 0.608545 0.627518 0.595321 0.594038 0.621769 0.627518 0.595321 0.666686 0.695609 0.734103 0.767879 0.594038 0.621769 0.583848 0.727298 0.667484 0.756320
215 0.485616 0.596218 0.590373 0.623587 0.606154 0.609274 0.574592 0.637900 0.606154 0.609274 0.655833 0.701721 0.732516 0.767787 0.574592 0.637900 0.570658 0.742460 0.661225 0.757456
216 0.466104 0.617680 0.572335 0.636974 0.583953 0.626828 0.560717 0.647119 0.583953 0.626828 0.639912 0.706495 0.725729 0.767050 0.560717 0.647119 0.569266 0.749361 0.657420 0.757811
217 0.446174 0.637457 0.549371 0.653765 0.561947 0.634802 0.536795 0.672728 0.561947 0.634802 0.626292 0.709219 0.712510 0.765970 0.536795 0.672728 0.570279 0.767299 0.653360 0.755162
218 0.439476 0.671806 0.539063 0.675460 0.550190 0.653532 0.527936 0.697387 0.550190 0.653532 0.611633 0.721012 0.700452 0.764069 0.527936 0.697387 0.570965 0.768873 0.656143 0.757143
219 0.426065 0.680694 0.522091 0.683088 0.530200 0.659473 0.513982 0.706703 0.530200 0.659473 0.595022 0.722618 0.689313 0.757655 0.513982 0.706703 0.574922 0.760968 0.658319 0.756860
220 0.412190 0.684854 0.513077 0.680512 0.519055 0.656337 0.507100 0.704688 0.519055 0.656337 0.587424 0.718726 0.677135 0.748165 0.507100 0.704688 0.573252 0.758785 0.652829 0.755978
221 0.406011 0.683089 0.508705 0.674639 0.514556 0.648550 0.502853 0.700728 0.514556 0.648550 0.586330 0.718589 0.678426 0.740017 0.502853 0.700728 0.567173 0.756620 0.651085 0.755280
222 0.397916 0.676763 0.503273 0.666406 0.509229 0.640683 0.497316 0.692128 0.509229 0.640683 0.587193 0.700428 0.676023 0.721741 0.497316 0.692128 0.562124 0.754295 0.635733 0.728303
223 0.395158 0.673061 0.499739 0.661963 0.505592 0.637244 0.493886 0.686681 0.505592 0.637244 0.586180 0.683471 0.672463 0.697395 0.493886 0.686681 0.555309 0.751859 0.619399 0.709660
224 0.391093 0.669016 0.499125 0.660074 0.504109 0.636543 0.494141 0.683605 0.504109 0.636543 0.587281 0.670117 0.672315 0.679091 0.494141 0.683605 0.553004 0.750040 0.618657 0.701832
225 0.388852 0.669608 0.498706 0.659396 0.503525 0.636399 0.493887 0.682394 0.503525 0.636399 0.588236 0.662987 0.676635 0.668347 0.493887 0.682394 0.550939 0.748677 0.617981 0.703261
226 0.388421 0.672330 0.497276 0.659649 0.501939 0.634695 0.492612 0.684602 0.501939 0.634695 0.588902 0.659359 0.674227 0.660007 0.492612 0.684602 0.548702 0.748654 0.618057 0.706409
227 0.384881 0.673636 0.494922 0.660959 0.499040 0.634454 0.490804 0.687465 0.499040 0.634454 0.588963 0.658274 0.671797 0.655688 0.490804 0.687465 0.549408 0.748281 0.619712 0.708369
228 0.383933 0.676870 0.493949 0.665229 0.497684 0.637353 0.490214 0.693105 0.497684 0.637353 0.586704 0.659427 0.667566 0.657694 0.490214 0.693105 0.552549 0.747882 0.622766 0.710765
229 0.383296 0.678089 0.495449 0.668370 0.498746 0.639765 0.492152 0.696975 0.498746 0.639765 0.587316 0.663056 0.667944 0.664318 0.492152 0.696975 0.555592 0.747522 0.625248 0.712738
230 0.383947 0.678014 0.496878 0.669322 0.500500 0.640269 0.493256 0.698376 0.500500 0.640269 0.587476 0.665412 0.669481 0.672550 0.493256 0.698376 0.555999 0.747963 0.625601 0.714002
231 0.385710 0.678176 0.497521 0.669808 0.501321 0.640821 0.493721 0.698795 0.501321 0.640821 0.588381 0.672569 0.666517 0.680940 0.493721 0.698795 0.561187 0.747894 0.633587 0.718961
232 0.387488 0.678620 0.499381 0.669488 0.503742 0.640314 0.495020 0.698663 0.503742 0.640314 0.588409 0.683076 0.666146 0.699927 0.495020 0.698663 0.566137 0.747731 0.636856 0.726431
233 0.389173 0.679420 0.500488 0.670068 0.505283 0.639865 0.495694 0.700271 0.505283 0.639865 0.588576 0.687709 0.662679 0.713384 0.495694 0.700271 0.569180 0.747754 0.640569 0.733013
234 0.390468 0.679017 0.501265 0.670572 0.506068 0.639807 0.496461 0.701338 0.506068 0.639807 0.592341 0.690887 0.661089 0.716133 0.496461 0.701338 0.571060 0.748425 0.644764 0.734323
235 0.391117 0.678660 0.501528 0.671133 0.506173 0.640256 0.496883 0.702010 0.506173 0.640256 0.596480 0.691423 0.662965 0.717362 0.496883 0.702010 0.572001 0.748865 0.645612 0.735677
236 0.391487 0.677979 0.502589 0.671355 0.507863 0.640498 0.497315 0.702211 0.507863 0.640498 0.599062 0.690270 0.663941 0.717928 0.497315 0.702211 0.572029 0.748368 0.646021 0.736054
237 0.391724 0.677460 0.502925 0.671731 0.508456 0.640873 0.497394 0.702589 0.508456 0.640873 0.599073 0.689237 0.662849 0.716630 0.497394 0.702589 0.571572 0.747252 0.647204 0.736114
238 0.392033 0.677136 0.503240 0.671582 0.508825 0.640744 0.497656 0.702421 0.508825 0.640744 0.598975 0.688741 0.662057 0.716167 0.497656 0.702421 0.571316 0.746342 0.647150 0.735931
239 0.392155 0.676482 0.503353 0.671360 0.508910 0.640508 0.497796 0.702212 0.508910 0.640508 0.598976 0.688314 0.661530 0.715773 0.497796 0.702212 0.571375 0.745658 0.647269 0.735719
240 0.392262 0.675925 0.503386 0.671050 0.509100 0.640093 0.497672 0.702007 0.509100 0.640093 0.598877 0.688021 0.661595 0.715702 0.497672 0.702007 0.571268 0.745039 0.647075 0.735645
241 0.392224 0.675283 0.503408 0.670667 0.509237 0.639536 0.497580 0.701797 0.509237 0.639536 0.598738 0.687962 0.661607 0.715554 0.497580 0.701797 0.571137 0.744484 0.647064 0.735491
242 0.392243 0.674853 0.503446 0.670467 0.509305 0.639072 0.497588 0.701862 0.509305 0.639072 0.598711 0.687882 0.661859 0.715615 0.497588 0.701862 0.573668 0.744390 0.647817 0.735535
243 0.392285 0.674548 0.503479 0.670463 0.509341 0.638934 0.497617 0.701992 0.509341 0.638934 0.599574 0.687733 0.662012 0.715980 0.497617 0.701992 0.573483 0.744353 0.648017 0.735534
244 0.392348 0.674548 0.503510 0.670541 0.509410 0.638911 0.497609 0.702171 0.509410 0.638911 0.600294 0.687577 0.662102 0.716638 0.497609 0.702171 0.573666 0.744382 0.647869 0.735663
245 0.392349 0.674482 0.503526 0.670701 0.509438 0.638903 0.497614 0.702498 0.509438 0.638903 0.600682 0.687463 0.662199 0.716944 0.497614 0.702498 0.572633 0.744376 0.647710 0.735758
246 0.392144 0.674615 0.503416 0.670694 0.509364 0.638889 0.497468 0.702498 0.509364 0.638889 0.599048 0.687381 0.662279 0.717188 0.497468 0.702498 0.572322 0.744373 0.647293 0.735807
247 0.392157 0.674563 0.503405 0.670667 0.509402 0.638876 0.497409 0.702457 0.509402 0.638876 0.598715 0.687322 0.662353 0.717194 0.497409 0.702457 0.572129 0.744380 0.646797 0.735850
248 0.392343 0.674547 0.503129 0.670648 0.509233 0.638868 0.497025 0.702428 0.509233 0.638868 0.598011 0.687279 0.662386 0.717308 0.497025 0.702428 0.571591 0.744394 0.646586 0.735839
249 0.392625 0.674533 0.503141 0.670606 0.509247 0.638844 0.497034 0.702368 0.509247 0.638844 0.598024 0.687234 0.662431 0.717339 0.497034 0.702368 0.571508 0.744401 0.646550 0.735820
250 0.392573 0.674500 0.503139 0.670542 0.509261 0.638803 0.497017 0.702280 0.509261 0.638803 0.598040 0.687175 0.662432 0.717375 0.497017 0.702280 0.571375 0.744378 0.646511 0.735806
251 0.392530 0.674389 0.503111 0.670523 0.509208 0.638792 0.497013 0.702254 0.509208 0.638792 0.597970 0.687062 0.662456 0.717492 0.497013 0.702254 0.571363 0.744377 0.646457 0.735785
252 0.392708 0.674388 0.503094 0.670508 0.509210 0.638783 0.496979 0.702234 0.509210 0.638783 0.597756 0.686933 0.662469 0.717522 0.496979 0.702234 0.571322 0.744380 0.646424 0.735776
253 0.392414 0.674344 0.502951 0.670530 0.509058 0.638824 0.496845 0.702236 0.509058 0.638824 0.597334 0.686827 0.662475 0.717583 0.496845 0.702236 0.571229 0.744385 0.646398 0.735768
254 0.392203 0.674354 0.502733 0.670540 0.508741 0.638853 0.496725 0.702226 0.508741 0.638853 0.596789 0.686725 0.662624 0.717596 0.496725 0.702226 0.571046 0.744398 0.646375 0.735797
255 0.392132 0.674292 0.502605 0.670537 0.508603 0.638855 0.496608 0.702218 0.508603 0.638855 0.596795 0.686466 0.662665 0.717608 0.496608 0.702218 0.570517 0.744400 0.646367 0.735808
256 0.392168 0.674232 0.502611 0.670484 0.508611 0.638857 0.496612 0.702111 0.508611 0.638857 0.596743 0.686413 0.662720 0.717611 0.496612 0.702111 0.570360 0.744401 0.646311 0.735809
257 0.392225 0.674139 0.502599 0.670423 0.508594 0.638815 0.496604 0.702032 0.508594 0.638815 0.595950 0.686257 0.662720 0.717606 0.496604 0.702032 0.570290 0.744397 0.646261 0.735730
258 0.392245 0.673900 0.502879 0.670427 0.508844 0.638830 0.496914 0.702024 0.508844 0.638830 0.595709 0.686243 0.662583 0.717604 0.496914 0.702024 0.570296 0.744463 0.646253 0.735682
259 0.392357 0.673705 0.503155 0.670416 0.509180 0.638834 0.497130 0.701998 0.509180 0.638834 0.595722 0.686223 0.662604 0.717647 0.497130 0.701998 0.570334 0.744539 0.646236 0.735613
260 0.392379 0.673468 0.503473 0.670400 0.509414 0.638827 0.497533 0.701973 0.509414 0.638827 0.595456 0.686209 0.662579 0.717400 0.497533 0.701973 0.570332 0.744538 0.646279 0.735677
261 0.392399 0.673354 0.503689 0.670377 0.509581 0.638844 0.497798 0.701911 0.509581 0.638844 0.595461 0.686198 0.662606 0.717397 0.497798 0.701911 0.570337 0.744542 0.646415 0.735700
262 0.392403 0.673297 0.503828 0.670374 0.509697 0.638853 0.497960 0.701894 0.509697 0.638853 0.595835 0.686150 0.662511 0.717310 0.497960 0.701894 0.570369 0.744538 0.646450 0.735698
263 0.392414 0.673236 0.504012 0.670428 0.509927 0.638971 0.498098 0.701885 0.509927 0.638971 0.597188 0.686138 0.662484 0.717299 0.498098 0.701885 0.570372 0.744523 0.646495 0.735701
264 0.392418 0.673256 0.504038 0.670447 0.509956 0.639022 0.498120 0.701872 0.509956 0.639022 0.597261 0.686144 0.662519 0.717312 0.498120 0.701872 0.572112 0.744524 0.646534 0.735744
265 0.392377 0.673255 0.504038 0.670455 0.509957 0.639044 0.498119 0.701865 0.509957 0.639044 0.597281 0.686137 0.662555 0.717307 0.498119 0.701865 0.572839 0.744519 0.646568 0.735741
266 0.392356 0.673307 0.504020 0.670471 0.509939 0.639054 0.498100 0.701888 0.509939 0.639054 0.597135 0.686132 0.662631 0.717306 0.498100 0.701888 0.572488 0.744488 0.646586 0.735764
267 0.392250 0.673229 0.503978 0.670484 0.509879 0.639079 0.498077 0.701889 0.509879 0.639079 0.596939 0.686025 0.662684 0.717312 0.498077 0.701889 0.572287 0.744487 0.646611 0.735785
268 0.392156 0.673154 0.503888 0.670514 0.509789 0.639140 0.497986 0.701887 0.509789 0.639140 0.596976 0.686021 0.662786 0.717348 0.497986 0.701887 0.572146 0.744488 0.646611 0.735769
269 0.392225 0.673115 0.503883 0.670521 0.509777 0.639158 0.497989 0.701884 0.509777 0.639158 0.596584 0.686022 0.662864 0.717347 0.497989 0.701884 0.572096 0.744591 0.646607 0.735743
270 0.392358 0.673126 0.504086 0.670554 0.509946 0.639186 0.498226 0.701922 0.509946 0.639186 0.597314 0.686206 0.662863 0.717380 0.498226 0.701922 0.572055 0.744713 0.645791 0.734735
271 0.392512 0.673131 0.504270 0.670588 0.510084 0.639244 0.498456 0.701932 0.510084 0.639244 0.597296 0.686207 0.662851 0.717360 0.498456 0.701932 0.571132 0.744716 0.645100 0.734618
272 0.392583 0.673173 0.504390 0.670615 0.510193 0.639277 0.498587 0.701953 0.510193 0.639277 0.597443 0.686371 0.662801 0.717360 0.498587 0.701953 0.572597 0.744782 0.644832 0.734349
273 0.392699 0.673264 0.504565 0.670651 0.510264 0.639335 0.498865 0.701968 0.510264 0.639335 0.597662 0.686505 0.662786 0.717349 0.498865 0.701968 0.572536 0.744802 0.644665 0.734075
274 0.392899 0.673256 0.504701 0.670584 0.510404 0.639338 0.498998 0.701831 0.510404 0.639338 0.597759 0.686526 0.662778 0.717346 0.498998 0.701831 0.572306 0.744833 0.644682 0.734012
275 0.392793 0.673297 0.504771 0.670546 0.510433 0.639321 0.499109 0.701770 0.510433 0.639321 0.597586 0.686198 0.662530 0.717241 0.499109 0.701770 0.571776 0.744842 0.644691 0.733749
276 0.392766 0.673302 0.504773 0.670457 0.510435 0.639296 0.499110 0.701617 0.510435 0.639296 0.597409 0.685917 0.662463 0.717213 0.499110 0.701617 0.571163 0.744832 0.644693 0.733732
277 0.392792 0.673313 0.504809 0.670412 0.510472 0.639241 0.499146 0.701582 0.510472 0.639241 0.597303 0.685905 0.662460 0.717182 0.499146 0.701582 0.571121 0.744757 0.644730 0.733734
278 0.392894 0.673470 0.504810 0.670372 0.510473 0.639239 0.499148 0.701506 0.510473 0.639239 0.597303 0.685860 0.662297 0.717164 0.499148 0.701506 0.571161 0.744558 0.645321 0.733783
279 0.392883 0.673476 0.504811 0.670390 0.510473 0.639265 0.499149 0.701515 0.510473 0.639265 0.597300 0.685871 0.662259 0.717149 0.499149 0.701515 0.571157 0.744398 0.645528 0.734112
280 0.392880 0.673525 0.504846 0.670450 0.510508 0.639326 0.499184 0.701573 0.510508 0.639326 0.597302 0.685869 0.662341 0.717194 0.499184 0.701573 0.571244 0.744392 0.645764 0.734226
281 0.392890 0.673532 0.504870 0.670445 0.510546 0.639318 0.499195 0.701573 0.510546 0.639318 0.597291 0.685991 0.662594 0.717264 0.499195 0.701573 0.571315 0.744434 0.645717 0.734387
282 0.392859 0.673654 0.504601 0.670467 0.510258 0.639323 0.498944 0.701611 0.510258 0.639323 0.597432 0.686206 0.662724 0.717275 0.498944 0.701611 0.571248 0.744631 0.645716 0.734313
283 0.392830 0.673703 0.504382 0.670471 0.510032 0.639324 0.498732 0.701618 0.510032 0.639324 0.597442 0.686296 0.662775 0.717292 0.498732 0.701618 0.571097 0.744722 0.645688 0.734216
284 0.392800 0.673792 0.504050 0.670473 0.509661 0.639307 0.498440 0.701638 0.509661 0.639307 0.597248 0.686301 0.662773 0.717219 0.498440 0.701638 0.570953 0.744756 0.645626 0.734253
285 0.392736 0.673829 0.503818 0.670491 0.509443 0.639332 0.498192 0.701650 0.509443 0.639332 0.597037 0.686302 0.662800 0.717236 0.498192 0.701650 0.570953 0.744716 0.645417 0.734254
286 0.392557 0.673895 0.503593 0.670511 0.509165 0.639346 0.498021 0.701677 0.509165 0.639346 0.596762 0.686306 0.663087 0.717258 0.498021 0.701677 0.570959 0.744809 0.645386 0.734327
287 0.392475 0.673892 0.503551 0.670489 0.509143 0.639337 0.497958 0.701641 0.509143 0.639337 0.596780 0.686371 0.663502 0.717416 0.497958 0.701641 0.571052 0.744844 0.645226 0.734225
288 0.392386 0.673892 0.503509 0.670492 0.509096 0.639342 0.497923 0.701642 0.509096 0.639342 0.596599 0.686369 0.663515 0.717415 0.497923 0.701642 0.571221 0.744869 0.645250 0.734226
289 0.392376 0.673758 0.503514 0.670500 0.509104 0.639371 0.497924 0.701630 0.509104 0.639371 0.596597 0.686337 0.663534 0.717433 0.497924 0.701630 0.571280 0.744894 0.645264 0.734233
290 0.392241 0.673675 0.503499 0.670542 0.509078 0.639467 0.497920 0.701616 0.509078 0.639467 0.596677 0.686356 0.663652 0.717444 0.497920 0.701616 0.571265 0.745081 0.645147 0.734233
291 0.392126 0.673570 0.503485 0.670561 0.509060 0.639505 0.497911 0.701617 0.509060 0.639505 0.596669 0.686333 0.663826 0.717445 0.497911 0.701617 0.571276 0.745128 0.645119 0.734178
292 0.392119 0.673430 0.503485 0.670529 0.509060 0.639514 0.497911 0.701544 0.509060 0.639514 0.596392 0.686343 0.664051 0.717455 0.497911 0.701544 0.570880 0.745147 0.644948 0.734182
293 0.392113 0.673437 0.503485 0.670535 0.509066 0.639522 0.497904 0.701548 0.509066 0.639522 0.596416 0.686396 0.663952 0.717411 0.497904 0.701548 0.570910 0.745216 0.644773 0.734127
294 0.392277 0.673480 0.503901 0.670512 0.509510 0.639491 0.498291 0.701534 0.509510 0.639491 0.596418 0.686325 0.663798 0.717410 0.498291 0.701534 0.572978 0.745544 0.643922 0.733152
295 0.392387 0.673576 0.504058 0.670513 0.509708 0.639492 0.498408 0.701534 0.509708 0.639492 0.596419 0.686167 0.663402 0.717306 0.498408 0.701534 0.573985 0.745653 0.643814 0.732653
296 0.392439 0.673659 0.504039 0.670521 0.509700 0.639491 0.498378 0.701552 0.509700 0.639491 0.596433 0.686005 0.662921 0.717145 0.498378 0.701552 0.574342 0.745646 0.643840 0.732375
297 0.392486 0.673716 0.504048 0.670537 0.509719 0.639492 0.498377 0.701583 0.509719 0.639492 0.596545 0.685921 0.662928 0.717155 0.498377 0.701583 0.574643 0.745738 0.643859 0.732193
298 0.392490 0.673789 0.504011 0.670548 0.509680 0.639491 0.498342 0.701606 0.509680 0.639491 0.596506 0.685907 0.662931 0.717092 0.498342 0.701606 0.575125 0.745731 0.643958 0.732226
299 0.392486 0.673818 0.503937 0.670569 0.509626 0.639492 0.498247 0.701646 0.509626 0.639492 0.596577 0.685814 0.662684 0.716963 0.498247 0.701646 0.574247 0.745693 0.644162 0.732571
300 0.392495 0.674098 0.503927 0.670716 0.509625 0.639507 0.498229 0.701925 0.509625 0.639507 0.596828 0.685797 0.662656 0.716937 0.498229 0.701925 0.574655 0.745809 0.644174 0.732606
301 0.392527 0.674359 0.503955 0.670852 0.509671 0.639539 0.498240 0.702166 0.509671 0.639539 0.597215 0.685782 0.662643 0.716932 0.498240 0.702166 0.575161 0.745797 0.645014 0.732769
302 0.392685 0.674421 0.504068 0.670898 0.509826 0.639557 0.498311 0.702239 0.509826 0.639557 0.597417 0.685780 0.662449 0.716907 0.498311 0.702239 0.575217 0.745710 0.645339 0.732889
303 0.392806 0.674421 0.504210 0.670883 0.509964 0.639560 0.498457 0.702206 0.509964 0.639560 0.597485 0.685824 0.662425 0.716874 0.498457 0.702206 0.573919 0.745714 0.645584 0.733813
304 0.392933 0.674430 0.504368 0.670876 0.510084 0.639553 0.498653 0.702198 0.510084 0.639553 0.598047 0.685831 0.662414 0.716787 0.498653 0.702198 0.574141 0.745668 0.646090 0.734168
