375
404
0 -1 -1 -1 -1 -1 -1 -1 -1 -1 -1 -1 -1 -1 -1 -1 -1 -1 -1 -1 -1
1 -1 -1 -1 -1 -1 -1 -1 -1 -1 -1 -1 -1 -1 -1 -1 -1 -1 -1 -1 -1
2 -1 -1 -1 -1 -1 -1 -1 -1 -1 -1 -1 -1 -1 -1 -1 -1 -1 -1 -1 -1
3 -1 -1 -1 -1 -1 -1 -1 -1 -1 -1 -1 -1 -1 -1 -1 -1 -1 -1 -1 -1
4 -1 -1 -1 -1 -1 -1 -1 -1 -1 -1 -1 -1 -1 -1 -1 -1 -1 -1 -1 -1
5 -1 -1 -1 -1 -1 -1 -1 -1 -1 -1 -1 -1 -1 -1 -1 -1 -1 -1 -1 -1
6 -1 -1 -1 -1 -1 -1 -1 -1 -1 -1 -1 -1 -1 -1 -1 -1 -1 -1 -1 -1
7 -1 -1 -1 -1 -1 -1 -1 -1 -1 -1 -1 -1 -1 -1 -1 -1 -1 -1 -1 -1
8 -1 -1 -1 -1 -1 -1 -1 -1 -1 -1 -1 -1 -1 -1 -1 -1 -1 -1 -1 -1
9 -1 -1 -1 -1 -1 -1 -1 -1 -1 -1 -1 -1 -1 -1 -1 -1 -1 -1 -1 -1
10 -1 -1 -1 -1 -1 -1 -1 -1 -1 -1 -1 -1 -1 -1 -1 -1 -1 -1 -1 -1
11 -1 -1 -1 -1 -1 -1 -1 -1 -1 -1 -1 -1 -1 -1 -1 -1 -1 -1 -1 -1
12 -1 -1 -1 -1 -1 -1 -1 -1 -1 -1 -1 -1 -1 -1 -1 -1 -1 -1 -1 -1
13 -1 -1 -1 -1 -1 -1 -1 -1 -1 -1 -1 -1 -1 -1 -1 -1 -1 -1 -1 -1
14 -1 -1 -1 -1 -1 -1 -1 -1 -1 -1 -1 -1 -1 -1 -1 -1 -1 -1 -1 -1
15 -1 -1 -1 -1 -1 -1 -1 -1 -1 -1 -1 -1 -1 -1 -1 -1 -1 -1 -1 -1
16 -1 -1 -1 -1 -1 -1 -1 -1 -1 -1 -1 -1 -1 -1 -1 -1 -1 -1 -1 -1
17 -1 -1 -1 -1 -1 -1 -1 -1 -1 -1 -1 -1 -1 -1 -1 -1 -1 -1 -1 -1
18 -1 -1 -1 -1 -1 -1 -1 -1 -1 -1 -1 -1 -1 -1 -1 -1 -1 -1 -1 -1
19 -1 -1 -1 -1 -1 -1 -1 -1 -1 -1 -1 -1 -1 -1 -1 -1 -1 -1 -1 -1
20 -1 -1 -1 -1 -1 -1 -1 -1 -1 -1 -1 -1 -1 -1 -1 -1 -1 -1 -1 -1
21 -1 -1 -1 -1 -1 -1 -1 -1 -1 -1 -1 -1 -1 -1 -1 -1 -1 -1 -1 -1
22 -1 -1 -1 -1 -1 -1 -1 -1 -1 -1 -1 -1 -1 -1 -1 -1 -1 -1 -1 -1
23 -1 -1 -1 -1 -1 -1 -1 -1 -1 -1 -1 -1 -1 -1 -1 -1 -1 -1 -1 -1
24 0.936255 0.554355 0.916716 0.850792 0.934794 0.861253 0.898637 0.840331 0.934794 0.861253 0.894148 0.999351 0.881522 1.207282 0.898637 0.840331 0.879287 1.024160 0.878560 1.182893
25 0.941975 0.565454 0.910799 0.886965 0.921780 0.896559 0.899819 0.877372 0.921780 0.896559 0.878585 1.099793 0.873009 1.263132 0.899819 0.877372 0.877111 1.092044 0.873939 1.275805
26 0.946157 0.567242 0.911126 0.894496 0.919261 0.904887 0.902992 0.884104 0.919261 0.904887 0.878965 1.107834 0.866691 1.277195 0.902992 0.884104 0.872742 1.099948 0.868143 1.282245
27 0.944865 0.566689 0.912902 0.887331 0.919695 0.898906 0.906110 0.875756 0.919695 0.898906 0.880721 1.093954 0.868252 1.265991 0.906110 0.875756 0.863619 1.087700 0.859769 1.274576
28 0.944672 0.565530 0.913544 0.887934 0.920366 0.899928 0.906722 0.875939 0.920366 0.899928 0.882585 1.099206 0.868732 1.270067 0.906722 0.875939 0.862075 1.089192 0.859980 1.277301
29 0.944984 0.561049 0.914443 0.885761 0.921264 0.897553 0.907621 0.873970 0.921264 0.897553 0.883297 1.093769 0.869416 1.265934 0.907621 0.873970 0.863479 1.087562 0.861720 1.278203
30 -1 -1 -1 -1 -1 -1 -1 -1 -1 -1 -1 -1 -1 -1 -1 -1 -1 -1 -1 -1
31 -1 -1 -1 -1 -1 -1 -1 -1 -1 -1 -1 -1 -1 -1 -1 -1 -1 -1 -1 -1
32 -1 -1 -1 -1 -1 -1 -1 -1 -1 -1 -1 -1 -1 -1 -1 -1 -1 -1 -1 -1
33 -1 -1 -1 -1 -1 -1 -1 -1 -1 -1 -1 -1 -1 -1 -1 -1 -1 -1 -1 -1
34 -1 -1 -1 -1 -1 -1 -1 -1 -1 -1 -1 -1 -1 -1 -1 -1 -1 -1 -1 -1
35 -1 -1 -1 -1 -1 -1 -1 -1 -1 -1 -1 -1 -1 -1 -1 -1 -1 -1 -1 -1
36 -1 -1 -1 -1 -1 -1 -1 -1 -1 -1 -1 -1 -1 -1 -1 -1 -1 -1 -1 -1
37 -1 -1 -1 -1 -1 -1 -1 -1 -1 -1 -1 -1 -1 -1 -1 -1 -1 -1 -1 -1
38 -1 -1 -1 -1 -1 -1 -1 -1 -1 -1 -1 -1 -1 -1 -1 -1 -1 -1 -1 -1
39 -1 -1 -1 -1 -1 -1 -1 -1 -1 -1 -1 -1 -1 -1 -1 -1 -1 -1 -1 -1
40 -1 -1 -1 -1 -1 -1 -1 -1 -1 -1 -1 -1 -1 -1 -1 -1 -1 -1 -1 -1
41 -1 -1 -1 -1 -1 -1 -1 -1 -1 -1 -1 -1 -1 -1 -1 -1 -1 -1 -1 -1
42 -1 -1 -1 -1 -1 -1 -1 -1 -1 -1 -1 -1 -1 -1 -1 -1 -1 -1 -1 -1
43 -1 -1 -1 -1 -1 -1 -1 -1 -1 -1 -1 -1 -1 -1 -1 -1 -1 -1 -1 -1
44 -1 -1 -1 -1 -1 -1 -1 -1 -1 -1 -1 -1 -1 -1 -1 -1 -1 -1 -1 -1
45 -1 -1 -1 -1 -1 -1 -1 -1 -1 -1 -1 -1 -1 -1 -1 -1 -1 -1 -1 -1
46 -1 -1 -1 -1 -1 -1 -1 -1 -1 -1 -1 -1 -1 -1 -1 -1 -1 -1 -1 -1
47 -1 -1 -1 -1 -1 -1 -1 -1 -1 -1 -1 -1 -1 -1 -1 -1 -1 -1 -1 -1
48 -1 -1 -1 -1 -1 -1 -1 -1 -1 -1 -1 -1 -1 -1 -1 -1 -1 -1 -1 -1
49 -1 -1 -1 -1 -1 -1 -1 -1 -1 -1 -1 -1 -1 -1 -1 -1 -1 -1 -1 -1
50 -1 -1 -1 -1 -1 -1 -1 -1 -1 -1 -1 -1 -1 -1 -1 -1 -1 -1 -1 -1
51 -1 -1 -1 -1 -1 -1 -1 -1 -1 -1 -1 -1 -1 -1 -1 -1 -1 -1 -1 -1
52 -1 -1 -1 -1 -1 -1 -1 -1 -1 -1 -1 -1 -1 -1 -1 -1 -1 -1 -1 -1
53 -1 -1 -1 -1 -1 -1 -1 -1 -1 -1 -1 -1 -1 -1 -1 -1 -1 -1 -1 -1
54 -1 -1 -1 -1 -1 -1 -1 -1 -1 -1 -1 -1 -1 -1 -1 -1 -1 -1 -1 -1
55 -1 -1 -1 -1 -1 -1 -1 -1 -1 -1 -1 -1 -1 -1 -1 -1 -1 -1 -1 -1
56 -1 -1 -1 -1 -1 -1 -1 -1 -1 -1 -1 -1 -1 -1 -1 -1 -1 -1 -1 -1
57 -1 -1 -1 -1 -1 -1 -1 -1 -1 -1 -1 -1 -1 -1 -1 -1 -1 -1 -1 -1
58 -1 -1 -1 -1 -1 -1 -1 -1 -1 -1 -1 -1 -1 -1 -1 -1 -1 -1 -1 -1
59 -1 -1 -1 -1 -1 -1 -1 -1 -1 -1 -1 -1 -1 -1 -1 -1 -1 -1 -1 -1
60 -1 -1 -1 -1 -1 -1 -1 -1 -1 -1 -1 -1 -1 -1 -1 -1 -1 -1 -1 -1
61 -1 -1 -1 -1 -1 -1 -1 -1 -1 -1 -1 -1 -1 -1 -1 -1 -1 -1 -1 -1
62 -1 -1 -1 -1 -1 -1 -1 -1 -1 -1 -1 -1 -1 -1 -1 -1 -1 -1 -1 -1
63 -1 -1 -1 -1 -1 -1 -1 -1 -1 -1 -1 -1 -1 -1 -1 -1 -1 -1 -1 -1
64 -1 -1 -1 -1 -1 -1 -1 -1 -1 -1 -1 -1 -1 -1 -1 -1 -1 -1 -1 -1
65 -1 -1 -1 -1 -1 -1 -1 -1 -1 -1 -1 -1 -1 -1 -1 -1 -1 -1 -1 -1
66 -1 -1 -1 -1 -1 -1 -1 -1 -1 -1 -1 -1 -1 -1 -1 -1 -1 -1 -1 -1
67 -1 -1 -1 -1 -1 -1 -1 -1 -1 -1 -1 -1 -1 -1 -1 -1 -1 -1 -1 -1
68 -1 -1 -1 -1 -1 -1 -1 -1 -1 -1 -1 -1 -1 -1 -1 -1 -1 -1 -1 -1
69 -1 -1 -1 -1 -1 -1 -1 -1 -1 -1 -1 -1 -1 -1 -1 -1 -1 -1 -1 -1
70 -1 -1 -1 -1 -1 -1 -1 -1 -1 -1 -1 -1 -1 -1 -1 -1 -1 -1 -1 -1
71 -1 -1 -1 -1 -1 -1 -1 -1 -1 -1 -1 -1 -1 -1 -1 -1 -1 -1 -1 -1
72 -1 -1 -1 -1 -1 -1 -1 -1 -1 -1 -1 -1 -1 -1 -1 -1 -1 -1 -1 -1
73 0.869417 0.423685 0.839352 0.669959 0.805991 0.665741 0.872712 0.674178 0.805991 0.665741 0.783621 0.801951 0.792116 0.956072 0.872712 0.674178 0.835677 0.818953 0.813541 0.962669
74 0.869672 0.421430 0.837660 0.665782 0.805233 0.660635 0.870086 0.670929 0.805233 0.660635 0.781018 0.790799 0.789155 0.934870 0.870086 0.670929 0.836200 0.813383 0.814785 0.956544
75 0.869414 0.419027 0.837016 0.658377 0.804700 0.653091 0.869331 0.663663 0.804700 0.653091 0.778698 0.775549 0.782534 0.919685 0.869331 0.663663 0.836639 0.806204 0.814518 0.954730
76 0.868980 0.414996 0.835807 0.650924 0.803390 0.645470 0.868223 0.656377 0.803390 0.645470 0.777736 0.764465 0.774897 0.911743 0.868223 0.656377 0.836754 0.794971 0.815380 0.954244
77 0.867503 0.411432 0.834264 0.645252 0.801882 0.639088 0.866646 0.651416 0.801882 0.639088 0.774691 0.755414 0.764317 0.905191 0.866646 0.651416 0.836907 0.793080 0.815851 0.958382
78 0.865378 0.407043 0.833535 0.639001 0.801400 0.631680 0.865670 0.646323 0.801400 0.631680 0.772779 0.751199 0.756547 0.894280 0.865670 0.646323 0.837192 0.791414 0.816077 0.956741
79 0.861561 0.404799 0.832415 0.636861 0.801013 0.629085 0.863817 0.644636 0.801013 0.629085 0.772442 0.742660 0.750987 0.873147 0.863817 0.644636 0.837022 0.792281 0.815946 0.957732
80 0.858682 0.402529 0.829425 0.635906 0.799418 0.628059 0.859432 0.643753 0.799418 0.628059 0.773232 0.733747 0.749671 0.847326 0.859432 0.643753 0.836398 0.794226 0.815401 0.958637
81 0.854824 0.403137 0.826040 0.635215 0.797294 0.627109 0.854787 0.643322 0.797294 0.627109 0.773823 0.722619 0.749669 0.822898 0.854787 0.643322 0.834794 0.795838 0.815364 0.959344
82 0.851588 0.403152 0.822858 0.633154 0.794629 0.624916 0.851087 0.641391 0.794629 0.624916 0.772598 0.720115 0.748765 0.818888 0.851087 0.641391 0.833347 0.793839 0.814751 0.960071
83 0.847931 0.402558 0.819556 0.629453 0.791355 0.621341 0.847757 0.637565 0.791355 0.621341 0.771089 0.715852 0.748908 0.817116 0.847757 0.637565 0.831657 0.785699 0.814814 0.956706
84 0.843704 0.401378 0.817061 0.623966 0.789167 0.615579 0.844955 0.632353 0.789167 0.615579 0.769145 0.709226 0.749333 0.816710 0.844955 0.632353 0.828664 0.773147 0.815073 0.935195
85 0.837546 0.397241 0.814492 0.616852 0.786555 0.609784 0.842429 0.623919 0.786555 0.609784 0.767401 0.710970 0.749969 0.818673 0.842429 0.623919 0.825283 0.762234 0.815165 0.920711
86 0.833245 0.389924 0.811442 0.608807 0.783204 0.601605 0.839681 0.616009 0.783204 0.601605 0.763858 0.708170 0.750414 0.817487 0.839681 0.616009 0.822053 0.755050 0.815065 0.916229
87 0.828058 0.382135 0.808540 0.597098 0.780168 0.591333 0.836913 0.602863 0.780168 0.591333 0.762483 0.708391 0.749535 0.821200 0.836913 0.602863 0.817992 0.741013 0.815104 0.903834
88 0.823810 0.376176 0.805171 0.588621 0.776553 0.582834 0.833789 0.594409 0.776553 0.582834 0.760300 0.703776 0.748605 0.816903 0.833789 0.594409 0.817203 0.730034 0.815131 0.891700
89 0.818885 0.374093 0.802776 0.586794 0.774162 0.581409 0.831390 0.592178 0.774162 0.581409 0.758752 0.702431 0.748155 0.818451 0.831390 0.592178 0.817267 0.723980 0.814437 0.876291
90 0.816672 0.371793 0.799482 0.584660 0.771348 0.580012 0.827616 0.589308 0.771348 0.580012 0.757828 0.701950 0.748678 0.821744 0.827616 0.589308 0.817333 0.716052 0.812607 0.860769
91 0.813198 0.369163 0.797691 0.579478 0.769882 0.575494 0.825500 0.583462 0.769882 0.575494 0.757505 0.699051 0.749010 0.821631 0.825500 0.583462 0.816128 0.708885 0.809020 0.848508
92 0.810969 0.365519 0.795256 0.572251 0.768156 0.569189 0.822355 0.575313 0.768156 0.569189 0.757744 0.693218 0.749190 0.821185 0.822355 0.575313 0.814434 0.700664 0.803708 0.838510
93 0.809852 0.363543 0.794822 0.563495 0.767802 0.559801 0.821842 0.567189 0.767802 0.559801 0.758257 0.686630 0.748825 0.820602 0.821842 0.567189 0.813101 0.695133 0.801719 0.834733
94 0.809608 0.361156 0.793582 0.560927 0.767158 0.557077 0.820005 0.564778 0.767158 0.557077 0.758587 0.683086 0.748941 0.819266 0.820005 0.564778 0.810947 0.691582 0.800412 0.832135
95 0.809815 0.358446 0.791720 0.557499 0.765847 0.553801 0.817593 0.561196 0.765847 0.553801 0.758594 0.679834 0.748938 0.817718 0.817593 0.561196 0.809459 0.685952 0.800992 0.819512
96 0.809652 0.358657 0.790081 0.555595 0.764845 0.552114 0.815318 0.559076 0.764845 0.552114 0.758778 0.679114 0.748861 0.813160 0.815318 0.559076 0.807742 0.681934 0.801772 0.809490
97 0.809864 0.358348 0.789309 0.555140 0.764463 0.551802 0.814155 0.558477 0.764463 0.551802 0.758841 0.678088 0.748901 0.810457 0.814155 0.558477 0.806088 0.678174 0.803006 0.795862
98 0.810315 0.358102 0.789266 0.556976 0.764990 0.553769 0.813542 0.560184 0.764990 0.553769 0.760094 0.678759 0.749136 0.810609 0.813542 0.560184 0.806123 0.676304 0.805265 0.786860
99 0.811803 0.356794 0.789592 0.554020 0.765524 0.550918 0.813659 0.557122 0.765524 0.550918 0.760924 0.677813 0.749873 0.809716 0.813659 0.557122 0.806670 0.669978 0.809064 0.775767
100 0.813215 0.355388 0.790201 0.549065 0.765851 0.545624 0.814552 0.552506 0.765851 0.545624 0.761521 0.675644 0.751034 0.808041 0.814552 0.552506 0.807080 0.664644 0.811727 0.762761
101 0.815841 0.355291 0.790690 0.546539 0.766170 0.542856 0.815211 0.550223 0.766170 0.542856 0.761735 0.675040 0.751599 0.807668 0.815211 0.550223 0.807126 0.664583 0.811920 0.759548
102 0.819715 0.354586 0.791919 0.544456 0.768207 0.540566 0.815631 0.548346 0.768207 0.540566 0.762129 0.673013 0.751934 0.807302 0.815631 0.548346 0.807341 0.665963 0.811784 0.767514
103 0.824879 0.354147 0.792990 0.541753 0.769842 0.537161 0.816139 0.546345 0.769842 0.537161 0.763114 0.671004 0.751928 0.807516 0.816139 0.546345 0.807736 0.666017 0.810548 0.774335
104 0.831024 0.354353 0.794484 0.539700 0.771699 0.535170 0.817269 0.544229 0.771699 0.535170 0.763652 0.666094 0.751869 0.804975 0.817269 0.544229 0.807840 0.661953 0.810449 0.763235
105 0.837048 0.354738 0.797731 0.537679 0.774620 0.532624 0.820842 0.542735 0.774620 0.532624 0.764716 0.660604 0.752223 0.800088 0.820842 0.542735 0.809133 0.659082 0.810963 0.759227
106 0.843598 0.354690 0.801298 0.535086 0.778022 0.529566 0.824573 0.540607 0.778022 0.529566 0.764798 0.655930 0.751758 0.796055 0.824573 0.540607 0.811720 0.655697 0.811914 0.753199
107 0.849187 0.353190 0.803905 0.531895 0.780840 0.525277 0.826970 0.538513 0.780840 0.525277 0.764734 0.651854 0.751473 0.790601 0.826970 0.538513 0.814926 0.652795 0.812615 0.750545
108 0.854700 0.351458 0.807448 0.526965 0.784454 0.519671 0.830442 0.534260 0.784454 0.519671 0.764353 0.644591 0.749834 0.785023 0.830442 0.534260 0.817418 0.649063 0.813211 0.747298
109 0.859895 0.350373 0.811051 0.521076 0.788172 0.513220 0.833929 0.528932 0.788172 0.513220 0.764324 0.638258 0.749712 0.781051 0.833929 0.528932 0.818281 0.646939 0.813907 0.742284
110 0.864513 0.349964 0.814544 0.516864 0.792174 0.509109 0.836914 0.524619 0.792174 0.509109 0.764320 0.636535 0.749734 0.778309 0.836914 0.524619 0.819946 0.644446 0.814190 0.743338
111 0.866715 0.349370 0.816308 0.514589 0.794226 0.506915 0.838389 0.522263 0.794226 0.506915 0.764634 0.636723 0.749675 0.777003 0.838389 0.522263 0.820491 0.643573 0.814158 0.746972
112 0.869421 0.349286 0.818005 0.515359 0.795734 0.507564 0.840277 0.523153 0.795734 0.507564 0.765830 0.634931 0.750124 0.775267 0.840277 0.523153 0.821001 0.644899 0.814068 0.748843
113 0.872525 0.349309 0.818640 0.514695 0.796088 0.507049 0.841192 0.522340 0.796088 0.507049 0.766685 0.634340 0.750121 0.775019 0.841192 0.522340 0.822142 0.642711 0.814141 0.747216
114 0.874983 0.349231 0.819160 0.513730 0.796859 0.506708 0.841461 0.520753 0.796859 0.506708 0.767227 0.633349 0.750117 0.772472 0.841461 0.520753 0.822540 0.643498 0.814546 0.746068
115 0.877039 0.349003 0.819964 0.509665 0.797932 0.503135 0.841997 0.516196 0.797932 0.503135 0.767744 0.630780 0.749306 0.767502 0.841997 0.516196 0.823349 0.640521 0.815105 0.744525
116 0.877290 0.348083 0.820503 0.507092 0.798384 0.500878 0.842622 0.513306 0.798384 0.500878 0.767685 0.628460 0.747267 0.764890 0.842622 0.513306 0.823301 0.641725 0.814896 0.745305
117 0.878473 0.347596 0.821350 0.504980 0.799230 0.498294 0.843469 0.511665 0.799230 0.498294 0.767736 0.626405 0.744808 0.761415 0.843469 0.511665 0.823397 0.642244 0.814087 0.747734
118 0.880504 0.347948 0.822030 0.503526 0.799925 0.496426 0.844134 0.510626 0.799925 0.496426 0.767531 0.623688 0.742406 0.758292 0.844134 0.510626 0.824104 0.642270 0.813417 0.750884
119 0.882102 0.348118 0.822395 0.503199 0.800262 0.495802 0.844527 0.510595 0.800262 0.495802 0.766482 0.621582 0.740223 0.755463 0.844527 0.510595 0.824857 0.641896 0.813093 0.751286
120 0.882721 0.348195 0.822456 0.502360 0.800223 0.494926 0.844689 0.509794 0.800223 0.494926 0.765419 0.619614 0.738510 0.753649 0.844689 0.509794 0.826574 0.640031 0.813089 0.749627
121 0.883355 0.348055 0.822816 0.500686 0.800523 0.493230 0.845108 0.508141 0.800523 0.493230 0.764716 0.618776 0.736153 0.752735 0.845108 0.508141 0.827907 0.638081 0.813363 0.746584
122 0.883811 0.347539 0.823019 0.499609 0.800584 0.491768 0.845454 0.507450 0.800584 0.491768 0.764047 0.616608 0.734434 0.747965 0.845454 0.507450 0.828926 0.636279 0.813495 0.744634
123 0.883641 0.346853 0.822920 0.498500 0.800420 0.490661 0.845420 0.506340 0.800420 0.490661 0.763563 0.614226 0.733269 0.746135 0.845420 0.506340 0.829714 0.635061 0.813616 0.743051
124 0.882982 0.345976 0.822786 0.498086 0.800249 0.490344 0.845323 0.505827 0.800249 0.490344 0.763222 0.614164 0.732739 0.745551 0.845323 0.505827 0.829969 0.635079 0.813808 0.741217
125 0.882754 0.345153 0.822806 0.498004 0.800191 0.490225 0.845422 0.505783 0.800191 0.490225 0.763004 0.614268 0.732555 0.744989 0.845422 0.505783 0.829833 0.635117 0.813925 0.739257
126 0.882427 0.344412 0.822731 0.498329 0.800117 0.490664 0.845345 0.505993 0.800117 0.490664 0.762826 0.614780 0.732110 0.744954 0.845345 0.505993 0.830066 0.635197 0.813931 0.739856
127 0.881873 0.343592 0.822633 0.498566 0.800079 0.491051 0.845187 0.506081 0.800079 0.491051 0.762562 0.615275 0.731425 0.745567 0.845187 0.506081 0.830059 0.635295 0.813940 0.740269
128 0.879814 0.342732 0.822315 0.498515 0.799975 0.491132 0.844655 0.505898 0.799975 0.491132 0.762562 0.615712 0.731486 0.745400 0.844655 0.505898 0.829953 0.635209 0.813935 0.740769
129 0.876375 0.342007 0.821547 0.498663 0.799465 0.491322 0.843630 0.506005 0.799465 0.491322 0.762573 0.616018 0.731568 0.745715 0.843630 0.506005 0.829906 0.635281 0.813859 0.743371
130 0.873306 0.340934 0.820475 0.499100 0.798562 0.492069 0.842387 0.506130 0.798562 0.492069 0.762565 0.616205 0.731307 0.746104 0.842387 0.506130 0.829639 0.635311 0.813790 0.744096
131 0.870177 0.339818 0.819278 0.500398 0.797623 0.493882 0.840932 0.506915 0.797623 0.493882 0.761395 0.616793 0.730436 0.746328 0.840932 0.506915 0.828950 0.635726 0.813779 0.744844
132 0.867527 0.338686 0.818090 0.501805 0.796591 0.495625 0.839589 0.507984 0.796591 0.495625 0.760600 0.616963 0.729690 0.746110 0.839589 0.507984 0.827943 0.635749 0.813620 0.746327
133 0.864412 0.337920 0.816632 0.502291 0.795397 0.496274 0.837866 0.508308 0.795397 0.496274 0.760131 0.616504 0.729453 0.743610 0.837866 0.508308 0.827734 0.634949 0.813818 0.746313
134 0.861419 0.337568 0.814967 0.502961 0.793848 0.497305 0.836085 0.508618 0.793848 0.497305 0.759730 0.614575 0.728727 0.736272 0.836085 0.508618 0.827661 0.633075 0.814016 0.746379
135 0.857557 0.337095 0.812672 0.503247 0.791384 0.497391 0.833959 0.509104 0.791384 0.497391 0.759075 0.612309 0.727615 0.729154 0.833959 0.509104 0.827073 0.631963 0.814129 0.745965
136 0.852164 0.336350 0.810618 0.504096 0.789406 0.498289 0.831831 0.509903 0.789406 0.498289 0.757424 0.612425 0.724903 0.725178 0.831831 0.509903 0.826281 0.631739 0.814626 0.744565
137 0.847314 0.335519 0.808623 0.504731 0.787812 0.498927 0.829434 0.510536 0.787812 0.498927 0.754870 0.612498 0.721629 0.722317 0.829434 0.510536 0.824719 0.631772 0.814709 0.744593
138 0.840868 0.333897 0.805887 0.505403 0.785383 0.499402 0.826391 0.511404 0.785383 0.499402 0.750991 0.613291 0.720034 0.723978 0.826391 0.511404 0.822518 0.631504 0.815141 0.744663
139 0.833151 0.332133 0.803568 0.505529 0.782728 0.499659 0.824409 0.511400 0.782728 0.499659 0.749343 0.613422 0.720470 0.724785 0.824409 0.511400 0.822327 0.630590 0.815605 0.745802
140 0.826068 0.330475 0.800409 0.505881 0.778923 0.500358 0.821895 0.511404 0.778923 0.500358 0.746781 0.614813 0.721151 0.726119 0.821895 0.511404 0.819948 0.630696 0.815700 0.749975
141 0.818545 0.328263 0.795913 0.503902 0.773539 0.499501 0.818287 0.508303 0.773539 0.499501 0.744420 0.614244 0.721462 0.726874 0.818287 0.508303 0.815618 0.627813 0.815593 0.749864
142 0.810789 0.326228 0.791689 0.502398 0.768262 0.498972 0.815115 0.505825 0.768262 0.498972 0.742095 0.614259 0.721813 0.727377 0.815115 0.505825 0.812324 0.626436 0.815329 0.749282
143 0.801632 0.324708 0.787436 0.500652 0.764443 0.498635 0.810428 0.502669 0.764443 0.498635 0.740206 0.614654 0.722053 0.727771 0.810428 0.502669 0.809240 0.626515 0.814869 0.749078
144 0.791538 0.322119 0.781250 0.497972 0.758779 0.497202 0.803722 0.498742 0.758779 0.497202 0.738577 0.612813 0.722392 0.726124 0.803722 0.498742 0.806078 0.623841 0.814526 0.746833
145 0.783448 0.321547 0.774783 0.497047 0.752754 0.496900 0.796812 0.497193 0.752754 0.496900 0.737219 0.612589 0.722436 0.725200 0.796812 0.497193 0.800406 0.621644 0.813183 0.742895
146 0.778529 0.321411 0.769046 0.497232 0.746620 0.496887 0.791472 0.497576 0.746620 0.496887 0.735025 0.612727 0.722517 0.725228 0.791472 0.497576 0.795771 0.621356 0.809610 0.738972
147 0.772777 0.320172 0.763541 0.497120 0.740556 0.496658 0.786525 0.497582 0.740556 0.496658 0.731485 0.612815 0.722617 0.724778 0.786525 0.497582 0.788863 0.620657 0.805159 0.737553
148 0.767293 0.320486 0.759954 0.497418 0.736421 0.496780 0.783488 0.498056 0.736421 0.496780 0.727182 0.613275 0.722696 0.724195 0.783488 0.498056 0.782233 0.618325 0.800446 0.732451
149 0.761983 0.319196 0.755673 0.497415 0.732574 0.496787 0.778772 0.498042 0.732574 0.496787 0.724552 0.613252 0.722732 0.723456 0.778772 0.498042 0.773462 0.616159 0.791222 0.729251
150 0.756703 0.318664 0.749565 0.497738 0.728451 0.497281 0.770680 0.498195 0.728451 0.497281 0.723817 0.613312 0.722522 0.723619 0.770680 0.498195 0.761680 0.612481 0.781254 0.725706
151 0.752397 0.318354 0.744018 0.497946 0.724605 0.497696 0.763430 0.498195 0.724605 0.497696 0.724111 0.606993 0.723260 0.722380 0.763430 0.498195 0.753132 0.606040 0.767403 0.723689
152 0.748258 0.317589 0.739696 0.494917 0.721112 0.495476 0.758281 0.494358 0.721112 0.495476 0.721772 0.601291 0.727095 0.722545 0.758281 0.494358 0.740684 0.593368 0.746853 0.708423
153 0.743818 0.317576 0.734584 0.493616 0.716716 0.494976 0.752452 0.492256 0.716716 0.494976 0.719236 0.596967 0.729245 0.720722 0.752452 0.492256 0.731247 0.583678 0.736957 0.705996
154 0.739709 0.316998 0.729729 0.493662 0.712509 0.495035 0.746949 0.492289 0.712509 0.495035 0.716991 0.599329 0.728555 0.720670 0.746949 0.492289 0.728050 0.591837 0.727810 0.700564
155 0.734707 0.316862 0.724968 0.493852 0.708341 0.495097 0.741595 0.492608 0.708341 0.495097 0.715714 0.599945 0.726208 0.720869 0.741595 0.492608 0.721300 0.587528 0.719824 0.690330
156 0.729192 0.315942 0.720534 0.492820 0.704669 0.494100 0.736399 0.491541 0.704669 0.494100 0.713944 0.601019 0.726149 0.718303 0.736399 0.491541 0.714443 0.583420 0.700065 0.672051
157 0.723315 0.315201 0.715393 0.491901 0.701356 0.492438 0.729429 0.491363 0.701356 0.492438 0.711487 0.600471 0.726165 0.717866 0.729429 0.491363 0.700453 0.580356 0.679167 0.662166
158 0.718552 0.315208 0.710504 0.491644 0.698531 0.491738 0.722476 0.491550 0.698531 0.491738 0.708887 0.602858 0.726493 0.720194 0.722476 0.491550 0.694009 0.579398 0.662332 0.654092
159 0.713851 0.315193 0.705140 0.491754 0.694395 0.491780 0.715886 0.491729 0.694395 0.491780 0.702947 0.603102 0.726439 0.720113 0.715886 0.491729 0.686538 0.579985 0.647992 0.655833
160 0.707899 0.315280 0.698036 0.491876 0.689152 0.491892 0.706919 0.491860 0.689152 0.491892 0.697381 0.604237 0.725690 0.720513 0.706919 0.491860 0.677010 0.580400 0.645612 0.654483
161 0.704584 0.313991 0.691054 0.490599 0.682303 0.491665 0.699806 0.489533 0.682303 0.491665 0.687387 0.603124 0.722621 0.719642 0.699806 0.489533 0.662239 0.565033 0.645210 0.653874
162 0.699876 0.310374 0.683706 0.485361 0.676799 0.486749 0.690614 0.483973 0.676799 0.486749 0.677384 0.596002 0.718116 0.714194 0.690614 0.483973 0.656778 0.558961 0.645809 0.653462
163 0.695711 0.303107 0.678215 0.478792 0.672719 0.480051 0.683712 0.477533 0.672719 0.480051 0.666690 0.588804 0.710271 0.702933 0.683712 0.477533 0.660702 0.564041 0.646864 0.657202
164 0.692186 0.297925 0.671923 0.470573 0.667424 0.471956 0.676422 0.469190 0.667424 0.471956 0.657405 0.576565 0.699151 0.689904 0.676422 0.469190 0.655896 0.563415 0.650294 0.658185
165 0.688731 0.293544 0.665967 0.469370 0.661658 0.471434 0.670276 0.467306 0.661658 0.471434 0.647941 0.575625 0.681370 0.675079 0.670276 0.467306 0.654728 0.564564 0.652074 0.660103
166 0.683562 0.290730 0.661646 0.464300 0.658737 0.465585 0.664555 0.463016 0.658737 0.465585 0.638908 0.563871 0.667254 0.661628 0.664555 0.463016 0.647112 0.560321 0.652548 0.655708
167 0.678439 0.287495 0.657018 0.459606 0.653908 0.460498 0.660128 0.458714 0.653908 0.460498 0.630348 0.557975 0.654100 0.659418 0.660128 0.458714 0.642628 0.555820 0.651730 0.651388
168 0.673197 0.286698 0.650305 0.461249 0.647098 0.462463 0.653512 0.460034 0.647098 0.462463 0.621023 0.561538 0.642463 0.664053 0.653512 0.460034 0.642826 0.558007 0.648179 0.653333
169 0.668168 0.286030 0.647167 0.460439 0.641942 0.460745 0.652392 0.460133 0.641942 0.460745 0.606167 0.557668 0.626500 0.664611 0.652392 0.460133 0.646270 0.559341 0.646523 0.655111
170 0.661880 0.285005 0.645437 0.456847 0.639602 0.457633 0.651271 0.456061 0.639602 0.457633 0.600167 0.554006 0.608723 0.663919 0.651271 0.456061 0.646257 0.559163 0.643779 0.655845
171 0.654306 0.285295 0.640614 0.453075 0.634289 0.454459 0.646940 0.451690 0.634289 0.454459 0.593461 0.547615 0.584903 0.662516 0.646940 0.451690 0.641986 0.551993 0.646021 0.649683
172 0.646350 0.286315 0.634250 0.453157 0.631254 0.455070 0.637245 0.451245 0.631254 0.455070 0.594020 0.550585 0.563419 0.657545 0.637245 0.451245 0.630707 0.550205 0.646260 0.649712
173 0.640175 0.286668 0.629027 0.453971 0.628224 0.455946 0.629830 0.451996 0.628224 0.455946 0.591126 0.552900 0.548753 0.655000 0.629830 0.451996 0.625280 0.550827 0.647324 0.650949
174 0.632772 0.289033 0.623456 0.454184 0.620462 0.455973 0.626449 0.452395 0.620462 0.455973 0.581411 0.554573 0.539534 0.651498 0.626449 0.452395 0.626563 0.551432 0.647792 0.651721
175 0.624819 0.291105 0.613909 0.455120 0.610130 0.456810 0.617688 0.453430 0.610130 0.456810 0.572061 0.555132 0.532631 0.653955 0.617688 0.453430 0.627936 0.551950 0.647943 0.652030
176 0.616689 0.293502 0.607804 0.455775 0.604049 0.457403 0.611559 0.454148 0.604049 0.457403 0.566529 0.555276 0.532288 0.656259 0.611559 0.454148 0.623761 0.552657 0.646479 0.652131
177 0.609473 0.295168 0.600022 0.456092 0.594919 0.457671 0.605124 0.454512 0.594919 0.457671 0.560132 0.558201 0.529368 0.657327 0.605124 0.454512 0.620571 0.552207 0.643826 0.652369
178 0.601884 0.295996 0.593306 0.456419 0.586022 0.457986 0.600589 0.454853 0.586022 0.457986 0.554271 0.558082 0.528380 0.658099 0.600589 0.454853 0.616687 0.551163 0.643071 0.652387
179 0.593937 0.295043 0.587311 0.452860 0.580213 0.454835 0.594408 0.450886 0.580213 0.454835 0.547035 0.555878 0.527355 0.658297 0.594408 0.450886 0.610506 0.547960 0.639180 0.649649
180 0.584891 0.294329 0.578199 0.451309 0.573323 0.453429 0.583074 0.449189 0.573323 0.453429 0.538832 0.551899 0.526292 0.658829 0.583074 0.449189 0.598713 0.548663 0.631388 0.641833
181 0.575785 0.293424 0.568737 0.450784 0.566550 0.453156 0.570924 0.448412 0.566550 0.453156 0.541626 0.552451 0.526572 0.658903 0.570924 0.448412 0.585857 0.549136 0.621906 0.632297
182 0.568830 0.289898 0.559435 0.448445 0.557524 0.450596 0.561345 0.446294 0.557524 0.450596 0.533369 0.548559 0.526395 0.659156 0.561345 0.446294 0.568818 0.545665 0.609958 0.621894
183 0.561977 0.288779 0.553096 0.447140 0.552862 0.449362 0.553330 0.444918 0.552862 0.449362 0.528160 0.549816 0.525993 0.659278 0.553330 0.444918 0.556261 0.542740 0.598050 0.616316
184 0.555970 0.287643 0.545925 0.445416 0.544760 0.447680 0.547090 0.443151 0.544760 0.447680 0.521714 0.548923 0.526795 0.659312 0.547090 0.443151 0.542989 0.540539 0.583867 0.617638
185 0.549395 0.286471 0.539044 0.444869 0.539229 0.446734 0.538860 0.443005 0.539229 0.446734 0.517830 0.549174 0.529180 0.657946 0.538860 0.443005 0.533156 0.541813 0.554641 0.622457
186 0.542222 0.286491 0.531509 0.445422 0.533204 0.447468 0.529814 0.443375 0.533204 0.447468 0.521532 0.550511 0.529991 0.657093 0.529814 0.443375 0.522768 0.542566 0.534285 0.624822
187 0.535514 0.286516 0.523533 0.447335 0.525684 0.449022 0.521381 0.445648 0.525684 0.449022 0.521107 0.556643 0.527536 0.661146 0.521381 0.445648 0.514146 0.546417 0.523635 0.633979
188 0.528123 0.286023 0.515797 0.447527 0.521455 0.449162 0.510140 0.445891 0.521455 0.449162 0.520688 0.557636 0.527092 0.662433 0.510140 0.445891 0.496034 0.546464 0.501718 0.636830
189 0.521854 0.286124 0.510729 0.447623 0.517669 0.449421 0.503790 0.445825 0.517669 0.449421 0.516740 0.557263 0.524645 0.660210 0.503790 0.445825 0.481034 0.542533 0.479071 0.636590
190 0.514632 0.286230 0.502405 0.447773 0.511293 0.449662 0.493518 0.445884 0.511293 0.449662 0.514303 0.557684 0.525475 0.660692 0.493518 0.445884 0.469369 0.540444 0.449336 0.636560
191 0.506771 0.288150 0.495948 0.451490 0.504729 0.453251 0.487168 0.449728 0.504729 0.453251 0.510647 0.560174 0.525309 0.661375 0.487168 0.449728 0.462871 0.541662 0.427712 0.636753
192 0.498144 0.288490 0.487828 0.451883 0.495305 0.453561 0.480350 0.450205 0.495305 0.453561 0.504800 0.559947 0.525152 0.661251 0.480350 0.450205 0.453558 0.542817 0.414947 0.637188
193 0.490341 0.290274 0.479156 0.452182 0.488047 0.454023 0.470264 0.450341 0.488047 0.454023 0.498501 0.560080 0.525175 0.661301 0.470264 0.450341 0.438773 0.542985 0.410523 0.641066
194 0.481829 0.291195 0.470325 0.453037 0.479254 0.455180 0.461396 0.450894 0.479254 0.455180 0.488910 0.561655 0.524187 0.660878 0.461396 0.450894 0.430703 0.543947 0.406485 0.646046
195 0.473203 0.291433 0.456970 0.454729 0.461892 0.456859 0.452048 0.452599 0.461892 0.456859 0.432714 0.559933 0.409403 0.652608 0.452048 0.452599 0.455722 0.552058 0.509656 0.650737
196 0.465794 0.291111 0.447947 0.454543 0.455251 0.456805 0.440643 0.452281 0.455251 0.456805 0.436402 0.558688 0.452898 0.644570 0.440643 0.452281 0.451020 0.553881 0.487483 0.655959
197 0.457485 0.288540 0.438233 0.451923 0.446534 0.454399 0.429933 0.449448 0.446534 0.454399 0.424369 0.557154 0.406982 0.647492 0.429933 0.449448 0.444021 0.555225 0.496686 0.648142
198 0.448899 0.287128 0.429784 0.451316 0.441302 0.453970 0.418265 0.448661 0.441302 0.453970 0.423962 0.558405 0.408922 0.636105 0.418265 0.448661 0.419854 0.554895 0.412120 0.648187
199 0.440826 0.285020 0.424297 0.449847 0.435347 0.452834 0.413247 0.446859 0.435347 0.452834 0.412733 0.557603 0.442980 0.623811 0.413247 0.446859 0.417853 0.554481 0.437453 0.651388
200 0.433173 0.283318 0.418803 0.444926 0.432106 0.448071 0.405500 0.441782 0.432106 0.448071 0.411536 0.555791 0.440133 0.631061 0.405500 0.441782 0.407867 0.551153 0.411973 0.649650
201 0.425916 0.281013 0.413283 0.438691 0.427164 0.442615 0.399401 0.434767 0.427164 0.442615 0.406471 0.550693 0.422030 0.638165 0.399401 0.434767 0.399655 0.546472 0.404980 0.643767
202 0.419171 0.280415 0.409919 0.437973 0.423702 0.441352 0.396137 0.434593 0.423702 0.441352 0.396734 0.549279 0.407848 0.640151 0.396137 0.434593 0.394292 0.542319 0.400300 0.634182
203 0.411134 0.280968 0.406127 0.438385 0.421875 0.440803 0.390378 0.435967 0.421875 0.440803 0.386182 0.547566 0.396807 0.645012 0.390378 0.435967 0.396236 0.545713 0.396764 0.645798
204 0.404546 0.281715 0.402496 0.439154 0.418284 0.441565 0.386708 0.436744 0.418284 0.441565 0.382241 0.547284 0.360763 0.672696 0.386708 0.436744 0.395462 0.546677 0.403495 0.647542
205 0.398492 0.282374 0.394687 0.439541 0.411395 0.441900 0.377979 0.437182 0.411395 0.441900 0.375189 0.549740 0.340279 0.681327 0.377979 0.437182 0.391529 0.547010 0.404819 0.647558
206 0.392757 0.284550 0.388320 0.441689 0.405079 0.444638 0.371562 0.438740 0.405079 0.444638 0.368518 0.556641 0.325914 0.691139 0.371562 0.438740 0.385477 0.548529 0.404238 0.648583
207 0.387330 0.288396 0.380819 0.444909 0.397430 0.448438 0.364208 0.441381 0.397430 0.448438 0.362065 0.560014 0.320081 0.688890 0.364208 0.441381 0.380401 0.549119 0.402320 0.648365
208 0.381721 0.291214 0.373655 0.450145 0.389510 0.454133 0.357799 0.446158 0.389510 0.454133 0.354030 0.565281 0.319684 0.690887 0.357799 0.446158 0.375304 0.550788 0.401076 0.646808
209 0.376261 0.293844 0.366983 0.454565 0.382536 0.457973 0.351430 0.451157 0.382536 0.457973 0.350961 0.567142 0.317803 0.703389 0.351430 0.451157 0.369211 0.555619 0.397458 0.645103
210 0.370835 0.295020 0.358506 0.457086 0.374774 0.460894 0.342238 0.453279 0.374774 0.460894 0.347793 0.571417 0.315439 0.711762 0.342238 0.453279 0.360084 0.560124 0.392606 0.641300
211 0.365629 0.294685 0.351864 0.457206 0.367594 0.461174 0.336135 0.453239 0.367594 0.461174 0.343782 0.573539 0.314836 0.713179 0.336135 0.453239 0.352351 0.563381 0.385865 0.640468
212 0.360606 0.294472 0.344398 0.459638 0.361583 0.464073 0.327213 0.455202 0.361583 0.464073 0.338444 0.581497 0.312757 0.715278 0.327213 0.455202 0.340443 0.568146 0.378222 0.630487
213 0.355722 0.294190 0.339119 0.460804 0.356750 0.465486 0.321488 0.456123 0.356750 0.465486 0.330703 0.580911 0.313911 0.724214 0.321488 0.456123 0.327030 0.566366 0.365586 0.622648
214 0.350955 0.294057 0.334247 0.463566 0.352204 0.468203 0.316291 0.458929 0.352204 0.468203 0.332911 0.585738 0.320682 0.717114 0.316291 0.458929 0.322085 0.569941 0.353785 0.619536
215 0.347036 0.293933 0.328264 0.465762 0.347316 0.470698 0.309213 0.460826 0.347316 0.470698 0.331941 0.595619 0.312116 0.729387 0.309213 0.460826 0.301117 0.566102 0.345699 0.607420
216 0.343599 0.294145 0.324580 0.472444 0.345918 0.478440 0.303241 0.466447 0.345918 0.478440 0.330449 0.604305 0.309992 0.739608 0.303241 0.466447 0.288393 0.565578 0.317389 0.624367
217 0.339461 0.294673 0.320469 0.474667 0.341951 0.480538 0.298988 0.468797 0.341951 0.480538 0.329063 0.603715 0.315829 0.729534 0.298988 0.468797 0.280561 0.569943 0.302210 0.651523
218 0.335126 0.296015 0.317679 0.476097 0.339523 0.481955 0.295835 0.470239 0.339523 0.481955 0.327695 0.600311 0.314139 0.703246 0.295835 0.470239 0.276844 0.580187 0.288646 0.665432
219 0.330578 0.296758 0.314929 0.476100 0.338012 0.481423 0.291846 0.470777 0.338012 0.481423 0.324965 0.597325 0.312791 0.699269 0.291846 0.470777 0.274622 0.585033 0.278968 0.678648
220 0.326464 0.297630 0.314420 0.476040 0.337973 0.480938 0.290866 0.471143 0.337973 0.480938 0.324483 0.595774 0.313064 0.701007 0.290866 0.471143 0.274882 0.588700 0.272795 0.700000
221 0.322554 0.299033 0.312181 0.477456 0.336224 0.481940 0.288137 0.472972 0.336224 0.481940 0.324203 0.595440 0.311298 0.710321 0.288137 0.472972 0.274364 0.595844 0.267772 0.732889
222 0.318437 0.301389 0.308704 0.483233 0.333344 0.487068 0.284064 0.479398 0.333344 0.487068 0.322391 0.603778 0.308215 0.716557 0.284064 0.479398 0.272004 0.604383 0.266736 0.740778
223 0.313720 0.304564 0.305821 0.488944 0.331088 0.492002 0.280553 0.485886 0.331088 0.492002 0.321345 0.609403 0.309523 0.721796 0.280553 0.485886 0.271492 0.614900 0.267142 0.751137
224 0.309066 0.308805 0.303123 0.497574 0.328969 0.499703 0.277276 0.495444 0.328969 0.499703 0.320623 0.616631 0.310808 0.741416 0.277276 0.495444 0.270035 0.625793 0.267283 0.758233
225 0.303951 0.312081 0.300019 0.503446 0.325813 0.505089 0.274226 0.501803 0.325813 0.505089 0.320798 0.637063 0.311578 0.755719 0.274226 0.501803 0.267935 0.634477 0.265110 0.773329
226 0.298592 0.315412 0.297983 0.509230 0.324515 0.510566 0.271450 0.507894 0.324515 0.510566 0.319051 0.649684 0.312509 0.765362 0.271450 0.507894 0.266192 0.644615 0.264868 0.784765
227 0.291735 0.318107 0.294387 0.517406 0.320543 0.517844 0.268231 0.516967 0.320543 0.517844 0.318405 0.663086 0.316471 0.777895 0.268231 0.516967 0.264704 0.654079 0.263822 0.797094
228 0.285974 0.318959 0.292389 0.518107 0.319620 0.517505 0.265159 0.518709 0.319620 0.517505 0.318482 0.655136 0.313993 0.770297 0.265159 0.518709 0.263752 0.663225 0.265063 0.814110
229 0.280309 0.319085 0.290061 0.517157 0.317689 0.516106 0.262434 0.518207 0.317689 0.516106 0.318700 0.646971 0.311418 0.764852 0.262434 0.518207 0.260967 0.661759 0.264376 0.811006
230 0.275316 0.319705 0.288531 0.517130 0.316909 0.515600 0.260153 0.518659 0.316909 0.515600 0.319038 0.643424 0.306267 0.739556 0.260153 0.518659 0.260505 0.657749 0.267716 0.806032
231 0.271490 0.319354 0.286131 0.516254 0.315076 0.514158 0.257186 0.518351 0.315076 0.514158 0.319317 0.640951 0.306285 0.667527 0.257186 0.518351 0.260789 0.652638 0.267814 0.794876
232 0.268685 0.319806 0.284706 0.516548 0.313825 0.513083 0.255586 0.520014 0.313825 0.513083 0.319347 0.640493 0.305608 0.652661 0.255586 0.520014 0.261894 0.651844 0.268304 0.791109
233 0.266373 0.320375 0.283995 0.517062 0.312812 0.512237 0.255177 0.521886 0.312812 0.512237 0.320049 0.632660 0.304150 0.655189 0.255177 0.521886 0.263022 0.652410 0.269023 0.787110
234 0.263597 0.321330 0.283599 0.517250 0.312385 0.511687 0.254812 0.522812 0.312385 0.511687 0.322233 0.625255 0.301955 0.655558 0.254812 0.522812 0.264990 0.654532 0.269526 0.784386
235 0.261506 0.322142 0.284113 0.517325 0.312844 0.511392 0.255382 0.523258 0.312844 0.511392 0.324013 0.622879 0.300879 0.669286 0.255382 0.523258 0.265324 0.654333 0.269851 0.784203
236 0.260750 0.322633 0.285204 0.518013 0.313442 0.511760 0.256966 0.524265 0.313442 0.511760 0.326880 0.624716 0.297907 0.709466 0.256966 0.524265 0.265566 0.664968 0.272831 0.802926
237 0.259710 0.323858 0.285987 0.520346 0.314350 0.513260 0.257624 0.527433 0.314350 0.513260 0.329720 0.632370 0.298500 0.740275 0.257624 0.527433 0.265681 0.675894 0.272921 0.805822
238 0.258503 0.326054 0.286698 0.523277 0.315370 0.515565 0.258026 0.530989 0.315370 0.515565 0.330448 0.642128 0.303110 0.770542 0.258026 0.530989 0.265740 0.676157 0.272935 0.803715
239 0.257901 0.329707 0.287491 0.528692 0.316503 0.520841 0.258480 0.536543 0.316503 0.520841 0.330367 0.654939 0.306845 0.789407 0.258480 0.536543 0.265749 0.678242 0.273015 0.802906
240 0.257840 0.333488 0.288426 0.534768 0.317949 0.527083 0.258902 0.542452 0.317949 0.527083 0.330081 0.665825 0.311832 0.815621 0.258902 0.542452 0.265810 0.678426 0.272938 0.811675
241 0.258459 0.338819 0.289240 0.545510 0.319297 0.538295 0.259184 0.552725 0.319297 0.538295 0.329942 0.684541 0.318735 0.831957 0.259184 0.552725 0.265638 0.683517 0.272930 0.807305
242 0.259600 0.343321 0.290002 0.555910 0.320741 0.548620 0.259263 0.563200 0.320741 0.548620 0.329762 0.703084 0.322634 0.851423 0.259263 0.563200 0.265401 0.694813 0.272316 0.813964
243 0.260714 0.348862 0.290298 0.564333 0.321124 0.557307 0.259472 0.571359 0.321124 0.557307 0.329652 0.713903 0.326577 0.863786 0.259472 0.571359 0.265429 0.704108 0.271956 0.811483
244 0.263590 0.354694 0.291272 0.571772 0.322488 0.565469 0.260056 0.578076 0.322488 0.565469 0.329490 0.722801 0.329065 0.870401 0.260056 0.578076 0.264983 0.710986 0.270512 0.810188
245 0.269422 0.358357 0.292265 0.576466 0.323566 0.570548 0.260965 0.582384 0.323566 0.570548 0.329195 0.733833 0.329679 0.882186 0.260965 0.582384 0.265080 0.724557 0.266917 0.818620
246 0.276666 0.362882 0.293733 0.583414 0.325043 0.579739 0.262423 0.587088 0.325043 0.579739 0.329051 0.739450 0.330158 0.889449 0.262423 0.587088 0.266180 0.728016 0.264403 0.818584
247 0.283461 0.366671 0.296429 0.587534 0.327489 0.585150 0.265368 0.589918 0.327489 0.585150 0.329479 0.739697 0.332673 0.890014 0.265368 0.589918 0.266677 0.720318 0.264765 0.803153
248 0.291419 0.368792 0.300867 0.592063 0.331376 0.591043 0.270358 0.593082 0.331376 0.591043 0.332081 0.744854 0.335057 0.892912 0.270358 0.593082 0.266780 0.716995 0.265166 0.801590
249 0.298535 0.370327 0.305734 0.594991 0.336308 0.593892 0.275160 0.596090 0.336308 0.593892 0.335631 0.748338 0.337258 0.892649 0.275160 0.596090 0.267673 0.716470 0.265484 0.801584
250 0.305264 0.370503 0.310115 0.599218 0.341226 0.598297 0.279003 0.600138 0.341226 0.598297 0.337242 0.754530 0.337220 0.894099 0.279003 0.600138 0.268706 0.721553 0.265623 0.801626
251 0.311481 0.370691 0.315375 0.597268 0.346534 0.597015 0.284216 0.597521 0.346534 0.597015 0.338500 0.750964 0.336681 0.896455 0.284216 0.597521 0.272394 0.720348 0.265052 0.801716
252 0.317287 0.370726 0.320065 0.599239 0.351443 0.599722 0.288687 0.598756 0.351443 0.599722 0.340394 0.754062 0.336435 0.896354 0.288687 0.598756 0.274927 0.731749 0.264647 0.814189
253 0.321669 0.370811 0.323230 0.601624 0.354755 0.602244 0.291704 0.601004 0.354755 0.602244 0.343097 0.758470 0.336228 0.893798 0.291704 0.601004 0.278104 0.738928 0.264890 0.808174
254 0.325856 0.370858 0.327118 0.602695 0.357967 0.603173 0.296269 0.602217 0.357967 0.603173 0.345586 0.760300 0.336023 0.893352 0.296269 0.602217 0.283030 0.751558 0.268392 0.829446
255 0.329705 0.370923 0.331924 0.604430 0.362054 0.604298 0.301793 0.604563 0.362054 0.604298 0.348221 0.760779 0.335800 0.892192 0.301793 0.604563 0.293614 0.756454 0.275111 0.834673
256 0.332835 0.372113 0.335198 0.605556 0.365694 0.605361 0.304701 0.605750 0.365694 0.605361 0.352391 0.761408 0.335710 0.890156 0.304701 0.605750 0.303208 0.756186 0.283870 0.850869
257 0.336404 0.374066 0.337699 0.608597 0.368136 0.608732 0.307262 0.608462 0.368136 0.608732 0.353253 0.768744 0.336226 0.889335 0.307262 0.608462 0.306460 0.765575 0.288963 0.875396
258 0.340515 0.377139 0.340806 0.612517 0.370271 0.612141 0.311341 0.612892 0.370271 0.612141 0.353486 0.772914 0.336096 0.889393 0.311341 0.612892 0.311197 0.772177 0.292714 0.917472
259 0.342624 0.381215 0.342615 0.620308 0.371535 0.619486 0.313695 0.621129 0.371535 0.619486 0.353537 0.781106 0.335989 0.894740 0.313695 0.621129 0.315827 0.785958 0.309532 0.949181
260 0.345347 0.385413 0.344392 0.625134 0.372631 0.623443 0.316152 0.626825 0.372631 0.623443 0.353551 0.785463 0.335947 0.897958 0.316152 0.626825 0.320478 0.800476 0.322068 0.967296
261 0.349381 0.390343 0.346668 0.628427 0.374985 0.626324 0.318350 0.630531 0.374985 0.626324 0.354136 0.791913 0.336276 0.908487 0.318350 0.630531 0.322818 0.808923 0.345151 0.979965
262 0.351581 0.397482 0.351589 0.632872 0.378043 0.629068 0.325134 0.636677 0.378043 0.629068 0.355127 0.792661 0.337219 0.913037 0.325134 0.636677 0.330921 0.811164 0.349528 0.965932
263 0.354579 0.403462 0.353418 0.640530 0.378850 0.636249 0.327985 0.644810 0.378850 0.636249 0.357596 0.800743 0.339641 0.927512 0.327985 0.644810 0.333993 0.813433 0.354712 0.958224
264 0.358732 0.408744 0.355729 0.648017 0.378670 0.642428 0.332789 0.653605 0.378670 0.642428 0.357668 0.797399 0.339982 0.926478 0.332789 0.653605 0.339997 0.827810 0.366413 1.003435
265 0.364519 0.410667 0.358077 0.655374 0.377742 0.646554 0.338413 0.664194 0.377742 0.646554 0.357099 0.796755 0.340344 0.923403 0.338413 0.664194 0.348311 0.848894 0.360729 0.980837
266 0.367441 0.413710 0.360451 0.670893 0.376919 0.660791 0.343983 0.680995 0.376919 0.660791 0.360727 0.815257 0.342567 0.925263 0.343983 0.680995 0.349800 0.857683 0.357483 0.978090
267 0.371306 0.412673 0.362922 0.678018 0.376858 0.668880 0.348985 0.687156 0.376858 0.668880 0.363411 0.821074 0.344369 0.925272 0.348985 0.687156 0.354026 0.855913 0.351698 0.967332
268 0.368721 0.412435 0.358979 0.683530 0.363288 0.673271 0.354669 0.693788 0.363288 0.673271 0.363260 0.821757 0.344008 0.936977 0.354669 0.693788 0.356524 0.878151 0.348162 1.037715
269 -1 -1 -1 -1 -1 -1 -1 -1 -1 -1 -1 -1 -1 -1 -1 -1 -1 -1 -1 -1
270 -1 -1 -1 -1 -1 -1 -1 -1 -1 -1 -1 -1 -1 -1 -1 -1 -1 -1 -1 -1
271 -1 -1 -1 -1 -1 -1 -1 -1 -1 -1 -1 -1 -1 -1 -1 -1 -1 -1 -1 -1
272 -1 -1 -1 -1 -1 -1 -1 -1 -1 -1 -1 -1 -1 -1 -1 -1 -1 -1 -1 -1
273 -1 -1 -1 -1 -1 -1 -1 -1 -1 -1 -1 -1 -1 -1 -1 -1 -1 -1 -1 -1
274 -1 -1 -1 -1 -1 -1 -1 -1 -1 -1 -1 -1 -1 -1 -1 -1 -1 -1 -1 -1
275 -1 -1 -1 -1 -1 -1 -1 -1 -1 -1 -1 -1 -1 -1 -1 -1 -1 -1 -1 -1
276 -1 -1 -1 -1 -1 -1 -1 -1 -1 -1 -1 -1 -1 -1 -1 -1 -1 -1 -1 -1
277 -1 -1 -1 -1 -1 -1 -1 -1 -1 -1 -1 -1 -1 -1 -1 -1 -1 -1 -1 -1
278 -1 -1 -1 -1 -1 -1 -1 -1 -1 -1 -1 -1 -1 -1 -1 -1 -1 -1 -1 -1
279 -1 -1 -1 -1 -1 -1 -1 -1 -1 -1 -1 -1 -1 -1 -1 -1 -1 -1 -1 -1
280 -1 -1 -1 -1 -1 -1 -1 -1 -1 -1 -1 -1 -1 -1 -1 -1 -1 -1 -1 -1
281 -1 -1 -1 -1 -1 -1 -1 -1 -1 -1 -1 -1 -1 -1 -1 -1 -1 -1 -1 -1
282 -1 -1 -1 -1 -1 -1 -1 -1 -1 -1 -1 -1 -1 -1 -1 -1 -1 -1 -1 -1
283 -1 -1 -1 -1 -1 -1 -1 -1 -1 -1 -1 -1 -1 -1 -1 -1 -1 -1 -1 -1
284 -1 -1 -1 -1 -1 -1 -1 -1 -1 -1 -1 -1 -1 -1 -1 -1 -1 -1 -1 -1
285 -1 -1 -1 -1 -1 -1 -1 -1 -1 -1 -1 -1 -1 -1 -1 -1 -1 -1 -1 -1
286 -1 -1 -1 -1 -1 -1 -1 -1 -1 -1 -1 -1 -1 -1 -1 -1 -1 -1 -1 -1
287 -1 -1 -1 -1 -1 -1 -1 -1 -1 -1 -1 -1 -1 -1 -1 -1 -1 -1 -1 -1
288 -1 -1 -1 -1 -1 -1 -1 -1 -1 -1 -1 -1 -1 -1 -1 -1 -1 -1 -1 -1
289 -1 -1 -1 -1 -1 -1 -1 -1 -1 -1 -1 -1 -1 -1 -1 -1 -1 -1 -1 -1
290 -1 -1 -1 -1 -1 -1 -1 -1 -1 -1 -1 -1 -1 -1 -1 -1 -1 -1 -1 -1
291 -1 -1 -1 -1 -1 -1 -1 -1 -1 -1 -1 -1 -1 -1 -1 -1 -1 -1 -1 -1
292 -1 -1 -1 -1 -1 -1 -1 -1 -1 -1 -1 -1 -1 -1 -1 -1 -1 -1 -1 -1
293 -1 -1 -1 -1 -1 -1 -1 -1 -1 -1 -1 -1 -1 -1 -1 -1 -1 -1 -1 -1
294 -1 -1 -1 -1 -1 -1 -1 -1 -1 -1 -1 -1 -1 -1 -1 -1 -1 -1 -1 -1
295 -1 -1 -1 -1 -1 -1 -1 -1 -1 -1 -1 -1 -1 -1 -1 -1 -1 -1 -1 -1
296 -1 -1 -1 -1 -1 -1 -1 -1 -1 -1 -1 -1 -1 -1 -1 -1 -1 -1 -1 -1
297 -1 -1 -1 -1 -1 -1 -1 -1 -1 -1 -1 -1 -1 -1 -1 -1 -1 -1 -1 -1
298 -1 -1 -1 -1 -1 -1 -1 -1 -1 -1 -1 -1 -1 -1 -1 -1 -1 -1 -1 -1
299 -1 -1 -1 -1 -1 -1 -1 -1 -1 -1 -1 -1 -1 -1 -1 -1 -1 -1 -1 -1
300 -1 -1 -1 -1 -1 -1 -1 -1 -1 -1 -1 -1 -1 -1 -1 -1 -1 -1 -1 -1
301 -1 -1 -1 -1 -1 -1 -1 -1 -1 -1 -1 -1 -1 -1 -1 -1 -1 -1 -1 -1
302 -1 -1 -1 -1 -1 -1 -1 -1 -1 -1 -1 -1 -1 -1 -1 -1 -1 -1 -1 -1
303 -1 -1 -1 -1 -1 -1 -1 -1 -1 -1 -1 -1 -1 -1 -1 -1 -1 -1 -1 -1
304 -1 -1 -1 -1 -1 -1 -1 -1 -1 -1 -1 -1 -1 -1 -1 -1 -1 -1 -1 -1
305 -1 -1 -1 -1 -1 -1 -1 -1 -1 -1 -1 -1 -1 -1 -1 -1 -1 -1 -1 -1
306 -1 -1 -1 -1 -1 -1 -1 -1 -1 -1 -1 -1 -1 -1 -1 -1 -1 -1 -1 -1
307 -1 -1 -1 -1 -1 -1 -1 -1 -1 -1 -1 -1 -1 -1 -1 -1 -1 -1 -1 -1
308 -1 -1 -1 -1 -1 -1 -1 -1 -1 -1 -1 -1 -1 -1 -1 -1 -1 -1 -1 -1
309 -1 -1 -1 -1 -1 -1 -1 -1 -1 -1 -1 -1 -1 -1 -1 -1 -1 -1 -1 -1
310 -1 -1 -1 -1 -1 -1 -1 -1 -1 -1 -1 -1 -1 -1 -1 -1 -1 -1 -1 -1
311 0.413551 0.405635 0.420277 0.665859 0.387930 0.664763 0.452624 0.666955 0.387930 0.664763 0.378286 0.828940 0.369828 0.981072 0.452624 0.666955 0.471257 0.796457 0.498211 0.926861
312 0.420594 0.406104 0.425939 0.664421 0.394236 0.662633 0.457642 0.666209 0.394236 0.662633 0.381862 0.828039 0.369504 0.981903 0.457642 0.666209 0.477281 0.796387 0.510425 0.916512
313 0.428345 0.405980 0.431271 0.661992 0.399526 0.659496 0.463016 0.664488 0.399526 0.659496 0.386404 0.823858 0.369301 0.982395 0.463016 0.664488 0.486393 0.793834 0.514812 0.910699
314 0.438808 0.406546 0.440366 0.659812 0.408768 0.656522 0.471964 0.663102 0.408768 0.656522 0.391645 0.818135 0.369192 0.982511 0.471964 0.663102 0.492389 0.788981 0.515255 0.910153
315 0.452193 0.408075 0.449832 0.656181 0.417741 0.652663 0.481923 0.659698 0.417741 0.652663 0.398851 0.808129 0.369390 0.978762 0.481923 0.659698 0.497445 0.784129 0.514985 0.907930
316 0.464655 0.408566 0.459935 0.655721 0.428216 0.651916 0.491654 0.659526 0.428216 0.651916 0.406800 0.802435 0.369917 0.975661 0.491654 0.659526 0.503723 0.780541 0.515957 0.907569
317 0.476940 0.408106 0.471366 0.652544 0.440607 0.648240 0.502124 0.656847 0.440607 0.648240 0.417727 0.795175 0.372152 0.969306 0.502124 0.656847 0.513098 0.776084 0.516872 0.905478
318 0.488763 0.406073 0.482009 0.647793 0.451882 0.643011 0.512136 0.652575 0.451882 0.643011 0.429432 0.778690 0.380250 0.942168 0.512136 0.652575 0.517957 0.779189 0.518393 0.908795
319 0.499004 0.404356 0.493998 0.644770 0.463704 0.639613 0.524293 0.649926 0.463704 0.639613 0.442571 0.766744 0.387773 0.919764 0.524293 0.649926 0.523400 0.779257 0.518903 0.911908
320 0.507876 0.403362 0.506201 0.646224 0.476734 0.641092 0.535668 0.651355 0.476734 0.641092 0.459202 0.760896 0.402762 0.898750 0.535668 0.651355 0.527165 0.778268 0.521347 0.909651
321 0.515532 0.401793 0.514125 0.643804 0.486412 0.637648 0.541838 0.649960 0.486412 0.637648 0.476255 0.751749 0.422650 0.881186 0.541838 0.649960 0.531837 0.779422 0.520216 0.911458
322 0.523238 0.399730 0.521629 0.640457 0.495517 0.633814 0.547742 0.647100 0.495517 0.633814 0.496929 0.746555 0.446876 0.864729 0.547742 0.647100 0.537435 0.774584 0.519426 0.908654
323 0.530714 0.398149 0.525358 0.633248 0.500562 0.624921 0.550154 0.641575 0.500562 0.624921 0.509118 0.743133 0.467752 0.869771 0.550154 0.641575 0.537042 0.771406 0.518615 0.908858
324 0.537802 0.395904 0.529405 0.625870 0.507415 0.613595 0.551395 0.638144 0.507415 0.613595 0.530541 0.710640 0.508510 0.827823 0.551395 0.638144 0.538337 0.764228 0.516849 0.896604
325 0.543205 0.393211 0.534874 0.619528 0.512285 0.606737 0.557463 0.632318 0.512285 0.606737 0.537969 0.699036 0.538866 0.807345 0.557463 0.632318 0.539785 0.760904 0.516729 0.896292
326 0.549549 0.389711 0.540144 0.614971 0.519264 0.601233 0.561024 0.628708 0.519264 0.601233 0.544224 0.697898 0.550080 0.802865 0.561024 0.628708 0.542040 0.761905 0.519640 0.895333
327 0.555713 0.387879 0.545472 0.610977 0.525148 0.599122 0.565796 0.622833 0.525148 0.599122 0.549838 0.705908 0.568363 0.813558 0.565796 0.622833 0.545957 0.751941 0.523015 0.890446
328 0.562069 0.387372 0.553532 0.611401 0.533228 0.602527 0.573835 0.620275 0.533228 0.602527 0.551804 0.712333 0.582909 0.817240 0.573835 0.620275 0.548299 0.746893 0.522625 0.891925
329 0.566759 0.386377 0.561436 0.609681 0.542015 0.603159 0.580857 0.616203 0.542015 0.603159 0.559405 0.716178 0.593843 0.820287 0.580857 0.616203 0.553231 0.746046 0.522052 0.892923
330 0.573505 0.386058 0.567210 0.608084 0.548799 0.601149 0.585621 0.615019 0.548799 0.601149 0.569699 0.713439 0.598997 0.815731 0.585621 0.615019 0.558924 0.745328 0.521395 0.893919
331 0.580789 0.385999 0.573329 0.607462 0.554817 0.600874 0.591842 0.614050 0.554817 0.600874 0.577361 0.709027 0.603384 0.817025 0.591842 0.614050 0.565700 0.745645 0.521044 0.894157
332 0.587412 0.385735 0.579346 0.607409 0.561148 0.600189 0.597544 0.614630 0.561148 0.600189 0.582925 0.705910 0.607369 0.820371 0.597544 0.614630 0.573191 0.743544 0.522242 0.894002
333 0.593938 0.384780 0.585751 0.605511 0.567088 0.597953 0.604414 0.613069 0.567088 0.597953 0.586521 0.707832 0.606251 0.822076 0.604414 0.613069 0.581289 0.743352 0.527701 0.893394
334 0.600089 0.380756 0.593548 0.600320 0.573698 0.594924 0.613399 0.605716 0.573698 0.594924 0.594517 0.712897 0.608660 0.825246 0.613399 0.605716 0.593374 0.742278 0.536549 0.885300
335 0.605538 0.376528 0.599683 0.597940 0.578891 0.593015 0.620475 0.602864 0.578891 0.593015 0.602136 0.718686 0.612082 0.839887 0.620475 0.602864 0.602956 0.743521 0.545880 0.878500
336 0.609870 0.372820 0.605599 0.593727 0.585474 0.589100 0.625723 0.598353 0.585474 0.589100 0.606792 0.720912 0.601620 0.847103 0.625723 0.598353 0.610367 0.742934 0.553219 0.872584
337 0.613649 0.369072 0.612402 0.586848 0.592418 0.581640 0.632385 0.592055 0.592418 0.581640 0.612915 0.716885 0.595413 0.840359 0.632385 0.592055 0.622095 0.733599 0.570172 0.865489
338 0.617854 0.365564 0.618470 0.584242 0.597092 0.579824 0.639849 0.588661 0.597092 0.579824 0.609066 0.700366 0.596699 0.826012 0.639849 0.588661 0.645025 0.713843 0.605126 0.820486
339 0.622866 0.362273 0.623123 0.577899 0.601035 0.576463 0.645211 0.579334 0.601035 0.576463 0.610248 0.695986 0.603886 0.827266 0.645211 0.579334 0.655168 0.705143 0.615215 0.813230
340 0.628479 0.360353 0.626574 0.576673 0.604066 0.574790 0.649081 0.578556 0.604066 0.574790 0.612032 0.693491 0.611957 0.827892 0.649081 0.578556 0.659379 0.704175 0.625888 0.825808
341 0.631821 0.359045 0.631459 0.575779 0.608417 0.574102 0.654500 0.577457 0.608417 0.574102 0.613707 0.696781 0.616428 0.830687 0.654500 0.577457 0.661811 0.706491 0.637087 0.835731
342 0.633701 0.358813 0.635990 0.574700 0.612711 0.572886 0.659268 0.576514 0.612711 0.572886 0.614612 0.693999 0.618178 0.833042 0.659268 0.576514 0.666235 0.705234 0.651493 0.840344
343 0.637410 0.358693 0.640859 0.571284 0.617161 0.570249 0.664558 0.572320 0.617161 0.570249 0.617120 0.688571 0.619373 0.829614 0.664558 0.572320 0.669592 0.699092 0.669090 0.830804
344 0.640932 0.358713 0.643758 0.570378 0.620170 0.569938 0.667346 0.570818 0.620170 0.569938 0.618805 0.689354 0.621398 0.827895 0.667346 0.570818 0.672241 0.695248 0.675718 0.818110
345 0.647188 0.358717 0.645963 0.569858 0.622509 0.569118 0.669416 0.570597 0.622509 0.569118 0.619355 0.690881 0.619304 0.826971 0.669416 0.570597 0.676581 0.693360 0.683740 0.815909
346 0.652103 0.358570 0.649349 0.569738 0.625423 0.569243 0.673275 0.570233 0.625423 0.569243 0.620866 0.691936 0.621179 0.826181 0.673275 0.570233 0.677988 0.690204 0.688072 0.803180
347 0.658453 0.358383 0.651819 0.568601 0.627594 0.567976 0.676044 0.569227 0.627594 0.567976 0.622141 0.692167 0.621237 0.825653 0.676044 0.569227 0.681001 0.685902 0.688876 0.801289
348 0.665168 0.358472 0.657562 0.567519 0.633337 0.566420 0.681786 0.568618 0.633337 0.566420 0.624392 0.690025 0.621180 0.822943 0.681786 0.568618 0.686284 0.687811 0.686368 0.808100
349 0.671216 0.358914 0.662231 0.565893 0.637976 0.564205 0.686485 0.567582 0.637976 0.564205 0.627481 0.689056 0.620152 0.822852 0.686485 0.567582 0.689346 0.686239 0.686610 0.808963
350 0.677118 0.358919 0.667612 0.561195 0.643159 0.559183 0.692064 0.563207 0.643159 0.559183 0.633630 0.684739 0.619932 0.823060 0.692064 0.563207 0.691753 0.683141 0.687638 0.806394
351 0.683785 0.357353 0.671040 0.555668 0.646802 0.553137 0.695279 0.558199 0.646802 0.553137 0.637492 0.676982 0.621324 0.820751 0.695279 0.558199 0.694143 0.679856 0.686130 0.803296
352 0.689107 0.354098 0.674720 0.552787 0.650578 0.549705 0.698862 0.555869 0.650578 0.549705 0.639163 0.674485 0.623376 0.816861 0.698862 0.555869 0.696126 0.678835 0.685484 0.804256
353 0.692737 0.350154 0.678630 0.545396 0.654246 0.541685 0.703015 0.549108 0.654246 0.541685 0.641022 0.665703 0.625570 0.812549 0.703015 0.549108 0.698172 0.674030 0.684346 0.800449
354 0.696423 0.348793 0.681564 0.542550 0.657328 0.539348 0.705801 0.545753 0.657328 0.539348 0.642911 0.663360 0.627962 0.807463 0.705801 0.545753 0.700481 0.669580 0.686255 0.795987
355 0.700929 0.347563 0.684528 0.537967 0.659916 0.533898 0.709140 0.542037 0.659916 0.533898 0.645368 0.663421 0.634259 0.806574 0.709140 0.542037 0.700869 0.667534 0.685677 0.796410
356 0.702926 0.345483 0.686164 0.535710 0.661762 0.531587 0.710566 0.539833 0.661762 0.531587 0.647590 0.661648 0.640185 0.801068 0.710566 0.539833 0.700904 0.664575 0.688469 0.793154
357 0.704835 0.343500 0.687465 0.534780 0.663826 0.530634 0.711105 0.538927 0.663826 0.530634 0.651051 0.662368 0.651497 0.799960 0.711105 0.538927 0.701595 0.663782 0.689027 0.794127
358 0.707632 0.339717 0.689480 0.533380 0.666458 0.529360 0.712503 0.537400 0.666458 0.529360 0.653908 0.662869 0.661519 0.801042 0.712503 0.537400 0.703722 0.665770 0.693901 0.795856
359 0.707680 0.337206 0.691677 0.533226 0.669484 0.529369 0.713870 0.537082 0.669484 0.529369 0.656112 0.661168 0.669901 0.793564 0.713870 0.537082 0.707036 0.664854 0.697435 0.796566
360 0.708539 0.333853 0.691677 0.531126 0.670451 0.527830 0.712903 0.534423 0.670451 0.527830 0.657517 0.658879 0.675192 0.782962 0.712903 0.534423 0.709464 0.658127 0.700795 0.790891
361 0.709849 0.328990 0.691924 0.527295 0.672427 0.524907 0.711420 0.529682 0.672427 0.524907 0.661202 0.656118 0.678888 0.776771 0.711420 0.529682 0.708828 0.649082 0.704849 0.780450
362 0.705351 0.327210 0.690787 0.527592 0.670931 0.525607 0.710643 0.529577 0.670931 0.525607 0.663173 0.654883 0.676545 0.772319 0.710643 0.529577 0.708457 0.649531 0.707412 0.775653
363 0.701987 0.326840 0.689529 0.528309 0.669654 0.526541 0.709403 0.530077 0.669654 0.526541 0.665424 0.653866 0.673268 0.771037 0.709403 0.530077 0.707902 0.650764 0.709361 0.774891
364 0.697795 0.327384 0.687980 0.528791 0.670055 0.526974 0.705905 0.530607 0.670055 0.526974 0.668308 0.654948 0.672114 0.774723 0.705905 0.530607 0.707405 0.652557 0.713305 0.775638
365 0.693435 0.327362 0.685200 0.527220 0.670824 0.527610 0.699576 0.526829 0.670824 0.527610 0.668538 0.655448 0.672417 0.776809 0.699576 0.526829 0.703089 0.652208 0.716383 0.768964
366 0.690128 0.328229 0.684464 0.522999 0.672051 0.525649 0.696877 0.520350 0.672051 0.525649 0.666515 0.647479 0.671648 0.774728 0.696877 0.520350 0.692562 0.636504 0.718111 0.748158
367 0.686570 0.329139 0.685053 0.521433 0.674743 0.525441 0.695363 0.517425 0.674743 0.525441 0.665553 0.644105 0.672412 0.773900 0.695363 0.517425 0.688791 0.630167 0.718354 0.743387
368 0.678871 0.333086 0.684865 0.522073 0.674142 0.525741 0.695588 0.518406 0.674142 0.525741 0.660327 0.639809 0.671544 0.771810 0.695588 0.518406 0.688330 0.623922 0.718805 0.735247
369 0.668532 0.340771 0.684700 0.525244 0.673665 0.530570 0.695734 0.519918 0.673665 0.530570 0.657430 0.640721 0.672805 0.773003 0.695734 0.519918 0.690132 0.622848 0.724535 0.729450
370 0.658308 0.348094 0.684597 0.528610 0.674957 0.536271 0.694237 0.520948 0.674957 0.536271 0.658124 0.641514 0.674649 0.773324 0.694237 0.520948 0.690382 0.624319 0.725492 0.722014
371 0.645199 0.353531 0.683975 0.528594 0.677580 0.536229 0.690369 0.520959 0.677580 0.536229 0.662282 0.645306 0.683027 0.773764 0.690369 0.520959 0.690978 0.626149 0.725788 0.724338
372 0.626657 0.363219 0.677912 0.527482 0.681258 0.533534 0.674566 0.521429 0.681258 0.533534 0.672185 0.646327 0.697873 0.769624 0.674566 0.521429 0.691203 0.628110 0.724065 0.730990
373 0.611205 0.376684 0.676957 0.527900 0.684769 0.533590 0.669145 0.522210 0.684769 0.533590 0.680602 0.646765 0.715188 0.761664 0.669145 0.522210 0.682716 0.630034 0.717247 0.732912
374 0.598356 0.386207 0.677942 0.529351 0.683588 0.536389 0.672296 0.522313 0.683588 0.536389 0.686807 0.646777 0.718064 0.761812 0.672296 0.522313 0.684882 0.625884 0.718147 0.727028
375 0.584652 0.398059 0.678615 0.531801 0.682653 0.540591 0.674577 0.523010 0.682653 0.540591 0.696967 0.648458 0.726447 0.761284 0.674577 0.523010 0.686272 0.622536 0.713742 0.721095
376 0.568739 0.412473 0.676155 0.535149 0.682762 0.539836 0.669548 0.530462 0.682762 0.539836 0.712353 0.648988 0.786989 0.701238 0.669548 0.530462 0.678576 0.635515 0.713772 0.728740
377 0.553287 0.433104 0.672453 0.538069 0.682263 0.539960 0.662644 0.536179 0.682263 0.539960 0.739599 0.634116 0.821770 0.698022 0.662644 0.536179 0.678632 0.637170 0.713704 0.732786
378 0.536293 0.464357 0.658213 0.541539 0.671543 0.539773 0.644883 0.543306 0.671543 0.539773 0.714742 0.642140 0.785670 0.735685 0.644883 0.543306 0.623213 0.611247 0.622921 0.693652
379 0.522595 0.493695 0.654897 0.545387 0.663850 0.545893 0.645944 0.544880 0.663850 0.545893 0.706745 0.645073 0.779744 0.752203 0.645944 0.544880 0.654012 0.630991 0.685149 0.703873
380 0.505288 0.519405 0.645054 0.546285 0.654905 0.546453 0.635203 0.546117 0.654905 0.546453 0.703616 0.647506 0.755491 0.756720 0.635203 0.546117 0.674665 0.640108 0.719340 0.721164
381 -1 -1 -1 -1 -1 -1 -1 -1 -1 -1 -1 -1 -1 -1 -1 -1 -1 -1 -1 -1
382 -1 -1 -1 -1 -1 -1 -1 -1 -1 -1 -1 -1 -1 -1 -1 -1 -1 -1 -1 -1
383 -1 -1 -1 -1 -1 -1 -1 -1 -1 -1 -1 -1 -1 -1 -1 -1 -1 -1 -1 -1
384 -1 -1 -1 -1 -1 -1 -1 -1 -1 -1 -1 -1 -1 -1 -1 -1 -1 -1 -1 -1
385 -1 -1 -1 -1 -1 -1 -1 -1 -1 -1 -1 -1 -1 -1 -1 -1 -1 -1 -1 -1
386 -1 -1 -1 -1 -1 -1 -1 -1 -1 -1 -1 -1 -1 -1 -1 -1 -1 -1 -1 -1
387 -1 -1 -1 -1 -1 -1 -1 -1 -1 -1 -1 -1 -1 -1 -1 -1 -1 -1 -1 -1
388 -1 -1 -1 -1 -1 -1 -1 -1 -1 -1 -1 -1 -1 -1 -1 -1 -1 -1 -1 -1
389 -1 -1 -1 -1 -1 -1 -1 -1 -1 -1 -1 -1 -1 -1 -1 -1 -1 -1 -1 -1
390 -1 -1 -1 -1 -1 -1 -1 -1 -1 -1 -1 -1 -1 -1 -1 -1 -1 -1 -1 -1
391 -1 -1 -1 -1 -1 -1 -1 -1 -1 -1 -1 -1 -1 -1 -1 -1 -1 -1 -1 -1
392 -1 -1 -1 -1 -1 -1 -1 -1 -1 -1 -1 -1 -1 -1 -1 -1 -1 -1 -1 -1
393 -1 -1 -1 -1 -1 -1 -1 -1 -1 -1 -1 -1 -1 -1 -1 -1 -1 -1 -1 -1
394 -1 -1 -1 -1 -1 -1 -1 -1 -1 -1 -1 -1 -1 -1 -1 -1 -1 -1 -1 -1
395 -1 -1 -1 -1 -1 -1 -1 -1 -1 -1 -1 -1 -1 -1 -1 -1 -1 -1 -1 -1
396 -1 -1 -1 -1 -1 -1 -1 -1 -1 -1 -1 -1 -1 -1 -1 -1 -1 -1 -1 -1
397 -1 -1 -1 -1 -1 -1 -1 -1 -1 -1 -1 -1 -1 -1 -1 -1 -1 -1 -1 -1
398 -1 -1 -1 -1 -1 -1 -1 -1 -1 -1 -1 -1 -1 -1 -1 -1 -1 -1 -1 -1
399 -1 -1 -1 -1 -1 -1 -1 -1 -1 -1 -1 -1 -1 -1 -1 -1 -1 -1 -1 -1
400 -1 -1 -1 -1 -1 -1 -1 -1 -1 -1 -1 -1 -1 -1 -1 -1 -1 -1 -1 -1
401 -1 -1 -1 -1 -1 -1 -1 -1 -1 -1 -1 -1 -1 -1 -1 -1 -1 -1 -1 -1
402 -1 -1 -1 -1 -1 -1 -1 -1 -1 -1 -1 -1 -1 -1 -1 -1 -1 -1 -1 -1
403 -1 -1 -1 -1 -1 -1 -1 -1 -1 -1 -1 -1 -1 -1 -1 -1 -1 -1 -1 -1
404 -1 -1 -1 -1 -1 -1 -1 -1 -1 -1 -1 -1 -1 -1 -1 -1 -1 -1 -1 -1
405 -1 -1 -1 -1 -1 -1 -1 -1 -1 -1 -1 -1 -1 -1 -1 -1 -1 -1 -1 -1
406 0.396363 0.754370 0.528202 0.728960 0.531959 0.741217 0.524446 0.716704 0.531959 0.741217 0.618712 0.779274 0.708994 0.757577 0.524446 0.716704 0.611180 0.730890 0.689594 0.709725
407 -1 -1 -1 -1 -1 -1 -1 -1 -1 -1 -1 -1 -1 -1 -1 -1 -1 -1 -1 -1
408 0.396670 0.755008 0.528901 0.728884 0.532812 0.741148 0.524990 0.716621 0.532812 0.741148 0.620558 0.778297 0.709664 0.758844 0.524990 0.716621 0.613432 0.731046 0.694060 0.714453
409 0.397252 0.754825 0.529785 0.728695 0.533865 0.740956 0.525705 0.716434 0.533865 0.740956 0.620558 0.776534 0.709676 0.758749 0.525705 0.716434 0.614287 0.731867 0.695392 0.718063
410 0.397671 0.754640 0.530293 0.727034 0.534491 0.738619 0.526096 0.715448 0.534491 0.738619 0.620366 0.771641 0.709243 0.757869 0.526096 0.715448 0.615014 0.732827 0.696450 0.722723
411 0.398239 0.754385 0.531243 0.725729 0.535835 0.737279 0.526652 0.714179 0.535835 0.737279 0.620374 0.771521 0.708783 0.757553 0.526652 0.714179 0.615464 0.734215 0.696558 0.726646
412 0.398807 0.754365 0.531956 0.724932 0.536605 0.736949 0.527308 0.712915 0.536605 0.736949 0.620396 0.771783 0.708513 0.757563 0.527308 0.712915 0.615954 0.734392 0.696748 0.728494
413 0.398976 0.754432 0.532078 0.724806 0.536707 0.736796 0.527450 0.712817 0.536707 0.736796 0.620370 0.771221 0.707941 0.756595 0.527450 0.712817 0.615905 0.735189 0.697217 0.729940
414 0.399103 0.754636 0.531860 0.725201 0.536387 0.736802 0.527333 0.713600 0.536387 0.736802 0.620236 0.770332 0.707812 0.755549 0.527333 0.713600 0.615898 0.736329 0.698157 0.731592
415 0.399117 0.754847 0.531540 0.726315 0.535883 0.737661 0.527197 0.714969 0.535883 0.737661 0.620191 0.770363 0.707857 0.755299 0.527197 0.714969 0.615901 0.736370 0.699284 0.732322
416 0.398952 0.755222 0.531271 0.727624 0.535356 0.739206 0.527185 0.716042 0.535356 0.739206 0.620159 0.770811 0.707970 0.755076 0.527185 0.716042 0.616019 0.736660 0.700449 0.732383
417 0.398829 0.755541 0.531002 0.728164 0.534896 0.740038 0.527108 0.716289 0.534896 0.740038 0.620166 0.771173 0.708020 0.754784 0.527108 0.716289 0.616082 0.736899 0.700854 0.732116
418 0.398652 0.755686 0.530843 0.728370 0.534640 0.740447 0.527047 0.716294 0.534640 0.740447 0.620212 0.771522 0.708044 0.754538 0.527047 0.716294 0.616288 0.736860 0.701043 0.731527
419 0.398599 0.755577 0.530670 0.728493 0.534332 0.740537 0.527009 0.716449 0.534332 0.740537 0.619974 0.771456 0.707941 0.754435 0.527009 0.716449 0.616275 0.737069 0.700881 0.731965
420 0.398661 0.755546 0.530705 0.728477 0.534324 0.740505 0.527087 0.716449 0.534324 0.740505 0.619936 0.771377 0.707961 0.754436 0.527087 0.716449 0.616431 0.737618 0.701666 0.733168
421 0.398673 0.755541 0.530714 0.728440 0.534317 0.740332 0.527110 0.716549 0.534317 0.740332 0.619844 0.771085 0.707978 0.754406 0.527110 0.716549 0.616445 0.738469 0.702160 0.733821
422 0.398718 0.755484 0.530792 0.728537 0.534358 0.740206 0.527225 0.716868 0.534358 0.740206 0.619842 0.770564 0.707965 0.754297 0.527225 0.716868 0.616780 0.738877 0.702291 0.734264
423 0.398831 0.755343 0.530824 0.728634 0.534393 0.739555 0.527255 0.717713 0.534393 0.739555 0.619680 0.769048 0.707957 0.753791 0.527255 0.717713 0.616810 0.740097 0.702505 0.734921
424 0.398994 0.755121 0.530832 0.728634 0.534409 0.738990 0.527255 0.718277 0.534409 0.738990 0.619562 0.767545 0.707816 0.752998 0.527255 0.718277 0.616809 0.740658 0.702401 0.734939
425 0.399273 0.755164 0.530869 0.728605 0.534488 0.738749 0.527250 0.718461 0.534488 0.738749 0.619557 0.767646 0.707820 0.752897 0.527250 0.718461 0.616805 0.740619 0.702337 0.734740
426 0.399358 0.755129 0.530872 0.728419 0.534497 0.738561 0.527246 0.718278 0.534497 0.738561 0.619498 0.767739 0.707828 0.752855 0.527246 0.718278 0.616786 0.740570 0.702284 0.734663
427 0.399476 0.755133 0.530926 0.728362 0.534567 0.738446 0.527286 0.718278 0.534567 0.738446 0.619493 0.767865 0.707832 0.752859 0.527286 0.718278 0.616787 0.740538 0.702245 0.734594
428 0.399504 0.755032 0.530940 0.728271 0.534592 0.738401 0.527287 0.718141 0.534592 0.738401 0.619479 0.768210 0.707826 0.752863 0.527287 0.718141 0.616759 0.740496 0.702141 0.734532
429 0.399558 0.755078 0.530941 0.728206 0.534596 0.738288 0.527286 0.718123 0.534596 0.738288 0.619447 0.768240 0.707825 0.752839 0.527286 0.718123 0.616700 0.740607 0.702110 0.734502
430 0.399600 0.755073 0.530944 0.728182 0.534599 0.738255 0.527289 0.718109 0.534599 0.738255 0.619402 0.768286 0.707860 0.752701 0.527289 0.718109 0.616650 0.740684 0.702083 0.734510
431 0.399698 0.755085 0.530956 0.728251 0.534605 0.738290 0.527308 0.718212 0.534605 0.738290 0.619396 0.768324 0.707860 0.752688 0.527308 0.718212 0.616645 0.740899 0.702102 0.734751
432 0.399682 0.755266 0.530903 0.728333 0.534563 0.738461 0.527243 0.718206 0.534563 0.738461 0.619394 0.768362 0.707778 0.752804 0.527243 0.718206 0.616643 0.740361 0.702035 0.734729
433 0.399751 0.755605 0.530895 0.728391 0.534547 0.738543 0.527243 0.718239 0.534547 0.738543 0.619395 0.768479 0.707688 0.752804 0.527243 0.718239 0.616639 0.740317 0.701916 0.734694
434 0.399740 0.755741 0.530898 0.728458 0.534544 0.738590 0.527252 0.718326 0.534544 0.738590 0.619409 0.768738 0.707700 0.752923 0.527252 0.718326 0.616641 0.740313 0.701901 0.734679
435 0.399772 0.756137 0.530899 0.728529 0.534545 0.738598 0.527253 0.718461 0.534545 0.738598 0.619408 0.768947 0.707693 0.753064 0.527253 0.718461 0.616634 0.740305 0.701891 0.734679
436 0.399774 0.756192 0.530886 0.728526 0.534530 0.738595 0.527242 0.718457 0.534530 0.738595 0.619341 0.768960 0.707683 0.753059 0.527242 0.718457 0.616554 0.740356 0.701873 0.734685
437 0.399763 0.756210 0.530879 0.728574 0.534527 0.738617 0.527230 0.718532 0.534527 0.738617 0.619297 0.768730 0.707501 0.752889 0.527230 0.718532 0.616490 0.740378 0.701518 0.734673
438 0.399699 0.756231 0.530817 0.728525 0.534475 0.738617 0.527159 0.718432 0.534475 0.738617 0.619283 0.768753 0.707470 0.752893 0.527159 0.718432 0.616441 0.740322 0.701410 0.734666
439 0.399678 0.756221 0.530724 0.728430 0.534383 0.738064 0.527065 0.718797 0.534383 0.738064 0.619187 0.768165 0.707355 0.752688 0.527065 0.718797 0.616313 0.740605 0.701293 0.734771
440 0.399590 0.756279 0.530630 0.728502 0.534261 0.737922 0.526998 0.719081 0.534261 0.737922 0.619037 0.768123 0.707307 0.752544 0.526998 0.719081 0.616150 0.740670 0.701175 0.734722
441 0.399485 0.756393 0.530575 0.728464 0.534222 0.737849 0.526929 0.719079 0.534222 0.737849 0.619033 0.768141 0.707331 0.752444 0.526929 0.719079 0.615972 0.740648 0.701021 0.734340
442 0.399496 0.756418 0.530561 0.728454 0.534212 0.737641 0.526911 0.719267 0.534212 0.737641 0.619017 0.768106 0.707329 0.752334 0.526911 0.719267 0.615910 0.740802 0.700995 0.734353
443 0.399466 0.756324 0.530582 0.728452 0.534230 0.737649 0.526935 0.719256 0.534230 0.737649 0.619013 0.768047 0.707329 0.752198 0.526935 0.719256 0.615875 0.740798 0.700784 0.734236
444 0.399149 0.756939 0.530575 0.728451 0.534230 0.739192 0.526920 0.717710 0.534230 0.739192 0.619043 0.769708 0.707541 0.752726 0.526920 0.717710 0.615784 0.739528 0.700592 0.733819
445 0.398948 0.757138 0.530601 0.728633 0.534229 0.739565 0.526974 0.717700 0.534229 0.739565 0.619067 0.769699 0.707723 0.752714 0.526974 0.717700 0.615888 0.739648 0.700849 0.733776
446 0.398648 0.756647 0.530601 0.728696 0.534225 0.739906 0.526976 0.717486 0.534225 0.739906 0.619066 0.769698 0.707749 0.752722 0.526976 0.717486 0.615893 0.739659 0.700845 0.733610
447 0.398594 0.756625 0.530622 0.728817 0.534228 0.740185 0.527015 0.717449 0.534228 0.740185 0.619154 0.769700 0.707839 0.752809 0.527015 0.717449 0.616180 0.739635 0.700907 0.733535
448 0.398484 0.756402 0.530642 0.728895 0.534244 0.740409 0.527040 0.717380 0.534244 0.740409 0.619182 0.769714 0.707857 0.752867 0.527040 0.717380 0.616232 0.739634 0.700905 0.733502
449 0.398467 0.756386 0.530658 0.728858 0.534267 0.740396 0.527048 0.717320 0.534267 0.740396 0.619182 0.769574 0.707812 0.752789 0.527048 0.717320 0.616230 0.739682 0.700862 0.733467
450 0.398468 0.756471 0.530677 0.728844 0.534300 0.740454 0.527055 0.717234 0.534300 0.740454 0.619193 0.769476 0.707733 0.752743 0.527055 0.717234 0.616243 0.739756 0.700846 0.733464
451 0.398469 0.756538 0.530702 0.728707 0.534330 0.740597 0.527075 0.716817 0.534330 0.740597 0.619191 0.769199 0.707588 0.752473 0.527075 0.716817 0.616238 0.739704 0.700758 0.733243
452 0.398439 0.756565 0.530742 0.728639 0.534331 0.740840 0.527154 0.716438 0.534331 0.740840 0.619218 0.769199 0.707658 0.752468 0.527154 0.716438 0.616333 0.739707 0.700804 0.733216
453 0.398403 0.756572 0.530731 0.728511 0.534293 0.740832 0.527168 0.716190 0.534293 0.740832 0.619184 0.769233 0.707660 0.752468 0.527168 0.716190 0.616332 0.739674 0.700844 0.733163
454 0.398341 0.756565 0.530727 0.728373 0.534274 0.740882 0.527180 0.715864 0.534274 0.740882 0.619176 0.769257 0.707661 0.752468 0.527180 0.715864 0.616332 0.739549 0.700835 0.732892
455 0.398338 0.756563 0.530709 0.728333 0.534244 0.740886 0.527173 0.715780 0.534244 0.740886 0.619132 0.769193 0.707653 0.752389 0.527173 0.715780 0.616331 0.739473 0.700835 0.732739
456 0.398383 0.756327 0.530790 0.728207 0.534278 0.740804 0.527302 0.715610 0.534278 0.740804 0.619309 0.769556 0.707658 0.752507 0.527302 0.715610 0.616525 0.739306 0.700963 0.732739
457 0.398454 0.756078 0.530808 0.728085 0.534278 0.740522 0.527339 0.715648 0.534278 0.740522 0.619326 0.769502 0.707657 0.752537 0.527339 0.715648 0.616579 0.739358 0.701062 0.732772
458 0.398547 0.755629 0.530797 0.727887 0.534254 0.739685 0.527341 0.716088 0.534254 0.739685 0.619214 0.769157 0.707598 0.752451 0.527341 0.716088 0.616516 0.739901 0.701103 0.733028
459 0.398617 0.755541 0.530813 0.728014 0.534263 0.739375 0.527363 0.716653 0.534263 0.739375 0.619217 0.769156 0.707569 0.752450 0.527363 0.716653 0.616510 0.740191 0.701102 0.733064
460 0.398677 0.755466 0.530827 0.727887 0.534281 0.738984 0.527374 0.716789 0.534281 0.738984 0.619222 0.769154 0.707527 0.752421 0.527374 0.716789 0.616443 0.740422 0.701058 0.733142
461 0.398819 0.755588 0.530824 0.727778 0.534274 0.738729 0.527374 0.716826 0.534274 0.738729 0.619222 0.769173 0.707539 0.752463 0.527374 0.716826 0.616412 0.740494 0.701022 0.733138
462 0.398850 0.755740 0.530812 0.727763 0.534275 0.738699 0.527348 0.716826 0.534275 0.738699 0.619207 0.769186 0.707522 0.752428 0.527348 0.716826 0.616335 0.740781 0.701019 0.733276
463 0.398812 0.755791 0.530810 0.727722 0.534279 0.738701 0.527341 0.716743 0.534279 0.738701 0.619221 0.769165 0.707522 0.752508 0.527341 0.716743 0.616336 0.740797 0.700970 0.733389
464 0.398794 0.755684 0.530810 0.727699 0.534277 0.738701 0.527342 0.716697 0.534277 0.738701 0.619222 0.769161 0.707521 0.752518 0.527342 0.716697 0.616332 0.740843 0.700941 0.733408
465 0.398812 0.755647 0.530850 0.727752 0.534343 0.738810 0.527357 0.716695 0.534343 0.738810 0.619342 0.769166 0.707587 0.752561 0.527357 0.716695 0.616400 0.740806 0.700935 0.733371
466 0.398689 0.755644 0.530875 0.727809 0.534350 0.738925 0.527400 0.716693 0.534350 0.738925 0.619377 0.769358 0.707622 0.752625 0.527400 0.716693 0.616401 0.740744 0.700933 0.733348
467 0.398769 0.755663 0.530930 0.727901 0.534367 0.739154 0.527492 0.716647 0.534367 0.739154 0.619506 0.769452 0.707651 0.752708 0.527492 0.716647 0.616511 0.740622 0.700970 0.733352
468 0.398774 0.755359 0.530927 0.727915 0.534360 0.739176 0.527494 0.716654 0.534360 0.739176 0.619399 0.768910 0.707547 0.752704 0.527494 0.716654 0.616453 0.740566 0.700930 0.733377
469 0.398736 0.755109 0.530929 0.728127 0.534358 0.739130 0.527499 0.717124 0.534358 0.739130 0.619291 0.767975 0.707261 0.752616 0.527499 0.717124 0.616501 0.740585 0.700929 0.733436
470 0.398637 0.754957 0.530916 0.728110 0.534330 0.739166 0.527502 0.717055 0.534330 0.739166 0.619286 0.768548 0.707345 0.753237 0.527502 0.717055 0.616498 0.740075 0.700924 0.733451
471 0.398625 0.754774 0.530881 0.728025 0.534269 0.738697 0.527494 0.717353 0.534269 0.738697 0.619274 0.768449 0.707344 0.753235 0.527494 0.717353 0.616502 0.740512 0.700949 0.733829
472 0.398614 0.754759 0.530874 0.728027 0.534253 0.738700 0.527495 0.717354 0.534253 0.738700 0.619276 0.768560 0.707344 0.753293 0.527495 0.717354 0.616514 0.740548 0.700952 0.733909
473 0.398611 0.754756 0.530830 0.727946 0.534183 0.738532 0.527476 0.717359 0.534183 0.738532 0.619227 0.768482 0.707328 0.753285 0.527476 0.717359 0.616500 0.740720 0.700971 0.734142
474 0.398595 0.754862 0.530830 0.727868 0.534167 0.738444 0.527494 0.717291 0.534167 0.738444 0.619226 0.768607 0.707415 0.753332 0.527494 0.717291 0.616499 0.740719 0.701035 0.734201
475 0.398596 0.755099 0.530809 0.727662 0.534132 0.738554 0.527485 0.716771 0.534132 0.738554 0.619201 0.768591 0.707360 0.753334 0.527485 0.716771 0.616429 0.740534 0.700731 0.734065
476 0.398611 0.755287 0.530825 0.727672 0.534151 0.738557 0.527500 0.716787 0.534151 0.738557 0.619241 0.768590 0.707345 0.753337 0.527500 0.716787 0.616461 0.740511 0.700584 0.734029
477 0.398627 0.755511 0.530836 0.727684 0.534170 0.738596 0.527501 0.716772 0.534170 0.738596 0.619256 0.768652 0.707299 0.753347 0.527501 0.716772 0.616467 0.740339 0.700418 0.733965
478 0.398642 0.755690 0.530847 0.727657 0.534185 0.738603 0.527509 0.716711 0.534185 0.738603 0.619256 0.768764 0.707293 0.753361 0.527509 0.716711 0.616470 0.740150 0.700403 0.733941
479 0.398652 0.756298 0.530821 0.727659 0.534171 0.738451 0.527470 0.716867 0.534171 0.738451 0.619245 0.769001 0.707293 0.753382 0.527470 0.716867 0.616454 0.740068 0.700344 0.733905
480 0.398703 0.756670 0.530806 0.727925 0.534169 0.738497 0.527443 0.717352 0.534169 0.738497 0.619169 0.768996 0.707294 0.753386 0.527443 0.717352 0.616428 0.740098 0.700284 0.733917
481 0.398765 0.757290 0.530777 0.728178 0.534156 0.738591 0.527397 0.717765 0.534156 0.738591 0.619160 0.769291 0.707347 0.753437 0.527397 0.717765 0.616348 0.740266 0.700221 0.733931
482 0.398804 0.757350 0.530736 0.728350 0.534144 0.738714 0.527328 0.717985 0.534144 0.738714 0.619166 0.769297 0.707376 0.753439 0.527328 0.717985 0.616352 0.740505 0.700241 0.733932
