209
235
0 -1 -1 -1 -1 -1 -1 -1 -1 -1 -1 -1 -1 -1 -1 -1 -1 -1 -1 -1 -1
1 0.325087 0.352301 0.321186 0.462602 0.341484 0.460654 0.300888 0.464550 0.341484 0.460654 0.338478 0.426172 0.302444 0.427195 0.300888 0.464550 0.306303 0.476511 0.325171 0.607057
2 0.324909 0.352675 0.321139 0.459623 0.341390 0.457043 0.300887 0.462203 0.341390 0.457043 0.342346 0.422805 0.306880 0.431548 0.300887 0.462203 0.307791 0.504185 0.325128 0.610459
3 0.324739 0.352887 0.321140 0.457534 0.341391 0.454473 0.300888 0.460596 0.341391 0.454473 0.346686 0.415838 0.306824 0.435900 0.300888 0.460596 0.308581 0.501479 0.325098 0.611560
4 0.324681 0.353135 0.321233 0.456313 0.341526 0.452976 0.300940 0.459651 0.341526 0.452976 0.348986 0.413084 0.308071 0.437307 0.300940 0.459651 0.309395 0.502724 0.325092 0.611532
5 0.324622 0.353333 0.321229 0.456192 0.341521 0.453041 0.300936 0.459342 0.341521 0.453041 0.349023 0.414569 0.310607 0.438247 0.300936 0.459342 0.309849 0.506246 0.325091 0.611928
6 0.324534 0.353610 0.320919 0.456408 0.341184 0.453465 0.300653 0.459350 0.341184 0.453465 0.347925 0.419832 0.311955 0.438352 0.300653 0.459350 0.310318 0.505776 0.325108 0.612470
7 0.324511 0.353540 0.320912 0.456508 0.341172 0.453645 0.300652 0.459371 0.341172 0.453645 0.347300 0.419903 0.311160 0.437645 0.300652 0.459371 0.310197 0.502603 0.325094 0.612504
8 0.324507 0.353512 0.320780 0.457189 0.340953 0.454903 0.300608 0.459474 0.340953 0.454903 0.346730 0.426621 0.311207 0.437709 0.300608 0.459474 0.310601 0.500968 0.325036 0.612422
9 0.324368 0.353552 0.320878 0.457290 0.341097 0.455032 0.300658 0.459547 0.341097 0.455032 0.347956 0.417005 0.311716 0.435231 0.300658 0.459547 0.310520 0.501697 0.324963 0.612372
10 0.324235 0.353516 0.321093 0.457357 0.341367 0.455107 0.300819 0.459608 0.341367 0.455107 0.349014 0.410899 0.312964 0.431748 0.300819 0.459608 0.310491 0.501061 0.324889 0.612324
11 0.324200 0.353493 0.321192 0.457422 0.341474 0.455173 0.300911 0.459671 0.341474 0.455173 0.349476 0.412509 0.315626 0.429477 0.300911 0.459671 0.311170 0.502083 0.324876 0.612302
12 0.324159 0.353483 0.321216 0.457725 0.341487 0.455443 0.300946 0.460007 0.341487 0.455443 0.349479 0.417526 0.318917 0.424811 0.300946 0.460007 0.312882 0.504879 0.324854 0.612284
13 0.324147 0.353488 0.321252 0.457784 0.341500 0.455548 0.301004 0.460020 0.341500 0.455548 0.349872 0.418088 0.317449 0.425144 0.301004 0.460020 0.312738 0.503816 0.324809 0.611741
14 0.324150 0.353515 0.321282 0.457836 0.341524 0.455628 0.301039 0.460043 0.341524 0.455628 0.351046 0.418132 0.317089 0.425479 0.301039 0.460043 0.312589 0.502880 0.324703 0.611167
15 0.324129 0.353568 0.321608 0.457849 0.341981 0.455632 0.301235 0.460067 0.341981 0.455632 0.353175 0.415224 0.317485 0.425268 0.301235 0.460067 0.312466 0.500001 0.324595 0.610850
16 0.324111 0.353691 0.321613 0.457897 0.341990 0.455660 0.301235 0.460135 0.341990 0.455660 0.352857 0.415376 0.318516 0.424542 0.301235 0.460135 0.312541 0.499345 0.324533 0.610290
17 0.324060 0.353852 0.321569 0.457913 0.341923 0.455668 0.301215 0.460157 0.341923 0.455668 0.352501 0.419590 0.322052 0.424860 0.301215 0.460157 0.314488 0.500552 0.324476 0.610136
18 0.324003 0.353935 0.321513 0.457636 0.341841 0.455220 0.301186 0.460053 0.341841 0.455220 0.349510 0.426676 0.324510 0.425086 0.301186 0.460053 0.315832 0.510835 0.324402 0.610139
19 0.324020 0.354376 0.321946 0.456614 0.342580 0.453189 0.301312 0.460040 0.342580 0.453189 0.349907 0.422565 0.326804 0.426590 0.301312 0.460040 0.316070 0.512194 0.324397 0.610323
20 0.324059 0.354516 0.322543 0.456020 0.343490 0.451992 0.301597 0.460048 0.343490 0.451992 0.351670 0.414329 0.326754 0.423931 0.301597 0.460048 0.316340 0.510543 0.324388 0.610322
21 0.324059 0.354642 0.323137 0.455635 0.344386 0.451340 0.301888 0.459929 0.344386 0.451340 0.351112 0.413054 0.325791 0.423844 0.301888 0.459929 0.316138 0.509602 0.324366 0.610081
22 0.323859 0.354633 0.323490 0.454178 0.344968 0.449182 0.302012 0.459173 0.344968 0.449182 0.352039 0.410579 0.322173 0.421778 0.302012 0.459173 0.316067 0.505605 0.324364 0.607799
23 0.323832 0.354558 0.324066 0.452995 0.345697 0.447357 0.302435 0.458632 0.345697 0.447357 0.353104 0.411487 0.320166 0.425431 0.302435 0.458632 0.316419 0.502614 0.324406 0.607496
24 0.323880 0.354387 0.324927 0.451090 0.346656 0.445021 0.303197 0.457160 0.346656 0.445021 0.354027 0.411517 0.319822 0.428401 0.303197 0.457160 0.316922 0.500618 0.324407 0.606917
25 0.323919 0.354102 0.325400 0.450551 0.346859 0.444673 0.303941 0.456429 0.346859 0.444673 0.353837 0.411921 0.318141 0.429953 0.303941 0.456429 0.316884 0.498665 0.324402 0.606017
26 0.323983 0.353807 0.325795 0.449639 0.347030 0.444041 0.304560 0.455237 0.347030 0.444041 0.353642 0.412664 0.317983 0.435197 0.304560 0.455237 0.317457 0.497972 0.324382 0.605763
27 0.324032 0.353676 0.325712 0.449780 0.346920 0.444356 0.304504 0.455203 0.346920 0.444356 0.353451 0.416107 0.318635 0.435960 0.304504 0.455203 0.317758 0.497462 0.324339 0.604486
28 0.324163 0.353591 0.325675 0.450006 0.346903 0.444704 0.304446 0.455308 0.346903 0.444704 0.354751 0.416283 0.322693 0.435208 0.304446 0.455308 0.319028 0.497645 0.324312 0.604214
29 0.324246 0.353572 0.325163 0.450954 0.346149 0.445859 0.304177 0.456049 0.346149 0.445859 0.351308 0.418127 0.322389 0.434642 0.304177 0.456049 0.318825 0.498677 0.324264 0.604035
30 0.324334 0.353579 0.324627 0.451811 0.345449 0.447453 0.303806 0.456168 0.345449 0.447453 0.347401 0.420673 0.322228 0.435362 0.303806 0.456168 0.318661 0.498792 0.324252 0.603372
31 0.324403 0.353664 0.324473 0.451994 0.345195 0.447773 0.303750 0.456216 0.345195 0.447773 0.347672 0.420287 0.322121 0.434987 0.303750 0.456216 0.318537 0.498890 0.324192 0.603294
32 0.324425 0.353760 0.324504 0.451604 0.345227 0.447483 0.303780 0.455725 0.345227 0.447483 0.347921 0.412527 0.320436 0.430284 0.303780 0.455725 0.314768 0.487995 0.324183 0.603247
33 0.324444 0.353770 0.324502 0.451401 0.345218 0.447392 0.303786 0.455411 0.345218 0.447392 0.348540 0.412035 0.320426 0.429412 0.303786 0.455411 0.313279 0.485954 0.324185 0.603300
34 0.324478 0.353756 0.324490 0.451258 0.345198 0.447378 0.303781 0.455139 0.345198 0.447378 0.349839 0.412457 0.317561 0.431425 0.303781 0.455139 0.312426 0.482076 0.324183 0.603326
35 0.324517 0.353709 0.324495 0.451143 0.345206 0.447238 0.303783 0.455048 0.345206 0.447238 0.352018 0.406531 0.317747 0.432500 0.303783 0.455048 0.312103 0.481806 0.324168 0.603286
36 0.324639 0.353536 0.324434 0.451242 0.345084 0.447434 0.303784 0.455050 0.345084 0.447434 0.352727 0.407303 0.317657 0.434448 0.303784 0.455050 0.312355 0.483931 0.324163 0.603295
37 0.324948 0.353367 0.324712 0.450803 0.345075 0.447436 0.304350 0.454170 0.345075 0.447436 0.352706 0.410905 0.314928 0.440719 0.304350 0.454170 0.312471 0.484466 0.324071 0.603183
38 0.325001 0.353367 0.324473 0.451233 0.344664 0.448255 0.304281 0.454210 0.344664 0.448255 0.351660 0.419643 0.304971 0.445894 0.304281 0.454210 0.311532 0.475749 0.324066 0.602915
39 0.325180 0.353411 0.324225 0.451600 0.344198 0.449297 0.304251 0.453903 0.344198 0.449297 0.351285 0.433843 0.300705 0.449387 0.304251 0.453903 0.312304 0.477325 0.323994 0.602695
40 0.325194 0.353428 0.323968 0.452150 0.343999 0.450387 0.303938 0.453914 0.343999 0.450387 0.351177 0.435184 0.304151 0.447473 0.303938 0.453914 0.311853 0.477885 0.323947 0.602575
41 0.325251 0.353506 0.323933 0.452447 0.343931 0.450948 0.303934 0.453946 0.343931 0.450948 0.351175 0.433892 0.306063 0.445923 0.303934 0.453946 0.311252 0.480005 0.323899 0.602657
42 0.325611 0.353590 0.323754 0.453924 0.343601 0.453004 0.303907 0.454844 0.343601 0.453004 0.351382 0.438280 0.313617 0.445324 0.303907 0.454844 0.311390 0.485832 0.323881 0.603012
43 0.325933 0.353856 0.323667 0.455039 0.343415 0.454195 0.303920 0.455883 0.343415 0.454195 0.348978 0.435551 0.311630 0.445009 0.303920 0.455883 0.311449 0.492798 0.323878 0.603750
44 0.326095 0.354013 0.324042 0.455425 0.343461 0.454278 0.304622 0.456572 0.343461 0.454278 0.349929 0.435360 0.309032 0.445089 0.304622 0.456572 0.311505 0.494345 0.323903 0.604262
45 0.326237 0.354039 0.323961 0.456506 0.343224 0.454720 0.304697 0.458292 0.343224 0.454720 0.349597 0.434523 0.309228 0.444830 0.304697 0.458292 0.312260 0.501114 0.323893 0.607218
46 0.326732 0.354038 0.323529 0.456921 0.342372 0.454923 0.304686 0.458918 0.342372 0.454923 0.347039 0.433279 0.316188 0.441547 0.304686 0.458918 0.317627 0.516674 0.323914 0.610221
47 0.326976 0.354031 0.323765 0.457121 0.342407 0.454972 0.305123 0.459270 0.342407 0.454972 0.346227 0.432746 0.320513 0.441537 0.305123 0.459270 0.321361 0.525131 0.323943 0.611778
48 0.327057 0.354060 0.323868 0.457078 0.342431 0.454844 0.305304 0.459313 0.342431 0.454844 0.346340 0.433722 0.321632 0.441541 0.305304 0.459313 0.322239 0.522920 0.323962 0.611756
49 0.327470 0.354343 0.323865 0.457439 0.342402 0.455231 0.305329 0.459647 0.342402 0.455231 0.343672 0.441515 0.320738 0.442222 0.305329 0.459647 0.323654 0.520329 0.323962 0.611699
50 0.327619 0.354406 0.323914 0.457545 0.342417 0.455334 0.305412 0.459756 0.342417 0.455334 0.343744 0.443877 0.320050 0.444735 0.305412 0.459756 0.323572 0.526112 0.323966 0.611551
51 -1 -1 -1 -1 -1 -1 -1 -1 -1 -1 -1 -1 -1 -1 -1 -1 -1 -1 -1 -1
52 -1 -1 -1 -1 -1 -1 -1 -1 -1 -1 -1 -1 -1 -1 -1 -1 -1 -1 -1 -1
53 -1 -1 -1 -1 -1 -1 -1 -1 -1 -1 -1 -1 -1 -1 -1 -1 -1 -1 -1 -1
54 -1 -1 -1 -1 -1 -1 -1 -1 -1 -1 -1 -1 -1 -1 -1 -1 -1 -1 -1 -1
55 -1 -1 -1 -1 -1 -1 -1 -1 -1 -1 -1 -1 -1 -1 -1 -1 -1 -1 -1 -1
56 -1 -1 -1 -1 -1 -1 -1 -1 -1 -1 -1 -1 -1 -1 -1 -1 -1 -1 -1 -1
57 -1 -1 -1 -1 -1 -1 -1 -1 -1 -1 -1 -1 -1 -1 -1 -1 -1 -1 -1 -1
58 -1 -1 -1 -1 -1 -1 -1 -1 -1 -1 -1 -1 -1 -1 -1 -1 -1 -1 -1 -1
59 -1 -1 -1 -1 -1 -1 -1 -1 -1 -1 -1 -1 -1 -1 -1 -1 -1 -1 -1 -1
60 -1 -1 -1 -1 -1 -1 -1 -1 -1 -1 -1 -1 -1 -1 -1 -1 -1 -1 -1 -1
61 -1 -1 -1 -1 -1 -1 -1 -1 -1 -1 -1 -1 -1 -1 -1 -1 -1 -1 -1 -1
62 -1 -1 -1 -1 -1 -1 -1 -1 -1 -1 -1 -1 -1 -1 -1 -1 -1 -1 -1 -1
63 -1 -1 -1 -1 -1 -1 -1 -1 -1 -1 -1 -1 -1 -1 -1 -1 -1 -1 -1 -1
64 0.327012 0.354766 0.326630 0.458027 0.346690 0.455334 0.306571 0.460720 0.346690 0.455334 0.358530 0.398804 0.330293 0.440694 0.306571 0.460720 0.318654 0.486786 0.324019 0.611165
65 0.326708 0.354675 0.326563 0.457345 0.346564 0.453878 0.306562 0.460811 0.346564 0.453878 0.358958 0.400458 0.336758 0.440587 0.306562 0.460811 0.318026 0.486414 0.324131 0.610827
66 0.326444 0.354528 0.326418 0.456304 0.346389 0.452278 0.306446 0.460330 0.346389 0.452278 0.357207 0.400922 0.336578 0.439415 0.306446 0.460330 0.318041 0.492089 0.324275 0.610459
67 0.325870 0.354505 0.323342 0.456353 0.342466 0.452552 0.304217 0.460154 0.342466 0.452552 0.351620 0.401729 0.334519 0.430493 0.304217 0.460154 0.317532 0.495482 0.324309 0.607984
68 0.325219 0.354464 0.321275 0.455883 0.340085 0.452576 0.302465 0.459191 0.340085 0.452576 0.349473 0.433902 0.329880 0.434957 0.302465 0.459191 0.316110 0.495563 0.324309 0.606490
69 0.324355 0.354435 0.319349 0.454676 0.337177 0.452624 0.301522 0.456728 0.337177 0.452624 0.343961 0.442837 0.320610 0.436182 0.301522 0.456728 0.315726 0.496267 0.324179 0.604293
70 0.323851 0.354359 0.318378 0.455366 0.335599 0.453887 0.301157 0.456846 0.335599 0.453887 0.338328 0.457722 0.318475 0.441405 0.301157 0.456846 0.315783 0.504408 0.324167 0.604648
71 0.323738 0.354390 0.318956 0.455414 0.336552 0.453904 0.301360 0.456925 0.336552 0.453904 0.339245 0.451470 0.316234 0.455352 0.301360 0.456925 0.314501 0.504334 0.324260 0.605486
72 -1 -1 -1 -1 -1 -1 -1 -1 -1 -1 -1 -1 -1 -1 -1 -1 -1 -1 -1 -1
73 -1 -1 -1 -1 -1 -1 -1 -1 -1 -1 -1 -1 -1 -1 -1 -1 -1 -1 -1 -1
74 -1 -1 -1 -1 -1 -1 -1 -1 -1 -1 -1 -1 -1 -1 -1 -1 -1 -1 -1 -1
75 -1 -1 -1 -1 -1 -1 -1 -1 -1 -1 -1 -1 -1 -1 -1 -1 -1 -1 -1 -1
76 -1 -1 -1 -1 -1 -1 -1 -1 -1 -1 -1 -1 -1 -1 -1 -1 -1 -1 -1 -1
77 -1 -1 -1 -1 -1 -1 -1 -1 -1 -1 -1 -1 -1 -1 -1 -1 -1 -1 -1 -1
78 -1 -1 -1 -1 -1 -1 -1 -1 -1 -1 -1 -1 -1 -1 -1 -1 -1 -1 -1 -1
79 -1 -1 -1 -1 -1 -1 -1 -1 -1 -1 -1 -1 -1 -1 -1 -1 -1 -1 -1 -1
80 -1 -1 -1 -1 -1 -1 -1 -1 -1 -1 -1 -1 -1 -1 -1 -1 -1 -1 -1 -1
81 -1 -1 -1 -1 -1 -1 -1 -1 -1 -1 -1 -1 -1 -1 -1 -1 -1 -1 -1 -1
82 0.323725 0.351621 0.325639 0.455089 0.344741 0.454487 0.306537 0.455692 0.344741 0.454487 0.361969 0.515442 0.347919 0.546959 0.306537 0.455692 0.315766 0.498450 0.323804 0.611583
83 0.323617 0.351073 0.325593 0.455175 0.344690 0.454640 0.306497 0.455710 0.344690 0.454640 0.361419 0.506160 0.349676 0.550471 0.306497 0.455710 0.314218 0.493090 0.323574 0.611059
84 0.323250 0.350488 0.325533 0.455424 0.344646 0.454863 0.306421 0.455984 0.344646 0.454863 0.358012 0.505114 0.350031 0.548612 0.306421 0.455984 0.312044 0.489619 0.323392 0.609487
85 0.323005 0.349615 0.325520 0.455399 0.344665 0.454822 0.306375 0.455976 0.344665 0.454822 0.357210 0.504699 0.348491 0.556714 0.306375 0.455976 0.310387 0.485667 0.323068 0.609490
86 0.322690 0.349279 0.324847 0.455363 0.344150 0.454676 0.305545 0.456050 0.344150 0.454676 0.354120 0.474787 0.348806 0.561784 0.305545 0.456050 0.310096 0.483347 0.322360 0.609004
87 0.322446 0.348824 0.324654 0.455614 0.344142 0.454676 0.305166 0.456552 0.344142 0.454676 0.353106 0.464250 0.349425 0.562189 0.305166 0.456552 0.308484 0.478892 0.321157 0.607431
88 0.322030 0.348324 0.324339 0.455972 0.343983 0.454914 0.304695 0.457029 0.343983 0.454914 0.353223 0.465310 0.348823 0.561478 0.304695 0.457029 0.307509 0.476413 0.320112 0.604284
89 0.321353 0.347574 0.323731 0.456001 0.343485 0.454916 0.303978 0.457087 0.343485 0.454916 0.353471 0.469275 0.348862 0.573424 0.303978 0.457087 0.308099 0.478351 0.319121 0.602268
90 0.320838 0.347204 0.323518 0.456065 0.343466 0.454966 0.303571 0.457164 0.343466 0.454966 0.354248 0.472918 0.348768 0.579185 0.303571 0.457164 0.307455 0.477832 0.318191 0.601842
91 0.319780 0.346833 0.323422 0.456525 0.343390 0.455299 0.303454 0.457750 0.343390 0.455299 0.356066 0.473999 0.348661 0.595001 0.303454 0.457750 0.307454 0.476881 0.317914 0.602047
92 0.319006 0.346647 0.323203 0.456632 0.343215 0.455356 0.303192 0.457909 0.343215 0.455356 0.356575 0.473622 0.348563 0.594774 0.303192 0.457909 0.307066 0.474619 0.317491 0.602227
93 0.318523 0.346680 0.322422 0.457141 0.342482 0.455632 0.302361 0.458651 0.342482 0.455632 0.358117 0.474286 0.348394 0.593274 0.302361 0.458651 0.307217 0.475279 0.317438 0.602392
94 0.318341 0.346742 0.321894 0.457538 0.342210 0.455897 0.301578 0.459178 0.342210 0.455897 0.358380 0.474465 0.348269 0.591817 0.301578 0.459178 0.307183 0.476067 0.317464 0.602539
95 0.318155 0.346838 0.320971 0.457605 0.341551 0.456058 0.300390 0.459153 0.341551 0.456058 0.358999 0.474662 0.347159 0.589559 0.300390 0.459153 0.307118 0.474693 0.317172 0.601848
96 0.318155 0.346876 0.320637 0.457355 0.341005 0.456044 0.300268 0.458665 0.341005 0.456044 0.359896 0.474953 0.346769 0.586863 0.300268 0.458665 0.307147 0.474800 0.317001 0.601637
97 0.318171 0.346911 0.320046 0.457228 0.340333 0.456043 0.299759 0.458414 0.340333 0.456043 0.360172 0.475154 0.345403 0.585378 0.299759 0.458414 0.306866 0.475125 0.316824 0.601646
98 0.318277 0.346934 0.319902 0.456972 0.339973 0.456018 0.299831 0.457926 0.339973 0.456018 0.360037 0.478590 0.344443 0.585387 0.299831 0.457926 0.306837 0.475297 0.316776 0.601972
99 0.318438 0.346925 0.319954 0.456616 0.339986 0.455894 0.299922 0.457337 0.339986 0.455894 0.358784 0.489597 0.343871 0.584718 0.299922 0.457337 0.306750 0.476209 0.316681 0.602006
100 0.318887 0.346772 0.319897 0.455450 0.339827 0.455274 0.299967 0.455627 0.339827 0.455274 0.358395 0.492646 0.343567 0.584650 0.299967 0.455627 0.306378 0.476346 0.316705 0.602035
101 0.319494 0.346585 0.319539 0.455315 0.339164 0.455255 0.299914 0.455374 0.339164 0.455255 0.359293 0.495203 0.343117 0.584387 0.299914 0.455374 0.306365 0.478647 0.316807 0.602254
102 0.320259 0.346759 0.319593 0.455368 0.339235 0.455343 0.299950 0.455392 0.339235 0.455343 0.361435 0.492419 0.343106 0.583914 0.299950 0.455392 0.306379 0.479912 0.316837 0.602954
103 0.321738 0.347076 0.319627 0.455512 0.339262 0.455582 0.299993 0.455443 0.339262 0.455582 0.362263 0.493291 0.342645 0.583598 0.299993 0.455443 0.306586 0.481787 0.317221 0.603221
104 0.322982 0.347345 0.319965 0.456148 0.339631 0.456670 0.300299 0.455626 0.339631 0.456670 0.362489 0.494654 0.342195 0.582059 0.300299 0.455626 0.306871 0.482522 0.317288 0.603233
105 0.324242 0.348244 0.320153 0.457061 0.339882 0.458158 0.300424 0.455963 0.339882 0.458158 0.362710 0.493821 0.341920 0.580725 0.300424 0.455963 0.307145 0.482246 0.317295 0.600795
106 0.325481 0.348786 0.321520 0.457282 0.341126 0.458377 0.301913 0.456188 0.341126 0.458377 0.362680 0.493703 0.341983 0.577700 0.301913 0.456188 0.307621 0.482120 0.318161 0.599085
107 0.327005 0.349415 0.322226 0.457712 0.341947 0.458881 0.302506 0.456542 0.341947 0.458881 0.363017 0.493648 0.341801 0.577768 0.302506 0.456542 0.307735 0.481899 0.318159 0.599389
108 0.328890 0.349800 0.322781 0.457686 0.342516 0.458818 0.303045 0.456553 0.342516 0.458818 0.363247 0.493191 0.341802 0.576742 0.303045 0.456553 0.307888 0.482250 0.318157 0.599595
109 0.330490 0.350273 0.323198 0.457665 0.343055 0.458765 0.303341 0.456565 0.343055 0.458765 0.363244 0.492693 0.341812 0.576899 0.303341 0.456565 0.308384 0.482209 0.318230 0.599929
110 0.332012 0.351132 0.323575 0.457923 0.343595 0.459125 0.303555 0.456721 0.343595 0.459125 0.363203 0.492404 0.341751 0.577015 0.303555 0.456721 0.308600 0.481772 0.318274 0.600005
111 0.333488 0.351971 0.323815 0.457555 0.343860 0.458928 0.303771 0.456181 0.343860 0.458928 0.362667 0.492061 0.341758 0.577364 0.303771 0.456181 0.309554 0.482489 0.318288 0.600023
112 0.335033 0.352865 0.324634 0.457806 0.344755 0.459310 0.304513 0.456302 0.344755 0.459310 0.362122 0.491962 0.341910 0.578721 0.304513 0.456302 0.310426 0.483638 0.318416 0.601387
113 0.336165 0.354143 0.324739 0.457941 0.344813 0.459549 0.304664 0.456332 0.344813 0.459549 0.361975 0.491761 0.342170 0.579031 0.304664 0.456332 0.310756 0.485634 0.318724 0.602751
114 0.336924 0.355477 0.324802 0.457978 0.344814 0.459608 0.304790 0.456348 0.344814 0.459608 0.361703 0.491614 0.343127 0.580171 0.304790 0.456348 0.310973 0.485343 0.318882 0.602875
115 0.338167 0.356786 0.324962 0.457852 0.345087 0.459717 0.304836 0.455987 0.345087 0.459717 0.360919 0.491705 0.344166 0.580497 0.304836 0.455987 0.311075 0.485145 0.318959 0.600082
116 0.338966 0.358318 0.325112 0.458117 0.345378 0.460249 0.304846 0.455985 0.345378 0.460249 0.360874 0.491745 0.344409 0.580837 0.304846 0.455985 0.312323 0.485174 0.319542 0.594678
117 0.339696 0.359638 0.325569 0.458556 0.346076 0.460986 0.305062 0.456127 0.346076 0.460986 0.361029 0.491362 0.344949 0.580897 0.305062 0.456127 0.316448 0.487656 0.319959 0.593424
118 0.340452 0.361683 0.325563 0.458453 0.346081 0.460966 0.305044 0.455939 0.346081 0.460966 0.361493 0.491797 0.345303 0.580669 0.305044 0.455939 0.315592 0.487618 0.320356 0.592288
119 0.340996 0.363033 0.325751 0.458005 0.346378 0.460786 0.305123 0.455225 0.346378 0.460786 0.362064 0.491737 0.345493 0.580551 0.305123 0.455225 0.315630 0.487549 0.320764 0.591222
120 0.341621 0.364299 0.325766 0.451618 0.346419 0.454110 0.305113 0.449126 0.346419 0.454110 0.362532 0.492211 0.345624 0.580463 0.305113 0.449126 0.317331 0.490028 0.321209 0.590799
121 0.342299 0.364491 0.326095 0.446590 0.346971 0.448202 0.305218 0.444978 0.346971 0.448202 0.362442 0.494673 0.345674 0.580529 0.305218 0.444978 0.319824 0.493757 0.322242 0.589580
122 0.342500 0.364411 0.326365 0.442678 0.347209 0.444825 0.305521 0.440531 0.347209 0.444825 0.362248 0.497085 0.345660 0.580668 0.305521 0.440531 0.319859 0.495275 0.322740 0.588708
123 0.342733 0.364167 0.326810 0.435196 0.347196 0.437404 0.306424 0.432989 0.347196 0.437404 0.362242 0.496863 0.344899 0.581047 0.306424 0.432989 0.321174 0.495773 0.322804 0.589276
124 0.342620 0.362522 0.327393 0.432791 0.347137 0.435202 0.307648 0.430381 0.347137 0.435202 0.362338 0.498830 0.344692 0.583319 0.307648 0.430381 0.321017 0.495555 0.323237 0.588777
125 0.343248 0.356660 0.328242 0.430544 0.347223 0.432664 0.309262 0.428424 0.347223 0.432664 0.362373 0.500065 0.344785 0.583122 0.309262 0.428424 0.320619 0.495904 0.323211 0.587984
126 0.344191 0.349947 0.328841 0.427174 0.347349 0.429536 0.310333 0.424811 0.347349 0.429536 0.361699 0.500647 0.344801 0.582738 0.310333 0.424811 0.321065 0.495453 0.323158 0.587966
127 0.345053 0.344085 0.329574 0.420696 0.348199 0.423174 0.310949 0.418218 0.348199 0.423174 0.360905 0.500057 0.344955 0.582385 0.310949 0.418218 0.321323 0.495122 0.323129 0.587002
128 0.346051 0.337546 0.329906 0.412658 0.348520 0.415306 0.311292 0.410011 0.348520 0.415306 0.360766 0.497712 0.345139 0.582287 0.311292 0.410011 0.322392 0.494702 0.323086 0.586090
129 0.346675 0.329125 0.329990 0.407577 0.348639 0.409846 0.311342 0.405308 0.348639 0.409846 0.359968 0.495194 0.345211 0.582037 0.311342 0.405308 0.322689 0.494526 0.323056 0.585775
130 0.347629 0.319274 0.330627 0.404847 0.349451 0.407213 0.311802 0.402482 0.349451 0.407213 0.358416 0.494980 0.345546 0.581519 0.311802 0.402482 0.322487 0.494398 0.323272 0.584788
131 0.348799 0.309264 0.331219 0.401355 0.350294 0.403831 0.312143 0.398879 0.350294 0.403831 0.357429 0.494991 0.345597 0.581150 0.312143 0.398879 0.322453 0.494355 0.323251 0.584167
132 0.350054 0.296915 0.331889 0.397502 0.351252 0.399226 0.312525 0.395777 0.351252 0.399226 0.356696 0.493155 0.346454 0.580187 0.312525 0.395777 0.322261 0.494094 0.323213 0.584392
133 0.350799 0.285257 0.332837 0.393009 0.352624 0.394391 0.313049 0.391626 0.352624 0.394391 0.356528 0.491912 0.346904 0.579149 0.313049 0.391626 0.322170 0.493461 0.323193 0.584100
134 0.351262 0.274985 0.333210 0.385408 0.352950 0.386328 0.313470 0.384487 0.352950 0.386328 0.356733 0.488671 0.347206 0.578908 0.313470 0.384487 0.322096 0.490852 0.323150 0.583196
135 0.351830 0.264466 0.333561 0.381090 0.353414 0.381741 0.313707 0.380440 0.353414 0.381741 0.356305 0.486910 0.347171 0.578762 0.313707 0.380440 0.322043 0.487949 0.323023 0.582500
136 0.352516 0.254911 0.334376 0.376347 0.354488 0.377004 0.314263 0.375690 0.354488 0.377004 0.355522 0.483622 0.347239 0.577221 0.314263 0.375690 0.321976 0.484969 0.322999 0.580761
137 0.353020 0.245739 0.335524 0.373384 0.355886 0.374130 0.315162 0.372638 0.355886 0.374130 0.355247 0.483533 0.347214 0.575993 0.315162 0.372638 0.322554 0.484317 0.322845 0.580253
138 0.353378 0.237897 0.336444 0.370071 0.356805 0.370997 0.316082 0.369145 0.356805 0.370997 0.354658 0.484518 0.347052 0.575721 0.316082 0.369145 0.323911 0.482240 0.322801 0.580302
139 0.353629 0.230517 0.337665 0.365845 0.358127 0.366842 0.317203 0.364847 0.358127 0.366842 0.354462 0.484800 0.346873 0.575857 0.317203 0.364847 0.325147 0.479735 0.322782 0.580383
140 0.353889 0.224265 0.338668 0.366548 0.359293 0.367514 0.318042 0.365582 0.359293 0.367514 0.354579 0.485049 0.346421 0.575917 0.318042 0.365582 0.326220 0.479948 0.323037 0.580433
141 0.353936 0.219247 0.339670 0.364712 0.360505 0.365617 0.318835 0.363807 0.360505 0.365617 0.354685 0.484308 0.346207 0.575121 0.318835 0.363807 0.327060 0.478893 0.323797 0.580610
142 0.353815 0.215581 0.340114 0.365539 0.360924 0.366255 0.319303 0.364822 0.360924 0.366255 0.355416 0.483741 0.346185 0.574086 0.319303 0.364822 0.328811 0.479367 0.325975 0.581950
143 0.353518 0.213090 0.340947 0.366309 0.361771 0.366832 0.320123 0.365787 0.361771 0.366832 0.356542 0.483851 0.346065 0.573428 0.320123 0.365787 0.329973 0.479849 0.327891 0.584684
144 0.353061 0.210095 0.341433 0.367321 0.362134 0.367698 0.320733 0.366944 0.362134 0.367698 0.357700 0.484024 0.346019 0.574238 0.320733 0.366944 0.330945 0.479895 0.329480 0.590327
145 0.352664 0.207515 0.342046 0.366855 0.362543 0.367182 0.321548 0.366527 0.362543 0.367182 0.358476 0.483903 0.345943 0.575181 0.321548 0.366527 0.333046 0.480208 0.330567 0.593957
146 0.352373 0.205728 0.342960 0.366066 0.363358 0.366307 0.322563 0.365825 0.363358 0.366307 0.358532 0.482867 0.344178 0.574773 0.322563 0.365825 0.334163 0.479831 0.331825 0.594785
147 0.351850 0.203466 0.344036 0.365841 0.364363 0.365887 0.323709 0.365794 0.364363 0.365887 0.358669 0.482430 0.343220 0.571414 0.323709 0.365794 0.334798 0.479819 0.333277 0.596812
148 0.351384 0.202778 0.344598 0.365809 0.365135 0.365474 0.324061 0.366145 0.365135 0.365474 0.359178 0.482441 0.343258 0.569176 0.324061 0.366145 0.335190 0.479935 0.333492 0.597849
149 0.350883 0.202108 0.345162 0.365781 0.365686 0.365100 0.324637 0.366463 0.365686 0.365100 0.359613 0.482523 0.343429 0.569597 0.324637 0.366463 0.335121 0.480888 0.333475 0.599068
150 0.349938 0.201199 0.345755 0.365995 0.366156 0.365225 0.325354 0.366765 0.366156 0.365225 0.360398 0.483236 0.343392 0.569787 0.325354 0.366765 0.336069 0.482093 0.333981 0.600548
151 0.348923 0.200997 0.346120 0.366047 0.366417 0.365303 0.325822 0.366792 0.366417 0.365303 0.361061 0.483256 0.343589 0.570297 0.325822 0.366792 0.335913 0.483423 0.333703 0.601658
152 0.347773 0.200783 0.346829 0.365817 0.366965 0.364773 0.326692 0.366862 0.366965 0.364773 0.362391 0.483572 0.343782 0.570376 0.326692 0.366862 0.336544 0.485250 0.333728 0.601554
153 0.346857 0.200275 0.347910 0.365449 0.367852 0.363850 0.327969 0.367048 0.367852 0.363850 0.364312 0.483612 0.344041 0.570257 0.327969 0.367048 0.337352 0.485894 0.334238 0.601367
154 0.345475 0.199888 0.348870 0.365480 0.368690 0.363759 0.329051 0.367201 0.368690 0.363759 0.366338 0.484333 0.344252 0.571592 0.329051 0.367201 0.337978 0.488451 0.334698 0.601582
155 0.344593 0.199659 0.349876 0.365912 0.369723 0.363946 0.330029 0.367877 0.369723 0.363946 0.368872 0.487953 0.344259 0.574145 0.330029 0.367877 0.339009 0.491734 0.334678 0.601268
156 0.343625 0.199086 0.350694 0.366584 0.370627 0.364009 0.330761 0.369158 0.370627 0.364009 0.371943 0.490703 0.344278 0.575029 0.330761 0.369158 0.339660 0.493089 0.334651 0.600279
157 0.342939 0.199302 0.351306 0.370739 0.371274 0.367644 0.331338 0.373835 0.371274 0.367644 0.377272 0.495768 0.344278 0.577778 0.331338 0.373835 0.339516 0.497810 0.334594 0.600170
158 0.342424 0.199894 0.352010 0.373472 0.371829 0.370179 0.332190 0.376766 0.371829 0.370179 0.381168 0.498404 0.344300 0.579951 0.332190 0.376766 0.339336 0.501023 0.334477 0.601202
159 0.342118 0.200678 0.353069 0.374107 0.373037 0.370533 0.333101 0.377682 0.373037 0.370533 0.384735 0.500367 0.345860 0.581957 0.333101 0.377682 0.339658 0.501193 0.334395 0.600557
160 0.341717 0.201046 0.353264 0.373936 0.372972 0.370412 0.333556 0.377461 0.372972 0.370412 0.387082 0.500282 0.348573 0.585316 0.333556 0.377461 0.340366 0.500405 0.334075 0.600467
161 0.341874 0.201180 0.353484 0.374177 0.373048 0.370632 0.333920 0.377723 0.373048 0.370632 0.389095 0.500248 0.351328 0.589796 0.333920 0.377723 0.340457 0.500100 0.333324 0.600434
162 0.342554 0.201118 0.353684 0.374440 0.373114 0.371045 0.334255 0.377834 0.373114 0.371045 0.389935 0.499931 0.357668 0.594502 0.334255 0.377834 0.340252 0.499894 0.332859 0.600722
163 0.344231 0.200660 0.354140 0.374630 0.373463 0.371309 0.334817 0.377951 0.373463 0.371309 0.390639 0.499597 0.367999 0.601693 0.334817 0.377951 0.340203 0.499764 0.332117 0.599581
164 0.345693 0.200851 0.354534 0.375364 0.373582 0.372206 0.335485 0.378523 0.373582 0.372206 0.390355 0.499527 0.374861 0.608758 0.335485 0.378523 0.340109 0.499799 0.330503 0.597920
165 0.347739 0.200970 0.355036 0.375823 0.373589 0.372834 0.336483 0.378812 0.373589 0.372834 0.389702 0.498978 0.382493 0.613489 0.336483 0.378812 0.340057 0.499678 0.329118 0.596649
166 0.349926 0.202034 0.355415 0.376473 0.373749 0.373618 0.337081 0.379327 0.373749 0.373618 0.389663 0.498819 0.389611 0.619403 0.337081 0.379327 0.340036 0.500311 0.328829 0.596549
167 0.351928 0.204041 0.355811 0.377065 0.373767 0.374336 0.337855 0.379793 0.373767 0.374336 0.389667 0.498766 0.395111 0.622354 0.337855 0.379793 0.339511 0.501583 0.328930 0.597097
168 0.354486 0.205791 0.356318 0.378412 0.374006 0.375999 0.338631 0.380825 0.374006 0.375999 0.389704 0.499475 0.399600 0.624613 0.338631 0.380825 0.338922 0.502882 0.329079 0.598760
169 0.357590 0.207336 0.356652 0.380001 0.374684 0.377937 0.338619 0.382064 0.374684 0.377937 0.390583 0.499947 0.402613 0.626009 0.338619 0.382064 0.338188 0.504671 0.329661 0.600183
170 0.360703 0.207061 0.357679 0.380446 0.376016 0.378796 0.339342 0.382096 0.376016 0.378796 0.391910 0.500489 0.402653 0.626823 0.339342 0.382096 0.338038 0.505345 0.330186 0.600762
171 0.363728 0.206694 0.359690 0.380731 0.378834 0.379480 0.340547 0.381982 0.378834 0.379480 0.393557 0.501856 0.402054 0.628102 0.340547 0.381982 0.337998 0.505471 0.330565 0.600993
172 0.367429 0.206950 0.362521 0.381432 0.382424 0.380934 0.342618 0.381930 0.382424 0.380934 0.395811 0.503657 0.399557 0.627822 0.342618 0.381930 0.338099 0.505306 0.331150 0.600953
173 0.371310 0.207453 0.365347 0.382093 0.385415 0.382315 0.345278 0.381872 0.385415 0.382315 0.399214 0.505780 0.397452 0.626638 0.345278 0.381872 0.339086 0.505093 0.332288 0.600944
174 0.375532 0.207654 0.368421 0.382764 0.388373 0.383653 0.348468 0.381876 0.388373 0.383653 0.400291 0.506521 0.396644 0.625491 0.348468 0.381876 0.341070 0.504555 0.333458 0.600918
175 0.379995 0.208528 0.371072 0.384404 0.390760 0.386241 0.351384 0.382567 0.390760 0.386241 0.402084 0.508651 0.395922 0.625157 0.351384 0.382567 0.342928 0.504380 0.335774 0.599651
176 0.384356 0.209315 0.374531 0.384639 0.394337 0.386753 0.354726 0.382524 0.394337 0.386753 0.403199 0.509366 0.395481 0.624716 0.354726 0.382524 0.345458 0.504351 0.336246 0.600081
177 0.389525 0.209252 0.378759 0.384028 0.398623 0.386306 0.358896 0.381750 0.398623 0.386306 0.405506 0.509270 0.395203 0.624544 0.358896 0.381750 0.349943 0.504273 0.337660 0.601259
178 0.394313 0.210179 0.382672 0.384252 0.402814 0.386769 0.362531 0.381736 0.402814 0.386769 0.407878 0.510743 0.394688 0.624364 0.362531 0.381736 0.353468 0.504764 0.338809 0.601291
179 0.398626 0.211906 0.386168 0.385262 0.406729 0.387918 0.365607 0.382605 0.406729 0.387918 0.411193 0.512936 0.394343 0.624249 0.365607 0.382605 0.358722 0.507298 0.340131 0.602199
180 0.402693 0.213024 0.390054 0.385087 0.410021 0.387619 0.370087 0.382555 0.410021 0.387619 0.411724 0.513572 0.394197 0.624130 0.370087 0.382555 0.364272 0.507478 0.341966 0.601158
181 0.406693 0.212362 0.393053 0.384669 0.413558 0.387509 0.372548 0.381830 0.413558 0.387509 0.412108 0.514624 0.393955 0.624141 0.372548 0.381830 0.369451 0.508074 0.344133 0.601264
182 0.410038 0.212105 0.397415 0.383906 0.417825 0.386683 0.377006 0.381128 0.417825 0.386683 0.413453 0.514539 0.394006 0.624316 0.377006 0.381128 0.377176 0.508707 0.348899 0.601792
183 0.412863 0.211977 0.399776 0.383508 0.420064 0.386203 0.379488 0.380812 0.420064 0.386203 0.414111 0.514952 0.393214 0.625657 0.379488 0.380812 0.383058 0.509367 0.354217 0.604990
184 0.416063 0.212332 0.402529 0.383193 0.422381 0.386164 0.382678 0.380223 0.422381 0.386164 0.417456 0.516200 0.390242 0.625608 0.382678 0.380223 0.389951 0.510335 0.362398 0.613126
185 0.419067 0.212703 0.403881 0.383188 0.423297 0.386152 0.384465 0.380223 0.423297 0.386152 0.420095 0.516266 0.390391 0.625544 0.384465 0.380223 0.393176 0.511283 0.372901 0.626381
186 0.422688 0.213005 0.406176 0.383606 0.425209 0.386590 0.387143 0.380622 0.425209 0.386590 0.422637 0.516418 0.392020 0.624757 0.387143 0.380622 0.397771 0.515005 0.381520 0.637001
187 0.426370 0.214134 0.407923 0.384021 0.427052 0.387169 0.388795 0.380873 0.427052 0.387169 0.421901 0.516289 0.391683 0.623752 0.388795 0.380873 0.402699 0.516013 0.388659 0.633715
188 0.430361 0.215902 0.410244 0.384511 0.428967 0.387910 0.391520 0.381111 0.428967 0.387910 0.421590 0.516212 0.388223 0.620563 0.391520 0.381111 0.406407 0.516327 0.404929 0.645106
189 0.434494 0.217681 0.412736 0.384881 0.431247 0.388547 0.394224 0.381215 0.431247 0.388547 0.421547 0.516337 0.386885 0.620324 0.394224 0.381215 0.408617 0.515982 0.415379 0.649662
190 0.439104 0.219404 0.414854 0.386286 0.433116 0.390211 0.396591 0.382362 0.433116 0.390211 0.422731 0.516504 0.386046 0.621105 0.396591 0.382362 0.414089 0.515635 0.424407 0.651854
191 0.443669 0.220621 0.416886 0.387611 0.434705 0.391848 0.399067 0.383374 0.434705 0.391848 0.422171 0.516210 0.381324 0.621127 0.399067 0.383374 0.418113 0.515377 0.432982 0.651805
192 0.448465 0.222484 0.420386 0.389198 0.437800 0.393843 0.402973 0.384553 0.437800 0.393843 0.422206 0.516194 0.380827 0.621556 0.402973 0.384553 0.424457 0.515343 0.436916 0.651175
193 0.453451 0.224284 0.424010 0.392174 0.440805 0.396613 0.407214 0.387736 0.440805 0.396613 0.421912 0.516172 0.381324 0.621572 0.407214 0.387736 0.430828 0.515258 0.442665 0.652688
194 0.458611 0.226868 0.427627 0.394150 0.444039 0.398278 0.411214 0.390023 0.444039 0.398278 0.422235 0.516145 0.381571 0.621373 0.411214 0.390023 0.435545 0.516121 0.445873 0.654943
195 0.463274 0.228948 0.433371 0.396287 0.448904 0.399447 0.417837 0.393127 0.448904 0.399447 0.422973 0.516727 0.384189 0.621385 0.417837 0.393127 0.439133 0.520607 0.448700 0.657604
196 0.468835 0.231613 0.438751 0.396358 0.453761 0.399376 0.423740 0.393339 0.453761 0.399376 0.427303 0.516973 0.385647 0.620957 0.423740 0.393339 0.444704 0.521531 0.449938 0.657668
197 0.474628 0.233008 0.443776 0.396182 0.458616 0.399005 0.428935 0.393360 0.458616 0.399005 0.433643 0.517394 0.387519 0.619521 0.428935 0.393360 0.445862 0.524049 0.450066 0.657444
198 0.480605 0.234606 0.448639 0.397583 0.462672 0.399614 0.434605 0.395553 0.462672 0.399614 0.439930 0.519330 0.390170 0.618756 0.434605 0.395553 0.446980 0.528806 0.450464 0.656978
199 0.486893 0.235189 0.454712 0.399997 0.467032 0.401806 0.442391 0.398187 0.467032 0.401806 0.443113 0.519526 0.393273 0.617358 0.442391 0.398187 0.449194 0.530548 0.450733 0.657081
200 0.493193 0.237177 0.459637 0.405057 0.471079 0.406352 0.448196 0.403762 0.471079 0.406352 0.450509 0.520003 0.397386 0.615519 0.448196 0.403762 0.452504 0.534582 0.451471 0.657433
201 0.497629 0.241847 0.464834 0.414333 0.477054 0.415079 0.452613 0.413587 0.477054 0.415079 0.464015 0.524574 0.403583 0.614771 0.452613 0.413587 0.454693 0.540860 0.448232 0.657217
202 0.503362 0.247042 0.470582 0.421258 0.483675 0.421621 0.457489 0.420895 0.483675 0.421621 0.476167 0.534934 0.418340 0.619337 0.457489 0.420895 0.460215 0.549527 0.447601 0.656924
203 0.513210 0.253603 0.476965 0.425544 0.490014 0.425456 0.463917 0.425632 0.490014 0.425456 0.490825 0.541619 0.430880 0.624021 0.463917 0.425632 0.463759 0.552450 0.446733 0.653184
204 0.523465 0.263454 0.481797 0.428913 0.495193 0.428830 0.468400 0.428996 0.495193 0.428830 0.496719 0.544221 0.436968 0.626805 0.468400 0.428996 0.469324 0.557789 0.446082 0.653164
205 0.532646 0.276760 0.484941 0.431245 0.498708 0.430408 0.471173 0.432081 0.498708 0.430408 0.499105 0.542520 0.436900 0.626082 0.471173 0.432081 0.471835 0.559599 0.446311 0.654053
206 0.544961 0.291102 0.489033 0.434152 0.503718 0.432000 0.474347 0.436303 0.503718 0.432000 0.499068 0.541713 0.455822 0.628278 0.474347 0.436303 0.473114 0.558144 0.446524 0.655995
207 0.559188 0.306129 0.493180 0.440530 0.507802 0.435975 0.478558 0.445085 0.507802 0.435975 0.507972 0.540232 0.466130 0.615362 0.478558 0.445085 0.477069 0.556006 0.447434 0.654739
208 0.567319 0.331023 0.501461 0.446720 0.516245 0.434915 0.486677 0.458524 0.516245 0.434915 0.525682 0.526261 0.481218 0.596605 0.486677 0.458524 0.480068 0.554136 0.444711 0.642985
209 0.571555 0.356226 0.503404 0.462605 0.513738 0.449294 0.493071 0.475915 0.513738 0.449294 0.507166 0.536405 0.461808 0.598665 0.493071 0.475915 0.476722 0.554928 0.437755 0.636513
210 -1 -1 -1 -1 -1 -1 -1 -1 -1 -1 -1 -1 -1 -1 -1 -1 -1 -1 -1 -1
211 0.623149 0.465360 0.489746 0.447095 0.489483 0.465437 0.490008 0.428754 0.489483 0.465437 0.443654 0.621749 0.489839 0.573971 0.490008 0.428754 0.487215 0.586925 0.492884 0.573034
212 0.616985 0.486759 0.496578 0.462925 0.504267 0.465935 0.488889 0.459916 0.504267 0.465935 0.516398 0.614570 0.489882 0.561158 0.488889 0.459916 0.471621 0.607499 0.476077 0.567428
213 -1 -1 -1 -1 -1 -1 -1 -1 -1 -1 -1 -1 -1 -1 -1 -1 -1 -1 -1 -1
214 -1 -1 -1 -1 -1 -1 -1 -1 -1 -1 -1 -1 -1 -1 -1 -1 -1 -1 -1 -1
215 -1 -1 -1 -1 -1 -1 -1 -1 -1 -1 -1 -1 -1 -1 -1 -1 -1 -1 -1 -1
216 -1 -1 -1 -1 -1 -1 -1 -1 -1 -1 -1 -1 -1 -1 -1 -1 -1 -1 -1 -1
217 -1 -1 -1 -1 -1 -1 -1 -1 -1 -1 -1 -1 -1 -1 -1 -1 -1 -1 -1 -1
218 -1 -1 -1 -1 -1 -1 -1 -1 -1 -1 -1 -1 -1 -1 -1 -1 -1 -1 -1 -1
219 -1 -1 -1 -1 -1 -1 -1 -1 -1 -1 -1 -1 -1 -1 -1 -1 -1 -1 -1 -1
220 0.700858 0.771064 0.572046 0.716982 0.581437 0.692736 0.562656 0.741228 0.581437 0.692736 0.491586 0.666771 0.410823 0.608137 0.562656 0.741228 0.474331 0.716685 0.398104 0.667053
221 0.705381 0.792411 0.577689 0.731335 0.585668 0.707627 0.569711 0.755043 0.585668 0.707627 0.495312 0.677808 0.413412 0.631055 0.569711 0.755043 0.477372 0.716906 0.397829 0.662398
222 0.705228 0.790216 0.578639 0.729033 0.586522 0.703753 0.570756 0.754313 0.586522 0.703753 0.497136 0.676284 0.414075 0.629106 0.570756 0.754313 0.480644 0.718338 0.398871 0.661879
223 0.703928 0.776218 0.577395 0.722737 0.585687 0.696191 0.569103 0.749283 0.585687 0.696191 0.499130 0.662996 0.414259 0.620109 0.569103 0.749283 0.485281 0.710211 0.403404 0.659930
224 0.701875 0.763292 0.575632 0.714755 0.584222 0.688263 0.567041 0.741247 0.584222 0.688263 0.499047 0.656586 0.412448 0.614731 0.567041 0.741247 0.485005 0.704049 0.405809 0.657449
225 0.700172 0.755506 0.574082 0.708711 0.582295 0.683229 0.565868 0.734193 0.582295 0.683229 0.498993 0.655528 0.409317 0.606941 0.565868 0.734193 0.484453 0.699757 0.405594 0.653381
226 0.698153 0.751562 0.572681 0.705940 0.580907 0.681041 0.564456 0.730839 0.580907 0.681041 0.498174 0.650867 0.404914 0.597576 0.564456 0.730839 0.482106 0.697521 0.403198 0.643666
227 0.696843 0.751873 0.573249 0.710445 0.581659 0.684274 0.564839 0.736616 0.581659 0.684274 0.498235 0.650091 0.408294 0.597804 0.564839 0.736616 0.482082 0.698003 0.404410 0.643184
228 0.696243 0.753457 0.571299 0.714387 0.579644 0.688433 0.562953 0.740342 0.579644 0.688433 0.497618 0.651503 0.410736 0.603127 0.562953 0.740342 0.481618 0.702924 0.404642 0.646844
229 0.696168 0.759886 0.570420 0.719509 0.578628 0.693609 0.562213 0.745410 0.578628 0.693609 0.496842 0.658109 0.412308 0.609485 0.562213 0.745410 0.481804 0.706355 0.404903 0.652030
230 0.695838 0.767087 0.570509 0.726192 0.578963 0.700526 0.562056 0.751859 0.578963 0.700526 0.496904 0.663677 0.412786 0.617555 0.562056 0.751859 0.482432 0.707880 0.405639 0.655093
231 0.695564 0.773188 0.571699 0.729293 0.579949 0.704632 0.563448 0.753954 0.579949 0.704632 0.497596 0.673032 0.413062 0.635332 0.563448 0.753954 0.484012 0.711805 0.405993 0.659548
232 0.695316 0.778283 0.572593 0.731302 0.580750 0.706182 0.564436 0.756422 0.580750 0.706182 0.498240 0.675424 0.413482 0.640970 0.564436 0.756422 0.484842 0.713707 0.406189 0.661482
233 0.695603 0.780804 0.573872 0.730931 0.581761 0.705846 0.565982 0.756017 0.581761 0.705846 0.499014 0.674383 0.413847 0.637416 0.565982 0.756017 0.484963 0.714225 0.406103 0.660131
234 0.696730 0.780723 0.575114 0.728585 0.582631 0.703350 0.567598 0.753821 0.582631 0.703350 0.499127 0.671983 0.414331 0.635227 0.567598 0.753821 0.484905 0.713120 0.405785 0.659311
235 0.698322 0.780567 0.575775 0.727556 0.583149 0.701894 0.568400 0.753218 0.583149 0.701894 0.499781 0.671098 0.415597 0.637469 0.568400 0.753218 0.485403 0.713126 0.406153 0.659243
236 0.698840 0.780265 0.575780 0.726822 0.583138 0.700790 0.568421 0.752855 0.583138 0.700790 0.499969 0.670522 0.416697 0.637812 0.568421 0.752855 0.485945 0.712921 0.408174 0.659500
237 0.698893 0.779889 0.575480 0.726549 0.582925 0.699806 0.568035 0.753292 0.582925 0.699806 0.499952 0.668694 0.415839 0.636005 0.568035 0.753292 0.485575 0.712377 0.408162 0.659241
238 0.698885 0.780562 0.575212 0.726544 0.582708 0.699419 0.567716 0.753670 0.582708 0.699419 0.499139 0.668355 0.414848 0.634888 0.567716 0.753670 0.483526 0.712055 0.407319 0.659164
239 0.698911 0.781286 0.575040 0.727534 0.582592 0.700379 0.567488 0.754690 0.582592 0.700379 0.497830 0.668340 0.413643 0.633895 0.567488 0.754690 0.483249 0.711820 0.407296 0.658939
240 0.698334 0.783033 0.574736 0.728964 0.582353 0.701696 0.567119 0.756232 0.582353 0.701696 0.495878 0.668309 0.411330 0.633200 0.567119 0.756232 0.481037 0.711605 0.405854 0.658779
241 0.698088 0.784417 0.574130 0.730139 0.581924 0.702703 0.566336 0.757574 0.581924 0.702703 0.494692 0.671339 0.411104 0.635681 0.566336 0.757574 0.480456 0.712189 0.405204 0.661466
242 0.697981 0.784843 0.574085 0.731278 0.581881 0.703530 0.566289 0.759027 0.581881 0.703530 0.494338 0.673631 0.409964 0.642368 0.566289 0.759027 0.480484 0.713898 0.404206 0.665016
243 0.697782 0.784474 0.573858 0.731016 0.581485 0.703221 0.566231 0.758812 0.581485 0.703221 0.493097 0.674125 0.408267 0.643994 0.566231 0.758812 0.480134 0.714167 0.402969 0.667089
244 0.697496 0.783841 0.573273 0.730644 0.580672 0.702976 0.565873 0.758312 0.580672 0.702976 0.492552 0.673840 0.407591 0.644905 0.565873 0.758312 0.480157 0.714208 0.403146 0.670666
245 0.697231 0.783502 0.572709 0.730383 0.580143 0.702820 0.565275 0.757945 0.580143 0.702820 0.492356 0.673549 0.407624 0.645089 0.565275 0.757945 0.480029 0.714125 0.403028 0.670390
246 0.696925 0.783286 0.572193 0.730174 0.579672 0.702591 0.564715 0.757757 0.579672 0.702591 0.492350 0.673329 0.407933 0.644464 0.564715 0.757757 0.479955 0.714029 0.403003 0.669636
247 0.696969 0.783572 0.572209 0.730005 0.579678 0.702449 0.564740 0.757562 0.579678 0.702449 0.492407 0.673360 0.408410 0.643974 0.564740 0.757562 0.479980 0.713990 0.402882 0.669444
248 0.697110 0.784524 0.572253 0.729875 0.579754 0.702340 0.564752 0.757409 0.579754 0.702340 0.492715 0.673338 0.409726 0.643611 0.564752 0.757409 0.480004 0.713942 0.402755 0.669042
249 0.697142 0.785303 0.572314 0.729858 0.579893 0.702295 0.564735 0.757421 0.579893 0.702295 0.493033 0.673504 0.411590 0.644498 0.564735 0.757421 0.480029 0.713904 0.402776 0.667831
250 0.697248 0.786391 0.572444 0.730270 0.580094 0.702699 0.564793 0.757842 0.580094 0.702699 0.493502 0.673559 0.411898 0.644963 0.564793 0.757842 0.480605 0.713865 0.403016 0.667698
251 0.697356 0.786425 0.572629 0.730331 0.580344 0.702789 0.564914 0.757872 0.580344 0.702789 0.493751 0.673545 0.412074 0.645251 0.564914 0.757872 0.480850 0.713838 0.403055 0.667639
252 0.697356 0.786395 0.572791 0.730431 0.580488 0.702986 0.565094 0.757876 0.580488 0.702986 0.493952 0.673513 0.412084 0.645230 0.565094 0.757876 0.481173 0.713811 0.403215 0.667577
253 0.697405 0.786336 0.572926 0.730443 0.580598 0.703041 0.565253 0.757846 0.580598 0.703041 0.494093 0.673498 0.412094 0.645103 0.565253 0.757846 0.481268 0.713788 0.402960 0.667452
254 0.697460 0.786268 0.572964 0.730417 0.580660 0.703014 0.565267 0.757819 0.580660 0.703014 0.494296 0.673422 0.412292 0.644735 0.565267 0.757819 0.481304 0.713777 0.402977 0.666445
255 0.697521 0.786208 0.572966 0.730397 0.580663 0.702998 0.565268 0.757796 0.580663 0.702998 0.494619 0.673371 0.412911 0.644517 0.565268 0.757796 0.481415 0.713760 0.403138 0.665799
256 0.697598 0.786164 0.573291 0.730396 0.580944 0.703015 0.565638 0.757778 0.580944 0.703015 0.495022 0.673081 0.413506 0.643896 0.565638 0.757778 0.482030 0.713746 0.403688 0.665304
257 0.697611 0.786083 0.573335 0.730472 0.580996 0.703174 0.565674 0.757770 0.580996 0.703174 0.495573 0.673068 0.414126 0.643556 0.565674 0.757770 0.482521 0.713730 0.404200 0.665081
258 0.697604 0.786048 0.573391 0.730428 0.581043 0.703197 0.565740 0.757658 0.581043 0.703197 0.495928 0.673004 0.414135 0.641788 0.565740 0.757658 0.482910 0.713720 0.404305 0.664612
259 0.697694 0.785995 0.573714 0.730447 0.581394 0.703245 0.566035 0.757648 0.581394 0.703245 0.496336 0.672100 0.414117 0.638326 0.566035 0.757648 0.482935 0.713684 0.404296 0.664188
260 0.697809 0.785956 0.573958 0.730296 0.581685 0.703242 0.566232 0.757349 0.581685 0.703242 0.497218 0.670978 0.414700 0.637201 0.566232 0.757349 0.483268 0.713617 0.404730 0.663785
261 0.697944 0.785915 0.574217 0.729924 0.582037 0.703119 0.566396 0.756729 0.582037 0.703119 0.497726 0.669680 0.414871 0.635815 0.566396 0.756729 0.483469 0.713184 0.405233 0.663139
262 0.698064 0.785878 0.574464 0.729668 0.582384 0.702908 0.566545 0.756427 0.582384 0.702908 0.497958 0.666620 0.414362 0.631415 0.566545 0.756427 0.483649 0.712482 0.405517 0.662286
263 0.698166 0.785789 0.574778 0.729295 0.582787 0.702773 0.566769 0.755816 0.582787 0.702773 0.498750 0.664606 0.414648 0.629141 0.566769 0.755816 0.484392 0.711919 0.407136 0.661375
264 0.698292 0.785771 0.575203 0.729237 0.583335 0.702769 0.567071 0.755705 0.583335 0.702769 0.499952 0.662109 0.415330 0.625463 0.567071 0.755705 0.485563 0.711818 0.408699 0.660581
265 0.698514 0.785758 0.575618 0.729283 0.583824 0.702861 0.567412 0.755705 0.583824 0.702861 0.501895 0.661681 0.418414 0.624716 0.567412 0.755705 0.486882 0.711819 0.411314 0.659856
266 0.698688 0.785744 0.575838 0.729357 0.584009 0.702980 0.567667 0.755733 0.584009 0.702980 0.502834 0.660707 0.419287 0.622541 0.567667 0.755733 0.488004 0.711811 0.412327 0.659784
