54
86
0 -1 -1 -1 -1 -1 -1 -1 -1 -1 -1 -1 -1 -1 -1 -1 -1 -1 -1 -1 -1
1 0.370165 0.264328 0.373417 0.432744 0.381227 0.432381 0.365607 0.433107 0.381227 0.432381 0.390448 0.543475 0.374305 0.634224 0.365607 0.433107 0.369819 0.551026 0.353844 0.653688
2 0.369464 0.264371 0.373179 0.432826 0.381365 0.432381 0.364993 0.433270 0.381365 0.432381 0.393920 0.541466 0.373704 0.634010 0.364993 0.433270 0.369862 0.550261 0.353950 0.653578
3 0.369897 0.264420 0.373574 0.433129 0.382079 0.432667 0.365069 0.433590 0.382079 0.432667 0.397278 0.540822 0.373570 0.633991 0.365069 0.433590 0.370303 0.550202 0.353977 0.653606
4 0.370584 0.264396 0.374740 0.433303 0.383950 0.432747 0.365530 0.433859 0.383950 0.432747 0.400099 0.540734 0.373968 0.634005 0.365530 0.433859 0.370496 0.550149 0.354077 0.653474
5 0.370852 0.264142 0.375946 0.433153 0.385278 0.432520 0.366615 0.433786 0.385278 0.432520 0.401813 0.540218 0.375588 0.633992 0.366615 0.433786 0.370765 0.548549 0.354124 0.652985
6 0.371624 0.263889 0.377163 0.433367 0.386433 0.432679 0.367894 0.434055 0.386433 0.432679 0.402108 0.540247 0.380125 0.633990 0.367894 0.434055 0.370962 0.548565 0.354300 0.652896
7 0.373706 0.263983 0.378181 0.433172 0.387424 0.432638 0.368939 0.433707 0.387424 0.432638 0.401450 0.539774 0.383111 0.635055 0.368939 0.433707 0.371220 0.545735 0.353958 0.651980
8 0.375106 0.264057 0.379124 0.433574 0.388054 0.433155 0.370194 0.433992 0.388054 0.433155 0.401134 0.539189 0.390770 0.638863 0.370194 0.433992 0.371222 0.545739 0.353500 0.651513
9 0.377720 0.264394 0.380129 0.434162 0.387777 0.433696 0.372481 0.434627 0.387777 0.433696 0.400786 0.539099 0.396991 0.640632 0.372481 0.434627 0.372737 0.545910 0.353507 0.651413
10 0.380449 0.264937 0.381422 0.434898 0.388456 0.434305 0.374387 0.435492 0.388456 0.434305 0.403276 0.539081 0.404602 0.643296 0.374387 0.435492 0.374257 0.546179 0.353525 0.651332
11 0.383824 0.265313 0.383709 0.436064 0.389946 0.435534 0.377473 0.436594 0.389946 0.435534 0.405607 0.539160 0.410216 0.645479 0.377473 0.436594 0.377395 0.547365 0.353720 0.651260
12 0.387045 0.265500 0.385223 0.436394 0.391504 0.435980 0.378942 0.436809 0.391504 0.435980 0.408912 0.539095 0.417751 0.647793 0.378942 0.436809 0.379999 0.547366 0.353780 0.651205
13 0.390366 0.266470 0.387529 0.437407 0.393382 0.437114 0.381675 0.437699 0.393382 0.437114 0.410085 0.541306 0.425903 0.651117 0.381675 0.437699 0.382101 0.547556 0.353482 0.651282
14 0.394961 0.267267 0.390299 0.438113 0.395843 0.437870 0.384754 0.438356 0.395843 0.437870 0.413699 0.543001 0.434258 0.652246 0.384754 0.438356 0.383068 0.547654 0.353327 0.651436
15 0.399748 0.268914 0.393684 0.441862 0.399622 0.442011 0.387745 0.441714 0.399622 0.442011 0.416848 0.546940 0.441567 0.653849 0.387745 0.441714 0.384772 0.549542 0.353324 0.651956
16 0.404157 0.271633 0.396496 0.445205 0.404019 0.445415 0.388972 0.444995 0.404019 0.445415 0.421111 0.548884 0.447588 0.656473 0.388972 0.444995 0.385425 0.552094 0.353326 0.652184
17 0.407759 0.273441 0.399960 0.448161 0.405654 0.448385 0.394266 0.447937 0.405654 0.448385 0.421824 0.551114 0.453079 0.658189 0.394266 0.447937 0.388167 0.554107 0.353424 0.652211
18 0.412378 0.274476 0.404368 0.449265 0.411199 0.449444 0.397537 0.449085 0.411199 0.449444 0.427534 0.552741 0.459974 0.660075 0.397537 0.449085 0.390340 0.555397 0.353710 0.652214
19 0.417758 0.275669 0.410740 0.449612 0.417654 0.449667 0.403826 0.449557 0.417654 0.449667 0.436404 0.553049 0.464661 0.661215 0.403826 0.449557 0.393112 0.556406 0.354599 0.652052
20 0.423720 0.278310 0.417208 0.450118 0.424826 0.449896 0.409590 0.450339 0.424826 0.449896 0.444951 0.553551 0.469170 0.664360 0.409590 0.450339 0.396366 0.557300 0.356484 0.652040
21 0.428686 0.280893 0.422457 0.450553 0.430909 0.450196 0.414005 0.450910 0.430909 0.450196 0.451434 0.553666 0.470405 0.667199 0.414005 0.450910 0.400458 0.557881 0.358667 0.652121
22 0.434748 0.280534 0.429035 0.450740 0.436306 0.450549 0.421764 0.450930 0.436306 0.450549 0.458328 0.554341 0.473286 0.668797 0.421764 0.450930 0.407312 0.557985 0.360237 0.652151
23 0.440054 0.280106 0.436603 0.450725 0.442834 0.450609 0.430373 0.450840 0.442834 0.450609 0.464453 0.555520 0.475693 0.669723 0.430373 0.450840 0.417434 0.558499 0.362007 0.651761
24 0.446475 0.279511 0.443765 0.450455 0.450906 0.450297 0.436624 0.450612 0.450906 0.450297 0.468696 0.556024 0.475538 0.670160 0.436624 0.450612 0.428485 0.558832 0.366024 0.648255
25 0.452474 0.279016 0.449930 0.450104 0.457435 0.450086 0.442425 0.450121 0.457435 0.450086 0.472992 0.557645 0.474226 0.669523 0.442425 0.450121 0.437960 0.562650 0.372284 0.643796
26 0.457834 0.278762 0.455463 0.449930 0.463268 0.449894 0.447657 0.449967 0.463268 0.449894 0.478278 0.559450 0.474765 0.669311 0.447657 0.449967 0.449811 0.566220 0.380255 0.640434
27 0.462386 0.278512 0.460513 0.449655 0.468936 0.449760 0.452091 0.449551 0.468936 0.449760 0.480366 0.560982 0.475386 0.669481 0.452091 0.449551 0.460479 0.567187 0.393108 0.637425
28 0.467588 0.277743 0.463088 0.448888 0.470526 0.449634 0.455650 0.448142 0.470526 0.449634 0.475945 0.561126 0.473758 0.669733 0.455650 0.448142 0.470413 0.566231 0.405368 0.638778
29 0.472104 0.277453 0.467297 0.448778 0.474128 0.449544 0.460465 0.448011 0.474128 0.449544 0.474275 0.561263 0.470956 0.667824 0.460465 0.448011 0.477133 0.565581 0.425794 0.641192
30 0.475441 0.277403 0.470718 0.448704 0.478696 0.449493 0.462740 0.447915 0.478696 0.449493 0.476458 0.561009 0.465819 0.664577 0.462740 0.447915 0.480388 0.565218 0.441389 0.650295
31 0.478059 0.278040 0.473827 0.449856 0.482009 0.449834 0.465645 0.449878 0.482009 0.449834 0.483036 0.560782 0.469695 0.660234 0.465645 0.449878 0.482331 0.567685 0.452580 0.663915
32 0.480635 0.279699 0.475837 0.451203 0.482306 0.450069 0.469368 0.452338 0.482306 0.450069 0.483903 0.560429 0.469442 0.657017 0.469368 0.452338 0.486637 0.568635 0.462234 0.669844
33 0.483044 0.280490 0.478320 0.453317 0.483645 0.451006 0.472995 0.455628 0.483645 0.451006 0.486182 0.560472 0.469534 0.655213 0.472995 0.455628 0.490403 0.571082 0.463448 0.670195
34 0.485550 0.281963 0.480669 0.454291 0.486191 0.451391 0.475146 0.457192 0.486191 0.451391 0.488982 0.560444 0.470263 0.652276 0.475146 0.457192 0.492454 0.571652 0.464036 0.670646
35 0.487783 0.282030 0.482768 0.454834 0.487538 0.451600 0.477998 0.458069 0.487538 0.451600 0.490241 0.560286 0.470744 0.651560 0.477998 0.458069 0.493805 0.572661 0.464456 0.670371
36 0.489290 0.282846 0.483731 0.454798 0.488426 0.451552 0.479035 0.458045 0.488426 0.451552 0.491003 0.559827 0.471133 0.651671 0.479035 0.458045 0.494054 0.572088 0.463649 0.670121
37 0.491216 0.282812 0.484148 0.454734 0.487707 0.451518 0.480589 0.457950 0.487707 0.451518 0.490870 0.559529 0.471118 0.651754 0.480589 0.457950 0.495067 0.571950 0.464534 0.670284
38 -1 -1 -1 -1 -1 -1 -1 -1 -1 -1 -1 -1 -1 -1 -1 -1 -1 -1 -1 -1
39 -1 -1 -1 -1 -1 -1 -1 -1 -1 -1 -1 -1 -1 -1 -1 -1 -1 -1 -1 -1
40 -1 -1 -1 -1 -1 -1 -1 -1 -1 -1 -1 -1 -1 -1 -1 -1 -1 -1 -1 -1
41 -1 -1 -1 -1 -1 -1 -1 -1 -1 -1 -1 -1 -1 -1 -1 -1 -1 -1 -1 -1
42 -1 -1 -1 -1 -1 -1 -1 -1 -1 -1 -1 -1 -1 -1 -1 -1 -1 -1 -1 -1
43 -1 -1 -1 -1 -1 -1 -1 -1 -1 -1 -1 -1 -1 -1 -1 -1 -1 -1 -1 -1
44 -1 -1 -1 -1 -1 -1 -1 -1 -1 -1 -1 -1 -1 -1 -1 -1 -1 -1 -1 -1
45 -1 -1 -1 -1 -1 -1 -1 -1 -1 -1 -1 -1 -1 -1 -1 -1 -1 -1 -1 -1
46 -1 -1 -1 -1 -1 -1 -1 -1 -1 -1 -1 -1 -1 -1 -1 -1 -1 -1 -1 -1
47 -1 -1 -1 -1 -1 -1 -1 -1 -1 -1 -1 -1 -1 -1 -1 -1 -1 -1 -1 -1
48 -1 -1 -1 -1 -1 -1 -1 -1 -1 -1 -1 -1 -1 -1 -1 -1 -1 -1 -1 -1
49 -1 -1 -1 -1 -1 -1 -1 -1 -1 -1 -1 -1 -1 -1 -1 -1 -1 -1 -1 -1
50 -1 -1 -1 -1 -1 -1 -1 -1 -1 -1 -1 -1 -1 -1 -1 -1 -1 -1 -1 -1
51 -1 -1 -1 -1 -1 -1 -1 -1 -1 -1 -1 -1 -1 -1 -1 -1 -1 -1 -1 -1
52 -1 -1 -1 -1 -1 -1 -1 -1 -1 -1 -1 -1 -1 -1 -1 -1 -1 -1 -1 -1
53 -1 -1 -1 -1 -1 -1 -1 -1 -1 -1 -1 -1 -1 -1 -1 -1 -1 -1 -1 -1
54 -1 -1 -1 -1 -1 -1 -1 -1 -1 -1 -1 -1 -1 -1 -1 -1 -1 -1 -1 -1
55 -1 -1 -1 -1 -1 -1 -1 -1 -1 -1 -1 -1 -1 -1 -1 -1 -1 -1 -1 -1
56 -1 -1 -1 -1 -1 -1 -1 -1 -1 -1 -1 -1 -1 -1 -1 -1 -1 -1 -1 -1
57 -1 -1 -1 -1 -1 -1 -1 -1 -1 -1 -1 -1 -1 -1 -1 -1 -1 -1 -1 -1
58 -1 -1 -1 -1 -1 -1 -1 -1 -1 -1 -1 -1 -1 -1 -1 -1 -1 -1 -1 -1
59 -1 -1 -1 -1 -1 -1 -1 -1 -1 -1 -1 -1 -1 -1 -1 -1 -1 -1 -1 -1
60 -1 -1 -1 -1 -1 -1 -1 -1 -1 -1 -1 -1 -1 -1 -1 -1 -1 -1 -1 -1
61 -1 -1 -1 -1 -1 -1 -1 -1 -1 -1 -1 -1 -1 -1 -1 -1 -1 -1 -1 -1
62 -1 -1 -1 -1 -1 -1 -1 -1 -1 -1 -1 -1 -1 -1 -1 -1 -1 -1 -1 -1
63 -1 -1 -1 -1 -1 -1 -1 -1 -1 -1 -1 -1 -1 -1 -1 -1 -1 -1 -1 -1
64 -1 -1 -1 -1 -1 -1 -1 -1 -1 -1 -1 -1 -1 -1 -1 -1 -1 -1 -1 -1
65 -1 -1 -1 -1 -1 -1 -1 -1 -1 -1 -1 -1 -1 -1 -1 -1 -1 -1 -1 -1
66 -1 -1 -1 -1 -1 -1 -1 -1 -1 -1 -1 -1 -1 -1 -1 -1 -1 -1 -1 -1
67 -1 -1 -1 -1 -1 -1 -1 -1 -1 -1 -1 -1 -1 -1 -1 -1 -1 -1 -1 -1
68 -1 -1 -1 -1 -1 -1 -1 -1 -1 -1 -1 -1 -1 -1 -1 -1 -1 -1 -1 -1
69 -1 -1 -1 -1 -1 -1 -1 -1 -1 -1 -1 -1 -1 -1 -1 -1 -1 -1 -1 -1
70 -1 -1 -1 -1 -1 -1 -1 -1 -1 -1 -1 -1 -1 -1 -1 -1 -1 -1 -1 -1
71 -1 -1 -1 -1 -1 -1 -1 -1 -1 -1 -1 -1 -1 -1 -1 -1 -1 -1 -1 -1
72 -1 -1 -1 -1 -1 -1 -1 -1 -1 -1 -1 -1 -1 -1 -1 -1 -1 -1 -1 -1
73 -1 -1 -1 -1 -1 -1 -1 -1 -1 -1 -1 -1 -1 -1 -1 -1 -1 -1 -1 -1
74 0.514822 0.919944 0.434218 0.804972 0.418087 0.790963 0.450349 0.818982 0.418087 0.790963 0.453344 0.635397 0.475706 0.488224 0.450349 0.818982 0.458775 0.651065 0.481414 0.512214
75 0.511219 0.916022 0.432373 0.803321 0.414128 0.791066 0.450619 0.815576 0.414128 0.791066 0.450071 0.635664 0.470574 0.488342 0.450619 0.815576 0.457458 0.651347 0.478901 0.513054
76 0.509319 0.919208 0.429400 0.802956 0.408563 0.792674 0.450236 0.813237 0.408563 0.792674 0.446314 0.639268 0.464217 0.490676 0.450236 0.813237 0.455560 0.651623 0.473059 0.513578
77 0.505319 0.916578 0.427308 0.804153 0.407310 0.794354 0.447307 0.813951 0.407310 0.794354 0.442235 0.644254 0.459123 0.493199 0.447307 0.813951 0.449818 0.653038 0.466109 0.513464
78 0.503446 0.916759 0.423268 0.804288 0.407628 0.794179 0.438907 0.814397 0.407628 0.794179 0.438246 0.644725 0.456840 0.494290 0.438907 0.814397 0.442421 0.658181 0.467128 0.504247
79 0.501775 0.917635 0.422357 0.806105 0.404263 0.795179 0.440451 0.817032 0.404263 0.795179 0.430603 0.651782 0.448809 0.504864 0.440451 0.817032 0.441686 0.674876 0.467968 0.518310
80 0.503205 0.923381 0.420645 0.809355 0.400195 0.801257 0.441094 0.817452 0.400195 0.801257 0.422466 0.662885 0.431202 0.528129 0.441094 0.817452 0.442656 0.675683 0.451120 0.542978
81 0.503065 0.925316 0.419588 0.811927 0.397205 0.806182 0.441972 0.817672 0.397205 0.806182 0.416583 0.668463 0.425239 0.532184 0.441972 0.817672 0.442979 0.675841 0.447170 0.544329
82 0.502614 0.928269 0.417366 0.809755 0.394971 0.804788 0.439761 0.814722 0.394971 0.804788 0.408979 0.667895 0.414907 0.548564 0.439761 0.814722 0.441544 0.674341 0.435870 0.577056
83 -1 -1 -1 -1 -1 -1 -1 -1 -1 -1 -1 -1 -1 -1 -1 -1 -1 -1 -1 -1
84 -1 -1 -1 -1 -1 -1 -1 -1 -1 -1 -1 -1 -1 -1 -1 -1 -1 -1 -1 -1
85 -1 -1 -1 -1 -1 -1 -1 -1 -1 -1 -1 -1 -1 -1 -1 -1 -1 -1 -1 -1
86 -1 -1 -1 -1 -1 -1 -1 -1 -1 -1 -1 -1 -1 -1 -1 -1 -1 -1 -1 -1
87 -1 -1 -1 -1 -1 -1 -1 -1 -1 -1 -1 -1 -1 -1 -1 -1 -1 -1 -1 -1
88 -1 -1 -1 -1 -1 -1 -1 -1 -1 -1 -1 -1 -1 -1 -1 -1 -1 -1 -1 -1
89 -1 -1 -1 -1 -1 -1 -1 -1 -1 -1 -1 -1 -1 -1 -1 -1 -1 -1 -1 -1
90 -1 -1 -1 -1 -1 -1 -1 -1 -1 -1 -1 -1 -1 -1 -1 -1 -1 -1 -1 -1
91 -1 -1 -1 -1 -1 -1 -1 -1 -1 -1 -1 -1 -1 -1 -1 -1 -1 -1 -1 -1
92 -1 -1 -1 -1 -1 -1 -1 -1 -1 -1 -1 -1 -1 -1 -1 -1 -1 -1 -1 -1
93 -1 -1 -1 -1 -1 -1 -1 -1 -1 -1 -1 -1 -1 -1 -1 -1 -1 -1 -1 -1
94 -1 -1 -1 -1 -1 -1 -1 -1 -1 -1 -1 -1 -1 -1 -1 -1 -1 -1 -1 -1
95 0.443813 0.926687 0.372731 0.811745 0.347089 0.817128 0.398373 0.806363 0.347089 0.817128 0.345018 0.732918 0.342409 0.708231 0.398373 0.806363 0.437181 0.699864 0.469133 0.614718
96 0.444247 0.931151 0.371789 0.814669 0.345976 0.822058 0.397602 0.807279 0.345976 0.822058 0.344885 0.743361 0.344248 0.710257 0.397602 0.807279 0.434249 0.705411 0.461323 0.629766
97 0.443232 0.931682 0.372252 0.818602 0.346439 0.827076 0.398066 0.810128 0.346439 0.827076 0.346635 0.743979 0.347549 0.709530 0.398066 0.810128 0.430569 0.711004 0.452051 0.667005
98 0.440893 0.933304 0.370728 0.822900 0.344685 0.830938 0.396771 0.814862 0.344685 0.830938 0.347960 0.742456 0.347830 0.710457 0.396771 0.814862 0.428517 0.717188 0.442669 0.674741
99 0.438599 0.936664 0.369565 0.823567 0.344227 0.831656 0.394903 0.815478 0.344227 0.831656 0.349153 0.743360 0.350162 0.709413 0.394903 0.815478 0.426751 0.726503 0.434842 0.693612
100 0.436535 0.939351 0.368120 0.826784 0.343642 0.836690 0.392598 0.816877 0.343642 0.836690 0.349850 0.746937 0.351428 0.716031 0.392598 0.816877 0.424435 0.731223 0.427334 0.703429
101 0.437078 0.941567 0.368898 0.826032 0.344563 0.835881 0.393232 0.816183 0.344563 0.835881 0.350199 0.754864 0.351713 0.717156 0.393232 0.816183 0.423100 0.735782 0.424043 0.700890
102 0.436677 0.942704 0.370052 0.826017 0.345502 0.835218 0.394602 0.816815 0.345502 0.835218 0.350693 0.752141 0.354525 0.717151 0.394602 0.816815 0.422828 0.734922 0.423522 0.703178
103 -1 -1 -1 -1 -1 -1 -1 -1 -1 -1 -1 -1 -1 -1 -1 -1 -1 -1 -1 -1
104 -1 -1 -1 -1 -1 -1 -1 -1 -1 -1 -1 -1 -1 -1 -1 -1 -1 -1 -1 -1
105 -1 -1 -1 -1 -1 -1 -1 -1 -1 -1 -1 -1 -1 -1 -1 -1 -1 -1 -1 -1
106 -1 -1 -1 -1 -1 -1 -1 -1 -1 -1 -1 -1 -1 -1 -1 -1 -1 -1 -1 -1
107 -1 -1 -1 -1 -1 -1 -1 -1 -1 -1 -1 -1 -1 -1 -1 -1 -1 -1 -1 -1
108 -1 -1 -1 -1 -1 -1 -1 -1 -1 -1 -1 -1 -1 -1 -1 -1 -1 -1 -1 -1
109 -1 -1 -1 -1 -1 -1 -1 -1 -1 -1 -1 -1 -1 -1 -1 -1 -1 -1 -1 -1
110 -1 -1 -1 -1 -1 -1 -1 -1 -1 -1 -1 -1 -1 -1 -1 -1 -1 -1 -1 -1
111 -1 -1 -1 -1 -1 -1 -1 -1 -1 -1 -1 -1 -1 -1 -1 -1 -1 -1 -1 -1
112 -1 -1 -1 -1 -1 -1 -1 -1 -1 -1 -1 -1 -1 -1 -1 -1 -1 -1 -1 -1
113 -1 -1 -1 -1 -1 -1 -1 -1 -1 -1 -1 -1 -1 -1 -1 -1 -1 -1 -1 -1
114 -1 -1 -1 -1 -1 -1 -1 -1 -1 -1 -1 -1 -1 -1 -1 -1 -1 -1 -1 -1
115 -1 -1 -1 -1 -1 -1 -1 -1 -1 -1 -1 -1 -1 -1 -1 -1 -1 -1 -1 -1
116 -1 -1 -1 -1 -1 -1 -1 -1 -1 -1 -1 -1 -1 -1 -1 -1 -1 -1 -1 -1
117 -1 -1 -1 -1 -1 -1 -1 -1 -1 -1 -1 -1 -1 -1 -1 -1 -1 -1 -1 -1
118 -1 -1 -1 -1 -1 -1 -1 -1 -1 -1 -1 -1 -1 -1 -1 -1 -1 -1 -1 -1
119 -1 -1 -1 -1 -1 -1 -1 -1 -1 -1 -1 -1 -1 -1 -1 -1 -1 -1 -1 -1
120 -1 -1 -1 -1 -1 -1 -1 -1 -1 -1 -1 -1 -1 -1 -1 -1 -1 -1 -1 -1
121 -1 -1 -1 -1 -1 -1 -1 -1 -1 -1 -1 -1 -1 -1 -1 -1 -1 -1 -1 -1
122 -1 -1 -1 -1 -1 -1 -1 -1 -1 -1 -1 -1 -1 -1 -1 -1 -1 -1 -1 -1
123 -1 -1 -1 -1 -1 -1 -1 -1 -1 -1 -1 -1 -1 -1 -1 -1 -1 -1 -1 -1
124 -1 -1 -1 -1 -1 -1 -1 -1 -1 -1 -1 -1 -1 -1 -1 -1 -1 -1 -1 -1
125 -1 -1 -1 -1 -1 -1 -1 -1 -1 -1 -1 -1 -1 -1 -1 -1 -1 -1 -1 -1
126 -1 -1 -1 -1 -1 -1 -1 -1 -1 -1 -1 -1 -1 -1 -1 -1 -1 -1 -1 -1
127 -1 -1 -1 -1 -1 -1 -1 -1 -1 -1 -1 -1 -1 -1 -1 -1 -1 -1 -1 -1
128 -1 -1 -1 -1 -1 -1 -1 -1 -1 -1 -1 -1 -1 -1 -1 -1 -1 -1 -1 -1
129 -1 -1 -1 -1 -1 -1 -1 -1 -1 -1 -1 -1 -1 -1 -1 -1 -1 -1 -1 -1
130 -1 -1 -1 -1 -1 -1 -1 -1 -1 -1 -1 -1 -1 -1 -1 -1 -1 -1 -1 -1
131 -1 -1 -1 -1 -1 -1 -1 -1 -1 -1 -1 -1 -1 -1 -1 -1 -1 -1 -1 -1
132 -1 -1 -1 -1 -1 -1 -1 -1 -1 -1 -1 -1 -1 -1 -1 -1 -1 -1 -1 -1
