135
150
0 -1 -1 -1 -1 -1 -1 -1 -1 -1 -1 -1 -1 -1 -1 -1 -1 -1 -1 -1 -1
1 -1 -1 -1 -1 -1 -1 -1 -1 -1 -1 -1 -1 -1 -1 -1 -1 -1 -1 -1 -1
2 -1 -1 -1 -1 -1 -1 -1 -1 -1 -1 -1 -1 -1 -1 -1 -1 -1 -1 -1 -1
3 -1 -1 -1 -1 -1 -1 -1 -1 -1 -1 -1 -1 -1 -1 -1 -1 -1 -1 -1 -1
4 -1 -1 -1 -1 -1 -1 -1 -1 -1 -1 -1 -1 -1 -1 -1 -1 -1 -1 -1 -1
5 -1 -1 -1 -1 -1 -1 -1 -1 -1 -1 -1 -1 -1 -1 -1 -1 -1 -1 -1 -1
6 -1 -1 -1 -1 -1 -1 -1 -1 -1 -1 -1 -1 -1 -1 -1 -1 -1 -1 -1 -1
7 -1 -1 -1 -1 -1 -1 -1 -1 -1 -1 -1 -1 -1 -1 -1 -1 -1 -1 -1 -1
8 -1 -1 -1 -1 -1 -1 -1 -1 -1 -1 -1 -1 -1 -1 -1 -1 -1 -1 -1 -1
9 -1 -1 -1 -1 -1 -1 -1 -1 -1 -1 -1 -1 -1 -1 -1 -1 -1 -1 -1 -1
10 -1 -1 -1 -1 -1 -1 -1 -1 -1 -1 -1 -1 -1 -1 -1 -1 -1 -1 -1 -1
11 -1 -1 -1 -1 -1 -1 -1 -1 -1 -1 -1 -1 -1 -1 -1 -1 -1 -1 -1 -1
12 -1 -1 -1 -1 -1 -1 -1 -1 -1 -1 -1 -1 -1 -1 -1 -1 -1 -1 -1 -1
13 -1 -1 -1 -1 -1 -1 -1 -1 -1 -1 -1 -1 -1 -1 -1 -1 -1 -1 -1 -1
14 -1 -1 -1 -1 -1 -1 -1 -1 -1 -1 -1 -1 -1 -1 -1 -1 -1 -1 -1 -1
15 -1 -1 -1 -1 -1 -1 -1 -1 -1 -1 -1 -1 -1 -1 -1 -1 -1 -1 -1 -1
16 -1 -1 -1 -1 -1 -1 -1 -1 -1 -1 -1 -1 -1 -1 -1 -1 -1 -1 -1 -1
17 -1 -1 -1 -1 -1 -1 -1 -1 -1 -1 -1 -1 -1 -1 -1 -1 -1 -1 -1 -1
18 -1 -1 -1 -1 -1 -1 -1 -1 -1 -1 -1 -1 -1 -1 -1 -1 -1 -1 -1 -1
19 -1 -1 -1 -1 -1 -1 -1 -1 -1 -1 -1 -1 -1 -1 -1 -1 -1 -1 -1 -1
20 -1 -1 -1 -1 -1 -1 -1 -1 -1 -1 -1 -1 -1 -1 -1 -1 -1 -1 -1 -1
21 -1 -1 -1 -1 -1 -1 -1 -1 -1 -1 -1 -1 -1 -1 -1 -1 -1 -1 -1 -1
22 -1 -1 -1 -1 -1 -1 -1 -1 -1 -1 -1 -1 -1 -1 -1 -1 -1 -1 -1 -1
23 -1 -1 -1 -1 -1 -1 -1 -1 -1 -1 -1 -1 -1 -1 -1 -1 -1 -1 -1 -1
24 -1 -1 -1 -1 -1 -1 -1 -1 -1 -1 -1 -1 -1 -1 -1 -1 -1 -1 -1 -1
25 -1 -1 -1 -1 -1 -1 -1 -1 -1 -1 -1 -1 -1 -1 -1 -1 -1 -1 -1 -1
26 -1 -1 -1 -1 -1 -1 -1 -1 -1 -1 -1 -1 -1 -1 -1 -1 -1 -1 -1 -1
27 -1 -1 -1 -1 -1 -1 -1 -1 -1 -1 -1 -1 -1 -1 -1 -1 -1 -1 -1 -1
28 -1 -1 -1 -1 -1 -1 -1 -1 -1 -1 -1 -1 -1 -1 -1 -1 -1 -1 -1 -1
29 -1 -1 -1 -1 -1 -1 -1 -1 -1 -1 -1 -1 -1 -1 -1 -1 -1 -1 -1 -1
30 -1 -1 -1 -1 -1 -1 -1 -1 -1 -1 -1 -1 -1 -1 -1 -1 -1 -1 -1 -1
31 -1 -1 -1 -1 -1 -1 -1 -1 -1 -1 -1 -1 -1 -1 -1 -1 -1 -1 -1 -1
32 -1 -1 -1 -1 -1 -1 -1 -1 -1 -1 -1 -1 -1 -1 -1 -1 -1 -1 -1 -1
33 -1 -1 -1 -1 -1 -1 -1 -1 -1 -1 -1 -1 -1 -1 -1 -1 -1 -1 -1 -1
34 -1 -1 -1 -1 -1 -1 -1 -1 -1 -1 -1 -1 -1 -1 -1 -1 -1 -1 -1 -1
35 -1 -1 -1 -1 -1 -1 -1 -1 -1 -1 -1 -1 -1 -1 -1 -1 -1 -1 -1 -1
36 -1 -1 -1 -1 -1 -1 -1 -1 -1 -1 -1 -1 -1 -1 -1 -1 -1 -1 -1 -1
37 -1 -1 -1 -1 -1 -1 -1 -1 -1 -1 -1 -1 -1 -1 -1 -1 -1 -1 -1 -1
38 -1 -1 -1 -1 -1 -1 -1 -1 -1 -1 -1 -1 -1 -1 -1 -1 -1 -1 -1 -1
39 -1 -1 -1 -1 -1 -1 -1 -1 -1 -1 -1 -1 -1 -1 -1 -1 -1 -1 -1 -1
40 -1 -1 -1 -1 -1 -1 -1 -1 -1 -1 -1 -1 -1 -1 -1 -1 -1 -1 -1 -1
41 -1 -1 -1 -1 -1 -1 -1 -1 -1 -1 -1 -1 -1 -1 -1 -1 -1 -1 -1 -1
42 -1 -1 -1 -1 -1 -1 -1 -1 -1 -1 -1 -1 -1 -1 -1 -1 -1 -1 -1 -1
43 -1 -1 -1 -1 -1 -1 -1 -1 -1 -1 -1 -1 -1 -1 -1 -1 -1 -1 -1 -1
44 -1 -1 -1 -1 -1 -1 -1 -1 -1 -1 -1 -1 -1 -1 -1 -1 -1 -1 -1 -1
45 -1 -1 -1 -1 -1 -1 -1 -1 -1 -1 -1 -1 -1 -1 -1 -1 -1 -1 -1 -1
46 -1 -1 -1 -1 -1 -1 -1 -1 -1 -1 -1 -1 -1 -1 -1 -1 -1 -1 -1 -1
47 -1 -1 -1 -1 -1 -1 -1 -1 -1 -1 -1 -1 -1 -1 -1 -1 -1 -1 -1 -1
48 -1 -1 -1 -1 -1 -1 -1 -1 -1 -1 -1 -1 -1 -1 -1 -1 -1 -1 -1 -1
49 -1 -1 -1 -1 -1 -1 -1 -1 -1 -1 -1 -1 -1 -1 -1 -1 -1 -1 -1 -1
50 -1 -1 -1 -1 -1 -1 -1 -1 -1 -1 -1 -1 -1 -1 -1 -1 -1 -1 -1 -1
51 -1 -1 -1 -1 -1 -1 -1 -1 -1 -1 -1 -1 -1 -1 -1 -1 -1 -1 -1 -1
52 -1 -1 -1 -1 -1 -1 -1 -1 -1 -1 -1 -1 -1 -1 -1 -1 -1 -1 -1 -1
53 -1 -1 -1 -1 -1 -1 -1 -1 -1 -1 -1 -1 -1 -1 -1 -1 -1 -1 -1 -1
54 -1 -1 -1 -1 -1 -1 -1 -1 -1 -1 -1 -1 -1 -1 -1 -1 -1 -1 -1 -1
55 -1 -1 -1 -1 -1 -1 -1 -1 -1 -1 -1 -1 -1 -1 -1 -1 -1 -1 -1 -1
56 -1 -1 -1 -1 -1 -1 -1 -1 -1 -1 -1 -1 -1 -1 -1 -1 -1 -1 -1 -1
57 -1 -1 -1 -1 -1 -1 -1 -1 -1 -1 -1 -1 -1 -1 -1 -1 -1 -1 -1 -1
58 -1 -1 -1 -1 -1 -1 -1 -1 -1 -1 -1 -1 -1 -1 -1 -1 -1 -1 -1 -1
59 -1 -1 -1 -1 -1 -1 -1 -1 -1 -1 -1 -1 -1 -1 -1 -1 -1 -1 -1 -1
60 -1 -1 -1 -1 -1 -1 -1 -1 -1 -1 -1 -1 -1 -1 -1 -1 -1 -1 -1 -1
61 -1 -1 -1 -1 -1 -1 -1 -1 -1 -1 -1 -1 -1 -1 -1 -1 -1 -1 -1 -1
62 -1 -1 -1 -1 -1 -1 -1 -1 -1 -1 -1 -1 -1 -1 -1 -1 -1 -1 -1 -1
63 -1 -1 -1 -1 -1 -1 -1 -1 -1 -1 -1 -1 -1 -1 -1 -1 -1 -1 -1 -1
64 -1 -1 -1 -1 -1 -1 -1 -1 -1 -1 -1 -1 -1 -1 -1 -1 -1 -1 -1 -1
65 -1 -1 -1 -1 -1 -1 -1 -1 -1 -1 -1 -1 -1 -1 -1 -1 -1 -1 -1 -1
66 -1 -1 -1 -1 -1 -1 -1 -1 -1 -1 -1 -1 -1 -1 -1 -1 -1 -1 -1 -1
67 -1 -1 -1 -1 -1 -1 -1 -1 -1 -1 -1 -1 -1 -1 -1 -1 -1 -1 -1 -1
68 -1 -1 -1 -1 -1 -1 -1 -1 -1 -1 -1 -1 -1 -1 -1 -1 -1 -1 -1 -1
69 -1 -1 -1 -1 -1 -1 -1 -1 -1 -1 -1 -1 -1 -1 -1 -1 -1 -1 -1 -1
70 -1 -1 -1 -1 -1 -1 -1 -1 -1 -1 -1 -1 -1 -1 -1 -1 -1 -1 -1 -1
71 -1 -1 -1 -1 -1 -1 -1 -1 -1 -1 -1 -1 -1 -1 -1 -1 -1 -1 -1 -1
72 -1 -1 -1 -1 -1 -1 -1 -1 -1 -1 -1 -1 -1 -1 -1 -1 -1 -1 -1 -1
73 -1 -1 -1 -1 -1 -1 -1 -1 -1 -1 -1 -1 -1 -1 -1 -1 -1 -1 -1 -1
74 -1 -1 -1 -1 -1 -1 -1 -1 -1 -1 -1 -1 -1 -1 -1 -1 -1 -1 -1 -1
75 -1 -1 -1 -1 -1 -1 -1 -1 -1 -1 -1 -1 -1 -1 -1 -1 -1 -1 -1 -1
76 -1 -1 -1 -1 -1 -1 -1 -1 -1 -1 -1 -1 -1 -1 -1 -1 -1 -1 -1 -1
77 -1 -1 -1 -1 -1 -1 -1 -1 -1 -1 -1 -1 -1 -1 -1 -1 -1 -1 -1 -1
78 -1 -1 -1 -1 -1 -1 -1 -1 -1 -1 -1 -1 -1 -1 -1 -1 -1 -1 -1 -1
79 -1 -1 -1 -1 -1 -1 -1 -1 -1 -1 -1 -1 -1 -1 -1 -1 -1 -1 -1 -1
80 -1 -1 -1 -1 -1 -1 -1 -1 -1 -1 -1 -1 -1 -1 -1 -1 -1 -1 -1 -1
81 -1 -1 -1 -1 -1 -1 -1 -1 -1 -1 -1 -1 -1 -1 -1 -1 -1 -1 -1 -1
82 -1 -1 -1 -1 -1 -1 -1 -1 -1 -1 -1 -1 -1 -1 -1 -1 -1 -1 -1 -1
83 -1 -1 -1 -1 -1 -1 -1 -1 -1 -1 -1 -1 -1 -1 -1 -1 -1 -1 -1 -1
84 -1 -1 -1 -1 -1 -1 -1 -1 -1 -1 -1 -1 -1 -1 -1 -1 -1 -1 -1 -1
85 -1 -1 -1 -1 -1 -1 -1 -1 -1 -1 -1 -1 -1 -1 -1 -1 -1 -1 -1 -1
86 -1 -1 -1 -1 -1 -1 -1 -1 -1 -1 -1 -1 -1 -1 -1 -1 -1 -1 -1 -1
87 -1 -1 -1 -1 -1 -1 -1 -1 -1 -1 -1 -1 -1 -1 -1 -1 -1 -1 -1 -1
88 -1 -1 -1 -1 -1 -1 -1 -1 -1 -1 -1 -1 -1 -1 -1 -1 -1 -1 -1 -1
89 -1 -1 -1 -1 -1 -1 -1 -1 -1 -1 -1 -1 -1 -1 -1 -1 -1 -1 -1 -1
90 -1 -1 -1 -1 -1 -1 -1 -1 -1 -1 -1 -1 -1 -1 -1 -1 -1 -1 -1 -1
91 -1 -1 -1 -1 -1 -1 -1 -1 -1 -1 -1 -1 -1 -1 -1 -1 -1 -1 -1 -1
92 -1 -1 -1 -1 -1 -1 -1 -1 -1 -1 -1 -1 -1 -1 -1 -1 -1 -1 -1 -1
93 -1 -1 -1 -1 -1 -1 -1 -1 -1 -1 -1 -1 -1 -1 -1 -1 -1 -1 -1 -1
94 -1 -1 -1 -1 -1 -1 -1 -1 -1 -1 -1 -1 -1 -1 -1 -1 -1 -1 -1 -1
95 -1 -1 -1 -1 -1 -1 -1 -1 -1 -1 -1 -1 -1 -1 -1 -1 -1 -1 -1 -1
96 -1 -1 -1 -1 -1 -1 -1 -1 -1 -1 -1 -1 -1 -1 -1 -1 -1 -1 -1 -1
97 -1 -1 -1 -1 -1 -1 -1 -1 -1 -1 -1 -1 -1 -1 -1 -1 -1 -1 -1 -1
98 -1 -1 -1 -1 -1 -1 -1 -1 -1 -1 -1 -1 -1 -1 -1 -1 -1 -1 -1 -1
99 -1 -1 -1 -1 -1 -1 -1 -1 -1 -1 -1 -1 -1 -1 -1 -1 -1 -1 -1 -1
100 -1 -1 -1 -1 -1 -1 -1 -1 -1 -1 -1 -1 -1 -1 -1 -1 -1 -1 -1 -1
101 -1 -1 -1 -1 -1 -1 -1 -1 -1 -1 -1 -1 -1 -1 -1 -1 -1 -1 -1 -1
102 -1 -1 -1 -1 -1 -1 -1 -1 -1 -1 -1 -1 -1 -1 -1 -1 -1 -1 -1 -1
103 -1 -1 -1 -1 -1 -1 -1 -1 -1 -1 -1 -1 -1 -1 -1 -1 -1 -1 -1 -1
104 -1 -1 -1 -1 -1 -1 -1 -1 -1 -1 -1 -1 -1 -1 -1 -1 -1 -1 -1 -1
105 -1 -1 -1 -1 -1 -1 -1 -1 -1 -1 -1 -1 -1 -1 -1 -1 -1 -1 -1 -1
106 0.463485 0.214956 0.466436 0.350594 0.483610 0.350111 0.449262 0.351078 0.483610 0.350111 0.485697 0.452492 0.495786 0.549864 0.449262 0.351078 0.464931 0.457584 0.468722 0.560164
107 0.463826 0.215771 0.466420 0.351596 0.483558 0.351551 0.449283 0.351641 0.483558 0.351551 0.485465 0.453302 0.499292 0.553823 0.449283 0.351641 0.459230 0.457051 0.468514 0.562134
108 0.465129 0.217635 0.466817 0.352704 0.483677 0.352814 0.449958 0.352594 0.483677 0.352814 0.484788 0.454665 0.498945 0.553808 0.449958 0.352594 0.457768 0.455640 0.466577 0.562131
109 0.467390 0.220627 0.468856 0.356426 0.485549 0.357380 0.452163 0.355472 0.485549 0.357380 0.484926 0.458691 0.498747 0.560534 0.452163 0.355472 0.457676 0.455671 0.466507 0.566346
110 0.469740 0.223180 0.470582 0.359343 0.487371 0.360359 0.453792 0.358328 0.487371 0.360359 0.487353 0.461495 0.497113 0.564483 0.453792 0.358328 0.457668 0.458996 0.466049 0.567777
111 0.473002 0.225562 0.471808 0.362370 0.488628 0.363623 0.454989 0.361118 0.488628 0.363623 0.489280 0.467956 0.496731 0.570695 0.454989 0.361118 0.457763 0.461684 0.467186 0.570081
112 0.476918 0.226349 0.474628 0.362144 0.490978 0.363547 0.458278 0.360740 0.490978 0.363547 0.490790 0.466479 0.493846 0.568208 0.458278 0.360740 0.457993 0.461163 0.467398 0.569687
113 0.479219 0.229458 0.476362 0.365310 0.492659 0.366864 0.460066 0.363756 0.492659 0.366864 0.494475 0.470552 0.495015 0.566983 0.460066 0.363756 0.464248 0.466297 0.468207 0.569572
114 0.481908 0.231408 0.477871 0.368734 0.493553 0.370690 0.462188 0.366777 0.493553 0.370690 0.494695 0.475626 0.495057 0.575929 0.462188 0.366777 0.468872 0.473597 0.469905 0.574878
115 0.482366 0.234766 0.479525 0.372234 0.495264 0.373424 0.463785 0.371045 0.495264 0.373424 0.497494 0.476787 0.495276 0.577009 0.463785 0.371045 0.471258 0.477766 0.471174 0.576150
116 0.484179 0.236540 0.481447 0.374176 0.496825 0.374966 0.466068 0.373387 0.496825 0.374966 0.497757 0.480059 0.495634 0.578711 0.466068 0.373387 0.473269 0.480253 0.471539 0.579142
117 0.486286 0.239820 0.484226 0.375395 0.498673 0.376091 0.469779 0.374698 0.498673 0.376091 0.498377 0.479057 0.495958 0.579149 0.469779 0.374698 0.481028 0.480657 0.478572 0.580749
118 0.487280 0.243070 0.484982 0.377586 0.500393 0.378949 0.469571 0.376224 0.500393 0.378949 0.500320 0.481097 0.489310 0.578089 0.469571 0.376224 0.477651 0.482145 0.477697 0.581231
119 0.488643 0.249567 0.486421 0.384643 0.502444 0.385720 0.470398 0.383566 0.502444 0.385720 0.500544 0.489567 0.489357 0.586841 0.470398 0.383566 0.477399 0.487614 0.476484 0.589141
120 0.490048 0.255500 0.486499 0.393342 0.502763 0.394863 0.470235 0.391821 0.502763 0.394863 0.500644 0.498217 0.489624 0.601068 0.470235 0.391821 0.476160 0.494224 0.476217 0.594992
121 0.490640 0.265168 0.486090 0.402848 0.502687 0.403675 0.469494 0.402021 0.502687 0.403675 0.500543 0.509899 0.490122 0.612666 0.469494 0.402021 0.475411 0.507178 0.480425 0.612090
122 0.493463 0.275901 0.487062 0.410933 0.503899 0.411794 0.470226 0.410071 0.503899 0.411794 0.502122 0.516128 0.490462 0.615958 0.470226 0.410071 0.474974 0.512160 0.485256 0.614116
123 0.494388 0.289451 0.486508 0.421966 0.503221 0.422618 0.469795 0.421314 0.503221 0.422618 0.501589 0.521694 0.491695 0.616623 0.469795 0.421314 0.475960 0.521998 0.488643 0.624787
124 0.496011 0.303209 0.486942 0.430532 0.503411 0.431290 0.470473 0.429775 0.503411 0.431290 0.503004 0.528974 0.494411 0.626718 0.470473 0.429775 0.483496 0.530558 0.492021 0.631925
125 0.497876 0.327643 0.486743 0.442883 0.503027 0.443218 0.470460 0.442548 0.503027 0.443218 0.506338 0.530415 0.491670 0.623181 0.470460 0.442548 0.483992 0.536368 0.495397 0.639109
126 0.500383 0.352842 0.485966 0.445769 0.502204 0.446338 0.469727 0.445200 0.502204 0.446338 0.509803 0.536221 0.496096 0.638970 0.469727 0.445200 0.482606 0.545042 0.481376 0.636061
127 0.502160 0.381375 0.485891 0.465313 0.502159 0.465106 0.469623 0.465520 0.502159 0.465106 0.509216 0.552387 0.497624 0.634990 0.469623 0.465520 0.482224 0.560592 0.492156 0.638480
128 0.505081 0.408335 0.487420 0.466478 0.503460 0.465869 0.471380 0.467088 0.503460 0.465869 0.514511 0.549482 0.504464 0.594169 0.471380 0.467088 0.487604 0.561085 0.495461 0.646907
129 0.507655 0.436524 0.493164 0.468153 0.510408 0.466059 0.475921 0.470246 0.510408 0.466059 0.522718 0.549278 0.509945 0.596413 0.475921 0.470246 0.492420 0.564466 0.497053 0.646169
130 0.509289 0.464761 0.495029 0.480877 0.513880 0.482788 0.476177 0.478966 0.513880 0.482788 0.523913 0.558967 0.519912 0.600381 0.476177 0.478966 0.495390 0.575076 0.497197 0.655249
131 0.511248 0.491547 0.498117 0.508674 0.516229 0.510419 0.480006 0.506929 0.516229 0.510419 0.520777 0.587459 0.516745 0.641245 0.480006 0.506929 0.494253 0.594335 0.496550 0.661788
132 0.517825 0.516873 0.501136 0.518117 0.519163 0.517844 0.483109 0.518389 0.519163 0.517844 0.520687 0.592963 0.526073 0.637853 0.483109 0.518389 0.493178 0.594937 0.495917 0.653261
133 -1 -1 -1 -1 -1 -1 -1 -1 -1 -1 -1 -1 -1 -1 -1 -1 -1 -1 -1 -1
134 -1 -1 -1 -1 -1 -1 -1 -1 -1 -1 -1 -1 -1 -1 -1 -1 -1 -1 -1 -1
135 -1 -1 -1 -1 -1 -1 -1 -1 -1 -1 -1 -1 -1 -1 -1 -1 -1 -1 -1 -1
136 -1 -1 -1 -1 -1 -1 -1 -1 -1 -1 -1 -1 -1 -1 -1 -1 -1 -1 -1 -1
137 -1 -1 -1 -1 -1 -1 -1 -1 -1 -1 -1 -1 -1 -1 -1 -1 -1 -1 -1 -1
138 -1 -1 -1 -1 -1 -1 -1 -1 -1 -1 -1 -1 -1 -1 -1 -1 -1 -1 -1 -1
139 -1 -1 -1 -1 -1 -1 -1 -1 -1 -1 -1 -1 -1 -1 -1 -1 -1 -1 -1 -1
140 -1 -1 -1 -1 -1 -1 -1 -1 -1 -1 -1 -1 -1 -1 -1 -1 -1 -1 -1 -1
141 -1 -1 -1 -1 -1 -1 -1 -1 -1 -1 -1 -1 -1 -1 -1 -1 -1 -1 -1 -1
142 -1 -1 -1 -1 -1 -1 -1 -1 -1 -1 -1 -1 -1 -1 -1 -1 -1 -1 -1 -1
143 -1 -1 -1 -1 -1 -1 -1 -1 -1 -1 -1 -1 -1 -1 -1 -1 -1 -1 -1 -1
144 -1 -1 -1 -1 -1 -1 -1 -1 -1 -1 -1 -1 -1 -1 -1 -1 -1 -1 -1 -1
145 -1 -1 -1 -1 -1 -1 -1 -1 -1 -1 -1 -1 -1 -1 -1 -1 -1 -1 -1 -1
146 -1 -1 -1 -1 -1 -1 -1 -1 -1 -1 -1 -1 -1 -1 -1 -1 -1 -1 -1 -1
147 -1 -1 -1 -1 -1 -1 -1 -1 -1 -1 -1 -1 -1 -1 -1 -1 -1 -1 -1 -1
148 -1 -1 -1 -1 -1 -1 -1 -1 -1 -1 -1 -1 -1 -1 -1 -1 -1 -1 -1 -1
149 -1 -1 -1 -1 -1 -1 -1 -1 -1 -1 -1 -1 -1 -1 -1 -1 -1 -1 -1 -1
150 -1 -1 -1 -1 -1 -1 -1 -1 -1 -1 -1 -1 -1 -1 -1 -1 -1 -1 -1 -1
151 -1 -1 -1 -1 -1 -1 -1 -1 -1 -1 -1 -1 -1 -1 -1 -1 -1 -1 -1 -1
152 -1 -1 -1 -1 -1 -1 -1 -1 -1 -1 -1 -1 -1 -1 -1 -1 -1 -1 -1 -1
153 -1 -1 -1 -1 -1 -1 -1 -1 -1 -1 -1 -1 -1 -1 -1 -1 -1 -1 -1 -1
154 -1 -1 -1 -1 -1 -1 -1 -1 -1 -1 -1 -1 -1 -1 -1 -1 -1 -1 -1 -1
155 -1 -1 -1 -1 -1 -1 -1 -1 -1 -1 -1 -1 -1 -1 -1 -1 -1 -1 -1 -1
156 -1 -1 -1 -1 -1 -1 -1 -1 -1 -1 -1 -1 -1 -1 -1 -1 -1 -1 -1 -1
157 -1 -1 -1 -1 -1 -1 -1 -1 -1 -1 -1 -1 -1 -1 -1 -1 -1 -1 -1 -1
158 -1 -1 -1 -1 -1 -1 -1 -1 -1 -1 -1 -1 -1 -1 -1 -1 -1 -1 -1 -1
159 -1 -1 -1 -1 -1 -1 -1 -1 -1 -1 -1 -1 -1 -1 -1 -1 -1 -1 -1 -1
160 -1 -1 -1 -1 -1 -1 -1 -1 -1 -1 -1 -1 -1 -1 -1 -1 -1 -1 -1 -1
161 -1 -1 -1 -1 -1 -1 -1 -1 -1 -1 -1 -1 -1 -1 -1 -1 -1 -1 -1 -1
162 -1 -1 -1 -1 -1 -1 -1 -1 -1 -1 -1 -1 -1 -1 -1 -1 -1 -1 -1 -1
163 -1 -1 -1 -1 -1 -1 -1 -1 -1 -1 -1 -1 -1 -1 -1 -1 -1 -1 -1 -1
164 -1 -1 -1 -1 -1 -1 -1 -1 -1 -1 -1 -1 -1 -1 -1 -1 -1 -1 -1 -1
165 -1 -1 -1 -1 -1 -1 -1 -1 -1 -1 -1 -1 -1 -1 -1 -1 -1 -1 -1 -1
166 -1 -1 -1 -1 -1 -1 -1 -1 -1 -1 -1 -1 -1 -1 -1 -1 -1 -1 -1 -1
167 -1 -1 -1 -1 -1 -1 -1 -1 -1 -1 -1 -1 -1 -1 -1 -1 -1 -1 -1 -1
168 -1 -1 -1 -1 -1 -1 -1 -1 -1 -1 -1 -1 -1 -1 -1 -1 -1 -1 -1 -1
169 -1 -1 -1 -1 -1 -1 -1 -1 -1 -1 -1 -1 -1 -1 -1 -1 -1 -1 -1 -1
170 -1 -1 -1 -1 -1 -1 -1 -1 -1 -1 -1 -1 -1 -1 -1 -1 -1 -1 -1 -1
171 -1 -1 -1 -1 -1 -1 -1 -1 -1 -1 -1 -1 -1 -1 -1 -1 -1 -1 -1 -1
172 -1 -1 -1 -1 -1 -1 -1 -1 -1 -1 -1 -1 -1 -1 -1 -1 -1 -1 -1 -1
173 -1 -1 -1 -1 -1 -1 -1 -1 -1 -1 -1 -1 -1 -1 -1 -1 -1 -1 -1 -1
174 -1 -1 -1 -1 -1 -1 -1 -1 -1 -1 -1 -1 -1 -1 -1 -1 -1 -1 -1 -1
175 -1 -1 -1 -1 -1 -1 -1 -1 -1 -1 -1 -1 -1 -1 -1 -1 -1 -1 -1 -1
176 -1 -1 -1 -1 -1 -1 -1 -1 -1 -1 -1 -1 -1 -1 -1 -1 -1 -1 -1 -1
177 -1 -1 -1 -1 -1 -1 -1 -1 -1 -1 -1 -1 -1 -1 -1 -1 -1 -1 -1 -1
178 -1 -1 -1 -1 -1 -1 -1 -1 -1 -1 -1 -1 -1 -1 -1 -1 -1 -1 -1 -1
179 -1 -1 -1 -1 -1 -1 -1 -1 -1 -1 -1 -1 -1 -1 -1 -1 -1 -1 -1 -1
180 -1 -1 -1 -1 -1 -1 -1 -1 -1 -1 -1 -1 -1 -1 -1 -1 -1 -1 -1 -1
181 -1 -1 -1 -1 -1 -1 -1 -1 -1 -1 -1 -1 -1 -1 -1 -1 -1 -1 -1 -1
182 -1 -1 -1 -1 -1 -1 -1 -1 -1 -1 -1 -1 -1 -1 -1 -1 -1 -1 -1 -1
183 -1 -1 -1 -1 -1 -1 -1 -1 -1 -1 -1 -1 -1 -1 -1 -1 -1 -1 -1 -1
184 -1 -1 -1 -1 -1 -1 -1 -1 -1 -1 -1 -1 -1 -1 -1 -1 -1 -1 -1 -1
185 -1 -1 -1 -1 -1 -1 -1 -1 -1 -1 -1 -1 -1 -1 -1 -1 -1 -1 -1 -1
186 -1 -1 -1 -1 -1 -1 -1 -1 -1 -1 -1 -1 -1 -1 -1 -1 -1 -1 -1 -1
187 -1 -1 -1 -1 -1 -1 -1 -1 -1 -1 -1 -1 -1 -1 -1 -1 -1 -1 -1 -1
188 -1 -1 -1 -1 -1 -1 -1 -1 -1 -1 -1 -1 -1 -1 -1 -1 -1 -1 -1 -1
189 -1 -1 -1 -1 -1 -1 -1 -1 -1 -1 -1 -1 -1 -1 -1 -1 -1 -1 -1 -1
190 -1 -1 -1 -1 -1 -1 -1 -1 -1 -1 -1 -1 -1 -1 -1 -1 -1 -1 -1 -1
191 -1 -1 -1 -1 -1 -1 -1 -1 -1 -1 -1 -1 -1 -1 -1 -1 -1 -1 -1 -1
192 -1 -1 -1 -1 -1 -1 -1 -1 -1 -1 -1 -1 -1 -1 -1 -1 -1 -1 -1 -1
193 -1 -1 -1 -1 -1 -1 -1 -1 -1 -1 -1 -1 -1 -1 -1 -1 -1 -1 -1 -1
194 -1 -1 -1 -1 -1 -1 -1 -1 -1 -1 -1 -1 -1 -1 -1 -1 -1 -1 -1 -1
195 -1 -1 -1 -1 -1 -1 -1 -1 -1 -1 -1 -1 -1 -1 -1 -1 -1 -1 -1 -1
196 -1 -1 -1 -1 -1 -1 -1 -1 -1 -1 -1 -1 -1 -1 -1 -1 -1 -1 -1 -1
197 -1 -1 -1 -1 -1 -1 -1 -1 -1 -1 -1 -1 -1 -1 -1 -1 -1 -1 -1 -1
198 -1 -1 -1 -1 -1 -1 -1 -1 -1 -1 -1 -1 -1 -1 -1 -1 -1 -1 -1 -1
199 -1 -1 -1 -1 -1 -1 -1 -1 -1 -1 -1 -1 -1 -1 -1 -1 -1 -1 -1 -1
200 -1 -1 -1 -1 -1 -1 -1 -1 -1 -1 -1 -1 -1 -1 -1 -1 -1 -1 -1 -1
201 -1 -1 -1 -1 -1 -1 -1 -1 -1 -1 -1 -1 -1 -1 -1 -1 -1 -1 -1 -1
202 -1 -1 -1 -1 -1 -1 -1 -1 -1 -1 -1 -1 -1 -1 -1 -1 -1 -1 -1 -1
203 -1 -1 -1 -1 -1 -1 -1 -1 -1 -1 -1 -1 -1 -1 -1 -1 -1 -1 -1 -1
204 -1 -1 -1 -1 -1 -1 -1 -1 -1 -1 -1 -1 -1 -1 -1 -1 -1 -1 -1 -1
205 -1 -1 -1 -1 -1 -1 -1 -1 -1 -1 -1 -1 -1 -1 -1 -1 -1 -1 -1 -1
206 -1 -1 -1 -1 -1 -1 -1 -1 -1 -1 -1 -1 -1 -1 -1 -1 -1 -1 -1 -1
207 -1 -1 -1 -1 -1 -1 -1 -1 -1 -1 -1 -1 -1 -1 -1 -1 -1 -1 -1 -1
208 -1 -1 -1 -1 -1 -1 -1 -1 -1 -1 -1 -1 -1 -1 -1 -1 -1 -1 -1 -1
209 -1 -1 -1 -1 -1 -1 -1 -1 -1 -1 -1 -1 -1 -1 -1 -1 -1 -1 -1 -1
210 -1 -1 -1 -1 -1 -1 -1 -1 -1 -1 -1 -1 -1 -1 -1 -1 -1 -1 -1 -1
211 -1 -1 -1 -1 -1 -1 -1 -1 -1 -1 -1 -1 -1 -1 -1 -1 -1 -1 -1 -1
212 -1 -1 -1 -1 -1 -1 -1 -1 -1 -1 -1 -1 -1 -1 -1 -1 -1 -1 -1 -1
213 -1 -1 -1 -1 -1 -1 -1 -1 -1 -1 -1 -1 -1 -1 -1 -1 -1 -1 -1 -1
214 -1 -1 -1 -1 -1 -1 -1 -1 -1 -1 -1 -1 -1 -1 -1 -1 -1 -1 -1 -1
215 -1 -1 -1 -1 -1 -1 -1 -1 -1 -1 -1 -1 -1 -1 -1 -1 -1 -1 -1 -1
216 -1 -1 -1 -1 -1 -1 -1 -1 -1 -1 -1 -1 -1 -1 -1 -1 -1 -1 -1 -1
217 -1 -1 -1 -1 -1 -1 -1 -1 -1 -1 -1 -1 -1 -1 -1 -1 -1 -1 -1 -1
218 -1 -1 -1 -1 -1 -1 -1 -1 -1 -1 -1 -1 -1 -1 -1 -1 -1 -1 -1 -1
219 -1 -1 -1 -1 -1 -1 -1 -1 -1 -1 -1 -1 -1 -1 -1 -1 -1 -1 -1 -1
220 -1 -1 -1 -1 -1 -1 -1 -1 -1 -1 -1 -1 -1 -1 -1 -1 -1 -1 -1 -1
221 -1 -1 -1 -1 -1 -1 -1 -1 -1 -1 -1 -1 -1 -1 -1 -1 -1 -1 -1 -1
222 -1 -1 -1 -1 -1 -1 -1 -1 -1 -1 -1 -1 -1 -1 -1 -1 -1 -1 -1 -1
223 -1 -1 -1 -1 -1 -1 -1 -1 -1 -1 -1 -1 -1 -1 -1 -1 -1 -1 -1 -1
224 -1 -1 -1 -1 -1 -1 -1 -1 -1 -1 -1 -1 -1 -1 -1 -1 -1 -1 -1 -1
225 -1 -1 -1 -1 -1 -1 -1 -1 -1 -1 -1 -1 -1 -1 -1 -1 -1 -1 -1 -1
226 -1 -1 -1 -1 -1 -1 -1 -1 -1 -1 -1 -1 -1 -1 -1 -1 -1 -1 -1 -1
227 -1 -1 -1 -1 -1 -1 -1 -1 -1 -1 -1 -1 -1 -1 -1 -1 -1 -1 -1 -1
228 -1 -1 -1 -1 -1 -1 -1 -1 -1 -1 -1 -1 -1 -1 -1 -1 -1 -1 -1 -1
229 -1 -1 -1 -1 -1 -1 -1 -1 -1 -1 -1 -1 -1 -1 -1 -1 -1 -1 -1 -1
230 -1 -1 -1 -1 -1 -1 -1 -1 -1 -1 -1 -1 -1 -1 -1 -1 -1 -1 -1 -1
231 0.542755 0.424275 0.529998 0.534097 0.544918 0.530505 0.515078 0.537690 0.544918 0.530505 0.563654 0.632846 0.544041 0.717249 0.515078 0.537690 0.530695 0.639202 0.519963 0.735057
232 0.541317 0.411138 0.530094 0.528830 0.545123 0.524132 0.515065 0.533528 0.545123 0.524132 0.563647 0.631486 0.544347 0.719335 0.515065 0.533528 0.530770 0.637351 0.519833 0.734717
233 0.540940 0.400218 0.532096 0.525854 0.547784 0.521716 0.516408 0.529993 0.547784 0.521716 0.564107 0.631986 0.544640 0.727457 0.516408 0.529993 0.531491 0.637612 0.519846 0.734881
234 0.540832 0.388852 0.535026 0.520367 0.551848 0.517325 0.518204 0.523408 0.551848 0.517325 0.565833 0.630913 0.545454 0.726738 0.518204 0.523408 0.532904 0.635300 0.519963 0.731721
235 0.540800 0.375801 0.537319 0.506226 0.554393 0.504108 0.520246 0.508344 0.554393 0.504108 0.568498 0.619855 0.547337 0.718129 0.520246 0.508344 0.532907 0.626542 0.519971 0.729167
236 0.540839 0.369333 0.538817 0.501248 0.555892 0.498249 0.521741 0.504247 0.555892 0.498249 0.574030 0.607027 0.553527 0.703966 0.521741 0.504247 0.533198 0.618744 0.519888 0.725116
237 0.541071 0.362866 0.539062 0.500645 0.556279 0.497293 0.521845 0.503996 0.556279 0.497293 0.581642 0.598939 0.563645 0.691592 0.521845 0.503996 0.532953 0.620313 0.519499 0.725932
238 0.542955 0.356433 0.539865 0.497981 0.557494 0.494391 0.522236 0.501570 0.557494 0.494391 0.588726 0.595365 0.575351 0.690316 0.522236 0.501570 0.532093 0.620328 0.519043 0.726671
239 0.544188 0.352254 0.540759 0.494265 0.558146 0.490322 0.523371 0.498208 0.558146 0.490322 0.593777 0.592016 0.587033 0.695069 0.523371 0.498208 0.531069 0.621780 0.518518 0.727552
240 0.547947 0.343968 0.542879 0.493297 0.560206 0.489371 0.525552 0.497223 0.560206 0.489371 0.600217 0.590326 0.602519 0.696698 0.525552 0.497223 0.529565 0.620994 0.517924 0.728899
241 0.552022 0.341401 0.547698 0.495945 0.565627 0.492657 0.529769 0.499233 0.565627 0.492657 0.608319 0.595097 0.620556 0.708649 0.529769 0.499233 0.529515 0.622061 0.517424 0.730392
242 0.557645 0.338271 0.553035 0.496835 0.571048 0.493944 0.535022 0.499725 0.571048 0.493944 0.615205 0.596137 0.635266 0.722629 0.535022 0.499725 0.530530 0.622543 0.517452 0.730493
243 0.561403 0.338103 0.558781 0.497780 0.576145 0.494154 0.541417 0.501407 0.576145 0.494154 0.619655 0.608892 0.649089 0.737629 0.541417 0.501407 0.531776 0.625529 0.517464 0.731047
244 0.565289 0.337270 0.565049 0.502231 0.582419 0.500529 0.547679 0.503932 0.582419 0.500529 0.623993 0.622764 0.659027 0.748316 0.547679 0.503932 0.534397 0.630283 0.516652 0.733221
245 0.571277 0.338685 0.570643 0.505020 0.584113 0.502873 0.557173 0.507166 0.584113 0.502873 0.625423 0.627429 0.662290 0.757429 0.557173 0.507166 0.539200 0.630240 0.516563 0.732715
246 0.579292 0.338614 0.577425 0.510854 0.588616 0.508060 0.566235 0.513648 0.588616 0.508060 0.628857 0.636590 0.658764 0.764655 0.566235 0.513648 0.542276 0.631255 0.516628 0.731991
247 0.590999 0.337391 0.582693 0.520667 0.593181 0.518228 0.572205 0.523107 0.593181 0.518228 0.633162 0.644800 0.661400 0.782642 0.572205 0.523107 0.542989 0.636891 0.516832 0.732024
248 0.606446 0.338294 0.590153 0.526176 0.602070 0.524260 0.578236 0.528091 0.602070 0.524260 0.641621 0.651094 0.666293 0.797960 0.578236 0.528091 0.545031 0.640800 0.517313 0.730729
249 0.620089 0.340269 0.597250 0.527265 0.611670 0.525805 0.582830 0.528726 0.611670 0.525805 0.649351 0.653265 0.668885 0.797474 0.582830 0.528726 0.549455 0.641566 0.519751 0.729050
250 0.634494 0.342764 0.604649 0.527105 0.620902 0.526751 0.588395 0.527458 0.620902 0.526751 0.655298 0.655749 0.669549 0.797314 0.588395 0.527458 0.553519 0.643390 0.521275 0.729495
251 0.647193 0.342657 0.611702 0.525094 0.627362 0.524832 0.596042 0.525357 0.627362 0.524832 0.662040 0.653512 0.670579 0.792282 0.596042 0.525357 0.562600 0.642214 0.523437 0.728898
252 0.658283 0.341115 0.618579 0.519549 0.635624 0.520983 0.601534 0.518115 0.635624 0.520983 0.669573 0.652837 0.672701 0.788820 0.601534 0.518115 0.571254 0.641952 0.533710 0.720519
253 0.668039 0.333511 0.626247 0.511686 0.645362 0.515298 0.607132 0.508075 0.645362 0.515298 0.673344 0.650325 0.673729 0.787843 0.607132 0.508075 0.582366 0.640886 0.544509 0.705021
254 0.678452 0.326405 0.637957 0.500597 0.660357 0.503164 0.615557 0.498030 0.660357 0.503164 0.675007 0.644541 0.673834 0.784871 0.615557 0.498030 0.599429 0.638855 0.570343 0.682314
255 0.685068 0.317793 0.645410 0.501469 0.665799 0.503350 0.625021 0.499587 0.665799 0.503350 0.677735 0.656786 0.676677 0.803461 0.625021 0.499587 0.616734 0.639854 0.596482 0.693189
256 0.691524 0.312703 0.649875 0.501255 0.671411 0.504007 0.628339 0.498503 0.671411 0.504007 0.680247 0.657457 0.675781 0.802281 0.628339 0.498503 0.633703 0.646120 0.613215 0.732809
257 0.696231 0.307418 0.654372 0.498623 0.677062 0.502369 0.631682 0.494878 0.677062 0.502369 0.681261 0.656755 0.673932 0.801643 0.631682 0.494878 0.655064 0.649927 0.651435 0.781135
258 0.701734 0.304821 0.668645 0.499569 0.691803 0.503052 0.645486 0.496086 0.691803 0.503052 0.684995 0.658110 0.670341 0.797882 0.645486 0.496086 0.670995 0.656302 0.677432 0.821899
259 0.706401 0.302632 0.674047 0.503095 0.697273 0.507365 0.650820 0.498825 0.697273 0.507365 0.689661 0.673630 0.672902 0.809319 0.650820 0.498825 0.683373 0.679560 0.693072 0.862823
260 0.711434 0.298155 0.682055 0.506614 0.705697 0.510133 0.658414 0.503095 0.705697 0.510133 0.697816 0.681429 0.683252 0.834607 0.658414 0.503095 0.690041 0.691116 0.694400 0.856819
261 0.716460 0.298088 0.692413 0.523184 0.716659 0.525471 0.668167 0.520896 0.716659 0.525471 0.700280 0.685890 0.680511 0.846399 0.668167 0.520896 0.694674 0.705454 0.713637 0.902081
262 0.719957 0.300520 0.699423 0.534631 0.725221 0.535643 0.673625 0.533618 0.725221 0.535643 0.703886 0.683373 0.683840 0.834322 0.673625 0.533618 0.701568 0.723456 0.724500 0.917004
263 0.724528 0.303159 0.710103 0.546168 0.738075 0.545110 0.682130 0.547227 0.738075 0.545110 0.731218 0.682821 0.682756 0.800760 0.682130 0.547227 0.708512 0.725248 0.727193 0.920249
264 0.730627 0.304731 0.716348 0.552157 0.743219 0.551426 0.689476 0.552888 0.743219 0.551426 0.747648 0.683884 0.685586 0.781822 0.689476 0.552888 0.713774 0.730649 0.728744 0.918385
265 0.736554 0.309561 0.726231 0.554545 0.752869 0.553369 0.699593 0.555720 0.752869 0.553369 0.749083 0.682688 0.687494 0.776914 0.699593 0.555720 0.718216 0.729138 0.728816 0.911707
266 0.742661 0.312451 0.731475 0.557339 0.757635 0.557587 0.705315 0.557090 0.757635 0.557587 0.739660 0.687033 0.688839 0.777816 0.705315 0.557090 0.723700 0.733074 0.734174 0.928584
267 0.747116 0.313991 0.738941 0.557194 0.765541 0.556159 0.712342 0.558229 0.765541 0.556159 0.757872 0.687745 0.698057 0.774386 0.712342 0.558229 0.729203 0.735707 0.736321 0.932695
268 0.751911 0.313338 0.742359 0.560426 0.768779 0.558924 0.715939 0.561927 0.768779 0.558924 0.759143 0.714712 0.715374 0.834724 0.715939 0.561927 0.729700 0.745220 0.736877 0.935636
269 0.757442 0.311506 0.750867 0.563023 0.779061 0.559734 0.722674 0.566312 0.779061 0.559734 0.774411 0.734233 0.731328 0.854412 0.722674 0.566312 0.731061 0.761649 0.734769 0.935677
270 0.762358 0.308808 0.752378 0.568311 0.782386 0.566074 0.722369 0.570548 0.782386 0.566074 0.786022 0.760070 0.743136 0.864154 0.722369 0.570548 0.737111 0.777777 0.736542 0.942061
271 0.768124 0.304526 0.758974 0.564460 0.791561 0.562773 0.726387 0.566147 0.791561 0.562773 0.799888 0.759787 0.756736 0.871445 0.726387 0.566147 0.744329 0.778686 0.740676 0.955391
272 0.773025 0.301444 0.766454 0.567711 0.798760 0.567833 0.734148 0.567589 0.798760 0.567833 0.810893 0.789016 0.767471 0.903189 0.734148 0.567589 0.744377 0.780642 0.744239 0.957622
273 0.777747 0.299589 0.772878 0.575644 0.805493 0.576908 0.740264 0.574379 0.805493 0.576908 0.818492 0.801792 0.787338 0.953360 0.740264 0.574379 0.746093 0.794941 0.745739 0.960626
274 0.784363 0.298615 0.779900 0.582626 0.811721 0.583294 0.748078 0.581958 0.811721 0.583294 0.823605 0.808764 0.806760 0.968144 0.748078 0.581958 0.747506 0.803761 0.747623 0.964134
275 0.792052 0.298341 0.785569 0.592281 0.816057 0.591267 0.755081 0.593295 0.816057 0.591267 0.826425 0.816651 0.822584 0.978982 0.755081 0.593295 0.750509 0.815745 0.750244 0.966914
276 0.801415 0.297722 0.789547 0.591522 0.821341 0.592069 0.757754 0.590975 0.821341 0.592069 0.829565 0.811905 0.839957 0.982190 0.757754 0.590975 0.753022 0.820520 0.749860 0.967324
277 0.810380 0.297925 0.794540 0.592196 0.827279 0.594436 0.761801 0.589956 0.827279 0.594436 0.839304 0.806402 0.846661 0.980116 0.761801 0.589956 0.755887 0.809995 0.748980 0.964528
278 0.819817 0.302313 0.798875 0.602616 0.834847 0.606582 0.762904 0.598650 0.834847 0.606582 0.843730 0.834392 0.851270 0.981525 0.762904 0.598650 0.756799 0.829705 0.748299 0.963684
279 0.831908 0.306416 0.803511 0.603269 0.841313 0.610079 0.765709 0.596459 0.841313 0.610079 0.852513 0.830447 0.862372 1.003260 0.765709 0.596459 0.754758 0.822070 0.748152 0.961734
280 0.843935 0.307654 0.812846 0.613385 0.854792 0.622223 0.770899 0.604547 0.854792 0.622223 0.860590 0.867529 0.870749 1.026798 0.770899 0.604547 0.763462 0.851686 0.749846 0.965042
281 0.855806 0.308842 0.823569 0.627262 0.866257 0.637038 0.780881 0.617487 0.866257 0.637038 0.869482 0.879584 0.874891 1.001947 0.780881 0.617487 0.764151 0.866344 0.757391 0.962922
282 0.866281 0.308373 0.835555 0.633622 0.878773 0.639939 0.792337 0.627305 0.878773 0.639939 0.877487 0.886979 0.883191 1.064765 0.792337 0.627305 0.775286 0.886877 0.764592 1.036007
283 0.875596 0.309089 0.842909 0.641044 0.887212 0.647482 0.798607 0.634606 0.887212 0.647482 0.880048 0.910233 0.877065 1.083920 0.798607 0.634606 0.785156 0.901588 0.787199 1.030191
284 0.884488 0.309895 0.850166 0.649808 0.897713 0.655584 0.802619 0.644033 0.897713 0.655584 0.885083 0.928767 0.874078 1.106986 0.802619 0.644033 0.796223 0.919490 0.794976 1.045754
285 0.889458 0.309874 0.856950 0.653413 0.906508 0.657319 0.807392 0.649507 0.906508 0.657319 0.886317 0.938658 0.877549 1.125288 0.807392 0.649507 0.812859 0.931791 0.827334 1.064862
286 0.896139 0.310207 0.861372 0.656875 0.911054 0.660669 0.811691 0.653081 0.911054 0.660669 0.894717 0.939867 0.882466 1.141708 0.811691 0.653081 0.834246 0.942747 0.838858 1.076084
287 -1 -1 -1 -1 -1 -1 -1 -1 -1 -1 -1 -1 -1 -1 -1 -1 -1 -1 -1 -1
288 -1 -1 -1 -1 -1 -1 -1 -1 -1 -1 -1 -1 -1 -1 -1 -1 -1 -1 -1 -1
289 -1 -1 -1 -1 -1 -1 -1 -1 -1 -1 -1 -1 -1 -1 -1 -1 -1 -1 -1 -1
290 -1 -1 -1 -1 -1 -1 -1 -1 -1 -1 -1 -1 -1 -1 -1 -1 -1 -1 -1 -1
291 -1 -1 -1 -1 -1 -1 -1 -1 -1 -1 -1 -1 -1 -1 -1 -1 -1 -1 -1 -1
292 -1 -1 -1 -1 -1 -1 -1 -1 -1 -1 -1 -1 -1 -1 -1 -1 -1 -1 -1 -1
293 -1 -1 -1 -1 -1 -1 -1 -1 -1 -1 -1 -1 -1 -1 -1 -1 -1 -1 -1 -1
294 -1 -1 -1 -1 -1 -1 -1 -1 -1 -1 -1 -1 -1 -1 -1 -1 -1 -1 -1 -1
295 -1 -1 -1 -1 -1 -1 -1 -1 -1 -1 -1 -1 -1 -1 -1 -1 -1 -1 -1 -1
296 -1 -1 -1 -1 -1 -1 -1 -1 -1 -1 -1 -1 -1 -1 -1 -1 -1 -1 -1 -1
297 -1 -1 -1 -1 -1 -1 -1 -1 -1 -1 -1 -1 -1 -1 -1 -1 -1 -1 -1 -1
298 -1 -1 -1 -1 -1 -1 -1 -1 -1 -1 -1 -1 -1 -1 -1 -1 -1 -1 -1 -1
299 -1 -1 -1 -1 -1 -1 -1 -1 -1 -1 -1 -1 -1 -1 -1 -1 -1 -1 -1 -1
300 -1 -1 -1 -1 -1 -1 -1 -1 -1 -1 -1 -1 -1 -1 -1 -1 -1 -1 -1 -1
301 -1 -1 -1 -1 -1 -1 -1 -1 -1 -1 -1 -1 -1 -1 -1 -1 -1 -1 -1 -1
302 -1 -1 -1 -1 -1 -1 -1 -1 -1 -1 -1 -1 -1 -1 -1 -1 -1 -1 -1 -1
303 -1 -1 -1 -1 -1 -1 -1 -1 -1 -1 -1 -1 -1 -1 -1 -1 -1 -1 -1 -1
304 -1 -1 -1 -1 -1 -1 -1 -1 -1 -1 -1 -1 -1 -1 -1 -1 -1 -1 -1 -1
305 -1 -1 -1 -1 -1 -1 -1 -1 -1 -1 -1 -1 -1 -1 -1 -1 -1 -1 -1 -1
306 -1 -1 -1 -1 -1 -1 -1 -1 -1 -1 -1 -1 -1 -1 -1 -1 -1 -1 -1 -1
307 -1 -1 -1 -1 -1 -1 -1 -1 -1 -1 -1 -1 -1 -1 -1 -1 -1 -1 -1 -1
308 -1 -1 -1 -1 -1 -1 -1 -1 -1 -1 -1 -1 -1 -1 -1 -1 -1 -1 -1 -1
309 -1 -1 -1 -1 -1 -1 -1 -1 -1 -1 -1 -1 -1 -1 -1 -1 -1 -1 -1 -1
310 -1 -1 -1 -1 -1 -1 -1 -1 -1 -1 -1 -1 -1 -1 -1 -1 -1 -1 -1 -1
311 -1 -1 -1 -1 -1 -1 -1 -1 -1 -1 -1 -1 -1 -1 -1 -1 -1 -1 -1 -1
