137
162
0 0.441451 0.630815 0.510286 0.620322 0.521022 0.632163 0.499551 0.608480 0.521022 0.632163 0.548382 0.560939 0.584379 0.505663 0.499551 0.608480 0.459385 0.518567 0.477059 0.427993
1 -1 -1 -1 -1 -1 -1 -1 -1 -1 -1 -1 -1 -1 -1 -1 -1 -1 -1 -1 -1
2 0.479097 0.242272 0.469439 0.405273 0.468127 0.403390 0.470750 0.407157 0.468127 0.403390 0.469793 0.509387 0.452312 0.615853 0.470750 0.407157 0.459024 0.520928 0.419959 0.633626
3 0.480225 0.242180 0.470101 0.405118 0.468911 0.403810 0.471291 0.406426 0.468911 0.403810 0.469782 0.512035 0.454190 0.619072 0.471291 0.406426 0.459031 0.520902 0.419958 0.633635
4 0.483045 0.241964 0.471709 0.404848 0.471861 0.403946 0.471558 0.405749 0.471861 0.403946 0.469769 0.512467 0.454160 0.619761 0.471558 0.405749 0.460189 0.519986 0.420377 0.633620
5 0.486537 0.242223 0.472973 0.404141 0.473648 0.403944 0.472299 0.404339 0.473648 0.403944 0.469768 0.512531 0.454341 0.619993 0.472299 0.404339 0.462530 0.518227 0.421767 0.632943
6 0.489472 0.242366 0.474780 0.404361 0.476514 0.404328 0.473046 0.404393 0.476514 0.404328 0.469696 0.513221 0.454351 0.619998 0.473046 0.404393 0.464481 0.518138 0.425148 0.631488
7 0.491770 0.242644 0.476043 0.404687 0.478281 0.404954 0.473806 0.404420 0.478281 0.404954 0.469919 0.514099 0.454297 0.620180 0.473806 0.404420 0.466111 0.518167 0.426142 0.630153
8 0.493698 0.243138 0.477613 0.406830 0.480543 0.407430 0.474684 0.406231 0.480543 0.407430 0.470019 0.515772 0.453350 0.620368 0.474684 0.406231 0.466665 0.519413 0.426865 0.630145
9 0.495675 0.244038 0.479061 0.410957 0.482757 0.411710 0.475365 0.410204 0.482757 0.411710 0.471641 0.516977 0.453314 0.620341 0.475365 0.410204 0.467396 0.522146 0.427778 0.630188
10 0.497469 0.244654 0.480213 0.411318 0.484018 0.412037 0.476407 0.410600 0.484018 0.412037 0.473708 0.516912 0.452836 0.620316 0.476407 0.410600 0.469286 0.522913 0.429201 0.630236
11 0.499501 0.244999 0.481677 0.411204 0.486228 0.411965 0.477125 0.410443 0.486228 0.411965 0.477162 0.516735 0.454553 0.619738 0.477125 0.410443 0.471515 0.522802 0.430734 0.630121
12 0.501570 0.245591 0.483482 0.411045 0.489415 0.411775 0.477549 0.410315 0.489415 0.411775 0.479222 0.516624 0.454166 0.619250 0.477549 0.410315 0.473101 0.522734 0.432168 0.629501
13 0.503194 0.246023 0.485412 0.409673 0.492531 0.410963 0.478292 0.408382 0.492531 0.410963 0.482304 0.516022 0.454129 0.617506 0.478292 0.408382 0.475570 0.521749 0.433317 0.628797
14 0.503903 0.246741 0.486993 0.409696 0.494473 0.411015 0.479512 0.408377 0.494473 0.411015 0.484293 0.516092 0.454171 0.616467 0.479512 0.408377 0.476807 0.521727 0.434212 0.628835
15 0.505020 0.246685 0.488481 0.409433 0.496314 0.410632 0.480648 0.408235 0.496314 0.410632 0.487715 0.516043 0.457478 0.615136 0.480648 0.408235 0.477923 0.521789 0.437170 0.629177
16 0.506162 0.246737 0.489959 0.409338 0.498110 0.410452 0.481807 0.408224 0.498110 0.410452 0.490177 0.516005 0.461772 0.613649 0.481807 0.408224 0.479322 0.521868 0.441240 0.631603
17 0.507128 0.246749 0.490917 0.409416 0.498870 0.410380 0.482963 0.408452 0.498870 0.410380 0.492353 0.516070 0.465703 0.613815 0.482963 0.408452 0.480254 0.523616 0.446517 0.635893
18 0.507979 0.246718 0.491666 0.410327 0.499249 0.410829 0.484083 0.409826 0.499249 0.410829 0.493484 0.517094 0.469669 0.616223 0.484083 0.409826 0.481195 0.525797 0.450750 0.641211
19 0.509368 0.246548 0.492598 0.409335 0.500547 0.409563 0.484648 0.409108 0.500547 0.409563 0.494650 0.517770 0.471911 0.618422 0.484648 0.409108 0.481251 0.525755 0.453799 0.641316
20 0.509987 0.246513 0.492542 0.409512 0.499172 0.409604 0.485913 0.409420 0.499172 0.409604 0.492920 0.519068 0.469428 0.622195 0.485913 0.409420 0.484172 0.526434 0.460108 0.642826
21 0.511086 0.247734 0.492923 0.409748 0.498641 0.409607 0.487205 0.409889 0.498641 0.409607 0.490410 0.519561 0.464013 0.624739 0.487205 0.409889 0.489275 0.527995 0.471501 0.645110
22 0.512387 0.248171 0.493459 0.410349 0.498399 0.409954 0.488520 0.410744 0.498399 0.409954 0.488821 0.519927 0.459529 0.624404 0.488520 0.410744 0.495147 0.529950 0.483205 0.651226
23 0.513570 0.248333 0.494176 0.410420 0.498428 0.410084 0.489925 0.410755 0.498428 0.410084 0.486990 0.519900 0.457507 0.624286 0.489925 0.410755 0.498859 0.529839 0.491720 0.655384
24 0.515186 0.248598 0.494903 0.410972 0.498303 0.410874 0.491502 0.411069 0.498303 0.410874 0.482656 0.520547 0.456431 0.624607 0.491502 0.411069 0.501013 0.532842 0.497286 0.656211
25 0.517070 0.248564 0.495696 0.412437 0.497527 0.412349 0.493864 0.412526 0.497527 0.412349 0.480516 0.520793 0.455538 0.624542 0.493864 0.412526 0.503790 0.537020 0.504121 0.660254
26 0.520139 0.248649 0.497159 0.413599 0.498179 0.413868 0.496139 0.413329 0.498179 0.413868 0.480669 0.521151 0.455311 0.624488 0.496139 0.413329 0.507226 0.535951 0.509133 0.659203
27 0.522507 0.249062 0.498057 0.413646 0.498635 0.414021 0.497478 0.413272 0.498635 0.414021 0.480906 0.521200 0.455286 0.624386 0.497478 0.413272 0.508564 0.535414 0.514746 0.658543
28 0.525735 0.249095 0.499824 0.413794 0.498506 0.414224 0.501142 0.413363 0.498506 0.414224 0.481033 0.521169 0.455493 0.624447 0.501142 0.413363 0.510592 0.534968 0.517660 0.658451
29 0.528193 0.249251 0.501006 0.414539 0.497775 0.414737 0.504237 0.414341 0.497775 0.414737 0.481202 0.521463 0.455541 0.624368 0.504237 0.414341 0.512418 0.536410 0.517579 0.659119
30 0.530813 0.249816 0.502106 0.414750 0.496781 0.414696 0.507431 0.414805 0.496781 0.414696 0.482215 0.521441 0.456147 0.624341 0.507431 0.414805 0.515386 0.536032 0.518037 0.659298
31 0.532531 0.250655 0.504824 0.415467 0.497290 0.414884 0.512358 0.416049 0.497290 0.414884 0.483104 0.521469 0.456810 0.624298 0.512358 0.416049 0.518298 0.536880 0.518606 0.659348
32 0.533400 0.251453 0.506623 0.416296 0.498540 0.415245 0.514706 0.417347 0.498540 0.415245 0.484147 0.521835 0.457198 0.624202 0.514706 0.417347 0.520032 0.537118 0.519256 0.659100
33 0.536471 0.252145 0.509861 0.418357 0.503019 0.416912 0.516702 0.419803 0.503019 0.416912 0.485656 0.522460 0.457790 0.624170 0.516702 0.419803 0.520977 0.537932 0.519319 0.659381
34 0.539535 0.252941 0.512093 0.418806 0.505964 0.417457 0.518222 0.420155 0.505964 0.417457 0.487009 0.522438 0.459131 0.623036 0.518222 0.420155 0.521456 0.537753 0.519035 0.659185
35 0.542890 0.254170 0.515858 0.419517 0.511589 0.418512 0.520127 0.420522 0.511589 0.418512 0.489879 0.522421 0.461590 0.621763 0.520127 0.420522 0.522962 0.537601 0.518960 0.659091
36 0.544727 0.256760 0.519937 0.420793 0.516745 0.419843 0.523130 0.421743 0.516745 0.419843 0.493585 0.522482 0.462465 0.621056 0.523130 0.421743 0.523967 0.537860 0.518643 0.659531
37 0.546786 0.259063 0.524216 0.422844 0.522915 0.422445 0.525516 0.423243 0.522915 0.422445 0.497137 0.522608 0.462885 0.620624 0.525516 0.423243 0.525833 0.538015 0.518506 0.659479
38 0.548243 0.261496 0.526919 0.424670 0.526259 0.424701 0.527580 0.424640 0.526259 0.424701 0.500341 0.523656 0.465002 0.620474 0.527580 0.424640 0.527059 0.538965 0.518929 0.659925
39 0.550779 0.266615 0.529586 0.426546 0.531547 0.426914 0.527624 0.426179 0.531547 0.426914 0.505234 0.524120 0.467691 0.620191 0.527624 0.426179 0.529571 0.539429 0.519316 0.661228
40 0.552152 0.268773 0.532298 0.427587 0.536050 0.428507 0.528545 0.426667 0.536050 0.428507 0.509621 0.526742 0.470685 0.620388 0.528545 0.426667 0.530905 0.540031 0.520526 0.661748
41 0.553546 0.272371 0.535432 0.430355 0.541389 0.430888 0.529474 0.429821 0.541389 0.430888 0.516163 0.529528 0.473643 0.620674 0.529474 0.429821 0.530909 0.540885 0.520887 0.661726
42 0.554190 0.275165 0.538539 0.434659 0.546276 0.434285 0.530801 0.435033 0.546276 0.434285 0.525674 0.533551 0.477538 0.620070 0.530801 0.435033 0.532363 0.545764 0.520598 0.662780
43 0.554267 0.277592 0.541501 0.442431 0.549334 0.441682 0.533669 0.443180 0.549334 0.441682 0.530744 0.540570 0.484575 0.620023 0.533669 0.443180 0.532987 0.554046 0.520406 0.663383
44 0.556768 0.278967 0.544886 0.441409 0.554877 0.441012 0.534896 0.441807 0.554877 0.441012 0.536445 0.544083 0.488846 0.617891 0.534896 0.441807 0.533497 0.554091 0.520648 0.664351
45 0.558580 0.280074 0.546810 0.442431 0.557073 0.441913 0.536547 0.442949 0.557073 0.441913 0.541452 0.546977 0.502342 0.617937 0.536547 0.442949 0.532835 0.558799 0.520501 0.664264
46 0.560470 0.282028 0.548977 0.444096 0.558513 0.443216 0.539442 0.444975 0.558513 0.443216 0.553049 0.544516 0.511637 0.623274 0.539442 0.444975 0.533687 0.561539 0.520359 0.664179
47 0.562136 0.284093 0.553218 0.453844 0.564745 0.453204 0.541691 0.454485 0.564745 0.453204 0.556665 0.555525 0.520814 0.636418 0.541691 0.454485 0.533164 0.564425 0.519198 0.663410
48 0.566341 0.285001 0.557822 0.449993 0.571311 0.449700 0.544332 0.450285 0.571311 0.449700 0.570637 0.553101 0.534308 0.643852 0.544332 0.450285 0.534188 0.560966 0.519168 0.661186
49 0.570541 0.284493 0.560663 0.447736 0.576477 0.447763 0.544849 0.447708 0.576477 0.447763 0.577251 0.552325 0.545413 0.647696 0.544849 0.447708 0.534935 0.555126 0.519166 0.659972
50 0.572552 0.283330 0.564809 0.446480 0.582107 0.446504 0.547510 0.446456 0.582107 0.446504 0.583544 0.551525 0.564382 0.646959 0.547510 0.446456 0.536688 0.554822 0.519292 0.659999
51 0.574062 0.283185 0.565760 0.445959 0.582594 0.445746 0.548927 0.446171 0.582594 0.445746 0.592498 0.550966 0.585829 0.647983 0.548927 0.446171 0.537192 0.554980 0.519237 0.660749
52 0.578508 0.282723 0.569013 0.443320 0.586256 0.443666 0.551770 0.442975 0.586256 0.443666 0.597911 0.547450 0.602247 0.649846 0.551770 0.442975 0.539808 0.552267 0.519230 0.660846
53 0.583195 0.283018 0.572621 0.443208 0.590213 0.443675 0.555030 0.442741 0.590213 0.443675 0.601851 0.550504 0.616414 0.653146 0.555030 0.442741 0.541447 0.552139 0.519275 0.660351
54 0.587440 0.283873 0.576902 0.444011 0.594657 0.444817 0.559147 0.443205 0.594657 0.444817 0.608048 0.555776 0.628211 0.654961 0.559147 0.443205 0.542289 0.552139 0.519748 0.660369
55 0.592266 0.285465 0.581721 0.446105 0.599116 0.447177 0.564325 0.445033 0.599116 0.447177 0.614143 0.559420 0.636522 0.657544 0.564325 0.445033 0.544846 0.553677 0.520459 0.660824
56 0.598401 0.286795 0.586722 0.449235 0.604449 0.450796 0.568995 0.447675 0.604449 0.450796 0.620625 0.562810 0.642282 0.661905 0.568995 0.447675 0.546831 0.555141 0.520714 0.661005
57 0.605454 0.287496 0.592190 0.450687 0.610185 0.452840 0.574195 0.448534 0.610185 0.452840 0.626827 0.564875 0.644861 0.665998 0.574195 0.448534 0.549991 0.556656 0.521017 0.661474
58 0.612210 0.287902 0.599494 0.450997 0.616635 0.453201 0.582353 0.448793 0.616635 0.453201 0.631155 0.566580 0.646817 0.667195 0.582353 0.448793 0.555647 0.557412 0.521179 0.661444
59 0.619419 0.287813 0.606978 0.452608 0.623941 0.454641 0.590015 0.450576 0.623941 0.454641 0.637675 0.567857 0.650416 0.668912 0.590015 0.450576 0.563018 0.558924 0.522328 0.661266
60 0.627250 0.287705 0.614657 0.453224 0.631399 0.455515 0.597915 0.450932 0.631399 0.455515 0.645105 0.567553 0.653070 0.668538 0.597915 0.450932 0.571097 0.558633 0.523201 0.659745
61 0.635149 0.287564 0.623184 0.452800 0.639353 0.454899 0.607014 0.450700 0.639353 0.454899 0.649956 0.566261 0.653638 0.668741 0.607014 0.450700 0.579415 0.558546 0.526179 0.657770
62 0.642833 0.287034 0.631520 0.451629 0.646803 0.454239 0.616238 0.449018 0.646803 0.454239 0.655111 0.565406 0.652365 0.669421 0.616238 0.449018 0.587711 0.558162 0.530219 0.655393
63 0.650843 0.286444 0.637572 0.451843 0.652702 0.454602 0.622442 0.449083 0.652702 0.454602 0.655967 0.565165 0.650813 0.670614 0.622442 0.449083 0.597689 0.558447 0.536608 0.653486
64 0.656904 0.286304 0.642885 0.450020 0.657743 0.453615 0.628028 0.446426 0.657743 0.453615 0.655852 0.564961 0.651025 0.670284 0.628028 0.446426 0.610065 0.558343 0.544132 0.649537
65 0.662592 0.286601 0.649809 0.449923 0.663919 0.453467 0.635699 0.446380 0.663919 0.453467 0.658727 0.564653 0.651981 0.670790 0.635699 0.446380 0.619352 0.560010 0.551406 0.645533
66 0.669326 0.287435 0.655456 0.449102 0.670948 0.453429 0.639965 0.444776 0.670948 0.453429 0.662449 0.564806 0.653240 0.672120 0.639965 0.444776 0.626735 0.560725 0.558478 0.642491
67 0.674501 0.287903 0.659320 0.446108 0.675129 0.450544 0.643512 0.441672 0.675129 0.450544 0.666853 0.564697 0.653752 0.672333 0.643512 0.441672 0.637184 0.561152 0.565023 0.641179
68 0.679096 0.288450 0.663625 0.446008 0.679372 0.450343 0.647877 0.441673 0.679372 0.450343 0.668347 0.564762 0.653233 0.672350 0.647877 0.441673 0.646917 0.561113 0.574648 0.641869
69 0.684120 0.288941 0.666720 0.445837 0.682904 0.450269 0.650537 0.441405 0.682904 0.450269 0.670084 0.566115 0.652878 0.674028 0.650537 0.441405 0.652753 0.561278 0.585945 0.642960
70 0.688192 0.289900 0.669359 0.445934 0.685245 0.450307 0.653473 0.441562 0.685245 0.450307 0.670215 0.566855 0.652331 0.674133 0.653473 0.441562 0.656687 0.562235 0.597467 0.644712
71 0.691556 0.289879 0.671786 0.446663 0.687154 0.451100 0.656418 0.442226 0.687154 0.451100 0.671414 0.567450 0.651673 0.673785 0.656418 0.442226 0.660678 0.563731 0.606455 0.648790
72 0.694359 0.289971 0.674967 0.447539 0.689597 0.451736 0.660338 0.443341 0.689597 0.451736 0.670176 0.567927 0.651307 0.673708 0.660338 0.443341 0.668158 0.566107 0.617659 0.657022
73 0.697488 0.289530 0.677279 0.447656 0.691072 0.451591 0.663486 0.443722 0.691072 0.451591 0.669730 0.567858 0.644954 0.668972 0.663486 0.443722 0.671209 0.567583 0.634665 0.670016
74 0.699810 0.289295 0.679148 0.447846 0.693224 0.451580 0.665072 0.444113 0.693224 0.451580 0.672522 0.566771 0.645145 0.667817 0.665072 0.444113 0.674640 0.567239 0.640993 0.675049
75 0.702760 0.290187 0.681395 0.449109 0.695927 0.452295 0.666864 0.445923 0.695927 0.452295 0.676474 0.564692 0.648887 0.666380 0.666864 0.445923 0.678620 0.565911 0.648155 0.678045
76 0.704180 0.289219 0.684552 0.447847 0.698824 0.450489 0.670281 0.445205 0.698824 0.450489 0.677929 0.560462 0.650739 0.666869 0.670281 0.445205 0.682446 0.560667 0.655505 0.680111
77 0.706792 0.289303 0.687339 0.448059 0.699790 0.449808 0.674887 0.446310 0.699790 0.449808 0.678048 0.557176 0.650990 0.667014 0.674887 0.446310 0.686309 0.560323 0.670901 0.686398
78 0.709882 0.290147 0.689118 0.449747 0.701589 0.450904 0.676647 0.448590 0.701589 0.450904 0.679092 0.557702 0.651244 0.666924 0.676647 0.448590 0.690342 0.560997 0.684519 0.695646
79 0.712466 0.291420 0.691109 0.452208 0.703972 0.453575 0.678246 0.450841 0.703972 0.453575 0.679041 0.558154 0.651129 0.666958 0.678246 0.450841 0.695512 0.562825 0.698960 0.704230
80 0.714775 0.293200 0.694375 0.456283 0.707703 0.457458 0.681046 0.455108 0.707703 0.457458 0.680789 0.561303 0.651057 0.666993 0.681046 0.455108 0.704744 0.574844 0.709730 0.711248
81 0.717626 0.295549 0.698520 0.458632 0.711683 0.460244 0.685358 0.457021 0.711683 0.460244 0.681196 0.564250 0.651081 0.667575 0.685358 0.457021 0.707985 0.579461 0.717197 0.714745
82 0.720776 0.298661 0.702183 0.460434 0.714925 0.462576 0.689440 0.458292 0.714925 0.462576 0.682044 0.567778 0.651034 0.669978 0.689440 0.458292 0.712288 0.581870 0.721600 0.717074
83 0.723993 0.301818 0.704435 0.463606 0.715528 0.465568 0.693341 0.461643 0.715528 0.465568 0.687273 0.574889 0.651069 0.672719 0.693341 0.461643 0.710883 0.579998 0.723162 0.721492
84 0.726272 0.304489 0.707457 0.468464 0.716003 0.469398 0.698910 0.467529 0.716003 0.469398 0.686384 0.575957 0.651826 0.674477 0.698910 0.467529 0.712716 0.587959 0.724519 0.726507
85 0.729249 0.305086 0.713047 0.467814 0.720590 0.468485 0.705505 0.467143 0.720590 0.468485 0.689064 0.576068 0.654113 0.674238 0.705505 0.467143 0.716589 0.590797 0.726443 0.728548
86 0.733650 0.305320 0.718062 0.467065 0.726274 0.467815 0.709850 0.466316 0.726274 0.467815 0.694390 0.575320 0.657139 0.674118 0.709850 0.466316 0.720083 0.589715 0.728328 0.731035
87 0.739214 0.305731 0.722841 0.467116 0.731788 0.467820 0.713894 0.466411 0.731788 0.467820 0.698958 0.574712 0.657923 0.673717 0.713894 0.466411 0.725147 0.590216 0.729724 0.732543
88 0.744302 0.306748 0.727170 0.468219 0.737105 0.468152 0.717234 0.468287 0.737105 0.468152 0.704583 0.574584 0.660684 0.672522 0.717234 0.468287 0.728837 0.592463 0.729753 0.732518
89 0.748779 0.309428 0.731052 0.469788 0.741865 0.470030 0.720239 0.469545 0.741865 0.470030 0.709491 0.575201 0.664661 0.671423 0.720239 0.469545 0.732759 0.591206 0.729624 0.730442
90 0.753294 0.311133 0.734359 0.471648 0.744504 0.472205 0.724214 0.471092 0.744504 0.472205 0.713605 0.577412 0.668838 0.668396 0.724214 0.471092 0.735495 0.590975 0.729942 0.728809
91 0.756491 0.312951 0.737974 0.473413 0.748012 0.473934 0.727937 0.472893 0.748012 0.473934 0.719718 0.580298 0.674729 0.666696 0.727937 0.472893 0.737608 0.592490 0.729510 0.727713
92 0.757793 0.315010 0.740810 0.476807 0.751202 0.477457 0.730418 0.476158 0.751202 0.477457 0.727234 0.582980 0.680294 0.666383 0.730418 0.476158 0.739166 0.596943 0.730744 0.730149
93 0.761401 0.317025 0.744161 0.484461 0.755571 0.485459 0.732750 0.483463 0.755571 0.485459 0.737079 0.587040 0.686054 0.666378 0.732750 0.483463 0.742159 0.603419 0.732538 0.734195
94 0.764987 0.319860 0.746293 0.489707 0.758582 0.491891 0.734003 0.487522 0.758582 0.491891 0.742573 0.598682 0.689513 0.666742 0.734003 0.487522 0.742410 0.608316 0.733250 0.733883
95 0.768277 0.319952 0.749923 0.490440 0.763578 0.492761 0.736267 0.488120 0.763578 0.492761 0.759702 0.597474 0.700066 0.667405 0.736267 0.488120 0.744157 0.608426 0.735354 0.733353
96 0.770556 0.320612 0.753716 0.490476 0.768475 0.492361 0.738958 0.488592 0.768475 0.492361 0.773739 0.601157 0.713712 0.671669 0.738958 0.488592 0.742718 0.614884 0.735070 0.735219
97 0.772372 0.320612 0.757292 0.490542 0.771821 0.492312 0.742763 0.488771 0.771821 0.492312 0.782445 0.601863 0.721125 0.681175 0.742763 0.488771 0.745276 0.614857 0.733973 0.734840
98 0.775751 0.320638 0.762365 0.490647 0.779552 0.492949 0.745179 0.488345 0.779552 0.492949 0.787451 0.608097 0.733091 0.700334 0.745179 0.488345 0.746831 0.613419 0.732990 0.734366
99 0.777513 0.320196 0.766304 0.491430 0.784973 0.493336 0.747635 0.489524 0.784973 0.493336 0.794241 0.608675 0.741428 0.712702 0.747635 0.489524 0.746403 0.611993 0.732424 0.735400
100 0.779787 0.319951 0.768664 0.492543 0.788695 0.494582 0.748634 0.490503 0.788695 0.494582 0.798127 0.613674 0.753754 0.718310 0.748634 0.490503 0.747943 0.611001 0.732307 0.734174
101 0.783311 0.319737 0.771335 0.492999 0.792100 0.495484 0.750571 0.490514 0.792100 0.495484 0.802399 0.616425 0.768326 0.723877 0.750571 0.490514 0.748631 0.610705 0.731960 0.732743
102 0.786044 0.320643 0.774388 0.494641 0.796221 0.496594 0.752556 0.492689 0.796221 0.496594 0.805840 0.621129 0.778977 0.729246 0.752556 0.492689 0.748716 0.614240 0.731282 0.732681
103 0.789210 0.322503 0.778653 0.497372 0.801370 0.499302 0.755936 0.495443 0.801370 0.499302 0.809540 0.628505 0.791295 0.740487 0.755936 0.495443 0.748910 0.619925 0.731142 0.733287
104 0.791968 0.323745 0.781379 0.501548 0.804563 0.502984 0.758195 0.500113 0.804563 0.502984 0.811771 0.638563 0.806047 0.754800 0.758195 0.500113 0.749496 0.625340 0.730281 0.735547
105 0.794949 0.324830 0.785374 0.505862 0.808898 0.506973 0.761850 0.504751 0.808898 0.506973 0.815654 0.642386 0.817286 0.762428 0.761850 0.504751 0.750474 0.629184 0.729867 0.737362
106 0.798691 0.326152 0.788144 0.510899 0.811683 0.512583 0.764604 0.509215 0.811683 0.512583 0.818717 0.645528 0.828311 0.767389 0.764604 0.509215 0.752529 0.627512 0.729878 0.737116
107 0.803051 0.326595 0.792762 0.512508 0.816433 0.514290 0.769091 0.510726 0.816433 0.514290 0.822403 0.643315 0.833296 0.768423 0.769091 0.510726 0.753766 0.629005 0.730185 0.738918
108 0.807699 0.328081 0.796483 0.519322 0.819704 0.521744 0.773263 0.516899 0.819704 0.521744 0.827084 0.649201 0.838144 0.770685 0.773263 0.516899 0.755275 0.632720 0.731238 0.739195
109 0.812717 0.330618 0.800668 0.522100 0.823670 0.525199 0.777667 0.519001 0.823670 0.525199 0.831093 0.658091 0.840523 0.778814 0.777667 0.519001 0.757180 0.635752 0.731974 0.739596
110 0.817752 0.335230 0.804384 0.524126 0.827710 0.527979 0.781058 0.520274 0.827710 0.527979 0.834748 0.660728 0.839413 0.780173 0.781058 0.520274 0.760766 0.636524 0.732769 0.739403
111 0.823633 0.337602 0.809913 0.523823 0.833380 0.527559 0.786445 0.520087 0.833380 0.527559 0.838029 0.662874 0.839098 0.781640 0.786445 0.520087 0.765646 0.635830 0.733412 0.738900
112 0.828692 0.337799 0.814995 0.524539 0.837756 0.528201 0.792234 0.520877 0.837756 0.528201 0.842716 0.666354 0.839471 0.784038 0.792234 0.520877 0.770693 0.637350 0.733835 0.738760
113 0.834471 0.337185 0.821765 0.524273 0.845046 0.527980 0.798483 0.520565 0.845046 0.527980 0.847117 0.667988 0.841078 0.787349 0.798483 0.520565 0.778612 0.636742 0.734951 0.738262
114 0.840228 0.336721 0.827953 0.523012 0.850902 0.526623 0.805005 0.519401 0.850902 0.526623 0.850091 0.666722 0.842096 0.788648 0.805005 0.519401 0.786138 0.637298 0.738265 0.737475
115 0.846666 0.337075 0.833192 0.522319 0.856864 0.525832 0.809520 0.518805 0.856864 0.525832 0.852638 0.664117 0.843131 0.787248 0.809520 0.518805 0.796155 0.637308 0.743240 0.734126
116 0.852772 0.337458 0.838913 0.526391 0.862720 0.530930 0.815105 0.521852 0.862720 0.530930 0.854409 0.667132 0.844224 0.795495 0.815105 0.521852 0.801136 0.643703 0.748352 0.733435
117 0.859013 0.338326 0.844811 0.528690 0.869225 0.533893 0.820397 0.523488 0.869225 0.533893 0.855454 0.668429 0.844086 0.796146 0.820397 0.523488 0.806313 0.650167 0.756773 0.730492
118 0.863989 0.340196 0.847350 0.535679 0.872214 0.541942 0.822486 0.529416 0.872214 0.541942 0.855788 0.675254 0.844433 0.798566 0.822486 0.529416 0.808726 0.660474 0.764788 0.730168
119 0.868314 0.340776 0.850063 0.536652 0.874524 0.543097 0.825602 0.530207 0.874524 0.543097 0.855590 0.676646 0.844090 0.798979 0.825602 0.530207 0.810261 0.662489 0.769899 0.731654
120 0.872372 0.342262 0.850610 0.540193 0.875393 0.547388 0.825828 0.532998 0.875393 0.547388 0.856274 0.678568 0.844496 0.798078 0.825828 0.532998 0.808346 0.665761 0.773463 0.739924
121 0.875853 0.343152 0.851023 0.541258 0.876548 0.549099 0.825498 0.533417 0.876548 0.549099 0.857497 0.679803 0.845314 0.798814 0.825498 0.533417 0.807934 0.665698 0.778085 0.744209
122 0.879162 0.344575 0.851671 0.539412 0.877549 0.546718 0.825793 0.532105 0.877549 0.546718 0.857741 0.677778 0.846485 0.797518 0.825793 0.532105 0.808951 0.663144 0.783783 0.743781
123 0.881580 0.345820 0.851653 0.539694 0.878273 0.547581 0.825034 0.531806 0.878273 0.547581 0.858457 0.677283 0.848025 0.796563 0.825034 0.531806 0.809186 0.666637 0.786711 0.744365
124 0.882848 0.346790 0.851407 0.540352 0.878251 0.548750 0.824562 0.531953 0.878251 0.548750 0.858935 0.677410 0.848819 0.796439 0.824562 0.531953 0.809591 0.666853 0.788414 0.744619
125 0.883522 0.347923 0.851168 0.541584 0.878168 0.550652 0.824168 0.532516 0.878168 0.550652 0.859003 0.680569 0.849407 0.797716 0.824168 0.532516 0.808908 0.671507 0.787847 0.747198
126 0.883603 0.350039 0.850812 0.542599 0.877817 0.551989 0.823807 0.533208 0.877817 0.551989 0.859081 0.682268 0.849670 0.798661 0.823807 0.533208 0.809219 0.672669 0.788959 0.746771
127 0.882646 0.351448 0.850065 0.543307 0.876785 0.553068 0.823346 0.533546 0.876785 0.553068 0.858950 0.683109 0.850067 0.798863 0.823346 0.533546 0.809777 0.672557 0.789919 0.747267
128 0.881101 0.354032 0.849962 0.543244 0.876655 0.553094 0.823269 0.533394 0.876655 0.553094 0.858796 0.682706 0.850735 0.798579 0.823269 0.533394 0.810552 0.671218 0.793254 0.746927
129 0.880045 0.357140 0.846063 0.543174 0.872900 0.553061 0.819225 0.533288 0.872900 0.553061 0.858620 0.680686 0.851772 0.798104 0.819225 0.533288 0.810916 0.670577 0.801638 0.745197
130 0.876585 0.361549 0.839546 0.546278 0.866401 0.557269 0.812691 0.535286 0.866401 0.557269 0.858475 0.680357 0.852365 0.797925 0.812691 0.535286 0.810474 0.671231 0.801431 0.751816
131 0.871415 0.365907 0.832547 0.546771 0.859218 0.557748 0.805875 0.535794 0.859218 0.557748 0.856638 0.679317 0.852228 0.789788 0.805875 0.535794 0.806261 0.666439 0.801896 0.761843
132 0.864820 0.373509 0.822434 0.552763 0.847209 0.563513 0.797659 0.542012 0.847209 0.563513 0.853623 0.684475 0.851197 0.789634 0.797659 0.542012 0.798936 0.668926 0.803050 0.775605
133 0.855201 0.378516 0.814252 0.551762 0.839125 0.561907 0.789378 0.541618 0.839125 0.561907 0.851743 0.680035 0.851053 0.784205 0.789378 0.541618 0.788189 0.668842 0.800594 0.781208
134 0.847798 0.386895 0.806417 0.552250 0.831171 0.560943 0.781664 0.543556 0.831171 0.560943 0.845570 0.678821 0.848809 0.785253 0.781664 0.543556 0.778407 0.666020 0.797283 0.787858
135 0.839216 0.399254 0.794708 0.569406 0.815646 0.575362 0.773770 0.563449 0.815646 0.575362 0.841668 0.701492 0.847819 0.800878 0.773770 0.563449 0.764266 0.683531 0.791899 0.800326
136 0.829372 0.415493 0.781032 0.585609 0.804126 0.592153 0.757938 0.579066 0.804126 0.592153 0.842657 0.708896 0.847163 0.799831 0.757938 0.579066 0.745984 0.709628 0.776728 0.812917
137 0.822673 0.440562 0.772184 0.616057 0.796906 0.618813 0.747462 0.613301 0.796906 0.618813 0.843781 0.720779 0.843634 0.799487 0.747462 0.613301 0.735809 0.753481 0.763105 0.828249
138 0.809435 0.475000 0.758006 0.644445 0.784527 0.641947 0.731485 0.646942 0.784527 0.641947 0.843911 0.716735 0.840928 0.799581 0.731485 0.646942 0.722991 0.801872 0.770273 0.822204
139 0.796478 0.508619 0.742225 0.674493 0.768022 0.672615 0.716429 0.676372 0.768022 0.672615 0.838242 0.736715 0.838161 0.805004 0.716429 0.676372 0.711126 0.835440 0.761147 0.822730
140 0.782398 0.536761 0.727133 0.702985 0.751392 0.700570 0.702873 0.705399 0.751392 0.700570 0.838373 0.743464 0.835170 0.804682 0.702873 0.705399 0.704439 0.861313 0.765916 0.830263
141 0.760376 0.563946 0.713769 0.727572 0.737944 0.722749 0.689595 0.732394 0.737944 0.722749 0.824463 0.764710 0.831280 0.804036 0.689595 0.732394 0.702365 0.882503 0.768516 0.837273
142 0.738431 0.594707 0.700152 0.750103 0.724002 0.744883 0.676301 0.755322 0.724002 0.744883 0.798556 0.793407 0.823559 0.807566 0.676301 0.755322 0.704836 0.888360 0.769833 0.841784
143 0.710922 0.623625 0.685922 0.762579 0.708501 0.757785 0.663343 0.767374 0.708501 0.757785 0.794365 0.830532 0.847674 0.811982 0.663343 0.767374 0.709281 0.903005 0.677665 0.837084
144 0.682152 0.642172 0.670067 0.758948 0.692956 0.741160 0.647178 0.776736 0.692956 0.741160 0.792299 0.819931 0.868997 0.851411 0.647178 0.776736 0.705839 0.902836 0.696142 0.832535
145 0.653376 0.665555 0.655963 0.786207 0.680090 0.766070 0.631835 0.806343 0.680090 0.766070 0.782132 0.797833 0.860587 0.838163 0.631835 0.806343 0.708240 0.896710 0.780448 0.840096
146 0.623178 0.682355 0.639368 0.793605 0.660644 0.772973 0.618092 0.814238 0.660644 0.772973 0.760566 0.837402 0.857800 0.851272 0.618092 0.814238 0.706693 0.893221 0.795528 0.838678
147 0.619116 0.697888 0.637753 0.793874 0.662738 0.779230 0.612769 0.808519 0.662738 0.779230 0.764769 0.831082 0.854977 0.842813 0.612769 0.808519 0.696418 0.887285 0.772838 0.839767
148 -1 -1 -1 -1 -1 -1 -1 -1 -1 -1 -1 -1 -1 -1 -1 -1 -1 -1 -1 -1
149 -1 -1 -1 -1 -1 -1 -1 -1 -1 -1 -1 -1 -1 -1 -1 -1 -1 -1 -1 -1
150 -1 -1 -1 -1 -1 -1 -1 -1 -1 -1 -1 -1 -1 -1 -1 -1 -1 -1 -1 -1
151 -1 -1 -1 -1 -1 -1 -1 -1 -1 -1 -1 -1 -1 -1 -1 -1 -1 -1 -1 -1
152 -1 -1 -1 -1 -1 -1 -1 -1 -1 -1 -1 -1 -1 -1 -1 -1 -1 -1 -1 -1
153 -1 -1 -1 -1 -1 -1 -1 -1 -1 -1 -1 -1 -1 -1 -1 -1 -1 -1 -1 -1
154 0.479259 0.739522 0.573936 0.800966 0.586824 0.773042 0.561047 0.828890 0.586824 0.773042 0.683582 0.766818 0.779887 0.785357 0.561047 0.828890 0.660357 0.834313 0.752236 0.811386
155 0.477828 0.736505 0.586337 0.792324 0.594600 0.766700 0.578073 0.817949 0.594600 0.766700 0.689227 0.752471 0.776031 0.782568 0.578073 0.817949 0.672225 0.818828 0.745693 0.795432
156 0.477409 0.737783 0.589472 0.783035 0.595063 0.754025 0.583881 0.812045 0.595063 0.754025 0.691625 0.746009 0.769655 0.778480 0.583881 0.812045 0.675716 0.801680 0.736302 0.801274
157 0.474506 0.738700 0.591282 0.776902 0.596293 0.743722 0.586270 0.810081 0.596293 0.743722 0.693161 0.735037 0.761084 0.779158 0.586270 0.810081 0.675061 0.783241 0.720642 0.806585
158 0.471020 0.735461 0.591790 0.768503 0.596803 0.735336 0.586777 0.801671 0.596803 0.735336 0.689890 0.724612 0.753611 0.781350 0.586777 0.801671 0.670106 0.772666 0.714718 0.807355
159 0.471492 0.733262 0.592691 0.763359 0.598494 0.730317 0.586888 0.796402 0.598494 0.730317 0.690162 0.715129 0.735586 0.783027 0.586888 0.796402 0.667615 0.767217 0.716046 0.807830
160 0.474501 0.732162 0.594093 0.761820 0.600756 0.729100 0.587430 0.794540 0.600756 0.729100 0.690573 0.714433 0.733465 0.783943 0.587430 0.794540 0.667285 0.765789 0.715646 0.810081
161 0.474771 0.730982 0.594527 0.761782 0.601274 0.729473 0.587780 0.794091 0.601274 0.729473 0.691690 0.716306 0.734186 0.784292 0.587780 0.794091 0.668080 0.768946 0.714668 0.811739
162 0.474891 0.731845 0.593808 0.761616 0.599877 0.729266 0.587739 0.793965 0.599877 0.729266 0.691098 0.716804 0.734280 0.784696 0.587739 0.793965 0.669127 0.772148 0.715499 0.812810
163 0.475321 0.733878 0.593220 0.761881 0.598536 0.729679 0.587904 0.794084 0.598536 0.729679 0.691465 0.716181 0.735959 0.786493 0.587904 0.794084 0.669769 0.771592 0.717647 0.813354
164 0.475963 0.736391 0.592746 0.762683 0.597497 0.730583 0.587995 0.794783 0.597497 0.730583 0.692529 0.715286 0.735134 0.789379 0.587995 0.794783 0.670203 0.772793 0.718067 0.813605
165 0.477428 0.737234 0.593480 0.763359 0.598539 0.731270 0.588422 0.795449 0.598539 0.731270 0.693399 0.714625 0.735335 0.791026 0.588422 0.795449 0.670418 0.771482 0.719133 0.813656
166 0.477438 0.737926 0.593746 0.763912 0.599015 0.731648 0.588477 0.796175 0.599015 0.731648 0.693933 0.715090 0.733812 0.792676 0.588477 0.796175 0.671726 0.773055 0.719613 0.813974
167 0.476418 0.737684 0.593885 0.764369 0.599232 0.732002 0.588538 0.796737 0.599232 0.732002 0.694543 0.715119 0.732958 0.794622 0.588538 0.796737 0.674089 0.774792 0.719784 0.814004
168 0.475344 0.737442 0.594048 0.764660 0.599451 0.732251 0.588645 0.797069 0.599451 0.732251 0.696633 0.715939 0.734074 0.797431 0.588645 0.797069 0.677414 0.776388 0.719091 0.815835
169 0.474590 0.736794 0.594130 0.765034 0.599560 0.732419 0.588700 0.797649 0.599560 0.732419 0.697612 0.716868 0.735140 0.797621 0.588700 0.797649 0.678187 0.782781 0.716839 0.816076
170 0.474270 0.736466 0.594194 0.765600 0.599672 0.732462 0.588717 0.798739 0.599672 0.732462 0.698657 0.717482 0.734721 0.797278 0.588717 0.798739 0.680615 0.790521 0.716286 0.815567
171 0.473998 0.736413 0.594282 0.766594 0.599807 0.732884 0.588757 0.800305 0.599807 0.732884 0.699409 0.720240 0.735611 0.796484 0.588757 0.800305 0.681805 0.792701 0.713452 0.813341
172 0.473893 0.735858 0.594624 0.767534 0.600339 0.733714 0.588909 0.801354 0.600339 0.733714 0.699499 0.723749 0.736075 0.794548 0.588909 0.801354 0.683292 0.797067 0.712968 0.813471
173 0.474268 0.735708 0.595411 0.769346 0.601605 0.735618 0.589218 0.803073 0.601605 0.735618 0.700160 0.728866 0.736476 0.793632 0.589218 0.803073 0.682858 0.804851 0.711406 0.813560
174 0.474948 0.735593 0.597492 0.771132 0.604336 0.737707 0.590648 0.804558 0.604336 0.737707 0.701697 0.733350 0.736639 0.792097 0.590648 0.804558 0.682975 0.808498 0.711166 0.815026
175 0.475472 0.735604 0.599840 0.772779 0.606775 0.739581 0.592904 0.805978 0.606775 0.739581 0.703812 0.737998 0.735826 0.790523 0.592904 0.805978 0.687265 0.822949 0.716532 0.818179
176 0.475913 0.735296 0.601768 0.774627 0.608619 0.741402 0.594917 0.807853 0.608619 0.741402 0.703915 0.742643 0.735303 0.788615 0.594917 0.807853 0.689337 0.830373 0.721685 0.819009
177 0.476924 0.734990 0.603746 0.775965 0.611023 0.742649 0.596469 0.809280 0.611023 0.742649 0.706213 0.747595 0.735172 0.788557 0.596469 0.809280 0.690393 0.837010 0.723561 0.821993
178 0.477703 0.734143 0.604204 0.776524 0.611578 0.743241 0.596830 0.809806 0.611578 0.743241 0.707206 0.751699 0.733783 0.787744 0.596830 0.809806 0.689330 0.844067 0.723530 0.823201
179 0.478153 0.733503 0.604824 0.777090 0.612582 0.743854 0.597067 0.810326 0.612582 0.743854 0.709400 0.755982 0.731501 0.787197 0.597067 0.810326 0.688887 0.845987 0.723015 0.823398
180 0.478575 0.733310 0.606531 0.778380 0.614640 0.745073 0.598422 0.811688 0.614640 0.745073 0.711686 0.759889 0.731360 0.787281 0.598422 0.811688 0.688796 0.851696 0.722818 0.824276
181 0.478783 0.733128 0.607306 0.779210 0.615400 0.745957 0.599212 0.812463 0.615400 0.745957 0.713864 0.764602 0.731768 0.787364 0.599212 0.812463 0.690235 0.852809 0.726181 0.824002
182 0.478934 0.733223 0.608160 0.779566 0.616646 0.746221 0.599674 0.812911 0.616646 0.746221 0.718980 0.770860 0.732015 0.787423 0.599674 0.812911 0.690293 0.856073 0.726499 0.824190
183 0.479098 0.733465 0.609183 0.779936 0.617943 0.746612 0.600423 0.813260 0.617943 0.746612 0.721481 0.772221 0.732766 0.787448 0.600423 0.813260 0.689961 0.857019 0.727769 0.825491
184 0.479260 0.733685 0.609823 0.780040 0.618527 0.746731 0.601118 0.813348 0.618527 0.746731 0.720174 0.770707 0.733859 0.787491 0.601118 0.813348 0.689845 0.857788 0.727501 0.825790
185 0.479220 0.734089 0.609717 0.780081 0.618291 0.746841 0.601142 0.813320 0.618291 0.746841 0.719909 0.770987 0.733886 0.787313 0.601142 0.813320 0.688241 0.857435 0.727297 0.825627
186 0.479156 0.734282 0.609476 0.780170 0.617897 0.746986 0.601055 0.813353 0.617897 0.746986 0.719009 0.770111 0.734098 0.786895 0.601055 0.813353 0.687816 0.856537 0.727154 0.825360
187 0.479113 0.734477 0.609386 0.780176 0.617730 0.747042 0.601043 0.813311 0.617730 0.747042 0.717739 0.769442 0.734406 0.786685 0.601043 0.813311 0.687605 0.856797 0.726906 0.825227
188 0.479059 0.734619 0.609276 0.780123 0.617582 0.747001 0.600970 0.813244 0.617582 0.747001 0.717456 0.770771 0.734803 0.786709 0.600970 0.813244 0.685898 0.857551 0.725811 0.825141
189 0.479071 0.735073 0.609174 0.780239 0.617448 0.747072 0.600899 0.813406 0.617448 0.747072 0.717432 0.770871 0.735126 0.786786 0.600899 0.813406 0.685918 0.856358 0.725709 0.825345
190 0.479004 0.735611 0.609113 0.780264 0.617374 0.747070 0.600852 0.813459 0.617374 0.747070 0.716396 0.770465 0.735287 0.787054 0.600852 0.813459 0.685260 0.855948 0.725684 0.825320
191 0.478933 0.736072 0.609069 0.780310 0.617296 0.747069 0.600841 0.813551 0.617296 0.747069 0.716397 0.770885 0.735462 0.787549 0.600841 0.813551 0.685220 0.855780 0.725613 0.825358
192 0.478877 0.736055 0.609003 0.780293 0.617216 0.747055 0.600790 0.813531 0.617216 0.747055 0.717712 0.772569 0.736643 0.788534 0.600790 0.813531 0.684944 0.856173 0.725598 0.825715
193 0.478819 0.736041 0.608986 0.780283 0.617184 0.747044 0.600788 0.813521 0.617184 0.747044 0.717858 0.773142 0.737954 0.789637 0.600788 0.813521 0.684199 0.856436 0.725634 0.826085
194 0.478817 0.736252 0.609048 0.780315 0.617284 0.747080 0.600813 0.813551 0.617284 0.747080 0.718373 0.774486 0.738397 0.790213 0.600813 0.813551 0.683194 0.858210 0.725596 0.826886
195 0.478826 0.736349 0.609137 0.780345 0.617411 0.747086 0.600864 0.813604 0.617411 0.747086 0.720146 0.774120 0.739020 0.791036 0.600864 0.813604 0.683106 0.859118 0.725746 0.826845
196 0.478832 0.736390 0.609127 0.780411 0.617397 0.747113 0.600857 0.813708 0.617397 0.747113 0.720206 0.775449 0.739502 0.791302 0.600857 0.813708 0.682510 0.859715 0.725862 0.826818
197 0.478841 0.736364 0.609164 0.780443 0.617478 0.747178 0.600849 0.813709 0.617478 0.747178 0.720053 0.776083 0.739655 0.791617 0.600849 0.813709 0.682336 0.861124 0.725846 0.826816
198 0.478859 0.736411 0.609213 0.780545 0.617537 0.747265 0.600889 0.813824 0.617537 0.747265 0.720024 0.776661 0.739849 0.791805 0.600889 0.813824 0.682540 0.861853 0.726356 0.826846
199 0.478864 0.736327 0.609126 0.780569 0.617461 0.747309 0.600791 0.813829 0.617461 0.747309 0.718185 0.776463 0.739935 0.791807 0.600791 0.813829 0.682463 0.862194 0.726475 0.826716
200 0.478889 0.736280 0.609124 0.780676 0.617466 0.747484 0.600782 0.813868 0.617466 0.747484 0.719119 0.777176 0.739918 0.791795 0.600782 0.813868 0.682677 0.862445 0.727586 0.826030
201 0.478921 0.736127 0.609382 0.780746 0.617917 0.747586 0.600847 0.813906 0.617917 0.747586 0.720711 0.778668 0.740447 0.791790 0.600847 0.813906 0.682957 0.862374 0.728062 0.826045
202 0.479020 0.735996 0.609678 0.780761 0.618477 0.747605 0.600879 0.813916 0.618477 0.747605 0.724075 0.780492 0.740433 0.791671 0.600879 0.813916 0.682974 0.862810 0.727810 0.826045
203 0.479050 0.736054 0.609671 0.780835 0.618463 0.747692 0.600879 0.813978 0.618463 0.747692 0.723731 0.780285 0.740545 0.791420 0.600879 0.813978 0.682991 0.862912 0.727834 0.826008
204 0.479091 0.735801 0.609801 0.780898 0.618629 0.747825 0.600973 0.813971 0.618629 0.747825 0.723436 0.780670 0.740493 0.790912 0.600973 0.813971 0.683002 0.863420 0.727818 0.825883
205 0.479096 0.735588 0.609643 0.780922 0.618581 0.747895 0.600704 0.813948 0.618581 0.747895 0.723070 0.780516 0.740467 0.790828 0.600704 0.813948 0.682974 0.863558 0.727495 0.825888
206 0.479099 0.735562 0.609578 0.780920 0.618569 0.747906 0.600587 0.813935 0.618569 0.747906 0.722871 0.780559 0.739924 0.790743 0.600587 0.813935 0.682069 0.863831 0.726376 0.825865
207 0.479138 0.735556 0.609541 0.780985 0.618541 0.747968 0.600540 0.814002 0.618541 0.747968 0.722705 0.780586 0.739932 0.790699 0.600540 0.814002 0.682410 0.863783 0.726441 0.826081
208 0.479137 0.735674 0.609547 0.781149 0.618532 0.748110 0.600561 0.814188 0.618532 0.748110 0.722611 0.780642 0.739926 0.790702 0.600561 0.814188 0.683251 0.863745 0.726461 0.826293
209 0.479140 0.735782 0.609550 0.781239 0.618514 0.748182 0.600585 0.814295 0.618514 0.748182 0.722506 0.780654 0.739664 0.790655 0.600585 0.814295 0.683330 0.863807 0.726457 0.826314
210 0.479135 0.735943 0.609646 0.781325 0.618525 0.748243 0.600767 0.814406 0.618525 0.748243 0.722107 0.780616 0.739591 0.790653 0.600767 0.814406 0.683358 0.863936 0.726346 0.826293
211 0.479137 0.735981 0.609896 0.781350 0.618616 0.748257 0.601175 0.814444 0.618616 0.748257 0.721925 0.780706 0.739517 0.790693 0.601175 0.814444 0.683361 0.864259 0.726034 0.826291
