53
75
0 -1 -1 -1 -1 -1 -1 -1 -1 -1 -1 -1 -1 -1 -1 -1 -1 -1 -1 -1 -1
1 0.398027 0.360656 0.399228 0.482556 0.420614 0.483179 0.377842 0.481934 0.420614 0.483179 0.434365 0.484758 0.419503 0.561554 0.377842 0.481934 0.361888 0.483341 0.381641 0.559150
2 0.398060 0.360192 0.397999 0.469652 0.418538 0.469176 0.377460 0.470129 0.418538 0.469176 0.442188 0.482564 0.421622 0.564469 0.377460 0.470129 0.360915 0.484746 0.380591 0.559457
3 0.397912 0.359953 0.397823 0.466908 0.418137 0.467743 0.377510 0.466072 0.418137 0.467743 0.443714 0.483640 0.421589 0.570596 0.377510 0.466072 0.360801 0.486007 0.380057 0.563093
4 0.397612 0.359837 0.397063 0.464560 0.416670 0.465776 0.377456 0.463343 0.416670 0.465776 0.442809 0.484970 0.420947 0.571878 0.377456 0.463343 0.360794 0.487109 0.379868 0.564081
5 0.397764 0.360068 0.397140 0.463585 0.416617 0.464491 0.377664 0.462678 0.416617 0.464491 0.443968 0.485578 0.421007 0.571281 0.377664 0.462678 0.360876 0.487378 0.379642 0.563998
6 0.397749 0.360337 0.396569 0.461775 0.415716 0.462422 0.377422 0.461129 0.415716 0.462422 0.444956 0.488912 0.420969 0.571654 0.377422 0.461129 0.361605 0.487398 0.379596 0.564120
7 0.397663 0.360781 0.396356 0.462216 0.415423 0.462643 0.377289 0.461789 0.415423 0.462643 0.444975 0.492861 0.420928 0.575052 0.377289 0.461789 0.362065 0.488063 0.379733 0.565832
8 0.397567 0.360729 0.396277 0.461759 0.415281 0.462032 0.377273 0.461486 0.415281 0.462032 0.444471 0.494560 0.420937 0.576773 0.377273 0.461486 0.362506 0.490263 0.379559 0.565877
9 0.397593 0.360743 0.396170 0.460016 0.415058 0.460867 0.377281 0.459166 0.415058 0.460867 0.444264 0.494730 0.420924 0.577690 0.377281 0.459166 0.362641 0.491881 0.379463 0.566216
10 0.397573 0.360096 0.396277 0.459158 0.415134 0.459969 0.377421 0.458346 0.415134 0.459969 0.443910 0.495113 0.420920 0.577401 0.377421 0.458346 0.362519 0.494397 0.379451 0.566279
11 0.397512 0.358831 0.396333 0.457473 0.415106 0.458421 0.377559 0.456524 0.415106 0.458421 0.443768 0.495622 0.420907 0.577159 0.377559 0.456524 0.362399 0.496247 0.379455 0.566243
12 0.397490 0.357791 0.396340 0.456976 0.415041 0.457769 0.377639 0.456182 0.415041 0.457769 0.443552 0.496518 0.421036 0.577377 0.377639 0.456182 0.362392 0.496860 0.379478 0.565471
13 0.397748 0.357617 0.396555 0.457838 0.415074 0.458500 0.378037 0.457176 0.415074 0.458500 0.443507 0.496259 0.421199 0.577488 0.378037 0.457176 0.362569 0.494260 0.379481 0.564908
14 0.397857 0.357391 0.396537 0.458312 0.415074 0.458860 0.378000 0.457765 0.415074 0.458860 0.443843 0.495997 0.421227 0.578092 0.378000 0.457765 0.363900 0.492208 0.379453 0.563056
15 0.398162 0.356885 0.396599 0.458537 0.415249 0.459035 0.377950 0.458038 0.415249 0.459035 0.443998 0.495380 0.421158 0.577874 0.377950 0.458038 0.365611 0.491524 0.379454 0.562808
16 0.399054 0.356826 0.397070 0.458775 0.416190 0.459250 0.377949 0.458300 0.416190 0.459250 0.443920 0.495182 0.421205 0.577709 0.377949 0.458300 0.367376 0.491773 0.379456 0.562815
17 0.399473 0.357023 0.397348 0.458508 0.416743 0.458838 0.377952 0.458178 0.416743 0.458838 0.442279 0.494551 0.421236 0.577068 0.377952 0.458178 0.367356 0.491453 0.379483 0.562833
18 0.400087 0.358025 0.397673 0.458658 0.417365 0.458967 0.377980 0.458349 0.417365 0.458967 0.442252 0.493606 0.421245 0.576751 0.377980 0.458349 0.367013 0.490383 0.379307 0.562543
19 0.400366 0.358998 0.398177 0.460071 0.418272 0.459952 0.378083 0.460190 0.418272 0.459952 0.442586 0.490458 0.421236 0.575590 0.378083 0.460190 0.366765 0.490018 0.379313 0.562480
20 0.400487 0.360538 0.398661 0.460796 0.419043 0.460521 0.378278 0.461070 0.419043 0.460521 0.442667 0.488494 0.421234 0.574620 0.378278 0.461070 0.365354 0.488569 0.379358 0.562373
21 0.400707 0.361344 0.398872 0.460873 0.419247 0.460506 0.378497 0.461240 0.419247 0.460506 0.442457 0.486565 0.421208 0.573257 0.378497 0.461240 0.364749 0.487626 0.379348 0.562125
22 0.400982 0.362895 0.398829 0.460986 0.419152 0.460453 0.378506 0.461520 0.419152 0.460453 0.442265 0.486004 0.421053 0.572791 0.378506 0.461520 0.363165 0.487744 0.379250 0.561682
23 0.401314 0.365814 0.398415 0.462137 0.418790 0.460820 0.378041 0.463455 0.418790 0.460820 0.442175 0.486237 0.421054 0.572666 0.378041 0.463455 0.362948 0.487771 0.379199 0.561224
24 0.401745 0.368055 0.397737 0.462107 0.417766 0.460820 0.377707 0.463394 0.417766 0.460820 0.442383 0.495320 0.421045 0.573134 0.377707 0.463394 0.363524 0.491859 0.379186 0.561229
25 0.401970 0.372435 0.397270 0.462966 0.417207 0.460978 0.377333 0.464953 0.417207 0.460978 0.442277 0.496830 0.420719 0.573964 0.377333 0.464953 0.365786 0.499260 0.379101 0.562864
26 0.402077 0.376048 0.397003 0.463742 0.416846 0.461166 0.377159 0.466318 0.416846 0.461166 0.442047 0.497400 0.420708 0.575462 0.377159 0.466318 0.374494 0.521580 0.379556 0.565079
27 0.402392 0.383437 0.396720 0.464390 0.416365 0.461159 0.377076 0.467621 0.416365 0.461159 0.440970 0.496805 0.420658 0.576124 0.377076 0.467621 0.378285 0.525096 0.380042 0.568422
28 0.402824 0.388453 0.396989 0.463874 0.416296 0.460526 0.377682 0.467222 0.416296 0.460526 0.440987 0.497310 0.420603 0.576072 0.377682 0.467222 0.382233 0.522667 0.380586 0.571896
29 0.404036 0.392968 0.397238 0.464035 0.416428 0.460475 0.378048 0.467595 0.416428 0.460475 0.440930 0.497562 0.420518 0.576012 0.378048 0.467595 0.383670 0.528878 0.381245 0.575238
30 0.404800 0.397040 0.397773 0.464764 0.417172 0.461161 0.378374 0.468368 0.417172 0.461161 0.440518 0.499365 0.420194 0.575665 0.378374 0.468368 0.381488 0.530575 0.381233 0.576302
31 0.405841 0.400928 0.398636 0.465124 0.418695 0.461290 0.378577 0.468957 0.418695 0.461290 0.440471 0.498733 0.420196 0.575054 0.378577 0.468957 0.380471 0.537461 0.381191 0.575284
32 0.408010 0.403354 0.399237 0.465011 0.419906 0.461281 0.378568 0.468741 0.419906 0.461281 0.440166 0.499510 0.420159 0.574969 0.378568 0.468741 0.379457 0.539514 0.381246 0.574824
33 0.408361 0.406119 0.399799 0.464845 0.420960 0.461053 0.378637 0.468636 0.420960 0.461053 0.439711 0.499647 0.419770 0.574633 0.378637 0.468636 0.378868 0.538080 0.381225 0.574366
34 0.409728 0.407162 0.400554 0.460514 0.421772 0.456959 0.379337 0.464069 0.421772 0.456959 0.438917 0.502803 0.419266 0.574198 0.379337 0.464069 0.378946 0.533688 0.381143 0.574023
35 0.412893 0.408374 0.401409 0.452783 0.421511 0.449793 0.381307 0.455774 0.421511 0.449793 0.438941 0.502233 0.418475 0.573971 0.381307 0.455774 0.378545 0.531320 0.380202 0.573232
36 0.414502 0.411014 0.402995 0.447410 0.421981 0.444926 0.384009 0.449894 0.421981 0.444926 0.439634 0.500836 0.418354 0.574079 0.384009 0.449894 0.377750 0.522821 0.380291 0.573008
37 0.415896 0.410191 0.404139 0.439885 0.422321 0.439773 0.385956 0.439996 0.422321 0.439773 0.439615 0.500917 0.418246 0.574216 0.385956 0.439996 0.376207 0.513048 0.380203 0.572941
38 0.417650 0.408777 0.405604 0.439016 0.424373 0.440531 0.386836 0.437501 0.424373 0.440531 0.439620 0.501234 0.418258 0.574211 0.386836 0.437501 0.374205 0.513273 0.379615 0.572826
39 0.419680 0.407479 0.406464 0.435401 0.425797 0.436428 0.387131 0.434374 0.425797 0.436428 0.439589 0.497418 0.418218 0.573603 0.387131 0.434374 0.374075 0.497412 0.379213 0.570873
40 0.420391 0.407047 0.407213 0.433653 0.426741 0.434931 0.387685 0.432374 0.426741 0.434931 0.440603 0.496628 0.418385 0.572224 0.387685 0.432374 0.374491 0.489380 0.380158 0.570441
41 0.423560 0.405320 0.407738 0.430520 0.427477 0.432052 0.387998 0.428988 0.427477 0.432052 0.438985 0.496201 0.417342 0.570423 0.387998 0.428988 0.374733 0.490230 0.379982 0.561742
42 0.422527 0.402427 0.408514 0.426237 0.427826 0.429820 0.389202 0.422654 0.427826 0.429820 0.437799 0.496232 0.417396 0.570621 0.389202 0.422654 0.374766 0.486629 0.380252 0.563679
43 0.421870 0.399784 0.409195 0.424227 0.428412 0.427439 0.389978 0.421016 0.428412 0.427439 0.437879 0.496669 0.419296 0.570767 0.389978 0.421016 0.374792 0.477051 0.380189 0.563098
44 0.421350 0.397502 0.409133 0.423311 0.428616 0.426777 0.389650 0.419845 0.428616 0.426777 0.437691 0.496681 0.419363 0.570866 0.389650 0.419845 0.378178 0.480157 0.381198 0.563737
45 0.421232 0.395627 0.408998 0.420797 0.428564 0.424754 0.389431 0.416841 0.428564 0.424754 0.436278 0.496122 0.419340 0.573067 0.389431 0.416841 0.378595 0.475829 0.381244 0.563174
46 0.420996 0.393933 0.409061 0.417837 0.428935 0.420774 0.389187 0.414900 0.428935 0.420774 0.436108 0.489511 0.419320 0.573057 0.389187 0.414900 0.378766 0.478396 0.381655 0.567145
47 0.422798 0.392665 0.408280 0.413470 0.428679 0.415243 0.387882 0.411698 0.428679 0.415243 0.439500 0.480107 0.419822 0.572414 0.387882 0.411698 0.378727 0.477464 0.383310 0.568154
48 0.421459 0.387665 0.407146 0.409026 0.428422 0.410077 0.385870 0.407974 0.428422 0.410077 0.439190 0.479282 0.419794 0.570683 0.385870 0.407974 0.373266 0.475668 0.384477 0.568337
49 0.419348 0.386776 0.406692 0.405110 0.428291 0.406292 0.385094 0.403927 0.428291 0.406292 0.438801 0.476047 0.419808 0.570025 0.385094 0.403927 0.373141 0.475062 0.386888 0.570539
50 0.418077 0.384609 0.406322 0.408795 0.428212 0.408854 0.384433 0.408736 0.428212 0.408854 0.441069 0.476736 0.419542 0.571069 0.384433 0.408736 0.377656 0.477597 0.388215 0.571305
51 0.416647 0.380820 0.404258 0.410444 0.425853 0.410241 0.382663 0.410646 0.425853 0.410241 0.444182 0.472947 0.418973 0.571081 0.382663 0.410646 0.377323 0.476426 0.387350 0.571164
52 0.415898 0.378686 0.403481 0.410247 0.425008 0.410720 0.381954 0.409775 0.425008 0.410720 0.443594 0.472647 0.417834 0.572269 0.381954 0.409775 0.374254 0.476841 0.384688 0.571787
53 0.416091 0.377671 0.403606 0.410986 0.425008 0.411455 0.382203 0.410517 0.425008 0.411455 0.437013 0.474869 0.415565 0.574278 0.382203 0.410517 0.374021 0.477237 0.384360 0.570919
54 0.416504 0.378260 0.403825 0.410315 0.425317 0.409740 0.382332 0.410890 0.425317 0.409740 0.443905 0.473002 0.415744 0.579023 0.382332 0.410890 0.377237 0.477687 0.384993 0.570866
55 0.417398 0.380651 0.406941 0.410903 0.429090 0.410836 0.384793 0.410971 0.429090 0.410836 0.449036 0.472994 0.418686 0.581200 0.384793 0.410971 0.380242 0.477916 0.386678 0.570597
56 0.421762 0.390429 0.409751 0.420384 0.432360 0.423067 0.387142 0.417701 0.432360 0.423067 0.442358 0.484816 0.418734 0.583738 0.387142 0.417701 0.379869 0.498549 0.384383 0.574255
57 0.421682 0.405363 0.410171 0.431500 0.432749 0.435549 0.387593 0.427451 0.432749 0.435549 0.443423 0.489023 0.419712 0.585065 0.387593 0.427451 0.379724 0.501635 0.378690 0.587898
58 0.422220 0.421894 0.410153 0.450824 0.432894 0.451188 0.387411 0.450460 0.432894 0.451188 0.444327 0.502951 0.420654 0.586228 0.387411 0.450460 0.377128 0.522636 0.371549 0.592355
59 0.424133 0.442609 0.412160 0.465298 0.436159 0.466159 0.388160 0.464437 0.436159 0.466159 0.447649 0.531762 0.423337 0.590395 0.388160 0.464437 0.379300 0.556412 0.367994 0.597765
60 0.426448 0.465903 0.415450 0.478192 0.439062 0.478818 0.391838 0.477567 0.439062 0.478818 0.458483 0.544066 0.447695 0.607313 0.391838 0.477567 0.381510 0.561529 0.370941 0.599308
61 0.428545 0.495321 0.422414 0.511906 0.444173 0.516330 0.400654 0.507482 0.444173 0.516330 0.459229 0.562590 0.454951 0.602264 0.400654 0.507482 0.393349 0.562369 0.389125 0.598661
62 0.436351 0.523968 0.427214 0.515085 0.450349 0.523312 0.404079 0.506857 0.450349 0.523312 0.459626 0.574785 0.454887 0.600481 0.404079 0.506857 0.390686 0.561325 0.386900 0.594072
63 0.434007 0.566953 0.425621 0.541371 0.449069 0.550081 0.402172 0.532662 0.449069 0.550081 0.456860 0.587923 0.462883 0.607409 0.402172 0.532662 0.388528 0.577575 0.369980 0.597666
64 0.432243 0.609183 0.425141 0.557240 0.448515 0.563728 0.401766 0.550751 0.448515 0.563728 0.456753 0.591599 0.460466 0.604640 0.401766 0.550751 0.387006 0.592124 0.364746 0.596149
65 0.435107 0.629056 0.421636 0.582443 0.447228 0.586515 0.396044 0.578371 0.447228 0.586515 0.456441 0.617381 0.436687 0.615947 0.396044 0.578371 0.386682 0.630397 0.357545 0.605724
66 0.435433 0.654836 0.418889 0.601467 0.445323 0.608066 0.392455 0.594868 0.445323 0.608066 0.449821 0.632631 0.429813 0.623999 0.392455 0.594868 0.374594 0.629562 0.352885 0.608607
67 -1 -1 -1 -1 -1 -1 -1 -1 -1 -1 -1 -1 -1 -1 -1 -1 -1 -1 -1 -1
68 -1 -1 -1 -1 -1 -1 -1 -1 -1 -1 -1 -1 -1 -1 -1 -1 -1 -1 -1 -1
69 -1 -1 -1 -1 -1 -1 -1 -1 -1 -1 -1 -1 -1 -1 -1 -1 -1 -1 -1 -1
70 -1 -1 -1 -1 -1 -1 -1 -1 -1 -1 -1 -1 -1 -1 -1 -1 -1 -1 -1 -1
71 -1 -1 -1 -1 -1 -1 -1 -1 -1 -1 -1 -1 -1 -1 -1 -1 -1 -1 -1 -1
72 0.430494 0.797527 0.424924 0.702152 0.419307 0.695594 0.430542 0.708709 0.419307 0.695594 0.446970 0.636910 0.415138 0.628287 0.430542 0.708709 0.417892 0.654427 0.362092 0.648880
73 0.425720 0.791759 0.423269 0.700049 0.415498 0.691766 0.431041 0.708333 0.415498 0.691766 0.430166 0.628835 0.408471 0.630761 0.431041 0.708333 0.418621 0.658262 0.353766 0.654633
74 0.422219 0.754095 0.421788 0.696130 0.418622 0.690280 0.424955 0.701980 0.418622 0.690280 0.432252 0.629407 0.399611 0.637033 0.424955 0.701980 0.421786 0.652612 0.354467 0.644723
75 0.403889 0.739558 0.418860 0.694305 0.422985 0.696295 0.414734 0.692314 0.422985 0.696295 0.439686 0.632260 0.406021 0.630913 0.414734 0.692314 0.415368 0.654657 0.361663 0.638786
76 0.406999 0.735630 0.418930 0.691783 0.423735 0.694315 0.414125 0.689250 0.423735 0.694315 0.440431 0.627570 0.399225 0.630049 0.414125 0.689250 0.412278 0.652262 0.361963 0.637573
77 0.424250 0.750039 0.412886 0.683091 0.427372 0.684429 0.398399 0.681754 0.427372 0.684429 0.438616 0.626152 0.403023 0.608584 0.398399 0.681754 0.390332 0.652794 0.347287 0.636104
78 0.428529 0.753968 0.414268 0.684468 0.427812 0.681815 0.400725 0.687120 0.427812 0.681815 0.439217 0.628738 0.404699 0.611340 0.400725 0.687120 0.393111 0.663071 0.351124 0.646633
79 -1 -1 -1 -1 -1 -1 -1 -1 -1 -1 -1 -1 -1 -1 -1 -1 -1 -1 -1 -1
80 -1 -1 -1 -1 -1 -1 -1 -1 -1 -1 -1 -1 -1 -1 -1 -1 -1 -1 -1 -1
81 -1 -1 -1 -1 -1 -1 -1 -1 -1 -1 -1 -1 -1 -1 -1 -1 -1 -1 -1 -1
82 -1 -1 -1 -1 -1 -1 -1 -1 -1 -1 -1 -1 -1 -1 -1 -1 -1 -1 -1 -1
83 -1 -1 -1 -1 -1 -1 -1 -1 -1 -1 -1 -1 -1 -1 -1 -1 -1 -1 -1 -1
84 -1 -1 -1 -1 -1 -1 -1 -1 -1 -1 -1 -1 -1 -1 -1 -1 -1 -1 -1 -1
85 -1 -1 -1 -1 -1 -1 -1 -1 -1 -1 -1 -1 -1 -1 -1 -1 -1 -1 -1 -1
86 -1 -1 -1 -1 -1 -1 -1 -1 -1 -1 -1 -1 -1 -1 -1 -1 -1 -1 -1 -1
87 -1 -1 -1 -1 -1 -1 -1 -1 -1 -1 -1 -1 -1 -1 -1 -1 -1 -1 -1 -1
88 -1 -1 -1 -1 -1 -1 -1 -1 -1 -1 -1 -1 -1 -1 -1 -1 -1 -1 -1 -1
89 -1 -1 -1 -1 -1 -1 -1 -1 -1 -1 -1 -1 -1 -1 -1 -1 -1 -1 -1 -1
90 -1 -1 -1 -1 -1 -1 -1 -1 -1 -1 -1 -1 -1 -1 -1 -1 -1 -1 -1 -1
91 -1 -1 -1 -1 -1 -1 -1 -1 -1 -1 -1 -1 -1 -1 -1 -1 -1 -1 -1 -1
92 -1 -1 -1 -1 -1 -1 -1 -1 -1 -1 -1 -1 -1 -1 -1 -1 -1 -1 -1 -1
93 -1 -1 -1 -1 -1 -1 -1 -1 -1 -1 -1 -1 -1 -1 -1 -1 -1 -1 -1 -1
94 -1 -1 -1 -1 -1 -1 -1 -1 -1 -1 -1 -1 -1 -1 -1 -1 -1 -1 -1 -1
95 -1 -1 -1 -1 -1 -1 -1 -1 -1 -1 -1 -1 -1 -1 -1 -1 -1 -1 -1 -1
96 -1 -1 -1 -1 -1 -1 -1 -1 -1 -1 -1 -1 -1 -1 -1 -1 -1 -1 -1 -1
97 -1 -1 -1 -1 -1 -1 -1 -1 -1 -1 -1 -1 -1 -1 -1 -1 -1 -1 -1 -1
98 -1 -1 -1 -1 -1 -1 -1 -1 -1 -1 -1 -1 -1 -1 -1 -1 -1 -1 -1 -1
99 -1 -1 -1 -1 -1 -1 -1 -1 -1 -1 -1 -1 -1 -1 -1 -1 -1 -1 -1 -1
100 -1 -1 -1 -1 -1 -1 -1 -1 -1 -1 -1 -1 -1 -1 -1 -1 -1 -1 -1 -1
101 -1 -1 -1 -1 -1 -1 -1 -1 -1 -1 -1 -1 -1 -1 -1 -1 -1 -1 -1 -1
102 -1 -1 -1 -1 -1 -1 -1 -1 -1 -1 -1 -1 -1 -1 -1 -1 -1 -1 -1 -1
103 -1 -1 -1 -1 -1 -1 -1 -1 -1 -1 -1 -1 -1 -1 -1 -1 -1 -1 -1 -1
104 -1 -1 -1 -1 -1 -1 -1 -1 -1 -1 -1 -1 -1 -1 -1 -1 -1 -1 -1 -1
105 -1 -1 -1 -1 -1 -1 -1 -1 -1 -1 -1 -1 -1 -1 -1 -1 -1 -1 -1 -1
106 -1 -1 -1 -1 -1 -1 -1 -1 -1 -1 -1 -1 -1 -1 -1 -1 -1 -1 -1 -1
107 -1 -1 -1 -1 -1 -1 -1 -1 -1 -1 -1 -1 -1 -1 -1 -1 -1 -1 -1 -1
108 -1 -1 -1 -1 -1 -1 -1 -1 -1 -1 -1 -1 -1 -1 -1 -1 -1 -1 -1 -1
109 -1 -1 -1 -1 -1 -1 -1 -1 -1 -1 -1 -1 -1 -1 -1 -1 -1 -1 -1 -1
110 -1 -1 -1 -1 -1 -1 -1 -1 -1 -1 -1 -1 -1 -1 -1 -1 -1 -1 -1 -1
111 -1 -1 -1 -1 -1 -1 -1 -1 -1 -1 -1 -1 -1 -1 -1 -1 -1 -1 -1 -1
112 -1 -1 -1 -1 -1 -1 -1 -1 -1 -1 -1 -1 -1 -1 -1 -1 -1 -1 -1 -1
113 -1 -1 -1 -1 -1 -1 -1 -1 -1 -1 -1 -1 -1 -1 -1 -1 -1 -1 -1 -1
114 -1 -1 -1 -1 -1 -1 -1 -1 -1 -1 -1 -1 -1 -1 -1 -1 -1 -1 -1 -1
115 -1 -1 -1 -1 -1 -1 -1 -1 -1 -1 -1 -1 -1 -1 -1 -1 -1 -1 -1 -1
116 -1 -1 -1 -1 -1 -1 -1 -1 -1 -1 -1 -1 -1 -1 -1 -1 -1 -1 -1 -1
117 -1 -1 -1 -1 -1 -1 -1 -1 -1 -1 -1 -1 -1 -1 -1 -1 -1 -1 -1 -1
118 -1 -1 -1 -1 -1 -1 -1 -1 -1 -1 -1 -1 -1 -1 -1 -1 -1 -1 -1 -1
119 -1 -1 -1 -1 -1 -1 -1 -1 -1 -1 -1 -1 -1 -1 -1 -1 -1 -1 -1 -1
120 -1 -1 -1 -1 -1 -1 -1 -1 -1 -1 -1 -1 -1 -1 -1 -1 -1 -1 -1 -1
121 -1 -1 -1 -1 -1 -1 -1 -1 -1 -1 -1 -1 -1 -1 -1 -1 -1 -1 -1 -1
122 -1 -1 -1 -1 -1 -1 -1 -1 -1 -1 -1 -1 -1 -1 -1 -1 -1 -1 -1 -1
123 -1 -1 -1 -1 -1 -1 -1 -1 -1 -1 -1 -1 -1 -1 -1 -1 -1 -1 -1 -1
124 -1 -1 -1 -1 -1 -1 -1 -1 -1 -1 -1 -1 -1 -1 -1 -1 -1 -1 -1 -1
125 -1 -1 -1 -1 -1 -1 -1 -1 -1 -1 -1 -1 -1 -1 -1 -1 -1 -1 -1 -1
126 -1 -1 -1 -1 -1 -1 -1 -1 -1 -1 -1 -1 -1 -1 -1 -1 -1 -1 -1 -1
127 -1 -1 -1 -1 -1 -1 -1 -1 -1 -1 -1 -1 -1 -1 -1 -1 -1 -1 -1 -1
128 -1 -1 -1 -1 -1 -1 -1 -1 -1 -1 -1 -1 -1 -1 -1 -1 -1 -1 -1 -1
129 -1 -1 -1 -1 -1 -1 -1 -1 -1 -1 -1 -1 -1 -1 -1 -1 -1 -1 -1 -1
130 -1 -1 -1 -1 -1 -1 -1 -1 -1 -1 -1 -1 -1 -1 -1 -1 -1 -1 -1 -1
131 -1 -1 -1 -1 -1 -1 -1 -1 -1 -1 -1 -1 -1 -1 -1 -1 -1 -1 -1 -1
132 -1 -1 -1 -1 -1 -1 -1 -1 -1 -1 -1 -1 -1 -1 -1 -1 -1 -1 -1 -1
133 -1 -1 -1 -1 -1 -1 -1 -1 -1 -1 -1 -1 -1 -1 -1 -1 -1 -1 -1 -1
134 -1 -1 -1 -1 -1 -1 -1 -1 -1 -1 -1 -1 -1 -1 -1 -1 -1 -1 -1 -1
135 -1 -1 -1 -1 -1 -1 -1 -1 -1 -1 -1 -1 -1 -1 -1 -1 -1 -1 -1 -1
136 -1 -1 -1 -1 -1 -1 -1 -1 -1 -1 -1 -1 -1 -1 -1 -1 -1 -1 -1 -1
137 -1 -1 -1 -1 -1 -1 -1 -1 -1 -1 -1 -1 -1 -1 -1 -1 -1 -1 -1 -1
138 -1 -1 -1 -1 -1 -1 -1 -1 -1 -1 -1 -1 -1 -1 -1 -1 -1 -1 -1 -1
139 -1 -1 -1 -1 -1 -1 -1 -1 -1 -1 -1 -1 -1 -1 -1 -1 -1 -1 -1 -1
140 -1 -1 -1 -1 -1 -1 -1 -1 -1 -1 -1 -1 -1 -1 -1 -1 -1 -1 -1 -1
141 -1 -1 -1 -1 -1 -1 -1 -1 -1 -1 -1 -1 -1 -1 -1 -1 -1 -1 -1 -1
142 -1 -1 -1 -1 -1 -1 -1 -1 -1 -1 -1 -1 -1 -1 -1 -1 -1 -1 -1 -1
143 -1 -1 -1 -1 -1 -1 -1 -1 -1 -1 -1 -1 -1 -1 -1 -1 -1 -1 -1 -1
144 -1 -1 -1 -1 -1 -1 -1 -1 -1 -1 -1 -1 -1 -1 -1 -1 -1 -1 -1 -1
145 -1 -1 -1 -1 -1 -1 -1 -1 -1 -1 -1 -1 -1 -1 -1 -1 -1 -1 -1 -1
146 -1 -1 -1 -1 -1 -1 -1 -1 -1 -1 -1 -1 -1 -1 -1 -1 -1 -1 -1 -1
147 -1 -1 -1 -1 -1 -1 -1 -1 -1 -1 -1 -1 -1 -1 -1 -1 -1 -1 -1 -1
148 -1 -1 -1 -1 -1 -1 -1 -1 -1 -1 -1 -1 -1 -1 -1 -1 -1 -1 -1 -1
149 -1 -1 -1 -1 -1 -1 -1 -1 -1 -1 -1 -1 -1 -1 -1 -1 -1 -1 -1 -1
150 -1 -1 -1 -1 -1 -1 -1 -1 -1 -1 -1 -1 -1 -1 -1 -1 -1 -1 -1 -1
151 -1 -1 -1 -1 -1 -1 -1 -1 -1 -1 -1 -1 -1 -1 -1 -1 -1 -1 -1 -1
152 -1 -1 -1 -1 -1 -1 -1 -1 -1 -1 -1 -1 -1 -1 -1 -1 -1 -1 -1 -1
153 -1 -1 -1 -1 -1 -1 -1 -1 -1 -1 -1 -1 -1 -1 -1 -1 -1 -1 -1 -1
154 -1 -1 -1 -1 -1 -1 -1 -1 -1 -1 -1 -1 -1 -1 -1 -1 -1 -1 -1 -1
155 -1 -1 -1 -1 -1 -1 -1 -1 -1 -1 -1 -1 -1 -1 -1 -1 -1 -1 -1 -1
156 -1 -1 -1 -1 -1 -1 -1 -1 -1 -1 -1 -1 -1 -1 -1 -1 -1 -1 -1 -1
157 -1 -1 -1 -1 -1 -1 -1 -1 -1 -1 -1 -1 -1 -1 -1 -1 -1 -1 -1 -1
158 -1 -1 -1 -1 -1 -1 -1 -1 -1 -1 -1 -1 -1 -1 -1 -1 -1 -1 -1 -1
159 -1 -1 -1 -1 -1 -1 -1 -1 -1 -1 -1 -1 -1 -1 -1 -1 -1 -1 -1 -1
160 -1 -1 -1 -1 -1 -1 -1 -1 -1 -1 -1 -1 -1 -1 -1 -1 -1 -1 -1 -1
161 -1 -1 -1 -1 -1 -1 -1 -1 -1 -1 -1 -1 -1 -1 -1 -1 -1 -1 -1 -1
162 -1 -1 -1 -1 -1 -1 -1 -1 -1 -1 -1 -1 -1 -1 -1 -1 -1 -1 -1 -1
163 -1 -1 -1 -1 -1 -1 -1 -1 -1 -1 -1 -1 -1 -1 -1 -1 -1 -1 -1 -1
164 -1 -1 -1 -1 -1 -1 -1 -1 -1 -1 -1 -1 -1 -1 -1 -1 -1 -1 -1 -1
165 -1 -1 -1 -1 -1 -1 -1 -1 -1 -1 -1 -1 -1 -1 -1 -1 -1 -1 -1 -1
166 -1 -1 -1 -1 -1 -1 -1 -1 -1 -1 -1 -1 -1 -1 -1 -1 -1 -1 -1 -1
167 -1 -1 -1 -1 -1 -1 -1 -1 -1 -1 -1 -1 -1 -1 -1 -1 -1 -1 -1 -1
168 -1 -1 -1 -1 -1 -1 -1 -1 -1 -1 -1 -1 -1 -1 -1 -1 -1 -1 -1 -1
169 -1 -1 -1 -1 -1 -1 -1 -1 -1 -1 -1 -1 -1 -1 -1 -1 -1 -1 -1 -1
170 -1 -1 -1 -1 -1 -1 -1 -1 -1 -1 -1 -1 -1 -1 -1 -1 -1 -1 -1 -1
171 -1 -1 -1 -1 -1 -1 -1 -1 -1 -1 -1 -1 -1 -1 -1 -1 -1 -1 -1 -1
172 -1 -1 -1 -1 -1 -1 -1 -1 -1 -1 -1 -1 -1 -1 -1 -1 -1 -1 -1 -1
173 -1 -1 -1 -1 -1 -1 -1 -1 -1 -1 -1 -1 -1 -1 -1 -1 -1 -1 -1 -1
174 -1 -1 -1 -1 -1 -1 -1 -1 -1 -1 -1 -1 -1 -1 -1 -1 -1 -1 -1 -1
175 -1 -1 -1 -1 -1 -1 -1 -1 -1 -1 -1 -1 -1 -1 -1 -1 -1 -1 -1 -1
176 -1 -1 -1 -1 -1 -1 -1 -1 -1 -1 -1 -1 -1 -1 -1 -1 -1 -1 -1 -1
177 -1 -1 -1 -1 -1 -1 -1 -1 -1 -1 -1 -1 -1 -1 -1 -1 -1 -1 -1 -1
178 -1 -1 -1 -1 -1 -1 -1 -1 -1 -1 -1 -1 -1 -1 -1 -1 -1 -1 -1 -1
179 -1 -1 -1 -1 -1 -1 -1 -1 -1 -1 -1 -1 -1 -1 -1 -1 -1 -1 -1 -1
180 -1 -1 -1 -1 -1 -1 -1 -1 -1 -1 -1 -1 -1 -1 -1 -1 -1 -1 -1 -1
181 -1 -1 -1 -1 -1 -1 -1 -1 -1 -1 -1 -1 -1 -1 -1 -1 -1 -1 -1 -1
