165
187
0 -1 -1 -1 -1 -1 -1 -1 -1 -1 -1 -1 -1 -1 -1 -1 -1 -1 -1 -1 -1
1 -1 -1 -1 -1 -1 -1 -1 -1 -1 -1 -1 -1 -1 -1 -1 -1 -1 -1 -1 -1
2 -1 -1 -1 -1 -1 -1 -1 -1 -1 -1 -1 -1 -1 -1 -1 -1 -1 -1 -1 -1
3 -1 -1 -1 -1 -1 -1 -1 -1 -1 -1 -1 -1 -1 -1 -1 -1 -1 -1 -1 -1
4 -1 -1 -1 -1 -1 -1 -1 -1 -1 -1 -1 -1 -1 -1 -1 -1 -1 -1 -1 -1
5 -1 -1 -1 -1 -1 -1 -1 -1 -1 -1 -1 -1 -1 -1 -1 -1 -1 -1 -1 -1
6 -1 -1 -1 -1 -1 -1 -1 -1 -1 -1 -1 -1 -1 -1 -1 -1 -1 -1 -1 -1
7 -1 -1 -1 -1 -1 -1 -1 -1 -1 -1 -1 -1 -1 -1 -1 -1 -1 -1 -1 -1
8 -1 -1 -1 -1 -1 -1 -1 -1 -1 -1 -1 -1 -1 -1 -1 -1 -1 -1 -1 -1
9 0.301866 0.222504 0.297397 0.384760 0.308939 0.386540 0.285855 0.382979 0.308939 0.386540 0.303427 0.492166 0.286934 0.583858 0.285855 0.382979 0.276601 0.495950 0.267827 0.588819
10 0.302192 0.222346 0.298526 0.384943 0.309215 0.386535 0.287837 0.383352 0.309215 0.386535 0.303283 0.491967 0.286811 0.583690 0.287837 0.383352 0.278230 0.495849 0.268285 0.589770
11 0.302579 0.222396 0.299469 0.385054 0.309681 0.386621 0.289258 0.383487 0.309681 0.386621 0.303048 0.491675 0.286693 0.583530 0.289258 0.383487 0.278607 0.495264 0.268284 0.589726
12 0.302972 0.222247 0.300048 0.385035 0.310308 0.386620 0.289788 0.383450 0.310308 0.386620 0.302909 0.491415 0.286584 0.582707 0.289788 0.383450 0.278542 0.494374 0.267846 0.589628
13 0.303346 0.222198 0.300179 0.385049 0.310474 0.386703 0.289883 0.383395 0.310474 0.386703 0.302808 0.491282 0.286460 0.580956 0.289883 0.383395 0.278212 0.494008 0.266841 0.589517
14 0.303743 0.222169 0.300573 0.385045 0.310809 0.386735 0.290337 0.383355 0.310809 0.386735 0.302795 0.490982 0.286121 0.579856 0.290337 0.383355 0.278041 0.493765 0.266159 0.589455
15 0.303973 0.222139 0.300857 0.385046 0.310917 0.386768 0.290797 0.383325 0.310917 0.386768 0.302703 0.491146 0.286072 0.579917 0.290797 0.383325 0.278295 0.493745 0.265799 0.589651
16 0.304250 0.222181 0.300872 0.385118 0.311002 0.386890 0.290741 0.383345 0.311002 0.386890 0.302731 0.491231 0.286028 0.579787 0.290741 0.383345 0.278381 0.493721 0.265129 0.589608
17 0.304417 0.222240 0.301015 0.385186 0.311202 0.386974 0.290827 0.383398 0.311202 0.386974 0.302989 0.491189 0.285984 0.579725 0.290827 0.383398 0.278743 0.493710 0.264743 0.589661
18 0.304688 0.222357 0.301049 0.385413 0.311377 0.387207 0.290722 0.383619 0.311377 0.387207 0.303296 0.491410 0.285963 0.579727 0.290722 0.383619 0.278659 0.493696 0.264426 0.589702
19 0.304894 0.222591 0.301277 0.385548 0.311706 0.387267 0.290848 0.383830 0.311706 0.387267 0.303732 0.491378 0.285762 0.578793 0.290848 0.383830 0.279016 0.493638 0.264209 0.589466
20 0.304989 0.222733 0.301366 0.385706 0.311892 0.387392 0.290839 0.384021 0.311892 0.387392 0.304131 0.491345 0.285775 0.577793 0.290839 0.384021 0.279069 0.493526 0.264148 0.589044
21 0.305078 0.222958 0.301331 0.385838 0.311877 0.387482 0.290786 0.384195 0.311877 0.387482 0.304353 0.491333 0.285800 0.577491 0.290786 0.384195 0.279023 0.493340 0.264125 0.588986
22 0.305133 0.223161 0.301304 0.385984 0.311865 0.387609 0.290743 0.384359 0.311865 0.387609 0.304680 0.491305 0.285941 0.577394 0.290743 0.384359 0.278982 0.493324 0.264035 0.588978
23 0.305110 0.223492 0.301349 0.386134 0.311870 0.387731 0.290829 0.384537 0.311870 0.387731 0.304689 0.491396 0.286095 0.578103 0.290829 0.384537 0.279023 0.493310 0.264008 0.589461
24 0.305139 0.223672 0.301502 0.386168 0.311863 0.387744 0.291140 0.384592 0.311863 0.387744 0.304721 0.491382 0.286067 0.578596 0.291140 0.384592 0.279600 0.493307 0.264131 0.590737
25 0.305168 0.223729 0.301614 0.386202 0.311919 0.387782 0.291310 0.384621 0.311919 0.387782 0.304708 0.491437 0.286061 0.578870 0.291310 0.384621 0.279751 0.493308 0.264141 0.591205
26 0.305165 0.223741 0.301650 0.386187 0.312010 0.387758 0.291289 0.384616 0.312010 0.387758 0.304702 0.491428 0.286084 0.579130 0.291289 0.384616 0.279719 0.493266 0.264203 0.591253
27 0.305094 0.223482 0.301754 0.386191 0.312224 0.387756 0.291283 0.384625 0.312224 0.387756 0.304695 0.491321 0.286067 0.578997 0.291283 0.384625 0.279749 0.493042 0.264260 0.591216
28 0.305020 0.223282 0.301818 0.386364 0.312380 0.387938 0.291256 0.384790 0.312380 0.387938 0.304674 0.491332 0.286114 0.579104 0.291256 0.384790 0.279732 0.493037 0.264286 0.591193
29 0.304911 0.223007 0.301952 0.386438 0.312505 0.387961 0.291398 0.384915 0.312505 0.387961 0.304285 0.491257 0.285429 0.579035 0.291398 0.384915 0.279736 0.493033 0.264347 0.591046
30 0.304285 0.222329 0.301660 0.386458 0.311929 0.387932 0.291391 0.384984 0.311929 0.387932 0.303773 0.491250 0.285236 0.579068 0.291391 0.384984 0.279894 0.493056 0.264484 0.590990
31 0.303955 0.222127 0.301548 0.386391 0.311710 0.387790 0.291387 0.384993 0.311710 0.387790 0.303512 0.491246 0.284842 0.579069 0.291387 0.384993 0.280402 0.493090 0.264518 0.590958
32 0.303632 0.222060 0.301071 0.386488 0.310912 0.387803 0.291231 0.385173 0.310912 0.387803 0.302682 0.491297 0.284726 0.579080 0.291231 0.385173 0.280385 0.493344 0.264542 0.590939
33 0.303392 0.221987 0.300938 0.386274 0.310711 0.387432 0.291166 0.385116 0.310711 0.387432 0.302634 0.491254 0.284724 0.578992 0.291166 0.385116 0.280358 0.493415 0.264547 0.590932
34 0.303066 0.221921 0.300527 0.386081 0.310288 0.387143 0.290765 0.385018 0.310288 0.387143 0.302568 0.491138 0.284739 0.578913 0.290765 0.385018 0.279578 0.493527 0.264488 0.590935
35 0.302966 0.221970 0.299876 0.385965 0.309909 0.386973 0.289843 0.384957 0.309909 0.386973 0.302538 0.491006 0.284850 0.578853 0.289843 0.384957 0.278750 0.493515 0.264487 0.590961
36 0.302591 0.221965 0.299147 0.385875 0.308763 0.386794 0.289532 0.384957 0.308763 0.386794 0.302121 0.490346 0.284853 0.578831 0.289532 0.384957 0.278111 0.493468 0.264826 0.591618
37 0.302382 0.221981 0.298981 0.385835 0.308555 0.386713 0.289407 0.384957 0.308555 0.386713 0.302120 0.490246 0.284871 0.578686 0.289407 0.384957 0.277890 0.493575 0.264928 0.591723
38 0.302045 0.221979 0.298714 0.386142 0.308259 0.386959 0.289170 0.385325 0.308259 0.386959 0.301909 0.490562 0.284873 0.578710 0.289170 0.385325 0.277411 0.494360 0.264925 0.591795
39 0.301713 0.221991 0.298015 0.386405 0.307820 0.387238 0.288210 0.385571 0.307820 0.387238 0.301657 0.491166 0.284848 0.578887 0.288210 0.385571 0.276616 0.494935 0.264924 0.591833
40 0.301473 0.221996 0.297955 0.386709 0.307866 0.387675 0.288045 0.385743 0.307866 0.387675 0.301658 0.491944 0.284752 0.579575 0.288045 0.385743 0.274513 0.495838 0.264643 0.591705
41 0.301092 0.222082 0.297976 0.387540 0.307890 0.388635 0.288062 0.386446 0.307890 0.388635 0.301661 0.492715 0.284688 0.580011 0.288062 0.386446 0.273179 0.497157 0.264620 0.591710
42 0.300760 0.222116 0.297860 0.387666 0.307637 0.388848 0.288082 0.386483 0.307637 0.388848 0.301663 0.492725 0.284676 0.580188 0.288082 0.386483 0.272736 0.497371 0.264609 0.591443
43 0.300543 0.222084 0.297876 0.387728 0.307651 0.388953 0.288101 0.386504 0.307651 0.388953 0.301517 0.493067 0.284676 0.580465 0.288101 0.386504 0.272374 0.497922 0.264569 0.591360
44 0.300281 0.222336 0.297469 0.387844 0.307563 0.389166 0.287376 0.386521 0.307563 0.389166 0.301577 0.493221 0.284686 0.580606 0.287376 0.386521 0.271649 0.498556 0.264330 0.591287
45 0.300240 0.222682 0.297283 0.387911 0.307593 0.389304 0.286972 0.386519 0.307593 0.389304 0.301783 0.493215 0.284686 0.580668 0.286972 0.386519 0.270798 0.499007 0.264133 0.591061
46 0.300206 0.223077 0.297408 0.387932 0.307979 0.389306 0.286837 0.386558 0.307979 0.389306 0.301954 0.493203 0.284662 0.580479 0.286837 0.386558 0.270866 0.499114 0.264104 0.590826
47 0.300256 0.223290 0.297423 0.387928 0.308066 0.389298 0.286781 0.386559 0.308066 0.389298 0.302438 0.493006 0.284639 0.580063 0.286781 0.386559 0.270932 0.499059 0.264052 0.590566
48 0.300172 0.223455 0.297357 0.387895 0.308086 0.389232 0.286628 0.386558 0.308086 0.389232 0.302582 0.492993 0.284637 0.580036 0.286628 0.386558 0.270717 0.499093 0.264072 0.590497
49 0.300260 0.223618 0.297352 0.387971 0.308091 0.389243 0.286613 0.386699 0.308091 0.389243 0.302601 0.492892 0.284472 0.579918 0.286613 0.386699 0.270509 0.499135 0.264064 0.590380
50 0.300287 0.223732 0.297289 0.388041 0.308085 0.389272 0.286493 0.386810 0.308085 0.389272 0.302602 0.492883 0.284481 0.579947 0.286493 0.386810 0.270316 0.499148 0.264054 0.590104
51 0.300361 0.223910 0.297174 0.388053 0.308088 0.389272 0.286260 0.386835 0.308088 0.389272 0.302590 0.492876 0.284482 0.579917 0.286260 0.386835 0.270240 0.499190 0.264065 0.589994
52 0.300365 0.224164 0.297072 0.388057 0.308090 0.389273 0.286053 0.386841 0.308090 0.389273 0.302591 0.492870 0.284508 0.579874 0.286053 0.386841 0.270148 0.499179 0.264052 0.589874
53 0.300354 0.224164 0.297094 0.388052 0.308101 0.389264 0.286088 0.386841 0.308101 0.389264 0.302591 0.492844 0.284475 0.579826 0.286088 0.386841 0.270283 0.498902 0.264063 0.589716
54 0.300456 0.224320 0.297120 0.388180 0.308242 0.389428 0.285997 0.386931 0.308242 0.389428 0.302723 0.493224 0.284497 0.580014 0.285997 0.386931 0.270242 0.499106 0.263806 0.589574
55 0.300551 0.224446 0.297092 0.388155 0.308284 0.389437 0.285899 0.386874 0.308284 0.389437 0.302787 0.493388 0.284498 0.580303 0.285899 0.386874 0.270262 0.499117 0.263707 0.589477
56 0.300652 0.224454 0.297002 0.388079 0.308279 0.389402 0.285724 0.386756 0.308279 0.389402 0.302795 0.493500 0.284504 0.580653 0.285724 0.386756 0.270280 0.499121 0.263573 0.589484
57 0.300701 0.224453 0.296955 0.388054 0.308279 0.389388 0.285631 0.386720 0.308279 0.389388 0.302640 0.494022 0.284489 0.580973 0.285631 0.386720 0.270338 0.499295 0.263475 0.589664
58 0.300702 0.224401 0.296852 0.387908 0.308127 0.389333 0.285577 0.386483 0.308127 0.389333 0.302290 0.494015 0.284459 0.580988 0.285577 0.386483 0.270314 0.499283 0.263409 0.589662
59 0.300670 0.224078 0.296740 0.387906 0.307935 0.389339 0.285545 0.386473 0.307935 0.389339 0.301654 0.494101 0.284468 0.581079 0.285545 0.386473 0.270047 0.499281 0.263406 0.589766
60 0.300869 0.223667 0.296776 0.386944 0.307928 0.388405 0.285625 0.385483 0.307928 0.388405 0.301544 0.493157 0.284067 0.580907 0.285625 0.385483 0.270456 0.498513 0.263450 0.589492
61 0.301154 0.223450 0.296845 0.386776 0.307970 0.388256 0.285720 0.385297 0.307970 0.388256 0.301460 0.493166 0.283905 0.580958 0.285720 0.385297 0.270812 0.498481 0.263496 0.589549
62 0.301131 0.223164 0.296825 0.386340 0.307971 0.387901 0.285679 0.384778 0.307971 0.387901 0.301464 0.493118 0.283783 0.581045 0.285679 0.384778 0.270774 0.498177 0.263446 0.588982
63 0.301419 0.223126 0.296649 0.386247 0.307923 0.387829 0.285374 0.384666 0.307923 0.387829 0.301407 0.493047 0.283776 0.581055 0.285374 0.384666 0.270765 0.497887 0.263441 0.588652
64 0.301900 0.223218 0.296615 0.386194 0.307988 0.387745 0.285241 0.384643 0.307988 0.387745 0.301406 0.493082 0.283793 0.581040 0.285241 0.384643 0.270742 0.497699 0.263358 0.588049
65 0.302649 0.223327 0.296648 0.386018 0.308199 0.387493 0.285097 0.384544 0.308199 0.387493 0.301735 0.493089 0.283805 0.581040 0.285097 0.384544 0.270984 0.497531 0.263262 0.586629
66 0.303021 0.223474 0.296646 0.385927 0.308484 0.387337 0.284809 0.384518 0.308484 0.387337 0.302460 0.493415 0.284388 0.581055 0.284809 0.384518 0.271863 0.497311 0.263302 0.586613
67 0.303542 0.223794 0.297114 0.385682 0.309388 0.386934 0.284840 0.384430 0.309388 0.386934 0.303335 0.492859 0.284439 0.579460 0.284840 0.384430 0.276368 0.496128 0.265239 0.584468
68 0.304219 0.224106 0.297031 0.385352 0.309423 0.386404 0.284639 0.384300 0.309423 0.386404 0.303633 0.492249 0.284730 0.578366 0.284639 0.384300 0.276867 0.494639 0.265981 0.583985
69 0.304394 0.224787 0.296739 0.385046 0.309140 0.385922 0.284339 0.384170 0.309140 0.385922 0.303412 0.491927 0.284938 0.578412 0.284339 0.384170 0.279600 0.493664 0.267963 0.583972
70 0.304834 0.225291 0.296717 0.383420 0.309134 0.383754 0.284300 0.383087 0.309134 0.383754 0.302811 0.489820 0.285077 0.578421 0.284300 0.383087 0.284563 0.491164 0.272057 0.583505
71 0.305495 0.225594 0.296715 0.381441 0.309129 0.381383 0.284302 0.381500 0.309129 0.381383 0.301678 0.487079 0.285029 0.578093 0.284302 0.381500 0.287137 0.488370 0.274495 0.582993
72 0.306201 0.225978 0.296845 0.379699 0.309217 0.379331 0.284473 0.380068 0.309217 0.379331 0.298518 0.483019 0.284825 0.576038 0.284473 0.380068 0.292916 0.487040 0.282376 0.584420
73 0.306589 0.226191 0.296875 0.378446 0.309214 0.378102 0.284537 0.378790 0.309214 0.378102 0.296601 0.478757 0.284501 0.569037 0.284537 0.378790 0.295435 0.484828 0.284740 0.584517
74 0.306819 0.226308 0.297021 0.377710 0.309366 0.377274 0.284676 0.378145 0.309366 0.377274 0.296713 0.478056 0.284582 0.570386 0.284676 0.378145 0.298028 0.484380 0.285044 0.584627
75 0.307015 0.226698 0.297441 0.377494 0.309909 0.376942 0.284973 0.378045 0.309909 0.376942 0.297024 0.476841 0.284589 0.566690 0.284973 0.378045 0.299686 0.483846 0.288950 0.584641
76 0.307026 0.227002 0.297874 0.377578 0.310334 0.377033 0.285413 0.378123 0.310334 0.377033 0.296979 0.476541 0.284611 0.567546 0.285413 0.378123 0.300481 0.483151 0.291811 0.584655
77 0.307148 0.227452 0.298484 0.377532 0.311275 0.377003 0.285694 0.378060 0.311275 0.377003 0.296741 0.475005 0.284599 0.557996 0.285694 0.378060 0.302743 0.481588 0.295331 0.584637
78 0.307332 0.227571 0.298759 0.377615 0.311506 0.377116 0.286012 0.378115 0.311506 0.377116 0.296759 0.475521 0.284602 0.559937 0.286012 0.378115 0.302255 0.481169 0.294066 0.584349
79 0.307483 0.227852 0.298967 0.378073 0.311534 0.377771 0.286399 0.378375 0.311534 0.377771 0.296925 0.475950 0.284643 0.561125 0.286399 0.378375 0.302048 0.480652 0.292917 0.583542
80 0.307803 0.228248 0.299080 0.379542 0.311503 0.379719 0.286657 0.379365 0.311503 0.379719 0.297551 0.476270 0.284645 0.562483 0.286657 0.379365 0.300748 0.480633 0.291843 0.579480
81 0.308136 0.228448 0.299528 0.379953 0.311676 0.380400 0.287379 0.379507 0.311676 0.380400 0.299153 0.476465 0.285408 0.566619 0.287379 0.379507 0.300555 0.479698 0.290473 0.576119
82 0.308427 0.228271 0.300544 0.380302 0.312665 0.381001 0.288424 0.379603 0.312665 0.381001 0.301689 0.476670 0.286308 0.568967 0.288424 0.379603 0.298535 0.479108 0.288714 0.574330
83 0.308485 0.228455 0.301823 0.380724 0.314266 0.381521 0.289380 0.379928 0.314266 0.381521 0.304302 0.476761 0.287856 0.569841 0.289380 0.379928 0.298280 0.478810 0.287987 0.572786
84 0.308628 0.228779 0.303784 0.381670 0.316519 0.382398 0.291048 0.380942 0.316519 0.382398 0.307247 0.477686 0.289341 0.570733 0.291048 0.380942 0.296244 0.478871 0.282995 0.567601
85 0.308628 0.228971 0.305008 0.382596 0.317901 0.383219 0.292116 0.381974 0.317901 0.383219 0.309599 0.479270 0.290803 0.572129 0.292116 0.381974 0.292521 0.478766 0.276148 0.559311
86 0.308779 0.229011 0.306241 0.384077 0.319237 0.384658 0.293246 0.383496 0.319237 0.384658 0.311586 0.481036 0.291889 0.573015 0.293246 0.383496 0.292665 0.478988 0.277117 0.562626
87 0.308740 0.229418 0.307261 0.384733 0.320540 0.385314 0.293982 0.384153 0.320540 0.385314 0.313030 0.481985 0.293141 0.574574 0.293982 0.384153 0.291809 0.477836 0.269893 0.535832
88 0.308700 0.229976 0.307585 0.385042 0.321427 0.385665 0.293744 0.384418 0.321427 0.385665 0.314800 0.482069 0.293871 0.574834 0.293744 0.384418 0.288054 0.473461 0.253825 0.482107
89 0.308523 0.230679 0.307848 0.386228 0.322070 0.387048 0.293626 0.385409 0.322070 0.387048 0.315827 0.483500 0.295513 0.576626 0.293626 0.385409 0.283164 0.468895 0.249187 0.461332
90 0.308342 0.231077 0.307872 0.387356 0.322335 0.387793 0.293409 0.386919 0.322335 0.387793 0.317979 0.484196 0.296042 0.576557 0.293409 0.386919 0.281830 0.469723 0.253800 0.502809
91 0.307960 0.231520 0.308058 0.387423 0.322858 0.387690 0.293258 0.387156 0.322858 0.387690 0.320334 0.484635 0.297326 0.576356 0.293258 0.387156 0.282022 0.470696 0.252562 0.492838
92 0.307727 0.232126 0.310711 0.386416 0.325688 0.385906 0.295734 0.386926 0.325688 0.385906 0.327812 0.483105 0.297939 0.565040 0.295734 0.386926 0.296113 0.479240 0.286570 0.563019
93 0.307505 0.232500 0.312583 0.385538 0.327737 0.384197 0.297430 0.386880 0.327737 0.384197 0.337410 0.483080 0.297817 0.524013 0.297430 0.386880 0.303980 0.489448 0.300175 0.580084
94 0.307429 0.232713 0.314831 0.382289 0.330229 0.379839 0.299432 0.384739 0.330229 0.379839 0.346151 0.480916 0.304311 0.536954 0.299432 0.384739 0.309507 0.487341 0.305003 0.578086
95 0.307147 0.233187 0.315485 0.382207 0.330759 0.379680 0.300212 0.384734 0.330759 0.379680 0.350422 0.477438 0.307900 0.544579 0.300212 0.384734 0.310443 0.486050 0.306664 0.576670
96 0.306904 0.233493 0.316534 0.382324 0.332053 0.379901 0.301015 0.384747 0.332053 0.379901 0.351956 0.476401 0.309463 0.544771 0.301015 0.384747 0.310920 0.489499 0.306563 0.575732
97 0.306607 0.233446 0.317304 0.382742 0.332699 0.379972 0.301908 0.385512 0.332699 0.379972 0.353915 0.476575 0.312452 0.546495 0.301908 0.385512 0.312542 0.490583 0.308853 0.579599
98 0.306415 0.233572 0.317600 0.386383 0.332929 0.383606 0.302271 0.389161 0.332929 0.383606 0.354021 0.476814 0.320607 0.554667 0.302271 0.389161 0.314375 0.490206 0.308212 0.581502
99 0.306340 0.233777 0.318410 0.387577 0.334307 0.384483 0.302514 0.390672 0.334307 0.384483 0.354011 0.476840 0.333332 0.563024 0.302514 0.390672 0.315763 0.489594 0.306329 0.582581
100 0.306624 0.233957 0.319765 0.387840 0.336130 0.384620 0.303400 0.391059 0.336130 0.384620 0.355341 0.480072 0.338291 0.574877 0.303400 0.391059 0.316139 0.489688 0.306087 0.583186
101 0.307833 0.234295 0.321622 0.387766 0.338110 0.384595 0.305135 0.390936 0.338110 0.384595 0.355680 0.484430 0.342769 0.583181 0.305135 0.390936 0.316341 0.492407 0.306273 0.584738
102 0.308905 0.234791 0.322965 0.388353 0.339480 0.384995 0.306450 0.391710 0.339480 0.384995 0.356875 0.488995 0.349869 0.591985 0.306450 0.391710 0.315322 0.495423 0.307407 0.586287
103 0.310289 0.235673 0.324740 0.390536 0.341116 0.387126 0.308364 0.393946 0.341116 0.387126 0.358198 0.494713 0.355334 0.599473 0.308364 0.393946 0.316686 0.498943 0.307593 0.583952
104 0.311836 0.236154 0.325196 0.392065 0.341693 0.388948 0.308700 0.395182 0.341693 0.388948 0.358896 0.497939 0.359479 0.604330 0.308700 0.395182 0.316220 0.499858 0.306858 0.584885
105 0.313292 0.236645 0.326058 0.393801 0.342939 0.390851 0.309176 0.396751 0.342939 0.390851 0.358968 0.501190 0.362917 0.608958 0.309176 0.396751 0.315645 0.502118 0.306278 0.587508
106 0.315714 0.238731 0.327163 0.397796 0.344328 0.395460 0.309998 0.400131 0.344328 0.395460 0.359393 0.503812 0.365287 0.610867 0.309998 0.400131 0.315292 0.504895 0.305991 0.589534
107 0.318144 0.240386 0.328538 0.398553 0.346073 0.396573 0.311003 0.400532 0.346073 0.396573 0.360061 0.505918 0.366299 0.612783 0.311003 0.400532 0.315036 0.507600 0.305738 0.590095
108 0.321006 0.242207 0.330274 0.399964 0.348035 0.398513 0.312513 0.401415 0.348035 0.398513 0.360760 0.506851 0.366627 0.613252 0.312513 0.401415 0.315396 0.507838 0.305629 0.591395
109 0.323954 0.244212 0.331556 0.401480 0.349303 0.400343 0.313809 0.402616 0.349303 0.400343 0.361035 0.508917 0.366100 0.615126 0.313809 0.402616 0.315856 0.508559 0.305476 0.590923
110 0.327349 0.246026 0.333694 0.402983 0.351532 0.402121 0.315857 0.403845 0.351532 0.402121 0.362104 0.511258 0.365750 0.617864 0.315857 0.403845 0.316764 0.509108 0.305459 0.590493
111 0.330814 0.247163 0.335920 0.402825 0.354052 0.401951 0.317787 0.403700 0.354052 0.401951 0.363311 0.513727 0.365195 0.617423 0.317787 0.403700 0.318709 0.508441 0.305414 0.590205
112 0.334622 0.248088 0.338500 0.402532 0.356856 0.401724 0.320143 0.403340 0.356856 0.401724 0.364403 0.514794 0.365320 0.618422 0.320143 0.403340 0.319222 0.507831 0.305409 0.590121
113 0.338082 0.248299 0.341139 0.402584 0.359777 0.401845 0.322502 0.403324 0.359777 0.401845 0.366721 0.515795 0.365480 0.617873 0.322502 0.403324 0.320020 0.507590 0.305645 0.590080
114 0.341716 0.248334 0.344585 0.402512 0.363433 0.401810 0.325737 0.403215 0.363433 0.401810 0.369292 0.515945 0.365847 0.619851 0.325737 0.403215 0.320363 0.507334 0.305625 0.588811
115 0.345417 0.248765 0.347145 0.403195 0.365965 0.402762 0.328325 0.403628 0.365965 0.402762 0.371789 0.516583 0.365848 0.619609 0.328325 0.403628 0.322073 0.507274 0.305727 0.586388
116 0.349051 0.248906 0.349774 0.403965 0.368528 0.403732 0.331020 0.404198 0.368528 0.403732 0.373374 0.517444 0.366303 0.619622 0.331020 0.404198 0.324901 0.508425 0.305838 0.585356
117 0.353575 0.249077 0.351988 0.405386 0.371121 0.405672 0.332855 0.405100 0.371121 0.405672 0.374725 0.519587 0.366922 0.619830 0.332855 0.405100 0.327341 0.509817 0.306474 0.585405
118 0.357737 0.248571 0.354824 0.405568 0.374251 0.406012 0.335398 0.405123 0.374251 0.406012 0.375388 0.519862 0.367326 0.619360 0.335398 0.405123 0.331657 0.510113 0.309077 0.583880
119 0.361647 0.247581 0.356808 0.405511 0.376537 0.406008 0.337079 0.405013 0.376537 0.406008 0.375746 0.520124 0.367326 0.619479 0.337079 0.405013 0.336216 0.512062 0.311843 0.581763
120 0.365125 0.247442 0.360859 0.405591 0.380754 0.406221 0.340964 0.404960 0.380754 0.406221 0.376030 0.520690 0.367474 0.619440 0.340964 0.404960 0.339031 0.515721 0.314737 0.577387
121 0.368187 0.247385 0.363504 0.405759 0.383202 0.406391 0.343806 0.405127 0.383202 0.406391 0.377021 0.521654 0.367980 0.620330 0.343806 0.405127 0.342536 0.517956 0.319214 0.575618
122 0.371120 0.247635 0.365938 0.406998 0.385455 0.407635 0.346422 0.406361 0.385455 0.407635 0.378048 0.523482 0.368501 0.620551 0.346422 0.406361 0.344510 0.520694 0.321950 0.576227
123 0.373394 0.247914 0.367986 0.407962 0.387192 0.408349 0.348779 0.407575 0.387192 0.408349 0.378786 0.524760 0.368668 0.620762 0.348779 0.407575 0.346938 0.522623 0.325003 0.576755
124 0.375619 0.248340 0.370067 0.409079 0.389046 0.409175 0.351088 0.408984 0.389046 0.409175 0.380217 0.525850 0.368545 0.620680 0.351088 0.408984 0.349349 0.526196 0.327269 0.581858
125 0.377002 0.248233 0.371943 0.409240 0.390499 0.408961 0.353387 0.409519 0.390499 0.408961 0.382790 0.526311 0.368414 0.619781 0.353387 0.409519 0.353537 0.527782 0.330917 0.590840
126 0.378667 0.248333 0.374169 0.409205 0.392531 0.408844 0.355806 0.409566 0.392531 0.408844 0.384252 0.527247 0.365534 0.618236 0.355806 0.409566 0.358749 0.529304 0.341982 0.607824
127 0.380660 0.248624 0.375938 0.410169 0.394024 0.409510 0.357852 0.410829 0.394024 0.409510 0.383994 0.529697 0.362893 0.618085 0.357852 0.410829 0.361976 0.532205 0.348992 0.625155
128 0.382437 0.249275 0.377014 0.410570 0.394682 0.409747 0.359345 0.411393 0.394682 0.409747 0.383365 0.529088 0.361689 0.616961 0.359345 0.411393 0.364853 0.532799 0.359462 0.633577
129 0.384267 0.250325 0.378051 0.410865 0.395850 0.410127 0.360253 0.411604 0.395850 0.410127 0.383168 0.529028 0.361999 0.616768 0.360253 0.411604 0.366950 0.531277 0.366674 0.638018
130 0.385932 0.251754 0.379289 0.411673 0.396956 0.410904 0.361623 0.412441 0.396956 0.410904 0.383279 0.528648 0.362115 0.617616 0.361623 0.412441 0.369829 0.531022 0.371890 0.641348
131 0.387462 0.253613 0.380686 0.412608 0.398088 0.411937 0.363285 0.413280 0.398088 0.411937 0.383051 0.528467 0.362544 0.617620 0.363285 0.413280 0.372451 0.532510 0.379083 0.645322
132 0.389027 0.255355 0.382208 0.414468 0.399694 0.413569 0.364722 0.415367 0.399694 0.413569 0.383341 0.528684 0.358221 0.618248 0.364722 0.415367 0.375086 0.534658 0.385572 0.650358
133 0.390612 0.256808 0.383683 0.415862 0.400927 0.415155 0.366438 0.416568 0.400927 0.415155 0.383309 0.528936 0.354717 0.619260 0.366438 0.416568 0.378335 0.535918 0.387995 0.652887
134 0.391817 0.258460 0.385533 0.417377 0.403188 0.417105 0.367878 0.417649 0.403188 0.417105 0.384049 0.528874 0.357680 0.615492 0.367878 0.417649 0.381138 0.535361 0.387007 0.651320
135 0.393326 0.259835 0.387762 0.418790 0.405291 0.418898 0.370232 0.418682 0.405291 0.418898 0.385297 0.529083 0.359872 0.615574 0.370232 0.418682 0.383421 0.536224 0.386833 0.650740
136 0.394580 0.260775 0.389686 0.420309 0.407282 0.420654 0.372091 0.419965 0.407282 0.420654 0.386675 0.529483 0.362588 0.615639 0.372091 0.419965 0.384741 0.536266 0.386467 0.650307
137 0.396037 0.261229 0.391215 0.422921 0.408583 0.423674 0.373847 0.422169 0.408583 0.423674 0.388130 0.530546 0.364826 0.617352 0.373847 0.422169 0.385336 0.538174 0.388440 0.652629
138 0.397455 0.261722 0.393073 0.423658 0.410290 0.424548 0.375855 0.422767 0.410290 0.424548 0.390097 0.531456 0.366511 0.617563 0.375855 0.422767 0.386124 0.538693 0.389379 0.653072
139 0.399150 0.261805 0.395151 0.424241 0.412707 0.425458 0.377594 0.423024 0.412707 0.425458 0.402494 0.533238 0.369214 0.617636 0.377594 0.423024 0.385046 0.538535 0.391054 0.654557
140 0.400355 0.262705 0.397269 0.425961 0.415694 0.426836 0.378845 0.425086 0.415694 0.426836 0.414700 0.538220 0.373227 0.617662 0.378845 0.425086 0.384405 0.543173 0.394110 0.657815
141 0.402418 0.263357 0.400402 0.426436 0.419666 0.426802 0.381139 0.426070 0.419666 0.426802 0.422970 0.537297 0.377768 0.617172 0.381139 0.426070 0.384470 0.544150 0.392931 0.655777
142 0.404415 0.264312 0.402209 0.427925 0.421707 0.427932 0.382711 0.427917 0.421707 0.427932 0.427448 0.537901 0.383810 0.617998 0.382711 0.427917 0.386690 0.545113 0.391586 0.654541
143 0.406555 0.265676 0.403629 0.430053 0.423514 0.430033 0.383744 0.430073 0.423514 0.430033 0.430147 0.538560 0.389369 0.621039 0.383744 0.430073 0.387198 0.544984 0.391474 0.653806
144 0.409239 0.266659 0.404010 0.431490 0.424062 0.431441 0.383959 0.431540 0.424062 0.431441 0.430691 0.541688 0.400726 0.635804 0.383959 0.431540 0.387257 0.547820 0.391943 0.656323
145 0.412148 0.268238 0.406378 0.433280 0.426766 0.433011 0.385990 0.433548 0.426766 0.433011 0.430230 0.548637 0.414598 0.647799 0.385990 0.433548 0.388404 0.551645 0.391539 0.657574
146 0.416125 0.269789 0.408928 0.434128 0.429721 0.433993 0.388135 0.434263 0.429721 0.433993 0.430844 0.554772 0.423411 0.657087 0.388135 0.434263 0.389448 0.555087 0.391917 0.659186
147 0.420136 0.271680 0.411183 0.435207 0.432029 0.435548 0.390336 0.434866 0.432029 0.435548 0.431101 0.557231 0.425670 0.660081 0.390336 0.434866 0.390517 0.556018 0.392126 0.659687
148 0.424403 0.272592 0.415006 0.437159 0.435414 0.437645 0.394598 0.436672 0.435414 0.437645 0.433206 0.559312 0.426108 0.661175 0.394598 0.436672 0.393001 0.558442 0.392335 0.659604
149 0.428827 0.273653 0.419184 0.439031 0.439060 0.439818 0.399307 0.438243 0.439060 0.439818 0.435739 0.560106 0.426135 0.660710 0.399307 0.438243 0.395652 0.558199 0.392210 0.659146
150 0.432106 0.274704 0.422189 0.440414 0.441670 0.441563 0.402708 0.439266 0.441670 0.441563 0.436885 0.562013 0.426258 0.661031 0.402708 0.439266 0.399054 0.560366 0.392062 0.659541
151 0.436153 0.275952 0.424433 0.441328 0.443551 0.442584 0.405314 0.440072 0.443551 0.442584 0.438165 0.562654 0.426139 0.660737 0.405314 0.440072 0.401725 0.561159 0.391976 0.659950
152 0.439944 0.277977 0.425786 0.442297 0.444569 0.443769 0.407004 0.440824 0.444569 0.443769 0.438176 0.563011 0.425987 0.660014 0.407004 0.440824 0.403844 0.561152 0.391921 0.659907
153 0.444393 0.279083 0.427875 0.443591 0.446334 0.445309 0.409416 0.441873 0.446334 0.445309 0.439018 0.564822 0.425397 0.660889 0.409416 0.441873 0.404696 0.561308 0.391873 0.659832
154 0.448316 0.281356 0.431031 0.445410 0.449069 0.447410 0.412992 0.443410 0.449069 0.447410 0.439828 0.566963 0.424708 0.661988 0.412992 0.443410 0.405753 0.561688 0.391841 0.659747
155 0.452687 0.284934 0.433296 0.449623 0.450585 0.452083 0.416007 0.447162 0.450585 0.452083 0.440687 0.569634 0.424399 0.662385 0.416007 0.447162 0.407991 0.565549 0.391712 0.660635
156 0.457974 0.287034 0.435402 0.448799 0.452071 0.451415 0.418734 0.446183 0.452071 0.451415 0.441803 0.568901 0.424407 0.661748 0.418734 0.446183 0.410164 0.566511 0.391666 0.660537
157 0.463169 0.291015 0.436945 0.450068 0.452774 0.453116 0.421117 0.447021 0.452774 0.453116 0.443267 0.569023 0.424598 0.662621 0.421117 0.447021 0.413199 0.568452 0.391432 0.660664
158 0.468785 0.295422 0.437895 0.450860 0.452852 0.454241 0.422937 0.447480 0.452852 0.454241 0.444133 0.568378 0.425024 0.662310 0.422937 0.447480 0.414805 0.568482 0.390949 0.660627
159 0.474791 0.301433 0.438280 0.458886 0.453164 0.462161 0.423395 0.455611 0.453164 0.462161 0.445136 0.572606 0.425415 0.662353 0.423395 0.455611 0.415944 0.573744 0.390862 0.660576
160 0.480938 0.309282 0.438278 0.464346 0.452609 0.467562 0.423948 0.461130 0.452609 0.467562 0.447002 0.573476 0.425444 0.662437 0.423948 0.461130 0.420327 0.577431 0.390464 0.660507
161 0.486213 0.317283 0.439832 0.465864 0.454317 0.467514 0.425348 0.464213 0.454317 0.467514 0.453528 0.572410 0.425146 0.662295 0.425348 0.464213 0.428927 0.578667 0.393645 0.660490
162 0.491893 0.326910 0.439352 0.466444 0.454029 0.467245 0.424675 0.465642 0.454029 0.467245 0.453602 0.570447 0.425035 0.659644 0.424675 0.465642 0.433096 0.581543 0.394997 0.660627
163 0.496447 0.337761 0.438788 0.467406 0.453962 0.468222 0.423615 0.466590 0.453962 0.468222 0.455520 0.568049 0.424850 0.657585 0.423615 0.466590 0.439555 0.581765 0.397247 0.659696
164 0.504427 0.350603 0.438720 0.470015 0.454098 0.471073 0.423342 0.468957 0.454098 0.471073 0.453729 0.570129 0.424666 0.657588 0.423342 0.468957 0.443416 0.581052 0.399336 0.659732
165 0.511822 0.369498 0.439943 0.475330 0.456535 0.477377 0.423352 0.473284 0.456535 0.477377 0.457514 0.571010 0.425047 0.658239 0.423352 0.473284 0.443738 0.580857 0.398917 0.660467
166 0.517760 0.390291 0.440001 0.485020 0.456600 0.485469 0.423401 0.484571 0.456600 0.485469 0.464939 0.578441 0.427616 0.653651 0.423401 0.484571 0.444415 0.595353 0.394977 0.663497
167 0.522144 0.410512 0.440322 0.490896 0.457352 0.491162 0.423291 0.490631 0.457352 0.491162 0.470599 0.577013 0.432181 0.647516 0.423291 0.490631 0.446709 0.596655 0.392687 0.664788
168 0.530364 0.429101 0.440867 0.494710 0.458557 0.495708 0.423178 0.493712 0.458557 0.495708 0.498354 0.575866 0.484227 0.656892 0.423178 0.493712 0.451895 0.597174 0.394163 0.666766
169 0.537051 0.451657 0.443119 0.501548 0.461697 0.503669 0.424542 0.499428 0.461697 0.503669 0.487890 0.584059 0.459052 0.657293 0.424542 0.499428 0.452049 0.607300 0.394563 0.667002
170 0.544193 0.486117 0.449331 0.510903 0.468898 0.511268 0.429764 0.510539 0.468898 0.511268 0.522784 0.584575 0.515742 0.667866 0.429764 0.510539 0.453126 0.626419 0.395207 0.666683
171 0.552821 0.516432 0.458507 0.524616 0.479383 0.524368 0.437630 0.524863 0.479383 0.524368 0.519559 0.603560 0.489961 0.677799 0.437630 0.524863 0.458239 0.643072 0.402136 0.668952
172 0.562830 0.549425 0.462642 0.542863 0.480647 0.544303 0.444636 0.541424 0.480647 0.544303 0.511572 0.634783 0.481358 0.695970 0.444636 0.541424 0.457813 0.655148 0.407014 0.669636
173 0.579937 0.574172 0.470433 0.556023 0.485941 0.559536 0.454926 0.552511 0.485941 0.559536 0.506821 0.646702 0.461627 0.687531 0.454926 0.552511 0.461825 0.677165 0.409521 0.669437
174 0.590603 0.614705 0.483853 0.571923 0.501623 0.567697 0.466084 0.576148 0.501623 0.567697 0.554177 0.648768 0.512164 0.681502 0.466084 0.576148 0.471483 0.688262 0.408461 0.669207
175 0.607603 0.645326 0.491479 0.585564 0.506542 0.576103 0.476416 0.595026 0.506542 0.576103 0.524790 0.668075 0.488528 0.678916 0.476416 0.595026 0.474324 0.702683 0.408224 0.670288
176 0.629313 0.675182 0.503666 0.603700 0.515577 0.590235 0.491755 0.617166 0.515577 0.590235 0.516089 0.671445 0.475687 0.639059 0.491755 0.617166 0.471090 0.709347 0.408300 0.671141
177 -1 -1 -1 -1 -1 -1 -1 -1 -1 -1 -1 -1 -1 -1 -1 -1 -1 -1 -1 -1
178 -1 -1 -1 -1 -1 -1 -1 -1 -1 -1 -1 -1 -1 -1 -1 -1 -1 -1 -1 -1
179 -1 -1 -1 -1 -1 -1 -1 -1 -1 -1 -1 -1 -1 -1 -1 -1 -1 -1 -1 -1
180 -1 -1 -1 -1 -1 -1 -1 -1 -1 -1 -1 -1 -1 -1 -1 -1 -1 -1 -1 -1
181 -1 -1 -1 -1 -1 -1 -1 -1 -1 -1 -1 -1 -1 -1 -1 -1 -1 -1 -1 -1
182 -1 -1 -1 -1 -1 -1 -1 -1 -1 -1 -1 -1 -1 -1 -1 -1 -1 -1 -1 -1
183 -1 -1 -1 -1 -1 -1 -1 -1 -1 -1 -1 -1 -1 -1 -1 -1 -1 -1 -1 -1
184 0.710820 0.833179 0.573342 0.764533 0.583632 0.736399 0.563052 0.792668 0.583632 0.736399 0.527018 0.706118 0.467168 0.657156 0.563052 0.792668 0.493236 0.756294 0.417644 0.702736
185 0.711924 0.826194 0.569456 0.755876 0.580395 0.727699 0.558517 0.784053 0.580395 0.727699 0.526254 0.701585 0.462164 0.656694 0.558517 0.784053 0.493739 0.751117 0.421132 0.700092
186 0.711798 0.820879 0.565395 0.749859 0.576797 0.722765 0.553994 0.776954 0.576797 0.722765 0.525138 0.699747 0.457512 0.656654 0.553994 0.776954 0.493195 0.746097 0.423084 0.699272
187 0.709744 0.815789 0.563106 0.750671 0.575257 0.725273 0.550955 0.776068 0.575257 0.725273 0.521990 0.700600 0.453335 0.656561 0.550955 0.776068 0.492987 0.744904 0.423240 0.698908
188 0.707156 0.814260 0.560586 0.752533 0.572831 0.727600 0.548340 0.777466 0.572831 0.727600 0.513742 0.700833 0.446519 0.656614 0.548340 0.777466 0.491657 0.745750 0.422051 0.699733
189 0.708828 0.815732 0.560880 0.758787 0.572573 0.733117 0.549187 0.784457 0.572573 0.733117 0.508500 0.708290 0.441158 0.660202 0.549187 0.784457 0.491130 0.749129 0.420175 0.701192
190 0.707813 0.816035 0.563263 0.765143 0.575835 0.740708 0.550692 0.789579 0.575835 0.740708 0.507697 0.716254 0.437213 0.663401 0.550692 0.789579 0.490119 0.751649 0.418251 0.700802
191 0.708985 0.818456 0.566263 0.768747 0.578718 0.747222 0.553808 0.790273 0.578718 0.747222 0.508138 0.722002 0.435736 0.667264 0.553808 0.790273 0.487666 0.753507 0.414250 0.699578
192 0.708147 0.818762 0.567634 0.768654 0.580247 0.747643 0.555021 0.789665 0.580247 0.747643 0.507165 0.725007 0.434797 0.672486 0.555021 0.789665 0.486020 0.753961 0.411769 0.699463
193 0.707186 0.818093 0.567745 0.765329 0.580244 0.744346 0.555246 0.786312 0.580244 0.744346 0.505160 0.722259 0.431736 0.674124 0.555246 0.786312 0.485190 0.752725 0.410223 0.699216
194 0.707035 0.816668 0.567487 0.761407 0.579657 0.739685 0.555316 0.783129 0.579657 0.739685 0.503660 0.718788 0.430332 0.673913 0.555316 0.783129 0.483680 0.751823 0.409415 0.699041
195 0.706606 0.814651 0.566465 0.759221 0.578609 0.737169 0.554320 0.781272 0.578609 0.737169 0.502140 0.716951 0.430122 0.674110 0.554320 0.781272 0.482017 0.751150 0.409627 0.698936
196 0.706828 0.813369 0.566060 0.757935 0.577999 0.735762 0.554121 0.780109 0.577999 0.735762 0.501631 0.716345 0.431090 0.674517 0.554121 0.780109 0.480813 0.750729 0.409745 0.698712
197 0.706989 0.813213 0.565753 0.757570 0.577536 0.735296 0.553971 0.779844 0.577536 0.735296 0.502051 0.716880 0.432353 0.674354 0.553971 0.779844 0.480537 0.750392 0.409880 0.698669
198 0.706832 0.814968 0.565454 0.758093 0.577228 0.735376 0.553680 0.780811 0.577228 0.735376 0.502513 0.717642 0.433044 0.674117 0.553680 0.780811 0.480623 0.750368 0.409976 0.698631
199 0.706570 0.817301 0.565691 0.760382 0.578030 0.737988 0.553352 0.782776 0.578030 0.737988 0.502597 0.719982 0.433676 0.673834 0.553352 0.782776 0.481045 0.750959 0.410023 0.698612
200 0.706642 0.820321 0.566337 0.762161 0.579085 0.740183 0.553589 0.784139 0.579085 0.740183 0.503199 0.722314 0.434913 0.673595 0.553589 0.784139 0.481684 0.751058 0.410215 0.698056
201 0.706911 0.821583 0.566251 0.762356 0.578955 0.740225 0.553547 0.784487 0.578955 0.740225 0.503374 0.724028 0.436832 0.673443 0.553547 0.784487 0.482570 0.751589 0.410863 0.698033
202 0.706775 0.822614 0.566153 0.761898 0.578814 0.739668 0.553492 0.784128 0.578814 0.739668 0.503977 0.724475 0.439097 0.673429 0.553492 0.784128 0.484441 0.751941 0.412265 0.697983
203 -1 -1 -1 -1 -1 -1 -1 -1 -1 -1 -1 -1 -1 -1 -1 -1 -1 -1 -1 -1
204 -1 -1 -1 -1 -1 -1 -1 -1 -1 -1 -1 -1 -1 -1 -1 -1 -1 -1 -1 -1
205 -1 -1 -1 -1 -1 -1 -1 -1 -1 -1 -1 -1 -1 -1 -1 -1 -1 -1 -1 -1
206 -1 -1 -1 -1 -1 -1 -1 -1 -1 -1 -1 -1 -1 -1 -1 -1 -1 -1 -1 -1
207 -1 -1 -1 -1 -1 -1 -1 -1 -1 -1 -1 -1 -1 -1 -1 -1 -1 -1 -1 -1
208 -1 -1 -1 -1 -1 -1 -1 -1 -1 -1 -1 -1 -1 -1 -1 -1 -1 -1 -1 -1
209 -1 -1 -1 -1 -1 -1 -1 -1 -1 -1 -1 -1 -1 -1 -1 -1 -1 -1 -1 -1
210 -1 -1 -1 -1 -1 -1 -1 -1 -1 -1 -1 -1 -1 -1 -1 -1 -1 -1 -1 -1
211 -1 -1 -1 -1 -1 -1 -1 -1 -1 -1 -1 -1 -1 -1 -1 -1 -1 -1 -1 -1
212 -1 -1 -1 -1 -1 -1 -1 -1 -1 -1 -1 -1 -1 -1 -1 -1 -1 -1 -1 -1
213 -1 -1 -1 -1 -1 -1 -1 -1 -1 -1 -1 -1 -1 -1 -1 -1 -1 -1 -1 -1
214 -1 -1 -1 -1 -1 -1 -1 -1 -1 -1 -1 -1 -1 -1 -1 -1 -1 -1 -1 -1
215 -1 -1 -1 -1 -1 -1 -1 -1 -1 -1 -1 -1 -1 -1 -1 -1 -1 -1 -1 -1
216 -1 -1 -1 -1 -1 -1 -1 -1 -1 -1 -1 -1 -1 -1 -1 -1 -1 -1 -1 -1
217 -1 -1 -1 -1 -1 -1 -1 -1 -1 -1 -1 -1 -1 -1 -1 -1 -1 -1 -1 -1
218 -1 -1 -1 -1 -1 -1 -1 -1 -1 -1 -1 -1 -1 -1 -1 -1 -1 -1 -1 -1
219 -1 -1 -1 -1 -1 -1 -1 -1 -1 -1 -1 -1 -1 -1 -1 -1 -1 -1 -1 -1
220 -1 -1 -1 -1 -1 -1 -1 -1 -1 -1 -1 -1 -1 -1 -1 -1 -1 -1 -1 -1
221 -1 -1 -1 -1 -1 -1 -1 -1 -1 -1 -1 -1 -1 -1 -1 -1 -1 -1 -1 -1
222 -1 -1 -1 -1 -1 -1 -1 -1 -1 -1 -1 -1 -1 -1 -1 -1 -1 -1 -1 -1
223 -1 -1 -1 -1 -1 -1 -1 -1 -1 -1 -1 -1 -1 -1 -1 -1 -1 -1 -1 -1
224 -1 -1 -1 -1 -1 -1 -1 -1 -1 -1 -1 -1 -1 -1 -1 -1 -1 -1 -1 -1
225 -1 -1 -1 -1 -1 -1 -1 -1 -1 -1 -1 -1 -1 -1 -1 -1 -1 -1 -1 -1
226 -1 -1 -1 -1 -1 -1 -1 -1 -1 -1 -1 -1 -1 -1 -1 -1 -1 -1 -1 -1
227 -1 -1 -1 -1 -1 -1 -1 -1 -1 -1 -1 -1 -1 -1 -1 -1 -1 -1 -1 -1
228 -1 -1 -1 -1 -1 -1 -1 -1 -1 -1 -1 -1 -1 -1 -1 -1 -1 -1 -1 -1
229 -1 -1 -1 -1 -1 -1 -1 -1 -1 -1 -1 -1 -1 -1 -1 -1 -1 -1 -1 -1
230 -1 -1 -1 -1 -1 -1 -1 -1 -1 -1 -1 -1 -1 -1 -1 -1 -1 -1 -1 -1
231 -1 -1 -1 -1 -1 -1 -1 -1 -1 -1 -1 -1 -1 -1 -1 -1 -1 -1 -1 -1
232 -1 -1 -1 -1 -1 -1 -1 -1 -1 -1 -1 -1 -1 -1 -1 -1 -1 -1 -1 -1
233 -1 -1 -1 -1 -1 -1 -1 -1 -1 -1 -1 -1 -1 -1 -1 -1 -1 -1 -1 -1
234 -1 -1 -1 -1 -1 -1 -1 -1 -1 -1 -1 -1 -1 -1 -1 -1 -1 -1 -1 -1
235 -1 -1 -1 -1 -1 -1 -1 -1 -1 -1 -1 -1 -1 -1 -1 -1 -1 -1 -1 -1
236 -1 -1 -1 -1 -1 -1 -1 -1 -1 -1 -1 -1 -1 -1 -1 -1 -1 -1 -1 -1
237 -1 -1 -1 -1 -1 -1 -1 -1 -1 -1 -1 -1 -1 -1 -1 -1 -1 -1 -1 -1
238 -1 -1 -1 -1 -1 -1 -1 -1 -1 -1 -1 -1 -1 -1 -1 -1 -1 -1 -1 -1
239 -1 -1 -1 -1 -1 -1 -1 -1 -1 -1 -1 -1 -1 -1 -1 -1 -1 -1 -1 -1
240 -1 -1 -1 -1 -1 -1 -1 -1 -1 -1 -1 -1 -1 -1 -1 -1 -1 -1 -1 -1
241 -1 -1 -1 -1 -1 -1 -1 -1 -1 -1 -1 -1 -1 -1 -1 -1 -1 -1 -1 -1
242 -1 -1 -1 -1 -1 -1 -1 -1 -1 -1 -1 -1 -1 -1 -1 -1 -1 -1 -1 -1
243 -1 -1 -1 -1 -1 -1 -1 -1 -1 -1 -1 -1 -1 -1 -1 -1 -1 -1 -1 -1
244 -1 -1 -1 -1 -1 -1 -1 -1 -1 -1 -1 -1 -1 -1 -1 -1 -1 -1 -1 -1
245 -1 -1 -1 -1 -1 -1 -1 -1 -1 -1 -1 -1 -1 -1 -1 -1 -1 -1 -1 -1
246 -1 -1 -1 -1 -1 -1 -1 -1 -1 -1 -1 -1 -1 -1 -1 -1 -1 -1 -1 -1
247 -1 -1 -1 -1 -1 -1 -1 -1 -1 -1 -1 -1 -1 -1 -1 -1 -1 -1 -1 -1
248 -1 -1 -1 -1 -1 -1 -1 -1 -1 -1 -1 -1 -1 -1 -1 -1 -1 -1 -1 -1
249 -1 -1 -1 -1 -1 -1 -1 -1 -1 -1 -1 -1 -1 -1 -1 -1 -1 -1 -1 -1
250 -1 -1 -1 -1 -1 -1 -1 -1 -1 -1 -1 -1 -1 -1 -1 -1 -1 -1 -1 -1
251 -1 -1 -1 -1 -1 -1 -1 -1 -1 -1 -1 -1 -1 -1 -1 -1 -1 -1 -1 -1
252 -1 -1 -1 -1 -1 -1 -1 -1 -1 -1 -1 -1 -1 -1 -1 -1 -1 -1 -1 -1
253 -1 -1 -1 -1 -1 -1 -1 -1 -1 -1 -1 -1 -1 -1 -1 -1 -1 -1 -1 -1
254 -1 -1 -1 -1 -1 -1 -1 -1 -1 -1 -1 -1 -1 -1 -1 -1 -1 -1 -1 -1
255 -1 -1 -1 -1 -1 -1 -1 -1 -1 -1 -1 -1 -1 -1 -1 -1 -1 -1 -1 -1
256 -1 -1 -1 -1 -1 -1 -1 -1 -1 -1 -1 -1 -1 -1 -1 -1 -1 -1 -1 -1
257 -1 -1 -1 -1 -1 -1 -1 -1 -1 -1 -1 -1 -1 -1 -1 -1 -1 -1 -1 -1
258 -1 -1 -1 -1 -1 -1 -1 -1 -1 -1 -1 -1 -1 -1 -1 -1 -1 -1 -1 -1
259 -1 -1 -1 -1 -1 -1 -1 -1 -1 -1 -1 -1 -1 -1 -1 -1 -1 -1 -1 -1
260 -1 -1 -1 -1 -1 -1 -1 -1 -1 -1 -1 -1 -1 -1 -1 -1 -1 -1 -1 -1
261 -1 -1 -1 -1 -1 -1 -1 -1 -1 -1 -1 -1 -1 -1 -1 -1 -1 -1 -1 -1
262 -1 -1 -1 -1 -1 -1 -1 -1 -1 -1 -1 -1 -1 -1 -1 -1 -1 -1 -1 -1
263 -1 -1 -1 -1 -1 -1 -1 -1 -1 -1 -1 -1 -1 -1 -1 -1 -1 -1 -1 -1
264 -1 -1 -1 -1 -1 -1 -1 -1 -1 -1 -1 -1 -1 -1 -1 -1 -1 -1 -1 -1
265 -1 -1 -1 -1 -1 -1 -1 -1 -1 -1 -1 -1 -1 -1 -1 -1 -1 -1 -1 -1
266 -1 -1 -1 -1 -1 -1 -1 -1 -1 -1 -1 -1 -1 -1 -1 -1 -1 -1 -1 -1
267 -1 -1 -1 -1 -1 -1 -1 -1 -1 -1 -1 -1 -1 -1 -1 -1 -1 -1 -1 -1
268 -1 -1 -1 -1 -1 -1 -1 -1 -1 -1 -1 -1 -1 -1 -1 -1 -1 -1 -1 -1
269 -1 -1 -1 -1 -1 -1 -1 -1 -1 -1 -1 -1 -1 -1 -1 -1 -1 -1 -1 -1
270 -1 -1 -1 -1 -1 -1 -1 -1 -1 -1 -1 -1 -1 -1 -1 -1 -1 -1 -1 -1
271 -1 -1 -1 -1 -1 -1 -1 -1 -1 -1 -1 -1 -1 -1 -1 -1 -1 -1 -1 -1
272 -1 -1 -1 -1 -1 -1 -1 -1 -1 -1 -1 -1 -1 -1 -1 -1 -1 -1 -1 -1
273 -1 -1 -1 -1 -1 -1 -1 -1 -1 -1 -1 -1 -1 -1 -1 -1 -1 -1 -1 -1
274 -1 -1 -1 -1 -1 -1 -1 -1 -1 -1 -1 -1 -1 -1 -1 -1 -1 -1 -1 -1
275 -1 -1 -1 -1 -1 -1 -1 -1 -1 -1 -1 -1 -1 -1 -1 -1 -1 -1 -1 -1
276 -1 -1 -1 -1 -1 -1 -1 -1 -1 -1 -1 -1 -1 -1 -1 -1 -1 -1 -1 -1
277 -1 -1 -1 -1 -1 -1 -1 -1 -1 -1 -1 -1 -1 -1 -1 -1 -1 -1 -1 -1
278 -1 -1 -1 -1 -1 -1 -1 -1 -1 -1 -1 -1 -1 -1 -1 -1 -1 -1 -1 -1
279 -1 -1 -1 -1 -1 -1 -1 -1 -1 -1 -1 -1 -1 -1 -1 -1 -1 -1 -1 -1
280 -1 -1 -1 -1 -1 -1 -1 -1 -1 -1 -1 -1 -1 -1 -1 -1 -1 -1 -1 -1
281 -1 -1 -1 -1 -1 -1 -1 -1 -1 -1 -1 -1 -1 -1 -1 -1 -1 -1 -1 -1
282 -1 -1 -1 -1 -1 -1 -1 -1 -1 -1 -1 -1 -1 -1 -1 -1 -1 -1 -1 -1
283 -1 -1 -1 -1 -1 -1 -1 -1 -1 -1 -1 -1 -1 -1 -1 -1 -1 -1 -1 -1
284 -1 -1 -1 -1 -1 -1 -1 -1 -1 -1 -1 -1 -1 -1 -1 -1 -1 -1 -1 -1
285 -1 -1 -1 -1 -1 -1 -1 -1 -1 -1 -1 -1 -1 -1 -1 -1 -1 -1 -1 -1
286 -1 -1 -1 -1 -1 -1 -1 -1 -1 -1 -1 -1 -1 -1 -1 -1 -1 -1 -1 -1
287 -1 -1 -1 -1 -1 -1 -1 -1 -1 -1 -1 -1 -1 -1 -1 -1 -1 -1 -1 -1
288 -1 -1 -1 -1 -1 -1 -1 -1 -1 -1 -1 -1 -1 -1 -1 -1 -1 -1 -1 -1
289 -1 -1 -1 -1 -1 -1 -1 -1 -1 -1 -1 -1 -1 -1 -1 -1 -1 -1 -1 -1
290 -1 -1 -1 -1 -1 -1 -1 -1 -1 -1 -1 -1 -1 -1 -1 -1 -1 -1 -1 -1
291 -1 -1 -1 -1 -1 -1 -1 -1 -1 -1 -1 -1 -1 -1 -1 -1 -1 -1 -1 -1
