170
184
0 -1 -1 -1 -1 -1 -1 -1 -1 -1 -1 -1 -1 -1 -1 -1 -1 -1 -1 -1 -1
1 -1 -1 -1 -1 -1 -1 -1 -1 -1 -1 -1 -1 -1 -1 -1 -1 -1 -1 -1 -1
2 -1 -1 -1 -1 -1 -1 -1 -1 -1 -1 -1 -1 -1 -1 -1 -1 -1 -1 -1 -1
3 -1 -1 -1 -1 -1 -1 -1 -1 -1 -1 -1 -1 -1 -1 -1 -1 -1 -1 -1 -1
4 -1 -1 -1 -1 -1 -1 -1 -1 -1 -1 -1 -1 -1 -1 -1 -1 -1 -1 -1 -1
5 -1 -1 -1 -1 -1 -1 -1 -1 -1 -1 -1 -1 -1 -1 -1 -1 -1 -1 -1 -1
6 -1 -1 -1 -1 -1 -1 -1 -1 -1 -1 -1 -1 -1 -1 -1 -1 -1 -1 -1 -1
7 -1 -1 -1 -1 -1 -1 -1 -1 -1 -1 -1 -1 -1 -1 -1 -1 -1 -1 -1 -1
8 -1 -1 -1 -1 -1 -1 -1 -1 -1 -1 -1 -1 -1 -1 -1 -1 -1 -1 -1 -1
9 -1 -1 -1 -1 -1 -1 -1 -1 -1 -1 -1 -1 -1 -1 -1 -1 -1 -1 -1 -1
10 -1 -1 -1 -1 -1 -1 -1 -1 -1 -1 -1 -1 -1 -1 -1 -1 -1 -1 -1 -1
11 -1 -1 -1 -1 -1 -1 -1 -1 -1 -1 -1 -1 -1 -1 -1 -1 -1 -1 -1 -1
12 -1 -1 -1 -1 -1 -1 -1 -1 -1 -1 -1 -1 -1 -1 -1 -1 -1 -1 -1 -1
13 -1 -1 -1 -1 -1 -1 -1 -1 -1 -1 -1 -1 -1 -1 -1 -1 -1 -1 -1 -1
14 -1 -1 -1 -1 -1 -1 -1 -1 -1 -1 -1 -1 -1 -1 -1 -1 -1 -1 -1 -1
15 -1 -1 -1 -1 -1 -1 -1 -1 -1 -1 -1 -1 -1 -1 -1 -1 -1 -1 -1 -1
16 -1 -1 -1 -1 -1 -1 -1 -1 -1 -1 -1 -1 -1 -1 -1 -1 -1 -1 -1 -1
17 -1 -1 -1 -1 -1 -1 -1 -1 -1 -1 -1 -1 -1 -1 -1 -1 -1 -1 -1 -1
18 -1 -1 -1 -1 -1 -1 -1 -1 -1 -1 -1 -1 -1 -1 -1 -1 -1 -1 -1 -1
19 -1 -1 -1 -1 -1 -1 -1 -1 -1 -1 -1 -1 -1 -1 -1 -1 -1 -1 -1 -1
20 -1 -1 -1 -1 -1 -1 -1 -1 -1 -1 -1 -1 -1 -1 -1 -1 -1 -1 -1 -1
21 -1 -1 -1 -1 -1 -1 -1 -1 -1 -1 -1 -1 -1 -1 -1 -1 -1 -1 -1 -1
22 -1 -1 -1 -1 -1 -1 -1 -1 -1 -1 -1 -1 -1 -1 -1 -1 -1 -1 -1 -1
23 -1 -1 -1 -1 -1 -1 -1 -1 -1 -1 -1 -1 -1 -1 -1 -1 -1 -1 -1 -1
24 -1 -1 -1 -1 -1 -1 -1 -1 -1 -1 -1 -1 -1 -1 -1 -1 -1 -1 -1 -1
25 -1 -1 -1 -1 -1 -1 -1 -1 -1 -1 -1 -1 -1 -1 -1 -1 -1 -1 -1 -1
26 -1 -1 -1 -1 -1 -1 -1 -1 -1 -1 -1 -1 -1 -1 -1 -1 -1 -1 -1 -1
27 -1 -1 -1 -1 -1 -1 -1 -1 -1 -1 -1 -1 -1 -1 -1 -1 -1 -1 -1 -1
28 -1 -1 -1 -1 -1 -1 -1 -1 -1 -1 -1 -1 -1 -1 -1 -1 -1 -1 -1 -1
29 -1 -1 -1 -1 -1 -1 -1 -1 -1 -1 -1 -1 -1 -1 -1 -1 -1 -1 -1 -1
30 -1 -1 -1 -1 -1 -1 -1 -1 -1 -1 -1 -1 -1 -1 -1 -1 -1 -1 -1 -1
31 -1 -1 -1 -1 -1 -1 -1 -1 -1 -1 -1 -1 -1 -1 -1 -1 -1 -1 -1 -1
32 -1 -1 -1 -1 -1 -1 -1 -1 -1 -1 -1 -1 -1 -1 -1 -1 -1 -1 -1 -1
33 -1 -1 -1 -1 -1 -1 -1 -1 -1 -1 -1 -1 -1 -1 -1 -1 -1 -1 -1 -1
34 -1 -1 -1 -1 -1 -1 -1 -1 -1 -1 -1 -1 -1 -1 -1 -1 -1 -1 -1 -1
35 -1 -1 -1 -1 -1 -1 -1 -1 -1 -1 -1 -1 -1 -1 -1 -1 -1 -1 -1 -1
36 -1 -1 -1 -1 -1 -1 -1 -1 -1 -1 -1 -1 -1 -1 -1 -1 -1 -1 -1 -1
37 -1 -1 -1 -1 -1 -1 -1 -1 -1 -1 -1 -1 -1 -1 -1 -1 -1 -1 -1 -1
38 -1 -1 -1 -1 -1 -1 -1 -1 -1 -1 -1 -1 -1 -1 -1 -1 -1 -1 -1 -1
39 -1 -1 -1 -1 -1 -1 -1 -1 -1 -1 -1 -1 -1 -1 -1 -1 -1 -1 -1 -1
40 -1 -1 -1 -1 -1 -1 -1 -1 -1 -1 -1 -1 -1 -1 -1 -1 -1 -1 -1 -1
41 -1 -1 -1 -1 -1 -1 -1 -1 -1 -1 -1 -1 -1 -1 -1 -1 -1 -1 -1 -1
42 -1 -1 -1 -1 -1 -1 -1 -1 -1 -1 -1 -1 -1 -1 -1 -1 -1 -1 -1 -1
43 -1 -1 -1 -1 -1 -1 -1 -1 -1 -1 -1 -1 -1 -1 -1 -1 -1 -1 -1 -1
44 -1 -1 -1 -1 -1 -1 -1 -1 -1 -1 -1 -1 -1 -1 -1 -1 -1 -1 -1 -1
45 -1 -1 -1 -1 -1 -1 -1 -1 -1 -1 -1 -1 -1 -1 -1 -1 -1 -1 -1 -1
46 -1 -1 -1 -1 -1 -1 -1 -1 -1 -1 -1 -1 -1 -1 -1 -1 -1 -1 -1 -1
47 -1 -1 -1 -1 -1 -1 -1 -1 -1 -1 -1 -1 -1 -1 -1 -1 -1 -1 -1 -1
48 -1 -1 -1 -1 -1 -1 -1 -1 -1 -1 -1 -1 -1 -1 -1 -1 -1 -1 -1 -1
49 -1 -1 -1 -1 -1 -1 -1 -1 -1 -1 -1 -1 -1 -1 -1 -1 -1 -1 -1 -1
50 -1 -1 -1 -1 -1 -1 -1 -1 -1 -1 -1 -1 -1 -1 -1 -1 -1 -1 -1 -1
51 -1 -1 -1 -1 -1 -1 -1 -1 -1 -1 -1 -1 -1 -1 -1 -1 -1 -1 -1 -1
52 -1 -1 -1 -1 -1 -1 -1 -1 -1 -1 -1 -1 -1 -1 -1 -1 -1 -1 -1 -1
53 -1 -1 -1 -1 -1 -1 -1 -1 -1 -1 -1 -1 -1 -1 -1 -1 -1 -1 -1 -1
54 -1 -1 -1 -1 -1 -1 -1 -1 -1 -1 -1 -1 -1 -1 -1 -1 -1 -1 -1 -1
55 -1 -1 -1 -1 -1 -1 -1 -1 -1 -1 -1 -1 -1 -1 -1 -1 -1 -1 -1 -1
56 -1 -1 -1 -1 -1 -1 -1 -1 -1 -1 -1 -1 -1 -1 -1 -1 -1 -1 -1 -1
57 -1 -1 -1 -1 -1 -1 -1 -1 -1 -1 -1 -1 -1 -1 -1 -1 -1 -1 -1 -1
58 -1 -1 -1 -1 -1 -1 -1 -1 -1 -1 -1 -1 -1 -1 -1 -1 -1 -1 -1 -1
59 -1 -1 -1 -1 -1 -1 -1 -1 -1 -1 -1 -1 -1 -1 -1 -1 -1 -1 -1 -1
60 -1 -1 -1 -1 -1 -1 -1 -1 -1 -1 -1 -1 -1 -1 -1 -1 -1 -1 -1 -1
61 -1 -1 -1 -1 -1 -1 -1 -1 -1 -1 -1 -1 -1 -1 -1 -1 -1 -1 -1 -1
62 -1 -1 -1 -1 -1 -1 -1 -1 -1 -1 -1 -1 -1 -1 -1 -1 -1 -1 -1 -1
63 -1 -1 -1 -1 -1 -1 -1 -1 -1 -1 -1 -1 -1 -1 -1 -1 -1 -1 -1 -1
64 -1 -1 -1 -1 -1 -1 -1 -1 -1 -1 -1 -1 -1 -1 -1 -1 -1 -1 -1 -1
65 -1 -1 -1 -1 -1 -1 -1 -1 -1 -1 -1 -1 -1 -1 -1 -1 -1 -1 -1 -1
66 -1 -1 -1 -1 -1 -1 -1 -1 -1 -1 -1 -1 -1 -1 -1 -1 -1 -1 -1 -1
67 -1 -1 -1 -1 -1 -1 -1 -1 -1 -1 -1 -1 -1 -1 -1 -1 -1 -1 -1 -1
68 -1 -1 -1 -1 -1 -1 -1 -1 -1 -1 -1 -1 -1 -1 -1 -1 -1 -1 -1 -1
69 -1 -1 -1 -1 -1 -1 -1 -1 -1 -1 -1 -1 -1 -1 -1 -1 -1 -1 -1 -1
70 -1 -1 -1 -1 -1 -1 -1 -1 -1 -1 -1 -1 -1 -1 -1 -1 -1 -1 -1 -1
71 -1 -1 -1 -1 -1 -1 -1 -1 -1 -1 -1 -1 -1 -1 -1 -1 -1 -1 -1 -1
72 -1 -1 -1 -1 -1 -1 -1 -1 -1 -1 -1 -1 -1 -1 -1 -1 -1 -1 -1 -1
73 -1 -1 -1 -1 -1 -1 -1 -1 -1 -1 -1 -1 -1 -1 -1 -1 -1 -1 -1 -1
74 -1 -1 -1 -1 -1 -1 -1 -1 -1 -1 -1 -1 -1 -1 -1 -1 -1 -1 -1 -1
75 -1 -1 -1 -1 -1 -1 -1 -1 -1 -1 -1 -1 -1 -1 -1 -1 -1 -1 -1 -1
76 -1 -1 -1 -1 -1 -1 -1 -1 -1 -1 -1 -1 -1 -1 -1 -1 -1 -1 -1 -1
77 -1 -1 -1 -1 -1 -1 -1 -1 -1 -1 -1 -1 -1 -1 -1 -1 -1 -1 -1 -1
78 -1 -1 -1 -1 -1 -1 -1 -1 -1 -1 -1 -1 -1 -1 -1 -1 -1 -1 -1 -1
79 -1 -1 -1 -1 -1 -1 -1 -1 -1 -1 -1 -1 -1 -1 -1 -1 -1 -1 -1 -1
80 -1 -1 -1 -1 -1 -1 -1 -1 -1 -1 -1 -1 -1 -1 -1 -1 -1 -1 -1 -1
81 -1 -1 -1 -1 -1 -1 -1 -1 -1 -1 -1 -1 -1 -1 -1 -1 -1 -1 -1 -1
82 -1 -1 -1 -1 -1 -1 -1 -1 -1 -1 -1 -1 -1 -1 -1 -1 -1 -1 -1 -1
83 -1 -1 -1 -1 -1 -1 -1 -1 -1 -1 -1 -1 -1 -1 -1 -1 -1 -1 -1 -1
84 -1 -1 -1 -1 -1 -1 -1 -1 -1 -1 -1 -1 -1 -1 -1 -1 -1 -1 -1 -1
85 -1 -1 -1 -1 -1 -1 -1 -1 -1 -1 -1 -1 -1 -1 -1 -1 -1 -1 -1 -1
86 -1 -1 -1 -1 -1 -1 -1 -1 -1 -1 -1 -1 -1 -1 -1 -1 -1 -1 -1 -1
87 -1 -1 -1 -1 -1 -1 -1 -1 -1 -1 -1 -1 -1 -1 -1 -1 -1 -1 -1 -1
88 -1 -1 -1 -1 -1 -1 -1 -1 -1 -1 -1 -1 -1 -1 -1 -1 -1 -1 -1 -1
89 -1 -1 -1 -1 -1 -1 -1 -1 -1 -1 -1 -1 -1 -1 -1 -1 -1 -1 -1 -1
90 -1 -1 -1 -1 -1 -1 -1 -1 -1 -1 -1 -1 -1 -1 -1 -1 -1 -1 -1 -1
91 -1 -1 -1 -1 -1 -1 -1 -1 -1 -1 -1 -1 -1 -1 -1 -1 -1 -1 -1 -1
92 0.425206 0.110599 0.427977 0.232846 0.436440 0.235010 0.419513 0.230683 0.436440 0.235010 0.439148 0.320642 0.447143 0.377998 0.419513 0.230683 0.414020 0.239864 0.431738 0.328377
93 0.425384 0.117993 0.429669 0.234655 0.437577 0.237240 0.421762 0.232071 0.437577 0.237240 0.440998 0.322587 0.445304 0.417126 0.421762 0.232071 0.423756 0.246287 0.434468 0.356943
94 0.426203 0.121062 0.430576 0.238025 0.439327 0.237414 0.421825 0.238636 0.439327 0.237414 0.446009 0.337089 0.451449 0.438210 0.421825 0.238636 0.432717 0.265019 0.434829 0.358384
95 0.426882 0.127688 0.431315 0.243144 0.440114 0.242327 0.422516 0.243961 0.440114 0.242327 0.448536 0.337300 0.448508 0.434870 0.422516 0.243961 0.440377 0.274098 0.447188 0.375141
96 0.428403 0.137245 0.432397 0.253407 0.440974 0.250102 0.423819 0.256713 0.440974 0.250102 0.452177 0.336825 0.448384 0.410682 0.423819 0.256713 0.446366 0.297924 0.451173 0.393169
97 0.429812 0.142317 0.433641 0.253180 0.443571 0.251126 0.423710 0.255234 0.443571 0.251126 0.460169 0.331049 0.449864 0.403240 0.423710 0.255234 0.446493 0.306973 0.453853 0.396688
98 0.431532 0.144450 0.433365 0.253592 0.443380 0.252014 0.423351 0.255169 0.443380 0.252014 0.459632 0.328315 0.448721 0.399927 0.423351 0.255169 0.441588 0.302540 0.449646 0.388975
99 0.433694 0.149248 0.434419 0.259911 0.444521 0.258562 0.424316 0.261261 0.444521 0.258562 0.460877 0.332382 0.458327 0.420638 0.424316 0.261261 0.452420 0.315223 0.455989 0.405405
100 0.433851 0.152723 0.434670 0.263963 0.444771 0.262931 0.424568 0.264996 0.444771 0.262931 0.462197 0.334973 0.461108 0.430236 0.424568 0.264996 0.453578 0.312719 0.459571 0.413592
101 0.435968 0.153975 0.436537 0.266332 0.447017 0.264967 0.426057 0.267697 0.447017 0.264967 0.462171 0.340521 0.460689 0.436295 0.426057 0.267697 0.451089 0.318089 0.458204 0.422069
102 0.437926 0.157800 0.437490 0.270911 0.448665 0.271653 0.426316 0.270168 0.448665 0.271653 0.461437 0.360423 0.465283 0.455950 0.426316 0.270168 0.429984 0.275727 0.440126 0.366228
103 0.440019 0.160340 0.438535 0.276194 0.449982 0.277745 0.427088 0.274643 0.449982 0.277745 0.461528 0.369968 0.468327 0.463164 0.427088 0.274643 0.426514 0.282900 0.433006 0.353136
104 0.441092 0.166384 0.440504 0.281015 0.452091 0.282953 0.428917 0.279077 0.452091 0.282953 0.459031 0.376565 0.465578 0.470742 0.428917 0.279077 0.408646 0.261839 0.433897 0.352773
105 0.442851 0.168875 0.442964 0.288552 0.453994 0.289513 0.431933 0.287592 0.453994 0.289513 0.456542 0.386836 0.468744 0.481965 0.431933 0.287592 0.415474 0.284208 0.440170 0.377479
106 0.445698 0.175317 0.444707 0.290954 0.455066 0.293528 0.434349 0.288380 0.455066 0.293528 0.455853 0.386940 0.466998 0.479793 0.434349 0.288380 0.409195 0.259302 0.431838 0.330859
107 0.448997 0.182551 0.446845 0.297812 0.457531 0.298000 0.436158 0.297624 0.457531 0.298000 0.455841 0.384801 0.470445 0.473178 0.436158 0.297624 0.441409 0.372146 0.458605 0.460975
108 0.451083 0.188847 0.451380 0.307693 0.461831 0.305902 0.440928 0.309485 0.461831 0.305902 0.456506 0.393105 0.471011 0.467962 0.440928 0.309485 0.449259 0.398416 0.462193 0.473676
109 0.452750 0.191982 0.453279 0.310397 0.463775 0.308306 0.442784 0.312489 0.463775 0.308306 0.465106 0.394324 0.474202 0.471615 0.442784 0.312489 0.452555 0.403132 0.463873 0.478842
110 0.454251 0.192541 0.455516 0.309465 0.465608 0.307353 0.445423 0.311576 0.465608 0.307353 0.466250 0.394527 0.473435 0.476295 0.445423 0.311576 0.455447 0.401502 0.465431 0.479902
111 0.455770 0.193545 0.457286 0.311002 0.467630 0.308592 0.446942 0.313413 0.467630 0.308592 0.468466 0.395241 0.472808 0.472533 0.446942 0.313413 0.454714 0.402621 0.461066 0.468382
112 0.456903 0.193828 0.458307 0.312247 0.468718 0.310665 0.447896 0.313829 0.468718 0.310665 0.471540 0.396459 0.471793 0.470969 0.447896 0.313829 0.452579 0.397677 0.459188 0.458644
113 0.458373 0.194720 0.459300 0.313734 0.469754 0.311941 0.448847 0.315528 0.469754 0.311941 0.471936 0.400369 0.471893 0.472470 0.448847 0.315528 0.453299 0.400538 0.458794 0.464429
114 0.459351 0.196042 0.461264 0.318496 0.471700 0.316747 0.450827 0.320245 0.471700 0.316747 0.473136 0.405150 0.472851 0.483511 0.450827 0.320245 0.454453 0.408557 0.458172 0.486915
115 0.460218 0.197558 0.461959 0.320389 0.472856 0.318427 0.451061 0.322351 0.472856 0.318427 0.475060 0.412548 0.476398 0.494043 0.451061 0.322351 0.454704 0.415068 0.459225 0.499650
116 0.461042 0.201073 0.462550 0.325436 0.473847 0.323764 0.451253 0.327107 0.473847 0.323764 0.476043 0.421132 0.475281 0.491206 0.451253 0.327107 0.453952 0.422435 0.459457 0.504128
117 0.460907 0.207253 0.463594 0.334269 0.475138 0.331391 0.452051 0.337147 0.475138 0.331391 0.477462 0.427589 0.480501 0.497536 0.452051 0.337147 0.455603 0.434946 0.463002 0.517653
118 0.461575 0.212427 0.464603 0.341919 0.476112 0.339230 0.453094 0.344609 0.476112 0.339230 0.478699 0.434764 0.484258 0.514542 0.453094 0.344609 0.456897 0.440526 0.464621 0.527361
119 0.461974 0.218287 0.464875 0.344683 0.476660 0.341888 0.453090 0.347479 0.476660 0.341888 0.482405 0.430660 0.483890 0.505849 0.453090 0.347479 0.458257 0.435703 0.464644 0.524224
120 0.462229 0.226578 0.465746 0.346615 0.477672 0.343052 0.453820 0.350179 0.477672 0.343052 0.488654 0.424907 0.482025 0.481864 0.453820 0.350179 0.464285 0.435983 0.468553 0.521840
121 0.463328 0.232684 0.466165 0.353341 0.478466 0.349832 0.453864 0.356850 0.478466 0.349832 0.491524 0.431048 0.478579 0.458007 0.453864 0.356850 0.467644 0.440524 0.478845 0.521663
122 0.464568 0.235567 0.467035 0.357224 0.479307 0.353506 0.454763 0.360941 0.479307 0.353506 0.492316 0.431383 0.480574 0.466520 0.454763 0.360941 0.468598 0.441289 0.477682 0.522219
123 0.465743 0.240061 0.466825 0.358733 0.479370 0.355615 0.454280 0.361852 0.479370 0.355615 0.491689 0.436117 0.490078 0.499457 0.454280 0.361852 0.467377 0.445713 0.474120 0.521560
124 0.466331 0.242665 0.468798 0.364669 0.481204 0.361615 0.456392 0.367723 0.481204 0.361615 0.490296 0.458321 0.503587 0.534576 0.456392 0.367723 0.468038 0.464691 0.473779 0.531790
125 0.466956 0.246006 0.468809 0.367754 0.481267 0.364785 0.456351 0.370723 0.481267 0.364785 0.489138 0.463111 0.504147 0.540901 0.456351 0.370723 0.467921 0.465350 0.474001 0.544479
126 0.468019 0.248739 0.469461 0.372868 0.482009 0.369835 0.456914 0.375901 0.482009 0.369835 0.488776 0.466727 0.503203 0.549488 0.456914 0.375901 0.469317 0.469307 0.477294 0.548767
127 0.469461 0.252062 0.469839 0.378252 0.482246 0.375397 0.457432 0.381106 0.482246 0.375397 0.488280 0.475824 0.504772 0.558764 0.457432 0.381106 0.468413 0.475810 0.476560 0.557040
128 0.471251 0.257235 0.470738 0.381043 0.483487 0.379092 0.457988 0.382995 0.483487 0.379092 0.488044 0.473906 0.500357 0.557912 0.457988 0.382995 0.467775 0.476235 0.476087 0.553345
129 0.472908 0.260534 0.471787 0.387157 0.484672 0.385609 0.458903 0.388704 0.484672 0.385609 0.486388 0.477026 0.499417 0.562333 0.458903 0.388704 0.467494 0.478787 0.474960 0.554409
130 0.475179 0.266089 0.473060 0.393725 0.486070 0.392923 0.460050 0.394527 0.486070 0.392923 0.486008 0.481641 0.495052 0.564109 0.460050 0.394527 0.467153 0.483795 0.474343 0.555918
131 0.476634 0.269240 0.473487 0.396543 0.486842 0.395949 0.460133 0.397137 0.486842 0.395949 0.485788 0.484135 0.494807 0.564220 0.460133 0.397137 0.468122 0.484755 0.479351 0.556867
132 0.478299 0.271659 0.474769 0.396661 0.488326 0.396664 0.461212 0.396659 0.488326 0.396664 0.486201 0.486277 0.494274 0.569399 0.461212 0.396659 0.467888 0.487914 0.475756 0.559165
133 0.479531 0.273781 0.476252 0.397732 0.489927 0.398437 0.462576 0.397026 0.489927 0.398437 0.486934 0.486932 0.493230 0.570312 0.462576 0.397026 0.467752 0.488058 0.472168 0.555254
134 0.480843 0.272702 0.477579 0.399252 0.490869 0.399314 0.464289 0.399191 0.490869 0.399314 0.486861 0.487706 0.494008 0.567779 0.464289 0.399191 0.468178 0.486618 0.472066 0.559123
135 0.482345 0.273673 0.480712 0.399446 0.493350 0.399781 0.468074 0.399111 0.493350 0.399781 0.486841 0.486547 0.486982 0.564803 0.468074 0.399111 0.475363 0.484331 0.484230 0.556848
136 0.482826 0.273561 0.482547 0.400126 0.495251 0.400668 0.469843 0.399584 0.495251 0.400668 0.487317 0.489269 0.481994 0.565500 0.469843 0.399584 0.476999 0.485814 0.485574 0.564446
137 0.483644 0.274233 0.483336 0.403058 0.495820 0.403655 0.470852 0.402462 0.495820 0.403655 0.487342 0.491917 0.481803 0.572015 0.470852 0.402462 0.475124 0.490236 0.484930 0.573531
138 0.484374 0.275803 0.483432 0.405381 0.496405 0.405602 0.470459 0.405159 0.496405 0.405602 0.487611 0.495671 0.480878 0.580410 0.470459 0.405159 0.478945 0.494304 0.494302 0.569518
139 0.484984 0.278578 0.484657 0.411283 0.497547 0.410776 0.471768 0.411791 0.497547 0.410776 0.488086 0.500033 0.480051 0.589181 0.471768 0.411791 0.481017 0.501233 0.502100 0.570570
140 0.485119 0.282619 0.484209 0.416855 0.497242 0.416408 0.471177 0.417302 0.497242 0.416408 0.488649 0.502645 0.492710 0.568109 0.471177 0.417302 0.481452 0.510862 0.496532 0.602161
141 0.485280 0.288244 0.484524 0.425849 0.497791 0.424892 0.471257 0.426806 0.497791 0.424892 0.488798 0.508587 0.491653 0.582366 0.471257 0.426806 0.482061 0.521812 0.493510 0.618210
142 0.485579 0.292505 0.485378 0.431456 0.498827 0.430816 0.471930 0.432095 0.498827 0.430816 0.487940 0.516132 0.495735 0.581120 0.471930 0.432095 0.481858 0.527043 0.490295 0.622950
143 0.485574 0.299000 0.485116 0.437884 0.498600 0.437349 0.471631 0.438418 0.498600 0.437349 0.489646 0.522121 0.494655 0.578004 0.471631 0.438418 0.483616 0.535728 0.488820 0.633061
144 0.485537 0.305600 0.485121 0.443810 0.498683 0.442644 0.471559 0.444976 0.498683 0.442644 0.494500 0.519202 0.496331 0.578816 0.471559 0.444976 0.484318 0.541048 0.488315 0.631304
145 0.485527 0.312203 0.485167 0.449266 0.498713 0.447985 0.471622 0.450547 0.498713 0.447985 0.498273 0.528561 0.494459 0.580900 0.471622 0.450547 0.485058 0.544543 0.489605 0.630712
146 0.485665 0.317911 0.485189 0.453061 0.498706 0.451550 0.471672 0.454572 0.498706 0.451550 0.500077 0.537199 0.504394 0.579456 0.471672 0.454572 0.484550 0.545739 0.489844 0.632907
147 0.485829 0.323278 0.486089 0.458129 0.499715 0.456667 0.472462 0.459591 0.499715 0.456667 0.500379 0.543362 0.509962 0.576581 0.472462 0.459591 0.483825 0.549956 0.491482 0.633336
148 0.486012 0.328844 0.486961 0.462042 0.500711 0.460120 0.473211 0.463964 0.500711 0.460120 0.502604 0.548837 0.505590 0.611647 0.473211 0.463964 0.483979 0.550725 0.491077 0.634402
149 0.486434 0.334915 0.488387 0.467020 0.502607 0.465095 0.474167 0.468946 0.502607 0.465095 0.504666 0.559609 0.505080 0.627822 0.474167 0.468946 0.484207 0.560304 0.490665 0.640419
150 0.487060 0.342034 0.489926 0.473757 0.504584 0.472791 0.475268 0.474722 0.504584 0.472791 0.506249 0.567987 0.506275 0.648471 0.475268 0.474722 0.484868 0.566405 0.490615 0.645176
151 0.488424 0.346493 0.491941 0.478748 0.506732 0.477538 0.477150 0.479957 0.506732 0.477538 0.508859 0.574142 0.508039 0.652412 0.477150 0.479957 0.486122 0.573651 0.491265 0.641814
152 0.489930 0.351162 0.493871 0.483304 0.508628 0.482306 0.479115 0.484302 0.508628 0.482306 0.509809 0.575486 0.508044 0.664320 0.479115 0.484302 0.485833 0.570230 0.491061 0.643609
153 0.491226 0.357580 0.495802 0.491713 0.510768 0.490553 0.480837 0.492873 0.510768 0.490553 0.511692 0.588338 0.507764 0.675712 0.480837 0.492873 0.486185 0.569971 0.491043 0.640099
154 0.493113 0.363334 0.497203 0.497825 0.512341 0.496381 0.482065 0.499269 0.512341 0.496381 0.513313 0.591268 0.507315 0.683060 0.482065 0.499269 0.487718 0.579926 0.490947 0.631396
155 0.495113 0.367572 0.498689 0.502223 0.513640 0.500881 0.483737 0.503565 0.513640 0.500881 0.514635 0.590069 0.506817 0.681214 0.483737 0.503565 0.488659 0.585590 0.491192 0.632046
156 0.496870 0.371157 0.499791 0.506889 0.515042 0.505914 0.484540 0.507864 0.515042 0.505914 0.515999 0.594267 0.506682 0.682511 0.484540 0.507864 0.489943 0.591885 0.491159 0.632994
157 0.497996 0.375629 0.500431 0.511254 0.515641 0.511279 0.485221 0.511228 0.515641 0.511279 0.517708 0.602904 0.506879 0.683978 0.485221 0.511228 0.490275 0.592087 0.490756 0.638699
158 0.499012 0.382237 0.500784 0.518570 0.516207 0.519010 0.485361 0.518131 0.516207 0.519010 0.518271 0.608552 0.506738 0.683050 0.485361 0.518131 0.490999 0.591821 0.490736 0.656066
159 0.499869 0.389735 0.501208 0.528865 0.516523 0.528651 0.485893 0.529079 0.516523 0.528651 0.521526 0.623824 0.506444 0.687966 0.485893 0.529079 0.492357 0.618192 0.490328 0.680779
160 0.500264 0.399337 0.502009 0.539337 0.517251 0.538810 0.486767 0.539864 0.517251 0.538810 0.523587 0.635359 0.506412 0.687745 0.486767 0.539864 0.494022 0.627352 0.489150 0.695614
161 0.500631 0.408953 0.503224 0.551248 0.518017 0.550940 0.488431 0.551557 0.518017 0.550940 0.524294 0.652955 0.506542 0.684561 0.488431 0.551557 0.495338 0.634515 0.488149 0.710033
162 0.500519 0.420115 0.502701 0.558505 0.517627 0.558806 0.487775 0.558205 0.517627 0.558806 0.525783 0.659128 0.511521 0.684118 0.487775 0.558205 0.500449 0.639601 0.488224 0.712251
163 0.500097 0.438679 0.502142 0.572252 0.517065 0.571609 0.487219 0.572894 0.517065 0.571609 0.525954 0.666177 0.512508 0.681950 0.487219 0.572894 0.500730 0.656865 0.488358 0.717249
164 0.499858 0.454778 0.501867 0.587382 0.516821 0.586355 0.486913 0.588410 0.516821 0.586355 0.524991 0.697449 0.511595 0.695893 0.486913 0.588410 0.499489 0.668689 0.488145 0.725897
165 0.500013 0.474694 0.501737 0.606829 0.516627 0.605617 0.486847 0.608041 0.516627 0.605617 0.524178 0.722135 0.511250 0.730624 0.486847 0.608041 0.498292 0.698359 0.488074 0.741297
166 0.500350 0.490769 0.501609 0.628774 0.517195 0.627255 0.486022 0.630293 0.517195 0.627255 0.524161 0.753647 0.511410 0.731142 0.486022 0.630293 0.502866 0.743888 0.490983 0.736174
167 0.501619 0.513359 0.501691 0.640912 0.518004 0.637823 0.485378 0.644000 0.518004 0.637823 0.527540 0.755215 0.515259 0.715441 0.485378 0.644000 0.493605 0.755115 0.491220 0.718303
168 0.503446 0.531022 0.502761 0.648915 0.519571 0.644322 0.485951 0.653508 0.519571 0.644322 0.532410 0.751815 0.518304 0.722863 0.485951 0.653508 0.490346 0.766911 0.493441 0.723954
169 0.506316 0.558615 0.505419 0.652934 0.522490 0.648497 0.488348 0.657370 0.522490 0.648497 0.533722 0.754337 0.522812 0.721998 0.488348 0.657370 0.495778 0.774724 0.495429 0.725960
170 -1 -1 -1 -1 -1 -1 -1 -1 -1 -1 -1 -1 -1 -1 -1 -1 -1 -1 -1 -1
171 -1 -1 -1 -1 -1 -1 -1 -1 -1 -1 -1 -1 -1 -1 -1 -1 -1 -1 -1 -1
172 -1 -1 -1 -1 -1 -1 -1 -1 -1 -1 -1 -1 -1 -1 -1 -1 -1 -1 -1 -1
173 -1 -1 -1 -1 -1 -1 -1 -1 -1 -1 -1 -1 -1 -1 -1 -1 -1 -1 -1 -1
174 -1 -1 -1 -1 -1 -1 -1 -1 -1 -1 -1 -1 -1 -1 -1 -1 -1 -1 -1 -1
175 -1 -1 -1 -1 -1 -1 -1 -1 -1 -1 -1 -1 -1 -1 -1 -1 -1 -1 -1 -1
176 -1 -1 -1 -1 -1 -1 -1 -1 -1 -1 -1 -1 -1 -1 -1 -1 -1 -1 -1 -1
177 -1 -1 -1 -1 -1 -1 -1 -1 -1 -1 -1 -1 -1 -1 -1 -1 -1 -1 -1 -1
178 -1 -1 -1 -1 -1 -1 -1 -1 -1 -1 -1 -1 -1 -1 -1 -1 -1 -1 -1 -1
179 -1 -1 -1 -1 -1 -1 -1 -1 -1 -1 -1 -1 -1 -1 -1 -1 -1 -1 -1 -1
180 -1 -1 -1 -1 -1 -1 -1 -1 -1 -1 -1 -1 -1 -1 -1 -1 -1 -1 -1 -1
181 -1 -1 -1 -1 -1 -1 -1 -1 -1 -1 -1 -1 -1 -1 -1 -1 -1 -1 -1 -1
182 -1 -1 -1 -1 -1 -1 -1 -1 -1 -1 -1 -1 -1 -1 -1 -1 -1 -1 -1 -1
183 -1 -1 -1 -1 -1 -1 -1 -1 -1 -1 -1 -1 -1 -1 -1 -1 -1 -1 -1 -1
184 -1 -1 -1 -1 -1 -1 -1 -1 -1 -1 -1 -1 -1 -1 -1 -1 -1 -1 -1 -1
185 -1 -1 -1 -1 -1 -1 -1 -1 -1 -1 -1 -1 -1 -1 -1 -1 -1 -1 -1 -1
186 -1 -1 -1 -1 -1 -1 -1 -1 -1 -1 -1 -1 -1 -1 -1 -1 -1 -1 -1 -1
187 -1 -1 -1 -1 -1 -1 -1 -1 -1 -1 -1 -1 -1 -1 -1 -1 -1 -1 -1 -1
188 -1 -1 -1 -1 -1 -1 -1 -1 -1 -1 -1 -1 -1 -1 -1 -1 -1 -1 -1 -1
189 -1 -1 -1 -1 -1 -1 -1 -1 -1 -1 -1 -1 -1 -1 -1 -1 -1 -1 -1 -1
190 -1 -1 -1 -1 -1 -1 -1 -1 -1 -1 -1 -1 -1 -1 -1 -1 -1 -1 -1 -1
191 -1 -1 -1 -1 -1 -1 -1 -1 -1 -1 -1 -1 -1 -1 -1 -1 -1 -1 -1 -1
192 -1 -1 -1 -1 -1 -1 -1 -1 -1 -1 -1 -1 -1 -1 -1 -1 -1 -1 -1 -1
193 -1 -1 -1 -1 -1 -1 -1 -1 -1 -1 -1 -1 -1 -1 -1 -1 -1 -1 -1 -1
194 -1 -1 -1 -1 -1 -1 -1 -1 -1 -1 -1 -1 -1 -1 -1 -1 -1 -1 -1 -1
195 -1 -1 -1 -1 -1 -1 -1 -1 -1 -1 -1 -1 -1 -1 -1 -1 -1 -1 -1 -1
196 -1 -1 -1 -1 -1 -1 -1 -1 -1 -1 -1 -1 -1 -1 -1 -1 -1 -1 -1 -1
197 -1 -1 -1 -1 -1 -1 -1 -1 -1 -1 -1 -1 -1 -1 -1 -1 -1 -1 -1 -1
198 -1 -1 -1 -1 -1 -1 -1 -1 -1 -1 -1 -1 -1 -1 -1 -1 -1 -1 -1 -1
199 -1 -1 -1 -1 -1 -1 -1 -1 -1 -1 -1 -1 -1 -1 -1 -1 -1 -1 -1 -1
200 -1 -1 -1 -1 -1 -1 -1 -1 -1 -1 -1 -1 -1 -1 -1 -1 -1 -1 -1 -1
201 -1 -1 -1 -1 -1 -1 -1 -1 -1 -1 -1 -1 -1 -1 -1 -1 -1 -1 -1 -1
202 -1 -1 -1 -1 -1 -1 -1 -1 -1 -1 -1 -1 -1 -1 -1 -1 -1 -1 -1 -1
203 -1 -1 -1 -1 -1 -1 -1 -1 -1 -1 -1 -1 -1 -1 -1 -1 -1 -1 -1 -1
204 -1 -1 -1 -1 -1 -1 -1 -1 -1 -1 -1 -1 -1 -1 -1 -1 -1 -1 -1 -1
205 -1 -1 -1 -1 -1 -1 -1 -1 -1 -1 -1 -1 -1 -1 -1 -1 -1 -1 -1 -1
206 -1 -1 -1 -1 -1 -1 -1 -1 -1 -1 -1 -1 -1 -1 -1 -1 -1 -1 -1 -1
207 -1 -1 -1 -1 -1 -1 -1 -1 -1 -1 -1 -1 -1 -1 -1 -1 -1 -1 -1 -1
208 -1 -1 -1 -1 -1 -1 -1 -1 -1 -1 -1 -1 -1 -1 -1 -1 -1 -1 -1 -1
209 -1 -1 -1 -1 -1 -1 -1 -1 -1 -1 -1 -1 -1 -1 -1 -1 -1 -1 -1 -1
210 -1 -1 -1 -1 -1 -1 -1 -1 -1 -1 -1 -1 -1 -1 -1 -1 -1 -1 -1 -1
211 -1 -1 -1 -1 -1 -1 -1 -1 -1 -1 -1 -1 -1 -1 -1 -1 -1 -1 -1 -1
212 -1 -1 -1 -1 -1 -1 -1 -1 -1 -1 -1 -1 -1 -1 -1 -1 -1 -1 -1 -1
213 -1 -1 -1 -1 -1 -1 -1 -1 -1 -1 -1 -1 -1 -1 -1 -1 -1 -1 -1 -1
214 -1 -1 -1 -1 -1 -1 -1 -1 -1 -1 -1 -1 -1 -1 -1 -1 -1 -1 -1 -1
215 -1 -1 -1 -1 -1 -1 -1 -1 -1 -1 -1 -1 -1 -1 -1 -1 -1 -1 -1 -1
216 -1 -1 -1 -1 -1 -1 -1 -1 -1 -1 -1 -1 -1 -1 -1 -1 -1 -1 -1 -1
217 -1 -1 -1 -1 -1 -1 -1 -1 -1 -1 -1 -1 -1 -1 -1 -1 -1 -1 -1 -1
218 -1 -1 -1 -1 -1 -1 -1 -1 -1 -1 -1 -1 -1 -1 -1 -1 -1 -1 -1 -1
219 -1 -1 -1 -1 -1 -1 -1 -1 -1 -1 -1 -1 -1 -1 -1 -1 -1 -1 -1 -1
220 -1 -1 -1 -1 -1 -1 -1 -1 -1 -1 -1 -1 -1 -1 -1 -1 -1 -1 -1 -1
221 -1 -1 -1 -1 -1 -1 -1 -1 -1 -1 -1 -1 -1 -1 -1 -1 -1 -1 -1 -1
222 -1 -1 -1 -1 -1 -1 -1 -1 -1 -1 -1 -1 -1 -1 -1 -1 -1 -1 -1 -1
223 -1 -1 -1 -1 -1 -1 -1 -1 -1 -1 -1 -1 -1 -1 -1 -1 -1 -1 -1 -1
224 -1 -1 -1 -1 -1 -1 -1 -1 -1 -1 -1 -1 -1 -1 -1 -1 -1 -1 -1 -1
225 -1 -1 -1 -1 -1 -1 -1 -1 -1 -1 -1 -1 -1 -1 -1 -1 -1 -1 -1 -1
226 -1 -1 -1 -1 -1 -1 -1 -1 -1 -1 -1 -1 -1 -1 -1 -1 -1 -1 -1 -1
227 -1 -1 -1 -1 -1 -1 -1 -1 -1 -1 -1 -1 -1 -1 -1 -1 -1 -1 -1 -1
228 -1 -1 -1 -1 -1 -1 -1 -1 -1 -1 -1 -1 -1 -1 -1 -1 -1 -1 -1 -1
229 -1 -1 -1 -1 -1 -1 -1 -1 -1 -1 -1 -1 -1 -1 -1 -1 -1 -1 -1 -1
230 -1 -1 -1 -1 -1 -1 -1 -1 -1 -1 -1 -1 -1 -1 -1 -1 -1 -1 -1 -1
231 -1 -1 -1 -1 -1 -1 -1 -1 -1 -1 -1 -1 -1 -1 -1 -1 -1 -1 -1 -1
232 -1 -1 -1 -1 -1 -1 -1 -1 -1 -1 -1 -1 -1 -1 -1 -1 -1 -1 -1 -1
233 -1 -1 -1 -1 -1 -1 -1 -1 -1 -1 -1 -1 -1 -1 -1 -1 -1 -1 -1 -1
234 -1 -1 -1 -1 -1 -1 -1 -1 -1 -1 -1 -1 -1 -1 -1 -1 -1 -1 -1 -1
235 -1 -1 -1 -1 -1 -1 -1 -1 -1 -1 -1 -1 -1 -1 -1 -1 -1 -1 -1 -1
236 -1 -1 -1 -1 -1 -1 -1 -1 -1 -1 -1 -1 -1 -1 -1 -1 -1 -1 -1 -1
237 -1 -1 -1 -1 -1 -1 -1 -1 -1 -1 -1 -1 -1 -1 -1 -1 -1 -1 -1 -1
