129
161
0 -1 -1 -1 -1 -1 -1 -1 -1 -1 -1 -1 -1 -1 -1 -1 -1 -1 -1 -1 -1
1 0.922325 0.554398 0.925835 0.767458 0.934668 0.775595 0.917003 0.759322 0.934668 0.775595 0.916815 0.923464 0.918106 0.913330 0.917003 0.759322 0.871307 0.881035 0.922045 0.912969
2 0.917257 0.562587 0.912660 0.781847 0.932825 0.783306 0.892495 0.780387 0.932825 0.783306 0.940335 0.950983 0.918584 0.939972 0.892495 0.780387 0.855127 0.908261 0.898364 0.931401
3 0.922052 0.568488 0.910579 0.784805 0.932650 0.788548 0.888509 0.781062 0.932650 0.788548 0.936659 0.961435 0.915920 0.959503 0.888509 0.781062 0.853603 0.933711 0.895402 0.960395
4 0.917655 0.570672 0.907484 0.791914 0.930799 0.796210 0.884169 0.787618 0.930799 0.796210 0.918151 0.969757 0.912529 0.975014 0.884169 0.787618 0.852074 0.948232 0.892971 0.981791
5 0.913831 0.577834 0.902009 0.811433 0.929362 0.817846 0.874657 0.805020 0.929362 0.817846 0.905246 0.996320 0.908180 1.081374 0.874657 0.805020 0.834541 0.972426 0.870924 1.071292
6 -1 -1 -1 -1 -1 -1 -1 -1 -1 -1 -1 -1 -1 -1 -1 -1 -1 -1 -1 -1
7 -1 -1 -1 -1 -1 -1 -1 -1 -1 -1 -1 -1 -1 -1 -1 -1 -1 -1 -1 -1
8 -1 -1 -1 -1 -1 -1 -1 -1 -1 -1 -1 -1 -1 -1 -1 -1 -1 -1 -1 -1
9 -1 -1 -1 -1 -1 -1 -1 -1 -1 -1 -1 -1 -1 -1 -1 -1 -1 -1 -1 -1
10 -1 -1 -1 -1 -1 -1 -1 -1 -1 -1 -1 -1 -1 -1 -1 -1 -1 -1 -1 -1
11 -1 -1 -1 -1 -1 -1 -1 -1 -1 -1 -1 -1 -1 -1 -1 -1 -1 -1 -1 -1
12 -1 -1 -1 -1 -1 -1 -1 -1 -1 -1 -1 -1 -1 -1 -1 -1 -1 -1 -1 -1
13 -1 -1 -1 -1 -1 -1 -1 -1 -1 -1 -1 -1 -1 -1 -1 -1 -1 -1 -1 -1
14 -1 -1 -1 -1 -1 -1 -1 -1 -1 -1 -1 -1 -1 -1 -1 -1 -1 -1 -1 -1
15 -1 -1 -1 -1 -1 -1 -1 -1 -1 -1 -1 -1 -1 -1 -1 -1 -1 -1 -1 -1
16 -1 -1 -1 -1 -1 -1 -1 -1 -1 -1 -1 -1 -1 -1 -1 -1 -1 -1 -1 -1
17 -1 -1 -1 -1 -1 -1 -1 -1 -1 -1 -1 -1 -1 -1 -1 -1 -1 -1 -1 -1
18 -1 -1 -1 -1 -1 -1 -1 -1 -1 -1 -1 -1 -1 -1 -1 -1 -1 -1 -1 -1
19 -1 -1 -1 -1 -1 -1 -1 -1 -1 -1 -1 -1 -1 -1 -1 -1 -1 -1 -1 -1
20 -1 -1 -1 -1 -1 -1 -1 -1 -1 -1 -1 -1 -1 -1 -1 -1 -1 -1 -1 -1
21 -1 -1 -1 -1 -1 -1 -1 -1 -1 -1 -1 -1 -1 -1 -1 -1 -1 -1 -1 -1
22 -1 -1 -1 -1 -1 -1 -1 -1 -1 -1 -1 -1 -1 -1 -1 -1 -1 -1 -1 -1
23 -1 -1 -1 -1 -1 -1 -1 -1 -1 -1 -1 -1 -1 -1 -1 -1 -1 -1 -1 -1
24 -1 -1 -1 -1 -1 -1 -1 -1 -1 -1 -1 -1 -1 -1 -1 -1 -1 -1 -1 -1
25 -1 -1 -1 -1 -1 -1 -1 -1 -1 -1 -1 -1 -1 -1 -1 -1 -1 -1 -1 -1
26 -1 -1 -1 -1 -1 -1 -1 -1 -1 -1 -1 -1 -1 -1 -1 -1 -1 -1 -1 -1
27 -1 -1 -1 -1 -1 -1 -1 -1 -1 -1 -1 -1 -1 -1 -1 -1 -1 -1 -1 -1
28 -1 -1 -1 -1 -1 -1 -1 -1 -1 -1 -1 -1 -1 -1 -1 -1 -1 -1 -1 -1
29 -1 -1 -1 -1 -1 -1 -1 -1 -1 -1 -1 -1 -1 -1 -1 -1 -1 -1 -1 -1
30 -1 -1 -1 -1 -1 -1 -1 -1 -1 -1 -1 -1 -1 -1 -1 -1 -1 -1 -1 -1
31 -1 -1 -1 -1 -1 -1 -1 -1 -1 -1 -1 -1 -1 -1 -1 -1 -1 -1 -1 -1
32 -1 -1 -1 -1 -1 -1 -1 -1 -1 -1 -1 -1 -1 -1 -1 -1 -1 -1 -1 -1
33 -1 -1 -1 -1 -1 -1 -1 -1 -1 -1 -1 -1 -1 -1 -1 -1 -1 -1 -1 -1
34 -1 -1 -1 -1 -1 -1 -1 -1 -1 -1 -1 -1 -1 -1 -1 -1 -1 -1 -1 -1
35 -1 -1 -1 -1 -1 -1 -1 -1 -1 -1 -1 -1 -1 -1 -1 -1 -1 -1 -1 -1
36 -1 -1 -1 -1 -1 -1 -1 -1 -1 -1 -1 -1 -1 -1 -1 -1 -1 -1 -1 -1
37 -1 -1 -1 -1 -1 -1 -1 -1 -1 -1 -1 -1 -1 -1 -1 -1 -1 -1 -1 -1
38 -1 -1 -1 -1 -1 -1 -1 -1 -1 -1 -1 -1 -1 -1 -1 -1 -1 -1 -1 -1
39 -1 -1 -1 -1 -1 -1 -1 -1 -1 -1 -1 -1 -1 -1 -1 -1 -1 -1 -1 -1
40 -1 -1 -1 -1 -1 -1 -1 -1 -1 -1 -1 -1 -1 -1 -1 -1 -1 -1 -1 -1
41 -1 -1 -1 -1 -1 -1 -1 -1 -1 -1 -1 -1 -1 -1 -1 -1 -1 -1 -1 -1
42 -1 -1 -1 -1 -1 -1 -1 -1 -1 -1 -1 -1 -1 -1 -1 -1 -1 -1 -1 -1
43 -1 -1 -1 -1 -1 -1 -1 -1 -1 -1 -1 -1 -1 -1 -1 -1 -1 -1 -1 -1
44 -1 -1 -1 -1 -1 -1 -1 -1 -1 -1 -1 -1 -1 -1 -1 -1 -1 -1 -1 -1
45 -1 -1 -1 -1 -1 -1 -1 -1 -1 -1 -1 -1 -1 -1 -1 -1 -1 -1 -1 -1
46 -1 -1 -1 -1 -1 -1 -1 -1 -1 -1 -1 -1 -1 -1 -1 -1 -1 -1 -1 -1
47 -1 -1 -1 -1 -1 -1 -1 -1 -1 -1 -1 -1 -1 -1 -1 -1 -1 -1 -1 -1
48 -1 -1 -1 -1 -1 -1 -1 -1 -1 -1 -1 -1 -1 -1 -1 -1 -1 -1 -1 -1
49 -1 -1 -1 -1 -1 -1 -1 -1 -1 -1 -1 -1 -1 -1 -1 -1 -1 -1 -1 -1
50 -1 -1 -1 -1 -1 -1 -1 -1 -1 -1 -1 -1 -1 -1 -1 -1 -1 -1 -1 -1
51 -1 -1 -1 -1 -1 -1 -1 -1 -1 -1 -1 -1 -1 -1 -1 -1 -1 -1 -1 -1
52 -1 -1 -1 -1 -1 -1 -1 -1 -1 -1 -1 -1 -1 -1 -1 -1 -1 -1 -1 -1
53 -1 -1 -1 -1 -1 -1 -1 -1 -1 -1 -1 -1 -1 -1 -1 -1 -1 -1 -1 -1
54 -1 -1 -1 -1 -1 -1 -1 -1 -1 -1 -1 -1 -1 -1 -1 -1 -1 -1 -1 -1
55 0.350847 0.393666 0.348861 0.599796 0.321314 0.601960 0.376408 0.597633 0.321314 0.601960 0.301450 0.694603 0.286494 0.809688 0.376408 0.597633 0.364199 0.733294 0.358593 0.868378
56 0.343007 0.391914 0.343470 0.596886 0.316615 0.599600 0.370325 0.594172 0.316615 0.599600 0.298746 0.695620 0.279619 0.800133 0.370325 0.594172 0.357829 0.729367 0.356967 0.867370
57 0.335636 0.389641 0.335782 0.593636 0.307994 0.596274 0.363569 0.590997 0.307994 0.596274 0.293681 0.698890 0.275634 0.799307 0.363569 0.590997 0.352781 0.727019 0.355742 0.867095
58 0.324961 0.388352 0.328061 0.593472 0.299746 0.596473 0.356377 0.590471 0.299746 0.596473 0.289565 0.691889 0.276693 0.786821 0.356377 0.590471 0.345592 0.722338 0.355332 0.864362
59 0.319770 0.384349 0.321163 0.589156 0.292986 0.591649 0.349340 0.586663 0.292986 0.591649 0.283218 0.690676 0.275115 0.793530 0.349340 0.586663 0.337930 0.714587 0.354262 0.861424
60 0.315245 0.379875 0.314322 0.581600 0.287024 0.583372 0.341619 0.579828 0.287024 0.583372 0.277416 0.691446 0.274047 0.794856 0.341619 0.579828 0.330014 0.708704 0.351550 0.853857
61 0.309498 0.371183 0.309121 0.570639 0.282361 0.572297 0.335882 0.568982 0.282361 0.572297 0.275316 0.685007 0.272210 0.792149 0.335882 0.568982 0.322359 0.693849 0.346278 0.835302
62 0.304611 0.365607 0.306860 0.560925 0.281212 0.563697 0.332507 0.558154 0.281212 0.563697 0.276198 0.681671 0.275931 0.789483 0.332507 0.558154 0.317546 0.683603 0.336174 0.808486
63 0.301252 0.359779 0.302634 0.546991 0.280328 0.549554 0.324941 0.544428 0.280328 0.549554 0.277561 0.681534 0.276917 0.792679 0.324941 0.544428 0.311703 0.677127 0.325821 0.788676
64 0.296034 0.353382 0.299374 0.539852 0.279166 0.539974 0.319583 0.539729 0.279166 0.539974 0.278446 0.677736 0.278207 0.793556 0.319583 0.539729 0.307106 0.668382 0.316262 0.777046
65 0.291835 0.347421 0.297164 0.532557 0.277658 0.533782 0.316671 0.531332 0.277658 0.533782 0.276927 0.667908 0.277412 0.785004 0.316671 0.531332 0.303362 0.660543 0.305349 0.767807
66 0.287978 0.345450 0.289920 0.531286 0.269336 0.530874 0.310504 0.531697 0.269336 0.530874 0.277486 0.659324 0.278939 0.776813 0.310504 0.531697 0.297172 0.654045 0.297485 0.761898
67 0.284966 0.343823 0.289505 0.531924 0.270835 0.532766 0.308174 0.531082 0.270835 0.532766 0.273071 0.662423 0.276510 0.775474 0.308174 0.531082 0.297270 0.651295 0.295575 0.754598
68 0.283014 0.343307 0.287677 0.531678 0.267760 0.533225 0.307595 0.530131 0.267760 0.533225 0.270309 0.660124 0.274354 0.775273 0.307595 0.530131 0.296210 0.641939 0.293928 0.747423
69 0.280972 0.342311 0.286590 0.529642 0.266255 0.532045 0.306926 0.527238 0.266255 0.532045 0.271437 0.655083 0.271431 0.772899 0.306926 0.527238 0.294352 0.635858 0.297428 0.738489
70 0.279202 0.341141 0.283930 0.530663 0.264942 0.533578 0.302918 0.527748 0.264942 0.533578 0.272081 0.656047 0.270440 0.767571 0.302918 0.527748 0.292204 0.637891 0.294693 0.737087
71 0.278080 0.339267 0.282319 0.527687 0.265148 0.530180 0.299489 0.525193 0.265148 0.530180 0.263133 0.650372 0.269520 0.763822 0.299489 0.525193 0.289948 0.630923 0.282535 0.736297
72 0.277998 0.338198 0.281799 0.526887 0.263187 0.528876 0.300411 0.524898 0.263187 0.528876 0.266495 0.653529 0.269813 0.763569 0.300411 0.524898 0.289966 0.630396 0.279872 0.736796
73 0.278233 0.336155 0.281561 0.523700 0.260417 0.526218 0.302704 0.521182 0.260417 0.526218 0.262237 0.643977 0.270324 0.764255 0.302704 0.521182 0.290921 0.617615 0.285994 0.724679
74 0.277844 0.332853 0.282054 0.518253 0.260077 0.521161 0.304030 0.515346 0.260077 0.521161 0.263633 0.641755 0.270746 0.756800 0.304030 0.515346 0.290553 0.615544 0.286775 0.725089
75 0.278370 0.328316 0.283099 0.511082 0.261130 0.512956 0.305068 0.509208 0.261130 0.512956 0.265443 0.639780 0.269583 0.760568 0.305068 0.509208 0.291519 0.609502 0.288169 0.718857
76 0.278464 0.323993 0.283866 0.505295 0.262081 0.506340 0.305650 0.504249 0.262081 0.506340 0.263006 0.622774 0.270011 0.754095 0.305650 0.504249 0.291934 0.603089 0.288319 0.710622
77 0.278574 0.320173 0.284330 0.496910 0.262743 0.497068 0.305918 0.496752 0.262743 0.497068 0.260684 0.605958 0.270011 0.729506 0.305918 0.496752 0.292391 0.598204 0.287763 0.703037
78 0.278749 0.316416 0.284879 0.493995 0.263260 0.493677 0.306497 0.494313 0.263260 0.493677 0.261792 0.597917 0.270220 0.706635 0.306497 0.494313 0.293514 0.592418 0.287937 0.694690
79 0.278831 0.313405 0.285250 0.489095 0.263576 0.488818 0.306923 0.489373 0.263576 0.488818 0.262225 0.590654 0.270253 0.694006 0.306923 0.489373 0.294354 0.586727 0.288196 0.689888
80 0.279058 0.311509 0.285998 0.484670 0.264468 0.484353 0.307527 0.484988 0.264468 0.484353 0.262352 0.585033 0.270382 0.686477 0.307527 0.484988 0.295089 0.581668 0.287780 0.685932
81 0.279071 0.308599 0.286210 0.477631 0.264773 0.476983 0.307646 0.478280 0.264773 0.476983 0.264055 0.579752 0.270395 0.683860 0.307646 0.478280 0.296256 0.578423 0.285705 0.688242
82 0.279064 0.305685 0.286594 0.473728 0.265117 0.473070 0.308071 0.474386 0.265117 0.473070 0.265135 0.580958 0.269531 0.685121 0.308071 0.474386 0.297841 0.577300 0.284359 0.689079
83 0.279070 0.303013 0.287149 0.471103 0.265400 0.469747 0.308898 0.472460 0.265400 0.469747 0.266810 0.577199 0.268579 0.684052 0.308898 0.472460 0.298023 0.576007 0.283898 0.690399
84 0.279283 0.301665 0.287439 0.469197 0.265915 0.468714 0.308963 0.469680 0.265915 0.468714 0.268719 0.579647 0.268720 0.687103 0.308963 0.469680 0.298036 0.578123 0.283998 0.693040
85 0.279093 0.300169 0.287466 0.466404 0.265963 0.465685 0.308970 0.467123 0.265963 0.465685 0.268623 0.577603 0.268809 0.680709 0.308970 0.467123 0.298039 0.578475 0.284323 0.694478
86 0.278642 0.298108 0.287355 0.466345 0.266025 0.465750 0.308685 0.466939 0.266025 0.465750 0.268030 0.577192 0.269433 0.677996 0.308685 0.466939 0.297700 0.578819 0.284540 0.694830
87 0.278737 0.297417 0.287151 0.463003 0.266070 0.462566 0.308231 0.463440 0.266070 0.462566 0.268028 0.574716 0.271796 0.677891 0.308231 0.463440 0.297188 0.576754 0.284609 0.694148
88 0.278868 0.295567 0.286402 0.457083 0.266093 0.456967 0.306711 0.457199 0.266093 0.456967 0.269015 0.567935 0.274495 0.679134 0.306711 0.457199 0.296515 0.568857 0.284748 0.693655
89 0.279705 0.294125 0.285447 0.453385 0.266119 0.452944 0.304776 0.453825 0.266119 0.452944 0.269413 0.562519 0.276178 0.676334 0.304776 0.453825 0.295414 0.560044 0.284836 0.689934
90 0.280931 0.292576 0.284659 0.449937 0.266150 0.448838 0.303167 0.451035 0.266150 0.448838 0.271114 0.557458 0.275922 0.666690 0.303167 0.451035 0.294994 0.558420 0.283203 0.688247
91 0.282327 0.290258 0.284584 0.444530 0.267190 0.441123 0.301978 0.447937 0.267190 0.441123 0.273764 0.551605 0.275889 0.661919 0.301978 0.447937 0.294198 0.553332 0.280626 0.676334
92 0.283989 0.288481 0.284617 0.441691 0.267753 0.437975 0.301482 0.445408 0.267753 0.437975 0.275180 0.543038 0.275823 0.647534 0.301482 0.445408 0.294536 0.549764 0.277066 0.667064
93 0.285355 0.286242 0.284780 0.439830 0.268348 0.436425 0.301212 0.443234 0.268348 0.436425 0.275411 0.539123 0.275709 0.642345 0.301212 0.443234 0.296579 0.543359 0.276832 0.658901
94 0.287215 0.285507 0.284717 0.438113 0.268339 0.435871 0.301095 0.440356 0.268339 0.435871 0.275015 0.538100 0.275188 0.643953 0.301095 0.440356 0.302200 0.543994 0.277121 0.650605
95 0.288877 0.285262 0.284633 0.437581 0.268479 0.436858 0.300786 0.438305 0.268479 0.436858 0.278044 0.533314 0.275144 0.643235 0.300786 0.438305 0.306764 0.537794 0.277629 0.649563
96 0.291822 0.283066 0.285514 0.437822 0.271395 0.437644 0.299633 0.438001 0.271395 0.437644 0.279033 0.532150 0.275046 0.641232 0.299633 0.438001 0.312359 0.534981 0.279258 0.646612
97 0.294709 0.282107 0.288346 0.438731 0.277948 0.438378 0.298743 0.439083 0.277948 0.438378 0.278566 0.535882 0.274860 0.641122 0.298743 0.439083 0.314380 0.539131 0.282578 0.648130
98 0.297477 0.281361 0.290951 0.439487 0.282901 0.438612 0.299000 0.440361 0.282901 0.438612 0.282410 0.537570 0.275557 0.643560 0.299000 0.440361 0.314213 0.540592 0.294949 0.650038
99 0.301396 0.278621 0.294279 0.438869 0.288930 0.438492 0.299627 0.439246 0.288930 0.438492 0.285099 0.536084 0.278235 0.643218 0.299627 0.439246 0.318515 0.540511 0.307061 0.651789
100 0.303355 0.278465 0.296464 0.439445 0.290762 0.438865 0.302165 0.440024 0.290762 0.438865 0.284367 0.536959 0.277880 0.643170 0.302165 0.440024 0.321766 0.540910 0.322998 0.652345
101 0.306453 0.279182 0.300473 0.441468 0.294512 0.440702 0.306435 0.442235 0.294512 0.440702 0.283727 0.537485 0.277639 0.643683 0.306435 0.442235 0.323319 0.548035 0.334425 0.656977
102 0.310371 0.279977 0.305626 0.444614 0.300507 0.443560 0.310745 0.445668 0.300507 0.443560 0.284574 0.538483 0.277479 0.643944 0.310745 0.445668 0.326896 0.555803 0.342796 0.660736
103 0.313427 0.282485 0.309217 0.449425 0.302757 0.447123 0.315677 0.451727 0.302757 0.447123 0.288248 0.540362 0.277069 0.643609 0.315677 0.451727 0.333780 0.560533 0.349936 0.662633
104 0.318810 0.286810 0.318421 0.454656 0.317149 0.452258 0.319694 0.457054 0.317149 0.452258 0.297028 0.541902 0.276888 0.641542 0.319694 0.457054 0.338884 0.561753 0.352972 0.664164
105 0.322395 0.290646 0.324671 0.457233 0.326669 0.455221 0.322672 0.459244 0.326669 0.455221 0.306024 0.541972 0.277050 0.638963 0.322672 0.459244 0.339984 0.560162 0.354607 0.664484
106 0.326280 0.292523 0.330431 0.455979 0.332837 0.453948 0.328024 0.458011 0.332837 0.453948 0.311386 0.541696 0.278121 0.636984 0.328024 0.458011 0.345567 0.559419 0.354951 0.664771
107 0.331173 0.294379 0.335065 0.454192 0.340246 0.451455 0.329884 0.456929 0.340246 0.451455 0.319944 0.540316 0.281331 0.627299 0.329884 0.456929 0.349051 0.556843 0.352937 0.664526
108 0.336972 0.295541 0.340611 0.452985 0.349746 0.450507 0.331477 0.455462 0.349746 0.450507 0.331549 0.542415 0.288408 0.616578 0.331477 0.455462 0.353748 0.556656 0.352780 0.663473
109 0.341661 0.296540 0.347947 0.452524 0.359455 0.450363 0.336439 0.454685 0.359455 0.450363 0.346454 0.547265 0.297889 0.612313 0.336439 0.454685 0.356515 0.556441 0.351517 0.659023
110 0.346549 0.296775 0.353916 0.452818 0.367079 0.451196 0.340753 0.454440 0.367079 0.451196 0.359199 0.551868 0.308934 0.610592 0.340753 0.454440 0.353782 0.560376 0.351717 0.660507
111 0.350204 0.298108 0.358094 0.456826 0.372246 0.456292 0.343941 0.457359 0.372246 0.456292 0.370517 0.559256 0.320086 0.612084 0.343941 0.457359 0.353839 0.568809 0.350698 0.660063
112 0.353981 0.298607 0.362844 0.459373 0.377408 0.458746 0.348279 0.460000 0.377408 0.458746 0.382068 0.561647 0.336735 0.615585 0.348279 0.460000 0.357703 0.572243 0.352835 0.661845
113 0.357774 0.298661 0.367300 0.459053 0.382044 0.458166 0.352555 0.459940 0.382044 0.458166 0.390328 0.559205 0.353347 0.620220 0.352555 0.459940 0.362703 0.569690 0.356077 0.660965
114 0.364992 0.301151 0.373610 0.464007 0.391358 0.463374 0.355862 0.464640 0.391358 0.463374 0.396727 0.567204 0.373322 0.637415 0.355862 0.464640 0.361715 0.572725 0.354120 0.660223
115 0.368986 0.303571 0.379612 0.469978 0.397587 0.468786 0.361638 0.471169 0.397587 0.468786 0.403268 0.576385 0.390753 0.653520 0.361638 0.471169 0.363045 0.578156 0.353499 0.660777
116 0.375973 0.306055 0.384082 0.472001 0.402915 0.471033 0.365249 0.472969 0.402915 0.471033 0.409521 0.582014 0.407280 0.666698 0.365249 0.472969 0.366201 0.580121 0.353048 0.659363
117 0.382822 0.311430 0.387998 0.473737 0.407251 0.473050 0.368744 0.474424 0.407251 0.473050 0.416035 0.586099 0.421816 0.679914 0.368744 0.474424 0.369711 0.580846 0.352914 0.657148
118 0.389499 0.313535 0.391915 0.474449 0.411540 0.474460 0.372289 0.474438 0.411540 0.474460 0.421465 0.590705 0.431275 0.690713 0.372289 0.474438 0.374222 0.580584 0.353667 0.657364
119 0.398708 0.315978 0.397781 0.476255 0.418664 0.476642 0.376898 0.475868 0.418664 0.476642 0.425800 0.592698 0.440546 0.705795 0.376898 0.475868 0.378046 0.581580 0.354638 0.656668
120 0.406199 0.321237 0.403020 0.482548 0.423947 0.483846 0.382093 0.481249 0.423947 0.483846 0.430108 0.600411 0.443092 0.724629 0.382093 0.481249 0.381272 0.586791 0.356170 0.656043
121 0.413567 0.329320 0.408069 0.490488 0.428759 0.491776 0.387380 0.489200 0.428759 0.491776 0.433245 0.609764 0.442108 0.715023 0.387380 0.489200 0.386576 0.597563 0.360499 0.654693
122 0.420458 0.337872 0.414386 0.499457 0.434875 0.500549 0.393898 0.498365 0.434875 0.500549 0.436401 0.615820 0.439559 0.711385 0.393898 0.498365 0.393783 0.609290 0.367185 0.654219
123 0.427373 0.349256 0.420083 0.511309 0.440496 0.512651 0.399671 0.509966 0.440496 0.512651 0.439405 0.626791 0.439404 0.717980 0.399671 0.509966 0.398603 0.618030 0.377436 0.651833
124 0.433988 0.356478 0.423782 0.513243 0.444632 0.515146 0.402932 0.511341 0.444632 0.515146 0.439126 0.626708 0.439717 0.724033 0.402932 0.511341 0.399497 0.619616 0.385137 0.649679
125 0.440148 0.365254 0.427082 0.518104 0.448527 0.520476 0.405638 0.515732 0.448527 0.520476 0.438151 0.630195 0.440165 0.719749 0.405638 0.515732 0.401252 0.617452 0.395060 0.654075
126 0.445852 0.374783 0.429536 0.522117 0.451737 0.524534 0.407335 0.519700 0.451737 0.524534 0.437308 0.634818 0.439498 0.717680 0.407335 0.519700 0.402318 0.627663 0.404133 0.676074
127 0.450626 0.384643 0.433715 0.532129 0.455278 0.534656 0.412151 0.529603 0.455278 0.534656 0.436282 0.643882 0.438340 0.716261 0.412151 0.529603 0.403114 0.638445 0.409911 0.698152
128 0.453986 0.397216 0.436369 0.548157 0.458069 0.551335 0.414669 0.544978 0.458069 0.551335 0.435840 0.655274 0.436674 0.717515 0.414669 0.544978 0.402045 0.649826 0.414141 0.706786
129 0.457457 0.416488 0.438039 0.565916 0.459537 0.569465 0.416542 0.562368 0.459537 0.569465 0.435398 0.667317 0.435552 0.736164 0.416542 0.562368 0.400211 0.658944 0.420718 0.707339
130 0.460801 0.432803 0.440463 0.576961 0.461634 0.581111 0.419292 0.572812 0.461634 0.581111 0.437376 0.667732 0.435221 0.728895 0.419292 0.572812 0.399639 0.662583 0.423317 0.704792
131 0.462484 0.458090 0.442104 0.594142 0.462765 0.599798 0.421442 0.588486 0.462765 0.599798 0.438903 0.672011 0.421532 0.727045 0.421442 0.588486 0.399275 0.669043 0.433908 0.705509
132 0.465679 0.476159 0.445019 0.605863 0.466606 0.611868 0.423432 0.599859 0.466606 0.611868 0.440890 0.688269 0.427155 0.727995 0.423432 0.599859 0.399081 0.681180 0.423176 0.703797
133 0.467002 0.495785 0.448602 0.617134 0.470421 0.622638 0.426783 0.611630 0.470421 0.622638 0.443217 0.699814 0.427126 0.731764 0.426783 0.611630 0.398930 0.692453 0.422741 0.714633
134 0.472570 0.519831 0.449454 0.632442 0.470848 0.640261 0.428060 0.624623 0.470848 0.640261 0.443498 0.718889 0.423317 0.725806 0.428060 0.624623 0.396929 0.711564 0.418145 0.709431
135 0.476930 0.550462 0.453087 0.647772 0.474912 0.655327 0.431263 0.640217 0.474912 0.655327 0.438343 0.738369 0.423783 0.726770 0.431263 0.640217 0.396877 0.717988 0.411111 0.707362
136 0.481789 0.579799 0.456095 0.662797 0.478806 0.666896 0.433384 0.658699 0.478806 0.666896 0.483741 0.730044 0.445712 0.749286 0.433384 0.658699 0.398608 0.725265 0.416365 0.735485
137 0.490465 0.609453 0.464008 0.669726 0.484664 0.679655 0.443351 0.659798 0.484664 0.679655 0.448301 0.762694 0.445417 0.740651 0.443351 0.659798 0.398419 0.730257 0.415366 0.732892
138 0.499012 0.636799 0.470232 0.684983 0.490877 0.698916 0.449586 0.671051 0.490877 0.698916 0.456365 0.798130 0.455821 0.749531 0.449586 0.671051 0.398286 0.741024 0.421028 0.730416
139 0.504629 0.661343 0.474205 0.702444 0.495332 0.716751 0.453079 0.688138 0.495332 0.716751 0.468972 0.800459 0.456667 0.759448 0.453079 0.688138 0.399299 0.748255 0.428274 0.730812
140 0.509559 0.673464 0.474608 0.710871 0.498163 0.716767 0.451053 0.704975 0.498163 0.716767 0.480764 0.780996 0.457140 0.774573 0.451053 0.704975 0.403119 0.752146 0.433625 0.758707
141 -1 -1 -1 -1 -1 -1 -1 -1 -1 -1 -1 -1 -1 -1 -1 -1 -1 -1 -1 -1
142 -1 -1 -1 -1 -1 -1 -1 -1 -1 -1 -1 -1 -1 -1 -1 -1 -1 -1 -1 -1
143 -1 -1 -1 -1 -1 -1 -1 -1 -1 -1 -1 -1 -1 -1 -1 -1 -1 -1 -1 -1
144 -1 -1 -1 -1 -1 -1 -1 -1 -1 -1 -1 -1 -1 -1 -1 -1 -1 -1 -1 -1
145 -1 -1 -1 -1 -1 -1 -1 -1 -1 -1 -1 -1 -1 -1 -1 -1 -1 -1 -1 -1
146 -1 -1 -1 -1 -1 -1 -1 -1 -1 -1 -1 -1 -1 -1 -1 -1 -1 -1 -1 -1
147 -1 -1 -1 -1 -1 -1 -1 -1 -1 -1 -1 -1 -1 -1 -1 -1 -1 -1 -1 -1
148 -1 -1 -1 -1 -1 -1 -1 -1 -1 -1 -1 -1 -1 -1 -1 -1 -1 -1 -1 -1
149 -1 -1 -1 -1 -1 -1 -1 -1 -1 -1 -1 -1 -1 -1 -1 -1 -1 -1 -1 -1
150 -1 -1 -1 -1 -1 -1 -1 -1 -1 -1 -1 -1 -1 -1 -1 -1 -1 -1 -1 -1
151 -1 -1 -1 -1 -1 -1 -1 -1 -1 -1 -1 -1 -1 -1 -1 -1 -1 -1 -1 -1
152 -1 -1 -1 -1 -1 -1 -1 -1 -1 -1 -1 -1 -1 -1 -1 -1 -1 -1 -1 -1
153 -1 -1 -1 -1 -1 -1 -1 -1 -1 -1 -1 -1 -1 -1 -1 -1 -1 -1 -1 -1
154 -1 -1 -1 -1 -1 -1 -1 -1 -1 -1 -1 -1 -1 -1 -1 -1 -1 -1 -1 -1
155 -1 -1 -1 -1 -1 -1 -1 -1 -1 -1 -1 -1 -1 -1 -1 -1 -1 -1 -1 -1
156 -1 -1 -1 -1 -1 -1 -1 -1 -1 -1 -1 -1 -1 -1 -1 -1 -1 -1 -1 -1
157 -1 -1 -1 -1 -1 -1 -1 -1 -1 -1 -1 -1 -1 -1 -1 -1 -1 -1 -1 -1
158 -1 -1 -1 -1 -1 -1 -1 -1 -1 -1 -1 -1 -1 -1 -1 -1 -1 -1 -1 -1
159 -1 -1 -1 -1 -1 -1 -1 -1 -1 -1 -1 -1 -1 -1 -1 -1 -1 -1 -1 -1
160 -1 -1 -1 -1 -1 -1 -1 -1 -1 -1 -1 -1 -1 -1 -1 -1 -1 -1 -1 -1
161 -1 -1 -1 -1 -1 -1 -1 -1 -1 -1 -1 -1 -1 -1 -1 -1 -1 -1 -1 -1
162 -1 -1 -1 -1 -1 -1 -1 -1 -1 -1 -1 -1 -1 -1 -1 -1 -1 -1 -1 -1
163 -1 -1 -1 -1 -1 -1 -1 -1 -1 -1 -1 -1 -1 -1 -1 -1 -1 -1 -1 -1
164 0.664231 0.829058 0.547996 0.776894 0.542600 0.805810 0.553393 0.747977 0.542600 0.805810 0.455472 0.782559 0.447932 0.742334 0.553393 0.747977 0.476318 0.738816 0.436245 0.720988
165 0.665531 0.829641 0.547770 0.773950 0.542781 0.801705 0.552759 0.746196 0.542781 0.801705 0.463488 0.780433 0.442917 0.743807 0.552759 0.746196 0.476277 0.740190 0.427038 0.722503
166 -1 -1 -1 -1 -1 -1 -1 -1 -1 -1 -1 -1 -1 -1 -1 -1 -1 -1 -1 -1
167 -1 -1 -1 -1 -1 -1 -1 -1 -1 -1 -1 -1 -1 -1 -1 -1 -1 -1 -1 -1
168 -1 -1 -1 -1 -1 -1 -1 -1 -1 -1 -1 -1 -1 -1 -1 -1 -1 -1 -1 -1
169 -1 -1 -1 -1 -1 -1 -1 -1 -1 -1 -1 -1 -1 -1 -1 -1 -1 -1 -1 -1
170 -1 -1 -1 -1 -1 -1 -1 -1 -1 -1 -1 -1 -1 -1 -1 -1 -1 -1 -1 -1
171 -1 -1 -1 -1 -1 -1 -1 -1 -1 -1 -1 -1 -1 -1 -1 -1 -1 -1 -1 -1
172 -1 -1 -1 -1 -1 -1 -1 -1 -1 -1 -1 -1 -1 -1 -1 -1 -1 -1 -1 -1
173 -1 -1 -1 -1 -1 -1 -1 -1 -1 -1 -1 -1 -1 -1 -1 -1 -1 -1 -1 -1
174 -1 -1 -1 -1 -1 -1 -1 -1 -1 -1 -1 -1 -1 -1 -1 -1 -1 -1 -1 -1
175 -1 -1 -1 -1 -1 -1 -1 -1 -1 -1 -1 -1 -1 -1 -1 -1 -1 -1 -1 -1
176 -1 -1 -1 -1 -1 -1 -1 -1 -1 -1 -1 -1 -1 -1 -1 -1 -1 -1 -1 -1
177 -1 -1 -1 -1 -1 -1 -1 -1 -1 -1 -1 -1 -1 -1 -1 -1 -1 -1 -1 -1
178 -1 -1 -1 -1 -1 -1 -1 -1 -1 -1 -1 -1 -1 -1 -1 -1 -1 -1 -1 -1
179 -1 -1 -1 -1 -1 -1 -1 -1 -1 -1 -1 -1 -1 -1 -1 -1 -1 -1 -1 -1
180 -1 -1 -1 -1 -1 -1 -1 -1 -1 -1 -1 -1 -1 -1 -1 -1 -1 -1 -1 -1
