130
141
0 -1 -1 -1 -1 -1 -1 -1 -1 -1 -1 -1 -1 -1 -1 -1 -1 -1 -1 -1 -1
1 -1 -1 -1 -1 -1 -1 -1 -1 -1 -1 -1 -1 -1 -1 -1 -1 -1 -1 -1 -1
2 -1 -1 -1 -1 -1 -1 -1 -1 -1 -1 -1 -1 -1 -1 -1 -1 -1 -1 -1 -1
3 -1 -1 -1 -1 -1 -1 -1 -1 -1 -1 -1 -1 -1 -1 -1 -1 -1 -1 -1 -1
4 -1 -1 -1 -1 -1 -1 -1 -1 -1 -1 -1 -1 -1 -1 -1 -1 -1 -1 -1 -1
5 -1 -1 -1 -1 -1 -1 -1 -1 -1 -1 -1 -1 -1 -1 -1 -1 -1 -1 -1 -1
6 -1 -1 -1 -1 -1 -1 -1 -1 -1 -1 -1 -1 -1 -1 -1 -1 -1 -1 -1 -1
7 -1 -1 -1 -1 -1 -1 -1 -1 -1 -1 -1 -1 -1 -1 -1 -1 -1 -1 -1 -1
8 -1 -1 -1 -1 -1 -1 -1 -1 -1 -1 -1 -1 -1 -1 -1 -1 -1 -1 -1 -1
9 -1 -1 -1 -1 -1 -1 -1 -1 -1 -1 -1 -1 -1 -1 -1 -1 -1 -1 -1 -1
10 -1 -1 -1 -1 -1 -1 -1 -1 -1 -1 -1 -1 -1 -1 -1 -1 -1 -1 -1 -1
11 -1 -1 -1 -1 -1 -1 -1 -1 -1 -1 -1 -1 -1 -1 -1 -1 -1 -1 -1 -1
12 -1 -1 -1 -1 -1 -1 -1 -1 -1 -1 -1 -1 -1 -1 -1 -1 -1 -1 -1 -1
13 -1 -1 -1 -1 -1 -1 -1 -1 -1 -1 -1 -1 -1 -1 -1 -1 -1 -1 -1 -1
14 -1 -1 -1 -1 -1 -1 -1 -1 -1 -1 -1 -1 -1 -1 -1 -1 -1 -1 -1 -1
15 -1 -1 -1 -1 -1 -1 -1 -1 -1 -1 -1 -1 -1 -1 -1 -1 -1 -1 -1 -1
16 -1 -1 -1 -1 -1 -1 -1 -1 -1 -1 -1 -1 -1 -1 -1 -1 -1 -1 -1 -1
17 -1 -1 -1 -1 -1 -1 -1 -1 -1 -1 -1 -1 -1 -1 -1 -1 -1 -1 -1 -1
18 -1 -1 -1 -1 -1 -1 -1 -1 -1 -1 -1 -1 -1 -1 -1 -1 -1 -1 -1 -1
19 -1 -1 -1 -1 -1 -1 -1 -1 -1 -1 -1 -1 -1 -1 -1 -1 -1 -1 -1 -1
20 -1 -1 -1 -1 -1 -1 -1 -1 -1 -1 -1 -1 -1 -1 -1 -1 -1 -1 -1 -1
21 -1 -1 -1 -1 -1 -1 -1 -1 -1 -1 -1 -1 -1 -1 -1 -1 -1 -1 -1 -1
22 -1 -1 -1 -1 -1 -1 -1 -1 -1 -1 -1 -1 -1 -1 -1 -1 -1 -1 -1 -1
23 -1 -1 -1 -1 -1 -1 -1 -1 -1 -1 -1 -1 -1 -1 -1 -1 -1 -1 -1 -1
24 -1 -1 -1 -1 -1 -1 -1 -1 -1 -1 -1 -1 -1 -1 -1 -1 -1 -1 -1 -1
25 -1 -1 -1 -1 -1 -1 -1 -1 -1 -1 -1 -1 -1 -1 -1 -1 -1 -1 -1 -1
26 -1 -1 -1 -1 -1 -1 -1 -1 -1 -1 -1 -1 -1 -1 -1 -1 -1 -1 -1 -1
27 -1 -1 -1 -1 -1 -1 -1 -1 -1 -1 -1 -1 -1 -1 -1 -1 -1 -1 -1 -1
28 -1 -1 -1 -1 -1 -1 -1 -1 -1 -1 -1 -1 -1 -1 -1 -1 -1 -1 -1 -1
29 -1 -1 -1 -1 -1 -1 -1 -1 -1 -1 -1 -1 -1 -1 -1 -1 -1 -1 -1 -1
30 -1 -1 -1 -1 -1 -1 -1 -1 -1 -1 -1 -1 -1 -1 -1 -1 -1 -1 -1 -1
31 -1 -1 -1 -1 -1 -1 -1 -1 -1 -1 -1 -1 -1 -1 -1 -1 -1 -1 -1 -1
32 -1 -1 -1 -1 -1 -1 -1 -1 -1 -1 -1 -1 -1 -1 -1 -1 -1 -1 -1 -1
33 -1 -1 -1 -1 -1 -1 -1 -1 -1 -1 -1 -1 -1 -1 -1 -1 -1 -1 -1 -1
34 -1 -1 -1 -1 -1 -1 -1 -1 -1 -1 -1 -1 -1 -1 -1 -1 -1 -1 -1 -1
35 -1 -1 -1 -1 -1 -1 -1 -1 -1 -1 -1 -1 -1 -1 -1 -1 -1 -1 -1 -1
36 -1 -1 -1 -1 -1 -1 -1 -1 -1 -1 -1 -1 -1 -1 -1 -1 -1 -1 -1 -1
37 -1 -1 -1 -1 -1 -1 -1 -1 -1 -1 -1 -1 -1 -1 -1 -1 -1 -1 -1 -1
38 -1 -1 -1 -1 -1 -1 -1 -1 -1 -1 -1 -1 -1 -1 -1 -1 -1 -1 -1 -1
39 -1 -1 -1 -1 -1 -1 -1 -1 -1 -1 -1 -1 -1 -1 -1 -1 -1 -1 -1 -1
40 -1 -1 -1 -1 -1 -1 -1 -1 -1 -1 -1 -1 -1 -1 -1 -1 -1 -1 -1 -1
41 -1 -1 -1 -1 -1 -1 -1 -1 -1 -1 -1 -1 -1 -1 -1 -1 -1 -1 -1 -1
42 -1 -1 -1 -1 -1 -1 -1 -1 -1 -1 -1 -1 -1 -1 -1 -1 -1 -1 -1 -1
43 -1 -1 -1 -1 -1 -1 -1 -1 -1 -1 -1 -1 -1 -1 -1 -1 -1 -1 -1 -1
44 -1 -1 -1 -1 -1 -1 -1 -1 -1 -1 -1 -1 -1 -1 -1 -1 -1 -1 -1 -1
45 -1 -1 -1 -1 -1 -1 -1 -1 -1 -1 -1 -1 -1 -1 -1 -1 -1 -1 -1 -1
46 -1 -1 -1 -1 -1 -1 -1 -1 -1 -1 -1 -1 -1 -1 -1 -1 -1 -1 -1 -1
47 -1 -1 -1 -1 -1 -1 -1 -1 -1 -1 -1 -1 -1 -1 -1 -1 -1 -1 -1 -1
48 -1 -1 -1 -1 -1 -1 -1 -1 -1 -1 -1 -1 -1 -1 -1 -1 -1 -1 -1 -1
49 -1 -1 -1 -1 -1 -1 -1 -1 -1 -1 -1 -1 -1 -1 -1 -1 -1 -1 -1 -1
50 -1 -1 -1 -1 -1 -1 -1 -1 -1 -1 -1 -1 -1 -1 -1 -1 -1 -1 -1 -1
51 -1 -1 -1 -1 -1 -1 -1 -1 -1 -1 -1 -1 -1 -1 -1 -1 -1 -1 -1 -1
52 -1 -1 -1 -1 -1 -1 -1 -1 -1 -1 -1 -1 -1 -1 -1 -1 -1 -1 -1 -1
53 -1 -1 -1 -1 -1 -1 -1 -1 -1 -1 -1 -1 -1 -1 -1 -1 -1 -1 -1 -1
54 -1 -1 -1 -1 -1 -1 -1 -1 -1 -1 -1 -1 -1 -1 -1 -1 -1 -1 -1 -1
55 -1 -1 -1 -1 -1 -1 -1 -1 -1 -1 -1 -1 -1 -1 -1 -1 -1 -1 -1 -1
56 -1 -1 -1 -1 -1 -1 -1 -1 -1 -1 -1 -1 -1 -1 -1 -1 -1 -1 -1 -1
57 -1 -1 -1 -1 -1 -1 -1 -1 -1 -1 -1 -1 -1 -1 -1 -1 -1 -1 -1 -1
58 -1 -1 -1 -1 -1 -1 -1 -1 -1 -1 -1 -1 -1 -1 -1 -1 -1 -1 -1 -1
59 -1 -1 -1 -1 -1 -1 -1 -1 -1 -1 -1 -1 -1 -1 -1 -1 -1 -1 -1 -1
60 -1 -1 -1 -1 -1 -1 -1 -1 -1 -1 -1 -1 -1 -1 -1 -1 -1 -1 -1 -1
61 -1 -1 -1 -1 -1 -1 -1 -1 -1 -1 -1 -1 -1 -1 -1 -1 -1 -1 -1 -1
62 -1 -1 -1 -1 -1 -1 -1 -1 -1 -1 -1 -1 -1 -1 -1 -1 -1 -1 -1 -1
63 -1 -1 -1 -1 -1 -1 -1 -1 -1 -1 -1 -1 -1 -1 -1 -1 -1 -1 -1 -1
64 -1 -1 -1 -1 -1 -1 -1 -1 -1 -1 -1 -1 -1 -1 -1 -1 -1 -1 -1 -1
65 -1 -1 -1 -1 -1 -1 -1 -1 -1 -1 -1 -1 -1 -1 -1 -1 -1 -1 -1 -1
66 -1 -1 -1 -1 -1 -1 -1 -1 -1 -1 -1 -1 -1 -1 -1 -1 -1 -1 -1 -1
67 -1 -1 -1 -1 -1 -1 -1 -1 -1 -1 -1 -1 -1 -1 -1 -1 -1 -1 -1 -1
68 -1 -1 -1 -1 -1 -1 -1 -1 -1 -1 -1 -1 -1 -1 -1 -1 -1 -1 -1 -1
69 -1 -1 -1 -1 -1 -1 -1 -1 -1 -1 -1 -1 -1 -1 -1 -1 -1 -1 -1 -1
70 -1 -1 -1 -1 -1 -1 -1 -1 -1 -1 -1 -1 -1 -1 -1 -1 -1 -1 -1 -1
71 -1 -1 -1 -1 -1 -1 -1 -1 -1 -1 -1 -1 -1 -1 -1 -1 -1 -1 -1 -1
72 -1 -1 -1 -1 -1 -1 -1 -1 -1 -1 -1 -1 -1 -1 -1 -1 -1 -1 -1 -1
73 -1 -1 -1 -1 -1 -1 -1 -1 -1 -1 -1 -1 -1 -1 -1 -1 -1 -1 -1 -1
74 -1 -1 -1 -1 -1 -1 -1 -1 -1 -1 -1 -1 -1 -1 -1 -1 -1 -1 -1 -1
75 -1 -1 -1 -1 -1 -1 -1 -1 -1 -1 -1 -1 -1 -1 -1 -1 -1 -1 -1 -1
76 -1 -1 -1 -1 -1 -1 -1 -1 -1 -1 -1 -1 -1 -1 -1 -1 -1 -1 -1 -1
77 -1 -1 -1 -1 -1 -1 -1 -1 -1 -1 -1 -1 -1 -1 -1 -1 -1 -1 -1 -1
78 -1 -1 -1 -1 -1 -1 -1 -1 -1 -1 -1 -1 -1 -1 -1 -1 -1 -1 -1 -1
79 -1 -1 -1 -1 -1 -1 -1 -1 -1 -1 -1 -1 -1 -1 -1 -1 -1 -1 -1 -1
80 -1 -1 -1 -1 -1 -1 -1 -1 -1 -1 -1 -1 -1 -1 -1 -1 -1 -1 -1 -1
81 -1 -1 -1 -1 -1 -1 -1 -1 -1 -1 -1 -1 -1 -1 -1 -1 -1 -1 -1 -1
82 -1 -1 -1 -1 -1 -1 -1 -1 -1 -1 -1 -1 -1 -1 -1 -1 -1 -1 -1 -1
83 -1 -1 -1 -1 -1 -1 -1 -1 -1 -1 -1 -1 -1 -1 -1 -1 -1 -1 -1 -1
84 -1 -1 -1 -1 -1 -1 -1 -1 -1 -1 -1 -1 -1 -1 -1 -1 -1 -1 -1 -1
85 -1 -1 -1 -1 -1 -1 -1 -1 -1 -1 -1 -1 -1 -1 -1 -1 -1 -1 -1 -1
86 -1 -1 -1 -1 -1 -1 -1 -1 -1 -1 -1 -1 -1 -1 -1 -1 -1 -1 -1 -1
87 -1 -1 -1 -1 -1 -1 -1 -1 -1 -1 -1 -1 -1 -1 -1 -1 -1 -1 -1 -1
88 -1 -1 -1 -1 -1 -1 -1 -1 -1 -1 -1 -1 -1 -1 -1 -1 -1 -1 -1 -1
89 -1 -1 -1 -1 -1 -1 -1 -1 -1 -1 -1 -1 -1 -1 -1 -1 -1 -1 -1 -1
90 -1 -1 -1 -1 -1 -1 -1 -1 -1 -1 -1 -1 -1 -1 -1 -1 -1 -1 -1 -1
91 -1 -1 -1 -1 -1 -1 -1 -1 -1 -1 -1 -1 -1 -1 -1 -1 -1 -1 -1 -1
92 -1 -1 -1 -1 -1 -1 -1 -1 -1 -1 -1 -1 -1 -1 -1 -1 -1 -1 -1 -1
93 -1 -1 -1 -1 -1 -1 -1 -1 -1 -1 -1 -1 -1 -1 -1 -1 -1 -1 -1 -1
94 -1 -1 -1 -1 -1 -1 -1 -1 -1 -1 -1 -1 -1 -1 -1 -1 -1 -1 -1 -1
95 -1 -1 -1 -1 -1 -1 -1 -1 -1 -1 -1 -1 -1 -1 -1 -1 -1 -1 -1 -1
96 -1 -1 -1 -1 -1 -1 -1 -1 -1 -1 -1 -1 -1 -1 -1 -1 -1 -1 -1 -1
97 -1 -1 -1 -1 -1 -1 -1 -1 -1 -1 -1 -1 -1 -1 -1 -1 -1 -1 -1 -1
98 -1 -1 -1 -1 -1 -1 -1 -1 -1 -1 -1 -1 -1 -1 -1 -1 -1 -1 -1 -1
99 -1 -1 -1 -1 -1 -1 -1 -1 -1 -1 -1 -1 -1 -1 -1 -1 -1 -1 -1 -1
100 -1 -1 -1 -1 -1 -1 -1 -1 -1 -1 -1 -1 -1 -1 -1 -1 -1 -1 -1 -1
101 -1 -1 -1 -1 -1 -1 -1 -1 -1 -1 -1 -1 -1 -1 -1 -1 -1 -1 -1 -1
102 -1 -1 -1 -1 -1 -1 -1 -1 -1 -1 -1 -1 -1 -1 -1 -1 -1 -1 -1 -1
103 -1 -1 -1 -1 -1 -1 -1 -1 -1 -1 -1 -1 -1 -1 -1 -1 -1 -1 -1 -1
104 -1 -1 -1 -1 -1 -1 -1 -1 -1 -1 -1 -1 -1 -1 -1 -1 -1 -1 -1 -1
105 -1 -1 -1 -1 -1 -1 -1 -1 -1 -1 -1 -1 -1 -1 -1 -1 -1 -1 -1 -1
106 -1 -1 -1 -1 -1 -1 -1 -1 -1 -1 -1 -1 -1 -1 -1 -1 -1 -1 -1 -1
107 -1 -1 -1 -1 -1 -1 -1 -1 -1 -1 -1 -1 -1 -1 -1 -1 -1 -1 -1 -1
108 -1 -1 -1 -1 -1 -1 -1 -1 -1 -1 -1 -1 -1 -1 -1 -1 -1 -1 -1 -1
109 -1 -1 -1 -1 -1 -1 -1 -1 -1 -1 -1 -1 -1 -1 -1 -1 -1 -1 -1 -1
110 -1 -1 -1 -1 -1 -1 -1 -1 -1 -1 -1 -1 -1 -1 -1 -1 -1 -1 -1 -1
111 -1 -1 -1 -1 -1 -1 -1 -1 -1 -1 -1 -1 -1 -1 -1 -1 -1 -1 -1 -1
112 -1 -1 -1 -1 -1 -1 -1 -1 -1 -1 -1 -1 -1 -1 -1 -1 -1 -1 -1 -1
113 -1 -1 -1 -1 -1 -1 -1 -1 -1 -1 -1 -1 -1 -1 -1 -1 -1 -1 -1 -1
114 -1 -1 -1 -1 -1 -1 -1 -1 -1 -1 -1 -1 -1 -1 -1 -1 -1 -1 -1 -1
115 -1 -1 -1 -1 -1 -1 -1 -1 -1 -1 -1 -1 -1 -1 -1 -1 -1 -1 -1 -1
116 -1 -1 -1 -1 -1 -1 -1 -1 -1 -1 -1 -1 -1 -1 -1 -1 -1 -1 -1 -1
117 -1 -1 -1 -1 -1 -1 -1 -1 -1 -1 -1 -1 -1 -1 -1 -1 -1 -1 -1 -1
118 -1 -1 -1 -1 -1 -1 -1 -1 -1 -1 -1 -1 -1 -1 -1 -1 -1 -1 -1 -1
119 -1 -1 -1 -1 -1 -1 -1 -1 -1 -1 -1 -1 -1 -1 -1 -1 -1 -1 -1 -1
120 -1 -1 -1 -1 -1 -1 -1 -1 -1 -1 -1 -1 -1 -1 -1 -1 -1 -1 -1 -1
121 -1 -1 -1 -1 -1 -1 -1 -1 -1 -1 -1 -1 -1 -1 -1 -1 -1 -1 -1 -1
122 -1 -1 -1 -1 -1 -1 -1 -1 -1 -1 -1 -1 -1 -1 -1 -1 -1 -1 -1 -1
123 -1 -1 -1 -1 -1 -1 -1 -1 -1 -1 -1 -1 -1 -1 -1 -1 -1 -1 -1 -1
124 -1 -1 -1 -1 -1 -1 -1 -1 -1 -1 -1 -1 -1 -1 -1 -1 -1 -1 -1 -1
125 -1 -1 -1 -1 -1 -1 -1 -1 -1 -1 -1 -1 -1 -1 -1 -1 -1 -1 -1 -1
126 0.581346 0.432690 0.559154 0.641534 0.579776 0.649283 0.538533 0.633784 0.579776 0.649283 0.561278 0.794137 0.588387 0.820484 0.538533 0.633784 0.529606 0.785075 0.573017 0.797259
127 0.569948 0.448078 0.551612 0.651050 0.574999 0.655079 0.528226 0.647021 0.574999 0.655079 0.561590 0.793753 0.587124 0.820275 0.528226 0.647021 0.521651 0.797313 0.564298 0.830948
128 0.560009 0.468874 0.542770 0.661731 0.567390 0.665221 0.518150 0.658241 0.567390 0.665221 0.556190 0.838034 0.570779 0.823801 0.518150 0.658241 0.505909 0.810200 0.551137 0.831172
129 -1 -1 -1 -1 -1 -1 -1 -1 -1 -1 -1 -1 -1 -1 -1 -1 -1 -1 -1 -1
130 -1 -1 -1 -1 -1 -1 -1 -1 -1 -1 -1 -1 -1 -1 -1 -1 -1 -1 -1 -1
131 -1 -1 -1 -1 -1 -1 -1 -1 -1 -1 -1 -1 -1 -1 -1 -1 -1 -1 -1 -1
132 -1 -1 -1 -1 -1 -1 -1 -1 -1 -1 -1 -1 -1 -1 -1 -1 -1 -1 -1 -1
133 -1 -1 -1 -1 -1 -1 -1 -1 -1 -1 -1 -1 -1 -1 -1 -1 -1 -1 -1 -1
134 -1 -1 -1 -1 -1 -1 -1 -1 -1 -1 -1 -1 -1 -1 -1 -1 -1 -1 -1 -1
135 -1 -1 -1 -1 -1 -1 -1 -1 -1 -1 -1 -1 -1 -1 -1 -1 -1 -1 -1 -1
136 -1 -1 -1 -1 -1 -1 -1 -1 -1 -1 -1 -1 -1 -1 -1 -1 -1 -1 -1 -1
137 -1 -1 -1 -1 -1 -1 -1 -1 -1 -1 -1 -1 -1 -1 -1 -1 -1 -1 -1 -1
138 -1 -1 -1 -1 -1 -1 -1 -1 -1 -1 -1 -1 -1 -1 -1 -1 -1 -1 -1 -1
139 -1 -1 -1 -1 -1 -1 -1 -1 -1 -1 -1 -1 -1 -1 -1 -1 -1 -1 -1 -1
140 0.408490 0.829898 0.432629 0.810080 0.454599 0.813177 0.410660 0.806982 0.454599 0.813177 0.548516 0.811252 0.594173 0.825539 0.410660 0.806982 0.361258 0.827969 0.339320 0.870069
141 0.388850 0.860470 0.413679 0.814788 0.429630 0.820167 0.397727 0.809408 0.429630 0.820167 0.515413 0.809016 0.567709 0.857916 0.397727 0.809408 0.365201 0.822055 0.364160 0.875023
142 0.370603 0.857998 0.399522 0.814331 0.416788 0.818268 0.382257 0.810395 0.416788 0.818268 0.459178 0.798578 0.493820 0.853954 0.382257 0.810395 0.377270 0.816807 0.410538 0.873314
143 0.371464 0.863823 0.394927 0.808164 0.401326 0.811614 0.388528 0.804714 0.401326 0.811614 0.349871 0.784173 0.302750 0.851737 0.388528 0.804714 0.388553 0.793055 0.427033 0.839697
144 0.361529 0.870605 0.391391 0.813203 0.395941 0.819674 0.386842 0.806732 0.395941 0.819674 0.379424 0.781951 0.390646 0.845630 0.386842 0.806732 0.398244 0.797465 0.438449 0.840227
145 0.352394 0.877713 0.386277 0.815175 0.392287 0.813531 0.380268 0.816819 0.392287 0.813531 0.396404 0.775847 0.402654 0.831836 0.380268 0.816819 0.359619 0.830171 0.357947 0.849756
146 0.342855 0.875022 0.380513 0.810822 0.391297 0.810638 0.369729 0.811007 0.391297 0.810638 0.416692 0.776551 0.454041 0.833182 0.369729 0.811007 0.328479 0.847760 0.289728 0.868594
147 0.334314 0.875737 0.372401 0.815169 0.382522 0.817391 0.362280 0.812948 0.382522 0.817391 0.399046 0.781410 0.425546 0.833984 0.362280 0.812948 0.320768 0.847110 0.295538 0.877707
148 0.336965 0.870715 0.377895 0.811168 0.384521 0.814436 0.371269 0.807901 0.384521 0.814436 0.405685 0.786669 0.448315 0.851629 0.371269 0.807901 0.333940 0.843434 0.317073 0.877548
149 0.329940 0.858514 0.369379 0.810700 0.377662 0.813042 0.361097 0.808359 0.377662 0.813042 0.409247 0.790492 0.450771 0.849928 0.361097 0.808359 0.329609 0.841914 0.328771 0.843296
150 0.342428 0.854065 0.376451 0.809467 0.385860 0.812195 0.367041 0.806738 0.385860 0.812195 0.413819 0.795976 0.463533 0.848894 0.367041 0.806738 0.333609 0.840706 0.321291 0.841787
151 0.339428 0.852003 0.371957 0.808310 0.382247 0.810739 0.361666 0.805880 0.382247 0.810739 0.418182 0.793375 0.473599 0.859029 0.361666 0.805880 0.305976 0.839723 0.268362 0.845558
152 0.344852 0.850339 0.378746 0.801209 0.390505 0.802532 0.366986 0.799886 0.390505 0.802532 0.432810 0.792925 0.499137 0.850022 0.366986 0.799886 0.298078 0.836991 0.257691 0.846697
153 0.347844 0.845760 0.382109 0.801987 0.393919 0.802410 0.370299 0.801563 0.393919 0.802410 0.441767 0.792203 0.506808 0.844213 0.370299 0.801563 0.315118 0.837623 0.288020 0.845250
154 0.349220 0.844831 0.383870 0.801215 0.396189 0.801400 0.371551 0.801030 0.396189 0.801400 0.445388 0.792368 0.509993 0.838525 0.371551 0.801030 0.323613 0.837391 0.304866 0.829588
155 0.339648 0.839221 0.381942 0.795804 0.394691 0.790638 0.369194 0.800969 0.394691 0.790638 0.443121 0.786751 0.514056 0.833938 0.369194 0.800969 0.359291 0.837849 0.422509 0.847977
156 0.339312 0.838511 0.380097 0.794510 0.395468 0.791303 0.364726 0.797717 0.395468 0.791303 0.449975 0.789987 0.532849 0.832297 0.364726 0.797717 0.324395 0.837714 0.340332 0.838855
157 0.334567 0.853927 0.378671 0.794950 0.392384 0.795204 0.364958 0.794695 0.392384 0.795204 0.445884 0.800728 0.526256 0.832655 0.364958 0.794695 0.318444 0.827990 0.309527 0.827980
158 0.334527 0.852868 0.378611 0.798862 0.392507 0.801985 0.364715 0.795739 0.392507 0.801985 0.444249 0.820281 0.527907 0.833242 0.364715 0.795739 0.319119 0.827156 0.313897 0.820567
159 0.334490 0.852788 0.378766 0.799359 0.392315 0.801796 0.365217 0.796923 0.392315 0.801796 0.438593 0.818099 0.520972 0.833107 0.365217 0.796923 0.348550 0.828816 0.395161 0.822577
160 0.335874 0.851707 0.379571 0.802558 0.393187 0.803890 0.365956 0.801225 0.393187 0.803890 0.437497 0.816461 0.518276 0.833411 0.365956 0.801225 0.358393 0.822097 0.432616 0.825627
161 0.331583 0.851420 0.376823 0.802595 0.388301 0.803613 0.365346 0.801576 0.388301 0.803613 0.427095 0.814517 0.496618 0.839461 0.365346 0.801576 0.374108 0.823352 0.455597 0.833938
162 0.333505 0.852284 0.379895 0.803277 0.393461 0.803905 0.366329 0.802649 0.393461 0.803905 0.428085 0.802288 0.499479 0.836809 0.366329 0.802649 0.369312 0.823151 0.445959 0.835529
163 0.330520 0.853500 0.378207 0.801204 0.391955 0.800196 0.364459 0.802212 0.391955 0.800196 0.429637 0.802731 0.501830 0.836825 0.364459 0.802212 0.380047 0.825651 0.470871 0.839411
164 0.331895 0.854106 0.380551 0.801779 0.392640 0.801235 0.368461 0.802322 0.392640 0.801235 0.430510 0.797899 0.506113 0.836831 0.368461 0.802322 0.393133 0.820876 0.486814 0.846267
165 0.332693 0.853053 0.380582 0.804607 0.392712 0.801885 0.368453 0.807330 0.392712 0.801885 0.438305 0.798547 0.514495 0.836529 0.368453 0.807330 0.379033 0.826210 0.446083 0.839524
166 0.335435 0.852865 0.380652 0.805253 0.392745 0.803715 0.368559 0.806791 0.392745 0.803715 0.441068 0.798179 0.517645 0.834732 0.368559 0.806791 0.352464 0.828886 0.368686 0.825388
167 0.338236 0.853747 0.382893 0.805623 0.395542 0.804247 0.370244 0.806999 0.395542 0.804247 0.443514 0.791930 0.524662 0.832483 0.370244 0.806999 0.353896 0.827502 0.384800 0.828128
168 0.338279 0.854966 0.383716 0.803595 0.397194 0.802498 0.370238 0.804692 0.397194 0.802498 0.450391 0.792029 0.526652 0.832288 0.370238 0.804692 0.365960 0.813592 0.441538 0.829724
169 0.337593 0.859756 0.382534 0.799265 0.394341 0.802031 0.370727 0.796499 0.394341 0.802031 0.438542 0.797490 0.522242 0.834143 0.370727 0.796499 0.366204 0.814110 0.402435 0.828049
170 0.339818 0.859344 0.384664 0.802520 0.398339 0.808084 0.370989 0.796956 0.398339 0.808084 0.450022 0.813653 0.533542 0.836094 0.370989 0.796956 0.321147 0.824325 0.297224 0.828942
171 0.338987 0.859107 0.381096 0.804590 0.399167 0.811231 0.363025 0.797950 0.399167 0.811231 0.456277 0.832797 0.537605 0.836855 0.363025 0.797950 0.296505 0.841416 0.247106 0.840090
172 0.338422 0.857091 0.381020 0.804373 0.398632 0.810604 0.363409 0.798143 0.398632 0.810604 0.456663 0.835420 0.541846 0.837139 0.363409 0.798143 0.308206 0.839727 0.284150 0.825740
173 0.340881 0.848814 0.380464 0.803063 0.399908 0.807893 0.361021 0.798233 0.399908 0.807893 0.463326 0.829588 0.544081 0.835711 0.361021 0.798233 0.297799 0.843502 0.255127 0.833899
174 0.340982 0.846779 0.380283 0.803409 0.399739 0.807239 0.360828 0.799580 0.399739 0.807239 0.463791 0.823512 0.545482 0.833834 0.360828 0.799580 0.299324 0.848891 0.257494 0.836965
175 0.335762 0.847428 0.375420 0.803403 0.390886 0.807157 0.359954 0.799649 0.390886 0.807157 0.451221 0.823152 0.541915 0.835604 0.359954 0.799649 0.302366 0.846119 0.283683 0.833321
176 0.338965 0.842104 0.376136 0.799794 0.393959 0.800433 0.358312 0.799155 0.393959 0.800433 0.456498 0.820141 0.541860 0.833581 0.358312 0.799155 0.281971 0.846866 0.204814 0.862712
177 0.338178 0.840890 0.375634 0.799804 0.395577 0.800714 0.355691 0.798894 0.395577 0.800714 0.458088 0.819708 0.540398 0.834333 0.355691 0.798894 0.277287 0.846848 0.192340 0.877899
178 0.332000 0.844095 0.370726 0.802992 0.391201 0.801609 0.350250 0.804375 0.391201 0.801609 0.457742 0.819905 0.537426 0.835185 0.350250 0.804375 0.278806 0.848675 0.221307 0.867588
179 0.331918 0.842036 0.369092 0.801301 0.387131 0.800771 0.351053 0.801831 0.387131 0.800771 0.450756 0.820407 0.537291 0.835195 0.351053 0.801831 0.282489 0.844679 0.275791 0.832149
180 0.333670 0.842746 0.367705 0.797627 0.387852 0.796999 0.347559 0.798255 0.387852 0.796999 0.452270 0.818186 0.537644 0.834735 0.347559 0.798255 0.273621 0.844577 0.222169 0.856125
181 0.334682 0.843709 0.367551 0.797105 0.388211 0.797287 0.346891 0.796922 0.388211 0.797287 0.452056 0.821640 0.536089 0.838356 0.346891 0.796922 0.269907 0.842362 0.211230 0.859862
182 0.336512 0.851948 0.369632 0.793586 0.388508 0.792261 0.350755 0.794910 0.388508 0.792261 0.455564 0.810160 0.540632 0.833166 0.350755 0.794910 0.276574 0.842239 0.213902 0.870475
183 0.333236 0.852136 0.370078 0.793830 0.388809 0.792747 0.351346 0.794912 0.388809 0.792747 0.455103 0.830538 0.538930 0.836376 0.351346 0.794912 0.277675 0.838291 0.214329 0.866616
184 0.333411 0.853323 0.371760 0.793383 0.390903 0.792898 0.352617 0.793869 0.390903 0.792898 0.454959 0.834792 0.538576 0.837299 0.352617 0.793869 0.280405 0.837611 0.218088 0.865753
185 0.330744 0.858526 0.373087 0.792653 0.391198 0.793562 0.354977 0.791744 0.391198 0.793562 0.453631 0.834463 0.538551 0.837965 0.354977 0.791744 0.281686 0.832864 0.222628 0.866040
186 0.331516 0.862079 0.373955 0.792175 0.392348 0.794017 0.355563 0.790332 0.392348 0.794017 0.454253 0.832955 0.538401 0.838088 0.355563 0.790332 0.281460 0.834284 0.219456 0.868873
187 0.329140 0.860738 0.373851 0.789077 0.393033 0.792898 0.354670 0.785256 0.393033 0.792898 0.453187 0.839181 0.538263 0.838107 0.354670 0.785256 0.274093 0.834463 0.207992 0.873421
188 0.331246 0.860737 0.374157 0.787745 0.393635 0.789546 0.354679 0.785944 0.393635 0.789546 0.453897 0.821494 0.539713 0.835896 0.354679 0.785944 0.303366 0.834544 0.272329 0.848536
189 0.328892 0.860264 0.374420 0.787754 0.394857 0.790105 0.353983 0.785403 0.394857 0.790105 0.450889 0.832855 0.539326 0.835985 0.353983 0.785403 0.286597 0.834627 0.224041 0.855191
190 0.329541 0.860087 0.376117 0.788118 0.396116 0.790500 0.356118 0.785736 0.396116 0.790500 0.449724 0.832471 0.539644 0.836312 0.356118 0.785736 0.301233 0.830206 0.256199 0.838479
191 0.333723 0.858273 0.380282 0.786493 0.402501 0.788960 0.358062 0.784026 0.402501 0.788960 0.456211 0.830247 0.542474 0.835603 0.358062 0.784026 0.299392 0.831570 0.253597 0.842331
192 0.331697 0.856642 0.378684 0.787163 0.401630 0.789424 0.355737 0.784903 0.401630 0.789424 0.453050 0.831519 0.542093 0.881042 0.355737 0.784903 0.288070 0.833641 0.228324 0.847423
193 0.330914 0.846851 0.378765 0.788118 0.402892 0.789474 0.354638 0.786763 0.402892 0.789474 0.453292 0.830534 0.537920 0.859012 0.354638 0.786763 0.281673 0.833763 0.228243 0.856239
194 0.331350 0.846174 0.379220 0.785955 0.404016 0.787506 0.354424 0.784404 0.404016 0.787506 0.456524 0.826224 0.537825 0.847438 0.354424 0.784404 0.279011 0.833595 0.223782 0.859640
195 0.332526 0.848068 0.380133 0.787162 0.404946 0.787735 0.355321 0.786589 0.404946 0.787735 0.458490 0.826227 0.547256 0.871657 0.355321 0.786589 0.294105 0.834922 0.257759 0.853460
196 0.337583 0.844857 0.383095 0.786711 0.409919 0.787136 0.356270 0.786286 0.409919 0.787136 0.467208 0.819352 0.546742 0.848224 0.356270 0.786286 0.297827 0.835942 0.276190 0.853042
197 0.336512 0.845144 0.383945 0.786083 0.409998 0.785792 0.357892 0.786374 0.409998 0.785792 0.464907 0.822041 0.551158 0.866463 0.357892 0.786374 0.314474 0.832973 0.322236 0.821005
198 0.336734 0.845444 0.383226 0.787944 0.410001 0.789192 0.356450 0.786697 0.410001 0.789192 0.464160 0.831598 0.550252 0.871361 0.356450 0.786697 0.287830 0.835778 0.224489 0.844279
199 0.336856 0.847283 0.383010 0.789272 0.409287 0.790857 0.356733 0.787686 0.409287 0.790857 0.464085 0.834954 0.551162 0.878945 0.356733 0.787686 0.293530 0.837021 0.248496 0.831340
200 0.338603 0.844238 0.381168 0.788801 0.409653 0.790434 0.352684 0.787169 0.409653 0.790434 0.469999 0.841965 0.550513 0.846701 0.352684 0.787169 0.288716 0.843019 0.251518 0.831054
201 0.336950 0.843994 0.379602 0.789106 0.408251 0.790815 0.350953 0.787397 0.408251 0.790815 0.467918 0.850830 0.547801 0.837973 0.350953 0.787397 0.292304 0.846469 0.271239 0.824927
202 0.337028 0.846518 0.379639 0.788403 0.408026 0.790472 0.351252 0.786333 0.408026 0.790472 0.466951 0.846074 0.541837 0.835154 0.351252 0.786333 0.287535 0.845522 0.204395 0.850579
203 0.328775 0.851638 0.374809 0.788878 0.403223 0.793230 0.346395 0.784527 0.403223 0.793230 0.455178 0.861786 0.540640 0.836781 0.346395 0.784527 0.275304 0.836569 0.215454 0.832865
204 0.329347 0.850340 0.375105 0.785510 0.403312 0.789979 0.346898 0.781042 0.403312 0.789979 0.455438 0.863189 0.540978 0.836735 0.346898 0.781042 0.287943 0.831361 0.238101 0.803953
205 0.329920 0.848311 0.373370 0.782163 0.399115 0.786621 0.347625 0.777705 0.399115 0.786621 0.454875 0.860635 0.542510 0.861746 0.347625 0.777705 0.329591 0.831397 0.339442 0.807558
206 0.330462 0.846636 0.374003 0.782403 0.399671 0.786610 0.348335 0.778196 0.399671 0.786610 0.455485 0.858046 0.543340 0.842179 0.348335 0.778196 0.321543 0.829865 0.324644 0.814078
207 0.328336 0.846273 0.372612 0.779752 0.397256 0.783583 0.347967 0.775920 0.397256 0.783583 0.455739 0.857055 0.543599 0.836826 0.347967 0.775920 0.318271 0.827678 0.321339 0.814930
208 0.329070 0.845587 0.373419 0.775374 0.399448 0.777210 0.347389 0.773539 0.399448 0.777210 0.458411 0.855940 0.543664 0.833951 0.347389 0.773539 0.291969 0.835371 0.266957 0.822101
209 0.329311 0.839761 0.373344 0.778094 0.399020 0.775729 0.347667 0.780459 0.399020 0.775729 0.453689 0.835878 0.516456 0.838765 0.347667 0.780459 0.358187 0.828607 0.451525 0.856337
210 0.323616 0.844440 0.361567 0.777164 0.387863 0.776552 0.335270 0.777776 0.387863 0.776552 0.443828 0.837409 0.526347 0.875450 0.335270 0.777776 0.306723 0.832603 0.306411 0.852621
211 0.328450 0.840276 0.365311 0.777046 0.393248 0.776284 0.337373 0.777807 0.393248 0.776284 0.446480 0.843170 0.532554 0.845584 0.337373 0.777807 0.287576 0.844200 0.253411 0.851876
212 0.335867 0.853106 0.373054 0.775475 0.395445 0.775958 0.350662 0.774992 0.395445 0.775958 0.432668 0.843926 0.507046 0.855356 0.350662 0.774992 0.363794 0.811287 0.448172 0.857332
213 0.348501 0.852028 0.379266 0.773055 0.404185 0.774291 0.354348 0.771819 0.404185 0.774291 0.444357 0.835249 0.520715 0.840290 0.354348 0.771819 0.338377 0.816469 0.361515 0.845139
214 0.345407 0.849212 0.379301 0.778531 0.404390 0.779267 0.354212 0.777794 0.404390 0.779267 0.446350 0.844571 0.536008 0.856315 0.354212 0.777794 0.317504 0.824529 0.339127 0.845267
215 0.343843 0.844789 0.378221 0.781280 0.402358 0.778846 0.354083 0.783715 0.402358 0.778846 0.442930 0.834797 0.522113 0.855923 0.354083 0.783715 0.354964 0.822925 0.437349 0.859877
