111
131
0 -1 -1 -1 -1 -1 -1 -1 -1 -1 -1 -1 -1 -1 -1 -1 -1 -1 -1 -1 -1
1 -1 -1 -1 -1 -1 -1 -1 -1 -1 -1 -1 -1 -1 -1 -1 -1 -1 -1 -1 -1
2 -1 -1 -1 -1 -1 -1 -1 -1 -1 -1 -1 -1 -1 -1 -1 -1 -1 -1 -1 -1
3 -1 -1 -1 -1 -1 -1 -1 -1 -1 -1 -1 -1 -1 -1 -1 -1 -1 -1 -1 -1
4 -1 -1 -1 -1 -1 -1 -1 -1 -1 -1 -1 -1 -1 -1 -1 -1 -1 -1 -1 -1
5 -1 -1 -1 -1 -1 -1 -1 -1 -1 -1 -1 -1 -1 -1 -1 -1 -1 -1 -1 -1
6 0.837806 0.439390 0.816172 0.563432 0.831519 0.576537 0.800825 0.550326 0.831519 0.576537 0.764331 0.605141 0.755968 0.703709 0.800825 0.550326 0.732152 0.563507 0.733260 0.668872
7 0.835812 0.439610 0.815852 0.563354 0.831231 0.576532 0.800473 0.550176 0.831231 0.576532 0.763379 0.605928 0.756636 0.703264 0.800473 0.550176 0.732154 0.563098 0.733407 0.668852
8 0.833444 0.440173 0.815265 0.563384 0.830676 0.576585 0.799854 0.550183 0.830676 0.576585 0.763178 0.606096 0.757356 0.702793 0.799854 0.550183 0.732157 0.562872 0.733667 0.668822
9 0.831037 0.440788 0.814783 0.563267 0.830374 0.576531 0.799193 0.550002 0.830374 0.576531 0.763255 0.606548 0.757632 0.702565 0.799193 0.550002 0.732158 0.562422 0.733841 0.668669
10 0.828939 0.441846 0.814858 0.561934 0.830393 0.575545 0.799322 0.548324 0.830393 0.575545 0.765257 0.608235 0.758144 0.702571 0.799322 0.548324 0.731902 0.561949 0.734388 0.668685
11 0.826888 0.443573 0.814662 0.561485 0.830229 0.575554 0.799096 0.547415 0.830229 0.575554 0.767293 0.612862 0.759581 0.703199 0.799096 0.547415 0.731373 0.561612 0.734494 0.668436
12 0.824953 0.444855 0.814478 0.561014 0.830128 0.575564 0.798828 0.546464 0.830128 0.575564 0.767576 0.612757 0.761665 0.703150 0.798828 0.546464 0.730525 0.561509 0.735656 0.668434
13 0.821607 0.444900 0.812936 0.560308 0.829111 0.575128 0.796761 0.545488 0.829111 0.575128 0.768531 0.613884 0.763484 0.701508 0.796761 0.545488 0.730446 0.561511 0.737374 0.668423
14 0.818470 0.446817 0.812528 0.559866 0.829070 0.574881 0.795987 0.544852 0.829070 0.574881 0.770749 0.613622 0.764920 0.701023 0.795987 0.544852 0.730463 0.562249 0.738734 0.668416
15 0.814792 0.446560 0.811671 0.558339 0.828200 0.573249 0.795143 0.543429 0.828200 0.573249 0.770449 0.608155 0.765288 0.701050 0.795143 0.543429 0.730480 0.562290 0.739603 0.668343
16 0.812389 0.447074 0.811419 0.557300 0.827898 0.571934 0.794939 0.542666 0.827898 0.571934 0.771217 0.604709 0.765255 0.701017 0.794939 0.542666 0.730644 0.562149 0.740583 0.667820
17 0.807958 0.448947 0.810770 0.557435 0.826917 0.572053 0.794624 0.542816 0.826917 0.572053 0.768721 0.603427 0.765286 0.700912 0.794624 0.542816 0.730653 0.562159 0.740460 0.666672
18 0.806148 0.450525 0.809829 0.557528 0.826238 0.572125 0.793420 0.542931 0.826238 0.572125 0.769838 0.603167 0.765055 0.699696 0.793420 0.542931 0.730667 0.561928 0.740205 0.666191
19 0.801592 0.453737 0.808607 0.559710 0.825651 0.574461 0.791563 0.544958 0.825651 0.574461 0.770771 0.603733 0.764823 0.699767 0.791563 0.544958 0.730677 0.561635 0.740134 0.665648
20 0.798380 0.455697 0.807552 0.560578 0.824893 0.576122 0.790212 0.545035 0.824893 0.576122 0.770762 0.603857 0.764673 0.699822 0.790212 0.545035 0.730672 0.561896 0.740081 0.665673
21 0.795919 0.457972 0.806458 0.561320 0.823579 0.577076 0.789338 0.545564 0.823579 0.577076 0.770739 0.604448 0.764802 0.700512 0.789338 0.545564 0.730449 0.562238 0.739922 0.665859
22 0.790841 0.461516 0.804764 0.561741 0.821630 0.577172 0.787898 0.546309 0.821630 0.577172 0.770664 0.606125 0.764790 0.701417 0.787898 0.546309 0.729763 0.561867 0.739841 0.665493
23 0.786503 0.463094 0.803514 0.561847 0.820644 0.576924 0.786385 0.546771 0.820644 0.576924 0.770700 0.609233 0.764711 0.701680 0.786385 0.546771 0.729794 0.561834 0.739765 0.665515
24 0.785088 0.464006 0.802862 0.561792 0.820173 0.576531 0.785550 0.547053 0.820173 0.576531 0.770661 0.609100 0.765129 0.701638 0.785550 0.547053 0.729801 0.561999 0.739707 0.665527
25 0.782036 0.464587 0.801231 0.561930 0.819009 0.576226 0.783454 0.547634 0.819009 0.576226 0.771095 0.608140 0.765847 0.701490 0.783454 0.547634 0.730781 0.561772 0.739968 0.665406
26 0.778241 0.465537 0.799048 0.561912 0.816983 0.575377 0.781113 0.548448 0.816983 0.575377 0.771807 0.607142 0.766653 0.701495 0.781113 0.548448 0.731096 0.561350 0.740693 0.665514
27 0.775662 0.468036 0.798492 0.561869 0.816707 0.575319 0.780277 0.548419 0.816707 0.575319 0.773305 0.608287 0.767877 0.701527 0.780277 0.548419 0.731209 0.560071 0.741197 0.665441
28 0.773685 0.476019 0.799328 0.574677 0.817195 0.581159 0.781461 0.568195 0.817195 0.581159 0.777850 0.608679 0.768985 0.701536 0.781461 0.568195 0.731253 0.556561 0.742250 0.665016
29 0.772603 0.479251 0.799854 0.571698 0.817669 0.580824 0.782040 0.562571 0.817669 0.580824 0.784597 0.617895 0.768876 0.701147 0.782040 0.562571 0.731141 0.555553 0.742106 0.664572
30 0.770884 0.479670 0.801258 0.566967 0.820076 0.577405 0.782440 0.556529 0.820076 0.577405 0.797632 0.625348 0.778800 0.696475 0.782440 0.556529 0.730008 0.555778 0.742252 0.664613
31 0.768450 0.479602 0.802562 0.564666 0.822392 0.575450 0.782733 0.553882 0.822392 0.575450 0.790013 0.627766 0.772329 0.700852 0.782733 0.553882 0.728790 0.555882 0.741272 0.664624
32 0.768169 0.478691 0.803510 0.562813 0.823493 0.573561 0.783526 0.552066 0.823493 0.573561 0.788717 0.629587 0.767837 0.701590 0.783526 0.552066 0.727747 0.557376 0.741246 0.666555
33 0.768825 0.480546 0.805197 0.563628 0.824780 0.573672 0.785614 0.553584 0.824780 0.573672 0.788986 0.629046 0.764663 0.701574 0.785614 0.553584 0.727635 0.557876 0.741518 0.670562
34 0.766710 0.480508 0.805680 0.563685 0.825006 0.573453 0.786354 0.553917 0.825006 0.573453 0.794711 0.628249 0.762010 0.701316 0.786354 0.553917 0.727024 0.558147 0.742101 0.672446
35 0.766877 0.481900 0.806287 0.562342 0.825965 0.571069 0.786608 0.553616 0.825965 0.571069 0.796404 0.627277 0.770521 0.702015 0.786608 0.553616 0.726848 0.558291 0.742566 0.672427
36 0.763879 0.480882 0.806270 0.558956 0.825953 0.567138 0.786586 0.550774 0.825953 0.567138 0.817460 0.626492 0.778772 0.699531 0.786586 0.550774 0.726973 0.558637 0.742692 0.672682
37 0.762415 0.476748 0.806859 0.552026 0.826753 0.560331 0.786965 0.543720 0.826753 0.560331 0.816437 0.625966 0.789196 0.694771 0.786965 0.543720 0.728486 0.557472 0.742826 0.672370
38 0.762748 0.472420 0.811293 0.549822 0.830025 0.557621 0.792560 0.542024 0.830025 0.557621 0.797161 0.622925 0.782889 0.695516 0.792560 0.542024 0.730313 0.556253 0.742795 0.672307
39 0.763031 0.467961 0.812887 0.546037 0.832058 0.552366 0.793716 0.539707 0.832058 0.552366 0.787536 0.620880 0.801100 0.680172 0.793716 0.539707 0.732401 0.557402 0.743186 0.672740
40 0.762832 0.462863 0.812787 0.536944 0.832493 0.543428 0.793082 0.530459 0.832493 0.543428 0.786479 0.618945 0.800319 0.682911 0.793082 0.530459 0.732616 0.560777 0.742381 0.672572
41 0.761649 0.459536 0.812584 0.531191 0.832391 0.536922 0.792776 0.525461 0.832391 0.536922 0.787189 0.607902 0.805228 0.676447 0.792776 0.525461 0.732419 0.563205 0.742470 0.674675
42 0.759744 0.453866 0.812363 0.524847 0.832298 0.529284 0.792428 0.520410 0.832298 0.529284 0.779010 0.593551 0.768463 0.687439 0.792428 0.520410 0.732309 0.564687 0.742552 0.674578
43 0.757978 0.447075 0.811517 0.517382 0.831390 0.522411 0.791644 0.512353 0.831390 0.522411 0.771915 0.588246 0.765625 0.692692 0.791644 0.512353 0.732375 0.564311 0.742715 0.673952
44 0.758699 0.440738 0.811786 0.516520 0.831276 0.521256 0.792296 0.511784 0.831276 0.521256 0.770933 0.588127 0.770711 0.696330 0.792296 0.511784 0.732422 0.564084 0.743143 0.673329
45 0.758572 0.433886 0.811917 0.513076 0.831051 0.518285 0.792784 0.507867 0.831051 0.518285 0.767750 0.579121 0.770448 0.696296 0.792784 0.507867 0.732521 0.562267 0.743136 0.671617
46 0.759118 0.428201 0.812248 0.510092 0.830891 0.515490 0.793605 0.504694 0.830891 0.515490 0.765134 0.570456 0.769147 0.695795 0.793605 0.504694 0.732551 0.562229 0.743034 0.671506
47 0.759450 0.419514 0.811596 0.507646 0.829756 0.513810 0.793437 0.501482 0.829756 0.513810 0.767675 0.571827 0.764373 0.695870 0.793437 0.501482 0.733504 0.563177 0.741578 0.671032
48 0.759638 0.412318 0.811424 0.504403 0.829362 0.510962 0.793487 0.497843 0.829362 0.510962 0.768549 0.578323 0.765941 0.695747 0.793487 0.497843 0.734234 0.563087 0.739778 0.669825
49 0.759499 0.403318 0.810655 0.499195 0.828080 0.505476 0.793229 0.492914 0.828080 0.505476 0.769155 0.579507 0.765602 0.695707 0.793229 0.492914 0.735976 0.563016 0.738733 0.668510
50 0.759604 0.394388 0.809338 0.495190 0.826555 0.500991 0.792122 0.489390 0.826555 0.500991 0.769880 0.578159 0.764367 0.695697 0.792122 0.489390 0.737715 0.562992 0.738938 0.668923
51 0.760027 0.385659 0.806880 0.488677 0.824829 0.493103 0.788932 0.484250 0.824829 0.493103 0.770250 0.573394 0.761038 0.695594 0.788932 0.484250 0.739439 0.562735 0.739059 0.668975
52 0.760387 0.373867 0.804998 0.481653 0.822724 0.485551 0.787273 0.477756 0.822724 0.485551 0.770696 0.573443 0.761445 0.695544 0.787273 0.477756 0.740918 0.559951 0.739107 0.667506
53 0.762059 0.365329 0.803787 0.479118 0.822230 0.482385 0.785344 0.475852 0.822230 0.482385 0.786406 0.571352 0.762564 0.693518 0.785344 0.475852 0.742538 0.559792 0.739248 0.668861
54 0.764145 0.354954 0.803056 0.475905 0.820860 0.479958 0.785252 0.471852 0.820860 0.479958 0.785384 0.572410 0.763387 0.693159 0.785252 0.471852 0.746395 0.563436 0.740264 0.669800
55 0.766525 0.344977 0.802370 0.470855 0.819267 0.475187 0.785473 0.466523 0.819267 0.475187 0.777022 0.573476 0.763581 0.693394 0.785473 0.466523 0.746317 0.564081 0.740112 0.668994
56 0.768425 0.335740 0.799412 0.464940 0.815803 0.468629 0.783021 0.461252 0.815803 0.468629 0.774538 0.574270 0.765588 0.693263 0.783021 0.461252 0.746068 0.563077 0.740958 0.668406
57 0.770966 0.326231 0.796270 0.464019 0.812562 0.467220 0.779977 0.460819 0.812562 0.467220 0.773805 0.577394 0.767534 0.691876 0.779977 0.460819 0.746008 0.563039 0.742971 0.668418
58 0.773177 0.319467 0.790874 0.463511 0.807896 0.468105 0.773852 0.458916 0.807896 0.468105 0.771289 0.583607 0.767157 0.691921 0.773852 0.458916 0.744047 0.568726 0.742904 0.668443
59 0.775406 0.311733 0.787908 0.462126 0.804380 0.466676 0.771436 0.457577 0.804380 0.466676 0.763884 0.585257 0.767026 0.691950 0.771436 0.457577 0.741886 0.569227 0.742848 0.667163
60 0.776560 0.307692 0.781042 0.464623 0.795474 0.469396 0.766610 0.459851 0.795474 0.469396 0.761968 0.587425 0.765308 0.694191 0.766610 0.459851 0.741120 0.572086 0.743252 0.668126
61 0.778180 0.304633 0.776767 0.466945 0.791242 0.471764 0.762291 0.462125 0.791242 0.471764 0.759464 0.589171 0.763828 0.694148 0.762291 0.462125 0.739805 0.573346 0.743418 0.666495
62 0.780425 0.301970 0.773263 0.468194 0.788837 0.472921 0.757690 0.463467 0.788837 0.472921 0.760234 0.590821 0.763958 0.694364 0.757690 0.463467 0.737431 0.576403 0.741431 0.666978
63 0.782345 0.300655 0.769800 0.468989 0.785935 0.473690 0.753664 0.464288 0.785935 0.473690 0.761030 0.592874 0.764330 0.693841 0.753664 0.464288 0.736969 0.578537 0.741412 0.668283
64 0.783348 0.299420 0.765755 0.469405 0.782628 0.474198 0.748883 0.464612 0.782628 0.474198 0.761146 0.593249 0.764363 0.693218 0.748883 0.464612 0.736834 0.581033 0.741068 0.669176
65 0.783465 0.297484 0.764279 0.467882 0.781036 0.473086 0.747521 0.462677 0.781036 0.473086 0.761662 0.592529 0.765933 0.693311 0.747521 0.462677 0.736458 0.580595 0.741279 0.670774
66 0.783489 0.296342 0.763927 0.467058 0.780847 0.472291 0.747006 0.461826 0.780847 0.472291 0.762015 0.592052 0.766080 0.693320 0.747006 0.461826 0.736109 0.579973 0.741508 0.671226
67 0.783538 0.296288 0.763293 0.467274 0.780627 0.472502 0.745959 0.462045 0.780627 0.472502 0.762141 0.592222 0.766082 0.693276 0.745959 0.462045 0.735952 0.580004 0.742086 0.671131
68 0.783049 0.295521 0.762285 0.465881 0.780113 0.471311 0.744458 0.460451 0.780113 0.471311 0.762243 0.592008 0.766130 0.692965 0.744458 0.460451 0.735580 0.579534 0.742736 0.670866
69 0.782270 0.295421 0.759979 0.464416 0.778073 0.469732 0.741886 0.459099 0.778073 0.469732 0.762115 0.591930 0.766051 0.692689 0.741886 0.459099 0.734699 0.579216 0.742759 0.670556
70 0.780842 0.294640 0.758020 0.463233 0.776061 0.468303 0.739980 0.458162 0.776061 0.468303 0.761454 0.591852 0.765777 0.692678 0.739980 0.458162 0.733566 0.579107 0.742558 0.670230
71 0.779480 0.294064 0.757502 0.461351 0.775420 0.466159 0.739583 0.456544 0.775420 0.466159 0.760831 0.591731 0.765236 0.692887 0.739583 0.456544 0.733095 0.578616 0.742005 0.669566
72 0.778217 0.293618 0.756404 0.460378 0.774321 0.464973 0.738486 0.455783 0.774321 0.464973 0.759530 0.591580 0.764419 0.692882 0.738486 0.455783 0.732518 0.578144 0.741772 0.668820
73 0.777083 0.292989 0.755170 0.460292 0.773172 0.464935 0.737169 0.455649 0.773172 0.464935 0.758125 0.591478 0.762752 0.692610 0.737169 0.455649 0.731783 0.578079 0.741559 0.668087
74 0.775894 0.292813 0.754377 0.460472 0.772256 0.465185 0.736498 0.455759 0.772256 0.465185 0.757247 0.591432 0.760838 0.692458 0.736498 0.455759 0.731104 0.577115 0.740372 0.667324
75 0.775163 0.292721 0.754017 0.460540 0.771872 0.465271 0.736163 0.455809 0.771872 0.465271 0.756293 0.592134 0.759450 0.692440 0.736163 0.455809 0.730601 0.577083 0.739702 0.667341
76 0.774712 0.292767 0.753563 0.460007 0.771450 0.464748 0.735677 0.455267 0.771450 0.464748 0.755943 0.592226 0.758044 0.692382 0.735677 0.455267 0.730242 0.576540 0.739255 0.667154
77 0.773960 0.292755 0.753674 0.459684 0.771852 0.464337 0.735496 0.455030 0.771852 0.464337 0.755542 0.592885 0.756053 0.692377 0.735496 0.455030 0.730047 0.576797 0.738936 0.667285
78 0.773162 0.292844 0.753913 0.459567 0.772288 0.464200 0.735537 0.454933 0.772288 0.464200 0.755411 0.593318 0.754315 0.692363 0.735537 0.454933 0.729953 0.576895 0.738323 0.667285
79 0.772687 0.292771 0.753884 0.458524 0.772586 0.463140 0.735182 0.453909 0.772586 0.463140 0.755093 0.593343 0.752902 0.692361 0.735182 0.453909 0.729990 0.576881 0.737880 0.667230
80 0.772172 0.292694 0.753937 0.457875 0.772801 0.462532 0.735073 0.453218 0.772801 0.462532 0.754959 0.593307 0.752506 0.692354 0.735073 0.453218 0.730050 0.576869 0.737669 0.667097
81 0.771808 0.292547 0.753897 0.457683 0.772944 0.462396 0.734849 0.452969 0.772944 0.462396 0.754911 0.593281 0.752288 0.692187 0.734849 0.452969 0.730086 0.576838 0.737576 0.666897
82 0.771527 0.292426 0.753715 0.457745 0.772999 0.462498 0.734431 0.452993 0.772999 0.462498 0.754933 0.593254 0.752456 0.692165 0.734431 0.452993 0.730062 0.576851 0.737455 0.666881
83 0.771445 0.292482 0.753667 0.457784 0.773036 0.462564 0.734299 0.453004 0.773036 0.462564 0.754949 0.593233 0.752542 0.692187 0.734299 0.453004 0.730074 0.576843 0.737420 0.666841
84 0.771293 0.292704 0.753623 0.457825 0.773088 0.462626 0.734158 0.453023 0.773088 0.462626 0.754950 0.593165 0.752633 0.692223 0.734158 0.453023 0.730082 0.576925 0.737229 0.666879
85 0.771311 0.293125 0.753612 0.457848 0.773128 0.462662 0.734097 0.453034 0.773128 0.462662 0.754979 0.592896 0.752645 0.692214 0.734097 0.453034 0.730091 0.576920 0.737254 0.666871
86 0.771378 0.293937 0.753504 0.458261 0.773086 0.463387 0.733922 0.453134 0.773086 0.463387 0.754907 0.592881 0.752478 0.692111 0.733922 0.453134 0.730099 0.577077 0.737260 0.666871
87 0.771449 0.294917 0.753279 0.459835 0.772801 0.465673 0.733757 0.453998 0.772801 0.465673 0.754816 0.593323 0.752500 0.692149 0.733757 0.453998 0.730096 0.577445 0.737317 0.666908
88 0.771532 0.295714 0.753045 0.461178 0.772573 0.467499 0.733518 0.454858 0.772573 0.467499 0.754810 0.593987 0.752516 0.692148 0.733518 0.454858 0.729799 0.578246 0.737330 0.667072
89 0.771694 0.296430 0.752701 0.462341 0.772067 0.468769 0.733336 0.455913 0.772067 0.468769 0.754742 0.594003 0.752549 0.691759 0.733336 0.455913 0.729130 0.578237 0.737814 0.667002
90 0.771870 0.296800 0.752592 0.463177 0.771940 0.469635 0.733245 0.456719 0.771940 0.469635 0.754748 0.593996 0.752568 0.691618 0.733245 0.456719 0.728633 0.578040 0.738241 0.666691
91 0.772058 0.297336 0.752181 0.464659 0.771743 0.471353 0.732619 0.457965 0.771743 0.471353 0.754679 0.594396 0.752547 0.691611 0.732619 0.457965 0.727092 0.578205 0.738229 0.666640
92 0.772128 0.298101 0.751616 0.467906 0.771434 0.474693 0.731799 0.461120 0.771434 0.474693 0.754729 0.595809 0.752587 0.692323 0.731799 0.461120 0.724758 0.578791 0.737876 0.666468
93 0.772122 0.298815 0.751165 0.469829 0.771129 0.476677 0.731201 0.462981 0.771129 0.476677 0.754732 0.597825 0.752603 0.692644 0.731201 0.462981 0.722138 0.579449 0.737195 0.666151
94 0.772059 0.299699 0.750185 0.470843 0.770006 0.477862 0.730364 0.463823 0.770006 0.477862 0.754780 0.598799 0.752511 0.692661 0.730364 0.463823 0.718019 0.579550 0.736664 0.665721
95 0.771556 0.300326 0.749546 0.472141 0.769399 0.478916 0.729693 0.465365 0.769399 0.478916 0.755069 0.599894 0.752352 0.692713 0.729693 0.465365 0.715309 0.580481 0.735877 0.665332
96 0.770053 0.301613 0.748559 0.473874 0.768167 0.480351 0.728951 0.467398 0.768167 0.480351 0.755101 0.599786 0.751758 0.692859 0.728951 0.467398 0.713636 0.581469 0.734240 0.665332
97 0.768192 0.302880 0.746797 0.475072 0.766314 0.481110 0.727280 0.469034 0.766314 0.481110 0.754919 0.599664 0.750861 0.693174 0.727280 0.469034 0.711504 0.581963 0.731115 0.665569
98 0.765706 0.303914 0.744900 0.476793 0.764501 0.482487 0.725298 0.471098 0.764501 0.482487 0.754723 0.600410 0.749905 0.694434 0.725298 0.471098 0.709512 0.582944 0.727691 0.667246
99 0.762236 0.305155 0.743165 0.479770 0.763086 0.484996 0.723244 0.474544 0.763086 0.484996 0.753768 0.602010 0.749259 0.696345 0.723244 0.474544 0.708316 0.586410 0.725660 0.669696
100 0.758371 0.306543 0.741722 0.481599 0.761719 0.486133 0.721725 0.477066 0.761719 0.486133 0.752744 0.602460 0.748382 0.697191 0.721725 0.477066 0.707850 0.588898 0.725009 0.673404
101 0.753348 0.307293 0.739458 0.483387 0.759148 0.487074 0.719768 0.479699 0.759148 0.487074 0.752424 0.603339 0.748267 0.697382 0.719768 0.479699 0.707736 0.590521 0.724366 0.675045
102 0.748752 0.308254 0.737071 0.486062 0.756857 0.489427 0.717286 0.482697 0.756857 0.489427 0.751688 0.604909 0.748293 0.697569 0.717286 0.482697 0.706992 0.592619 0.724598 0.675904
103 0.743613 0.309303 0.734803 0.487404 0.755177 0.490312 0.714430 0.484496 0.755177 0.490312 0.751151 0.606162 0.748323 0.698587 0.714430 0.484496 0.706530 0.594414 0.724240 0.677030
104 0.737696 0.311471 0.732504 0.489593 0.753193 0.492330 0.711815 0.486856 0.753193 0.492330 0.749457 0.606173 0.748322 0.698561 0.711815 0.486856 0.705643 0.595131 0.723538 0.677197
105 0.730756 0.313587 0.729911 0.490533 0.751050 0.493011 0.708773 0.488055 0.751050 0.493011 0.747093 0.607399 0.748118 0.698192 0.708773 0.488055 0.703707 0.594560 0.721520 0.676784
106 0.722587 0.316131 0.726017 0.492905 0.747446 0.494950 0.704587 0.490859 0.747446 0.494950 0.745992 0.610771 0.747753 0.697994 0.704587 0.490859 0.702505 0.595418 0.720506 0.676599
107 0.713763 0.319220 0.721652 0.495659 0.743205 0.496658 0.700099 0.494660 0.743205 0.496658 0.744531 0.610867 0.747694 0.697049 0.700099 0.494660 0.700787 0.597489 0.720049 0.676141
108 0.704483 0.323451 0.717403 0.496920 0.739139 0.497514 0.695668 0.496326 0.739139 0.497514 0.741372 0.610568 0.747701 0.695906 0.695668 0.496326 0.699879 0.599069 0.720335 0.675982
109 0.694586 0.330239 0.710845 0.499855 0.732291 0.500116 0.689400 0.499594 0.732291 0.500116 0.737176 0.610804 0.747446 0.694767 0.689400 0.499594 0.698149 0.599932 0.720343 0.675727
110 0.683829 0.339838 0.704816 0.502827 0.726133 0.501499 0.683498 0.504155 0.726133 0.501499 0.733991 0.610617 0.747213 0.692235 0.683498 0.504155 0.695527 0.601477 0.719757 0.673280
111 0.672007 0.349537 0.697760 0.509293 0.718520 0.506532 0.677001 0.512054 0.718520 0.506532 0.732470 0.610926 0.746596 0.689941 0.677001 0.512054 0.692667 0.603053 0.718283 0.671967
112 0.659288 0.361947 0.690194 0.516486 0.710576 0.512522 0.669813 0.520450 0.710576 0.512522 0.728564 0.614359 0.744837 0.689918 0.669813 0.520450 0.687683 0.606103 0.716445 0.670793
113 0.647524 0.376990 0.682414 0.520672 0.702730 0.515339 0.662098 0.526006 0.702730 0.515339 0.723039 0.616916 0.742680 0.689071 0.662098 0.526006 0.684062 0.608575 0.712171 0.669669
114 0.632550 0.392867 0.674661 0.524776 0.694899 0.518821 0.654422 0.530730 0.694899 0.518821 0.721855 0.621345 0.737885 0.689168 0.654422 0.530730 0.676515 0.611882 0.708382 0.670212
115 0.616923 0.414948 0.663172 0.527497 0.683250 0.524961 0.643093 0.530034 0.683250 0.524961 0.711537 0.625268 0.736794 0.689980 0.643093 0.530034 0.666287 0.621982 0.704411 0.670265
116 0.598356 0.444494 0.651553 0.543879 0.669935 0.534224 0.633170 0.553535 0.669935 0.534224 0.706965 0.633573 0.737252 0.694990 0.633170 0.553535 0.663624 0.640982 0.705276 0.671523
117 0.584197 0.474477 0.641179 0.562774 0.658451 0.550763 0.623907 0.574786 0.658451 0.550763 0.701295 0.643233 0.731933 0.695305 0.623907 0.574786 0.653039 0.675391 0.691856 0.667595
118 0.561728 0.497293 0.626778 0.571976 0.643828 0.558716 0.609728 0.585236 0.643828 0.558716 0.693393 0.656420 0.732945 0.701684 0.609728 0.585236 0.645136 0.684205 0.692045 0.669435
119 0.538350 0.535315 0.607550 0.589995 0.625913 0.576946 0.589188 0.603045 0.625913 0.576946 0.679487 0.658870 0.725682 0.706052 0.589188 0.603045 0.627922 0.690838 0.665392 0.665693
120 0.518180 0.569392 0.591903 0.613812 0.609135 0.604192 0.574671 0.623433 0.609135 0.604192 0.672234 0.672530 0.729226 0.700102 0.574671 0.623433 0.558349 0.709632 0.525825 0.744094
121 0.494202 0.603681 0.581064 0.643352 0.596909 0.625731 0.565219 0.660973 0.596909 0.625731 0.669604 0.669598 0.735140 0.688221 0.565219 0.660973 0.594377 0.725604 0.614918 0.716210
122 0.474152 0.653373 0.564378 0.672459 0.574906 0.655648 0.553851 0.689270 0.574906 0.655648 0.653115 0.676234 0.728723 0.683613 0.553851 0.689270 0.607490 0.727419 0.667843 0.704999
123 0.456805 0.697419 0.547688 0.698406 0.556614 0.685485 0.538762 0.711328 0.556614 0.685485 0.643683 0.687322 0.723953 0.681311 0.538762 0.711328 0.608161 0.716423 0.709639 0.703025
124 0.446821 0.715652 0.547278 0.705614 0.550970 0.688532 0.543585 0.722697 0.550970 0.688532 0.633681 0.691131 0.715597 0.682713 0.543585 0.722697 0.620232 0.718126 0.707777 0.705700
125 0.443378 0.727335 0.544110 0.695225 0.548464 0.677685 0.539755 0.712765 0.548464 0.677685 0.629182 0.682186 0.706103 0.681725 0.539755 0.712765 0.620481 0.710644 0.700165 0.698627
126 0.432607 0.734601 0.537155 0.686258 0.539887 0.669968 0.534424 0.702548 0.539887 0.669968 0.621321 0.677407 0.699806 0.669448 0.534424 0.702548 0.611804 0.705228 0.693038 0.681574
127 0.434013 0.734958 0.531569 0.679737 0.536212 0.665925 0.526926 0.693549 0.536212 0.665925 0.620257 0.675220 0.694057 0.648521 0.526926 0.693549 0.601759 0.699539 0.649972 0.642097
128 0.431725 0.739996 0.530730 0.678963 0.532329 0.660225 0.529131 0.697702 0.532329 0.660225 0.617255 0.666566 0.687810 0.638427 0.529131 0.697702 0.606708 0.695998 0.655023 0.639922
129 0.432718 0.738994 0.531031 0.677246 0.532530 0.657388 0.529531 0.697104 0.532530 0.657388 0.613978 0.660791 0.685242 0.636565 0.529531 0.697104 0.605889 0.684696 0.658918 0.638310
130 0.431018 0.735601 0.527459 0.677100 0.530675 0.657576 0.524242 0.696623 0.530675 0.657576 0.610520 0.661242 0.679561 0.639311 0.524242 0.696623 0.595794 0.686411 0.651414 0.649491
131 -1 -1 -1 -1 -1 -1 -1 -1 -1 -1 -1 -1 -1 -1 -1 -1 -1 -1 -1 -1
132 -1 -1 -1 -1 -1 -1 -1 -1 -1 -1 -1 -1 -1 -1 -1 -1 -1 -1 -1 -1
133 -1 -1 -1 -1 -1 -1 -1 -1 -1 -1 -1 -1 -1 -1 -1 -1 -1 -1 -1 -1
134 -1 -1 -1 -1 -1 -1 -1 -1 -1 -1 -1 -1 -1 -1 -1 -1 -1 -1 -1 -1
135 -1 -1 -1 -1 -1 -1 -1 -1 -1 -1 -1 -1 -1 -1 -1 -1 -1 -1 -1 -1
136 -1 -1 -1 -1 -1 -1 -1 -1 -1 -1 -1 -1 -1 -1 -1 -1 -1 -1 -1 -1
137 -1 -1 -1 -1 -1 -1 -1 -1 -1 -1 -1 -1 -1 -1 -1 -1 -1 -1 -1 -1
138 -1 -1 -1 -1 -1 -1 -1 -1 -1 -1 -1 -1 -1 -1 -1 -1 -1 -1 -1 -1
139 -1 -1 -1 -1 -1 -1 -1 -1 -1 -1 -1 -1 -1 -1 -1 -1 -1 -1 -1 -1
140 -1 -1 -1 -1 -1 -1 -1 -1 -1 -1 -1 -1 -1 -1 -1 -1 -1 -1 -1 -1
141 -1 -1 -1 -1 -1 -1 -1 -1 -1 -1 -1 -1 -1 -1 -1 -1 -1 -1 -1 -1
142 -1 -1 -1 -1 -1 -1 -1 -1 -1 -1 -1 -1 -1 -1 -1 -1 -1 -1 -1 -1
143 -1 -1 -1 -1 -1 -1 -1 -1 -1 -1 -1 -1 -1 -1 -1 -1 -1 -1 -1 -1
144 -1 -1 -1 -1 -1 -1 -1 -1 -1 -1 -1 -1 -1 -1 -1 -1 -1 -1 -1 -1
145 -1 -1 -1 -1 -1 -1 -1 -1 -1 -1 -1 -1 -1 -1 -1 -1 -1 -1 -1 -1
146 -1 -1 -1 -1 -1 -1 -1 -1 -1 -1 -1 -1 -1 -1 -1 -1 -1 -1 -1 -1
147 -1 -1 -1 -1 -1 -1 -1 -1 -1 -1 -1 -1 -1 -1 -1 -1 -1 -1 -1 -1
148 -1 -1 -1 -1 -1 -1 -1 -1 -1 -1 -1 -1 -1 -1 -1 -1 -1 -1 -1 -1
149 -1 -1 -1 -1 -1 -1 -1 -1 -1 -1 -1 -1 -1 -1 -1 -1 -1 -1 -1 -1
150 -1 -1 -1 -1 -1 -1 -1 -1 -1 -1 -1 -1 -1 -1 -1 -1 -1 -1 -1 -1
151 -1 -1 -1 -1 -1 -1 -1 -1 -1 -1 -1 -1 -1 -1 -1 -1 -1 -1 -1 -1
152 -1 -1 -1 -1 -1 -1 -1 -1 -1 -1 -1 -1 -1 -1 -1 -1 -1 -1 -1 -1
153 -1 -1 -1 -1 -1 -1 -1 -1 -1 -1 -1 -1 -1 -1 -1 -1 -1 -1 -1 -1
154 -1 -1 -1 -1 -1 -1 -1 -1 -1 -1 -1 -1 -1 -1 -1 -1 -1 -1 -1 -1
155 -1 -1 -1 -1 -1 -1 -1 -1 -1 -1 -1 -1 -1 -1 -1 -1 -1 -1 -1 -1
156 -1 -1 -1 -1 -1 -1 -1 -1 -1 -1 -1 -1 -1 -1 -1 -1 -1 -1 -1 -1
157 -1 -1 -1 -1 -1 -1 -1 -1 -1 -1 -1 -1 -1 -1 -1 -1 -1 -1 -1 -1
158 -1 -1 -1 -1 -1 -1 -1 -1 -1 -1 -1 -1 -1 -1 -1 -1 -1 -1 -1 -1
