48
73
0 -1 -1 -1 -1 -1 -1 -1 -1 -1 -1 -1 -1 -1 -1 -1 -1 -1 -1 -1 -1
1 0.727536 0.673591 0.710409 1.041498 0.675789 1.037427 0.745029 1.045569 0.675789 1.037427 0.700559 1.296559 0.703122 1.524948 0.745029 1.045569 0.714635 1.305099 0.681554 1.536470
2 0.718918 0.670970 0.700877 1.030371 0.654069 1.028593 0.747684 1.032149 0.654069 1.028593 0.694926 1.298510 0.705487 1.544979 0.747684 1.032149 0.703939 1.315147 0.680218 1.580144
3 0.710475 0.664450 0.693791 1.021762 0.642050 1.021399 0.745533 1.022124 0.642050 1.021399 0.686099 1.297871 0.705228 1.546794 0.745533 1.022124 0.689777 1.316334 0.673392 1.586016
4 0.702658 0.658403 0.685469 1.014580 0.632438 1.014598 0.738500 1.014562 0.632438 1.014598 0.668090 1.273244 0.693400 1.536420 0.738500 1.014562 0.684718 1.301540 0.669574 1.577000
5 0.694159 0.647798 0.678328 1.005822 0.625558 1.006702 0.731097 1.004942 0.625558 1.006702 0.660275 1.243344 0.685952 1.502120 0.731097 1.004942 0.681881 1.271739 0.668089 1.541327
6 0.689266 0.632076 0.676883 0.994450 0.625771 0.996479 0.727995 0.992421 0.625771 0.996479 0.655687 1.233314 0.681409 1.495911 0.727995 0.992421 0.685550 1.266109 0.668485 1.539375
7 0.684759 0.623807 0.673067 0.987862 0.622098 0.988147 0.724036 0.987577 0.622098 0.988147 0.656042 1.231759 0.682268 1.493470 0.724036 0.987577 0.686470 1.265272 0.668969 1.538485
8 -1 -1 -1 -1 -1 -1 -1 -1 -1 -1 -1 -1 -1 -1 -1 -1 -1 -1 -1 -1
9 -1 -1 -1 -1 -1 -1 -1 -1 -1 -1 -1 -1 -1 -1 -1 -1 -1 -1 -1 -1
10 -1 -1 -1 -1 -1 -1 -1 -1 -1 -1 -1 -1 -1 -1 -1 -1 -1 -1 -1 -1
11 -1 -1 -1 -1 -1 -1 -1 -1 -1 -1 -1 -1 -1 -1 -1 -1 -1 -1 -1 -1
12 -1 -1 -1 -1 -1 -1 -1 -1 -1 -1 -1 -1 -1 -1 -1 -1 -1 -1 -1 -1
13 -1 -1 -1 -1 -1 -1 -1 -1 -1 -1 -1 -1 -1 -1 -1 -1 -1 -1 -1 -1
14 -1 -1 -1 -1 -1 -1 -1 -1 -1 -1 -1 -1 -1 -1 -1 -1 -1 -1 -1 -1
15 -1 -1 -1 -1 -1 -1 -1 -1 -1 -1 -1 -1 -1 -1 -1 -1 -1 -1 -1 -1
16 -1 -1 -1 -1 -1 -1 -1 -1 -1 -1 -1 -1 -1 -1 -1 -1 -1 -1 -1 -1
17 -1 -1 -1 -1 -1 -1 -1 -1 -1 -1 -1 -1 -1 -1 -1 -1 -1 -1 -1 -1
18 -1 -1 -1 -1 -1 -1 -1 -1 -1 -1 -1 -1 -1 -1 -1 -1 -1 -1 -1 -1
19 -1 -1 -1 -1 -1 -1 -1 -1 -1 -1 -1 -1 -1 -1 -1 -1 -1 -1 -1 -1
20 -1 -1 -1 -1 -1 -1 -1 -1 -1 -1 -1 -1 -1 -1 -1 -1 -1 -1 -1 -1
21 -1 -1 -1 -1 -1 -1 -1 -1 -1 -1 -1 -1 -1 -1 -1 -1 -1 -1 -1 -1
22 -1 -1 -1 -1 -1 -1 -1 -1 -1 -1 -1 -1 -1 -1 -1 -1 -1 -1 -1 -1
23 -1 -1 -1 -1 -1 -1 -1 -1 -1 -1 -1 -1 -1 -1 -1 -1 -1 -1 -1 -1
24 -1 -1 -1 -1 -1 -1 -1 -1 -1 -1 -1 -1 -1 -1 -1 -1 -1 -1 -1 -1
25 -1 -1 -1 -1 -1 -1 -1 -1 -1 -1 -1 -1 -1 -1 -1 -1 -1 -1 -1 -1
26 -1 -1 -1 -1 -1 -1 -1 -1 -1 -1 -1 -1 -1 -1 -1 -1 -1 -1 -1 -1
27 -1 -1 -1 -1 -1 -1 -1 -1 -1 -1 -1 -1 -1 -1 -1 -1 -1 -1 -1 -1
28 -1 -1 -1 -1 -1 -1 -1 -1 -1 -1 -1 -1 -1 -1 -1 -1 -1 -1 -1 -1
29 -1 -1 -1 -1 -1 -1 -1 -1 -1 -1 -1 -1 -1 -1 -1 -1 -1 -1 -1 -1
30 -1 -1 -1 -1 -1 -1 -1 -1 -1 -1 -1 -1 -1 -1 -1 -1 -1 -1 -1 -1
31 -1 -1 -1 -1 -1 -1 -1 -1 -1 -1 -1 -1 -1 -1 -1 -1 -1 -1 -1 -1
32 -1 -1 -1 -1 -1 -1 -1 -1 -1 -1 -1 -1 -1 -1 -1 -1 -1 -1 -1 -1
33 -1 -1 -1 -1 -1 -1 -1 -1 -1 -1 -1 -1 -1 -1 -1 -1 -1 -1 -1 -1
34 -1 -1 -1 -1 -1 -1 -1 -1 -1 -1 -1 -1 -1 -1 -1 -1 -1 -1 -1 -1
35 -1 -1 -1 -1 -1 -1 -1 -1 -1 -1 -1 -1 -1 -1 -1 -1 -1 -1 -1 -1
36 -1 -1 -1 -1 -1 -1 -1 -1 -1 -1 -1 -1 -1 -1 -1 -1 -1 -1 -1 -1
37 -1 -1 -1 -1 -1 -1 -1 -1 -1 -1 -1 -1 -1 -1 -1 -1 -1 -1 -1 -1
38 -1 -1 -1 -1 -1 -1 -1 -1 -1 -1 -1 -1 -1 -1 -1 -1 -1 -1 -1 -1
39 -1 -1 -1 -1 -1 -1 -1 -1 -1 -1 -1 -1 -1 -1 -1 -1 -1 -1 -1 -1
40 -1 -1 -1 -1 -1 -1 -1 -1 -1 -1 -1 -1 -1 -1 -1 -1 -1 -1 -1 -1
41 -1 -1 -1 -1 -1 -1 -1 -1 -1 -1 -1 -1 -1 -1 -1 -1 -1 -1 -1 -1
42 -1 -1 -1 -1 -1 -1 -1 -1 -1 -1 -1 -1 -1 -1 -1 -1 -1 -1 -1 -1
43 -1 -1 -1 -1 -1 -1 -1 -1 -1 -1 -1 -1 -1 -1 -1 -1 -1 -1 -1 -1
44 -1 -1 -1 -1 -1 -1 -1 -1 -1 -1 -1 -1 -1 -1 -1 -1 -1 -1 -1 -1
45 -1 -1 -1 -1 -1 -1 -1 -1 -1 -1 -1 -1 -1 -1 -1 -1 -1 -1 -1 -1
46 -1 -1 -1 -1 -1 -1 -1 -1 -1 -1 -1 -1 -1 -1 -1 -1 -1 -1 -1 -1
47 0.509760 0.433325 0.532007 0.673254 0.499617 0.674325 0.564397 0.672183 0.499617 0.674325 0.469161 0.818851 0.515851 1.000202 0.564397 0.672183 0.557589 0.841398 0.574086 1.013664
48 0.501753 0.436200 0.527054 0.662132 0.494894 0.664046 0.559214 0.660219 0.494894 0.664046 0.468816 0.806648 0.502563 0.983694 0.559214 0.660219 0.556023 0.831977 0.569425 0.991093
49 0.493256 0.446195 0.522622 0.654839 0.491680 0.655911 0.553564 0.653767 0.491680 0.655911 0.470367 0.801373 0.495406 0.966315 0.553564 0.653767 0.555595 0.832043 0.569488 0.999286
50 0.483577 0.462043 0.516333 0.654375 0.486112 0.655836 0.546555 0.652913 0.486112 0.655836 0.470324 0.801432 0.495508 0.946441 0.546555 0.652913 0.554029 0.833520 0.571329 1.001765
51 0.473293 0.476485 0.509617 0.646405 0.480613 0.647394 0.538622 0.645415 0.480613 0.647394 0.466774 0.800779 0.497159 0.951915 0.538622 0.645415 0.551120 0.830189 0.569853 1.005795
52 0.465090 0.487879 0.504499 0.639912 0.477176 0.639462 0.531823 0.640362 0.477176 0.639462 0.460898 0.795902 0.497903 0.950431 0.531823 0.640362 0.549369 0.825804 0.569133 1.004682
53 0.460007 0.495747 0.498726 0.634008 0.473100 0.633100 0.524351 0.634916 0.473100 0.633100 0.453705 0.792074 0.496703 0.949094 0.524351 0.634916 0.544586 0.819954 0.567626 1.000539
54 0.453648 0.506594 0.491432 0.633805 0.465669 0.633543 0.517196 0.634067 0.465669 0.633543 0.452495 0.789555 0.496653 0.946931 0.517196 0.634067 0.540380 0.815216 0.560016 0.991239
55 0.449088 0.517433 0.485106 0.628890 0.460161 0.627967 0.510052 0.629813 0.460161 0.627967 0.447493 0.787593 0.495375 0.942710 0.510052 0.629813 0.535693 0.806931 0.555089 0.990152
56 0.441818 0.517106 0.477363 0.629700 0.453503 0.629270 0.501223 0.630129 0.453503 0.629270 0.448574 0.791919 0.496789 0.946991 0.501223 0.630129 0.528893 0.799410 0.548252 0.972504
57 0.438584 0.524504 0.470259 0.633219 0.446206 0.633515 0.494313 0.632924 0.446206 0.633515 0.449003 0.794882 0.497028 0.951062 0.494313 0.632924 0.523879 0.793994 0.549637 0.967261
58 0.435073 0.543732 0.462328 0.632640 0.438501 0.635692 0.486156 0.629588 0.438501 0.635692 0.451107 0.804293 0.497544 0.958201 0.486156 0.629588 0.518513 0.789606 0.549108 0.955828
59 0.427932 0.559574 0.448554 0.629305 0.426659 0.636416 0.470449 0.622194 0.426659 0.636416 0.450228 0.804430 0.488573 0.957954 0.470449 0.622194 0.505275 0.783152 0.546805 0.935114
60 0.423883 0.591439 0.440585 0.633060 0.416933 0.640870 0.464236 0.625249 0.416933 0.640870 0.446734 0.805500 0.483238 0.947600 0.464236 0.625249 0.499086 0.786237 0.545055 0.924789
61 0.418432 0.626488 0.432552 0.649799 0.409015 0.651255 0.456088 0.648344 0.409015 0.651255 0.435239 0.801010 0.482884 0.926953 0.456088 0.648344 0.489922 0.788559 0.534501 0.915527
62 -1 -1 -1 -1 -1 -1 -1 -1 -1 -1 -1 -1 -1 -1 -1 -1 -1 -1 -1 -1
63 0.398202 0.635230 0.430387 0.705837 0.408837 0.714585 0.451937 0.697089 0.408837 0.714585 0.432020 0.826670 0.474983 0.907246 0.451937 0.697089 0.485425 0.801912 0.530431 0.893496
64 0.394276 0.641160 0.428609 0.722391 0.405571 0.733566 0.451647 0.711216 0.405571 0.733566 0.434169 0.826349 0.475716 0.909830 0.451647 0.711216 0.486338 0.802015 0.536338 0.893235
65 0.391082 0.652658 0.428739 0.737637 0.405835 0.752653 0.451642 0.722621 0.405835 0.752653 0.438721 0.825029 0.477876 0.914019 0.451642 0.722621 0.490503 0.795401 0.538059 0.892569
66 0.393071 0.656642 0.428938 0.736217 0.406296 0.750431 0.451581 0.722004 0.406296 0.750431 0.440271 0.825673 0.485017 0.914965 0.451581 0.722004 0.491995 0.802512 0.537962 0.898579
67 0.392536 0.655408 0.427087 0.727656 0.404350 0.746320 0.449824 0.708992 0.404350 0.746320 0.433459 0.812919 0.483244 0.907673 0.449824 0.708992 0.491812 0.788460 0.539239 0.884437
68 0.391929 0.654539 0.420144 0.717693 0.400754 0.731265 0.439534 0.704120 0.400754 0.731265 0.432489 0.802061 0.486148 0.900924 0.439534 0.704120 0.488436 0.782639 0.542119 0.876875
69 0.390767 0.650840 0.420778 0.719764 0.399403 0.734036 0.442153 0.705492 0.399403 0.734036 0.433411 0.807603 0.487697 0.901483 0.442153 0.705492 0.497964 0.785092 0.544937 0.879238
70 0.390237 0.646754 0.421243 0.718129 0.399039 0.733297 0.443447 0.702962 0.399039 0.733297 0.431882 0.810369 0.486299 0.900645 0.443447 0.702962 0.496081 0.784200 0.543540 0.878586
71 0.388881 0.647561 0.422267 0.722154 0.399833 0.740150 0.444701 0.704158 0.399833 0.740150 0.429303 0.820999 0.482743 0.901481 0.444701 0.704158 0.496755 0.785918 0.530237 0.880205
72 0.388142 0.650259 0.421909 0.723761 0.398650 0.743335 0.445168 0.704188 0.398650 0.743335 0.427719 0.821606 0.476391 0.910333 0.445168 0.704188 0.487292 0.786648 0.524961 0.880746
73 0.386905 0.652155 0.420688 0.725634 0.397340 0.746460 0.444035 0.704808 0.397340 0.746460 0.428306 0.820886 0.470603 0.917182 0.444035 0.704808 0.484566 0.787267 0.520985 0.882881
74 0.381233 0.657493 0.418386 0.727660 0.395955 0.749534 0.440817 0.705786 0.395955 0.749534 0.435455 0.821802 0.470215 0.919614 0.440817 0.705786 0.484311 0.786911 0.518669 0.886261
75 0.382398 0.654859 0.418360 0.725909 0.395344 0.746852 0.441376 0.704967 0.395344 0.746852 0.434745 0.816964 0.471398 0.917820 0.441376 0.704967 0.480721 0.787215 0.514994 0.889558
76 0.382844 0.653000 0.418322 0.724783 0.395034 0.745514 0.441609 0.704051 0.395034 0.745514 0.435557 0.817026 0.477627 0.916843 0.441609 0.704051 0.478132 0.787966 0.509201 0.894176
77 0.383342 0.652386 0.418473 0.721634 0.395546 0.740803 0.441400 0.702465 0.395546 0.740803 0.436470 0.816584 0.481614 0.918018 0.441400 0.702465 0.475805 0.787998 0.508200 0.895429
78 0.384089 0.652539 0.418620 0.721193 0.395920 0.740108 0.441319 0.702279 0.395920 0.740108 0.437185 0.816624 0.483160 0.918134 0.441319 0.702279 0.475633 0.788246 0.508345 0.895157
79 0.383859 0.652642 0.417160 0.720839 0.396042 0.739300 0.438277 0.702379 0.396042 0.739300 0.441985 0.815050 0.488152 0.917660 0.438277 0.702379 0.474072 0.790770 0.509437 0.895998
80 0.383231 0.653866 0.416331 0.720821 0.394433 0.740345 0.438228 0.701297 0.394433 0.740345 0.440368 0.816469 0.486919 0.916049 0.438228 0.701297 0.475536 0.792017 0.509799 0.898095
81 0.379257 0.661888 0.412579 0.719547 0.390682 0.740288 0.434475 0.698806 0.390682 0.740288 0.439979 0.817037 0.481880 0.916212 0.434475 0.698806 0.477006 0.791942 0.510676 0.897425
82 0.377180 0.662967 0.413332 0.720712 0.391063 0.742278 0.435602 0.699145 0.391063 0.742278 0.439297 0.826886 0.475788 0.916114 0.435602 0.699145 0.481380 0.791949 0.512747 0.897025
83 0.379821 0.662688 0.415014 0.721033 0.391481 0.742686 0.438547 0.699381 0.391481 0.742686 0.443207 0.825903 0.474325 0.916044 0.438547 0.699381 0.488625 0.792538 0.515934 0.896858
84 0.381137 0.660959 0.418970 0.722695 0.393496 0.744640 0.444444 0.700749 0.393496 0.744640 0.442797 0.825825 0.472487 0.916916 0.444444 0.700749 0.491047 0.794388 0.517774 0.896688
85 0.383737 0.659408 0.420603 0.723811 0.394867 0.745661 0.446338 0.701961 0.394867 0.745661 0.441866 0.825596 0.472235 0.917292 0.446338 0.701961 0.493741 0.794290 0.518895 0.896610
86 0.384026 0.658818 0.421201 0.723847 0.395566 0.745604 0.446836 0.702089 0.395566 0.745604 0.441419 0.825186 0.472755 0.917218 0.446836 0.702089 0.494312 0.794135 0.519436 0.896351
87 0.384716 0.658454 0.420959 0.720188 0.395567 0.741108 0.446351 0.699267 0.395567 0.741108 0.442862 0.824870 0.478521 0.918435 0.446351 0.699267 0.493003 0.794172 0.518668 0.895942
88 0.384887 0.660077 0.421461 0.718065 0.395989 0.738669 0.446933 0.697460 0.395989 0.738669 0.442921 0.824526 0.480360 0.919032 0.446933 0.697460 0.492667 0.795502 0.518308 0.895793
89 0.386109 0.659626 0.422396 0.716504 0.397444 0.736158 0.447348 0.696849 0.397444 0.736158 0.442784 0.824299 0.482121 0.919535 0.447348 0.696849 0.492305 0.797523 0.517803 0.896303
90 0.387866 0.658202 0.422872 0.714432 0.397993 0.733442 0.447752 0.695421 0.397993 0.733442 0.440355 0.821951 0.480698 0.913237 0.447752 0.695421 0.489682 0.797257 0.517289 0.896506
91 0.388409 0.656197 0.422486 0.710916 0.397980 0.727929 0.446992 0.693903 0.397980 0.727929 0.436291 0.814959 0.480479 0.913559 0.446992 0.693903 0.486318 0.797071 0.516298 0.896731
92 0.388307 0.657052 0.422186 0.711199 0.397472 0.728167 0.446899 0.694231 0.397472 0.728167 0.436450 0.816405 0.480486 0.914896 0.446899 0.694231 0.486798 0.797129 0.516689 0.896703
93 0.388163 0.656992 0.421790 0.711768 0.397370 0.729013 0.446209 0.694524 0.397370 0.729013 0.435044 0.817722 0.480466 0.917369 0.446209 0.694524 0.486868 0.795670 0.516806 0.896657
94 0.388500 0.656392 0.422018 0.712058 0.397244 0.729500 0.446793 0.694617 0.397244 0.729500 0.434900 0.817901 0.480222 0.917420 0.446793 0.694617 0.486954 0.795655 0.516995 0.896627
95 0.388518 0.656009 0.422133 0.713403 0.397224 0.731901 0.447041 0.694904 0.397224 0.731901 0.436712 0.821280 0.480130 0.919696 0.447041 0.694904 0.487244 0.795359 0.517057 0.896596
96 0.390381 0.654821 0.422321 0.714679 0.397225 0.733606 0.447417 0.695753 0.397225 0.733606 0.436612 0.821636 0.479986 0.919668 0.447417 0.695753 0.487058 0.794965 0.517088 0.896574
97 0.390459 0.654972 0.422106 0.715266 0.396360 0.733688 0.447852 0.696843 0.396360 0.733688 0.430612 0.821616 0.478424 0.919600 0.447852 0.696843 0.488046 0.794190 0.516519 0.896580
98 0.391636 0.655033 0.422749 0.715747 0.396007 0.733860 0.449491 0.697635 0.396007 0.733860 0.428848 0.821660 0.476620 0.919186 0.449491 0.697635 0.488600 0.793548 0.516134 0.896541
99 0.392282 0.655072 0.422633 0.714704 0.395205 0.731914 0.450062 0.697494 0.395205 0.731914 0.426675 0.821771 0.474570 0.910950 0.450062 0.697494 0.487670 0.792900 0.515792 0.896297
100 0.392466 0.655008 0.422398 0.713458 0.394715 0.729798 0.450081 0.697117 0.394715 0.729798 0.425357 0.821315 0.473983 0.906933 0.450081 0.697117 0.486480 0.791355 0.515545 0.896016
101 0.392477 0.655113 0.422186 0.713687 0.394369 0.730255 0.450004 0.697118 0.394369 0.730255 0.424174 0.821665 0.473188 0.905926 0.450004 0.697118 0.485062 0.791418 0.515491 0.895878
102 0.392256 0.655223 0.421989 0.713043 0.394063 0.728883 0.449915 0.697203 0.394063 0.728883 0.422921 0.821666 0.472808 0.906193 0.449915 0.697203 0.485071 0.791488 0.515288 0.895822
103 0.392194 0.655065 0.421955 0.713011 0.394066 0.728845 0.449845 0.697176 0.394066 0.728845 0.423425 0.821634 0.472686 0.906225 0.449845 0.697176 0.484954 0.791508 0.515090 0.895817
104 0.391937 0.654992 0.421919 0.713218 0.394032 0.729228 0.449805 0.697207 0.394032 0.729228 0.423836 0.821840 0.472785 0.906487 0.449805 0.697207 0.484391 0.791605 0.515103 0.895705
105 0.393041 0.655027 0.422987 0.714614 0.396214 0.729391 0.449759 0.699838 0.396214 0.729391 0.421337 0.817711 0.472546 0.905995 0.449759 0.699838 0.480360 0.796722 0.514661 0.895696
106 0.393514 0.654817 0.422253 0.713761 0.396721 0.727715 0.447786 0.699807 0.396721 0.727715 0.420240 0.813897 0.472336 0.905970 0.447786 0.699807 0.476041 0.797675 0.514338 0.895716
107 0.393838 0.654624 0.422029 0.713884 0.396810 0.727540 0.447247 0.700229 0.396810 0.727540 0.420688 0.812681 0.472294 0.906217 0.447247 0.700229 0.473066 0.792989 0.514356 0.895712
108 0.394157 0.654682 0.421705 0.713903 0.396895 0.727303 0.446515 0.700503 0.396895 0.727303 0.420805 0.813308 0.472283 0.906570 0.446515 0.700503 0.474376 0.794590 0.514307 0.895926
109 0.394562 0.654656 0.421701 0.714502 0.396869 0.728022 0.446534 0.700982 0.396869 0.728022 0.422679 0.813638 0.472292 0.906753 0.446534 0.700982 0.475953 0.794944 0.514119 0.895922
110 0.394708 0.654081 0.421704 0.714593 0.396847 0.728092 0.446561 0.701093 0.396847 0.728092 0.423497 0.812408 0.472238 0.906814 0.446561 0.701093 0.476551 0.794986 0.513657 0.895920
111 0.394450 0.654554 0.419267 0.714407 0.393712 0.728141 0.444823 0.700674 0.393712 0.728141 0.423806 0.812622 0.472081 0.907399 0.444823 0.700674 0.479486 0.794282 0.513742 0.896760
112 0.394506 0.654946 0.418591 0.714567 0.393298 0.728280 0.443883 0.700853 0.393298 0.728280 0.424007 0.811984 0.472310 0.907417 0.443883 0.700853 0.479346 0.794279 0.513925 0.897603
113 0.394936 0.655062 0.418802 0.714618 0.393708 0.728257 0.443897 0.700978 0.393708 0.728257 0.424885 0.810114 0.472546 0.915342 0.443897 0.700978 0.477780 0.794269 0.513982 0.897885
114 0.395201 0.655463 0.418110 0.713124 0.393732 0.725417 0.442488 0.700831 0.393732 0.725417 0.425282 0.807184 0.473125 0.914507 0.442488 0.700831 0.476501 0.794287 0.513369 0.898145
115 0.395354 0.655551 0.417857 0.712778 0.393927 0.724661 0.441786 0.700895 0.393927 0.724661 0.425758 0.806750 0.473192 0.914187 0.441786 0.700895 0.476542 0.794176 0.513341 0.898127
116 0.395704 0.655524 0.418164 0.712484 0.395468 0.723818 0.440860 0.701151 0.395468 0.723818 0.425850 0.801843 0.473265 0.913330 0.440860 0.701151 0.472925 0.794138 0.511953 0.898210
117 0.395707 0.654712 0.418224 0.712811 0.395320 0.723933 0.441129 0.701690 0.395320 0.723933 0.424257 0.803299 0.473026 0.912903 0.441129 0.701690 0.473847 0.794081 0.512028 0.897864
118 0.395920 0.654144 0.418552 0.713047 0.395330 0.724104 0.441773 0.701990 0.395330 0.724104 0.423324 0.805439 0.472599 0.915665 0.441773 0.701990 0.474403 0.794078 0.512068 0.897434
119 0.396005 0.654227 0.418579 0.713155 0.395221 0.724352 0.441937 0.701958 0.395221 0.724352 0.422413 0.809563 0.472314 0.915564 0.441937 0.701958 0.478003 0.792451 0.512083 0.897071
120 0.396204 0.654442 0.419169 0.713307 0.395605 0.724415 0.442734 0.702200 0.395605 0.724415 0.420537 0.810037 0.472481 0.915701 0.442734 0.702200 0.479483 0.792343 0.512096 0.896842
121 0.396346 0.654716 0.419727 0.713420 0.396662 0.724530 0.442792 0.702310 0.396662 0.724530 0.420769 0.810436 0.472169 0.916731 0.442792 0.702310 0.476606 0.788222 0.511631 0.896756
122 0.396495 0.654782 0.420681 0.713500 0.398519 0.724609 0.442843 0.702392 0.398519 0.724609 0.421938 0.810619 0.472067 0.917802 0.442843 0.702392 0.473517 0.786560 0.511228 0.896360
123 0.396863 0.654972 0.421288 0.713658 0.399347 0.724657 0.443230 0.702659 0.399347 0.724657 0.422796 0.811792 0.471582 0.918254 0.443230 0.702659 0.473796 0.786031 0.511208 0.896338
124 0.396257 0.654986 0.420865 0.712654 0.399157 0.723947 0.442574 0.701362 0.399157 0.723947 0.423444 0.811347 0.471620 0.918108 0.442574 0.701362 0.474082 0.787855 0.510625 0.896232
125 0.396252 0.654962 0.420938 0.712790 0.399453 0.723799 0.442423 0.701781 0.399453 0.723799 0.424433 0.811315 0.471615 0.917742 0.442423 0.701781 0.474279 0.792581 0.510258 0.895873
126 0.396281 0.654759 0.420926 0.712845 0.399410 0.723785 0.442441 0.701905 0.399410 0.723785 0.424070 0.812576 0.471476 0.917554 0.442441 0.701905 0.474767 0.792552 0.510286 0.895123
127 0.395590 0.654675 0.420119 0.712729 0.398279 0.723816 0.441959 0.701643 0.398279 0.723816 0.423294 0.814989 0.471175 0.917342 0.441959 0.701643 0.478631 0.792195 0.510307 0.894436
128 0.395170 0.654677 0.418657 0.712579 0.397723 0.723828 0.439592 0.701331 0.397723 0.723828 0.423452 0.815052 0.471429 0.916572 0.439592 0.701331 0.477947 0.792225 0.509430 0.894319
129 0.395869 0.653329 0.419666 0.713587 0.400222 0.724161 0.439110 0.703013 0.400222 0.724161 0.427744 0.814894 0.472285 0.916466 0.439110 0.703013 0.475029 0.792504 0.508216 0.894340
130 0.396313 0.652480 0.419932 0.713708 0.402943 0.723554 0.436921 0.703861 0.402943 0.723554 0.430995 0.810155 0.474030 0.914631 0.436921 0.703861 0.469119 0.796266 0.504166 0.894774
131 0.394356 0.653243 0.418265 0.713456 0.400383 0.723574 0.436148 0.703338 0.400383 0.723574 0.426809 0.810750 0.471214 0.914883 0.436148 0.703338 0.469832 0.789525 0.504985 0.894134
132 0.393836 0.653949 0.416451 0.712276 0.397772 0.723548 0.435130 0.701004 0.397772 0.723548 0.424911 0.811325 0.470755 0.915208 0.435130 0.701004 0.470234 0.789675 0.505481 0.893705
133 0.392588 0.654878 0.415884 0.712159 0.396416 0.723619 0.435352 0.700700 0.396416 0.723619 0.421636 0.814504 0.467905 0.916274 0.435352 0.700700 0.474508 0.789772 0.506337 0.892553
134 0.392695 0.654766 0.416963 0.713675 0.396430 0.725223 0.437496 0.702126 0.396430 0.725223 0.421220 0.818419 0.466575 0.918752 0.437496 0.702126 0.480251 0.790576 0.507366 0.892598
135 0.392270 0.655113 0.417654 0.716273 0.396449 0.729172 0.438860 0.703374 0.396449 0.729172 0.421328 0.822686 0.466789 0.920491 0.438860 0.703374 0.484457 0.790898 0.508137 0.892632
136 0.392037 0.655028 0.418159 0.717130 0.396471 0.730610 0.439848 0.703651 0.396471 0.730610 0.421453 0.823315 0.466707 0.920212 0.439848 0.703651 0.484864 0.791069 0.509209 0.891221
137 0.392025 0.654756 0.418157 0.716687 0.396357 0.729789 0.439957 0.703585 0.396357 0.729789 0.421182 0.822990 0.466248 0.919862 0.439957 0.703585 0.484348 0.791093 0.509098 0.890780
138 0.392062 0.654724 0.418120 0.714947 0.396325 0.727748 0.439915 0.702147 0.396325 0.727748 0.421256 0.822354 0.466107 0.919784 0.439915 0.702147 0.482160 0.790891 0.509006 0.890796
139 0.392096 0.654674 0.418209 0.714752 0.396375 0.727581 0.440043 0.701924 0.396375 0.727581 0.421305 0.822195 0.466200 0.919635 0.440043 0.701924 0.482098 0.790776 0.509006 0.890658
