134
157
0 -1 -1 -1 -1 -1 -1 -1 -1 -1 -1 -1 -1 -1 -1 -1 -1 -1 -1 -1 -1
1 0.876260 0.376545 0.858896 0.591510 0.890417 0.600456 0.827374 0.582564 0.890417 0.600456 0.887205 0.768493 0.892182 0.918213 0.827374 0.582564 0.814713 0.731512 0.812156 0.843468
2 0.876793 0.378095 0.859130 0.596328 0.890548 0.605219 0.827711 0.587438 0.890548 0.605219 0.886127 0.771282 0.891851 0.925400 0.827711 0.587438 0.814860 0.736023 0.812673 0.846462
3 0.877815 0.381597 0.860185 0.598427 0.890957 0.607869 0.829412 0.588985 0.890957 0.607869 0.884739 0.774011 0.891625 0.934471 0.829412 0.588985 0.815233 0.739913 0.813018 0.848240
4 0.879275 0.386005 0.862499 0.605287 0.892160 0.613637 0.832837 0.596937 0.892160 0.613637 0.883443 0.780377 0.890932 0.943483 0.832837 0.596937 0.816306 0.748438 0.813831 0.848167
5 0.881207 0.390808 0.864755 0.612604 0.893581 0.620145 0.835929 0.605063 0.893581 0.620145 0.882889 0.785736 0.888711 0.950254 0.835929 0.605063 0.817335 0.755581 0.814847 0.848082
6 0.883574 0.392778 0.869347 0.614680 0.897938 0.622140 0.840757 0.607221 0.897938 0.622140 0.882786 0.785289 0.886905 0.951494 0.840757 0.607221 0.818655 0.757599 0.815562 0.847592
7 0.887552 0.395540 0.872153 0.618011 0.899712 0.625977 0.844594 0.610046 0.899712 0.625977 0.882633 0.788873 0.886141 0.949983 0.844594 0.610046 0.820088 0.762115 0.815682 0.847524
8 0.891845 0.400800 0.874219 0.626003 0.901091 0.634580 0.847346 0.617426 0.901091 0.634580 0.883505 0.791649 0.886317 0.951122 0.847346 0.617426 0.822003 0.763024 0.816667 0.847153
9 0.895318 0.403241 0.876686 0.629403 0.901180 0.637624 0.852192 0.621181 0.901180 0.637624 0.884012 0.792501 0.886342 0.951429 0.852192 0.621181 0.825183 0.770771 0.817508 0.847169
10 0.898655 0.404912 0.878348 0.632090 0.900751 0.641398 0.855944 0.622782 0.900751 0.641398 0.884896 0.793587 0.886352 0.955971 0.855944 0.622782 0.828751 0.770460 0.818453 0.852066
11 0.903156 0.405085 0.886312 0.633246 0.907684 0.641613 0.864940 0.624879 0.907684 0.641613 0.884898 0.794398 0.886053 0.960572 0.864940 0.624879 0.837071 0.769126 0.822061 0.854523
12 0.908169 0.405455 0.887754 0.633042 0.908165 0.641529 0.867343 0.624555 0.908165 0.641529 0.888877 0.794285 0.886185 0.959104 0.867343 0.624555 0.839558 0.766096 0.829643 0.852142
13 0.911892 0.403336 0.890946 0.633697 0.911139 0.642607 0.870753 0.624787 0.911139 0.642607 0.893813 0.793493 0.886732 0.957948 0.870753 0.624787 0.846034 0.742760 0.836117 0.845276
14 0.916798 0.402619 0.894402 0.635549 0.913798 0.645387 0.875005 0.625710 0.913798 0.645387 0.899851 0.792858 0.889182 0.957805 0.875005 0.625710 0.848159 0.732280 0.840479 0.839105
15 0.920342 0.403699 0.897307 0.641756 0.916617 0.653458 0.877997 0.630053 0.916617 0.653458 0.901203 0.798899 0.891316 0.958322 0.877997 0.630053 0.846859 0.732969 0.843358 0.836488
16 0.924372 0.404857 0.901843 0.644394 0.920800 0.655832 0.882886 0.632957 0.920800 0.655832 0.903396 0.797685 0.893496 0.958667 0.882886 0.632957 0.846647 0.731879 0.845615 0.837224
17 0.928086 0.406461 0.903417 0.648275 0.922325 0.658987 0.884509 0.637563 0.922325 0.658987 0.905415 0.801645 0.893396 0.959535 0.884509 0.637563 0.846979 0.733049 0.848027 0.841566
18 0.931023 0.408380 0.903572 0.651126 0.922666 0.661753 0.884478 0.640499 0.922666 0.661753 0.906932 0.805703 0.893123 0.960332 0.884478 0.640499 0.845885 0.742288 0.850635 0.849357
19 0.934415 0.409987 0.903459 0.653092 0.922551 0.662599 0.884367 0.643585 0.922551 0.662599 0.906874 0.807499 0.892076 0.960213 0.884367 0.643585 0.845216 0.757161 0.853616 0.864500
20 0.936789 0.410042 0.902526 0.655701 0.922272 0.664465 0.882779 0.646937 0.922272 0.664465 0.907276 0.810236 0.889637 0.959901 0.882779 0.646937 0.844769 0.769878 0.856223 0.879421
21 0.935984 0.410237 0.902010 0.656477 0.922513 0.665457 0.881508 0.647497 0.922513 0.665457 0.907387 0.813267 0.887159 0.960778 0.881508 0.647497 0.844477 0.775732 0.855587 0.891854
22 0.936710 0.411231 0.901771 0.658214 0.922565 0.667436 0.880976 0.648993 0.922565 0.667436 0.906955 0.818502 0.886617 0.962491 0.880976 0.648993 0.844324 0.782406 0.855273 0.909778
23 0.936262 0.411780 0.902442 0.657957 0.924413 0.667446 0.880470 0.648468 0.924413 0.667446 0.906690 0.820186 0.885107 0.964495 0.880470 0.648468 0.844331 0.791806 0.854483 0.925750
24 0.938572 0.412023 0.903349 0.657247 0.923918 0.666419 0.882780 0.648075 0.923918 0.666419 0.905358 0.818732 0.882274 0.971969 0.882780 0.648075 0.846309 0.794913 0.853517 0.946460
25 0.939761 0.413172 0.905282 0.658737 0.924535 0.669701 0.886029 0.647773 0.924535 0.669701 0.904928 0.817507 0.878666 0.973401 0.886029 0.647773 0.853060 0.798157 0.852688 0.953952
26 0.937793 0.415352 0.905944 0.660313 0.924453 0.670817 0.887435 0.649808 0.924453 0.670817 0.902207 0.816913 0.875394 0.972177 0.887435 0.649808 0.859854 0.801296 0.852567 0.954649
27 0.936938 0.419735 0.904083 0.669838 0.918198 0.680535 0.889967 0.659142 0.918198 0.680535 0.898611 0.832153 0.871494 0.973102 0.889967 0.659142 0.861452 0.816605 0.852357 0.962567
28 0.933360 0.424564 0.900155 0.675431 0.910764 0.683224 0.889547 0.667638 0.910764 0.683224 0.893006 0.828998 0.868977 0.975777 0.889547 0.667638 0.862573 0.825577 0.851229 0.968177
29 0.929906 0.426320 0.898746 0.676505 0.908662 0.685784 0.888829 0.667227 0.908662 0.685784 0.890290 0.827244 0.864865 0.979046 0.888829 0.667227 0.865017 0.826622 0.851077 0.973316
30 0.924098 0.429781 0.895964 0.679059 0.909925 0.687867 0.882002 0.670251 0.909925 0.687867 0.891216 0.834547 0.867136 0.981633 0.882002 0.670251 0.863849 0.829166 0.841387 0.972844
31 0.922846 0.432627 0.895617 0.685333 0.909938 0.692604 0.881295 0.678061 0.909938 0.692604 0.891282 0.845024 0.868397 0.987394 0.881295 0.678061 0.859664 0.840331 0.837015 0.978945
32 0.919437 0.435248 0.892336 0.691249 0.908337 0.698889 0.876336 0.683610 0.908337 0.698889 0.892671 0.857360 0.868499 0.990190 0.876336 0.683610 0.850899 0.856411 0.833015 0.982761
33 0.914477 0.437768 0.886415 0.698235 0.908830 0.708306 0.864000 0.688165 0.908830 0.708306 0.893320 0.873594 0.869383 0.996244 0.864000 0.688165 0.837381 0.872075 0.826541 0.989030
34 0.912216 0.437808 0.883015 0.697976 0.907363 0.709039 0.858667 0.686912 0.907363 0.709039 0.893096 0.871690 0.870817 0.998214 0.858667 0.686912 0.832301 0.873613 0.825361 0.991443
35 0.908550 0.438257 0.879216 0.698045 0.905253 0.708760 0.853179 0.687329 0.905253 0.708760 0.892204 0.868548 0.872471 0.997236 0.853179 0.687329 0.830065 0.864693 0.822297 0.988951
36 0.902457 0.438304 0.875763 0.696831 0.903682 0.707239 0.847844 0.686424 0.903682 0.707239 0.891582 0.863813 0.874078 0.996090 0.847844 0.686424 0.826934 0.862508 0.819074 0.987466
37 0.898250 0.440836 0.868851 0.700910 0.896998 0.712608 0.840704 0.689212 0.896998 0.712608 0.888053 0.869939 0.874865 0.997511 0.840704 0.689212 0.822467 0.869027 0.816177 0.988151
38 0.892755 0.442908 0.860331 0.707526 0.888207 0.719258 0.832455 0.695793 0.888207 0.719258 0.884277 0.872300 0.875262 0.998769 0.832455 0.695793 0.818428 0.871171 0.817665 0.989566
39 0.886878 0.445810 0.853295 0.715843 0.878747 0.729051 0.827843 0.702635 0.878747 0.729051 0.881772 0.905166 0.883510 1.054887 0.827843 0.702635 0.813874 0.887580 0.816481 0.994759
40 0.881453 0.448950 0.846755 0.725219 0.868767 0.739218 0.824743 0.711220 0.868767 0.739218 0.877174 0.909144 0.884474 1.035571 0.824743 0.711220 0.814070 0.888141 0.815791 0.996529
41 0.877548 0.449374 0.843184 0.725075 0.867196 0.736781 0.819171 0.713370 0.867196 0.736781 0.869460 0.909359 0.888993 1.063186 0.819171 0.713370 0.810319 0.889845 0.816280 0.994800
42 0.874866 0.449377 0.838986 0.726035 0.864478 0.737618 0.813494 0.714451 0.864478 0.737618 0.860446 0.917205 0.890670 1.072279 0.813494 0.714451 0.805901 0.890504 0.816211 0.999789
43 0.871308 0.449555 0.834750 0.727248 0.860871 0.738209 0.808629 0.716288 0.860871 0.738209 0.853731 0.917206 0.889367 1.061343 0.808629 0.716288 0.801505 0.887640 0.815510 0.998574
44 0.867302 0.449323 0.830478 0.732137 0.856312 0.743637 0.804643 0.720638 0.856312 0.743637 0.843603 0.931730 0.877971 1.080925 0.804643 0.720638 0.798603 0.892633 0.819939 1.021057
45 0.863774 0.449614 0.825986 0.734006 0.851269 0.745882 0.800704 0.722130 0.851269 0.745882 0.834813 0.941564 0.866305 1.096500 0.800704 0.722130 0.799044 0.899868 0.821610 1.036347
46 0.858719 0.449550 0.822647 0.735906 0.846321 0.747728 0.798972 0.724085 0.846321 0.747728 0.824058 0.941360 0.853702 1.092020 0.798972 0.724085 0.799388 0.902319 0.820643 1.027928
47 0.855543 0.450315 0.820735 0.737572 0.842272 0.749090 0.799197 0.726054 0.842272 0.749090 0.815953 0.940392 0.838666 1.084771 0.799197 0.726054 0.800761 0.900261 0.816308 1.025451
48 0.851933 0.459394 0.817330 0.742225 0.835780 0.755856 0.798880 0.728594 0.835780 0.755856 0.810214 0.940158 0.828472 1.083332 0.798880 0.728594 0.801508 0.901556 0.813206 1.020851
49 -1 -1 -1 -1 -1 -1 -1 -1 -1 -1 -1 -1 -1 -1 -1 -1 -1 -1 -1 -1
50 -1 -1 -1 -1 -1 -1 -1 -1 -1 -1 -1 -1 -1 -1 -1 -1 -1 -1 -1 -1
51 -1 -1 -1 -1 -1 -1 -1 -1 -1 -1 -1 -1 -1 -1 -1 -1 -1 -1 -1 -1
52 -1 -1 -1 -1 -1 -1 -1 -1 -1 -1 -1 -1 -1 -1 -1 -1 -1 -1 -1 -1
53 -1 -1 -1 -1 -1 -1 -1 -1 -1 -1 -1 -1 -1 -1 -1 -1 -1 -1 -1 -1
54 -1 -1 -1 -1 -1 -1 -1 -1 -1 -1 -1 -1 -1 -1 -1 -1 -1 -1 -1 -1
55 -1 -1 -1 -1 -1 -1 -1 -1 -1 -1 -1 -1 -1 -1 -1 -1 -1 -1 -1 -1
56 -1 -1 -1 -1 -1 -1 -1 -1 -1 -1 -1 -1 -1 -1 -1 -1 -1 -1 -1 -1
57 -1 -1 -1 -1 -1 -1 -1 -1 -1 -1 -1 -1 -1 -1 -1 -1 -1 -1 -1 -1
58 -1 -1 -1 -1 -1 -1 -1 -1 -1 -1 -1 -1 -1 -1 -1 -1 -1 -1 -1 -1
59 -1 -1 -1 -1 -1 -1 -1 -1 -1 -1 -1 -1 -1 -1 -1 -1 -1 -1 -1 -1
60 -1 -1 -1 -1 -1 -1 -1 -1 -1 -1 -1 -1 -1 -1 -1 -1 -1 -1 -1 -1
61 -1 -1 -1 -1 -1 -1 -1 -1 -1 -1 -1 -1 -1 -1 -1 -1 -1 -1 -1 -1
62 -1 -1 -1 -1 -1 -1 -1 -1 -1 -1 -1 -1 -1 -1 -1 -1 -1 -1 -1 -1
63 -1 -1 -1 -1 -1 -1 -1 -1 -1 -1 -1 -1 -1 -1 -1 -1 -1 -1 -1 -1
64 -1 -1 -1 -1 -1 -1 -1 -1 -1 -1 -1 -1 -1 -1 -1 -1 -1 -1 -1 -1
65 -1 -1 -1 -1 -1 -1 -1 -1 -1 -1 -1 -1 -1 -1 -1 -1 -1 -1 -1 -1
66 -1 -1 -1 -1 -1 -1 -1 -1 -1 -1 -1 -1 -1 -1 -1 -1 -1 -1 -1 -1
67 -1 -1 -1 -1 -1 -1 -1 -1 -1 -1 -1 -1 -1 -1 -1 -1 -1 -1 -1 -1
68 -1 -1 -1 -1 -1 -1 -1 -1 -1 -1 -1 -1 -1 -1 -1 -1 -1 -1 -1 -1
69 -1 -1 -1 -1 -1 -1 -1 -1 -1 -1 -1 -1 -1 -1 -1 -1 -1 -1 -1 -1
70 -1 -1 -1 -1 -1 -1 -1 -1 -1 -1 -1 -1 -1 -1 -1 -1 -1 -1 -1 -1
71 -1 -1 -1 -1 -1 -1 -1 -1 -1 -1 -1 -1 -1 -1 -1 -1 -1 -1 -1 -1
72 -1 -1 -1 -1 -1 -1 -1 -1 -1 -1 -1 -1 -1 -1 -1 -1 -1 -1 -1 -1
73 -1 -1 -1 -1 -1 -1 -1 -1 -1 -1 -1 -1 -1 -1 -1 -1 -1 -1 -1 -1
74 -1 -1 -1 -1 -1 -1 -1 -1 -1 -1 -1 -1 -1 -1 -1 -1 -1 -1 -1 -1
75 -1 -1 -1 -1 -1 -1 -1 -1 -1 -1 -1 -1 -1 -1 -1 -1 -1 -1 -1 -1
76 -1 -1 -1 -1 -1 -1 -1 -1 -1 -1 -1 -1 -1 -1 -1 -1 -1 -1 -1 -1
77 -1 -1 -1 -1 -1 -1 -1 -1 -1 -1 -1 -1 -1 -1 -1 -1 -1 -1 -1 -1
78 -1 -1 -1 -1 -1 -1 -1 -1 -1 -1 -1 -1 -1 -1 -1 -1 -1 -1 -1 -1
79 -1 -1 -1 -1 -1 -1 -1 -1 -1 -1 -1 -1 -1 -1 -1 -1 -1 -1 -1 -1
80 -1 -1 -1 -1 -1 -1 -1 -1 -1 -1 -1 -1 -1 -1 -1 -1 -1 -1 -1 -1
81 -1 -1 -1 -1 -1 -1 -1 -1 -1 -1 -1 -1 -1 -1 -1 -1 -1 -1 -1 -1
82 -1 -1 -1 -1 -1 -1 -1 -1 -1 -1 -1 -1 -1 -1 -1 -1 -1 -1 -1 -1
83 -1 -1 -1 -1 -1 -1 -1 -1 -1 -1 -1 -1 -1 -1 -1 -1 -1 -1 -1 -1
84 -1 -1 -1 -1 -1 -1 -1 -1 -1 -1 -1 -1 -1 -1 -1 -1 -1 -1 -1 -1
85 -1 -1 -1 -1 -1 -1 -1 -1 -1 -1 -1 -1 -1 -1 -1 -1 -1 -1 -1 -1
86 -1 -1 -1 -1 -1 -1 -1 -1 -1 -1 -1 -1 -1 -1 -1 -1 -1 -1 -1 -1
87 -1 -1 -1 -1 -1 -1 -1 -1 -1 -1 -1 -1 -1 -1 -1 -1 -1 -1 -1 -1
88 -1 -1 -1 -1 -1 -1 -1 -1 -1 -1 -1 -1 -1 -1 -1 -1 -1 -1 -1 -1
89 -1 -1 -1 -1 -1 -1 -1 -1 -1 -1 -1 -1 -1 -1 -1 -1 -1 -1 -1 -1
90 -1 -1 -1 -1 -1 -1 -1 -1 -1 -1 -1 -1 -1 -1 -1 -1 -1 -1 -1 -1
91 -1 -1 -1 -1 -1 -1 -1 -1 -1 -1 -1 -1 -1 -1 -1 -1 -1 -1 -1 -1
92 -1 -1 -1 -1 -1 -1 -1 -1 -1 -1 -1 -1 -1 -1 -1 -1 -1 -1 -1 -1
93 -1 -1 -1 -1 -1 -1 -1 -1 -1 -1 -1 -1 -1 -1 -1 -1 -1 -1 -1 -1
94 -1 -1 -1 -1 -1 -1 -1 -1 -1 -1 -1 -1 -1 -1 -1 -1 -1 -1 -1 -1
95 -1 -1 -1 -1 -1 -1 -1 -1 -1 -1 -1 -1 -1 -1 -1 -1 -1 -1 -1 -1
96 -1 -1 -1 -1 -1 -1 -1 -1 -1 -1 -1 -1 -1 -1 -1 -1 -1 -1 -1 -1
97 -1 -1 -1 -1 -1 -1 -1 -1 -1 -1 -1 -1 -1 -1 -1 -1 -1 -1 -1 -1
98 -1 -1 -1 -1 -1 -1 -1 -1 -1 -1 -1 -1 -1 -1 -1 -1 -1 -1 -1 -1
99 -1 -1 -1 -1 -1 -1 -1 -1 -1 -1 -1 -1 -1 -1 -1 -1 -1 -1 -1 -1
100 -1 -1 -1 -1 -1 -1 -1 -1 -1 -1 -1 -1 -1 -1 -1 -1 -1 -1 -1 -1
101 -1 -1 -1 -1 -1 -1 -1 -1 -1 -1 -1 -1 -1 -1 -1 -1 -1 -1 -1 -1
102 -1 -1 -1 -1 -1 -1 -1 -1 -1 -1 -1 -1 -1 -1 -1 -1 -1 -1 -1 -1
103 -1 -1 -1 -1 -1 -1 -1 -1 -1 -1 -1 -1 -1 -1 -1 -1 -1 -1 -1 -1
104 -1 -1 -1 -1 -1 -1 -1 -1 -1 -1 -1 -1 -1 -1 -1 -1 -1 -1 -1 -1
105 -1 -1 -1 -1 -1 -1 -1 -1 -1 -1 -1 -1 -1 -1 -1 -1 -1 -1 -1 -1
106 -1 -1 -1 -1 -1 -1 -1 -1 -1 -1 -1 -1 -1 -1 -1 -1 -1 -1 -1 -1
107 -1 -1 -1 -1 -1 -1 -1 -1 -1 -1 -1 -1 -1 -1 -1 -1 -1 -1 -1 -1
108 -1 -1 -1 -1 -1 -1 -1 -1 -1 -1 -1 -1 -1 -1 -1 -1 -1 -1 -1 -1
109 -1 -1 -1 -1 -1 -1 -1 -1 -1 -1 -1 -1 -1 -1 -1 -1 -1 -1 -1 -1
110 0.437548 0.414439 0.440594 0.693073 0.403854 0.694511 0.477333 0.691635 0.403854 0.694511 0.404539 0.879046 0.407580 1.004629 0.477333 0.691635 0.465026 0.868567 0.465239 1.015096
111 0.432943 0.412187 0.438303 0.686187 0.401587 0.686756 0.475018 0.685617 0.401587 0.686756 0.400825 0.872868 0.406600 1.002379 0.475018 0.685617 0.459672 0.860197 0.459435 1.004267
112 0.428522 0.409087 0.435720 0.676678 0.398939 0.677299 0.472501 0.676057 0.398939 0.677299 0.398543 0.867466 0.406594 1.000644 0.472501 0.676057 0.454407 0.852195 0.453159 0.994739
113 0.424209 0.407641 0.432739 0.672346 0.396751 0.673504 0.468727 0.671189 0.396751 0.673504 0.397304 0.862190 0.406045 1.001851 0.468727 0.671189 0.449442 0.842494 0.445760 0.988451
114 0.419900 0.405926 0.430121 0.667366 0.394767 0.670073 0.465474 0.664659 0.394767 0.670073 0.395361 0.856505 0.405339 0.998831 0.465474 0.664659 0.445141 0.834893 0.442238 0.978204
115 0.417042 0.404111 0.428201 0.663997 0.393472 0.667094 0.462931 0.660900 0.393472 0.667094 0.395467 0.853611 0.405546 0.997699 0.462931 0.660900 0.439836 0.827859 0.439476 0.959167
116 0.415680 0.402659 0.425996 0.664408 0.392288 0.667611 0.459704 0.661205 0.392288 0.667611 0.395573 0.855202 0.405067 0.998663 0.459704 0.661205 0.435656 0.833792 0.436129 0.966107
117 0.413949 0.400970 0.425252 0.662725 0.392194 0.666603 0.458309 0.658846 0.392194 0.666603 0.395573 0.856270 0.405222 0.999419 0.458309 0.658846 0.433057 0.834688 0.433200 0.958544
118 0.412847 0.398724 0.425071 0.660101 0.392699 0.664526 0.457443 0.655677 0.392699 0.664526 0.396027 0.854702 0.405150 0.997442 0.457443 0.655677 0.429120 0.833299 0.430437 0.949587
119 0.411818 0.396867 0.425555 0.657801 0.393690 0.663255 0.457420 0.652348 0.393690 0.663255 0.396661 0.853323 0.404811 0.997835 0.457420 0.652348 0.426700 0.829985 0.425043 0.943248
120 0.410806 0.394909 0.425035 0.657276 0.394668 0.662940 0.455402 0.651612 0.394668 0.662940 0.396976 0.840739 0.401159 0.985936 0.455402 0.651612 0.422622 0.816107 0.409870 0.929194
121 0.410069 0.392828 0.425161 0.652060 0.395276 0.658592 0.455045 0.645528 0.395276 0.658592 0.397004 0.827483 0.395482 0.964791 0.455045 0.645528 0.420852 0.791260 0.398051 0.915134
122 0.409043 0.391567 0.424526 0.650425 0.395326 0.657660 0.453725 0.643189 0.395326 0.657660 0.396499 0.826158 0.392675 0.961482 0.453725 0.643189 0.415281 0.787133 0.390519 0.904902
123 0.408621 0.390402 0.424301 0.649447 0.395378 0.656886 0.453224 0.642007 0.395378 0.656886 0.395488 0.812338 0.386190 0.948225 0.453224 0.642007 0.415174 0.773120 0.386136 0.898313
124 0.408147 0.389015 0.424378 0.644023 0.395858 0.650716 0.452898 0.637330 0.395858 0.650716 0.394874 0.804037 0.383632 0.948357 0.452898 0.637330 0.413416 0.769739 0.374839 0.905235
125 0.408363 0.387397 0.425043 0.636242 0.397085 0.642411 0.453002 0.630073 0.397085 0.642411 0.393804 0.796746 0.380321 0.949346 0.453002 0.630073 0.409410 0.771743 0.367407 0.905443
126 0.408693 0.386647 0.425628 0.631238 0.397737 0.636956 0.453519 0.625519 0.397737 0.636956 0.393357 0.792844 0.381843 0.946794 0.453519 0.625519 0.411175 0.763691 0.361896 0.898724
127 0.409328 0.385893 0.427114 0.627936 0.400331 0.633280 0.453897 0.622592 0.400331 0.633280 0.393339 0.793089 0.381175 0.948331 0.453897 0.622592 0.406408 0.767783 0.351885 0.900149
128 0.410233 0.385704 0.429634 0.622939 0.405134 0.628539 0.454135 0.617340 0.405134 0.628539 0.394390 0.788793 0.386280 0.950681 0.454135 0.617340 0.402561 0.772934 0.345817 0.903892
129 0.411089 0.386932 0.430607 0.622299 0.406754 0.627655 0.454459 0.616943 0.406754 0.627655 0.395040 0.787461 0.390809 0.952721 0.454459 0.616943 0.402915 0.773740 0.345359 0.904965
130 0.412344 0.391090 0.433209 0.623062 0.410714 0.628714 0.455705 0.617410 0.410714 0.628714 0.395073 0.789359 0.401482 0.962763 0.455705 0.617410 0.402034 0.772202 0.346736 0.901337
131 0.413411 0.399437 0.439388 0.624283 0.418768 0.630369 0.460007 0.618196 0.418768 0.630369 0.395369 0.789436 0.415766 0.966282 0.460007 0.618196 0.400269 0.766720 0.344123 0.899886
132 0.414683 0.410923 0.449802 0.624401 0.435912 0.630608 0.463692 0.618195 0.435912 0.630608 0.396046 0.788534 0.434521 0.961023 0.463692 0.618195 0.396323 0.762844 0.341886 0.898705
133 0.414578 0.423656 0.462034 0.625898 0.449920 0.632674 0.474148 0.619123 0.449920 0.632674 0.396352 0.784891 0.457839 0.944425 0.474148 0.619123 0.397794 0.762512 0.343463 0.900116
134 0.412914 0.443683 0.468942 0.640901 0.458658 0.651617 0.479226 0.630185 0.458658 0.651617 0.398203 0.785087 0.478151 0.916139 0.479226 0.630185 0.398439 0.763370 0.346271 0.900587
135 0.413679 0.466539 0.476859 0.659476 0.468505 0.670129 0.485213 0.648822 0.468505 0.670129 0.399897 0.785651 0.503756 0.890478 0.485213 0.648822 0.398951 0.764151 0.347928 0.900666
136 0.418590 0.484614 0.487980 0.671370 0.481610 0.680131 0.494349 0.662609 0.481610 0.680131 0.406559 0.786477 0.517801 0.880100 0.494349 0.662609 0.403021 0.767044 0.348925 0.900934
137 0.424313 0.506376 0.494499 0.682738 0.492248 0.690058 0.496749 0.675419 0.492248 0.690058 0.410792 0.789682 0.517662 0.881805 0.496749 0.675419 0.401452 0.753333 0.350027 0.899220
138 0.433170 0.533146 0.500246 0.697271 0.497232 0.705292 0.503261 0.689250 0.497232 0.705292 0.415061 0.800046 0.523680 0.877770 0.503261 0.689250 0.414828 0.767018 0.355799 0.899378
139 0.443679 0.556128 0.507280 0.714068 0.506097 0.720436 0.508463 0.707700 0.506097 0.720436 0.419765 0.809556 0.539633 0.876944 0.508463 0.707700 0.416585 0.767099 0.373381 0.878695
140 0.460091 0.579769 0.517015 0.734859 0.519392 0.737589 0.514639 0.732130 0.519392 0.737589 0.425252 0.810605 0.539282 0.877633 0.514639 0.732130 0.423535 0.790819 0.376126 0.877019
141 0.471522 0.599621 0.521842 0.755554 0.529847 0.756569 0.513837 0.754538 0.529847 0.756569 0.425746 0.816440 0.538831 0.877709 0.513837 0.754538 0.420781 0.794809 0.403188 0.881419
142 0.477425 0.624138 0.526783 0.773915 0.532830 0.773600 0.520737 0.774230 0.532830 0.773600 0.428147 0.815779 0.534238 0.880204 0.520737 0.774230 0.420610 0.799658 0.389898 0.883645
143 0.492060 0.623902 0.533000 0.773245 0.539848 0.777275 0.526153 0.769216 0.539848 0.777275 0.438762 0.813826 0.540132 0.879287 0.526153 0.769216 0.429718 0.794530 0.387224 0.884905
144 0.498182 0.622547 0.537441 0.768638 0.545267 0.764883 0.529616 0.772394 0.545267 0.764883 0.446903 0.787793 0.544068 0.875010 0.529616 0.772394 0.438907 0.788230 0.381319 0.868098
145 0.504617 0.621907 0.543757 0.764024 0.549051 0.762301 0.538463 0.765747 0.549051 0.762301 0.458707 0.774375 0.538513 0.877774 0.538463 0.765747 0.440346 0.746351 0.381100 0.825087
146 0.512164 0.626136 0.546612 0.762779 0.553683 0.757224 0.539541 0.768334 0.553683 0.757224 0.467906 0.761861 0.539097 0.873085 0.539541 0.768334 0.439659 0.727165 0.377886 0.802212
147 0.515457 0.634130 0.544750 0.764300 0.555049 0.754847 0.534450 0.773752 0.555049 0.754847 0.477248 0.721413 0.470142 0.842702 0.534450 0.773752 0.451171 0.726885 0.393503 0.811671
148 0.517547 0.645737 0.546396 0.767635 0.560053 0.752950 0.532739 0.782320 0.560053 0.752950 0.488643 0.698636 0.486587 0.825858 0.532739 0.782320 0.456565 0.737546 0.397548 0.797566
149 0.521216 0.645607 0.549285 0.759660 0.565027 0.743077 0.533543 0.776243 0.565027 0.743077 0.499659 0.698546 0.491010 0.826191 0.533543 0.776243 0.450225 0.716350 0.388830 0.774270
150 0.526978 0.649153 0.552299 0.760229 0.561806 0.742924 0.542791 0.777534 0.561806 0.742924 0.482395 0.673104 0.450349 0.782775 0.542791 0.777534 0.449368 0.716475 0.388283 0.792767
151 0.530555 0.647634 0.556702 0.752481 0.565001 0.730980 0.548404 0.773981 0.565001 0.730980 0.491008 0.680904 0.468531 0.806435 0.548404 0.773981 0.462093 0.713282 0.389831 0.789787
152 0.531375 0.640820 0.555436 0.744813 0.562374 0.724539 0.548499 0.765088 0.562374 0.724539 0.488721 0.680304 0.482668 0.812187 0.548499 0.765088 0.466088 0.707177 0.390427 0.787081
153 0.532682 0.636764 0.554667 0.738072 0.560666 0.722919 0.548669 0.753225 0.560666 0.722919 0.484617 0.694099 0.486962 0.819215 0.548669 0.753225 0.462085 0.706324 0.388601 0.787276
154 0.533668 0.636486 0.556963 0.735700 0.555920 0.719360 0.558006 0.752039 0.555920 0.719360 0.476482 0.701046 0.476912 0.819533 0.558006 0.752039 0.469846 0.710718 0.396319 0.789974
155 0.529565 0.635862 0.553956 0.730105 0.555497 0.717563 0.552415 0.742647 0.555497 0.717563 0.474164 0.704038 0.465013 0.821967 0.552415 0.742647 0.467674 0.714179 0.400301 0.816095
156 0.526071 0.636145 0.552130 0.736534 0.549724 0.722487 0.554536 0.750581 0.549724 0.722487 0.465771 0.713210 0.453913 0.822333 0.554536 0.750581 0.465282 0.729943 0.407993 0.831122
157 0.523625 0.635984 0.549091 0.739545 0.545453 0.727486 0.552729 0.751604 0.545453 0.727486 0.462912 0.725589 0.461443 0.832039 0.552729 0.751604 0.463570 0.739467 0.403321 0.839220
158 0.521747 0.636414 0.545169 0.745936 0.538239 0.734434 0.552099 0.757438 0.538239 0.734434 0.459400 0.730866 0.462474 0.837763 0.552099 0.757438 0.463212 0.746948 0.407669 0.843604
159 0.521510 0.637426 0.543941 0.749688 0.535943 0.738048 0.551938 0.761328 0.535943 0.738048 0.457414 0.734192 0.466048 0.843909 0.551938 0.761328 0.463089 0.744700 0.407041 0.842471
160 0.522162 0.637710 0.541567 0.749485 0.532330 0.737336 0.550803 0.761635 0.532330 0.737336 0.455469 0.737267 0.455228 0.846942 0.550803 0.761635 0.462073 0.748468 0.416371 0.845093
161 0.522947 0.636551 0.541667 0.748203 0.533238 0.736283 0.550096 0.760123 0.533238 0.736283 0.454072 0.739272 0.449592 0.853034 0.550096 0.760123 0.461321 0.748788 0.414824 0.842244
162 0.522946 0.634988 0.542121 0.745223 0.534945 0.732153 0.549297 0.758292 0.534945 0.732153 0.453383 0.741485 0.446263 0.853814 0.549297 0.758292 0.461246 0.747243 0.412031 0.841023
163 0.523739 0.634357 0.541886 0.743873 0.535248 0.730885 0.548524 0.756860 0.535248 0.730885 0.453600 0.746677 0.446390 0.863815 0.548524 0.756860 0.460821 0.747258 0.414201 0.843657
164 0.524069 0.633526 0.541140 0.743454 0.535718 0.730864 0.546562 0.756044 0.535718 0.730864 0.454188 0.744325 0.447592 0.869007 0.546562 0.756044 0.459833 0.747122 0.413896 0.846734
165 0.523005 0.635157 0.539434 0.743316 0.535913 0.730811 0.542956 0.755820 0.535913 0.730811 0.456514 0.735578 0.447957 0.868549 0.542956 0.755820 0.459716 0.746815 0.417737 0.847824
166 0.521721 0.636982 0.539258 0.743149 0.537037 0.731118 0.541479 0.755181 0.537037 0.731118 0.462561 0.732130 0.441420 0.864278 0.541479 0.755181 0.460015 0.746595 0.429971 0.848511
167 0.520580 0.639974 0.539430 0.744436 0.537314 0.732819 0.541547 0.756052 0.537314 0.732819 0.463023 0.732814 0.434613 0.862858 0.541547 0.756052 0.460682 0.750643 0.425829 0.847079
168 0.519831 0.641671 0.541247 0.744287 0.541074 0.734001 0.541421 0.754574 0.541074 0.734001 0.462706 0.744321 0.419540 0.857351 0.541421 0.754574 0.463445 0.749730 0.430149 0.853437
169 0.519623 0.642206 0.542704 0.744100 0.544079 0.734052 0.541329 0.754148 0.544079 0.734052 0.462129 0.748494 0.425851 0.858714 0.541329 0.754148 0.463151 0.749191 0.431716 0.853896
170 0.520228 0.642165 0.542637 0.743914 0.544968 0.733892 0.540306 0.753935 0.544968 0.733892 0.466522 0.748356 0.427438 0.859591 0.540306 0.753935 0.462843 0.748824 0.429869 0.856505
171 0.520663 0.642756 0.540672 0.743494 0.545795 0.733914 0.535549 0.753074 0.545795 0.733914 0.467132 0.747713 0.427081 0.860609 0.535549 0.753074 0.462656 0.748532 0.431668 0.860574
172 0.520570 0.643292 0.539509 0.743135 0.545588 0.733920 0.533430 0.752350 0.545588 0.733920 0.467948 0.747326 0.428127 0.861015 0.533430 0.752350 0.462516 0.748368 0.431829 0.860115
173 0.520212 0.643415 0.538551 0.742441 0.545785 0.733854 0.531318 0.751028 0.545785 0.733854 0.468909 0.745482 0.428630 0.860811 0.531318 0.751028 0.461557 0.743957 0.430661 0.859581
174 0.519921 0.643229 0.538597 0.742257 0.546126 0.733673 0.531068 0.750841 0.546126 0.733673 0.469226 0.741264 0.429492 0.860725 0.531068 0.750841 0.460807 0.745784 0.429704 0.859936
175 0.519946 0.643096 0.538972 0.742082 0.546585 0.733663 0.531358 0.750501 0.546585 0.733663 0.469966 0.739903 0.430219 0.861282 0.531358 0.750501 0.460139 0.741823 0.429869 0.860275
176 0.519648 0.643890 0.538535 0.742145 0.546462 0.733765 0.530609 0.750525 0.546462 0.733765 0.465451 0.747109 0.430459 0.861323 0.530609 0.750525 0.459781 0.740711 0.429740 0.859902
177 0.519368 0.644096 0.538194 0.737632 0.546295 0.724770 0.530093 0.750495 0.546295 0.724770 0.467333 0.744976 0.430635 0.861802 0.530093 0.750495 0.459146 0.740154 0.429654 0.860319
178 0.519004 0.645602 0.537723 0.739254 0.546226 0.727977 0.529220 0.750532 0.546226 0.727977 0.468510 0.738652 0.430334 0.860960 0.529220 0.750532 0.458955 0.740102 0.428884 0.859943
179 0.518923 0.646309 0.537479 0.739646 0.546136 0.729461 0.528821 0.749832 0.546136 0.729461 0.469320 0.738218 0.430440 0.860690 0.528821 0.749832 0.458841 0.739907 0.428205 0.859810
180 0.518919 0.647532 0.537433 0.740260 0.545796 0.730928 0.529069 0.749592 0.545796 0.730928 0.469828 0.738029 0.430581 0.860957 0.529069 0.749592 0.459964 0.738618 0.430964 0.859746
181 0.519002 0.647911 0.537109 0.736158 0.544762 0.723077 0.529456 0.749240 0.544762 0.723077 0.470216 0.738031 0.430252 0.860939 0.529456 0.749240 0.460559 0.737984 0.431574 0.859591
182 0.519104 0.648630 0.537177 0.739263 0.544726 0.729247 0.529629 0.749279 0.544726 0.729247 0.470188 0.738053 0.429521 0.860931 0.529629 0.749279 0.461171 0.740993 0.431505 0.859496
183 0.519159 0.648544 0.537324 0.740210 0.544790 0.731201 0.529859 0.749220 0.544790 0.731201 0.470102 0.738357 0.429491 0.861139 0.529859 0.749220 0.461464 0.743234 0.431638 0.859409
184 0.519220 0.648144 0.537326 0.740076 0.544778 0.731818 0.529874 0.748334 0.544778 0.731818 0.470137 0.741105 0.428989 0.861375 0.529874 0.748334 0.461572 0.744463 0.431401 0.859407
185 0.519296 0.648265 0.537026 0.739976 0.544838 0.731970 0.529214 0.747982 0.544838 0.731970 0.470226 0.742403 0.428751 0.863357 0.529214 0.747982 0.461618 0.744981 0.426888 0.858505
186 0.519318 0.648054 0.536927 0.739676 0.544715 0.731974 0.529140 0.747377 0.544715 0.731974 0.469862 0.744136 0.428319 0.866052 0.529140 0.747377 0.460905 0.746080 0.421038 0.856884
187 0.519436 0.647700 0.536972 0.739433 0.544902 0.731924 0.529043 0.746941 0.544902 0.731924 0.469945 0.744304 0.429303 0.867346 0.529043 0.746941 0.460247 0.742294 0.418717 0.854179
188 0.519404 0.647853 0.536805 0.739493 0.544964 0.731996 0.528645 0.746990 0.544964 0.731996 0.469889 0.744663 0.429462 0.868434 0.528645 0.746990 0.459703 0.740718 0.416361 0.853105
189 0.519248 0.648258 0.536651 0.739509 0.545036 0.731993 0.528266 0.747024 0.545036 0.731993 0.469880 0.744199 0.431678 0.869145 0.528266 0.747024 0.459243 0.740305 0.416749 0.852789
190 0.519172 0.648455 0.536614 0.739690 0.545047 0.732170 0.528180 0.747211 0.545047 0.732170 0.469865 0.744087 0.432918 0.866789 0.528180 0.747211 0.458955 0.740011 0.415901 0.852540
191 0.519180 0.648603 0.536595 0.739794 0.545133 0.732295 0.528056 0.747293 0.545133 0.732295 0.469856 0.743142 0.432849 0.866998 0.528056 0.747293 0.458776 0.739750 0.415021 0.851888
192 0.519252 0.648685 0.536515 0.739996 0.544937 0.732570 0.528092 0.747422 0.544937 0.732570 0.469175 0.744217 0.430577 0.867017 0.528092 0.747422 0.458788 0.739738 0.415609 0.851683
193 0.519255 0.648884 0.536558 0.740278 0.544993 0.732761 0.528122 0.747794 0.544993 0.732761 0.468778 0.743041 0.429402 0.866961 0.528122 0.747794 0.458766 0.739531 0.415572 0.850314
194 0.519284 0.649178 0.536488 0.740530 0.544994 0.733069 0.527982 0.747991 0.544994 0.733069 0.468515 0.742047 0.429353 0.866585 0.527982 0.747991 0.458690 0.739495 0.415983 0.850310
195 0.518829 0.649395 0.536395 0.740540 0.545374 0.733076 0.527417 0.748003 0.545374 0.733076 0.468773 0.740575 0.433783 0.866838 0.527417 0.748003 0.458567 0.739473 0.411900 0.849720
196 0.518705 0.650188 0.536186 0.740745 0.545439 0.733388 0.526932 0.748102 0.545439 0.733388 0.468920 0.739754 0.434057 0.866892 0.526932 0.748102 0.458516 0.739490 0.411392 0.848907
197 0.518415 0.650138 0.536056 0.740740 0.545502 0.733397 0.526610 0.748082 0.545502 0.733397 0.469329 0.739319 0.434729 0.866872 0.526610 0.748082 0.458492 0.739502 0.411982 0.848581
198 0.518416 0.650009 0.536083 0.740796 0.545507 0.733419 0.526659 0.748173 0.545507 0.733419 0.469451 0.739309 0.435779 0.867110 0.526659 0.748173 0.458487 0.739510 0.411939 0.848426
199 0.518367 0.649707 0.536275 0.740769 0.545861 0.733420 0.526689 0.748118 0.545861 0.733420 0.469931 0.739372 0.436238 0.868770 0.526689 0.748118 0.458481 0.739450 0.409754 0.847797
200 0.518358 0.649686 0.536274 0.740786 0.545832 0.733432 0.526717 0.748139 0.545832 0.733432 0.469830 0.741290 0.436083 0.870531 0.526717 0.748139 0.458480 0.739372 0.409238 0.847085
201 0.518361 0.649816 0.536242 0.740799 0.545756 0.733465 0.526728 0.748133 0.545756 0.733465 0.469820 0.741578 0.434879 0.870368 0.526728 0.748133 0.458470 0.739114 0.409344 0.846120
202 0.518405 0.650114 0.536019 0.740889 0.545302 0.733589 0.526736 0.748190 0.545302 0.733589 0.469540 0.742550 0.431050 0.870231 0.526736 0.748190 0.458466 0.738757 0.409770 0.846074
203 0.518639 0.650574 0.535788 0.741230 0.544822 0.733764 0.526754 0.748695 0.544822 0.733764 0.469537 0.740600 0.430109 0.865222 0.526754 0.748695 0.458531 0.738788 0.411967 0.846490
204 0.518169 0.651647 0.535203 0.741492 0.544669 0.734073 0.525737 0.748911 0.544669 0.734073 0.469558 0.738553 0.431472 0.865185 0.525737 0.748911 0.458582 0.738793 0.411485 0.846256
205 0.518060 0.651773 0.535158 0.741478 0.544673 0.734014 0.525643 0.748943 0.544673 0.734014 0.469851 0.737790 0.430996 0.864461 0.525643 0.748943 0.458642 0.738758 0.411524 0.845873
206 0.518076 0.651770 0.535130 0.741426 0.544702 0.733931 0.525558 0.748921 0.544702 0.733931 0.469957 0.737802 0.431039 0.864246 0.525558 0.748921 0.458733 0.738757 0.410427 0.845249
207 0.517474 0.651775 0.534564 0.741278 0.544706 0.733725 0.524422 0.748831 0.544706 0.733725 0.470233 0.736632 0.433349 0.864644 0.524422 0.748831 0.451858 0.729861 0.408020 0.844497
208 0.517190 0.652357 0.533817 0.741298 0.544294 0.733761 0.523340 0.748834 0.544294 0.733761 0.470231 0.736763 0.433428 0.865262 0.523340 0.748834 0.449227 0.726597 0.405541 0.843309
209 0.516993 0.652344 0.533751 0.741192 0.544233 0.733616 0.523270 0.748769 0.544233 0.733616 0.469886 0.736761 0.431909 0.865290 0.523270 0.748769 0.449306 0.727329 0.406145 0.843458
210 0.516855 0.652230 0.533823 0.741189 0.544271 0.733618 0.523376 0.748760 0.544271 0.733618 0.469201 0.737567 0.429626 0.865987 0.523376 0.748760 0.454087 0.731756 0.406330 0.843572
211 0.516858 0.652054 0.533859 0.741157 0.544271 0.733554 0.523448 0.748760 0.544271 0.733554 0.468113 0.737598 0.426079 0.865867 0.523448 0.748760 0.456307 0.734097 0.406774 0.843650
212 0.516876 0.651843 0.533886 0.741079 0.544289 0.733465 0.523483 0.748693 0.544289 0.733465 0.468127 0.737838 0.426719 0.866275 0.523483 0.748693 0.457281 0.735169 0.405711 0.843526
213 0.516862 0.651779 0.533940 0.741119 0.544291 0.733453 0.523589 0.748785 0.544291 0.733453 0.468166 0.737662 0.427098 0.866691 0.523589 0.748785 0.457965 0.735862 0.406082 0.843571
214 0.517010 0.651439 0.534148 0.741147 0.544345 0.733399 0.523950 0.748894 0.544345 0.733399 0.464938 0.745452 0.427358 0.867327 0.523950 0.748894 0.458477 0.736854 0.406569 0.844813
215 0.517111 0.651042 0.534311 0.741080 0.544379 0.733306 0.524243 0.748853 0.544379 0.733306 0.466306 0.744871 0.429600 0.868809 0.524243 0.748853 0.458668 0.737529 0.406509 0.845074
216 0.517091 0.651002 0.534259 0.741023 0.544251 0.733190 0.524267 0.748856 0.544251 0.733190 0.466431 0.742990 0.429654 0.868968 0.524267 0.748856 0.458605 0.737555 0.407414 0.846055
217 0.517079 0.650520 0.534215 0.740662 0.544152 0.732653 0.524277 0.748670 0.544152 0.732653 0.466693 0.742800 0.429628 0.868939 0.524277 0.748670 0.458581 0.737708 0.409351 0.847480
218 0.517136 0.650561 0.534301 0.740700 0.544116 0.732675 0.524486 0.748724 0.544116 0.732675 0.467224 0.742659 0.429639 0.868924 0.524486 0.748724 0.458537 0.737824 0.409462 0.847631
219 0.517324 0.650651 0.534596 0.741103 0.544040 0.732974 0.525151 0.749233 0.544040 0.732974 0.467411 0.742425 0.429398 0.868940 0.525151 0.749233 0.458618 0.738034 0.410079 0.848691
220 0.517418 0.650481 0.534905 0.741122 0.544250 0.733017 0.525560 0.749226 0.544250 0.733017 0.468771 0.742295 0.431704 0.870078 0.525560 0.749226 0.458698 0.738231 0.409429 0.848683
221 0.517627 0.650043 0.535225 0.741036 0.544461 0.732983 0.525990 0.749089 0.544461 0.732983 0.469877 0.743471 0.432077 0.870611 0.525990 0.749089 0.458797 0.738341 0.410550 0.849649
222 0.517907 0.649091 0.535671 0.740914 0.545180 0.732771 0.526162 0.749056 0.545180 0.732771 0.470014 0.743294 0.432224 0.870764 0.526162 0.749056 0.458887 0.738620 0.410228 0.849915
223 0.517983 0.648347 0.535779 0.740408 0.545334 0.732094 0.526224 0.748722 0.545334 0.732094 0.469727 0.743862 0.429736 0.870999 0.526224 0.748722 0.459006 0.739055 0.410205 0.849883
224 0.518196 0.648113 0.536052 0.740394 0.545598 0.732063 0.526506 0.748726 0.545598 0.732063 0.469639 0.743807 0.429320 0.871060 0.526506 0.748726 0.459037 0.746243 0.410761 0.850437
225 0.518080 0.648314 0.535951 0.740433 0.545608 0.732135 0.526293 0.748731 0.545608 0.732135 0.469614 0.743725 0.430205 0.871438 0.526293 0.748731 0.459035 0.744606 0.410248 0.850383
226 0.518350 0.648037 0.536334 0.740386 0.545762 0.732053 0.526906 0.748719 0.545762 0.732053 0.469623 0.743784 0.430074 0.871395 0.526906 0.748719 0.459052 0.743281 0.410278 0.850036
227 0.518341 0.648242 0.536280 0.740360 0.545737 0.731998 0.526822 0.748722 0.545737 0.731998 0.469708 0.742134 0.429849 0.870597 0.526822 0.748722 0.459065 0.742026 0.410274 0.850006
228 0.518079 0.647945 0.536276 0.740090 0.545753 0.731808 0.526799 0.748372 0.545753 0.731808 0.469139 0.740940 0.429776 0.870593 0.526799 0.748372 0.459060 0.741937 0.411034 0.849985
229 0.517828 0.648090 0.536198 0.740275 0.545751 0.732092 0.526646 0.748458 0.545751 0.732092 0.469109 0.740957 0.429777 0.870724 0.526646 0.748458 0.459014 0.741739 0.411024 0.849881
230 0.517330 0.648336 0.535861 0.740269 0.545228 0.732084 0.526494 0.748454 0.545228 0.732084 0.468763 0.740953 0.428052 0.869114 0.526494 0.748454 0.459069 0.746242 0.411120 0.850095
231 0.517332 0.648127 0.535974 0.740099 0.545242 0.732052 0.526706 0.748147 0.545242 0.732052 0.468581 0.741006 0.428006 0.868931 0.526706 0.748147 0.459071 0.745217 0.411822 0.850082
232 0.517576 0.647453 0.536518 0.740044 0.545850 0.732046 0.527185 0.748041 0.545850 0.732046 0.464780 0.752609 0.430678 0.868966 0.527185 0.748041 0.459079 0.744687 0.410995 0.848889
233 0.517671 0.646918 0.537117 0.740026 0.546427 0.732045 0.527806 0.748007 0.546427 0.732045 0.466245 0.749755 0.429489 0.868278 0.527806 0.748007 0.459106 0.744513 0.411176 0.848721
234 0.517910 0.646714 0.537565 0.740247 0.546953 0.732401 0.528177 0.748092 0.546953 0.732401 0.469568 0.749521 0.430164 0.869161 0.528177 0.748092 0.459106 0.743267 0.410916 0.847650
235 0.517940 0.646861 0.537491 0.740087 0.546840 0.732384 0.528142 0.747789 0.546840 0.732384 0.469711 0.746950 0.429451 0.869060 0.528142 0.747789 0.459119 0.742516 0.411452 0.847667
236 0.517925 0.646881 0.537457 0.740084 0.546823 0.732382 0.528091 0.747786 0.546823 0.732382 0.465713 0.752813 0.430195 0.869073 0.528091 0.747786 0.459121 0.742175 0.412201 0.847677
237 0.518031 0.647522 0.537211 0.740111 0.546754 0.732406 0.527668 0.747817 0.546754 0.732406 0.468166 0.750287 0.430933 0.869346 0.527668 0.747817 0.459121 0.742072 0.411633 0.847735
238 0.518074 0.647591 0.536905 0.740097 0.546160 0.732404 0.527650 0.747790 0.546160 0.732404 0.468901 0.750199 0.431014 0.870705 0.527650 0.747790 0.459156 0.746865 0.411453 0.848138
239 0.518194 0.647857 0.536844 0.740590 0.545992 0.732902 0.527697 0.748277 0.545992 0.732902 0.469804 0.748137 0.431286 0.871235 0.527697 0.748277 0.459157 0.747371 0.411447 0.848088
240 0.518072 0.648860 0.536318 0.740707 0.545938 0.732951 0.526698 0.748464 0.545938 0.732951 0.472592 0.746534 0.435353 0.871230 0.526698 0.748464 0.459148 0.743686 0.411011 0.848206
241 0.518213 0.649228 0.536311 0.741249 0.545894 0.733158 0.526729 0.749339 0.545894 0.733158 0.472701 0.745916 0.435074 0.871160 0.526729 0.749339 0.459148 0.741813 0.411394 0.848539
242 0.518208 0.649185 0.536325 0.741116 0.545905 0.733117 0.526745 0.749114 0.545905 0.733117 0.472656 0.746159 0.434767 0.871098 0.526745 0.749114 0.459083 0.741126 0.411324 0.848586
243 0.518236 0.649129 0.536373 0.741111 0.545896 0.733118 0.526851 0.749103 0.545896 0.733118 0.472633 0.747003 0.431933 0.870555 0.526851 0.749103 0.459071 0.746465 0.411770 0.849438
244 0.518480 0.648980 0.536753 0.740978 0.546327 0.733060 0.527178 0.748896 0.546327 0.733060 0.472647 0.747716 0.431055 0.870766 0.527178 0.748896 0.459097 0.749091 0.411623 0.849589
245 0.518708 0.648573 0.537098 0.740646 0.546454 0.732812 0.527742 0.748481 0.546454 0.732812 0.472749 0.747577 0.430593 0.870634 0.527742 0.748481 0.459182 0.749652 0.411677 0.849290
246 0.518869 0.648261 0.537300 0.740530 0.546545 0.732714 0.528054 0.748346 0.546545 0.732714 0.473355 0.746426 0.431323 0.869520 0.528054 0.748346 0.459223 0.750009 0.412253 0.849308
247 0.519078 0.646929 0.537508 0.739741 0.546595 0.732100 0.528421 0.747383 0.546595 0.732100 0.473468 0.746045 0.431759 0.869518 0.528421 0.747383 0.459329 0.749811 0.412106 0.849168
248 0.519121 0.645883 0.537469 0.738720 0.546295 0.731293 0.528643 0.746146 0.546295 0.731293 0.472633 0.746575 0.428296 0.869098 0.528643 0.746146 0.459353 0.749631 0.412023 0.849172
249 0.519142 0.645724 0.537482 0.738360 0.546289 0.731005 0.528674 0.745715 0.546289 0.731005 0.472613 0.747627 0.427882 0.870019 0.528674 0.745715 0.459356 0.750044 0.411555 0.849097
250 0.518708 0.645846 0.537414 0.738393 0.546006 0.731134 0.528823 0.745651 0.546006 0.731134 0.465503 0.758881 0.426252 0.869805 0.528823 0.745651 0.459421 0.750012 0.411555 0.848887
