330
375
0 -1 -1 -1 -1 -1 -1 -1 -1 -1 -1 -1 -1 -1 -1 -1 -1 -1 -1 -1 -1
1 -1 -1 -1 -1 -1 -1 -1 -1 -1 -1 -1 -1 -1 -1 -1 -1 -1 -1 -1 -1
2 -1 -1 -1 -1 -1 -1 -1 -1 -1 -1 -1 -1 -1 -1 -1 -1 -1 -1 -1 -1
3 -1 -1 -1 -1 -1 -1 -1 -1 -1 -1 -1 -1 -1 -1 -1 -1 -1 -1 -1 -1
4 -1 -1 -1 -1 -1 -1 -1 -1 -1 -1 -1 -1 -1 -1 -1 -1 -1 -1 -1 -1
5 -1 -1 -1 -1 -1 -1 -1 -1 -1 -1 -1 -1 -1 -1 -1 -1 -1 -1 -1 -1
6 -1 -1 -1 -1 -1 -1 -1 -1 -1 -1 -1 -1 -1 -1 -1 -1 -1 -1 -1 -1
7 -1 -1 -1 -1 -1 -1 -1 -1 -1 -1 -1 -1 -1 -1 -1 -1 -1 -1 -1 -1
8 -1 -1 -1 -1 -1 -1 -1 -1 -1 -1 -1 -1 -1 -1 -1 -1 -1 -1 -1 -1
9 -1 -1 -1 -1 -1 -1 -1 -1 -1 -1 -1 -1 -1 -1 -1 -1 -1 -1 -1 -1
10 -1 -1 -1 -1 -1 -1 -1 -1 -1 -1 -1 -1 -1 -1 -1 -1 -1 -1 -1 -1
11 -1 -1 -1 -1 -1 -1 -1 -1 -1 -1 -1 -1 -1 -1 -1 -1 -1 -1 -1 -1
12 -1 -1 -1 -1 -1 -1 -1 -1 -1 -1 -1 -1 -1 -1 -1 -1 -1 -1 -1 -1
13 -1 -1 -1 -1 -1 -1 -1 -1 -1 -1 -1 -1 -1 -1 -1 -1 -1 -1 -1 -1
14 0.863185 0.348522 0.834907 0.544671 0.819612 0.547312 0.850201 0.542029 0.819612 0.547312 0.786597 0.668544 0.779359 0.789253 0.850201 0.542029 0.827916 0.668947 0.818531 0.789058
15 0.858954 0.345549 0.834146 0.544383 0.817591 0.546100 0.850701 0.542666 0.817591 0.546100 0.781800 0.660557 0.769216 0.777615 0.850701 0.542666 0.828393 0.669413 0.817218 0.788234
16 0.854487 0.344488 0.832406 0.542465 0.813791 0.541872 0.851022 0.543058 0.813791 0.541872 0.778891 0.652014 0.761163 0.765502 0.851022 0.543058 0.828564 0.669085 0.817723 0.788087
17 0.849126 0.344088 0.829813 0.541168 0.808776 0.539187 0.850851 0.543149 0.808776 0.539187 0.777824 0.646459 0.757080 0.758335 0.850851 0.543149 0.828821 0.668856 0.817985 0.787728
18 0.846667 0.343227 0.827945 0.540469 0.805963 0.537665 0.849926 0.543274 0.805963 0.537665 0.777641 0.644262 0.757984 0.754532 0.849926 0.543274 0.828995 0.668265 0.818109 0.787294
19 0.844200 0.343227 0.825746 0.540001 0.802744 0.536630 0.848747 0.543371 0.802744 0.536630 0.778010 0.643768 0.760082 0.752621 0.848747 0.543371 0.828473 0.665774 0.818375 0.787115
20 0.841861 0.343757 0.822678 0.538308 0.797741 0.534511 0.847615 0.542106 0.797741 0.534511 0.777332 0.643420 0.759979 0.754825 0.847615 0.542106 0.826746 0.664166 0.818640 0.786915
21 0.839822 0.343369 0.819256 0.536244 0.794027 0.531440 0.844485 0.541047 0.794027 0.531440 0.775504 0.644404 0.761007 0.754694 0.844485 0.541047 0.824406 0.662344 0.817728 0.786655
22 0.837358 0.342137 0.817000 0.532607 0.793163 0.528074 0.840836 0.537140 0.793163 0.528074 0.774898 0.643302 0.763132 0.753024 0.840836 0.537140 0.821022 0.658445 0.812973 0.782887
23 0.834972 0.341476 0.814496 0.533046 0.790460 0.528939 0.838531 0.537153 0.790460 0.528939 0.773003 0.643592 0.759939 0.754249 0.838531 0.537153 0.817849 0.658321 0.810743 0.782759
24 0.833086 0.341174 0.810414 0.533653 0.786207 0.529892 0.834621 0.537413 0.786207 0.529892 0.771683 0.644165 0.757276 0.755695 0.834621 0.537413 0.817011 0.658391 0.807620 0.782783
25 0.832442 0.340513 0.809902 0.531765 0.786395 0.528399 0.833409 0.535130 0.786395 0.528399 0.769966 0.644319 0.758181 0.756991 0.833409 0.535130 0.815679 0.657656 0.807299 0.781831
26 0.831906 0.339808 0.809400 0.530403 0.786391 0.527088 0.832410 0.533718 0.786391 0.527088 0.769680 0.643552 0.757610 0.757703 0.832410 0.533718 0.813924 0.656677 0.807771 0.780620
27 0.832245 0.338893 0.809411 0.529986 0.786878 0.526569 0.831944 0.533402 0.786878 0.526569 0.769710 0.643849 0.757025 0.758188 0.831944 0.533402 0.813101 0.656594 0.807509 0.780466
28 0.833142 0.338913 0.809791 0.529272 0.787610 0.525941 0.831972 0.532604 0.787610 0.525941 0.769973 0.644022 0.757250 0.758499 0.831972 0.532604 0.813081 0.656336 0.808078 0.780388
29 0.834290 0.339099 0.810041 0.529098 0.788232 0.525754 0.831850 0.532442 0.788232 0.525754 0.770457 0.644165 0.756878 0.758746 0.831850 0.532442 0.813240 0.656451 0.808302 0.780585
30 0.835928 0.338955 0.810477 0.528207 0.788849 0.524758 0.832104 0.531657 0.788849 0.524758 0.770826 0.644283 0.756585 0.758919 0.832104 0.531657 0.813531 0.656372 0.808599 0.780597
31 0.836817 0.338388 0.810843 0.527063 0.789142 0.523189 0.832544 0.530936 0.789142 0.523189 0.770891 0.643863 0.756508 0.759292 0.832544 0.530936 0.813864 0.656300 0.808827 0.780767
32 0.839324 0.339340 0.811113 0.526847 0.789459 0.522659 0.832766 0.531035 0.789459 0.522659 0.770434 0.643270 0.756339 0.759423 0.832766 0.531035 0.813907 0.656367 0.808976 0.781117
33 0.842375 0.340039 0.811957 0.526847 0.790695 0.522502 0.833219 0.531192 0.790695 0.522502 0.770115 0.642812 0.755957 0.759553 0.833219 0.531192 0.814032 0.656333 0.809166 0.781337
34 0.844857 0.340181 0.813262 0.526651 0.792258 0.522075 0.834265 0.531228 0.792258 0.522075 0.769731 0.641622 0.755978 0.758875 0.834265 0.531228 0.814654 0.656122 0.809640 0.781421
35 0.847282 0.340460 0.814703 0.526373 0.793378 0.521447 0.836027 0.531299 0.793378 0.521447 0.768899 0.639975 0.755419 0.758039 0.836027 0.531299 0.815425 0.655924 0.809703 0.781479
36 0.849281 0.340599 0.815830 0.525751 0.794258 0.520582 0.837403 0.530919 0.794258 0.520582 0.767727 0.637958 0.755243 0.756561 0.837403 0.530919 0.815745 0.654356 0.809738 0.779782
37 0.851008 0.340421 0.816935 0.524748 0.795247 0.519092 0.838623 0.530403 0.795247 0.519092 0.766981 0.636742 0.755327 0.756234 0.838623 0.530403 0.815808 0.653517 0.810056 0.779686
38 0.852519 0.340216 0.817778 0.523857 0.796023 0.517761 0.839533 0.529952 0.796023 0.517761 0.766022 0.634614 0.755115 0.754570 0.839533 0.529952 0.815841 0.652227 0.810498 0.779706
39 0.853458 0.340126 0.818098 0.523408 0.796428 0.517192 0.839769 0.529623 0.796428 0.517192 0.765050 0.631988 0.752905 0.751007 0.839769 0.529623 0.816581 0.650888 0.810549 0.779724
40 0.853973 0.340028 0.818083 0.523196 0.796437 0.517020 0.839728 0.529371 0.796437 0.517020 0.762942 0.628903 0.748356 0.747940 0.839728 0.529371 0.817356 0.649350 0.810684 0.779709
41 0.853924 0.340182 0.817871 0.523329 0.796222 0.517231 0.839520 0.529426 0.796222 0.517231 0.759942 0.627895 0.739999 0.746759 0.839520 0.529426 0.817536 0.649381 0.810733 0.779862
42 0.853673 0.340673 0.817590 0.523429 0.795942 0.517397 0.839238 0.529460 0.795942 0.517397 0.759015 0.626321 0.733683 0.745268 0.839238 0.529460 0.819023 0.649522 0.810861 0.779878
43 0.853454 0.340795 0.817026 0.523503 0.795261 0.517520 0.838790 0.529487 0.795261 0.517520 0.757825 0.624507 0.727227 0.740676 0.838790 0.529487 0.819923 0.649657 0.810963 0.780977
44 0.852498 0.340769 0.816428 0.523398 0.794491 0.517558 0.838365 0.529239 0.794491 0.517558 0.754989 0.621060 0.724144 0.735385 0.838365 0.529239 0.820160 0.649673 0.811064 0.781190
45 0.849835 0.340715 0.815788 0.523070 0.793841 0.517405 0.837736 0.528734 0.793841 0.517405 0.752513 0.618051 0.721054 0.730227 0.837736 0.528734 0.820287 0.649390 0.811274 0.780652
46 0.846036 0.340488 0.813714 0.522889 0.791801 0.517377 0.835626 0.528401 0.791801 0.517377 0.750212 0.615097 0.716040 0.724509 0.835626 0.528401 0.820237 0.648392 0.811552 0.777467
47 0.840731 0.339717 0.810797 0.522915 0.789097 0.517410 0.832496 0.528419 0.789097 0.517410 0.748408 0.614423 0.713618 0.723397 0.832496 0.528419 0.819828 0.648225 0.811625 0.777239
48 0.836562 0.338786 0.807757 0.522931 0.786345 0.517436 0.829169 0.528426 0.786345 0.517436 0.746400 0.613057 0.712263 0.722112 0.829169 0.528426 0.818625 0.648251 0.811635 0.777286
49 0.831733 0.338978 0.805061 0.522954 0.783438 0.517457 0.826683 0.528451 0.783438 0.517457 0.745545 0.612386 0.713600 0.721277 0.826683 0.528451 0.817088 0.647238 0.811697 0.776299
50 0.826099 0.338895 0.801933 0.522698 0.780040 0.517163 0.823827 0.528233 0.780040 0.517163 0.744559 0.613377 0.714843 0.722485 0.823827 0.528233 0.814893 0.646541 0.811758 0.775063
51 0.821502 0.338517 0.798008 0.522283 0.775801 0.516713 0.820214 0.527853 0.775801 0.516713 0.743777 0.614025 0.714895 0.722954 0.820214 0.527853 0.812763 0.645054 0.811771 0.770997
52 0.815252 0.337215 0.792592 0.521140 0.769626 0.515877 0.815558 0.526404 0.769626 0.515877 0.742471 0.613161 0.714443 0.722322 0.815558 0.526404 0.810524 0.640803 0.811776 0.763636
53 0.808305 0.334187 0.788180 0.517588 0.764304 0.513625 0.812057 0.521552 0.764304 0.513625 0.739747 0.612046 0.714148 0.722715 0.812057 0.521552 0.808907 0.636047 0.811774 0.756647
54 0.800878 0.332440 0.784103 0.516000 0.760281 0.512465 0.807925 0.519535 0.760281 0.512465 0.735418 0.611257 0.713558 0.722941 0.807925 0.519535 0.807364 0.636870 0.811774 0.758925
55 0.794743 0.330565 0.779854 0.514179 0.756753 0.511622 0.802955 0.516737 0.756753 0.511622 0.731581 0.611042 0.713263 0.722759 0.802955 0.516737 0.805066 0.637070 0.811592 0.755122
56 0.788495 0.328742 0.773974 0.512937 0.750583 0.511144 0.797364 0.514730 0.750583 0.511144 0.728338 0.610662 0.712843 0.722271 0.797364 0.514730 0.802433 0.637052 0.811427 0.754589
57 0.782656 0.327416 0.767506 0.511352 0.743186 0.510258 0.791826 0.512446 0.743186 0.510258 0.726260 0.610716 0.712237 0.721216 0.791826 0.512446 0.798190 0.632412 0.810362 0.744373
58 0.777070 0.325613 0.762589 0.509915 0.738084 0.509084 0.787094 0.510747 0.738084 0.509084 0.723329 0.611755 0.710378 0.721374 0.787094 0.510747 0.793660 0.629434 0.808372 0.743089
59 0.770978 0.324170 0.758601 0.506935 0.734218 0.506707 0.782985 0.507163 0.734218 0.506707 0.721198 0.613396 0.708831 0.721441 0.782985 0.507163 0.788646 0.626347 0.805034 0.743167
60 0.765475 0.322341 0.755207 0.506376 0.731687 0.506263 0.778727 0.506489 0.731687 0.506263 0.718374 0.614177 0.707847 0.722221 0.778727 0.506489 0.782370 0.622838 0.800315 0.741058
61 0.761189 0.320862 0.751231 0.506084 0.727285 0.505760 0.775177 0.506408 0.727285 0.505760 0.715965 0.615105 0.707737 0.722627 0.775177 0.506408 0.775649 0.620444 0.793002 0.741257
62 0.757326 0.320642 0.747260 0.506336 0.723420 0.505701 0.771100 0.506971 0.723420 0.505701 0.712472 0.615131 0.707181 0.722777 0.771100 0.506971 0.768137 0.619706 0.784486 0.739506
63 0.753888 0.320654 0.744101 0.506652 0.721294 0.505746 0.766909 0.507559 0.721294 0.505746 0.711589 0.617696 0.707338 0.725036 0.766909 0.507559 0.763885 0.620477 0.776086 0.740622
64 0.752393 0.320629 0.739556 0.506845 0.717378 0.505842 0.761735 0.507848 0.717378 0.505842 0.710014 0.618892 0.707451 0.725182 0.761735 0.507848 0.755967 0.620280 0.764964 0.738390
65 0.750506 0.320241 0.737173 0.506284 0.715981 0.505798 0.758365 0.506770 0.715981 0.505798 0.708696 0.618736 0.707634 0.725344 0.758365 0.506770 0.750019 0.618431 0.757507 0.733115
66 0.749413 0.318873 0.735406 0.503797 0.715359 0.504094 0.755452 0.503500 0.715359 0.504094 0.709539 0.618662 0.708156 0.727906 0.755452 0.503500 0.744957 0.615948 0.748496 0.727372
67 0.748513 0.316950 0.731581 0.500387 0.712228 0.501097 0.750934 0.499677 0.712228 0.501097 0.709427 0.616818 0.710657 0.727994 0.750934 0.499677 0.739514 0.613661 0.741657 0.724548
68 0.747164 0.315663 0.728847 0.499914 0.711529 0.500896 0.746164 0.498932 0.711529 0.500896 0.709988 0.614690 0.715363 0.727474 0.746164 0.498932 0.733375 0.608203 0.734167 0.716978
69 0.745584 0.313206 0.727432 0.497743 0.711087 0.499250 0.743777 0.496236 0.711087 0.499250 0.709419 0.610410 0.715407 0.726039 0.743777 0.496236 0.729918 0.604022 0.729003 0.714198
70 0.743230 0.311742 0.725167 0.496964 0.710552 0.498787 0.739782 0.495140 0.710552 0.498787 0.708632 0.607002 0.715151 0.721203 0.739782 0.495140 0.725950 0.599079 0.723016 0.710082
71 0.741928 0.309600 0.723379 0.496045 0.711853 0.498042 0.734904 0.494048 0.711853 0.498042 0.708287 0.605119 0.715101 0.717570 0.734904 0.494048 0.720231 0.591432 0.717265 0.701538
72 0.741471 0.308380 0.722843 0.494456 0.712587 0.497027 0.733100 0.491884 0.712587 0.497027 0.706909 0.602556 0.714233 0.717053 0.733100 0.491884 0.717220 0.582386 0.714042 0.682378
73 0.740665 0.307948 0.721803 0.492771 0.713010 0.496389 0.730596 0.489154 0.713010 0.496389 0.706075 0.602939 0.714031 0.717602 0.730596 0.489154 0.713660 0.580757 0.712877 0.680530
74 0.740674 0.306757 0.721000 0.488850 0.713326 0.493773 0.728673 0.483928 0.713326 0.493773 0.705341 0.599901 0.713909 0.717223 0.728673 0.483928 0.710625 0.574016 0.710772 0.672336
75 0.740570 0.306080 0.720736 0.484866 0.713543 0.490334 0.727929 0.479397 0.713543 0.490334 0.705039 0.598597 0.713776 0.716669 0.727929 0.479397 0.709613 0.572740 0.711013 0.673003
76 0.741266 0.305889 0.719079 0.483694 0.713682 0.489449 0.724477 0.477940 0.713682 0.489449 0.705191 0.599469 0.713741 0.716888 0.724477 0.477940 0.708076 0.574895 0.710657 0.673059
77 0.742828 0.305778 0.718783 0.482933 0.713782 0.488594 0.723783 0.477273 0.713782 0.488594 0.705121 0.600020 0.713676 0.717010 0.723783 0.477273 0.707342 0.574938 0.709963 0.672072
78 0.743382 0.304299 0.718002 0.480127 0.714184 0.485664 0.721819 0.474589 0.714184 0.485664 0.705171 0.599483 0.713610 0.717170 0.721819 0.474589 0.706900 0.574403 0.710293 0.673064
79 0.742831 0.302716 0.717476 0.477767 0.714536 0.483422 0.720416 0.472111 0.714536 0.483422 0.705148 0.597549 0.713515 0.716604 0.720416 0.472111 0.706851 0.573992 0.710801 0.671661
80 0.743535 0.301835 0.717891 0.476898 0.715205 0.482461 0.720576 0.471334 0.715205 0.482461 0.705225 0.596937 0.713425 0.715868 0.720576 0.471334 0.707483 0.574535 0.710854 0.670837
81 0.743888 0.301677 0.718712 0.476407 0.716589 0.481895 0.720835 0.470918 0.716589 0.481895 0.705284 0.595172 0.713318 0.712952 0.720835 0.470918 0.708073 0.572664 0.711660 0.664807
82 0.743399 0.301322 0.720049 0.475243 0.720275 0.480510 0.719824 0.469977 0.720275 0.480510 0.706347 0.592637 0.713253 0.711031 0.719824 0.469977 0.708755 0.569414 0.712306 0.660866
83 0.743815 0.301130 0.721328 0.473311 0.725149 0.478267 0.717507 0.468354 0.725149 0.478267 0.708997 0.588404 0.713221 0.708829 0.717507 0.468354 0.709282 0.566865 0.712720 0.660675
84 0.743644 0.300504 0.722693 0.470769 0.728911 0.475484 0.716475 0.466053 0.728911 0.475484 0.710937 0.586417 0.713206 0.707397 0.716475 0.466053 0.709597 0.563983 0.712944 0.661103
85 0.744415 0.300619 0.723033 0.469772 0.730259 0.474353 0.715807 0.465192 0.730259 0.474353 0.712891 0.585736 0.712973 0.707554 0.715807 0.465192 0.709821 0.564659 0.712600 0.662156
86 0.744704 0.300695 0.724435 0.467707 0.733177 0.471858 0.715693 0.463556 0.733177 0.471858 0.714113 0.584570 0.712903 0.708086 0.715693 0.463556 0.709979 0.565266 0.712699 0.663364
87 0.745079 0.300852 0.725011 0.466913 0.734171 0.471158 0.715850 0.462668 0.734171 0.471158 0.714720 0.583270 0.712835 0.707983 0.715850 0.462668 0.710069 0.565026 0.712750 0.663795
88 0.745703 0.300959 0.725826 0.466298 0.735646 0.470712 0.716006 0.461883 0.735646 0.470712 0.715797 0.582676 0.712813 0.707191 0.716006 0.461883 0.710148 0.564826 0.712763 0.663868
89 0.746353 0.301006 0.726417 0.466655 0.736494 0.471125 0.716340 0.462185 0.736494 0.471125 0.716759 0.582905 0.712792 0.706969 0.716340 0.462185 0.710160 0.564418 0.712801 0.663688
90 0.746979 0.301326 0.726919 0.467025 0.737260 0.471502 0.716578 0.462548 0.737260 0.471502 0.717686 0.583048 0.712808 0.706517 0.716578 0.462548 0.710333 0.564542 0.712822 0.663882
91 0.747804 0.301546 0.727352 0.467295 0.738093 0.471771 0.716610 0.462818 0.738093 0.471771 0.718964 0.583040 0.713386 0.705680 0.716610 0.462818 0.710845 0.564299 0.713160 0.664000
92 0.748936 0.302492 0.727696 0.467515 0.738716 0.471966 0.716676 0.463064 0.738716 0.471966 0.719975 0.583113 0.713826 0.705498 0.716676 0.463064 0.711009 0.563414 0.713571 0.663657
93 0.749636 0.302976 0.728000 0.467946 0.739084 0.472632 0.716916 0.463259 0.739084 0.472632 0.720951 0.583209 0.714114 0.705503 0.716916 0.463259 0.711687 0.563627 0.713960 0.663654
94 0.750666 0.303762 0.728417 0.468345 0.739784 0.473136 0.717049 0.463554 0.739784 0.473136 0.722177 0.584042 0.714379 0.705581 0.717049 0.463554 0.712364 0.563781 0.714018 0.663853
95 0.751922 0.303992 0.728660 0.468504 0.740134 0.473269 0.717187 0.463739 0.740134 0.473269 0.722866 0.584556 0.714772 0.705643 0.717187 0.463739 0.712806 0.563824 0.714140 0.663948
96 0.753120 0.304507 0.729139 0.468936 0.740278 0.473702 0.718000 0.464171 0.740278 0.473702 0.723248 0.585024 0.714958 0.706267 0.718000 0.464171 0.713038 0.563851 0.714157 0.664099
97 0.754372 0.305596 0.729643 0.470505 0.740341 0.475282 0.718944 0.465728 0.740341 0.475282 0.723610 0.586990 0.715081 0.708492 0.718944 0.465728 0.713231 0.564484 0.714183 0.664243
98 0.755927 0.306233 0.730127 0.471807 0.740637 0.476571 0.719617 0.467042 0.740637 0.476571 0.723791 0.588564 0.715066 0.709712 0.719617 0.467042 0.713244 0.565367 0.714198 0.664710
99 0.757359 0.306370 0.730827 0.472730 0.740954 0.477398 0.720700 0.468062 0.740954 0.477398 0.723841 0.589619 0.715064 0.710115 0.720700 0.468062 0.713384 0.566177 0.714240 0.665322
100 0.758701 0.306284 0.731762 0.472809 0.741290 0.477454 0.722234 0.468163 0.741290 0.477454 0.723873 0.589735 0.715210 0.710327 0.722234 0.468163 0.713711 0.566543 0.714442 0.665679
101 0.759534 0.306148 0.732775 0.472792 0.742252 0.477433 0.723298 0.468152 0.742252 0.477433 0.723916 0.589710 0.715415 0.710345 0.723298 0.468152 0.713827 0.566552 0.714602 0.665766
102 0.760516 0.306095 0.733605 0.472923 0.742670 0.477599 0.724539 0.468248 0.742670 0.477599 0.723876 0.589827 0.715431 0.710580 0.724539 0.468248 0.714138 0.566609 0.714902 0.665887
103 0.761211 0.306107 0.734299 0.473277 0.742846 0.478083 0.725752 0.468470 0.742846 0.478083 0.723798 0.590077 0.715426 0.710761 0.725752 0.468470 0.714203 0.566823 0.715073 0.665894
104 0.761939 0.306325 0.734944 0.473427 0.742922 0.478361 0.726967 0.468493 0.742922 0.478361 0.723587 0.590057 0.715421 0.710700 0.726967 0.468493 0.714333 0.566868 0.715420 0.664947
105 0.762397 0.306319 0.735483 0.473579 0.742981 0.478579 0.727984 0.468579 0.742981 0.478579 0.723555 0.590019 0.715419 0.710614 0.727984 0.468579 0.714737 0.566939 0.715925 0.664110
106 0.763479 0.306306 0.736095 0.474511 0.742910 0.479803 0.729281 0.469220 0.742910 0.479803 0.723530 0.590310 0.715404 0.710602 0.729281 0.469220 0.714888 0.567239 0.716276 0.661424
107 0.763700 0.306248 0.736798 0.476420 0.742463 0.482139 0.731132 0.470701 0.742463 0.482139 0.723410 0.591232 0.715402 0.710459 0.731132 0.470701 0.715142 0.567518 0.716675 0.659896
108 0.763023 0.306342 0.736698 0.478145 0.742081 0.484113 0.731315 0.472176 0.742081 0.484113 0.723371 0.592117 0.715415 0.710222 0.731315 0.472176 0.715942 0.568589 0.716670 0.660935
109 0.762820 0.306443 0.736667 0.478184 0.742067 0.484077 0.731266 0.472290 0.742067 0.484077 0.723318 0.592058 0.715493 0.709019 0.731266 0.472290 0.716768 0.569347 0.716705 0.661813
110 0.763048 0.306628 0.736920 0.479105 0.741226 0.485066 0.732615 0.473144 0.741226 0.485066 0.723109 0.592034 0.715497 0.708648 0.732615 0.473144 0.716967 0.569396 0.716979 0.660958
111 0.762658 0.307227 0.736967 0.479813 0.741111 0.485931 0.732824 0.473695 0.741111 0.485931 0.722797 0.591803 0.715508 0.708259 0.732824 0.473695 0.716647 0.568408 0.717322 0.659300
112 0.761812 0.307924 0.737133 0.480269 0.740842 0.486534 0.733424 0.474005 0.740842 0.486534 0.722555 0.591611 0.715523 0.708050 0.733424 0.474005 0.716575 0.567968 0.717426 0.659046
113 0.761252 0.308229 0.737413 0.480246 0.740292 0.486525 0.734535 0.473967 0.740292 0.486525 0.722256 0.591330 0.715522 0.707889 0.734535 0.473967 0.716947 0.567832 0.717505 0.659109
114 0.760696 0.308398 0.737399 0.480176 0.740295 0.486409 0.734503 0.473943 0.740295 0.486409 0.722109 0.590925 0.715506 0.707587 0.734503 0.473943 0.717057 0.567035 0.717744 0.658983
115 0.760533 0.308761 0.737475 0.479930 0.740470 0.486297 0.734481 0.473564 0.740470 0.486297 0.721824 0.590200 0.715554 0.707058 0.734481 0.473564 0.717048 0.564452 0.718049 0.658887
116 0.760535 0.308990 0.737391 0.479912 0.740479 0.486307 0.734304 0.473517 0.740479 0.486307 0.721713 0.589954 0.715617 0.706959 0.734304 0.473517 0.717027 0.564162 0.718045 0.658862
117 0.760458 0.309025 0.737211 0.479998 0.740026 0.486503 0.734395 0.473494 0.740026 0.486503 0.721003 0.589240 0.715696 0.706511 0.734395 0.473494 0.702089 0.547930 0.718356 0.651131
118 0.760508 0.309436 0.737029 0.480009 0.739976 0.486490 0.734083 0.473527 0.739976 0.486490 0.720840 0.588970 0.715853 0.706132 0.734083 0.473527 0.704992 0.549252 0.718546 0.650503
119 0.760547 0.309631 0.736724 0.479994 0.739849 0.486458 0.733599 0.473530 0.739849 0.486458 0.720715 0.588708 0.715917 0.705970 0.733599 0.473530 0.706585 0.551215 0.718690 0.649897
120 0.760579 0.310625 0.736141 0.480704 0.738996 0.486928 0.733285 0.474481 0.738996 0.486928 0.720715 0.590023 0.715965 0.706007 0.733285 0.474481 0.709748 0.561073 0.717998 0.654508
121 0.760676 0.311263 0.735347 0.480688 0.737077 0.486912 0.733617 0.474463 0.737077 0.486912 0.720669 0.591430 0.715929 0.706493 0.733617 0.474463 0.713227 0.565794 0.717207 0.659522
122 0.760896 0.311761 0.734570 0.480715 0.735545 0.486884 0.733595 0.474545 0.735545 0.486884 0.720668 0.593045 0.715915 0.706920 0.733595 0.474545 0.715322 0.570883 0.716431 0.664072
123 0.760623 0.313039 0.734066 0.480719 0.735313 0.486861 0.732818 0.474578 0.735313 0.486861 0.720710 0.594744 0.715937 0.707498 0.732818 0.474578 0.715770 0.573856 0.715506 0.667235
124 0.760523 0.313753 0.733670 0.480556 0.734777 0.486705 0.732563 0.474407 0.734777 0.486705 0.720665 0.595190 0.715893 0.708348 0.732563 0.474407 0.716154 0.574293 0.715251 0.667621
125 0.760300 0.314341 0.733682 0.479768 0.734911 0.486155 0.732453 0.473381 0.734911 0.486155 0.720587 0.595277 0.715881 0.708731 0.732453 0.473381 0.716482 0.574013 0.715264 0.667514
126 0.759746 0.314279 0.733579 0.479403 0.734707 0.485892 0.732451 0.472913 0.734707 0.485892 0.720405 0.595333 0.715878 0.709097 0.732451 0.472913 0.716615 0.574364 0.715209 0.668342
127 0.759141 0.314259 0.733063 0.479213 0.733539 0.485674 0.732588 0.472753 0.733539 0.485674 0.720022 0.595219 0.715873 0.709189 0.732588 0.472753 0.716631 0.573921 0.715183 0.668100
128 0.758070 0.314607 0.732428 0.479262 0.732269 0.485663 0.732587 0.472862 0.732269 0.485663 0.719811 0.595383 0.715871 0.709851 0.732587 0.472862 0.716626 0.574006 0.715177 0.668747
129 0.757755 0.313858 0.732356 0.478872 0.731519 0.484968 0.733193 0.472776 0.731519 0.484968 0.719358 0.595231 0.715910 0.709886 0.733193 0.472776 0.716614 0.573870 0.715187 0.668421
130 0.757608 0.312620 0.731966 0.478701 0.730532 0.484481 0.733400 0.472922 0.730532 0.484481 0.718920 0.595189 0.715900 0.710047 0.733400 0.472922 0.716525 0.573684 0.715132 0.668773
131 0.758070 0.311872 0.731852 0.479024 0.729184 0.484427 0.734521 0.473621 0.729184 0.484427 0.717940 0.595132 0.715900 0.710714 0.734521 0.473621 0.716435 0.573579 0.715309 0.668733
132 0.757469 0.311585 0.732183 0.478591 0.728627 0.483571 0.735740 0.473611 0.728627 0.483571 0.717520 0.595420 0.715875 0.712988 0.735740 0.473611 0.716266 0.573711 0.715291 0.668832
133 0.757340 0.310701 0.732198 0.478366 0.728744 0.483078 0.735652 0.473653 0.728744 0.483078 0.717001 0.595360 0.715853 0.713817 0.735652 0.473653 0.715821 0.573686 0.715298 0.669679
134 0.756552 0.310054 0.732212 0.477418 0.728826 0.481616 0.735597 0.473219 0.728826 0.481616 0.716341 0.593687 0.715854 0.713739 0.735597 0.473219 0.715531 0.573489 0.715481 0.670339
135 0.755538 0.309555 0.731894 0.477203 0.728246 0.481197 0.735542 0.473209 0.728246 0.481197 0.715654 0.593613 0.715828 0.713789 0.735542 0.473209 0.715279 0.573564 0.715522 0.671880
136 0.754646 0.308496 0.731278 0.477068 0.727321 0.480920 0.735235 0.473217 0.727321 0.480920 0.715068 0.593731 0.715747 0.714213 0.735235 0.473217 0.715107 0.574845 0.715517 0.675100
137 0.753689 0.307963 0.730390 0.476529 0.727185 0.480057 0.733596 0.473001 0.727185 0.480057 0.714901 0.594013 0.715674 0.714469 0.733596 0.473001 0.714339 0.575201 0.715451 0.676552
138 0.753085 0.307856 0.729290 0.476491 0.726691 0.479953 0.731888 0.473030 0.726691 0.479953 0.714603 0.594133 0.715607 0.714481 0.731888 0.473030 0.714113 0.575920 0.715409 0.677818
139 0.752877 0.306998 0.728787 0.476275 0.726808 0.479618 0.730766 0.472932 0.726808 0.479618 0.714512 0.594136 0.715486 0.714452 0.730766 0.472932 0.713743 0.576388 0.715023 0.678326
140 0.752620 0.306071 0.728138 0.476197 0.726873 0.479522 0.729404 0.472872 0.726873 0.479522 0.714511 0.594548 0.715340 0.714654 0.729404 0.472872 0.713426 0.576677 0.714592 0.678410
141 0.751980 0.305672 0.727885 0.476091 0.726847 0.479342 0.728923 0.472840 0.726847 0.479342 0.713756 0.594385 0.715223 0.714664 0.728923 0.472840 0.713237 0.576598 0.714461 0.678241
142 0.751616 0.304201 0.727591 0.475908 0.726765 0.479034 0.728417 0.472781 0.726765 0.479034 0.713540 0.594329 0.715124 0.714664 0.728417 0.472781 0.713084 0.576843 0.714323 0.679088
143 0.751067 0.303251 0.726968 0.475572 0.726797 0.478546 0.727140 0.472598 0.726797 0.478546 0.713547 0.593798 0.715076 0.714646 0.727140 0.472598 0.712418 0.576718 0.714062 0.678852
144 0.750343 0.303006 0.726798 0.475619 0.726673 0.478582 0.726922 0.472656 0.726673 0.478582 0.713386 0.594032 0.715005 0.714640 0.726922 0.472656 0.712257 0.576680 0.714050 0.678720
145 0.750280 0.302519 0.726560 0.475609 0.726747 0.478549 0.726372 0.472669 0.726747 0.478549 0.713424 0.595280 0.714858 0.714872 0.726372 0.472669 0.712225 0.578193 0.713609 0.679788
146 0.750164 0.301995 0.726656 0.475502 0.726767 0.478433 0.726545 0.472572 0.726767 0.478433 0.713439 0.595575 0.714791 0.714942 0.726545 0.472572 0.712235 0.578463 0.713568 0.680339
147 0.749906 0.301857 0.726742 0.475388 0.726797 0.478331 0.726688 0.472446 0.726797 0.478331 0.713467 0.595577 0.714773 0.714943 0.726688 0.472446 0.712247 0.578443 0.713567 0.680934
148 0.749433 0.301758 0.726741 0.475389 0.727031 0.478335 0.726452 0.472444 0.727031 0.478335 0.713475 0.595707 0.714762 0.715013 0.726452 0.472444 0.712229 0.578536 0.713594 0.682145
149 0.749007 0.301711 0.726351 0.475358 0.727273 0.478331 0.725430 0.472385 0.727273 0.478331 0.713705 0.596224 0.714758 0.715095 0.725430 0.472385 0.711978 0.578536 0.713579 0.682027
150 0.749010 0.301645 0.726279 0.475323 0.727427 0.478318 0.725131 0.472328 0.727427 0.478318 0.713913 0.596552 0.714728 0.715220 0.725131 0.472328 0.711809 0.578921 0.713492 0.682598
151 0.749015 0.301523 0.726047 0.475346 0.727526 0.478368 0.724568 0.472325 0.727526 0.478368 0.714065 0.597746 0.714703 0.715468 0.724568 0.472325 0.711490 0.578989 0.713393 0.682455
152 0.748991 0.301478 0.726029 0.475288 0.727538 0.478319 0.724519 0.472257 0.727538 0.478319 0.714075 0.597820 0.714641 0.715800 0.724519 0.472257 0.711415 0.579243 0.713386 0.683463
153 0.749170 0.301384 0.725993 0.474944 0.727593 0.477962 0.724394 0.471927 0.727593 0.477962 0.714085 0.597637 0.714579 0.715799 0.724394 0.471927 0.711393 0.579230 0.713386 0.683661
154 0.749487 0.301110 0.725910 0.474570 0.727603 0.477521 0.724217 0.471619 0.727603 0.477521 0.714093 0.597621 0.714501 0.715862 0.724217 0.471619 0.711396 0.579301 0.713346 0.684038
155 0.749520 0.300731 0.725761 0.473892 0.727603 0.476750 0.723920 0.471035 0.727603 0.476750 0.714099 0.597037 0.714431 0.715865 0.723920 0.471035 0.711358 0.578985 0.713231 0.684139
156 0.749675 0.300252 0.725407 0.473360 0.727676 0.476200 0.723139 0.470519 0.727676 0.476200 0.714130 0.597021 0.714326 0.715954 0.723139 0.470519 0.711294 0.579067 0.713051 0.684425
157 0.749473 0.299902 0.725194 0.472921 0.727680 0.475788 0.722707 0.470054 0.727680 0.475788 0.714084 0.596713 0.714162 0.716071 0.722707 0.470054 0.711308 0.579039 0.712565 0.684409
158 0.749479 0.299660 0.724999 0.472904 0.727685 0.475762 0.722312 0.470046 0.727685 0.475762 0.713928 0.596757 0.714005 0.716435 0.722312 0.470046 0.711271 0.579558 0.712499 0.684702
159 0.749711 0.299549 0.725013 0.472391 0.727681 0.475208 0.722345 0.469575 0.727681 0.475208 0.713593 0.596266 0.713874 0.716492 0.722345 0.469575 0.711316 0.579384 0.712477 0.684660
160 0.749912 0.299418 0.725031 0.471914 0.727667 0.474662 0.722394 0.469166 0.727667 0.474662 0.713015 0.595670 0.713797 0.716492 0.722394 0.469166 0.711322 0.579193 0.712472 0.684633
161 0.750011 0.299330 0.725034 0.471317 0.727720 0.474112 0.722348 0.468522 0.727720 0.474112 0.712704 0.595409 0.713724 0.716499 0.722348 0.468522 0.711285 0.579051 0.712473 0.684609
162 0.750019 0.299209 0.725024 0.471301 0.727678 0.474100 0.722369 0.468502 0.727678 0.474100 0.712429 0.595333 0.713658 0.716562 0.722369 0.468502 0.711285 0.579052 0.712502 0.684795
163 0.750004 0.299138 0.725159 0.471049 0.727680 0.473833 0.722638 0.468265 0.727680 0.473833 0.712144 0.595296 0.713611 0.716660 0.722638 0.468265 0.711315 0.579027 0.712513 0.684785
164 0.750004 0.299096 0.725259 0.470732 0.727818 0.473517 0.722701 0.467947 0.727818 0.473517 0.711915 0.594996 0.713574 0.716661 0.722701 0.467947 0.711316 0.578756 0.712538 0.684744
165 0.749653 0.299087 0.725284 0.470561 0.727853 0.473378 0.722714 0.467744 0.727853 0.473378 0.711656 0.594426 0.713560 0.716530 0.722714 0.467744 0.711302 0.578678 0.712576 0.684747
166 0.749491 0.299158 0.725281 0.470443 0.727835 0.473287 0.722727 0.467599 0.727835 0.473287 0.711390 0.594132 0.713554 0.716508 0.722727 0.467599 0.711299 0.578615 0.712623 0.684735
167 0.749375 0.299167 0.725290 0.470328 0.727886 0.473201 0.722694 0.467455 0.727886 0.473201 0.711366 0.594133 0.713553 0.716491 0.722694 0.467455 0.711191 0.578611 0.712632 0.684786
168 0.749470 0.299005 0.725324 0.470302 0.727992 0.473185 0.722656 0.467418 0.727992 0.473185 0.711380 0.594275 0.713576 0.716387 0.722656 0.467418 0.711084 0.578483 0.712639 0.683613
169 0.749467 0.298802 0.725453 0.470081 0.728148 0.472953 0.722758 0.467208 0.728148 0.472953 0.711401 0.594273 0.713581 0.716387 0.722758 0.467208 0.710973 0.578473 0.712633 0.683615
170 0.749557 0.298608 0.725499 0.470166 0.728236 0.473066 0.722762 0.467267 0.728236 0.473066 0.711483 0.595232 0.713580 0.716395 0.722762 0.467267 0.710970 0.578491 0.712642 0.682888
171 0.750025 0.298422 0.725590 0.470279 0.728237 0.473135 0.722943 0.467423 0.728237 0.473135 0.711492 0.595317 0.713582 0.716395 0.722943 0.467423 0.710970 0.578520 0.712687 0.682764
172 0.750201 0.298204 0.725758 0.470165 0.728271 0.473009 0.723245 0.467320 0.728271 0.473009 0.711491 0.595010 0.713569 0.716371 0.723245 0.467320 0.710995 0.578295 0.712790 0.682703
173 0.750498 0.297854 0.725959 0.470138 0.728267 0.472973 0.723651 0.467302 0.728267 0.472973 0.711446 0.594995 0.713570 0.716296 0.723651 0.467302 0.711050 0.578276 0.712914 0.682545
174 0.750613 0.297705 0.726012 0.470130 0.728268 0.472963 0.723755 0.467298 0.728268 0.472963 0.711393 0.594966 0.713590 0.716290 0.723755 0.467298 0.711236 0.578424 0.713116 0.683881
175 0.750664 0.297684 0.726013 0.470139 0.728270 0.472971 0.723757 0.467307 0.728270 0.472971 0.711364 0.594840 0.713624 0.716254 0.723757 0.467307 0.711300 0.578434 0.713259 0.684580
176 0.751051 0.297689 0.725805 0.470918 0.727823 0.473849 0.723787 0.467986 0.727823 0.473849 0.711369 0.595278 0.713624 0.716304 0.723787 0.467986 0.711442 0.579185 0.713264 0.685886
177 0.751249 0.297673 0.725813 0.471104 0.727668 0.474143 0.723958 0.468064 0.727668 0.474143 0.711370 0.595489 0.713634 0.716356 0.723958 0.468064 0.711722 0.579689 0.713362 0.686818
178 0.751196 0.297567 0.725949 0.470927 0.727647 0.473962 0.724250 0.467892 0.727647 0.473962 0.711249 0.595395 0.713653 0.716347 0.724250 0.467892 0.711841 0.579813 0.713509 0.687252
179 0.751533 0.297497 0.726170 0.470743 0.727441 0.473709 0.724899 0.467777 0.727441 0.473709 0.711130 0.595345 0.713656 0.716348 0.724899 0.467777 0.712072 0.580161 0.713672 0.688272
180 0.751493 0.297500 0.726189 0.470669 0.727421 0.473624 0.724956 0.467715 0.727421 0.473624 0.711005 0.595337 0.713657 0.716351 0.724956 0.467715 0.712173 0.580744 0.713809 0.688565
181 0.752018 0.297485 0.725988 0.470590 0.726973 0.473620 0.725003 0.467561 0.726973 0.473620 0.710978 0.595563 0.713659 0.716368 0.725003 0.467561 0.712353 0.580732 0.713815 0.688378
182 0.752135 0.297398 0.726005 0.469922 0.726967 0.473013 0.725043 0.466832 0.726967 0.473013 0.710984 0.595218 0.713672 0.716373 0.725043 0.466832 0.712446 0.580721 0.713840 0.688741
183 0.752220 0.297339 0.726015 0.469709 0.726970 0.472777 0.725060 0.466640 0.726970 0.472777 0.710961 0.595073 0.713673 0.716403 0.725060 0.466640 0.712411 0.580655 0.713843 0.688701
184 0.752268 0.297348 0.725983 0.469752 0.726890 0.472841 0.725075 0.466664 0.726890 0.472841 0.710956 0.595511 0.713687 0.716460 0.725075 0.466664 0.712347 0.580646 0.713845 0.688667
185 0.752347 0.297339 0.726001 0.469759 0.726888 0.472855 0.725114 0.466663 0.726888 0.472855 0.710770 0.595634 0.713660 0.716512 0.725114 0.466663 0.712302 0.580620 0.713826 0.688504
186 0.752538 0.297331 0.725956 0.470243 0.726734 0.473387 0.725177 0.467100 0.726734 0.473387 0.710648 0.596196 0.713632 0.716655 0.725177 0.467100 0.712282 0.580749 0.713828 0.688489
187 0.753031 0.297289 0.725912 0.470704 0.726397 0.473781 0.725426 0.467627 0.726397 0.473781 0.710403 0.596532 0.713623 0.716773 0.725426 0.467627 0.712299 0.581306 0.713923 0.688518
188 0.753257 0.297088 0.725939 0.470792 0.726374 0.473846 0.725504 0.467738 0.726374 0.473846 0.710212 0.596687 0.713618 0.716774 0.725504 0.467738 0.712068 0.581321 0.713928 0.688459
189 0.753480 0.296963 0.725891 0.471342 0.726268 0.474410 0.725513 0.468273 0.726268 0.474410 0.710156 0.597440 0.713574 0.716776 0.725513 0.468273 0.711798 0.581390 0.713731 0.686764
190 0.753591 0.296976 0.725750 0.472623 0.726111 0.475790 0.725388 0.469456 0.726111 0.475790 0.710004 0.598583 0.713542 0.716803 0.725388 0.469456 0.710233 0.582468 0.713634 0.686738
191 0.753857 0.296971 0.725547 0.473473 0.725712 0.476703 0.725382 0.470243 0.725712 0.476703 0.709696 0.598929 0.713359 0.716809 0.725382 0.470243 0.709602 0.583390 0.713635 0.687456
192 0.754464 0.296922 0.725329 0.474371 0.725419 0.477487 0.725239 0.471255 0.725419 0.477487 0.708670 0.599485 0.712882 0.716833 0.725239 0.471255 0.709158 0.583931 0.713665 0.688868
193 0.754463 0.296869 0.724935 0.475895 0.724446 0.478892 0.725425 0.472897 0.724446 0.478892 0.706943 0.599441 0.711544 0.716304 0.725425 0.472897 0.709183 0.584168 0.713778 0.689072
194 0.754648 0.296786 0.724735 0.476479 0.723836 0.479447 0.725635 0.473510 0.723836 0.479447 0.704133 0.598573 0.709988 0.714033 0.725635 0.473510 0.709206 0.584034 0.713749 0.688960
195 0.755143 0.296780 0.724952 0.476365 0.722651 0.479331 0.727254 0.473400 0.722651 0.479331 0.700588 0.595231 0.708921 0.710332 0.727254 0.473400 0.710517 0.583718 0.714383 0.688770
196 0.755029 0.296654 0.725908 0.475464 0.722150 0.477941 0.729667 0.472987 0.722150 0.477941 0.696245 0.587417 0.707485 0.703418 0.729667 0.472987 0.712344 0.580823 0.714792 0.688102
197 0.755059 0.296452 0.726602 0.473395 0.722126 0.475421 0.731079 0.471370 0.722126 0.475421 0.694855 0.583025 0.704708 0.697883 0.731079 0.471370 0.713295 0.579571 0.714326 0.687709
198 0.755011 0.296416 0.728345 0.471599 0.721349 0.472845 0.735340 0.470352 0.721349 0.472845 0.692329 0.576839 0.697791 0.694014 0.735340 0.470352 0.719727 0.577695 0.714136 0.686589
199 0.755274 0.296034 0.728904 0.470683 0.720815 0.471531 0.736994 0.469835 0.720815 0.471531 0.690372 0.573953 0.691844 0.691179 0.736994 0.469835 0.722183 0.576821 0.714059 0.685958
200 0.754670 0.295929 0.728546 0.470716 0.720889 0.471652 0.736203 0.469779 0.720889 0.471652 0.690911 0.574604 0.686408 0.689070 0.736203 0.469779 0.720994 0.576224 0.713995 0.687637
201 0.754224 0.295899 0.728249 0.470759 0.720955 0.471815 0.735542 0.469704 0.720955 0.471815 0.690744 0.574776 0.682240 0.685561 0.735542 0.469704 0.720452 0.575538 0.713716 0.687780
202 0.753450 0.295893 0.727714 0.470880 0.720191 0.471955 0.735238 0.469804 0.720191 0.471955 0.689025 0.572898 0.672114 0.680166 0.735238 0.469804 0.719760 0.574710 0.713775 0.687491
203 0.752742 0.295657 0.727047 0.471083 0.719100 0.472035 0.734994 0.470131 0.719100 0.472035 0.685784 0.571811 0.663208 0.676916 0.734994 0.470131 0.719296 0.574699 0.713775 0.685724
204 0.751678 0.295623 0.726364 0.471354 0.717030 0.471576 0.735698 0.471132 0.717030 0.471576 0.681863 0.569394 0.656523 0.671321 0.735698 0.471132 0.722193 0.574843 0.715409 0.679937
205 0.750818 0.295441 0.726094 0.471282 0.715138 0.470954 0.737049 0.471610 0.715138 0.470954 0.678757 0.567484 0.652089 0.668506 0.737049 0.471610 0.724948 0.574948 0.717749 0.677280
206 0.749893 0.295119 0.725358 0.470855 0.713305 0.469782 0.737410 0.471928 0.713305 0.469782 0.676995 0.564991 0.649032 0.662958 0.737410 0.471928 0.725079 0.574898 0.718681 0.676762
207 0.747751 0.294936 0.724417 0.470383 0.710275 0.468300 0.738559 0.472466 0.710275 0.468300 0.674096 0.562301 0.647976 0.660538 0.738559 0.472466 0.726461 0.574950 0.719666 0.676907
208 0.745961 0.294765 0.723352 0.469955 0.707284 0.466788 0.739419 0.473121 0.707284 0.466788 0.672891 0.560845 0.646288 0.658520 0.739419 0.473121 0.727431 0.574923 0.720525 0.677343
209 0.744935 0.294864 0.722328 0.469595 0.704774 0.465493 0.739882 0.473697 0.704774 0.465493 0.672128 0.558475 0.645778 0.656177 0.739882 0.473697 0.727658 0.574853 0.720881 0.677475
210 0.743306 0.295652 0.721638 0.469475 0.703102 0.464622 0.740173 0.474328 0.703102 0.464622 0.672012 0.557796 0.646026 0.655187 0.740173 0.474328 0.727729 0.574804 0.720832 0.677635
211 0.740598 0.295958 0.721043 0.469102 0.701768 0.463771 0.740319 0.474433 0.701768 0.463771 0.672546 0.555267 0.647528 0.653295 0.740319 0.474433 0.727627 0.573948 0.721009 0.677901
212 0.737591 0.296850 0.720124 0.468694 0.700105 0.462983 0.740144 0.474405 0.700105 0.462983 0.672662 0.556092 0.648299 0.653597 0.740144 0.474405 0.727335 0.572939 0.721188 0.678063
213 0.734230 0.297059 0.719320 0.467998 0.698638 0.462652 0.740001 0.473344 0.698638 0.462652 0.673057 0.555895 0.649630 0.652127 0.740001 0.473344 0.727121 0.572098 0.721340 0.678196
214 0.730378 0.297043 0.717802 0.466923 0.697226 0.462434 0.738379 0.471411 0.697226 0.462434 0.673381 0.556534 0.650249 0.653204 0.738379 0.471411 0.726701 0.571826 0.721288 0.678106
215 0.725741 0.296936 0.715847 0.466597 0.695665 0.462298 0.736028 0.470896 0.695665 0.462298 0.673094 0.556968 0.650838 0.653018 0.736028 0.470896 0.725433 0.573088 0.721307 0.679549
216 0.720787 0.296418 0.713373 0.465826 0.693896 0.462070 0.732850 0.469582 0.693896 0.462070 0.672713 0.557118 0.651383 0.653386 0.732850 0.469582 0.723496 0.573081 0.721308 0.679891
217 0.715754 0.296017 0.710990 0.464900 0.691692 0.461907 0.730287 0.467894 0.691692 0.461907 0.672257 0.557687 0.651674 0.653935 0.730287 0.467894 0.721329 0.572582 0.721319 0.679895
218 0.709743 0.295019 0.709179 0.463889 0.690293 0.461509 0.728065 0.466268 0.690293 0.461509 0.671405 0.557879 0.651728 0.654208 0.728065 0.466268 0.719033 0.572547 0.721308 0.680249
219 0.704463 0.294434 0.707599 0.462413 0.688949 0.460793 0.726248 0.464033 0.688949 0.460793 0.670059 0.558101 0.651536 0.654143 0.726248 0.464033 0.717841 0.571827 0.721153 0.680082
220 0.698554 0.293796 0.706905 0.460606 0.688640 0.459927 0.725170 0.461285 0.688640 0.459927 0.669421 0.557726 0.651125 0.653987 0.725170 0.461285 0.717070 0.570201 0.720764 0.679590
221 0.692380 0.294438 0.705653 0.459904 0.687275 0.459554 0.724031 0.460254 0.687275 0.459554 0.668587 0.557433 0.651092 0.653956 0.724031 0.460254 0.716489 0.570093 0.719734 0.679635
222 0.687042 0.296087 0.704330 0.459670 0.685334 0.459449 0.723326 0.459890 0.685334 0.459449 0.668066 0.556391 0.650714 0.652723 0.723326 0.459890 0.715077 0.570064 0.718618 0.680707
223 0.682873 0.297257 0.702682 0.458922 0.683072 0.458878 0.722293 0.458966 0.683072 0.458878 0.667467 0.554848 0.650322 0.651170 0.722293 0.458966 0.714049 0.570099 0.718001 0.681321
224 0.679186 0.298264 0.702041 0.457783 0.682167 0.458122 0.721915 0.457444 0.682167 0.458122 0.665752 0.552542 0.649866 0.650528 0.721915 0.457444 0.713650 0.570000 0.717360 0.681686
225 0.675933 0.298117 0.701003 0.455762 0.680878 0.456394 0.721128 0.455130 0.680878 0.456394 0.662841 0.549750 0.649713 0.650129 0.721128 0.455130 0.713800 0.569790 0.714885 0.681699
226 0.672203 0.298470 0.699267 0.453524 0.679040 0.454611 0.719493 0.452437 0.679040 0.454611 0.661192 0.547301 0.649508 0.650013 0.719493 0.452437 0.714002 0.569063 0.713580 0.681157
227 0.668792 0.300023 0.697628 0.451310 0.677721 0.453233 0.717536 0.449387 0.677721 0.453233 0.660068 0.545748 0.649541 0.648470 0.717536 0.449387 0.713845 0.567212 0.712646 0.680349
228 0.666146 0.301389 0.695432 0.450420 0.675527 0.452537 0.715337 0.448302 0.675527 0.452537 0.658500 0.544599 0.649599 0.646943 0.715337 0.448302 0.713010 0.565614 0.711607 0.680333
229 0.663895 0.303835 0.693417 0.450556 0.673402 0.452744 0.713433 0.448369 0.673402 0.452744 0.658508 0.545324 0.649623 0.646632 0.713433 0.448369 0.712227 0.564970 0.711208 0.680510
230 0.661913 0.305233 0.692107 0.449617 0.672086 0.452067 0.712127 0.447167 0.672086 0.452067 0.657839 0.545553 0.649661 0.646665 0.712127 0.447167 0.711565 0.564338 0.710722 0.680424
231 0.659585 0.306734 0.690778 0.448718 0.671048 0.451247 0.710509 0.446189 0.671048 0.451247 0.656898 0.545857 0.649684 0.646616 0.710509 0.446189 0.710871 0.563541 0.710342 0.679887
232 0.657368 0.308703 0.689899 0.447623 0.670345 0.450607 0.709453 0.444639 0.670345 0.450607 0.656458 0.546103 0.649701 0.646440 0.709453 0.444639 0.709848 0.562923 0.710148 0.679717
233 0.655864 0.309836 0.689075 0.447019 0.669466 0.450087 0.708683 0.443952 0.669466 0.450087 0.655822 0.546257 0.649709 0.646453 0.708683 0.443952 0.709965 0.562876 0.710302 0.679720
234 0.654338 0.310329 0.688212 0.447050 0.668759 0.450122 0.707664 0.443978 0.668759 0.450122 0.655980 0.546543 0.649682 0.646544 0.707664 0.443978 0.709993 0.562931 0.710436 0.680712
235 0.652599 0.310841 0.687596 0.446448 0.668354 0.449526 0.706838 0.443370 0.668354 0.449526 0.656141 0.546756 0.649797 0.646598 0.706838 0.443370 0.710121 0.563060 0.710774 0.682037
236 0.651338 0.311424 0.686788 0.445649 0.667685 0.448636 0.705892 0.442662 0.667685 0.448636 0.656161 0.547646 0.650006 0.646695 0.705892 0.442662 0.710267 0.563089 0.711762 0.684064
237 0.650488 0.311493 0.686264 0.444657 0.667252 0.447785 0.705275 0.441529 0.667252 0.447785 0.656309 0.547680 0.650436 0.646731 0.705275 0.441529 0.710475 0.562996 0.713625 0.684421
238 0.649386 0.311977 0.685779 0.444475 0.666752 0.447689 0.704806 0.441261 0.666752 0.447689 0.656441 0.547786 0.650686 0.646761 0.704806 0.441261 0.710974 0.563018 0.715058 0.684940
239 0.648570 0.312291 0.685080 0.443763 0.666075 0.447241 0.704086 0.440286 0.666075 0.447241 0.656522 0.547587 0.650923 0.646791 0.704086 0.440286 0.711104 0.562982 0.716702 0.684829
240 0.647650 0.313091 0.684429 0.443603 0.665326 0.447131 0.703532 0.440075 0.665326 0.447131 0.656604 0.547616 0.651184 0.646872 0.703532 0.440075 0.711364 0.563030 0.718299 0.685452
241 0.647300 0.313546 0.683976 0.443235 0.664756 0.446923 0.703196 0.439547 0.664756 0.446923 0.657032 0.547650 0.651433 0.647192 0.703196 0.439547 0.712240 0.561399 0.719078 0.684259
242 0.647202 0.313571 0.683846 0.442721 0.664757 0.446384 0.702935 0.439058 0.664757 0.446384 0.657901 0.548158 0.651865 0.647387 0.702935 0.439058 0.712627 0.561173 0.720734 0.683104
243 0.647402 0.313666 0.683945 0.442656 0.665005 0.446265 0.702885 0.439046 0.665005 0.446265 0.658267 0.548710 0.652107 0.647892 0.702885 0.439046 0.712887 0.561238 0.721787 0.683015
244 0.647617 0.313661 0.684004 0.442722 0.665184 0.446267 0.702824 0.439177 0.665184 0.446267 0.658677 0.549295 0.652167 0.647954 0.702824 0.439177 0.713050 0.561300 0.722604 0.682995
245 0.647903 0.313642 0.684042 0.442649 0.665316 0.446115 0.702767 0.439184 0.665316 0.446115 0.659048 0.549883 0.652230 0.648270 0.702767 0.439184 0.713483 0.561368 0.723052 0.682965
246 0.648152 0.313713 0.683990 0.442560 0.665404 0.445917 0.702577 0.439203 0.665404 0.445917 0.659154 0.550100 0.652304 0.648506 0.702577 0.439203 0.714187 0.561424 0.723372 0.682969
247 0.648324 0.313884 0.683920 0.442570 0.665424 0.445885 0.702417 0.439255 0.665424 0.445885 0.659341 0.550275 0.652370 0.648499 0.702417 0.439255 0.714394 0.561436 0.723318 0.683071
248 0.648768 0.314010 0.683876 0.442365 0.665387 0.445547 0.702366 0.439183 0.665387 0.445547 0.659595 0.550690 0.652434 0.648541 0.702366 0.439183 0.714419 0.561260 0.723117 0.682630
249 0.649441 0.314102 0.683858 0.442107 0.665422 0.445062 0.702294 0.439151 0.665422 0.445062 0.659735 0.550897 0.652487 0.648631 0.702294 0.439151 0.714447 0.561119 0.722950 0.682382
250 0.650559 0.314112 0.683909 0.442055 0.665487 0.444943 0.702332 0.439166 0.665487 0.444943 0.659839 0.551077 0.652631 0.648956 0.702332 0.439166 0.714503 0.560894 0.722920 0.682162
251 0.651620 0.314041 0.684115 0.441952 0.665734 0.444721 0.702496 0.439182 0.665734 0.444721 0.660019 0.551079 0.652775 0.649051 0.702496 0.439182 0.714538 0.560856 0.722592 0.681960
252 0.652688 0.313597 0.684298 0.441942 0.665911 0.444695 0.702684 0.439189 0.665911 0.444695 0.660228 0.551142 0.652807 0.649098 0.702684 0.439189 0.714752 0.560652 0.722096 0.681882
253 0.653947 0.313339 0.684746 0.441950 0.666166 0.444701 0.703325 0.439200 0.666166 0.444701 0.660242 0.551040 0.652807 0.649085 0.703325 0.439200 0.714875 0.560369 0.721174 0.680165
254 0.655259 0.313176 0.685525 0.442731 0.666495 0.445422 0.704555 0.440040 0.666495 0.445422 0.660545 0.551040 0.652763 0.648697 0.704555 0.440040 0.714877 0.560363 0.719922 0.679757
255 0.657002 0.312777 0.686825 0.442986 0.667454 0.445664 0.706197 0.440308 0.667454 0.445664 0.660633 0.550953 0.652692 0.647824 0.706197 0.440308 0.715048 0.560135 0.718618 0.679291
256 0.658823 0.312187 0.688524 0.444460 0.668717 0.447007 0.708330 0.441913 0.668717 0.447007 0.660646 0.551182 0.652537 0.647287 0.708330 0.441913 0.715151 0.560485 0.717609 0.679497
257 0.660861 0.311452 0.690928 0.446221 0.670704 0.449202 0.711152 0.443239 0.670704 0.449202 0.660651 0.551613 0.652523 0.647491 0.711152 0.443239 0.715672 0.560662 0.716360 0.679445
258 0.662346 0.311075 0.692540 0.448370 0.672101 0.451322 0.712978 0.445417 0.672101 0.451322 0.660616 0.552431 0.652553 0.647972 0.712978 0.445417 0.716223 0.561461 0.715369 0.679102
259 0.664274 0.310085 0.694051 0.449198 0.673377 0.452156 0.714725 0.446240 0.673377 0.452156 0.660631 0.552494 0.652621 0.647984 0.714725 0.446240 0.717051 0.561574 0.715024 0.676733
260 0.666422 0.308909 0.695893 0.450971 0.675089 0.453764 0.716697 0.448178 0.675089 0.453764 0.660802 0.552951 0.652873 0.647988 0.716697 0.448178 0.718224 0.562531 0.714455 0.675322
261 0.669779 0.307984 0.698961 0.451476 0.678091 0.454101 0.719832 0.448851 0.678091 0.454101 0.661128 0.552921 0.652939 0.647915 0.719832 0.448851 0.719558 0.563428 0.714627 0.674627
262 0.673777 0.307526 0.700542 0.452812 0.679402 0.455067 0.721682 0.450557 0.679402 0.455067 0.661328 0.552890 0.652939 0.647865 0.721682 0.450557 0.720802 0.565549 0.714751 0.674801
263 0.677015 0.307111 0.702912 0.454487 0.682007 0.456822 0.723818 0.452151 0.682007 0.456822 0.662256 0.553091 0.652941 0.648527 0.723818 0.452151 0.721852 0.568583 0.714667 0.675100
264 0.679568 0.306552 0.705246 0.455216 0.684516 0.457679 0.725977 0.452754 0.684516 0.457679 0.663455 0.553116 0.652918 0.648642 0.725977 0.452754 0.722614 0.569982 0.714804 0.675143
265 0.683524 0.304878 0.708008 0.455524 0.687704 0.457841 0.728313 0.453206 0.687704 0.457841 0.664610 0.553111 0.652991 0.648231 0.728313 0.453206 0.723389 0.570235 0.714861 0.675040
266 0.688624 0.303892 0.710977 0.456373 0.690652 0.458348 0.731303 0.454399 0.690652 0.458348 0.666406 0.553498 0.652989 0.648153 0.731303 0.454399 0.724301 0.571722 0.714917 0.675369
267 0.693911 0.303066 0.713868 0.457264 0.693734 0.458684 0.734003 0.455844 0.693734 0.458684 0.669407 0.553707 0.653389 0.647930 0.734003 0.455844 0.726098 0.572336 0.715289 0.675389
268 0.697967 0.302514 0.716848 0.457522 0.697019 0.458604 0.736678 0.456441 0.697019 0.458604 0.672166 0.553701 0.654169 0.647803 0.736678 0.456441 0.727633 0.573299 0.715854 0.675813
269 0.703030 0.302649 0.719365 0.458837 0.699697 0.459488 0.739032 0.458186 0.699697 0.459488 0.674779 0.554924 0.654585 0.649138 0.739032 0.458186 0.728672 0.573616 0.716035 0.675870
270 0.707763 0.302467 0.721816 0.459476 0.702185 0.459734 0.741447 0.459217 0.702185 0.459734 0.676718 0.556163 0.654565 0.650626 0.741447 0.459217 0.729838 0.574214 0.716044 0.675911
271 0.712277 0.302429 0.724541 0.460785 0.705280 0.460453 0.743802 0.461117 0.705280 0.460453 0.677845 0.557242 0.654094 0.651563 0.743802 0.461117 0.731018 0.575224 0.716108 0.676706
272 0.716650 0.302374 0.726439 0.462041 0.707376 0.461042 0.745503 0.463040 0.707376 0.461042 0.677939 0.559353 0.651929 0.653809 0.745503 0.463040 0.732399 0.576024 0.717119 0.676892
273 0.720856 0.302288 0.727643 0.464352 0.708688 0.462733 0.746598 0.465971 0.708688 0.462733 0.678003 0.562671 0.651045 0.659243 0.746598 0.465971 0.733208 0.576534 0.719243 0.676903
274 0.724345 0.301765 0.728680 0.465498 0.710144 0.463532 0.747217 0.467464 0.710144 0.463532 0.678993 0.564556 0.652313 0.664193 0.747217 0.467464 0.732957 0.576766 0.719596 0.676948
275 0.727852 0.301336 0.728730 0.467681 0.710746 0.465928 0.746714 0.469433 0.710746 0.465928 0.680110 0.573355 0.657430 0.672846 0.746714 0.469433 0.732777 0.578245 0.720064 0.677165
276 0.732724 0.300843 0.729409 0.467727 0.712022 0.465672 0.746796 0.469782 0.712022 0.465672 0.683231 0.576226 0.668915 0.678693 0.746796 0.469782 0.732459 0.579661 0.720269 0.678324
277 0.735418 0.299905 0.729564 0.468608 0.712798 0.466714 0.746330 0.470502 0.712798 0.466714 0.686207 0.581550 0.680807 0.685906 0.746330 0.470502 0.731815 0.584020 0.720083 0.681958
278 0.738018 0.299459 0.729799 0.469767 0.713532 0.468213 0.746067 0.471321 0.713532 0.468213 0.689215 0.582587 0.687743 0.688444 0.746067 0.471321 0.731693 0.584753 0.719693 0.683821
279 0.740570 0.298823 0.731292 0.470431 0.717026 0.470085 0.745557 0.470776 0.717026 0.470085 0.698839 0.585315 0.699220 0.695654 0.745557 0.470776 0.727962 0.583883 0.717975 0.683457
280 0.742065 0.298384 0.731643 0.471765 0.719706 0.472931 0.743581 0.470599 0.719706 0.472931 0.704634 0.586989 0.706985 0.702024 0.743581 0.470599 0.723321 0.583826 0.717929 0.683197
281 0.744381 0.298183 0.732067 0.471715 0.722004 0.473045 0.742130 0.470386 0.722004 0.473045 0.708354 0.587194 0.709383 0.705802 0.742130 0.470386 0.721130 0.579459 0.717101 0.678577
282 0.746762 0.298395 0.732261 0.471915 0.723979 0.473603 0.740543 0.470226 0.723979 0.473603 0.713376 0.587905 0.717647 0.709638 0.740543 0.470226 0.720198 0.576806 0.716968 0.672411
283 0.747823 0.298963 0.732737 0.471473 0.725399 0.473432 0.740075 0.469514 0.725399 0.473432 0.717637 0.586914 0.724404 0.712801 0.740075 0.469514 0.720514 0.574315 0.718090 0.667631
284 0.749608 0.300267 0.733656 0.471496 0.727240 0.473755 0.740072 0.469236 0.727240 0.473755 0.721821 0.587188 0.727742 0.715498 0.740072 0.469236 0.720941 0.573465 0.721086 0.666650
285 0.750962 0.302423 0.734822 0.471599 0.729367 0.474089 0.740276 0.469109 0.729367 0.474089 0.722659 0.586486 0.728646 0.713806 0.740276 0.469109 0.721047 0.572291 0.723294 0.664182
286 0.752417 0.304609 0.735689 0.472011 0.731088 0.474927 0.740289 0.469096 0.731088 0.474927 0.723554 0.586244 0.728304 0.713665 0.740289 0.469096 0.721267 0.571645 0.723501 0.662507
287 0.754478 0.305236 0.735144 0.473516 0.731834 0.476858 0.738454 0.470174 0.731834 0.476858 0.725370 0.589762 0.727995 0.714904 0.738454 0.470174 0.721417 0.571721 0.724074 0.663119
288 0.755715 0.306536 0.734919 0.476338 0.732685 0.479870 0.737153 0.472806 0.732685 0.479870 0.728218 0.592813 0.728782 0.715765 0.737153 0.472806 0.722389 0.572410 0.725079 0.663608
289 0.756171 0.307750 0.734786 0.476509 0.733370 0.479917 0.736202 0.473101 0.733370 0.479917 0.729395 0.593895 0.729929 0.715100 0.736202 0.473101 0.724182 0.573170 0.726121 0.663560
290 0.756189 0.310273 0.734847 0.476850 0.733904 0.479915 0.735791 0.473784 0.733904 0.479915 0.730454 0.594414 0.730427 0.714529 0.735791 0.473784 0.726844 0.573716 0.727639 0.663987
291 0.756192 0.312508 0.736505 0.476907 0.737075 0.480271 0.735935 0.473544 0.737075 0.480271 0.731778 0.594938 0.731110 0.713737 0.735935 0.473544 0.728305 0.574305 0.728530 0.664400
292 0.755957 0.314024 0.737218 0.477075 0.740819 0.480758 0.733618 0.473393 0.740819 0.480758 0.731743 0.596156 0.730310 0.713224 0.733618 0.473393 0.727738 0.572595 0.728125 0.660211
293 0.755675 0.315739 0.736846 0.477568 0.743228 0.481228 0.730464 0.473909 0.743228 0.481228 0.731172 0.597160 0.730432 0.712922 0.730464 0.473909 0.711479 0.566320 0.726487 0.659518
294 0.755791 0.316729 0.735845 0.477996 0.744462 0.481588 0.727228 0.474404 0.744462 0.481588 0.730471 0.596640 0.730258 0.712662 0.727228 0.474404 0.704894 0.563947 0.722956 0.659849
295 0.756214 0.317271 0.735815 0.479702 0.745443 0.483154 0.726186 0.476250 0.745443 0.483154 0.730361 0.596970 0.730159 0.712478 0.726186 0.476250 0.709708 0.570233 0.717680 0.662494
296 0.756762 0.318002 0.734335 0.482134 0.745483 0.485095 0.723187 0.479172 0.745483 0.485095 0.731598 0.597685 0.730021 0.713107 0.723187 0.479172 0.711477 0.575195 0.713753 0.665994
297 0.756694 0.318463 0.732223 0.484246 0.744940 0.487758 0.719506 0.480734 0.744940 0.487758 0.732383 0.600786 0.729860 0.713789 0.719506 0.480734 0.709907 0.580931 0.711205 0.669271
298 0.756757 0.319210 0.730304 0.487020 0.744162 0.491115 0.716446 0.482924 0.744162 0.491115 0.733080 0.603921 0.729772 0.713887 0.716446 0.482924 0.708755 0.585627 0.710086 0.673782
299 0.756987 0.319293 0.728992 0.486958 0.743613 0.491131 0.714371 0.482786 0.743613 0.491131 0.733224 0.603906 0.729624 0.713832 0.714371 0.482786 0.707178 0.586697 0.708810 0.676418
300 0.755642 0.319223 0.728409 0.488239 0.743330 0.492122 0.713488 0.484355 0.743330 0.492122 0.733742 0.603628 0.729504 0.712976 0.713488 0.484355 0.706016 0.590689 0.707326 0.683067
301 0.753798 0.318621 0.727807 0.488193 0.743347 0.492391 0.712267 0.483995 0.743347 0.492391 0.734453 0.603465 0.729654 0.712830 0.712267 0.483995 0.703688 0.592570 0.704128 0.685603
302 0.751800 0.317908 0.727089 0.490209 0.743238 0.494284 0.710940 0.486134 0.743238 0.494284 0.735425 0.604133 0.729610 0.713037 0.710940 0.486134 0.702849 0.596939 0.701724 0.690899
303 0.749659 0.317516 0.726215 0.491239 0.743123 0.495177 0.709306 0.487302 0.743123 0.495177 0.736477 0.603821 0.729797 0.713166 0.709306 0.487302 0.700809 0.598221 0.699840 0.694510
304 0.748073 0.317487 0.724845 0.492350 0.742725 0.496447 0.706966 0.488253 0.742725 0.496447 0.737533 0.604962 0.729886 0.713529 0.706966 0.488253 0.699088 0.601457 0.697509 0.696318
305 0.745793 0.317855 0.723577 0.493035 0.741835 0.497145 0.705319 0.488924 0.741835 0.497145 0.737352 0.607087 0.729898 0.713759 0.705319 0.488924 0.697044 0.603418 0.696479 0.697927
306 0.742406 0.317975 0.722050 0.493007 0.741136 0.497059 0.702964 0.488955 0.741136 0.497059 0.737066 0.610761 0.729879 0.713934 0.702964 0.488955 0.695364 0.604641 0.695357 0.698808
307 0.739365 0.318525 0.720398 0.493274 0.740056 0.496997 0.700740 0.489551 0.740056 0.496997 0.736598 0.611680 0.729863 0.713897 0.700740 0.489551 0.694025 0.604960 0.694645 0.698297
308 0.735929 0.318812 0.718665 0.493031 0.738796 0.496793 0.698535 0.489269 0.738796 0.496793 0.734895 0.611529 0.729773 0.713846 0.698535 0.489269 0.693262 0.604715 0.694324 0.698506
309 0.732259 0.319126 0.715892 0.492961 0.736265 0.496553 0.695519 0.489369 0.736265 0.496553 0.731684 0.611730 0.729756 0.713832 0.695519 0.489369 0.692596 0.605815 0.693913 0.699795
310 0.728049 0.319461 0.712645 0.492863 0.732926 0.496503 0.692364 0.489222 0.732926 0.496503 0.728206 0.612058 0.729682 0.713834 0.692364 0.489222 0.691806 0.605952 0.693829 0.700705
311 0.724135 0.319507 0.710136 0.492662 0.730217 0.496125 0.690055 0.489199 0.730217 0.496125 0.724872 0.611861 0.728917 0.713835 0.690055 0.489199 0.690550 0.605268 0.693438 0.699863
312 0.719082 0.319653 0.707578 0.492470 0.727726 0.495770 0.687430 0.489170 0.727726 0.495770 0.721816 0.612954 0.727189 0.713820 0.687430 0.489170 0.689919 0.604972 0.693864 0.699488
313 0.715019 0.319875 0.704290 0.492332 0.724955 0.495588 0.683625 0.489076 0.724955 0.495588 0.719162 0.613895 0.723960 0.713789 0.683625 0.489076 0.689288 0.605683 0.694200 0.699377
314 0.710287 0.320136 0.700964 0.492254 0.721721 0.495525 0.680206 0.488982 0.721721 0.495525 0.716849 0.614711 0.721207 0.713277 0.680206 0.488982 0.688486 0.606479 0.694430 0.699043
315 0.705849 0.320622 0.698151 0.492640 0.719192 0.495546 0.677110 0.489733 0.719192 0.495546 0.714904 0.615025 0.717312 0.712312 0.677110 0.489733 0.687682 0.607423 0.694575 0.698719
316 0.701415 0.321543 0.695442 0.493308 0.716893 0.495821 0.673992 0.490796 0.716893 0.495821 0.712606 0.614829 0.712754 0.711140 0.673992 0.490796 0.685778 0.607278 0.694697 0.698610
317 0.696795 0.322910 0.691872 0.495061 0.713554 0.496808 0.670190 0.493315 0.713554 0.496808 0.710450 0.614679 0.709442 0.709462 0.670190 0.493315 0.682528 0.607396 0.694529 0.698397
318 0.692384 0.325362 0.688108 0.498026 0.710274 0.499057 0.665942 0.496994 0.710274 0.499057 0.707833 0.615553 0.707574 0.707470 0.665942 0.496994 0.680549 0.608488 0.694306 0.698723
319 0.687602 0.329404 0.683123 0.501960 0.705594 0.502931 0.660652 0.500988 0.705594 0.502931 0.705710 0.617821 0.706168 0.706921 0.660652 0.500988 0.677238 0.610557 0.693602 0.698646
320 0.682921 0.334040 0.678396 0.509500 0.700898 0.510023 0.655895 0.508977 0.700898 0.510023 0.702885 0.624247 0.705831 0.707110 0.655895 0.508977 0.674934 0.616524 0.692878 0.700291
321 0.677176 0.339080 0.672860 0.515692 0.695260 0.515497 0.650460 0.515888 0.695260 0.515497 0.700119 0.627591 0.705027 0.707061 0.650460 0.515888 0.672238 0.621017 0.692704 0.700400
322 0.672209 0.344064 0.667520 0.520366 0.690381 0.520512 0.644659 0.520219 0.690381 0.520512 0.695832 0.629014 0.698760 0.707738 0.644659 0.520219 0.662298 0.620078 0.690004 0.700286
323 0.666571 0.350575 0.662785 0.525799 0.685833 0.525130 0.639737 0.526468 0.685833 0.525130 0.694403 0.632024 0.684716 0.714433 0.639737 0.526468 0.657194 0.627290 0.688435 0.700787
324 0.659105 0.359676 0.654376 0.533031 0.677633 0.531585 0.631118 0.534478 0.677633 0.531585 0.689222 0.641505 0.663618 0.743766 0.631118 0.534478 0.652601 0.640502 0.685160 0.699128
325 0.651656 0.368969 0.645778 0.541755 0.669984 0.540331 0.621572 0.543179 0.669984 0.540331 0.683618 0.649861 0.649059 0.752384 0.621572 0.543179 0.642114 0.654337 0.675766 0.697595
326 0.644196 0.378897 0.638016 0.550513 0.662717 0.548063 0.613316 0.552964 0.662717 0.548063 0.677373 0.653572 0.640033 0.751953 0.613316 0.552964 0.627471 0.661537 0.644456 0.707593
327 0.635425 0.391621 0.630530 0.559023 0.655066 0.556216 0.605994 0.561831 0.655066 0.556216 0.670358 0.657900 0.642919 0.748031 0.605994 0.561831 0.610278 0.668034 0.645139 0.694410
328 0.626529 0.407202 0.620460 0.569806 0.644563 0.566617 0.596358 0.572996 0.644563 0.566617 0.667561 0.660320 0.639112 0.748086 0.596358 0.572996 0.599791 0.683369 0.622200 0.674283
329 0.617016 0.422840 0.610823 0.581285 0.635544 0.577296 0.586102 0.585274 0.635544 0.577296 0.665337 0.657048 0.636201 0.746606 0.586102 0.585274 0.589921 0.705974 0.605118 0.670089
330 0.605308 0.444375 0.597334 0.597061 0.620582 0.591334 0.574086 0.602788 0.620582 0.591334 0.659038 0.661503 0.637552 0.750564 0.574086 0.602788 0.586951 0.717284 0.595484 0.713328
331 0.593884 0.463113 0.585639 0.606503 0.608242 0.600888 0.563035 0.612118 0.608242 0.600888 0.652571 0.664516 0.634775 0.749273 0.563035 0.612118 0.586551 0.726732 0.582088 0.732581
332 0.580432 0.484485 0.574029 0.623094 0.595522 0.614024 0.552537 0.632164 0.595522 0.614024 0.646072 0.666528 0.630339 0.751320 0.552537 0.632164 0.585597 0.753831 0.589478 0.733092
333 0.563077 0.511995 0.556053 0.647611 0.575430 0.635484 0.536675 0.659738 0.575430 0.635484 0.641885 0.664653 0.628474 0.752502 0.536675 0.659738 0.584211 0.775725 0.566131 0.744597
334 0.546005 0.538149 0.543157 0.667324 0.560659 0.650271 0.525656 0.684377 0.560659 0.650271 0.633507 0.658762 0.626765 0.753239 0.525656 0.684377 0.579362 0.787802 0.564033 0.745448
335 0.524137 0.560089 0.530450 0.686836 0.545977 0.665043 0.514924 0.708629 0.545977 0.665043 0.619705 0.644879 0.628855 0.752117 0.514924 0.708629 0.586134 0.795620 0.547736 0.766454
336 0.499781 0.600613 0.514191 0.716638 0.526333 0.690145 0.502050 0.743131 0.526333 0.690145 0.606257 0.645230 0.630203 0.747398 0.502050 0.743131 0.589795 0.795107 0.558310 0.767729
337 -1 -1 -1 -1 -1 -1 -1 -1 -1 -1 -1 -1 -1 -1 -1 -1 -1 -1 -1 -1
338 -1 -1 -1 -1 -1 -1 -1 -1 -1 -1 -1 -1 -1 -1 -1 -1 -1 -1 -1 -1
339 -1 -1 -1 -1 -1 -1 -1 -1 -1 -1 -1 -1 -1 -1 -1 -1 -1 -1 -1 -1
340 0.417201 0.686045 0.447360 0.745110 0.455555 0.717580 0.439165 0.772641 0.455555 0.717580 0.533362 0.688636 0.608922 0.700569 0.439165 0.772641 0.525454 0.711316 0.610532 0.713487
341 0.403975 0.692046 0.439808 0.735598 0.447968 0.706173 0.431648 0.765022 0.447968 0.706173 0.518797 0.666838 0.602311 0.644135 0.431648 0.765022 0.524633 0.709513 0.619428 0.697426
342 0.386564 0.707853 0.423022 0.744890 0.431010 0.717790 0.415033 0.771990 0.431010 0.717790 0.501445 0.653288 0.572554 0.592608 0.415033 0.771990 0.438362 0.721239 0.449629 0.743981
343 0.367736 0.724537 0.412285 0.769323 0.409823 0.744435 0.414747 0.794210 0.409823 0.744435 0.469290 0.687235 0.507657 0.623530 0.414747 0.794210 0.457621 0.754844 0.463167 0.795780
344 0.361027 0.726334 0.409863 0.772646 0.406444 0.748988 0.413281 0.796303 0.406444 0.748988 0.464854 0.693832 0.536077 0.629051 0.413281 0.796303 0.456528 0.738578 0.492742 0.791151
345 0.351601 0.726982 0.407445 0.762936 0.394973 0.744627 0.419918 0.781245 0.394973 0.744627 0.438707 0.669087 0.495854 0.568054 0.419918 0.781245 0.457283 0.670535 0.510817 0.560072
346 0.351431 0.723586 0.421044 0.760325 0.409313 0.740248 0.432776 0.780401 0.409313 0.740248 0.443291 0.642983 0.497038 0.519784 0.432776 0.780401 0.466237 0.666699 0.573984 0.582707
347 0.348713 0.722430 0.425315 0.758361 0.414999 0.735379 0.435631 0.781342 0.414999 0.735379 0.451542 0.630610 0.505615 0.518041 0.435631 0.781342 0.484577 0.662639 0.578213 0.571814
348 0.345324 0.722245 0.426297 0.752660 0.413894 0.729930 0.438699 0.775390 0.413894 0.729930 0.440724 0.616604 0.489396 0.493337 0.438699 0.775390 0.493274 0.650361 0.583010 0.585498
349 0.342765 0.723954 0.426394 0.750975 0.413441 0.727570 0.439347 0.774381 0.413441 0.727570 0.434477 0.604405 0.484318 0.478916 0.439347 0.774381 0.494263 0.638728 0.586129 0.551936
350 0.337170 0.727718 0.425496 0.747029 0.410926 0.722791 0.440065 0.771267 0.410926 0.722791 0.420904 0.584685 0.486906 0.478315 0.440065 0.771267 0.493252 0.631486 0.581502 0.534619
351 0.334211 0.729447 0.428391 0.735653 0.415146 0.712514 0.441636 0.758791 0.415146 0.712514 0.417004 0.570073 0.488379 0.471231 0.441636 0.758791 0.493793 0.628400 0.585435 0.525977
352 0.332514 0.730319 0.432358 0.728617 0.419491 0.708593 0.445225 0.748640 0.419491 0.708593 0.409487 0.568032 0.494219 0.489858 0.445225 0.748640 0.491864 0.622920 0.579484 0.530299
353 0.332865 0.733249 0.434391 0.721516 0.420362 0.707080 0.448421 0.735952 0.420362 0.707080 0.477246 0.574760 0.541520 0.508471 0.448421 0.735952 0.457285 0.598376 0.546505 0.520984
354 0.334196 0.733043 0.435848 0.710973 0.420592 0.697211 0.451104 0.724735 0.420592 0.697211 0.441377 0.582627 0.527115 0.511117 0.451104 0.724735 0.468012 0.606422 0.548082 0.522712
355 0.333934 0.740113 0.436699 0.711093 0.422196 0.697908 0.451202 0.724277 0.422196 0.697908 0.409508 0.578920 0.527590 0.543393 0.451202 0.724277 0.473074 0.614105 0.560849 0.522873
356 0.333843 0.742433 0.437223 0.710039 0.422790 0.695976 0.451656 0.724101 0.422790 0.695976 0.407901 0.579371 0.509289 0.588152 0.451656 0.724101 0.473898 0.617138 0.575817 0.531102
357 0.335091 0.741987 0.438093 0.706347 0.423847 0.690464 0.452338 0.722231 0.423847 0.690464 0.414185 0.573788 0.496716 0.621842 0.452338 0.722231 0.487776 0.618154 0.588106 0.522794
358 0.335024 0.741679 0.438400 0.704457 0.424712 0.688373 0.452089 0.720540 0.424712 0.688373 0.419675 0.572114 0.490510 0.635788 0.452089 0.720540 0.493280 0.620397 0.589339 0.526632
359 0.334811 0.743209 0.440311 0.702537 0.428597 0.686367 0.452024 0.718706 0.428597 0.686367 0.430379 0.568960 0.487628 0.663687 0.452024 0.718706 0.494804 0.624360 0.587648 0.557388
360 0.335105 0.741338 0.442565 0.696623 0.431719 0.680004 0.453411 0.713242 0.431719 0.680004 0.447738 0.564298 0.490254 0.666577 0.453411 0.713242 0.505474 0.629212 0.599576 0.572307
361 0.335862 0.742258 0.447992 0.693692 0.438333 0.674788 0.457650 0.712596 0.438333 0.674788 0.470168 0.560530 0.493013 0.669429 0.457650 0.712596 0.522652 0.636974 0.611153 0.591630
362 0.336312 0.742151 0.452393 0.691431 0.443637 0.670299 0.461149 0.712563 0.443637 0.670299 0.485108 0.563398 0.493528 0.673342 0.461149 0.712563 0.535959 0.649000 0.622319 0.619117
363 0.336542 0.742047 0.456127 0.690193 0.448387 0.668444 0.463868 0.711942 0.448387 0.668444 0.497853 0.573033 0.528892 0.677385 0.463868 0.711942 0.542671 0.658361 0.632019 0.644086
364 0.336799 0.741722 0.458815 0.690515 0.451187 0.667620 0.466444 0.713410 0.451187 0.667620 0.507328 0.581987 0.531176 0.669264 0.466444 0.713410 0.547346 0.668336 0.635037 0.671216
365 0.337684 0.740367 0.462695 0.691258 0.455331 0.668082 0.470059 0.714435 0.455331 0.668082 0.514844 0.594012 0.528622 0.692982 0.470059 0.714435 0.552769 0.692394 0.641038 0.703010
366 0.339971 0.738936 0.468595 0.692040 0.461551 0.669197 0.475639 0.714883 0.461551 0.669197 0.521105 0.599290 0.526908 0.699494 0.475639 0.714883 0.565568 0.716193 0.646134 0.733203
367 0.344230 0.737809 0.474779 0.694171 0.468306 0.670568 0.481253 0.717775 0.468306 0.670568 0.525656 0.602509 0.541701 0.707247 0.481253 0.717775 0.573279 0.730645 0.651998 0.740800
368 0.347450 0.737011 0.477150 0.695404 0.471050 0.671551 0.483250 0.719258 0.471050 0.671551 0.529629 0.607204 0.549347 0.709051 0.483250 0.719258 0.574261 0.729327 0.652837 0.743640
369 0.349341 0.736497 0.477161 0.696363 0.470975 0.672009 0.483347 0.720718 0.470975 0.672009 0.531304 0.612319 0.540598 0.708172 0.483347 0.720718 0.576102 0.726830 0.657146 0.743878
370 0.350002 0.735950 0.476529 0.696683 0.469974 0.671951 0.483083 0.721416 0.469974 0.671951 0.531227 0.612308 0.537060 0.706823 0.483083 0.721416 0.577315 0.727022 0.657878 0.745965
371 0.350000 0.735749 0.476073 0.697041 0.469444 0.671853 0.482702 0.722228 0.469444 0.671853 0.531843 0.611824 0.535133 0.712905 0.482702 0.722228 0.577349 0.728453 0.656936 0.749566
372 0.349436 0.735718 0.475432 0.697146 0.469075 0.671772 0.481789 0.722521 0.469075 0.671772 0.532296 0.610610 0.534220 0.712377 0.481789 0.722521 0.575701 0.730469 0.656749 0.752030
373 0.349263 0.735802 0.475407 0.697692 0.469158 0.671687 0.481655 0.723697 0.469158 0.671687 0.532988 0.611676 0.533459 0.715345 0.481655 0.723697 0.577278 0.735750 0.655500 0.755057
374 0.348384 0.735965 0.474810 0.698086 0.468634 0.671786 0.480986 0.724386 0.468634 0.671786 0.533491 0.612456 0.533935 0.717477 0.480986 0.724386 0.575743 0.737035 0.656751 0.756503
375 0.347371 0.736164 0.474288 0.698387 0.467996 0.671850 0.480579 0.724924 0.467996 0.671850 0.531926 0.612896 0.533971 0.714283 0.480579 0.724924 0.576652 0.738230 0.657496 0.757452
376 0.345837 0.736319 0.474030 0.698906 0.467612 0.671876 0.480449 0.725937 0.467612 0.671876 0.531170 0.613581 0.528931 0.712399 0.480449 0.725937 0.575608 0.736097 0.656756 0.756633
377 -1 -1 -1 -1 -1 -1 -1 -1 -1 -1 -1 -1 -1 -1 -1 -1 -1 -1 -1 -1
378 -1 -1 -1 -1 -1 -1 -1 -1 -1 -1 -1 -1 -1 -1 -1 -1 -1 -1 -1 -1
379 -1 -1 -1 -1 -1 -1 -1 -1 -1 -1 -1 -1 -1 -1 -1 -1 -1 -1 -1 -1
380 -1 -1 -1 -1 -1 -1 -1 -1 -1 -1 -1 -1 -1 -1 -1 -1 -1 -1 -1 -1
381 -1 -1 -1 -1 -1 -1 -1 -1 -1 -1 -1 -1 -1 -1 -1 -1 -1 -1 -1 -1
382 -1 -1 -1 -1 -1 -1 -1 -1 -1 -1 -1 -1 -1 -1 -1 -1 -1 -1 -1 -1
383 -1 -1 -1 -1 -1 -1 -1 -1 -1 -1 -1 -1 -1 -1 -1 -1 -1 -1 -1 -1
384 -1 -1 -1 -1 -1 -1 -1 -1 -1 -1 -1 -1 -1 -1 -1 -1 -1 -1 -1 -1
385 -1 -1 -1 -1 -1 -1 -1 -1 -1 -1 -1 -1 -1 -1 -1 -1 -1 -1 -1 -1
386 -1 -1 -1 -1 -1 -1 -1 -1 -1 -1 -1 -1 -1 -1 -1 -1 -1 -1 -1 -1
387 -1 -1 -1 -1 -1 -1 -1 -1 -1 -1 -1 -1 -1 -1 -1 -1 -1 -1 -1 -1
388 -1 -1 -1 -1 -1 -1 -1 -1 -1 -1 -1 -1 -1 -1 -1 -1 -1 -1 -1 -1
389 -1 -1 -1 -1 -1 -1 -1 -1 -1 -1 -1 -1 -1 -1 -1 -1 -1 -1 -1 -1
390 -1 -1 -1 -1 -1 -1 -1 -1 -1 -1 -1 -1 -1 -1 -1 -1 -1 -1 -1 -1
391 -1 -1 -1 -1 -1 -1 -1 -1 -1 -1 -1 -1 -1 -1 -1 -1 -1 -1 -1 -1
392 -1 -1 -1 -1 -1 -1 -1 -1 -1 -1 -1 -1 -1 -1 -1 -1 -1 -1 -1 -1
393 -1 -1 -1 -1 -1 -1 -1 -1 -1 -1 -1 -1 -1 -1 -1 -1 -1 -1 -1 -1
394 -1 -1 -1 -1 -1 -1 -1 -1 -1 -1 -1 -1 -1 -1 -1 -1 -1 -1 -1 -1
395 -1 -1 -1 -1 -1 -1 -1 -1 -1 -1 -1 -1 -1 -1 -1 -1 -1 -1 -1 -1
396 -1 -1 -1 -1 -1 -1 -1 -1 -1 -1 -1 -1 -1 -1 -1 -1 -1 -1 -1 -1
397 -1 -1 -1 -1 -1 -1 -1 -1 -1 -1 -1 -1 -1 -1 -1 -1 -1 -1 -1 -1
398 -1 -1 -1 -1 -1 -1 -1 -1 -1 -1 -1 -1 -1 -1 -1 -1 -1 -1 -1 -1
399 -1 -1 -1 -1 -1 -1 -1 -1 -1 -1 -1 -1 -1 -1 -1 -1 -1 -1 -1 -1
400 -1 -1 -1 -1 -1 -1 -1 -1 -1 -1 -1 -1 -1 -1 -1 -1 -1 -1 -1 -1
401 -1 -1 -1 -1 -1 -1 -1 -1 -1 -1 -1 -1 -1 -1 -1 -1 -1 -1 -1 -1
402 -1 -1 -1 -1 -1 -1 -1 -1 -1 -1 -1 -1 -1 -1 -1 -1 -1 -1 -1 -1
403 -1 -1 -1 -1 -1 -1 -1 -1 -1 -1 -1 -1 -1 -1 -1 -1 -1 -1 -1 -1
404 -1 -1 -1 -1 -1 -1 -1 -1 -1 -1 -1 -1 -1 -1 -1 -1 -1 -1 -1 -1
405 -1 -1 -1 -1 -1 -1 -1 -1 -1 -1 -1 -1 -1 -1 -1 -1 -1 -1 -1 -1
406 -1 -1 -1 -1 -1 -1 -1 -1 -1 -1 -1 -1 -1 -1 -1 -1 -1 -1 -1 -1
407 -1 -1 -1 -1 -1 -1 -1 -1 -1 -1 -1 -1 -1 -1 -1 -1 -1 -1 -1 -1
408 -1 -1 -1 -1 -1 -1 -1 -1 -1 -1 -1 -1 -1 -1 -1 -1 -1 -1 -1 -1
409 -1 -1 -1 -1 -1 -1 -1 -1 -1 -1 -1 -1 -1 -1 -1 -1 -1 -1 -1 -1
410 -1 -1 -1 -1 -1 -1 -1 -1 -1 -1 -1 -1 -1 -1 -1 -1 -1 -1 -1 -1
411 -1 -1 -1 -1 -1 -1 -1 -1 -1 -1 -1 -1 -1 -1 -1 -1 -1 -1 -1 -1
412 -1 -1 -1 -1 -1 -1 -1 -1 -1 -1 -1 -1 -1 -1 -1 -1 -1 -1 -1 -1
413 -1 -1 -1 -1 -1 -1 -1 -1 -1 -1 -1 -1 -1 -1 -1 -1 -1 -1 -1 -1
414 -1 -1 -1 -1 -1 -1 -1 -1 -1 -1 -1 -1 -1 -1 -1 -1 -1 -1 -1 -1
415 -1 -1 -1 -1 -1 -1 -1 -1 -1 -1 -1 -1 -1 -1 -1 -1 -1 -1 -1 -1
416 -1 -1 -1 -1 -1 -1 -1 -1 -1 -1 -1 -1 -1 -1 -1 -1 -1 -1 -1 -1
417 -1 -1 -1 -1 -1 -1 -1 -1 -1 -1 -1 -1 -1 -1 -1 -1 -1 -1 -1 -1
418 -1 -1 -1 -1 -1 -1 -1 -1 -1 -1 -1 -1 -1 -1 -1 -1 -1 -1 -1 -1
419 -1 -1 -1 -1 -1 -1 -1 -1 -1 -1 -1 -1 -1 -1 -1 -1 -1 -1 -1 -1
420 -1 -1 -1 -1 -1 -1 -1 -1 -1 -1 -1 -1 -1 -1 -1 -1 -1 -1 -1 -1
421 -1 -1 -1 -1 -1 -1 -1 -1 -1 -1 -1 -1 -1 -1 -1 -1 -1 -1 -1 -1
422 -1 -1 -1 -1 -1 -1 -1 -1 -1 -1 -1 -1 -1 -1 -1 -1 -1 -1 -1 -1
423 -1 -1 -1 -1 -1 -1 -1 -1 -1 -1 -1 -1 -1 -1 -1 -1 -1 -1 -1 -1
424 -1 -1 -1 -1 -1 -1 -1 -1 -1 -1 -1 -1 -1 -1 -1 -1 -1 -1 -1 -1
425 -1 -1 -1 -1 -1 -1 -1 -1 -1 -1 -1 -1 -1 -1 -1 -1 -1 -1 -1 -1
426 -1 -1 -1 -1 -1 -1 -1 -1 -1 -1 -1 -1 -1 -1 -1 -1 -1 -1 -1 -1
427 -1 -1 -1 -1 -1 -1 -1 -1 -1 -1 -1 -1 -1 -1 -1 -1 -1 -1 -1 -1
428 -1 -1 -1 -1 -1 -1 -1 -1 -1 -1 -1 -1 -1 -1 -1 -1 -1 -1 -1 -1
429 -1 -1 -1 -1 -1 -1 -1 -1 -1 -1 -1 -1 -1 -1 -1 -1 -1 -1 -1 -1
430 -1 -1 -1 -1 -1 -1 -1 -1 -1 -1 -1 -1 -1 -1 -1 -1 -1 -1 -1 -1
431 -1 -1 -1 -1 -1 -1 -1 -1 -1 -1 -1 -1 -1 -1 -1 -1 -1 -1 -1 -1
432 -1 -1 -1 -1 -1 -1 -1 -1 -1 -1 -1 -1 -1 -1 -1 -1 -1 -1 -1 -1
433 -1 -1 -1 -1 -1 -1 -1 -1 -1 -1 -1 -1 -1 -1 -1 -1 -1 -1 -1 -1
434 -1 -1 -1 -1 -1 -1 -1 -1 -1 -1 -1 -1 -1 -1 -1 -1 -1 -1 -1 -1
435 -1 -1 -1 -1 -1 -1 -1 -1 -1 -1 -1 -1 -1 -1 -1 -1 -1 -1 -1 -1
436 -1 -1 -1 -1 -1 -1 -1 -1 -1 -1 -1 -1 -1 -1 -1 -1 -1 -1 -1 -1
437 -1 -1 -1 -1 -1 -1 -1 -1 -1 -1 -1 -1 -1 -1 -1 -1 -1 -1 -1 -1
438 -1 -1 -1 -1 -1 -1 -1 -1 -1 -1 -1 -1 -1 -1 -1 -1 -1 -1 -1 -1
439 -1 -1 -1 -1 -1 -1 -1 -1 -1 -1 -1 -1 -1 -1 -1 -1 -1 -1 -1 -1
440 -1 -1 -1 -1 -1 -1 -1 -1 -1 -1 -1 -1 -1 -1 -1 -1 -1 -1 -1 -1
441 -1 -1 -1 -1 -1 -1 -1 -1 -1 -1 -1 -1 -1 -1 -1 -1 -1 -1 -1 -1
442 -1 -1 -1 -1 -1 -1 -1 -1 -1 -1 -1 -1 -1 -1 -1 -1 -1 -1 -1 -1
443 -1 -1 -1 -1 -1 -1 -1 -1 -1 -1 -1 -1 -1 -1 -1 -1 -1 -1 -1 -1
