124
139
0 -1 -1 -1 -1 -1 -1 -1 -1 -1 -1 -1 -1 -1 -1 -1 -1 -1 -1 -1 -1
1 -1 -1 -1 -1 -1 -1 -1 -1 -1 -1 -1 -1 -1 -1 -1 -1 -1 -1 -1 -1
2 -1 -1 -1 -1 -1 -1 -1 -1 -1 -1 -1 -1 -1 -1 -1 -1 -1 -1 -1 -1
3 -1 -1 -1 -1 -1 -1 -1 -1 -1 -1 -1 -1 -1 -1 -1 -1 -1 -1 -1 -1
4 -1 -1 -1 -1 -1 -1 -1 -1 -1 -1 -1 -1 -1 -1 -1 -1 -1 -1 -1 -1
5 -1 -1 -1 -1 -1 -1 -1 -1 -1 -1 -1 -1 -1 -1 -1 -1 -1 -1 -1 -1
6 -1 -1 -1 -1 -1 -1 -1 -1 -1 -1 -1 -1 -1 -1 -1 -1 -1 -1 -1 -1
7 -1 -1 -1 -1 -1 -1 -1 -1 -1 -1 -1 -1 -1 -1 -1 -1 -1 -1 -1 -1
8 -1 -1 -1 -1 -1 -1 -1 -1 -1 -1 -1 -1 -1 -1 -1 -1 -1 -1 -1 -1
9 -1 -1 -1 -1 -1 -1 -1 -1 -1 -1 -1 -1 -1 -1 -1 -1 -1 -1 -1 -1
10 -1 -1 -1 -1 -1 -1 -1 -1 -1 -1 -1 -1 -1 -1 -1 -1 -1 -1 -1 -1
11 -1 -1 -1 -1 -1 -1 -1 -1 -1 -1 -1 -1 -1 -1 -1 -1 -1 -1 -1 -1
12 -1 -1 -1 -1 -1 -1 -1 -1 -1 -1 -1 -1 -1 -1 -1 -1 -1 -1 -1 -1
13 -1 -1 -1 -1 -1 -1 -1 -1 -1 -1 -1 -1 -1 -1 -1 -1 -1 -1 -1 -1
14 -1 -1 -1 -1 -1 -1 -1 -1 -1 -1 -1 -1 -1 -1 -1 -1 -1 -1 -1 -1
15 -1 -1 -1 -1 -1 -1 -1 -1 -1 -1 -1 -1 -1 -1 -1 -1 -1 -1 -1 -1
16 -1 -1 -1 -1 -1 -1 -1 -1 -1 -1 -1 -1 -1 -1 -1 -1 -1 -1 -1 -1
17 -1 -1 -1 -1 -1 -1 -1 -1 -1 -1 -1 -1 -1 -1 -1 -1 -1 -1 -1 -1
18 -1 -1 -1 -1 -1 -1 -1 -1 -1 -1 -1 -1 -1 -1 -1 -1 -1 -1 -1 -1
19 -1 -1 -1 -1 -1 -1 -1 -1 -1 -1 -1 -1 -1 -1 -1 -1 -1 -1 -1 -1
20 -1 -1 -1 -1 -1 -1 -1 -1 -1 -1 -1 -1 -1 -1 -1 -1 -1 -1 -1 -1
21 -1 -1 -1 -1 -1 -1 -1 -1 -1 -1 -1 -1 -1 -1 -1 -1 -1 -1 -1 -1
22 -1 -1 -1 -1 -1 -1 -1 -1 -1 -1 -1 -1 -1 -1 -1 -1 -1 -1 -1 -1
23 -1 -1 -1 -1 -1 -1 -1 -1 -1 -1 -1 -1 -1 -1 -1 -1 -1 -1 -1 -1
24 -1 -1 -1 -1 -1 -1 -1 -1 -1 -1 -1 -1 -1 -1 -1 -1 -1 -1 -1 -1
25 -1 -1 -1 -1 -1 -1 -1 -1 -1 -1 -1 -1 -1 -1 -1 -1 -1 -1 -1 -1
26 -1 -1 -1 -1 -1 -1 -1 -1 -1 -1 -1 -1 -1 -1 -1 -1 -1 -1 -1 -1
27 -1 -1 -1 -1 -1 -1 -1 -1 -1 -1 -1 -1 -1 -1 -1 -1 -1 -1 -1 -1
28 -1 -1 -1 -1 -1 -1 -1 -1 -1 -1 -1 -1 -1 -1 -1 -1 -1 -1 -1 -1
29 -1 -1 -1 -1 -1 -1 -1 -1 -1 -1 -1 -1 -1 -1 -1 -1 -1 -1 -1 -1
30 -1 -1 -1 -1 -1 -1 -1 -1 -1 -1 -1 -1 -1 -1 -1 -1 -1 -1 -1 -1
31 -1 -1 -1 -1 -1 -1 -1 -1 -1 -1 -1 -1 -1 -1 -1 -1 -1 -1 -1 -1
32 -1 -1 -1 -1 -1 -1 -1 -1 -1 -1 -1 -1 -1 -1 -1 -1 -1 -1 -1 -1
33 -1 -1 -1 -1 -1 -1 -1 -1 -1 -1 -1 -1 -1 -1 -1 -1 -1 -1 -1 -1
34 -1 -1 -1 -1 -1 -1 -1 -1 -1 -1 -1 -1 -1 -1 -1 -1 -1 -1 -1 -1
35 -1 -1 -1 -1 -1 -1 -1 -1 -1 -1 -1 -1 -1 -1 -1 -1 -1 -1 -1 -1
36 -1 -1 -1 -1 -1 -1 -1 -1 -1 -1 -1 -1 -1 -1 -1 -1 -1 -1 -1 -1
37 -1 -1 -1 -1 -1 -1 -1 -1 -1 -1 -1 -1 -1 -1 -1 -1 -1 -1 -1 -1
38 -1 -1 -1 -1 -1 -1 -1 -1 -1 -1 -1 -1 -1 -1 -1 -1 -1 -1 -1 -1
39 -1 -1 -1 -1 -1 -1 -1 -1 -1 -1 -1 -1 -1 -1 -1 -1 -1 -1 -1 -1
40 -1 -1 -1 -1 -1 -1 -1 -1 -1 -1 -1 -1 -1 -1 -1 -1 -1 -1 -1 -1
41 -1 -1 -1 -1 -1 -1 -1 -1 -1 -1 -1 -1 -1 -1 -1 -1 -1 -1 -1 -1
42 -1 -1 -1 -1 -1 -1 -1 -1 -1 -1 -1 -1 -1 -1 -1 -1 -1 -1 -1 -1
43 -1 -1 -1 -1 -1 -1 -1 -1 -1 -1 -1 -1 -1 -1 -1 -1 -1 -1 -1 -1
44 -1 -1 -1 -1 -1 -1 -1 -1 -1 -1 -1 -1 -1 -1 -1 -1 -1 -1 -1 -1
45 -1 -1 -1 -1 -1 -1 -1 -1 -1 -1 -1 -1 -1 -1 -1 -1 -1 -1 -1 -1
46 -1 -1 -1 -1 -1 -1 -1 -1 -1 -1 -1 -1 -1 -1 -1 -1 -1 -1 -1 -1
47 -1 -1 -1 -1 -1 -1 -1 -1 -1 -1 -1 -1 -1 -1 -1 -1 -1 -1 -1 -1
48 -1 -1 -1 -1 -1 -1 -1 -1 -1 -1 -1 -1 -1 -1 -1 -1 -1 -1 -1 -1
49 -1 -1 -1 -1 -1 -1 -1 -1 -1 -1 -1 -1 -1 -1 -1 -1 -1 -1 -1 -1
50 -1 -1 -1 -1 -1 -1 -1 -1 -1 -1 -1 -1 -1 -1 -1 -1 -1 -1 -1 -1
51 -1 -1 -1 -1 -1 -1 -1 -1 -1 -1 -1 -1 -1 -1 -1 -1 -1 -1 -1 -1
52 -1 -1 -1 -1 -1 -1 -1 -1 -1 -1 -1 -1 -1 -1 -1 -1 -1 -1 -1 -1
53 -1 -1 -1 -1 -1 -1 -1 -1 -1 -1 -1 -1 -1 -1 -1 -1 -1 -1 -1 -1
54 -1 -1 -1 -1 -1 -1 -1 -1 -1 -1 -1 -1 -1 -1 -1 -1 -1 -1 -1 -1
55 -1 -1 -1 -1 -1 -1 -1 -1 -1 -1 -1 -1 -1 -1 -1 -1 -1 -1 -1 -1
56 -1 -1 -1 -1 -1 -1 -1 -1 -1 -1 -1 -1 -1 -1 -1 -1 -1 -1 -1 -1
57 -1 -1 -1 -1 -1 -1 -1 -1 -1 -1 -1 -1 -1 -1 -1 -1 -1 -1 -1 -1
58 -1 -1 -1 -1 -1 -1 -1 -1 -1 -1 -1 -1 -1 -1 -1 -1 -1 -1 -1 -1
59 -1 -1 -1 -1 -1 -1 -1 -1 -1 -1 -1 -1 -1 -1 -1 -1 -1 -1 -1 -1
60 -1 -1 -1 -1 -1 -1 -1 -1 -1 -1 -1 -1 -1 -1 -1 -1 -1 -1 -1 -1
61 -1 -1 -1 -1 -1 -1 -1 -1 -1 -1 -1 -1 -1 -1 -1 -1 -1 -1 -1 -1
62 -1 -1 -1 -1 -1 -1 -1 -1 -1 -1 -1 -1 -1 -1 -1 -1 -1 -1 -1 -1
63 -1 -1 -1 -1 -1 -1 -1 -1 -1 -1 -1 -1 -1 -1 -1 -1 -1 -1 -1 -1
64 -1 -1 -1 -1 -1 -1 -1 -1 -1 -1 -1 -1 -1 -1 -1 -1 -1 -1 -1 -1
65 -1 -1 -1 -1 -1 -1 -1 -1 -1 -1 -1 -1 -1 -1 -1 -1 -1 -1 -1 -1
66 -1 -1 -1 -1 -1 -1 -1 -1 -1 -1 -1 -1 -1 -1 -1 -1 -1 -1 -1 -1
67 -1 -1 -1 -1 -1 -1 -1 -1 -1 -1 -1 -1 -1 -1 -1 -1 -1 -1 -1 -1
68 -1 -1 -1 -1 -1 -1 -1 -1 -1 -1 -1 -1 -1 -1 -1 -1 -1 -1 -1 -1
69 -1 -1 -1 -1 -1 -1 -1 -1 -1 -1 -1 -1 -1 -1 -1 -1 -1 -1 -1 -1
70 -1 -1 -1 -1 -1 -1 -1 -1 -1 -1 -1 -1 -1 -1 -1 -1 -1 -1 -1 -1
71 -1 -1 -1 -1 -1 -1 -1 -1 -1 -1 -1 -1 -1 -1 -1 -1 -1 -1 -1 -1
72 -1 -1 -1 -1 -1 -1 -1 -1 -1 -1 -1 -1 -1 -1 -1 -1 -1 -1 -1 -1
73 -1 -1 -1 -1 -1 -1 -1 -1 -1 -1 -1 -1 -1 -1 -1 -1 -1 -1 -1 -1
74 -1 -1 -1 -1 -1 -1 -1 -1 -1 -1 -1 -1 -1 -1 -1 -1 -1 -1 -1 -1
75 -1 -1 -1 -1 -1 -1 -1 -1 -1 -1 -1 -1 -1 -1 -1 -1 -1 -1 -1 -1
76 -1 -1 -1 -1 -1 -1 -1 -1 -1 -1 -1 -1 -1 -1 -1 -1 -1 -1 -1 -1
77 -1 -1 -1 -1 -1 -1 -1 -1 -1 -1 -1 -1 -1 -1 -1 -1 -1 -1 -1 -1
78 -1 -1 -1 -1 -1 -1 -1 -1 -1 -1 -1 -1 -1 -1 -1 -1 -1 -1 -1 -1
79 -1 -1 -1 -1 -1 -1 -1 -1 -1 -1 -1 -1 -1 -1 -1 -1 -1 -1 -1 -1
80 -1 -1 -1 -1 -1 -1 -1 -1 -1 -1 -1 -1 -1 -1 -1 -1 -1 -1 -1 -1
81 -1 -1 -1 -1 -1 -1 -1 -1 -1 -1 -1 -1 -1 -1 -1 -1 -1 -1 -1 -1
82 0.506342 0.083584 0.508445 0.214924 0.519130 0.214648 0.497760 0.215200 0.519130 0.214648 0.511696 0.294912 0.511692 0.366389 0.497760 0.215200 0.503610 0.295232 0.513091 0.361522
83 0.506100 0.085283 0.508805 0.215693 0.519801 0.214591 0.497809 0.216795 0.519801 0.214591 0.515348 0.294623 0.510847 0.356250 0.497809 0.216795 0.505317 0.299402 0.513622 0.371960
84 0.505950 0.086110 0.510828 0.216149 0.522249 0.214421 0.499408 0.217877 0.522249 0.214421 0.524464 0.295448 0.511753 0.354119 0.499408 0.217877 0.507266 0.300558 0.514159 0.380422
85 0.506050 0.086114 0.511813 0.216079 0.523738 0.214109 0.499887 0.218048 0.523738 0.214109 0.527731 0.295208 0.512737 0.359595 0.499887 0.218048 0.507743 0.300212 0.515529 0.373462
86 0.506300 0.086971 0.512326 0.215752 0.524556 0.213202 0.500096 0.218302 0.524556 0.213202 0.531665 0.292423 0.513344 0.350358 0.500096 0.218302 0.508235 0.300056 0.516253 0.371857
87 0.506778 0.088383 0.513706 0.217898 0.526468 0.214459 0.500943 0.221337 0.526468 0.214459 0.533136 0.291865 0.524694 0.351584 0.500943 0.221337 0.508791 0.300012 0.516288 0.372512
88 0.507251 0.089793 0.514213 0.220517 0.527349 0.217955 0.501077 0.223079 0.527349 0.217955 0.533090 0.299339 0.530175 0.368327 0.501077 0.223079 0.509093 0.303447 0.516264 0.378429
89 0.507486 0.091538 0.514101 0.222418 0.527164 0.220149 0.501038 0.224688 0.527164 0.220149 0.531404 0.304374 0.533534 0.375170 0.501038 0.224688 0.509586 0.306745 0.516463 0.378969
90 0.508014 0.093893 0.514600 0.226163 0.527693 0.224513 0.501506 0.227812 0.527693 0.224513 0.531137 0.312533 0.534336 0.384751 0.501506 0.227812 0.510931 0.312854 0.517471 0.379816
91 0.508793 0.097437 0.515140 0.228608 0.527831 0.227150 0.502448 0.230066 0.527831 0.227150 0.530422 0.315268 0.533607 0.393660 0.502448 0.230066 0.511932 0.314024 0.517595 0.382049
92 0.509565 0.099752 0.515268 0.231985 0.527753 0.231133 0.502784 0.232837 0.527753 0.231133 0.529580 0.319158 0.531947 0.405214 0.502784 0.232837 0.512822 0.317017 0.519403 0.386456
93 0.511373 0.103278 0.515441 0.238490 0.527865 0.238609 0.503017 0.238372 0.527865 0.238609 0.528379 0.326578 0.529180 0.414428 0.503017 0.238372 0.512911 0.326205 0.520150 0.400591
94 0.512365 0.105432 0.515332 0.241892 0.527751 0.241848 0.502914 0.241937 0.527751 0.241848 0.526173 0.331667 0.523687 0.421087 0.502914 0.241937 0.512480 0.329486 0.517689 0.408771
95 0.513411 0.107941 0.515186 0.243321 0.527706 0.243276 0.502665 0.243367 0.527706 0.243276 0.524932 0.333722 0.521935 0.420392 0.502665 0.243367 0.512418 0.331933 0.514555 0.403004
96 0.514688 0.108203 0.514870 0.246141 0.527638 0.246433 0.502102 0.245848 0.527638 0.246433 0.524784 0.339199 0.521558 0.424205 0.502102 0.245848 0.510571 0.337409 0.512665 0.399026
97 0.515726 0.109007 0.514954 0.247032 0.527845 0.247310 0.502062 0.246754 0.527845 0.247310 0.524888 0.341143 0.521794 0.423945 0.502062 0.246754 0.508113 0.338106 0.512846 0.396979
98 0.516875 0.110130 0.515573 0.250495 0.528939 0.250720 0.502206 0.250269 0.528939 0.250720 0.525181 0.342490 0.522021 0.419832 0.502206 0.250269 0.507500 0.342650 0.514042 0.400706
99 0.517061 0.111546 0.516091 0.254598 0.529985 0.255012 0.502197 0.254184 0.529985 0.255012 0.525984 0.347975 0.522046 0.419692 0.502197 0.254184 0.504843 0.343125 0.513688 0.396390
100 0.517405 0.113216 0.516813 0.257520 0.531292 0.257676 0.502335 0.257363 0.531292 0.257676 0.526706 0.352847 0.523523 0.421782 0.502335 0.257363 0.504121 0.347650 0.510943 0.396775
101 0.518255 0.114485 0.517081 0.259487 0.531749 0.260046 0.502412 0.258929 0.531749 0.260046 0.526790 0.353446 0.523831 0.424752 0.502412 0.258929 0.503619 0.348204 0.509090 0.410762
102 0.518831 0.116251 0.517860 0.261716 0.532887 0.262682 0.502832 0.260750 0.532887 0.262682 0.527171 0.352129 0.523830 0.426006 0.502832 0.260750 0.503629 0.349232 0.506730 0.425813
103 0.519681 0.120510 0.518660 0.266309 0.533872 0.266871 0.503449 0.265747 0.533872 0.266871 0.527166 0.356940 0.523444 0.426952 0.503449 0.265747 0.503949 0.358243 0.505413 0.440229
104 0.519809 0.124257 0.519515 0.272296 0.534459 0.272688 0.504571 0.271904 0.534459 0.272688 0.527118 0.361648 0.522995 0.430495 0.504571 0.271904 0.504103 0.362973 0.504713 0.451128
105 0.520059 0.130100 0.520185 0.278766 0.535024 0.278796 0.505346 0.278737 0.535024 0.278796 0.527112 0.367317 0.523008 0.431021 0.505346 0.278737 0.505559 0.373776 0.505323 0.467648
106 0.520124 0.134878 0.520728 0.284627 0.535427 0.284566 0.506029 0.284689 0.535427 0.284566 0.527096 0.370612 0.523037 0.428556 0.506029 0.284689 0.507351 0.379781 0.505725 0.472431
107 0.519958 0.140437 0.520769 0.288130 0.535411 0.287910 0.506128 0.288350 0.535411 0.287910 0.527144 0.373003 0.523043 0.429406 0.506128 0.288350 0.507973 0.382600 0.505844 0.475247
108 0.519756 0.143328 0.520725 0.289084 0.535375 0.288765 0.506076 0.289402 0.535375 0.288765 0.527483 0.373418 0.523422 0.429210 0.506076 0.289402 0.507964 0.383396 0.506116 0.476434
109 0.519363 0.144903 0.521337 0.290536 0.536099 0.289109 0.506576 0.291963 0.536099 0.289109 0.528214 0.375819 0.523478 0.430350 0.506576 0.291963 0.507956 0.387317 0.506397 0.481147
110 0.518872 0.148008 0.521694 0.294006 0.536915 0.292080 0.506473 0.295931 0.536915 0.292080 0.529849 0.381671 0.523664 0.433960 0.506473 0.295931 0.507616 0.394050 0.506832 0.487264
111 0.517926 0.150792 0.521977 0.295279 0.537436 0.292986 0.506519 0.297572 0.537436 0.292986 0.531901 0.384000 0.525422 0.435143 0.506519 0.297572 0.507626 0.396593 0.506971 0.484934
112 0.517075 0.155336 0.522613 0.297410 0.538264 0.294421 0.506961 0.300400 0.538264 0.294421 0.534729 0.385279 0.526614 0.440550 0.506961 0.300400 0.508088 0.399683 0.506941 0.486520
113 0.516891 0.163086 0.524826 0.306356 0.540718 0.303774 0.508935 0.308938 0.540718 0.303774 0.536645 0.394107 0.527869 0.448208 0.508935 0.308938 0.508832 0.407579 0.506581 0.488683
114 0.517585 0.169886 0.527133 0.313643 0.542394 0.311926 0.511873 0.315359 0.542394 0.311926 0.542370 0.399541 0.527651 0.460436 0.511873 0.315359 0.512024 0.409833 0.506600 0.485811
115 0.520663 0.174229 0.528160 0.314341 0.542044 0.313996 0.514276 0.314686 0.542044 0.313996 0.544676 0.406260 0.526101 0.483432 0.514276 0.314686 0.513741 0.409028 0.506730 0.486167
116 0.522311 0.178944 0.527508 0.317707 0.541562 0.317060 0.513453 0.318353 0.541562 0.317060 0.550435 0.409393 0.526071 0.493240 0.513453 0.318353 0.513017 0.413913 0.506818 0.492687
117 0.523374 0.185315 0.527691 0.323967 0.541494 0.323622 0.513889 0.324312 0.541494 0.323622 0.554452 0.416387 0.523803 0.497600 0.513889 0.324312 0.519902 0.435788 0.503609 0.490207
118 0.525822 0.189121 0.530758 0.327160 0.541281 0.327183 0.520236 0.327137 0.541281 0.327183 0.556042 0.421603 0.516994 0.500255 0.520236 0.327137 0.533974 0.434422 0.502988 0.492247
119 0.526552 0.205526 0.532135 0.343334 0.543128 0.339428 0.521143 0.347239 0.543128 0.339428 0.554895 0.437119 0.515823 0.499050 0.521143 0.347239 0.534487 0.444888 0.503466 0.495803
120 0.530049 0.227277 0.535711 0.370456 0.546218 0.364949 0.525204 0.375963 0.546218 0.364949 0.555395 0.459123 0.511026 0.489143 0.525204 0.375963 0.541544 0.482350 0.494004 0.493699
121 0.535260 0.245600 0.539570 0.395041 0.549861 0.390442 0.529279 0.399640 0.549861 0.390442 0.554189 0.480121 0.503925 0.506696 0.529279 0.399640 0.542967 0.508751 0.507250 0.530417
122 0.540450 0.281197 0.543948 0.430971 0.555670 0.423528 0.532225 0.438415 0.555670 0.423528 0.563811 0.501644 0.504146 0.512754 0.532225 0.438415 0.546715 0.543536 0.507139 0.529013
123 0.549115 0.326124 0.545313 0.469235 0.557465 0.454578 0.533161 0.483891 0.557465 0.454578 0.578514 0.527823 0.517472 0.529601 0.533161 0.483891 0.554137 0.587499 0.505749 0.552531
124 0.554939 0.377249 0.545124 0.522524 0.557818 0.507015 0.532429 0.538032 0.557818 0.507015 0.605118 0.561032 0.520224 0.571972 0.532429 0.538032 0.567879 0.637244 0.507134 0.586255
125 -1 -1 -1 -1 -1 -1 -1 -1 -1 -1 -1 -1 -1 -1 -1 -1 -1 -1 -1 -1
126 -1 -1 -1 -1 -1 -1 -1 -1 -1 -1 -1 -1 -1 -1 -1 -1 -1 -1 -1 -1
127 -1 -1 -1 -1 -1 -1 -1 -1 -1 -1 -1 -1 -1 -1 -1 -1 -1 -1 -1 -1
128 -1 -1 -1 -1 -1 -1 -1 -1 -1 -1 -1 -1 -1 -1 -1 -1 -1 -1 -1 -1
129 -1 -1 -1 -1 -1 -1 -1 -1 -1 -1 -1 -1 -1 -1 -1 -1 -1 -1 -1 -1
130 -1 -1 -1 -1 -1 -1 -1 -1 -1 -1 -1 -1 -1 -1 -1 -1 -1 -1 -1 -1
131 0.596817 0.682876 0.535183 0.565306 0.553143 0.541824 0.517223 0.588788 0.553143 0.541824 0.536408 0.502933 0.517713 0.444409 0.517223 0.588788 0.491575 0.577535 0.479528 0.546013
132 0.596247 0.714047 0.527708 0.596200 0.540633 0.570900 0.514784 0.621501 0.540633 0.570900 0.528165 0.519757 0.506178 0.439245 0.514784 0.621501 0.491206 0.589093 0.459777 0.551494
133 0.607410 0.742644 0.529321 0.622519 0.541903 0.599530 0.516738 0.645508 0.541903 0.599530 0.527560 0.528813 0.499641 0.437051 0.516738 0.645508 0.496194 0.602107 0.460978 0.556253
134 -1 -1 -1 -1 -1 -1 -1 -1 -1 -1 -1 -1 -1 -1 -1 -1 -1 -1 -1 -1
135 -1 -1 -1 -1 -1 -1 -1 -1 -1 -1 -1 -1 -1 -1 -1 -1 -1 -1 -1 -1
136 -1 -1 -1 -1 -1 -1 -1 -1 -1 -1 -1 -1 -1 -1 -1 -1 -1 -1 -1 -1
137 -1 -1 -1 -1 -1 -1 -1 -1 -1 -1 -1 -1 -1 -1 -1 -1 -1 -1 -1 -1
138 -1 -1 -1 -1 -1 -1 -1 -1 -1 -1 -1 -1 -1 -1 -1 -1 -1 -1 -1 -1
139 -1 -1 -1 -1 -1 -1 -1 -1 -1 -1 -1 -1 -1 -1 -1 -1 -1 -1 -1 -1
140 -1 -1 -1 -1 -1 -1 -1 -1 -1 -1 -1 -1 -1 -1 -1 -1 -1 -1 -1 -1
141 -1 -1 -1 -1 -1 -1 -1 -1 -1 -1 -1 -1 -1 -1 -1 -1 -1 -1 -1 -1
142 -1 -1 -1 -1 -1 -1 -1 -1 -1 -1 -1 -1 -1 -1 -1 -1 -1 -1 -1 -1
143 -1 -1 -1 -1 -1 -1 -1 -1 -1 -1 -1 -1 -1 -1 -1 -1 -1 -1 -1 -1
144 -1 -1 -1 -1 -1 -1 -1 -1 -1 -1 -1 -1 -1 -1 -1 -1 -1 -1 -1 -1
145 -1 -1 -1 -1 -1 -1 -1 -1 -1 -1 -1 -1 -1 -1 -1 -1 -1 -1 -1 -1
146 -1 -1 -1 -1 -1 -1 -1 -1 -1 -1 -1 -1 -1 -1 -1 -1 -1 -1 -1 -1
147 -1 -1 -1 -1 -1 -1 -1 -1 -1 -1 -1 -1 -1 -1 -1 -1 -1 -1 -1 -1
148 -1 -1 -1 -1 -1 -1 -1 -1 -1 -1 -1 -1 -1 -1 -1 -1 -1 -1 -1 -1
149 -1 -1 -1 -1 -1 -1 -1 -1 -1 -1 -1 -1 -1 -1 -1 -1 -1 -1 -1 -1
150 -1 -1 -1 -1 -1 -1 -1 -1 -1 -1 -1 -1 -1 -1 -1 -1 -1 -1 -1 -1
151 -1 -1 -1 -1 -1 -1 -1 -1 -1 -1 -1 -1 -1 -1 -1 -1 -1 -1 -1 -1
152 -1 -1 -1 -1 -1 -1 -1 -1 -1 -1 -1 -1 -1 -1 -1 -1 -1 -1 -1 -1
153 -1 -1 -1 -1 -1 -1 -1 -1 -1 -1 -1 -1 -1 -1 -1 -1 -1 -1 -1 -1
154 -1 -1 -1 -1 -1 -1 -1 -1 -1 -1 -1 -1 -1 -1 -1 -1 -1 -1 -1 -1
155 -1 -1 -1 -1 -1 -1 -1 -1 -1 -1 -1 -1 -1 -1 -1 -1 -1 -1 -1 -1
156 -1 -1 -1 -1 -1 -1 -1 -1 -1 -1 -1 -1 -1 -1 -1 -1 -1 -1 -1 -1
157 -1 -1 -1 -1 -1 -1 -1 -1 -1 -1 -1 -1 -1 -1 -1 -1 -1 -1 -1 -1
158 -1 -1 -1 -1 -1 -1 -1 -1 -1 -1 -1 -1 -1 -1 -1 -1 -1 -1 -1 -1
159 -1 -1 -1 -1 -1 -1 -1 -1 -1 -1 -1 -1 -1 -1 -1 -1 -1 -1 -1 -1
160 -1 -1 -1 -1 -1 -1 -1 -1 -1 -1 -1 -1 -1 -1 -1 -1 -1 -1 -1 -1
161 -1 -1 -1 -1 -1 -1 -1 -1 -1 -1 -1 -1 -1 -1 -1 -1 -1 -1 -1 -1
162 -1 -1 -1 -1 -1 -1 -1 -1 -1 -1 -1 -1 -1 -1 -1 -1 -1 -1 -1 -1
163 -1 -1 -1 -1 -1 -1 -1 -1 -1 -1 -1 -1 -1 -1 -1 -1 -1 -1 -1 -1
164 -1 -1 -1 -1 -1 -1 -1 -1 -1 -1 -1 -1 -1 -1 -1 -1 -1 -1 -1 -1
165 -1 -1 -1 -1 -1 -1 -1 -1 -1 -1 -1 -1 -1 -1 -1 -1 -1 -1 -1 -1
166 -1 -1 -1 -1 -1 -1 -1 -1 -1 -1 -1 -1 -1 -1 -1 -1 -1 -1 -1 -1
167 -1 -1 -1 -1 -1 -1 -1 -1 -1 -1 -1 -1 -1 -1 -1 -1 -1 -1 -1 -1
168 -1 -1 -1 -1 -1 -1 -1 -1 -1 -1 -1 -1 -1 -1 -1 -1 -1 -1 -1 -1
169 -1 -1 -1 -1 -1 -1 -1 -1 -1 -1 -1 -1 -1 -1 -1 -1 -1 -1 -1 -1
170 -1 -1 -1 -1 -1 -1 -1 -1 -1 -1 -1 -1 -1 -1 -1 -1 -1 -1 -1 -1
171 -1 -1 -1 -1 -1 -1 -1 -1 -1 -1 -1 -1 -1 -1 -1 -1 -1 -1 -1 -1
172 -1 -1 -1 -1 -1 -1 -1 -1 -1 -1 -1 -1 -1 -1 -1 -1 -1 -1 -1 -1
173 -1 -1 -1 -1 -1 -1 -1 -1 -1 -1 -1 -1 -1 -1 -1 -1 -1 -1 -1 -1
174 -1 -1 -1 -1 -1 -1 -1 -1 -1 -1 -1 -1 -1 -1 -1 -1 -1 -1 -1 -1
175 -1 -1 -1 -1 -1 -1 -1 -1 -1 -1 -1 -1 -1 -1 -1 -1 -1 -1 -1 -1
176 -1 -1 -1 -1 -1 -1 -1 -1 -1 -1 -1 -1 -1 -1 -1 -1 -1 -1 -1 -1
177 -1 -1 -1 -1 -1 -1 -1 -1 -1 -1 -1 -1 -1 -1 -1 -1 -1 -1 -1 -1
178 -1 -1 -1 -1 -1 -1 -1 -1 -1 -1 -1 -1 -1 -1 -1 -1 -1 -1 -1 -1
179 -1 -1 -1 -1 -1 -1 -1 -1 -1 -1 -1 -1 -1 -1 -1 -1 -1 -1 -1 -1
180 -1 -1 -1 -1 -1 -1 -1 -1 -1 -1 -1 -1 -1 -1 -1 -1 -1 -1 -1 -1
181 -1 -1 -1 -1 -1 -1 -1 -1 -1 -1 -1 -1 -1 -1 -1 -1 -1 -1 -1 -1
182 -1 -1 -1 -1 -1 -1 -1 -1 -1 -1 -1 -1 -1 -1 -1 -1 -1 -1 -1 -1
183 -1 -1 -1 -1 -1 -1 -1 -1 -1 -1 -1 -1 -1 -1 -1 -1 -1 -1 -1 -1
184 -1 -1 -1 -1 -1 -1 -1 -1 -1 -1 -1 -1 -1 -1 -1 -1 -1 -1 -1 -1
185 -1 -1 -1 -1 -1 -1 -1 -1 -1 -1 -1 -1 -1 -1 -1 -1 -1 -1 -1 -1
186 -1 -1 -1 -1 -1 -1 -1 -1 -1 -1 -1 -1 -1 -1 -1 -1 -1 -1 -1 -1
187 -1 -1 -1 -1 -1 -1 -1 -1 -1 -1 -1 -1 -1 -1 -1 -1 -1 -1 -1 -1
188 -1 -1 -1 -1 -1 -1 -1 -1 -1 -1 -1 -1 -1 -1 -1 -1 -1 -1 -1 -1
189 -1 -1 -1 -1 -1 -1 -1 -1 -1 -1 -1 -1 -1 -1 -1 -1 -1 -1 -1 -1
190 -1 -1 -1 -1 -1 -1 -1 -1 -1 -1 -1 -1 -1 -1 -1 -1 -1 -1 -1 -1
191 -1 -1 -1 -1 -1 -1 -1 -1 -1 -1 -1 -1 -1 -1 -1 -1 -1 -1 -1 -1
