161
173
0 -1 -1 -1 -1 -1 -1 -1 -1 -1 -1 -1 -1 -1 -1 -1 -1 -1 -1 -1 -1
1 -1 -1 -1 -1 -1 -1 -1 -1 -1 -1 -1 -1 -1 -1 -1 -1 -1 -1 -1 -1
2 -1 -1 -1 -1 -1 -1 -1 -1 -1 -1 -1 -1 -1 -1 -1 -1 -1 -1 -1 -1
3 -1 -1 -1 -1 -1 -1 -1 -1 -1 -1 -1 -1 -1 -1 -1 -1 -1 -1 -1 -1
4 -1 -1 -1 -1 -1 -1 -1 -1 -1 -1 -1 -1 -1 -1 -1 -1 -1 -1 -1 -1
5 -1 -1 -1 -1 -1 -1 -1 -1 -1 -1 -1 -1 -1 -1 -1 -1 -1 -1 -1 -1
6 -1 -1 -1 -1 -1 -1 -1 -1 -1 -1 -1 -1 -1 -1 -1 -1 -1 -1 -1 -1
7 -1 -1 -1 -1 -1 -1 -1 -1 -1 -1 -1 -1 -1 -1 -1 -1 -1 -1 -1 -1
8 -1 -1 -1 -1 -1 -1 -1 -1 -1 -1 -1 -1 -1 -1 -1 -1 -1 -1 -1 -1
9 -1 -1 -1 -1 -1 -1 -1 -1 -1 -1 -1 -1 -1 -1 -1 -1 -1 -1 -1 -1
10 -1 -1 -1 -1 -1 -1 -1 -1 -1 -1 -1 -1 -1 -1 -1 -1 -1 -1 -1 -1
11 -1 -1 -1 -1 -1 -1 -1 -1 -1 -1 -1 -1 -1 -1 -1 -1 -1 -1 -1 -1
12 -1 -1 -1 -1 -1 -1 -1 -1 -1 -1 -1 -1 -1 -1 -1 -1 -1 -1 -1 -1
13 -1 -1 -1 -1 -1 -1 -1 -1 -1 -1 -1 -1 -1 -1 -1 -1 -1 -1 -1 -1
14 -1 -1 -1 -1 -1 -1 -1 -1 -1 -1 -1 -1 -1 -1 -1 -1 -1 -1 -1 -1
15 -1 -1 -1 -1 -1 -1 -1 -1 -1 -1 -1 -1 -1 -1 -1 -1 -1 -1 -1 -1
16 -1 -1 -1 -1 -1 -1 -1 -1 -1 -1 -1 -1 -1 -1 -1 -1 -1 -1 -1 -1
17 -1 -1 -1 -1 -1 -1 -1 -1 -1 -1 -1 -1 -1 -1 -1 -1 -1 -1 -1 -1
18 -1 -1 -1 -1 -1 -1 -1 -1 -1 -1 -1 -1 -1 -1 -1 -1 -1 -1 -1 -1
19 -1 -1 -1 -1 -1 -1 -1 -1 -1 -1 -1 -1 -1 -1 -1 -1 -1 -1 -1 -1
20 -1 -1 -1 -1 -1 -1 -1 -1 -1 -1 -1 -1 -1 -1 -1 -1 -1 -1 -1 -1
21 -1 -1 -1 -1 -1 -1 -1 -1 -1 -1 -1 -1 -1 -1 -1 -1 -1 -1 -1 -1
22 -1 -1 -1 -1 -1 -1 -1 -1 -1 -1 -1 -1 -1 -1 -1 -1 -1 -1 -1 -1
23 -1 -1 -1 -1 -1 -1 -1 -1 -1 -1 -1 -1 -1 -1 -1 -1 -1 -1 -1 -1
24 -1 -1 -1 -1 -1 -1 -1 -1 -1 -1 -1 -1 -1 -1 -1 -1 -1 -1 -1 -1
25 -1 -1 -1 -1 -1 -1 -1 -1 -1 -1 -1 -1 -1 -1 -1 -1 -1 -1 -1 -1
26 -1 -1 -1 -1 -1 -1 -1 -1 -1 -1 -1 -1 -1 -1 -1 -1 -1 -1 -1 -1
27 -1 -1 -1 -1 -1 -1 -1 -1 -1 -1 -1 -1 -1 -1 -1 -1 -1 -1 -1 -1
28 -1 -1 -1 -1 -1 -1 -1 -1 -1 -1 -1 -1 -1 -1 -1 -1 -1 -1 -1 -1
29 -1 -1 -1 -1 -1 -1 -1 -1 -1 -1 -1 -1 -1 -1 -1 -1 -1 -1 -1 -1
30 -1 -1 -1 -1 -1 -1 -1 -1 -1 -1 -1 -1 -1 -1 -1 -1 -1 -1 -1 -1
31 -1 -1 -1 -1 -1 -1 -1 -1 -1 -1 -1 -1 -1 -1 -1 -1 -1 -1 -1 -1
32 -1 -1 -1 -1 -1 -1 -1 -1 -1 -1 -1 -1 -1 -1 -1 -1 -1 -1 -1 -1
33 -1 -1 -1 -1 -1 -1 -1 -1 -1 -1 -1 -1 -1 -1 -1 -1 -1 -1 -1 -1
34 -1 -1 -1 -1 -1 -1 -1 -1 -1 -1 -1 -1 -1 -1 -1 -1 -1 -1 -1 -1
35 -1 -1 -1 -1 -1 -1 -1 -1 -1 -1 -1 -1 -1 -1 -1 -1 -1 -1 -1 -1
36 -1 -1 -1 -1 -1 -1 -1 -1 -1 -1 -1 -1 -1 -1 -1 -1 -1 -1 -1 -1
37 -1 -1 -1 -1 -1 -1 -1 -1 -1 -1 -1 -1 -1 -1 -1 -1 -1 -1 -1 -1
38 -1 -1 -1 -1 -1 -1 -1 -1 -1 -1 -1 -1 -1 -1 -1 -1 -1 -1 -1 -1
39 -1 -1 -1 -1 -1 -1 -1 -1 -1 -1 -1 -1 -1 -1 -1 -1 -1 -1 -1 -1
40 -1 -1 -1 -1 -1 -1 -1 -1 -1 -1 -1 -1 -1 -1 -1 -1 -1 -1 -1 -1
41 -1 -1 -1 -1 -1 -1 -1 -1 -1 -1 -1 -1 -1 -1 -1 -1 -1 -1 -1 -1
42 -1 -1 -1 -1 -1 -1 -1 -1 -1 -1 -1 -1 -1 -1 -1 -1 -1 -1 -1 -1
43 -1 -1 -1 -1 -1 -1 -1 -1 -1 -1 -1 -1 -1 -1 -1 -1 -1 -1 -1 -1
44 -1 -1 -1 -1 -1 -1 -1 -1 -1 -1 -1 -1 -1 -1 -1 -1 -1 -1 -1 -1
45 -1 -1 -1 -1 -1 -1 -1 -1 -1 -1 -1 -1 -1 -1 -1 -1 -1 -1 -1 -1
46 -1 -1 -1 -1 -1 -1 -1 -1 -1 -1 -1 -1 -1 -1 -1 -1 -1 -1 -1 -1
47 -1 -1 -1 -1 -1 -1 -1 -1 -1 -1 -1 -1 -1 -1 -1 -1 -1 -1 -1 -1
48 -1 -1 -1 -1 -1 -1 -1 -1 -1 -1 -1 -1 -1 -1 -1 -1 -1 -1 -1 -1
49 -1 -1 -1 -1 -1 -1 -1 -1 -1 -1 -1 -1 -1 -1 -1 -1 -1 -1 -1 -1
50 -1 -1 -1 -1 -1 -1 -1 -1 -1 -1 -1 -1 -1 -1 -1 -1 -1 -1 -1 -1
51 -1 -1 -1 -1 -1 -1 -1 -1 -1 -1 -1 -1 -1 -1 -1 -1 -1 -1 -1 -1
52 -1 -1 -1 -1 -1 -1 -1 -1 -1 -1 -1 -1 -1 -1 -1 -1 -1 -1 -1 -1
53 -1 -1 -1 -1 -1 -1 -1 -1 -1 -1 -1 -1 -1 -1 -1 -1 -1 -1 -1 -1
54 -1 -1 -1 -1 -1 -1 -1 -1 -1 -1 -1 -1 -1 -1 -1 -1 -1 -1 -1 -1
55 -1 -1 -1 -1 -1 -1 -1 -1 -1 -1 -1 -1 -1 -1 -1 -1 -1 -1 -1 -1
56 -1 -1 -1 -1 -1 -1 -1 -1 -1 -1 -1 -1 -1 -1 -1 -1 -1 -1 -1 -1
57 -1 -1 -1 -1 -1 -1 -1 -1 -1 -1 -1 -1 -1 -1 -1 -1 -1 -1 -1 -1
58 -1 -1 -1 -1 -1 -1 -1 -1 -1 -1 -1 -1 -1 -1 -1 -1 -1 -1 -1 -1
59 -1 -1 -1 -1 -1 -1 -1 -1 -1 -1 -1 -1 -1 -1 -1 -1 -1 -1 -1 -1
60 -1 -1 -1 -1 -1 -1 -1 -1 -1 -1 -1 -1 -1 -1 -1 -1 -1 -1 -1 -1
61 -1 -1 -1 -1 -1 -1 -1 -1 -1 -1 -1 -1 -1 -1 -1 -1 -1 -1 -1 -1
62 -1 -1 -1 -1 -1 -1 -1 -1 -1 -1 -1 -1 -1 -1 -1 -1 -1 -1 -1 -1
63 -1 -1 -1 -1 -1 -1 -1 -1 -1 -1 -1 -1 -1 -1 -1 -1 -1 -1 -1 -1
64 -1 -1 -1 -1 -1 -1 -1 -1 -1 -1 -1 -1 -1 -1 -1 -1 -1 -1 -1 -1
65 -1 -1 -1 -1 -1 -1 -1 -1 -1 -1 -1 -1 -1 -1 -1 -1 -1 -1 -1 -1
66 -1 -1 -1 -1 -1 -1 -1 -1 -1 -1 -1 -1 -1 -1 -1 -1 -1 -1 -1 -1
67 -1 -1 -1 -1 -1 -1 -1 -1 -1 -1 -1 -1 -1 -1 -1 -1 -1 -1 -1 -1
68 -1 -1 -1 -1 -1 -1 -1 -1 -1 -1 -1 -1 -1 -1 -1 -1 -1 -1 -1 -1
69 -1 -1 -1 -1 -1 -1 -1 -1 -1 -1 -1 -1 -1 -1 -1 -1 -1 -1 -1 -1
70 -1 -1 -1 -1 -1 -1 -1 -1 -1 -1 -1 -1 -1 -1 -1 -1 -1 -1 -1 -1
71 -1 -1 -1 -1 -1 -1 -1 -1 -1 -1 -1 -1 -1 -1 -1 -1 -1 -1 -1 -1
72 -1 -1 -1 -1 -1 -1 -1 -1 -1 -1 -1 -1 -1 -1 -1 -1 -1 -1 -1 -1
73 -1 -1 -1 -1 -1 -1 -1 -1 -1 -1 -1 -1 -1 -1 -1 -1 -1 -1 -1 -1
74 -1 -1 -1 -1 -1 -1 -1 -1 -1 -1 -1 -1 -1 -1 -1 -1 -1 -1 -1 -1
75 -1 -1 -1 -1 -1 -1 -1 -1 -1 -1 -1 -1 -1 -1 -1 -1 -1 -1 -1 -1
76 -1 -1 -1 -1 -1 -1 -1 -1 -1 -1 -1 -1 -1 -1 -1 -1 -1 -1 -1 -1
77 -1 -1 -1 -1 -1 -1 -1 -1 -1 -1 -1 -1 -1 -1 -1 -1 -1 -1 -1 -1
78 -1 -1 -1 -1 -1 -1 -1 -1 -1 -1 -1 -1 -1 -1 -1 -1 -1 -1 -1 -1
79 -1 -1 -1 -1 -1 -1 -1 -1 -1 -1 -1 -1 -1 -1 -1 -1 -1 -1 -1 -1
80 -1 -1 -1 -1 -1 -1 -1 -1 -1 -1 -1 -1 -1 -1 -1 -1 -1 -1 -1 -1
81 -1 -1 -1 -1 -1 -1 -1 -1 -1 -1 -1 -1 -1 -1 -1 -1 -1 -1 -1 -1
82 -1 -1 -1 -1 -1 -1 -1 -1 -1 -1 -1 -1 -1 -1 -1 -1 -1 -1 -1 -1
83 -1 -1 -1 -1 -1 -1 -1 -1 -1 -1 -1 -1 -1 -1 -1 -1 -1 -1 -1 -1
84 -1 -1 -1 -1 -1 -1 -1 -1 -1 -1 -1 -1 -1 -1 -1 -1 -1 -1 -1 -1
85 -1 -1 -1 -1 -1 -1 -1 -1 -1 -1 -1 -1 -1 -1 -1 -1 -1 -1 -1 -1
86 -1 -1 -1 -1 -1 -1 -1 -1 -1 -1 -1 -1 -1 -1 -1 -1 -1 -1 -1 -1
87 -1 -1 -1 -1 -1 -1 -1 -1 -1 -1 -1 -1 -1 -1 -1 -1 -1 -1 -1 -1
88 -1 -1 -1 -1 -1 -1 -1 -1 -1 -1 -1 -1 -1 -1 -1 -1 -1 -1 -1 -1
89 -1 -1 -1 -1 -1 -1 -1 -1 -1 -1 -1 -1 -1 -1 -1 -1 -1 -1 -1 -1
90 -1 -1 -1 -1 -1 -1 -1 -1 -1 -1 -1 -1 -1 -1 -1 -1 -1 -1 -1 -1
91 -1 -1 -1 -1 -1 -1 -1 -1 -1 -1 -1 -1 -1 -1 -1 -1 -1 -1 -1 -1
92 -1 -1 -1 -1 -1 -1 -1 -1 -1 -1 -1 -1 -1 -1 -1 -1 -1 -1 -1 -1
93 -1 -1 -1 -1 -1 -1 -1 -1 -1 -1 -1 -1 -1 -1 -1 -1 -1 -1 -1 -1
94 -1 -1 -1 -1 -1 -1 -1 -1 -1 -1 -1 -1 -1 -1 -1 -1 -1 -1 -1 -1
95 -1 -1 -1 -1 -1 -1 -1 -1 -1 -1 -1 -1 -1 -1 -1 -1 -1 -1 -1 -1
96 -1 -1 -1 -1 -1 -1 -1 -1 -1 -1 -1 -1 -1 -1 -1 -1 -1 -1 -1 -1
97 -1 -1 -1 -1 -1 -1 -1 -1 -1 -1 -1 -1 -1 -1 -1 -1 -1 -1 -1 -1
98 -1 -1 -1 -1 -1 -1 -1 -1 -1 -1 -1 -1 -1 -1 -1 -1 -1 -1 -1 -1
99 -1 -1 -1 -1 -1 -1 -1 -1 -1 -1 -1 -1 -1 -1 -1 -1 -1 -1 -1 -1
100 -1 -1 -1 -1 -1 -1 -1 -1 -1 -1 -1 -1 -1 -1 -1 -1 -1 -1 -1 -1
101 -1 -1 -1 -1 -1 -1 -1 -1 -1 -1 -1 -1 -1 -1 -1 -1 -1 -1 -1 -1
102 -1 -1 -1 -1 -1 -1 -1 -1 -1 -1 -1 -1 -1 -1 -1 -1 -1 -1 -1 -1
103 -1 -1 -1 -1 -1 -1 -1 -1 -1 -1 -1 -1 -1 -1 -1 -1 -1 -1 -1 -1
104 0.438494 0.119991 0.442571 0.246807 0.455451 0.245730 0.429691 0.247883 0.455451 0.245730 0.456860 0.343732 0.456345 0.438111 0.429691 0.247883 0.439381 0.330362 0.447276 0.405293
105 0.438995 0.121784 0.443461 0.251063 0.456301 0.249657 0.430621 0.252469 0.456301 0.249657 0.457655 0.343748 0.455901 0.428815 0.430621 0.252469 0.444940 0.345467 0.447894 0.438516
106 0.438762 0.127400 0.444839 0.260103 0.457560 0.258130 0.432119 0.262076 0.457560 0.258130 0.460443 0.346850 0.455512 0.418507 0.432119 0.262076 0.446984 0.362258 0.449136 0.462655
107 0.438405 0.133872 0.446641 0.269390 0.459444 0.265857 0.433839 0.272923 0.459444 0.265857 0.464242 0.347982 0.456906 0.400689 0.433839 0.272923 0.452294 0.370724 0.453062 0.455168
108 0.438316 0.141200 0.448336 0.279106 0.461130 0.274513 0.435541 0.283699 0.461130 0.274513 0.467123 0.361967 0.469472 0.426025 0.435541 0.283699 0.448088 0.378040 0.451574 0.480235
109 0.438005 0.151386 0.450208 0.291811 0.463507 0.285324 0.436909 0.298298 0.463507 0.285324 0.471436 0.375084 0.476959 0.453905 0.436909 0.298298 0.446853 0.393856 0.451868 0.487249
110 0.438111 0.158667 0.450709 0.297511 0.464524 0.291433 0.436895 0.303589 0.464524 0.291433 0.476345 0.379369 0.473082 0.402238 0.436895 0.303589 0.446034 0.398683 0.453965 0.485206
111 -1 -1 -1 -1 -1 -1 -1 -1 -1 -1 -1 -1 -1 -1 -1 -1 -1 -1 -1 -1
112 -1 -1 -1 -1 -1 -1 -1 -1 -1 -1 -1 -1 -1 -1 -1 -1 -1 -1 -1 -1
113 0.439202 0.166174 0.452185 0.299892 0.466108 0.293161 0.438262 0.306623 0.466108 0.293161 0.480212 0.375078 0.469664 0.409518 0.438262 0.306623 0.447117 0.397276 0.451853 0.467928
114 0.439672 0.165855 0.452819 0.298600 0.467227 0.292396 0.438411 0.304803 0.467227 0.292396 0.479381 0.373082 0.470003 0.424516 0.438411 0.304803 0.447856 0.396206 0.451576 0.465927
115 0.440376 0.164953 0.453571 0.297654 0.468055 0.292009 0.439087 0.303298 0.468055 0.292009 0.479852 0.376747 0.478747 0.458312 0.439087 0.303298 0.448557 0.393811 0.450964 0.474839
116 0.441306 0.165796 0.453761 0.300666 0.468479 0.295379 0.439043 0.305954 0.468479 0.295379 0.480191 0.386388 0.478122 0.466130 0.439043 0.305954 0.448467 0.398323 0.450978 0.471920
117 0.442423 0.169075 0.454843 0.306180 0.469797 0.301415 0.439889 0.310944 0.469797 0.301415 0.481388 0.394765 0.481058 0.484163 0.439889 0.310944 0.448724 0.405020 0.451007 0.470636
118 0.444216 0.171460 0.455514 0.308477 0.470142 0.303706 0.440887 0.313248 0.470142 0.303706 0.481260 0.399254 0.483981 0.491952 0.440887 0.313248 0.448748 0.409880 0.451203 0.472710
119 0.445909 0.175222 0.456675 0.311771 0.471259 0.307969 0.442091 0.315573 0.471259 0.307969 0.480572 0.406025 0.483739 0.498230 0.442091 0.315573 0.448852 0.412210 0.451380 0.478554
120 0.448287 0.181811 0.457708 0.321084 0.472367 0.318659 0.443049 0.323509 0.472367 0.318659 0.480416 0.415428 0.482723 0.506143 0.443049 0.323509 0.449208 0.416310 0.451413 0.487917
121 0.451013 0.186709 0.458433 0.324177 0.472682 0.322609 0.444184 0.325745 0.472682 0.322609 0.480206 0.420717 0.481476 0.519957 0.444184 0.325745 0.449148 0.416840 0.452233 0.497274
122 0.453836 0.192482 0.459654 0.331013 0.473904 0.329277 0.445404 0.332749 0.473904 0.329277 0.479922 0.426927 0.486905 0.528825 0.445404 0.332749 0.449085 0.426165 0.452857 0.519213
123 0.457240 0.199439 0.461601 0.338778 0.476041 0.337973 0.447162 0.339584 0.476041 0.337973 0.480213 0.432291 0.484510 0.529464 0.447162 0.339584 0.449430 0.428950 0.452765 0.526511
124 0.460842 0.205434 0.464213 0.349291 0.478160 0.348886 0.450265 0.349696 0.478160 0.348886 0.480335 0.441560 0.479891 0.533276 0.450265 0.349696 0.450172 0.436845 0.452423 0.533259
125 0.462934 0.209388 0.466071 0.352082 0.480428 0.351953 0.451713 0.352212 0.480428 0.351953 0.480774 0.442950 0.473908 0.527143 0.451713 0.352212 0.451428 0.438306 0.452380 0.509881
126 0.464638 0.211209 0.466965 0.347893 0.481762 0.348073 0.452169 0.347714 0.481762 0.348073 0.481827 0.441545 0.474364 0.527713 0.452169 0.347714 0.454008 0.433007 0.453138 0.472057
127 0.467154 0.211592 0.467295 0.344446 0.481945 0.344767 0.452645 0.344124 0.481945 0.344767 0.482300 0.439217 0.477159 0.524477 0.452645 0.344124 0.456114 0.430460 0.455873 0.478758
128 0.468041 0.211528 0.468314 0.343445 0.482932 0.343406 0.453696 0.343484 0.482932 0.343406 0.483046 0.440610 0.482210 0.521622 0.453696 0.343484 0.457502 0.432678 0.462061 0.499436
129 0.469302 0.211600 0.468823 0.344672 0.483419 0.344067 0.454226 0.345278 0.483419 0.344067 0.483435 0.443022 0.482625 0.519925 0.454226 0.345278 0.459123 0.437743 0.470196 0.521650
130 0.470004 0.211466 0.469572 0.348288 0.484412 0.347356 0.454731 0.349221 0.484412 0.347356 0.485741 0.445985 0.483952 0.520571 0.454731 0.349221 0.460532 0.446824 0.472709 0.541513
131 0.469818 0.213738 0.471715 0.353913 0.486488 0.352325 0.456942 0.355500 0.486488 0.352325 0.490495 0.453503 0.491475 0.537947 0.456942 0.355500 0.463055 0.456559 0.474889 0.556801
132 0.469756 0.218171 0.472512 0.362451 0.487415 0.360671 0.457608 0.364230 0.487415 0.360671 0.494265 0.464779 0.498638 0.549752 0.457608 0.364230 0.462928 0.469091 0.475172 0.567130
133 0.470673 0.226166 0.474640 0.368871 0.489400 0.366909 0.459880 0.370833 0.489400 0.366909 0.495204 0.468309 0.504224 0.545535 0.459880 0.370833 0.465573 0.474619 0.475995 0.572846
134 0.471238 0.233752 0.475825 0.375749 0.490753 0.373278 0.460897 0.378220 0.490753 0.373278 0.496484 0.475046 0.507801 0.557813 0.460897 0.378220 0.465980 0.483488 0.477271 0.580341
135 0.471503 0.242039 0.476703 0.382428 0.491537 0.379959 0.461869 0.384898 0.491537 0.379959 0.498691 0.483494 0.510247 0.554796 0.461869 0.384898 0.471256 0.487323 0.480515 0.582264
136 0.471766 0.246507 0.477637 0.381957 0.492425 0.379166 0.462850 0.384748 0.492425 0.379166 0.500591 0.479897 0.506582 0.554527 0.462850 0.384748 0.474582 0.488192 0.480710 0.581971
137 0.472341 0.249690 0.479792 0.384560 0.494580 0.381346 0.465004 0.387774 0.494580 0.381346 0.504262 0.478084 0.512373 0.555723 0.465004 0.387774 0.475036 0.489971 0.482433 0.582145
138 0.472340 0.249563 0.481194 0.387454 0.496251 0.383808 0.466138 0.391099 0.496251 0.383808 0.507131 0.480056 0.510886 0.551502 0.466138 0.391099 0.473482 0.493310 0.481886 0.580701
139 0.472386 0.249898 0.481938 0.390317 0.497033 0.387698 0.466843 0.392935 0.497033 0.387698 0.508538 0.480352 0.508188 0.554460 0.466843 0.392935 0.472716 0.490167 0.480648 0.577054
140 0.472425 0.250688 0.483264 0.392271 0.498414 0.389756 0.468113 0.394786 0.498414 0.389756 0.508392 0.484455 0.507848 0.560432 0.468113 0.394786 0.474217 0.489991 0.480658 0.575136
141 0.472754 0.251165 0.484902 0.392820 0.499981 0.389996 0.469824 0.395644 0.499981 0.389996 0.510190 0.489802 0.508253 0.573880 0.469824 0.395644 0.475909 0.497377 0.481824 0.579288
142 0.473277 0.252869 0.485381 0.396178 0.500534 0.393515 0.470227 0.398841 0.500534 0.393515 0.508857 0.499549 0.507970 0.592012 0.470227 0.398841 0.477207 0.503072 0.481714 0.582107
143 0.474352 0.253859 0.486077 0.397929 0.501467 0.395394 0.470687 0.400463 0.501467 0.395394 0.508924 0.506878 0.507930 0.606319 0.470687 0.400463 0.477899 0.507346 0.481893 0.584140
144 0.475704 0.256361 0.486292 0.405581 0.501373 0.403546 0.471211 0.407616 0.501373 0.403546 0.508772 0.518431 0.508266 0.616655 0.471211 0.407616 0.477802 0.517138 0.481789 0.582463
145 0.478162 0.259105 0.486733 0.410870 0.501907 0.409053 0.471559 0.412687 0.501907 0.409053 0.509018 0.523387 0.507830 0.620549 0.471559 0.412687 0.477518 0.525110 0.481344 0.581327
146 0.480697 0.263573 0.487443 0.416680 0.502642 0.415436 0.472244 0.417925 0.502642 0.415436 0.509634 0.525078 0.504316 0.619602 0.472244 0.417925 0.477321 0.528059 0.480390 0.581187
147 0.482117 0.270081 0.488372 0.422480 0.503380 0.420591 0.473364 0.424369 0.503380 0.420591 0.510742 0.532148 0.502290 0.621413 0.473364 0.424369 0.479379 0.533112 0.480314 0.580898
148 0.485149 0.277098 0.490688 0.431236 0.505891 0.429279 0.475485 0.433193 0.505891 0.429279 0.512432 0.540276 0.502351 0.618125 0.475485 0.433193 0.481150 0.541578 0.482555 0.600459
149 0.487747 0.283043 0.491559 0.435650 0.505923 0.433474 0.477195 0.437827 0.505923 0.433474 0.513676 0.537258 0.504757 0.617109 0.477195 0.437827 0.484043 0.541033 0.483600 0.601436
150 0.491075 0.291094 0.492391 0.443267 0.506652 0.441636 0.478130 0.444898 0.506652 0.441636 0.518252 0.541143 0.505057 0.616871 0.478130 0.444898 0.488947 0.545434 0.483347 0.602684
151 0.494182 0.301143 0.493038 0.451983 0.506838 0.450213 0.479238 0.453752 0.506838 0.450213 0.522112 0.553048 0.504907 0.618125 0.479238 0.453752 0.495737 0.560767 0.483953 0.632634
152 0.497425 0.314530 0.492696 0.461591 0.506295 0.460601 0.479097 0.462581 0.506295 0.460601 0.524202 0.559876 0.499417 0.624194 0.479097 0.462581 0.500702 0.565132 0.485140 0.648621
153 0.500748 0.332517 0.492421 0.475330 0.505993 0.474426 0.478849 0.476234 0.505993 0.474426 0.527295 0.567568 0.499312 0.625847 0.478849 0.476234 0.501148 0.574138 0.484898 0.654521
154 0.504129 0.351199 0.491728 0.490855 0.505041 0.490351 0.478414 0.491359 0.505041 0.490351 0.527251 0.575827 0.497990 0.629497 0.478414 0.491359 0.500307 0.580896 0.479364 0.659815
155 0.509493 0.373561 0.491623 0.506709 0.504581 0.506610 0.478666 0.506809 0.504581 0.506610 0.529968 0.587098 0.497525 0.628474 0.478666 0.506809 0.501241 0.593546 0.478006 0.661099
156 0.514966 0.397534 0.491701 0.521890 0.504698 0.522098 0.478704 0.521682 0.504698 0.522098 0.533339 0.597324 0.498050 0.637379 0.478704 0.521682 0.504542 0.605599 0.478275 0.652632
157 0.519740 0.420860 0.492597 0.526215 0.506360 0.525075 0.478835 0.527355 0.506360 0.525075 0.535443 0.591854 0.504576 0.634793 0.478835 0.527355 0.508619 0.610828 0.482816 0.647828
158 0.522613 0.448870 0.493548 0.531420 0.508332 0.528390 0.478763 0.534451 0.508332 0.528390 0.543218 0.582513 0.518867 0.632238 0.478763 0.534451 0.519842 0.622353 0.497744 0.645541
159 0.526099 0.475732 0.493945 0.561270 0.508544 0.556934 0.479345 0.565606 0.508544 0.556934 0.548312 0.630228 0.517256 0.644164 0.479345 0.565606 0.520447 0.648134 0.494393 0.663595
160 0.529775 0.506617 0.499096 0.567181 0.515524 0.557841 0.482669 0.576522 0.515524 0.557841 0.555714 0.626912 0.515842 0.641823 0.482669 0.576522 0.515847 0.653206 0.498558 0.656256
161 0.530586 0.535766 0.499668 0.593477 0.516564 0.593003 0.482771 0.593952 0.516564 0.593003 0.562369 0.637970 0.513593 0.664579 0.482771 0.593952 0.514211 0.661551 0.495821 0.669997
162 0.534558 0.566336 0.499212 0.633296 0.514674 0.629027 0.483750 0.637565 0.514674 0.629027 0.552648 0.663147 0.501721 0.695899 0.483750 0.637565 0.525743 0.688541 0.493975 0.706758
163 0.542714 0.600999 0.508581 0.659337 0.524154 0.657986 0.493008 0.660688 0.524154 0.657986 0.529839 0.721396 0.500168 0.723967 0.493008 0.660688 0.507339 0.709776 0.483069 0.715506
164 0.552418 0.628322 0.516934 0.680086 0.535654 0.685908 0.498213 0.674265 0.535654 0.685908 0.542251 0.781784 0.529935 0.781812 0.498213 0.674265 0.477312 0.687421 0.474968 0.724551
165 0.555395 0.648377 0.517272 0.720394 0.534467 0.724794 0.500077 0.715995 0.534467 0.724794 0.542691 0.818190 0.571901 0.849140 0.500077 0.715995 0.465797 0.728485 0.478685 0.753958
166 0.556736 0.648839 0.517526 0.711581 0.528257 0.708430 0.506796 0.714733 0.528257 0.708430 0.517100 0.756009 0.493421 0.772069 0.506796 0.714733 0.502507 0.745363 0.479713 0.756552
167 -1 -1 -1 -1 -1 -1 -1 -1 -1 -1 -1 -1 -1 -1 -1 -1 -1 -1 -1 -1
168 -1 -1 -1 -1 -1 -1 -1 -1 -1 -1 -1 -1 -1 -1 -1 -1 -1 -1 -1 -1
169 -1 -1 -1 -1 -1 -1 -1 -1 -1 -1 -1 -1 -1 -1 -1 -1 -1 -1 -1 -1
170 -1 -1 -1 -1 -1 -1 -1 -1 -1 -1 -1 -1 -1 -1 -1 -1 -1 -1 -1 -1
171 -1 -1 -1 -1 -1 -1 -1 -1 -1 -1 -1 -1 -1 -1 -1 -1 -1 -1 -1 -1
172 -1 -1 -1 -1 -1 -1 -1 -1 -1 -1 -1 -1 -1 -1 -1 -1 -1 -1 -1 -1
173 -1 -1 -1 -1 -1 -1 -1 -1 -1 -1 -1 -1 -1 -1 -1 -1 -1 -1 -1 -1
174 -1 -1 -1 -1 -1 -1 -1 -1 -1 -1 -1 -1 -1 -1 -1 -1 -1 -1 -1 -1
175 -1 -1 -1 -1 -1 -1 -1 -1 -1 -1 -1 -1 -1 -1 -1 -1 -1 -1 -1 -1
176 -1 -1 -1 -1 -1 -1 -1 -1 -1 -1 -1 -1 -1 -1 -1 -1 -1 -1 -1 -1
177 -1 -1 -1 -1 -1 -1 -1 -1 -1 -1 -1 -1 -1 -1 -1 -1 -1 -1 -1 -1
178 -1 -1 -1 -1 -1 -1 -1 -1 -1 -1 -1 -1 -1 -1 -1 -1 -1 -1 -1 -1
179 -1 -1 -1 -1 -1 -1 -1 -1 -1 -1 -1 -1 -1 -1 -1 -1 -1 -1 -1 -1
180 -1 -1 -1 -1 -1 -1 -1 -1 -1 -1 -1 -1 -1 -1 -1 -1 -1 -1 -1 -1
181 -1 -1 -1 -1 -1 -1 -1 -1 -1 -1 -1 -1 -1 -1 -1 -1 -1 -1 -1 -1
182 -1 -1 -1 -1 -1 -1 -1 -1 -1 -1 -1 -1 -1 -1 -1 -1 -1 -1 -1 -1
183 -1 -1 -1 -1 -1 -1 -1 -1 -1 -1 -1 -1 -1 -1 -1 -1 -1 -1 -1 -1
184 -1 -1 -1 -1 -1 -1 -1 -1 -1 -1 -1 -1 -1 -1 -1 -1 -1 -1 -1 -1
185 -1 -1 -1 -1 -1 -1 -1 -1 -1 -1 -1 -1 -1 -1 -1 -1 -1 -1 -1 -1
186 -1 -1 -1 -1 -1 -1 -1 -1 -1 -1 -1 -1 -1 -1 -1 -1 -1 -1 -1 -1
187 -1 -1 -1 -1 -1 -1 -1 -1 -1 -1 -1 -1 -1 -1 -1 -1 -1 -1 -1 -1
188 -1 -1 -1 -1 -1 -1 -1 -1 -1 -1 -1 -1 -1 -1 -1 -1 -1 -1 -1 -1
189 -1 -1 -1 -1 -1 -1 -1 -1 -1 -1 -1 -1 -1 -1 -1 -1 -1 -1 -1 -1
190 -1 -1 -1 -1 -1 -1 -1 -1 -1 -1 -1 -1 -1 -1 -1 -1 -1 -1 -1 -1
191 -1 -1 -1 -1 -1 -1 -1 -1 -1 -1 -1 -1 -1 -1 -1 -1 -1 -1 -1 -1
192 -1 -1 -1 -1 -1 -1 -1 -1 -1 -1 -1 -1 -1 -1 -1 -1 -1 -1 -1 -1
193 -1 -1 -1 -1 -1 -1 -1 -1 -1 -1 -1 -1 -1 -1 -1 -1 -1 -1 -1 -1
194 -1 -1 -1 -1 -1 -1 -1 -1 -1 -1 -1 -1 -1 -1 -1 -1 -1 -1 -1 -1
195 -1 -1 -1 -1 -1 -1 -1 -1 -1 -1 -1 -1 -1 -1 -1 -1 -1 -1 -1 -1
196 -1 -1 -1 -1 -1 -1 -1 -1 -1 -1 -1 -1 -1 -1 -1 -1 -1 -1 -1 -1
197 -1 -1 -1 -1 -1 -1 -1 -1 -1 -1 -1 -1 -1 -1 -1 -1 -1 -1 -1 -1
198 -1 -1 -1 -1 -1 -1 -1 -1 -1 -1 -1 -1 -1 -1 -1 -1 -1 -1 -1 -1
199 -1 -1 -1 -1 -1 -1 -1 -1 -1 -1 -1 -1 -1 -1 -1 -1 -1 -1 -1 -1
200 -1 -1 -1 -1 -1 -1 -1 -1 -1 -1 -1 -1 -1 -1 -1 -1 -1 -1 -1 -1
201 -1 -1 -1 -1 -1 -1 -1 -1 -1 -1 -1 -1 -1 -1 -1 -1 -1 -1 -1 -1
202 -1 -1 -1 -1 -1 -1 -1 -1 -1 -1 -1 -1 -1 -1 -1 -1 -1 -1 -1 -1
203 -1 -1 -1 -1 -1 -1 -1 -1 -1 -1 -1 -1 -1 -1 -1 -1 -1 -1 -1 -1
204 -1 -1 -1 -1 -1 -1 -1 -1 -1 -1 -1 -1 -1 -1 -1 -1 -1 -1 -1 -1
205 -1 -1 -1 -1 -1 -1 -1 -1 -1 -1 -1 -1 -1 -1 -1 -1 -1 -1 -1 -1
206 -1 -1 -1 -1 -1 -1 -1 -1 -1 -1 -1 -1 -1 -1 -1 -1 -1 -1 -1 -1
207 -1 -1 -1 -1 -1 -1 -1 -1 -1 -1 -1 -1 -1 -1 -1 -1 -1 -1 -1 -1
208 -1 -1 -1 -1 -1 -1 -1 -1 -1 -1 -1 -1 -1 -1 -1 -1 -1 -1 -1 -1
209 -1 -1 -1 -1 -1 -1 -1 -1 -1 -1 -1 -1 -1 -1 -1 -1 -1 -1 -1 -1
210 -1 -1 -1 -1 -1 -1 -1 -1 -1 -1 -1 -1 -1 -1 -1 -1 -1 -1 -1 -1
211 -1 -1 -1 -1 -1 -1 -1 -1 -1 -1 -1 -1 -1 -1 -1 -1 -1 -1 -1 -1
212 -1 -1 -1 -1 -1 -1 -1 -1 -1 -1 -1 -1 -1 -1 -1 -1 -1 -1 -1 -1
213 -1 -1 -1 -1 -1 -1 -1 -1 -1 -1 -1 -1 -1 -1 -1 -1 -1 -1 -1 -1
214 -1 -1 -1 -1 -1 -1 -1 -1 -1 -1 -1 -1 -1 -1 -1 -1 -1 -1 -1 -1
215 -1 -1 -1 -1 -1 -1 -1 -1 -1 -1 -1 -1 -1 -1 -1 -1 -1 -1 -1 -1
