48
80
0 -1 -1 -1 -1 -1 -1 -1 -1 -1 -1 -1 -1 -1 -1 -1 -1 -1 -1 -1 -1
1 -1 -1 -1 -1 -1 -1 -1 -1 -1 -1 -1 -1 -1 -1 -1 -1 -1 -1 -1 -1
2 -1 -1 -1 -1 -1 -1 -1 -1 -1 -1 -1 -1 -1 -1 -1 -1 -1 -1 -1 -1
3 -1 -1 -1 -1 -1 -1 -1 -1 -1 -1 -1 -1 -1 -1 -1 -1 -1 -1 -1 -1
4 -1 -1 -1 -1 -1 -1 -1 -1 -1 -1 -1 -1 -1 -1 -1 -1 -1 -1 -1 -1
5 -1 -1 -1 -1 -1 -1 -1 -1 -1 -1 -1 -1 -1 -1 -1 -1 -1 -1 -1 -1
6 -1 -1 -1 -1 -1 -1 -1 -1 -1 -1 -1 -1 -1 -1 -1 -1 -1 -1 -1 -1
7 -1 -1 -1 -1 -1 -1 -1 -1 -1 -1 -1 -1 -1 -1 -1 -1 -1 -1 -1 -1
8 -1 -1 -1 -1 -1 -1 -1 -1 -1 -1 -1 -1 -1 -1 -1 -1 -1 -1 -1 -1
9 -1 -1 -1 -1 -1 -1 -1 -1 -1 -1 -1 -1 -1 -1 -1 -1 -1 -1 -1 -1
10 -1 -1 -1 -1 -1 -1 -1 -1 -1 -1 -1 -1 -1 -1 -1 -1 -1 -1 -1 -1
11 -1 -1 -1 -1 -1 -1 -1 -1 -1 -1 -1 -1 -1 -1 -1 -1 -1 -1 -1 -1
12 -1 -1 -1 -1 -1 -1 -1 -1 -1 -1 -1 -1 -1 -1 -1 -1 -1 -1 -1 -1
13 -1 -1 -1 -1 -1 -1 -1 -1 -1 -1 -1 -1 -1 -1 -1 -1 -1 -1 -1 -1
14 -1 -1 -1 -1 -1 -1 -1 -1 -1 -1 -1 -1 -1 -1 -1 -1 -1 -1 -1 -1
15 -1 -1 -1 -1 -1 -1 -1 -1 -1 -1 -1 -1 -1 -1 -1 -1 -1 -1 -1 -1
16 0.938967 0.450874 0.936203 0.696449 0.927013 0.697646 0.945393 0.695252 0.927013 0.697646 0.856981 0.822939 0.810220 0.977507 0.945393 0.695252 0.899081 0.849827 0.828488 0.965068
17 0.938120 0.448588 0.930290 0.697001 0.917633 0.698491 0.942946 0.695510 0.917633 0.698491 0.854023 0.818803 0.801210 0.944031 0.942946 0.695510 0.937607 0.864137 0.928777 1.010796
18 0.934092 0.445143 0.925157 0.696951 0.909971 0.698408 0.940343 0.695493 0.909971 0.698408 0.847443 0.815258 0.787111 0.924204 0.940343 0.695493 0.942011 0.866940 0.941945 1.021407
19 0.926515 0.443905 0.919836 0.694012 0.904452 0.695736 0.935219 0.692287 0.904452 0.695736 0.837533 0.801303 0.778139 0.911274 0.935219 0.692287 0.940584 0.866704 0.947042 1.023528
20 0.917790 0.440852 0.910729 0.687503 0.893779 0.689263 0.927679 0.685743 0.893779 0.689263 0.824485 0.789828 0.773203 0.908458 0.927679 0.685743 0.933870 0.859083 0.939156 1.020170
21 0.907517 0.436978 0.905072 0.678935 0.882304 0.681733 0.927841 0.676136 0.882304 0.681733 0.817464 0.777555 0.769435 0.906765 0.927841 0.676136 0.930167 0.838375 0.945611 1.005789
22 0.894201 0.431118 0.890370 0.669067 0.869750 0.670603 0.910990 0.667531 0.869750 0.670603 0.807982 0.778812 0.765383 0.908137 0.910990 0.667531 0.927114 0.822648 0.937701 0.990162
23 0.878241 0.428861 0.874286 0.662434 0.854875 0.666117 0.893698 0.658750 0.854875 0.666117 0.803572 0.780986 0.764855 0.909537 0.893698 0.658750 0.901427 0.809847 0.929369 0.970764
24 0.864892 0.421634 0.858593 0.659170 0.838101 0.663689 0.879084 0.654652 0.838101 0.663689 0.797620 0.784375 0.765600 0.906321 0.879084 0.654652 0.878221 0.795590 0.925825 0.946738
25 0.851793 0.413519 0.846525 0.652019 0.824101 0.655922 0.868948 0.648116 0.824101 0.655922 0.786957 0.779254 0.765254 0.901386 0.868948 0.648116 0.868421 0.792438 0.924491 0.944802
26 0.837872 0.409669 0.829175 0.648463 0.809165 0.652259 0.849184 0.644666 0.809165 0.652259 0.781134 0.780926 0.764007 0.901120 0.849184 0.644666 0.831303 0.777647 0.898827 0.930122
27 0.823592 0.405411 0.816947 0.642146 0.795792 0.646516 0.838103 0.637775 0.795792 0.646516 0.776475 0.779155 0.763641 0.902188 0.838103 0.637775 0.810480 0.763160 0.850972 0.903892
28 0.812171 0.404283 0.805809 0.639460 0.782920 0.643443 0.828697 0.635478 0.782920 0.643443 0.771789 0.779718 0.764583 0.896889 0.828697 0.635478 0.811331 0.770412 0.816875 0.902837
29 0.800686 0.403382 0.794239 0.638220 0.770677 0.642244 0.817801 0.634195 0.770677 0.642244 0.764282 0.777126 0.765647 0.894545 0.817801 0.634195 0.786826 0.761798 0.792705 0.893510
30 0.790192 0.401045 0.782988 0.630383 0.760534 0.635342 0.805443 0.625424 0.760534 0.635342 0.758167 0.765959 0.773745 0.889542 0.805443 0.625424 0.767329 0.745306 0.775649 0.880328
31 0.781491 0.400024 0.771573 0.629776 0.749748 0.637469 0.793398 0.622082 0.749748 0.637469 0.747167 0.762090 0.770086 0.889621 0.793398 0.622082 0.769950 0.733400 0.779499 0.851135
32 0.773696 0.398476 0.761350 0.626157 0.740991 0.635609 0.781708 0.616704 0.740991 0.635609 0.735759 0.751843 0.766064 0.888641 0.781708 0.616704 0.764578 0.722857 0.781587 0.834103
33 0.765460 0.394958 0.751195 0.622165 0.733122 0.632785 0.769267 0.611545 0.733122 0.632785 0.723998 0.747998 0.756836 0.890663 0.769267 0.611545 0.739493 0.643908 0.754171 0.707348
34 0.757684 0.388470 0.740368 0.616850 0.722174 0.625918 0.758561 0.607782 0.722174 0.625918 0.713209 0.744649 0.749614 0.889696 0.758561 0.607782 0.726726 0.668431 0.743261 0.753005
35 0.749189 0.382463 0.728141 0.607447 0.709802 0.611910 0.746479 0.602983 0.709802 0.611910 0.702018 0.734277 0.739578 0.885636 0.746479 0.602983 0.696114 0.697739 0.701449 0.798140
36 0.736056 0.377216 0.717931 0.599227 0.699859 0.599707 0.736004 0.598748 0.699859 0.599707 0.693419 0.723225 0.742978 0.879214 0.736004 0.598748 0.683433 0.698752 0.678984 0.816328
37 0.722300 0.369124 0.706008 0.589817 0.688295 0.588742 0.723721 0.590892 0.688295 0.588742 0.696464 0.723843 0.745438 0.873977 0.723721 0.590892 0.669757 0.697277 0.654769 0.817724
38 0.706475 0.363646 0.696454 0.582419 0.685874 0.581824 0.707034 0.583014 0.685874 0.581824 0.699213 0.721347 0.743962 0.875293 0.707034 0.583014 0.646515 0.683289 0.620031 0.805879
39 0.692336 0.361037 0.687910 0.579769 0.679331 0.579272 0.696490 0.580266 0.679331 0.579272 0.698569 0.720418 0.742876 0.869260 0.696490 0.580266 0.630716 0.677433 0.598929 0.799769
40 0.678606 0.357082 0.682194 0.570734 0.680949 0.572573 0.683440 0.568894 0.680949 0.572573 0.696393 0.720038 0.743021 0.865420 0.683440 0.568894 0.622154 0.667672 0.589947 0.792473
41 0.662146 0.355623 0.675110 0.565349 0.674332 0.567031 0.675887 0.563667 0.674332 0.567031 0.690134 0.716216 0.743317 0.857511 0.675887 0.563667 0.614499 0.668097 0.587894 0.787887
42 0.643511 0.359082 0.664986 0.567742 0.671033 0.569442 0.658940 0.566043 0.671033 0.569442 0.683173 0.716740 0.743467 0.853094 0.658940 0.566043 0.603203 0.663557 0.585443 0.783093
43 0.615298 0.365161 0.654082 0.571875 0.659744 0.574647 0.648420 0.569102 0.659744 0.574647 0.672308 0.719191 0.743068 0.850229 0.648420 0.569102 0.588634 0.655921 0.585048 0.781532
44 0.598265 0.379480 0.647439 0.574548 0.650668 0.577093 0.644210 0.572002 0.650668 0.577093 0.657570 0.721112 0.737973 0.845031 0.644210 0.572002 0.575495 0.646920 0.584884 0.778587
45 0.582170 0.396119 0.638143 0.575983 0.641230 0.578663 0.635055 0.573303 0.641230 0.578663 0.643725 0.721918 0.729395 0.833805 0.635055 0.573303 0.566907 0.655361 0.579192 0.783822
46 0.563455 0.410115 0.633843 0.575392 0.630500 0.580158 0.637187 0.570626 0.630500 0.580158 0.631881 0.722146 0.723239 0.825237 0.637187 0.570626 0.560605 0.655919 0.577686 0.786928
47 0.545895 0.427321 0.626881 0.576312 0.627265 0.580752 0.626497 0.571871 0.627265 0.580752 0.621834 0.723657 0.711395 0.824051 0.626497 0.571871 0.554336 0.658668 0.578711 0.787098
48 0.525280 0.445589 0.616249 0.576890 0.620285 0.581377 0.612212 0.572404 0.620285 0.581377 0.617059 0.724119 0.705326 0.822309 0.612212 0.572404 0.543656 0.657551 0.575202 0.788583
49 0.510774 0.464204 0.606296 0.578147 0.612073 0.583231 0.600520 0.573063 0.612073 0.583231 0.613405 0.724536 0.700895 0.822493 0.600520 0.573063 0.539725 0.658896 0.575691 0.789763
50 0.499227 0.477964 0.598302 0.580493 0.602951 0.587768 0.593653 0.573218 0.602951 0.587768 0.609909 0.724612 0.698217 0.821175 0.593653 0.573218 0.531951 0.657575 0.570475 0.788557
51 0.488440 0.492338 0.588586 0.584191 0.591213 0.590757 0.585958 0.577625 0.591213 0.590757 0.605170 0.722915 0.694497 0.816971 0.585958 0.577625 0.528422 0.658305 0.571741 0.782956
52 0.475136 0.504800 0.577826 0.586526 0.581947 0.591392 0.573706 0.581659 0.581947 0.591392 0.600712 0.722156 0.692037 0.817000 0.573706 0.581659 0.519249 0.658851 0.569395 0.777871
53 0.463315 0.517973 0.571451 0.586317 0.577237 0.590346 0.565666 0.582288 0.577237 0.590346 0.597827 0.715904 0.687552 0.815214 0.565666 0.582288 0.508422 0.659040 0.568187 0.767906
54 0.451322 0.532346 0.559934 0.589946 0.567383 0.590313 0.552484 0.589580 0.567383 0.590313 0.596241 0.714695 0.678360 0.816474 0.552484 0.589580 0.497433 0.663549 0.566695 0.761627
55 0.434495 0.543420 0.547871 0.593813 0.556372 0.591205 0.539370 0.596421 0.556372 0.591205 0.592518 0.712064 0.673961 0.805848 0.539370 0.596421 0.488733 0.679333 0.566368 0.757947
56 0.413587 0.554276 0.532184 0.596677 0.539726 0.592445 0.524642 0.600909 0.539726 0.592445 0.583609 0.702843 0.662798 0.793051 0.524642 0.600909 0.480163 0.691035 0.563166 0.755338
57 0.398463 0.563780 0.518318 0.596433 0.524569 0.592315 0.512067 0.600551 0.524569 0.592315 0.574662 0.694333 0.659063 0.786043 0.512067 0.600551 0.471953 0.700393 0.558437 0.746054
58 0.382295 0.573124 0.500130 0.598080 0.506298 0.592295 0.493962 0.603865 0.506298 0.592295 0.559769 0.687029 0.647635 0.772776 0.493962 0.603865 0.464128 0.713099 0.552554 0.743218
59 0.365407 0.576311 0.481650 0.600720 0.487909 0.592283 0.475391 0.609157 0.487909 0.592283 0.542687 0.686240 0.634854 0.759754 0.475391 0.609157 0.451087 0.723530 0.543935 0.743877
60 0.353815 0.579979 0.468835 0.602563 0.473897 0.594120 0.463773 0.611006 0.473897 0.594120 0.524704 0.686592 0.622421 0.754668 0.463773 0.611006 0.448644 0.725597 0.538413 0.747267
61 0.343840 0.585034 0.456652 0.607755 0.463658 0.597398 0.449646 0.618113 0.463658 0.597398 0.509891 0.688149 0.605932 0.756833 0.449646 0.618113 0.443446 0.728528 0.539418 0.750126
62 0.339312 0.585335 0.445639 0.612174 0.450127 0.601808 0.441150 0.622539 0.450127 0.601808 0.493166 0.690273 0.596506 0.761789 0.441150 0.622539 0.447694 0.729437 0.540390 0.755946
63 0.332969 0.598265 0.428900 0.629629 0.430723 0.612195 0.427077 0.647062 0.430723 0.612195 0.482953 0.691083 0.574720 0.760327 0.427077 0.647062 0.461368 0.728125 0.552438 0.762877
64 0.326206 0.601830 0.424292 0.640726 0.428099 0.623619 0.420485 0.657832 0.428099 0.623619 0.490110 0.687860 0.569845 0.747425 0.420485 0.657832 0.462384 0.726133 0.552702 0.758025
65 0.323451 0.609588 0.421913 0.640470 0.426835 0.620376 0.416990 0.660564 0.426835 0.620376 0.492279 0.676400 0.568059 0.722557 0.416990 0.660564 0.461418 0.724851 0.551346 0.754712
66 0.322818 0.611895 0.417755 0.636030 0.421783 0.616563 0.413727 0.655498 0.421783 0.616563 0.493230 0.660918 0.571346 0.692807 0.413727 0.655498 0.469406 0.723117 0.549327 0.735541
67 0.317024 0.613775 0.415419 0.635253 0.417911 0.614802 0.412928 0.655704 0.417911 0.614802 0.494580 0.639079 0.577420 0.651762 0.412928 0.655704 0.466816 0.719937 0.538804 0.714390
68 0.314979 0.615033 0.414906 0.634945 0.417097 0.613817 0.412715 0.656073 0.417097 0.613817 0.492866 0.623972 0.579581 0.613622 0.412715 0.656073 0.459146 0.716767 0.522129 0.708324
69 0.311613 0.613225 0.412534 0.632815 0.413946 0.611846 0.411122 0.653784 0.413946 0.611846 0.490416 0.615808 0.576458 0.590554 0.411122 0.653784 0.449060 0.708065 0.513704 0.708483
70 0.309666 0.615910 0.412168 0.634294 0.414223 0.611796 0.410114 0.656793 0.414223 0.611796 0.490216 0.609511 0.578046 0.577086 0.410114 0.656793 0.451471 0.709061 0.511404 0.714935
71 0.310515 0.616844 0.411007 0.635341 0.412984 0.611866 0.409030 0.658816 0.412984 0.611866 0.490171 0.608388 0.578046 0.566499 0.409030 0.658816 0.453523 0.715393 0.516412 0.722602
72 0.310234 0.617031 0.411533 0.634368 0.412375 0.612579 0.410691 0.656158 0.412375 0.612579 0.491685 0.608141 0.579912 0.563434 0.410691 0.656158 0.453997 0.721052 0.517303 0.749323
73 0.310655 0.617005 0.412062 0.635586 0.412677 0.616426 0.411446 0.654745 0.412677 0.616426 0.492791 0.610545 0.581079 0.566136 0.411446 0.654745 0.455163 0.722178 0.522006 0.777063
74 0.310122 0.619872 0.412796 0.637926 0.412575 0.621235 0.413017 0.654617 0.412575 0.621235 0.493685 0.617606 0.580027 0.578938 0.413017 0.654617 0.456173 0.725954 0.522548 0.788293
75 0.310105 0.620311 0.411686 0.640930 0.411769 0.624887 0.411602 0.656973 0.411769 0.624887 0.493007 0.627522 0.578737 0.593482 0.411602 0.656973 0.456520 0.728482 0.522600 0.790658
76 0.308613 0.620460 0.411776 0.641595 0.411715 0.627007 0.411837 0.656182 0.411715 0.627007 0.492961 0.644757 0.577267 0.603749 0.411837 0.656182 0.456762 0.727665 0.523069 0.786750
77 0.308728 0.620290 0.411316 0.640955 0.411716 0.626241 0.410916 0.655669 0.411716 0.626241 0.488916 0.665152 0.577883 0.640466 0.410916 0.655669 0.456964 0.727752 0.523586 0.785299
78 0.309110 0.619536 0.410820 0.640151 0.411758 0.624979 0.409881 0.655323 0.411758 0.624979 0.487046 0.675599 0.578472 0.678758 0.409881 0.655323 0.465120 0.727312 0.523956 0.783986
79 0.309020 0.620386 0.411338 0.637476 0.411773 0.625029 0.410904 0.649922 0.411773 0.625029 0.484592 0.684673 0.575525 0.730383 0.410904 0.649922 0.467211 0.730239 0.524032 0.783713
80 0.309072 0.619279 0.411988 0.635322 0.412632 0.625466 0.411344 0.645179 0.412632 0.625466 0.482688 0.693329 0.571843 0.751858 0.411344 0.645179 0.466992 0.730061 0.527767 0.784570
81 0.309277 0.618877 0.412492 0.635450 0.413155 0.625041 0.411828 0.645859 0.413155 0.625041 0.477852 0.698086 0.557531 0.761842 0.411828 0.645859 0.466599 0.729514 0.529560 0.784048
82 0.309734 0.619585 0.412678 0.637832 0.413396 0.624773 0.411960 0.650891 0.413396 0.624773 0.476398 0.696273 0.553396 0.764848 0.411960 0.650891 0.463732 0.730303 0.530367 0.785411
83 0.309892 0.618858 0.413021 0.639036 0.414076 0.624730 0.411965 0.653341 0.414076 0.624730 0.478492 0.693257 0.553609 0.764135 0.411965 0.653341 0.462989 0.730260 0.531403 0.786771
84 0.310104 0.617124 0.413347 0.639601 0.414803 0.624222 0.411891 0.654980 0.414803 0.624222 0.478983 0.690972 0.554172 0.759742 0.411891 0.654980 0.462870 0.729984 0.532327 0.786548
85 0.310302 0.616384 0.413852 0.639005 0.415702 0.622591 0.412002 0.655419 0.415702 0.622591 0.478984 0.689645 0.553557 0.757543 0.412002 0.655419 0.462467 0.730165 0.532618 0.785950
86 0.311412 0.615950 0.414610 0.638557 0.416945 0.621099 0.412275 0.656016 0.416945 0.621099 0.479483 0.687598 0.554672 0.755279 0.412275 0.656016 0.461914 0.730447 0.532936 0.786508
87 0.312314 0.617452 0.414901 0.638094 0.417415 0.620267 0.412388 0.655922 0.417415 0.620267 0.479857 0.686654 0.555582 0.754988 0.412388 0.655922 0.461685 0.730316 0.532855 0.786002
88 0.312451 0.617219 0.415089 0.637698 0.417635 0.619601 0.412543 0.655794 0.417635 0.619601 0.480126 0.687853 0.555475 0.759166 0.412543 0.655794 0.461659 0.730237 0.533794 0.785686
89 0.312657 0.616920 0.415165 0.637324 0.417685 0.618896 0.412644 0.655751 0.417685 0.618896 0.480307 0.688773 0.555190 0.763318 0.412644 0.655751 0.461635 0.729366 0.533963 0.785119
90 0.313031 0.616271 0.415426 0.637133 0.418052 0.618687 0.412799 0.655578 0.418052 0.618687 0.481438 0.689883 0.554623 0.765795 0.412799 0.655578 0.461994 0.728375 0.534031 0.784613
91 0.312993 0.615653 0.415467 0.636720 0.418061 0.618702 0.412872 0.654739 0.418061 0.618702 0.481604 0.692388 0.553096 0.767556 0.412872 0.654739 0.463012 0.726400 0.534607 0.783045
92 0.313000 0.615222 0.415491 0.636568 0.418076 0.618813 0.412906 0.654324 0.418076 0.618813 0.481769 0.692283 0.553287 0.766959 0.412906 0.654324 0.463632 0.725509 0.534819 0.782225
93 -1 -1 -1 -1 -1 -1 -1 -1 -1 -1 -1 -1 -1 -1 -1 -1 -1 -1 -1 -1
94 -1 -1 -1 -1 -1 -1 -1 -1 -1 -1 -1 -1 -1 -1 -1 -1 -1 -1 -1 -1
95 -1 -1 -1 -1 -1 -1 -1 -1 -1 -1 -1 -1 -1 -1 -1 -1 -1 -1 -1 -1
96 -1 -1 -1 -1 -1 -1 -1 -1 -1 -1 -1 -1 -1 -1 -1 -1 -1 -1 -1 -1
97 -1 -1 -1 -1 -1 -1 -1 -1 -1 -1 -1 -1 -1 -1 -1 -1 -1 -1 -1 -1
98 -1 -1 -1 -1 -1 -1 -1 -1 -1 -1 -1 -1 -1 -1 -1 -1 -1 -1 -1 -1
99 -1 -1 -1 -1 -1 -1 -1 -1 -1 -1 -1 -1 -1 -1 -1 -1 -1 -1 -1 -1
100 -1 -1 -1 -1 -1 -1 -1 -1 -1 -1 -1 -1 -1 -1 -1 -1 -1 -1 -1 -1
101 -1 -1 -1 -1 -1 -1 -1 -1 -1 -1 -1 -1 -1 -1 -1 -1 -1 -1 -1 -1
102 -1 -1 -1 -1 -1 -1 -1 -1 -1 -1 -1 -1 -1 -1 -1 -1 -1 -1 -1 -1
103 -1 -1 -1 -1 -1 -1 -1 -1 -1 -1 -1 -1 -1 -1 -1 -1 -1 -1 -1 -1
104 -1 -1 -1 -1 -1 -1 -1 -1 -1 -1 -1 -1 -1 -1 -1 -1 -1 -1 -1 -1
105 -1 -1 -1 -1 -1 -1 -1 -1 -1 -1 -1 -1 -1 -1 -1 -1 -1 -1 -1 -1
106 -1 -1 -1 -1 -1 -1 -1 -1 -1 -1 -1 -1 -1 -1 -1 -1 -1 -1 -1 -1
107 -1 -1 -1 -1 -1 -1 -1 -1 -1 -1 -1 -1 -1 -1 -1 -1 -1 -1 -1 -1
108 -1 -1 -1 -1 -1 -1 -1 -1 -1 -1 -1 -1 -1 -1 -1 -1 -1 -1 -1 -1
109 -1 -1 -1 -1 -1 -1 -1 -1 -1 -1 -1 -1 -1 -1 -1 -1 -1 -1 -1 -1
110 -1 -1 -1 -1 -1 -1 -1 -1 -1 -1 -1 -1 -1 -1 -1 -1 -1 -1 -1 -1
111 -1 -1 -1 -1 -1 -1 -1 -1 -1 -1 -1 -1 -1 -1 -1 -1 -1 -1 -1 -1
112 -1 -1 -1 -1 -1 -1 -1 -1 -1 -1 -1 -1 -1 -1 -1 -1 -1 -1 -1 -1
113 -1 -1 -1 -1 -1 -1 -1 -1 -1 -1 -1 -1 -1 -1 -1 -1 -1 -1 -1 -1
114 -1 -1 -1 -1 -1 -1 -1 -1 -1 -1 -1 -1 -1 -1 -1 -1 -1 -1 -1 -1
115 -1 -1 -1 -1 -1 -1 -1 -1 -1 -1 -1 -1 -1 -1 -1 -1 -1 -1 -1 -1
116 -1 -1 -1 -1 -1 -1 -1 -1 -1 -1 -1 -1 -1 -1 -1 -1 -1 -1 -1 -1
117 -1 -1 -1 -1 -1 -1 -1 -1 -1 -1 -1 -1 -1 -1 -1 -1 -1 -1 -1 -1
118 -1 -1 -1 -1 -1 -1 -1 -1 -1 -1 -1 -1 -1 -1 -1 -1 -1 -1 -1 -1
119 -1 -1 -1 -1 -1 -1 -1 -1 -1 -1 -1 -1 -1 -1 -1 -1 -1 -1 -1 -1
120 -1 -1 -1 -1 -1 -1 -1 -1 -1 -1 -1 -1 -1 -1 -1 -1 -1 -1 -1 -1
121 -1 -1 -1 -1 -1 -1 -1 -1 -1 -1 -1 -1 -1 -1 -1 -1 -1 -1 -1 -1
122 -1 -1 -1 -1 -1 -1 -1 -1 -1 -1 -1 -1 -1 -1 -1 -1 -1 -1 -1 -1
123 -1 -1 -1 -1 -1 -1 -1 -1 -1 -1 -1 -1 -1 -1 -1 -1 -1 -1 -1 -1
124 -1 -1 -1 -1 -1 -1 -1 -1 -1 -1 -1 -1 -1 -1 -1 -1 -1 -1 -1 -1
125 -1 -1 -1 -1 -1 -1 -1 -1 -1 -1 -1 -1 -1 -1 -1 -1 -1 -1 -1 -1
126 -1 -1 -1 -1 -1 -1 -1 -1 -1 -1 -1 -1 -1 -1 -1 -1 -1 -1 -1 -1
127 -1 -1 -1 -1 -1 -1 -1 -1 -1 -1 -1 -1 -1 -1 -1 -1 -1 -1 -1 -1
128 -1 -1 -1 -1 -1 -1 -1 -1 -1 -1 -1 -1 -1 -1 -1 -1 -1 -1 -1 -1
129 -1 -1 -1 -1 -1 -1 -1 -1 -1 -1 -1 -1 -1 -1 -1 -1 -1 -1 -1 -1
130 -1 -1 -1 -1 -1 -1 -1 -1 -1 -1 -1 -1 -1 -1 -1 -1 -1 -1 -1 -1
131 -1 -1 -1 -1 -1 -1 -1 -1 -1 -1 -1 -1 -1 -1 -1 -1 -1 -1 -1 -1
132 -1 -1 -1 -1 -1 -1 -1 -1 -1 -1 -1 -1 -1 -1 -1 -1 -1 -1 -1 -1
133 -1 -1 -1 -1 -1 -1 -1 -1 -1 -1 -1 -1 -1 -1 -1 -1 -1 -1 -1 -1
134 -1 -1 -1 -1 -1 -1 -1 -1 -1 -1 -1 -1 -1 -1 -1 -1 -1 -1 -1 -1
135 -1 -1 -1 -1 -1 -1 -1 -1 -1 -1 -1 -1 -1 -1 -1 -1 -1 -1 -1 -1
136 -1 -1 -1 -1 -1 -1 -1 -1 -1 -1 -1 -1 -1 -1 -1 -1 -1 -1 -1 -1
137 -1 -1 -1 -1 -1 -1 -1 -1 -1 -1 -1 -1 -1 -1 -1 -1 -1 -1 -1 -1
138 -1 -1 -1 -1 -1 -1 -1 -1 -1 -1 -1 -1 -1 -1 -1 -1 -1 -1 -1 -1
139 -1 -1 -1 -1 -1 -1 -1 -1 -1 -1 -1 -1 -1 -1 -1 -1 -1 -1 -1 -1
140 -1 -1 -1 -1 -1 -1 -1 -1 -1 -1 -1 -1 -1 -1 -1 -1 -1 -1 -1 -1
141 -1 -1 -1 -1 -1 -1 -1 -1 -1 -1 -1 -1 -1 -1 -1 -1 -1 -1 -1 -1
142 -1 -1 -1 -1 -1 -1 -1 -1 -1 -1 -1 -1 -1 -1 -1 -1 -1 -1 -1 -1
143 -1 -1 -1 -1 -1 -1 -1 -1 -1 -1 -1 -1 -1 -1 -1 -1 -1 -1 -1 -1
144 -1 -1 -1 -1 -1 -1 -1 -1 -1 -1 -1 -1 -1 -1 -1 -1 -1 -1 -1 -1
145 -1 -1 -1 -1 -1 -1 -1 -1 -1 -1 -1 -1 -1 -1 -1 -1 -1 -1 -1 -1
146 -1 -1 -1 -1 -1 -1 -1 -1 -1 -1 -1 -1 -1 -1 -1 -1 -1 -1 -1 -1
147 -1 -1 -1 -1 -1 -1 -1 -1 -1 -1 -1 -1 -1 -1 -1 -1 -1 -1 -1 -1
148 -1 -1 -1 -1 -1 -1 -1 -1 -1 -1 -1 -1 -1 -1 -1 -1 -1 -1 -1 -1
149 -1 -1 -1 -1 -1 -1 -1 -1 -1 -1 -1 -1 -1 -1 -1 -1 -1 -1 -1 -1
150 -1 -1 -1 -1 -1 -1 -1 -1 -1 -1 -1 -1 -1 -1 -1 -1 -1 -1 -1 -1
151 0.312744 0.617857 0.416666 0.636994 0.416852 0.626952 0.416479 0.647037 0.416852 0.626952 0.479866 0.696704 0.555418 0.763847 0.416479 0.647037 0.465079 0.726173 0.535799 0.780086
152 0.312850 0.617923 0.416724 0.636804 0.416855 0.627000 0.416594 0.646609 0.416855 0.627000 0.479805 0.696945 0.555141 0.764225 0.416594 0.646609 0.465175 0.726050 0.535787 0.779882
153 0.312883 0.617927 0.416743 0.636868 0.416878 0.627030 0.416607 0.646707 0.416878 0.627030 0.479797 0.696947 0.555134 0.764209 0.416607 0.646707 0.465242 0.726058 0.535892 0.779827
154 0.312886 0.617774 0.416748 0.636902 0.416880 0.627160 0.416617 0.646643 0.416880 0.627160 0.480255 0.697227 0.555148 0.764431 0.416617 0.646643 0.465349 0.726059 0.535943 0.779801
155 0.312904 0.617634 0.416577 0.637572 0.416897 0.627171 0.416257 0.647972 0.416897 0.627171 0.480529 0.697192 0.555208 0.764429 0.416257 0.647972 0.465113 0.726585 0.536014 0.779857
156 0.312850 0.617598 0.416541 0.637665 0.416839 0.627363 0.416243 0.647966 0.416839 0.627363 0.480347 0.697433 0.555104 0.764970 0.416243 0.647966 0.465106 0.726570 0.536010 0.779934
