59
90
0 -1 -1 -1 -1 -1 -1 -1 -1 -1 -1 -1 -1 -1 -1 -1 -1 -1 -1 -1 -1
1 0.722015 0.363712 0.704817 0.470277 0.718042 0.479634 0.691592 0.460920 0.718042 0.479634 0.659389 0.489189 0.650528 0.584130 0.691592 0.460920 0.633278 0.456460 0.640303 0.566105
2 0.722706 0.363231 0.709965 0.469414 0.723453 0.477907 0.696477 0.460920 0.723453 0.477907 0.660721 0.491251 0.648596 0.586099 0.696477 0.460920 0.633806 0.457437 0.640302 0.573301
3 0.723701 0.363107 0.711524 0.469578 0.725038 0.477927 0.698010 0.461229 0.725038 0.477927 0.661664 0.492438 0.648379 0.587920 0.698010 0.461229 0.634276 0.458068 0.639680 0.576238
4 0.724325 0.362807 0.711689 0.469748 0.725080 0.477966 0.698298 0.461530 0.725080 0.477966 0.660883 0.492351 0.648568 0.589715 0.698298 0.461530 0.634366 0.458104 0.639412 0.579697
5 0.724660 0.362482 0.711838 0.470025 0.725102 0.478042 0.698573 0.462007 0.725102 0.478042 0.660288 0.492723 0.643078 0.596081 0.698573 0.462007 0.634715 0.458182 0.636685 0.581787
6 0.724981 0.362267 0.711941 0.470179 0.725303 0.478065 0.698579 0.462294 0.725303 0.478065 0.661209 0.492693 0.642591 0.597794 0.698579 0.462294 0.634954 0.458222 0.635466 0.583531
7 0.725060 0.362259 0.712461 0.470582 0.725828 0.478306 0.699093 0.462859 0.725828 0.478306 0.661162 0.492611 0.641510 0.599451 0.699093 0.462859 0.635295 0.458262 0.633716 0.584659
8 0.725059 0.362163 0.714038 0.470661 0.727588 0.478283 0.700488 0.463039 0.727588 0.478283 0.661127 0.492048 0.645354 0.597183 0.700488 0.463039 0.636269 0.459845 0.634076 0.584204
9 0.724806 0.362032 0.715193 0.470599 0.729011 0.477998 0.701375 0.463199 0.729011 0.477998 0.661589 0.492048 0.645478 0.595868 0.701375 0.463199 0.637502 0.460382 0.634041 0.583036
10 0.724378 0.361979 0.716726 0.470357 0.730822 0.477355 0.702630 0.463359 0.730822 0.477355 0.663615 0.490750 0.647877 0.592159 0.702630 0.463359 0.638235 0.460364 0.630124 0.579838
11 0.723530 0.361967 0.717368 0.470655 0.731546 0.477337 0.703191 0.463973 0.731546 0.477337 0.664900 0.490691 0.647013 0.593090 0.703191 0.463973 0.638731 0.460331 0.628926 0.577483
12 0.722128 0.361811 0.717908 0.470074 0.731953 0.476300 0.703864 0.463848 0.731953 0.476300 0.665060 0.491194 0.650145 0.593040 0.703864 0.463848 0.638857 0.460319 0.627210 0.577639
13 0.720421 0.361519 0.717838 0.469739 0.731847 0.475734 0.703828 0.463743 0.731847 0.475734 0.665531 0.492364 0.652364 0.593660 0.703828 0.463743 0.639010 0.461500 0.627010 0.579255
14 0.718726 0.361494 0.718072 0.469630 0.732058 0.475528 0.704086 0.463733 0.732058 0.475528 0.668444 0.500019 0.651817 0.602734 0.704086 0.463733 0.639505 0.462087 0.627518 0.577991
15 0.716685 0.361859 0.717840 0.469354 0.731878 0.475576 0.703802 0.463133 0.731878 0.475576 0.667949 0.498915 0.651720 0.603122 0.703802 0.463133 0.639830 0.462233 0.628216 0.578017
16 0.714474 0.362341 0.717087 0.469181 0.730798 0.475601 0.703375 0.462761 0.730798 0.475601 0.667522 0.498155 0.652228 0.604172 0.703375 0.462761 0.639903 0.463292 0.618983 0.583272
17 -1 -1 -1 -1 -1 -1 -1 -1 -1 -1 -1 -1 -1 -1 -1 -1 -1 -1 -1 -1
18 -1 -1 -1 -1 -1 -1 -1 -1 -1 -1 -1 -1 -1 -1 -1 -1 -1 -1 -1 -1
19 -1 -1 -1 -1 -1 -1 -1 -1 -1 -1 -1 -1 -1 -1 -1 -1 -1 -1 -1 -1
20 -1 -1 -1 -1 -1 -1 -1 -1 -1 -1 -1 -1 -1 -1 -1 -1 -1 -1 -1 -1
21 -1 -1 -1 -1 -1 -1 -1 -1 -1 -1 -1 -1 -1 -1 -1 -1 -1 -1 -1 -1
22 -1 -1 -1 -1 -1 -1 -1 -1 -1 -1 -1 -1 -1 -1 -1 -1 -1 -1 -1 -1
23 -1 -1 -1 -1 -1 -1 -1 -1 -1 -1 -1 -1 -1 -1 -1 -1 -1 -1 -1 -1
24 -1 -1 -1 -1 -1 -1 -1 -1 -1 -1 -1 -1 -1 -1 -1 -1 -1 -1 -1 -1
25 0.689497 0.371383 0.699011 0.464984 0.714228 0.474191 0.683793 0.455777 0.714228 0.474191 0.666528 0.513726 0.645751 0.613592 0.683793 0.455777 0.631432 0.471427 0.617733 0.579236
26 0.687442 0.371541 0.698842 0.460363 0.713585 0.470512 0.684099 0.450213 0.713585 0.470512 0.666584 0.513905 0.644964 0.612533 0.684099 0.450213 0.631288 0.471037 0.616511 0.576158
27 0.685677 0.371417 0.698094 0.456774 0.712364 0.467827 0.683824 0.445720 0.712364 0.467827 0.666687 0.513254 0.645047 0.608967 0.683824 0.445720 0.631423 0.468722 0.620249 0.569376
28 0.684074 0.371568 0.696826 0.450042 0.711295 0.461889 0.682357 0.438196 0.711295 0.461889 0.666843 0.512956 0.651896 0.605704 0.682357 0.438196 0.631527 0.468709 0.617677 0.571363
29 0.682227 0.370694 0.695135 0.443615 0.709619 0.455002 0.680651 0.432228 0.709619 0.455002 0.667560 0.512165 0.657167 0.598487 0.680651 0.432228 0.631529 0.468564 0.618725 0.572326
30 0.681087 0.368609 0.694589 0.437563 0.709311 0.449251 0.679867 0.425875 0.709311 0.449251 0.670064 0.511721 0.658742 0.599248 0.679867 0.425875 0.631648 0.469289 0.619216 0.572882
31 0.679841 0.366311 0.694376 0.429282 0.709538 0.439952 0.679213 0.418612 0.709538 0.439952 0.670323 0.511643 0.658021 0.604294 0.679213 0.418612 0.631731 0.474222 0.620462 0.575238
32 0.678505 0.363921 0.692446 0.426107 0.708453 0.436681 0.676440 0.415534 0.708453 0.436681 0.669644 0.509722 0.655090 0.605000 0.676440 0.415534 0.632228 0.479960 0.619867 0.584036
33 0.675472 0.362887 0.688929 0.424650 0.705212 0.435635 0.672646 0.413666 0.705212 0.435635 0.668708 0.509184 0.654862 0.604814 0.672646 0.413666 0.630651 0.484059 0.619160 0.583841
34 0.674165 0.355489 0.685980 0.422303 0.702402 0.432217 0.669559 0.412388 0.702402 0.432217 0.667180 0.508383 0.657819 0.599763 0.669559 0.412388 0.630295 0.484716 0.616312 0.584500
35 0.672066 0.350959 0.683536 0.421621 0.699978 0.430938 0.667095 0.412304 0.699978 0.430938 0.664931 0.508270 0.657353 0.598612 0.667095 0.412304 0.629881 0.487389 0.615643 0.583915
36 0.669640 0.346329 0.680784 0.422394 0.697122 0.430739 0.664447 0.414050 0.697122 0.430739 0.664643 0.507542 0.658782 0.596308 0.664447 0.414050 0.629132 0.490947 0.613950 0.592940
37 0.668033 0.342031 0.678998 0.421413 0.695788 0.428713 0.662207 0.414113 0.695788 0.428713 0.663486 0.507707 0.657604 0.596903 0.662207 0.414113 0.627994 0.497518 0.614372 0.592035
38 0.665483 0.339051 0.677657 0.417355 0.694292 0.423057 0.661021 0.411653 0.694292 0.423057 0.662457 0.507622 0.654007 0.597038 0.661021 0.411653 0.628249 0.493811 0.614494 0.590249
39 0.663647 0.332934 0.675739 0.414540 0.692269 0.419640 0.659209 0.409439 0.692269 0.419640 0.662303 0.507051 0.649220 0.599735 0.659209 0.409439 0.628175 0.491535 0.614658 0.589528
40 0.660994 0.326014 0.674385 0.410897 0.690837 0.414262 0.657933 0.407532 0.690837 0.414262 0.662946 0.506171 0.649703 0.599802 0.657933 0.407532 0.628314 0.490269 0.615605 0.588942
41 0.657605 0.319617 0.672372 0.408320 0.688894 0.410842 0.655849 0.405798 0.688894 0.410842 0.663234 0.504201 0.651954 0.594536 0.655849 0.405798 0.628396 0.489582 0.615625 0.589001
42 0.652933 0.311716 0.668962 0.404218 0.685541 0.405382 0.652384 0.403055 0.685541 0.405382 0.663598 0.497030 0.658077 0.586106 0.652384 0.403055 0.628910 0.489097 0.622397 0.588698
43 0.650381 0.306528 0.664825 0.407903 0.681272 0.410332 0.648378 0.405474 0.681272 0.410332 0.663626 0.498100 0.658406 0.588780 0.648378 0.405474 0.628419 0.497335 0.620648 0.600113
44 0.646805 0.300845 0.660751 0.409613 0.676300 0.412672 0.645202 0.406555 0.676300 0.412672 0.663587 0.501734 0.658730 0.590608 0.645202 0.406555 0.627959 0.504023 0.617887 0.603759
45 0.643952 0.296520 0.657720 0.410556 0.673615 0.413867 0.641826 0.407245 0.673615 0.413867 0.663637 0.506075 0.659597 0.590761 0.641826 0.407245 0.627894 0.506472 0.616744 0.607282
46 0.640770 0.292830 0.656104 0.410076 0.672340 0.412115 0.639869 0.408036 0.672340 0.412115 0.663117 0.506016 0.659568 0.591094 0.639869 0.408036 0.628256 0.504605 0.615180 0.609200
47 0.636537 0.288306 0.655245 0.406264 0.671662 0.406988 0.638828 0.405539 0.671662 0.406988 0.662268 0.504660 0.659265 0.591678 0.638828 0.405539 0.627698 0.502350 0.615232 0.607197
48 0.633738 0.285593 0.656320 0.402920 0.672735 0.402817 0.639905 0.403024 0.672735 0.402817 0.660885 0.502908 0.657560 0.592086 0.639905 0.403024 0.627581 0.501390 0.615257 0.606255
49 0.629624 0.282353 0.656260 0.396963 0.672865 0.396114 0.639655 0.397812 0.672865 0.396114 0.659264 0.498311 0.657527 0.590497 0.639655 0.397812 0.627277 0.501174 0.614876 0.606290
50 0.625477 0.280597 0.655893 0.393573 0.672467 0.392933 0.639319 0.394213 0.672467 0.392933 0.657380 0.498931 0.651576 0.595122 0.639319 0.394213 0.623848 0.500407 0.614129 0.605700
51 0.621027 0.279651 0.654487 0.391759 0.671376 0.390987 0.637599 0.392530 0.671376 0.390987 0.655561 0.498416 0.650871 0.596361 0.637599 0.392530 0.621757 0.499943 0.612134 0.605163
52 0.618673 0.279996 0.653965 0.391615 0.671153 0.391202 0.636778 0.392029 0.671153 0.391202 0.653360 0.499667 0.647471 0.603828 0.636778 0.392029 0.619612 0.501949 0.610493 0.607421
53 0.614613 0.280946 0.653132 0.393164 0.670796 0.393450 0.635468 0.392877 0.670796 0.393450 0.652519 0.500094 0.644983 0.603679 0.635468 0.392877 0.619672 0.502890 0.609605 0.606558
54 0.611747 0.283192 0.652378 0.394430 0.670191 0.394718 0.634564 0.394142 0.670191 0.394718 0.651192 0.501838 0.644556 0.604466 0.634564 0.394142 0.617894 0.507353 0.609388 0.606078
55 0.608044 0.283974 0.652471 0.394901 0.670125 0.394916 0.634816 0.394885 0.670125 0.394916 0.649849 0.502720 0.645398 0.604180 0.634816 0.394885 0.618824 0.507412 0.609758 0.601811
56 0.605982 0.296102 0.651201 0.395651 0.669699 0.396125 0.632702 0.395177 0.669699 0.396125 0.650456 0.503951 0.645932 0.603687 0.632702 0.395177 0.617719 0.506655 0.610023 0.595802
57 0.604004 0.307717 0.651506 0.406920 0.669285 0.408082 0.633727 0.405758 0.669285 0.408082 0.651119 0.511228 0.646371 0.608093 0.633727 0.405758 0.618115 0.511080 0.612029 0.596079
58 0.602320 0.327015 0.651971 0.432505 0.669598 0.429849 0.634344 0.435161 0.669598 0.429849 0.651922 0.517200 0.646680 0.610106 0.634344 0.435161 0.617849 0.517089 0.615507 0.598945
59 0.602925 0.341653 0.658516 0.438580 0.674203 0.435996 0.642829 0.441165 0.674203 0.435996 0.652170 0.518714 0.648798 0.609297 0.642829 0.441165 0.618145 0.520113 0.618937 0.602366
60 0.601622 0.361341 0.658601 0.452969 0.674733 0.449396 0.642469 0.456543 0.674733 0.449396 0.648166 0.532485 0.648205 0.609576 0.642469 0.456543 0.604375 0.541637 0.626792 0.597617
61 0.598561 0.384614 0.654517 0.474062 0.671845 0.471889 0.637190 0.476236 0.671845 0.471889 0.637864 0.555023 0.649575 0.597520 0.637190 0.476236 0.581534 0.570648 0.637327 0.571374
62 0.594075 0.400775 0.650947 0.488800 0.663395 0.491808 0.638500 0.485791 0.663395 0.491808 0.637868 0.578039 0.617875 0.588363 0.638500 0.485791 0.589493 0.588876 0.615493 0.580290
63 0.586036 0.421280 0.644230 0.501556 0.649322 0.508498 0.639137 0.494615 0.649322 0.508498 0.617454 0.584504 0.563848 0.580312 0.639137 0.494615 0.610394 0.588880 0.574154 0.582703
64 0.590973 0.447470 0.643740 0.510475 0.651567 0.517692 0.635913 0.503259 0.651567 0.517692 0.628619 0.573647 0.604371 0.582711 0.635913 0.503259 0.619805 0.567811 0.598371 0.583318
65 0.594132 0.468377 0.642907 0.516208 0.651347 0.532447 0.634467 0.499970 0.651347 0.532447 0.630141 0.581855 0.620130 0.593206 0.634467 0.499970 0.626843 0.560787 0.620223 0.584570
66 -1 -1 -1 -1 -1 -1 -1 -1 -1 -1 -1 -1 -1 -1 -1 -1 -1 -1 -1 -1
67 -1 -1 -1 -1 -1 -1 -1 -1 -1 -1 -1 -1 -1 -1 -1 -1 -1 -1 -1 -1
68 -1 -1 -1 -1 -1 -1 -1 -1 -1 -1 -1 -1 -1 -1 -1 -1 -1 -1 -1 -1
69 -1 -1 -1 -1 -1 -1 -1 -1 -1 -1 -1 -1 -1 -1 -1 -1 -1 -1 -1 -1
70 -1 -1 -1 -1 -1 -1 -1 -1 -1 -1 -1 -1 -1 -1 -1 -1 -1 -1 -1 -1
71 -1 -1 -1 -1 -1 -1 -1 -1 -1 -1 -1 -1 -1 -1 -1 -1 -1 -1 -1 -1
72 -1 -1 -1 -1 -1 -1 -1 -1 -1 -1 -1 -1 -1 -1 -1 -1 -1 -1 -1 -1
73 -1 -1 -1 -1 -1 -1 -1 -1 -1 -1 -1 -1 -1 -1 -1 -1 -1 -1 -1 -1
74 -1 -1 -1 -1 -1 -1 -1 -1 -1 -1 -1 -1 -1 -1 -1 -1 -1 -1 -1 -1
75 -1 -1 -1 -1 -1 -1 -1 -1 -1 -1 -1 -1 -1 -1 -1 -1 -1 -1 -1 -1
76 -1 -1 -1 -1 -1 -1 -1 -1 -1 -1 -1 -1 -1 -1 -1 -1 -1 -1 -1 -1
77 -1 -1 -1 -1 -1 -1 -1 -1 -1 -1 -1 -1 -1 -1 -1 -1 -1 -1 -1 -1
78 -1 -1 -1 -1 -1 -1 -1 -1 -1 -1 -1 -1 -1 -1 -1 -1 -1 -1 -1 -1
79 -1 -1 -1 -1 -1 -1 -1 -1 -1 -1 -1 -1 -1 -1 -1 -1 -1 -1 -1 -1
80 -1 -1 -1 -1 -1 -1 -1 -1 -1 -1 -1 -1 -1 -1 -1 -1 -1 -1 -1 -1
81 -1 -1 -1 -1 -1 -1 -1 -1 -1 -1 -1 -1 -1 -1 -1 -1 -1 -1 -1 -1
82 -1 -1 -1 -1 -1 -1 -1 -1 -1 -1 -1 -1 -1 -1 -1 -1 -1 -1 -1 -1
83 -1 -1 -1 -1 -1 -1 -1 -1 -1 -1 -1 -1 -1 -1 -1 -1 -1 -1 -1 -1
84 -1 -1 -1 -1 -1 -1 -1 -1 -1 -1 -1 -1 -1 -1 -1 -1 -1 -1 -1 -1
85 -1 -1 -1 -1 -1 -1 -1 -1 -1 -1 -1 -1 -1 -1 -1 -1 -1 -1 -1 -1
86 -1 -1 -1 -1 -1 -1 -1 -1 -1 -1 -1 -1 -1 -1 -1 -1 -1 -1 -1 -1
87 -1 -1 -1 -1 -1 -1 -1 -1 -1 -1 -1 -1 -1 -1 -1 -1 -1 -1 -1 -1
88 -1 -1 -1 -1 -1 -1 -1 -1 -1 -1 -1 -1 -1 -1 -1 -1 -1 -1 -1 -1
89 -1 -1 -1 -1 -1 -1 -1 -1 -1 -1 -1 -1 -1 -1 -1 -1 -1 -1 -1 -1
90 -1 -1 -1 -1 -1 -1 -1 -1 -1 -1 -1 -1 -1 -1 -1 -1 -1 -1 -1 -1
91 -1 -1 -1 -1 -1 -1 -1 -1 -1 -1 -1 -1 -1 -1 -1 -1 -1 -1 -1 -1
92 -1 -1 -1 -1 -1 -1 -1 -1 -1 -1 -1 -1 -1 -1 -1 -1 -1 -1 -1 -1
93 -1 -1 -1 -1 -1 -1 -1 -1 -1 -1 -1 -1 -1 -1 -1 -1 -1 -1 -1 -1
94 -1 -1 -1 -1 -1 -1 -1 -1 -1 -1 -1 -1 -1 -1 -1 -1 -1 -1 -1 -1
95 -1 -1 -1 -1 -1 -1 -1 -1 -1 -1 -1 -1 -1 -1 -1 -1 -1 -1 -1 -1
96 -1 -1 -1 -1 -1 -1 -1 -1 -1 -1 -1 -1 -1 -1 -1 -1 -1 -1 -1 -1
97 -1 -1 -1 -1 -1 -1 -1 -1 -1 -1 -1 -1 -1 -1 -1 -1 -1 -1 -1 -1
98 -1 -1 -1 -1 -1 -1 -1 -1 -1 -1 -1 -1 -1 -1 -1 -1 -1 -1 -1 -1
99 -1 -1 -1 -1 -1 -1 -1 -1 -1 -1 -1 -1 -1 -1 -1 -1 -1 -1 -1 -1
100 -1 -1 -1 -1 -1 -1 -1 -1 -1 -1 -1 -1 -1 -1 -1 -1 -1 -1 -1 -1
101 -1 -1 -1 -1 -1 -1 -1 -1 -1 -1 -1 -1 -1 -1 -1 -1 -1 -1 -1 -1
102 -1 -1 -1 -1 -1 -1 -1 -1 -1 -1 -1 -1 -1 -1 -1 -1 -1 -1 -1 -1
103 -1 -1 -1 -1 -1 -1 -1 -1 -1 -1 -1 -1 -1 -1 -1 -1 -1 -1 -1 -1
104 -1 -1 -1 -1 -1 -1 -1 -1 -1 -1 -1 -1 -1 -1 -1 -1 -1 -1 -1 -1
105 -1 -1 -1 -1 -1 -1 -1 -1 -1 -1 -1 -1 -1 -1 -1 -1 -1 -1 -1 -1
106 -1 -1 -1 -1 -1 -1 -1 -1 -1 -1 -1 -1 -1 -1 -1 -1 -1 -1 -1 -1
107 -1 -1 -1 -1 -1 -1 -1 -1 -1 -1 -1 -1 -1 -1 -1 -1 -1 -1 -1 -1
108 -1 -1 -1 -1 -1 -1 -1 -1 -1 -1 -1 -1 -1 -1 -1 -1 -1 -1 -1 -1
109 -1 -1 -1 -1 -1 -1 -1 -1 -1 -1 -1 -1 -1 -1 -1 -1 -1 -1 -1 -1
110 -1 -1 -1 -1 -1 -1 -1 -1 -1 -1 -1 -1 -1 -1 -1 -1 -1 -1 -1 -1
111 -1 -1 -1 -1 -1 -1 -1 -1 -1 -1 -1 -1 -1 -1 -1 -1 -1 -1 -1 -1
112 -1 -1 -1 -1 -1 -1 -1 -1 -1 -1 -1 -1 -1 -1 -1 -1 -1 -1 -1 -1
113 -1 -1 -1 -1 -1 -1 -1 -1 -1 -1 -1 -1 -1 -1 -1 -1 -1 -1 -1 -1
114 -1 -1 -1 -1 -1 -1 -1 -1 -1 -1 -1 -1 -1 -1 -1 -1 -1 -1 -1 -1
115 -1 -1 -1 -1 -1 -1 -1 -1 -1 -1 -1 -1 -1 -1 -1 -1 -1 -1 -1 -1
116 -1 -1 -1 -1 -1 -1 -1 -1 -1 -1 -1 -1 -1 -1 -1 -1 -1 -1 -1 -1
117 -1 -1 -1 -1 -1 -1 -1 -1 -1 -1 -1 -1 -1 -1 -1 -1 -1 -1 -1 -1
118 -1 -1 -1 -1 -1 -1 -1 -1 -1 -1 -1 -1 -1 -1 -1 -1 -1 -1 -1 -1
119 -1 -1 -1 -1 -1 -1 -1 -1 -1 -1 -1 -1 -1 -1 -1 -1 -1 -1 -1 -1
120 -1 -1 -1 -1 -1 -1 -1 -1 -1 -1 -1 -1 -1 -1 -1 -1 -1 -1 -1 -1
121 -1 -1 -1 -1 -1 -1 -1 -1 -1 -1 -1 -1 -1 -1 -1 -1 -1 -1 -1 -1
122 -1 -1 -1 -1 -1 -1 -1 -1 -1 -1 -1 -1 -1 -1 -1 -1 -1 -1 -1 -1
123 -1 -1 -1 -1 -1 -1 -1 -1 -1 -1 -1 -1 -1 -1 -1 -1 -1 -1 -1 -1
124 -1 -1 -1 -1 -1 -1 -1 -1 -1 -1 -1 -1 -1 -1 -1 -1 -1 -1 -1 -1
125 -1 -1 -1 -1 -1 -1 -1 -1 -1 -1 -1 -1 -1 -1 -1 -1 -1 -1 -1 -1
126 -1 -1 -1 -1 -1 -1 -1 -1 -1 -1 -1 -1 -1 -1 -1 -1 -1 -1 -1 -1
127 -1 -1 -1 -1 -1 -1 -1 -1 -1 -1 -1 -1 -1 -1 -1 -1 -1 -1 -1 -1
128 -1 -1 -1 -1 -1 -1 -1 -1 -1 -1 -1 -1 -1 -1 -1 -1 -1 -1 -1 -1
129 -1 -1 -1 -1 -1 -1 -1 -1 -1 -1 -1 -1 -1 -1 -1 -1 -1 -1 -1 -1
130 -1 -1 -1 -1 -1 -1 -1 -1 -1 -1 -1 -1 -1 -1 -1 -1 -1 -1 -1 -1
131 -1 -1 -1 -1 -1 -1 -1 -1 -1 -1 -1 -1 -1 -1 -1 -1 -1 -1 -1 -1
132 -1 -1 -1 -1 -1 -1 -1 -1 -1 -1 -1 -1 -1 -1 -1 -1 -1 -1 -1 -1
133 -1 -1 -1 -1 -1 -1 -1 -1 -1 -1 -1 -1 -1 -1 -1 -1 -1 -1 -1 -1
134 -1 -1 -1 -1 -1 -1 -1 -1 -1 -1 -1 -1 -1 -1 -1 -1 -1 -1 -1 -1
135 -1 -1 -1 -1 -1 -1 -1 -1 -1 -1 -1 -1 -1 -1 -1 -1 -1 -1 -1 -1
136 -1 -1 -1 -1 -1 -1 -1 -1 -1 -1 -1 -1 -1 -1 -1 -1 -1 -1 -1 -1
137 -1 -1 -1 -1 -1 -1 -1 -1 -1 -1 -1 -1 -1 -1 -1 -1 -1 -1 -1 -1
138 -1 -1 -1 -1 -1 -1 -1 -1 -1 -1 -1 -1 -1 -1 -1 -1 -1 -1 -1 -1
139 -1 -1 -1 -1 -1 -1 -1 -1 -1 -1 -1 -1 -1 -1 -1 -1 -1 -1 -1 -1
140 -1 -1 -1 -1 -1 -1 -1 -1 -1 -1 -1 -1 -1 -1 -1 -1 -1 -1 -1 -1
141 -1 -1 -1 -1 -1 -1 -1 -1 -1 -1 -1 -1 -1 -1 -1 -1 -1 -1 -1 -1
142 -1 -1 -1 -1 -1 -1 -1 -1 -1 -1 -1 -1 -1 -1 -1 -1 -1 -1 -1 -1
143 -1 -1 -1 -1 -1 -1 -1 -1 -1 -1 -1 -1 -1 -1 -1 -1 -1 -1 -1 -1
144 -1 -1 -1 -1 -1 -1 -1 -1 -1 -1 -1 -1 -1 -1 -1 -1 -1 -1 -1 -1
145 -1 -1 -1 -1 -1 -1 -1 -1 -1 -1 -1 -1 -1 -1 -1 -1 -1 -1 -1 -1
146 -1 -1 -1 -1 -1 -1 -1 -1 -1 -1 -1 -1 -1 -1 -1 -1 -1 -1 -1 -1
147 -1 -1 -1 -1 -1 -1 -1 -1 -1 -1 -1 -1 -1 -1 -1 -1 -1 -1 -1 -1
148 -1 -1 -1 -1 -1 -1 -1 -1 -1 -1 -1 -1 -1 -1 -1 -1 -1 -1 -1 -1
149 -1 -1 -1 -1 -1 -1 -1 -1 -1 -1 -1 -1 -1 -1 -1 -1 -1 -1 -1 -1
150 -1 -1 -1 -1 -1 -1 -1 -1 -1 -1 -1 -1 -1 -1 -1 -1 -1 -1 -1 -1
151 -1 -1 -1 -1 -1 -1 -1 -1 -1 -1 -1 -1 -1 -1 -1 -1 -1 -1 -1 -1
152 -1 -1 -1 -1 -1 -1 -1 -1 -1 -1 -1 -1 -1 -1 -1 -1 -1 -1 -1 -1
153 -1 -1 -1 -1 -1 -1 -1 -1 -1 -1 -1 -1 -1 -1 -1 -1 -1 -1 -1 -1
154 -1 -1 -1 -1 -1 -1 -1 -1 -1 -1 -1 -1 -1 -1 -1 -1 -1 -1 -1 -1
155 -1 -1 -1 -1 -1 -1 -1 -1 -1 -1 -1 -1 -1 -1 -1 -1 -1 -1 -1 -1
156 -1 -1 -1 -1 -1 -1 -1 -1 -1 -1 -1 -1 -1 -1 -1 -1 -1 -1 -1 -1
157 -1 -1 -1 -1 -1 -1 -1 -1 -1 -1 -1 -1 -1 -1 -1 -1 -1 -1 -1 -1
158 -1 -1 -1 -1 -1 -1 -1 -1 -1 -1 -1 -1 -1 -1 -1 -1 -1 -1 -1 -1
159 -1 -1 -1 -1 -1 -1 -1 -1 -1 -1 -1 -1 -1 -1 -1 -1 -1 -1 -1 -1
160 -1 -1 -1 -1 -1 -1 -1 -1 -1 -1 -1 -1 -1 -1 -1 -1 -1 -1 -1 -1
161 -1 -1 -1 -1 -1 -1 -1 -1 -1 -1 -1 -1 -1 -1 -1 -1 -1 -1 -1 -1
162 -1 -1 -1 -1 -1 -1 -1 -1 -1 -1 -1 -1 -1 -1 -1 -1 -1 -1 -1 -1
163 -1 -1 -1 -1 -1 -1 -1 -1 -1 -1 -1 -1 -1 -1 -1 -1 -1 -1 -1 -1
164 -1 -1 -1 -1 -1 -1 -1 -1 -1 -1 -1 -1 -1 -1 -1 -1 -1 -1 -1 -1
165 -1 -1 -1 -1 -1 -1 -1 -1 -1 -1 -1 -1 -1 -1 -1 -1 -1 -1 -1 -1
166 -1 -1 -1 -1 -1 -1 -1 -1 -1 -1 -1 -1 -1 -1 -1 -1 -1 -1 -1 -1
167 -1 -1 -1 -1 -1 -1 -1 -1 -1 -1 -1 -1 -1 -1 -1 -1 -1 -1 -1 -1
168 -1 -1 -1 -1 -1 -1 -1 -1 -1 -1 -1 -1 -1 -1 -1 -1 -1 -1 -1 -1
169 -1 -1 -1 -1 -1 -1 -1 -1 -1 -1 -1 -1 -1 -1 -1 -1 -1 -1 -1 -1
170 -1 -1 -1 -1 -1 -1 -1 -1 -1 -1 -1 -1 -1 -1 -1 -1 -1 -1 -1 -1
171 -1 -1 -1 -1 -1 -1 -1 -1 -1 -1 -1 -1 -1 -1 -1 -1 -1 -1 -1 -1
172 -1 -1 -1 -1 -1 -1 -1 -1 -1 -1 -1 -1 -1 -1 -1 -1 -1 -1 -1 -1
173 -1 -1 -1 -1 -1 -1 -1 -1 -1 -1 -1 -1 -1 -1 -1 -1 -1 -1 -1 -1
174 -1 -1 -1 -1 -1 -1 -1 -1 -1 -1 -1 -1 -1 -1 -1 -1 -1 -1 -1 -1
