297
328
0 -1 -1 -1 -1 -1 -1 -1 -1 -1 -1 -1 -1 -1 -1 -1 -1 -1 -1 -1 -1
1 -1 -1 -1 -1 -1 -1 -1 -1 -1 -1 -1 -1 -1 -1 -1 -1 -1 -1 -1 -1
2 -1 -1 -1 -1 -1 -1 -1 -1 -1 -1 -1 -1 -1 -1 -1 -1 -1 -1 -1 -1
3 -1 -1 -1 -1 -1 -1 -1 -1 -1 -1 -1 -1 -1 -1 -1 -1 -1 -1 -1 -1
4 -1 -1 -1 -1 -1 -1 -1 -1 -1 -1 -1 -1 -1 -1 -1 -1 -1 -1 -1 -1
5 -1 -1 -1 -1 -1 -1 -1 -1 -1 -1 -1 -1 -1 -1 -1 -1 -1 -1 -1 -1
6 -1 -1 -1 -1 -1 -1 -1 -1 -1 -1 -1 -1 -1 -1 -1 -1 -1 -1 -1 -1
7 -1 -1 -1 -1 -1 -1 -1 -1 -1 -1 -1 -1 -1 -1 -1 -1 -1 -1 -1 -1
8 -1 -1 -1 -1 -1 -1 -1 -1 -1 -1 -1 -1 -1 -1 -1 -1 -1 -1 -1 -1
9 -1 -1 -1 -1 -1 -1 -1 -1 -1 -1 -1 -1 -1 -1 -1 -1 -1 -1 -1 -1
10 -1 -1 -1 -1 -1 -1 -1 -1 -1 -1 -1 -1 -1 -1 -1 -1 -1 -1 -1 -1
11 -1 -1 -1 -1 -1 -1 -1 -1 -1 -1 -1 -1 -1 -1 -1 -1 -1 -1 -1 -1
12 -1 -1 -1 -1 -1 -1 -1 -1 -1 -1 -1 -1 -1 -1 -1 -1 -1 -1 -1 -1
13 -1 -1 -1 -1 -1 -1 -1 -1 -1 -1 -1 -1 -1 -1 -1 -1 -1 -1 -1 -1
14 -1 -1 -1 -1 -1 -1 -1 -1 -1 -1 -1 -1 -1 -1 -1 -1 -1 -1 -1 -1
15 -1 -1 -1 -1 -1 -1 -1 -1 -1 -1 -1 -1 -1 -1 -1 -1 -1 -1 -1 -1
16 -1 -1 -1 -1 -1 -1 -1 -1 -1 -1 -1 -1 -1 -1 -1 -1 -1 -1 -1 -1
17 -1 -1 -1 -1 -1 -1 -1 -1 -1 -1 -1 -1 -1 -1 -1 -1 -1 -1 -1 -1
18 -1 -1 -1 -1 -1 -1 -1 -1 -1 -1 -1 -1 -1 -1 -1 -1 -1 -1 -1 -1
19 -1 -1 -1 -1 -1 -1 -1 -1 -1 -1 -1 -1 -1 -1 -1 -1 -1 -1 -1 -1
20 -1 -1 -1 -1 -1 -1 -1 -1 -1 -1 -1 -1 -1 -1 -1 -1 -1 -1 -1 -1
21 -1 -1 -1 -1 -1 -1 -1 -1 -1 -1 -1 -1 -1 -1 -1 -1 -1 -1 -1 -1
22 -1 -1 -1 -1 -1 -1 -1 -1 -1 -1 -1 -1 -1 -1 -1 -1 -1 -1 -1 -1
23 -1 -1 -1 -1 -1 -1 -1 -1 -1 -1 -1 -1 -1 -1 -1 -1 -1 -1 -1 -1
24 -1 -1 -1 -1 -1 -1 -1 -1 -1 -1 -1 -1 -1 -1 -1 -1 -1 -1 -1 -1
25 -1 -1 -1 -1 -1 -1 -1 -1 -1 -1 -1 -1 -1 -1 -1 -1 -1 -1 -1 -1
26 -1 -1 -1 -1 -1 -1 -1 -1 -1 -1 -1 -1 -1 -1 -1 -1 -1 -1 -1 -1
27 -1 -1 -1 -1 -1 -1 -1 -1 -1 -1 -1 -1 -1 -1 -1 -1 -1 -1 -1 -1
28 -1 -1 -1 -1 -1 -1 -1 -1 -1 -1 -1 -1 -1 -1 -1 -1 -1 -1 -1 -1
29 -1 -1 -1 -1 -1 -1 -1 -1 -1 -1 -1 -1 -1 -1 -1 -1 -1 -1 -1 -1
30 -1 -1 -1 -1 -1 -1 -1 -1 -1 -1 -1 -1 -1 -1 -1 -1 -1 -1 -1 -1
31 -1 -1 -1 -1 -1 -1 -1 -1 -1 -1 -1 -1 -1 -1 -1 -1 -1 -1 -1 -1
32 -1 -1 -1 -1 -1 -1 -1 -1 -1 -1 -1 -1 -1 -1 -1 -1 -1 -1 -1 -1
33 -1 -1 -1 -1 -1 -1 -1 -1 -1 -1 -1 -1 -1 -1 -1 -1 -1 -1 -1 -1
34 -1 -1 -1 -1 -1 -1 -1 -1 -1 -1 -1 -1 -1 -1 -1 -1 -1 -1 -1 -1
35 -1 -1 -1 -1 -1 -1 -1 -1 -1 -1 -1 -1 -1 -1 -1 -1 -1 -1 -1 -1
36 -1 -1 -1 -1 -1 -1 -1 -1 -1 -1 -1 -1 -1 -1 -1 -1 -1 -1 -1 -1
37 -1 -1 -1 -1 -1 -1 -1 -1 -1 -1 -1 -1 -1 -1 -1 -1 -1 -1 -1 -1
38 -1 -1 -1 -1 -1 -1 -1 -1 -1 -1 -1 -1 -1 -1 -1 -1 -1 -1 -1 -1
39 -1 -1 -1 -1 -1 -1 -1 -1 -1 -1 -1 -1 -1 -1 -1 -1 -1 -1 -1 -1
40 -1 -1 -1 -1 -1 -1 -1 -1 -1 -1 -1 -1 -1 -1 -1 -1 -1 -1 -1 -1
41 -1 -1 -1 -1 -1 -1 -1 -1 -1 -1 -1 -1 -1 -1 -1 -1 -1 -1 -1 -1
42 -1 -1 -1 -1 -1 -1 -1 -1 -1 -1 -1 -1 -1 -1 -1 -1 -1 -1 -1 -1
43 -1 -1 -1 -1 -1 -1 -1 -1 -1 -1 -1 -1 -1 -1 -1 -1 -1 -1 -1 -1
44 -1 -1 -1 -1 -1 -1 -1 -1 -1 -1 -1 -1 -1 -1 -1 -1 -1 -1 -1 -1
45 -1 -1 -1 -1 -1 -1 -1 -1 -1 -1 -1 -1 -1 -1 -1 -1 -1 -1 -1 -1
46 -1 -1 -1 -1 -1 -1 -1 -1 -1 -1 -1 -1 -1 -1 -1 -1 -1 -1 -1 -1
47 -1 -1 -1 -1 -1 -1 -1 -1 -1 -1 -1 -1 -1 -1 -1 -1 -1 -1 -1 -1
48 -1 -1 -1 -1 -1 -1 -1 -1 -1 -1 -1 -1 -1 -1 -1 -1 -1 -1 -1 -1
49 -1 -1 -1 -1 -1 -1 -1 -1 -1 -1 -1 -1 -1 -1 -1 -1 -1 -1 -1 -1
50 -1 -1 -1 -1 -1 -1 -1 -1 -1 -1 -1 -1 -1 -1 -1 -1 -1 -1 -1 -1
51 -1 -1 -1 -1 -1 -1 -1 -1 -1 -1 -1 -1 -1 -1 -1 -1 -1 -1 -1 -1
52 -1 -1 -1 -1 -1 -1 -1 -1 -1 -1 -1 -1 -1 -1 -1 -1 -1 -1 -1 -1
53 -1 -1 -1 -1 -1 -1 -1 -1 -1 -1 -1 -1 -1 -1 -1 -1 -1 -1 -1 -1
54 -1 -1 -1 -1 -1 -1 -1 -1 -1 -1 -1 -1 -1 -1 -1 -1 -1 -1 -1 -1
55 -1 -1 -1 -1 -1 -1 -1 -1 -1 -1 -1 -1 -1 -1 -1 -1 -1 -1 -1 -1
56 -1 -1 -1 -1 -1 -1 -1 -1 -1 -1 -1 -1 -1 -1 -1 -1 -1 -1 -1 -1
57 -1 -1 -1 -1 -1 -1 -1 -1 -1 -1 -1 -1 -1 -1 -1 -1 -1 -1 -1 -1
58 -1 -1 -1 -1 -1 -1 -1 -1 -1 -1 -1 -1 -1 -1 -1 -1 -1 -1 -1 -1
59 -1 -1 -1 -1 -1 -1 -1 -1 -1 -1 -1 -1 -1 -1 -1 -1 -1 -1 -1 -1
60 -1 -1 -1 -1 -1 -1 -1 -1 -1 -1 -1 -1 -1 -1 -1 -1 -1 -1 -1 -1
61 0.701244 0.397073 0.684083 0.650987 0.652088 0.646138 0.716079 0.655837 0.652088 0.646138 0.644370 0.786149 0.637604 0.931620 0.716079 0.655837 0.717703 0.782487 0.705046 0.929183
62 0.706980 0.394687 0.687209 0.650224 0.655397 0.645005 0.719020 0.655442 0.655397 0.645005 0.647076 0.787221 0.636139 0.936760 0.719020 0.655442 0.718598 0.778193 0.719880 0.913284
63 0.713953 0.394661 0.690717 0.647214 0.659007 0.641677 0.722426 0.652751 0.659007 0.641677 0.648649 0.786767 0.636067 0.937410 0.722426 0.652751 0.721129 0.774429 0.729587 0.903311
64 0.721925 0.395046 0.695596 0.643537 0.663740 0.637827 0.727451 0.649246 0.663740 0.637827 0.650948 0.785851 0.635380 0.937821 0.727451 0.649246 0.727531 0.771165 0.735577 0.899393
65 0.730308 0.394910 0.703413 0.641815 0.670217 0.636306 0.736609 0.647325 0.670217 0.636306 0.654055 0.779140 0.635766 0.930728 0.736609 0.647325 0.733894 0.765916 0.735616 0.897838
66 0.737840 0.393752 0.710555 0.636666 0.677053 0.630625 0.744058 0.642706 0.677053 0.630625 0.658676 0.767232 0.636491 0.923696 0.744058 0.642706 0.740681 0.762131 0.734035 0.898264
67 0.744040 0.393159 0.718386 0.633132 0.685376 0.626222 0.751395 0.640042 0.685376 0.626222 0.664821 0.760018 0.638684 0.918967 0.751395 0.640042 0.743763 0.766751 0.732545 0.896228
68 0.750242 0.392596 0.723686 0.629024 0.691554 0.621337 0.755818 0.636710 0.691554 0.621337 0.672040 0.745114 0.645036 0.905578 0.755818 0.636710 0.747482 0.760428 0.732882 0.896635
69 0.754149 0.390731 0.727177 0.625517 0.695628 0.618892 0.758726 0.632141 0.695628 0.618892 0.678680 0.738185 0.653167 0.893695 0.758726 0.632141 0.751105 0.750129 0.733302 0.891583
70 0.759098 0.385956 0.731530 0.623549 0.700828 0.617129 0.762232 0.629970 0.700828 0.617129 0.684990 0.732308 0.662991 0.882368 0.762232 0.629970 0.750570 0.748998 0.733505 0.886914
71 0.763825 0.381382 0.734398 0.619202 0.704105 0.612306 0.764691 0.626098 0.704105 0.612306 0.690388 0.728512 0.668806 0.880086 0.764691 0.626098 0.750964 0.747312 0.733712 0.887399
72 0.767610 0.379133 0.736064 0.617897 0.705809 0.610982 0.766320 0.624813 0.705809 0.610982 0.693866 0.727896 0.673425 0.877851 0.766320 0.624813 0.751219 0.744628 0.734845 0.888425
73 0.770743 0.376075 0.738189 0.612488 0.707678 0.604452 0.768701 0.620524 0.707678 0.604452 0.698245 0.724461 0.682755 0.866088 0.768701 0.620524 0.752313 0.742216 0.734484 0.887257
74 0.772876 0.374032 0.740359 0.607769 0.709902 0.599727 0.770817 0.615810 0.709902 0.599727 0.703952 0.723282 0.690836 0.859489 0.770817 0.615810 0.753438 0.739782 0.733947 0.888032
75 0.773626 0.372916 0.742484 0.605816 0.712787 0.598284 0.772180 0.613347 0.712787 0.598284 0.707310 0.718494 0.690583 0.848004 0.772180 0.613347 0.754497 0.737933 0.733307 0.887295
76 0.773709 0.372026 0.745332 0.605051 0.716573 0.598448 0.774092 0.611654 0.716573 0.598448 0.708675 0.718280 0.690552 0.847706 0.774092 0.611654 0.755390 0.739023 0.734383 0.886989
77 0.773637 0.371075 0.746928 0.601451 0.718967 0.595462 0.774888 0.607440 0.718967 0.595462 0.710917 0.715855 0.693239 0.837442 0.774888 0.607440 0.756684 0.738426 0.734732 0.885833
78 0.773851 0.370225 0.748059 0.597667 0.720452 0.591646 0.775666 0.603688 0.720452 0.591646 0.713403 0.712530 0.697460 0.828262 0.775666 0.603688 0.758440 0.737050 0.736071 0.884184
79 0.773678 0.369103 0.748511 0.594804 0.721268 0.589111 0.775754 0.600497 0.721268 0.589111 0.715126 0.710471 0.697360 0.822198 0.775754 0.600497 0.760345 0.735431 0.736183 0.883629
80 0.773049 0.367609 0.748565 0.592749 0.721376 0.587116 0.775755 0.598382 0.721376 0.587116 0.716620 0.705047 0.695760 0.798351 0.775755 0.598382 0.761510 0.733116 0.735916 0.883110
81 0.772410 0.366454 0.747812 0.590700 0.720559 0.585213 0.775066 0.596188 0.720559 0.585213 0.717407 0.702674 0.697150 0.791980 0.775066 0.596188 0.762298 0.732173 0.735726 0.883189
82 0.771823 0.364728 0.747435 0.587459 0.720151 0.582641 0.774719 0.592277 0.720151 0.582641 0.718235 0.702431 0.698737 0.805259 0.774719 0.592277 0.763933 0.727656 0.737000 0.877326
83 0.769676 0.361060 0.747332 0.581876 0.719829 0.577675 0.774834 0.586076 0.719829 0.577675 0.716980 0.696953 0.703214 0.805553 0.774834 0.586076 0.767765 0.718729 0.741477 0.872644
84 0.766421 0.357447 0.747703 0.574514 0.720084 0.571593 0.775321 0.577435 0.720084 0.571593 0.717589 0.691820 0.709993 0.799189 0.775321 0.577435 0.772689 0.709086 0.745355 0.862913
85 0.763036 0.353529 0.747533 0.565185 0.719804 0.562998 0.775262 0.567372 0.719804 0.562998 0.717442 0.684824 0.711820 0.798573 0.775262 0.567372 0.775259 0.696357 0.747456 0.838817
86 0.759812 0.347601 0.747307 0.559240 0.719514 0.557902 0.775100 0.560578 0.719514 0.557902 0.716920 0.681887 0.713577 0.798432 0.775100 0.560578 0.774728 0.689429 0.748317 0.823776
87 0.757887 0.342722 0.747219 0.552442 0.719312 0.551506 0.775127 0.553378 0.719312 0.551506 0.716545 0.673908 0.714847 0.792275 0.775127 0.553378 0.774988 0.673692 0.751048 0.801010
88 0.756080 0.337816 0.747145 0.545149 0.719174 0.544980 0.775115 0.545319 0.719174 0.544980 0.716553 0.667724 0.716041 0.786933 0.775115 0.545319 0.774420 0.662911 0.752946 0.784336
89 0.755062 0.335614 0.747138 0.541791 0.719166 0.541050 0.775111 0.542532 0.719166 0.541050 0.717168 0.664636 0.717390 0.786670 0.775111 0.542532 0.773688 0.657596 0.753060 0.782389
90 0.754250 0.332415 0.746991 0.538615 0.719096 0.538710 0.774885 0.538519 0.719096 0.538710 0.717678 0.662332 0.716495 0.785017 0.774885 0.538519 0.773505 0.655349 0.752615 0.780240
91 0.754042 0.330384 0.746443 0.536244 0.719045 0.536418 0.773842 0.536071 0.719045 0.536418 0.717626 0.660582 0.715290 0.781114 0.773842 0.536071 0.770162 0.651049 0.751915 0.770396
92 0.754184 0.329450 0.745606 0.533450 0.718914 0.533129 0.772298 0.533772 0.718914 0.533129 0.717498 0.659874 0.714785 0.776161 0.772298 0.533772 0.766330 0.648871 0.751734 0.763516
93 0.754315 0.328479 0.744792 0.531245 0.718748 0.530622 0.770836 0.531869 0.718748 0.530622 0.717367 0.659707 0.714461 0.777019 0.770836 0.531869 0.763617 0.647607 0.751309 0.756280
94 0.754417 0.327669 0.744047 0.526420 0.718386 0.524916 0.769709 0.527924 0.718386 0.524916 0.717163 0.656357 0.714397 0.774730 0.769709 0.527924 0.759659 0.643386 0.748517 0.750903
95 0.755082 0.327215 0.743814 0.521794 0.718364 0.520158 0.769265 0.523430 0.718364 0.520158 0.717066 0.650491 0.714731 0.770035 0.769265 0.523430 0.757033 0.638491 0.745319 0.745242
96 0.756112 0.326099 0.743727 0.516834 0.718344 0.515429 0.769110 0.518238 0.718344 0.515429 0.717000 0.646294 0.714666 0.770170 0.769110 0.518238 0.755057 0.634358 0.741393 0.745411
97 0.757287 0.325993 0.743780 0.514937 0.718445 0.513766 0.769115 0.516108 0.718445 0.513766 0.716937 0.642698 0.714475 0.769038 0.769115 0.516108 0.755346 0.631051 0.740677 0.742214
98 0.759122 0.324587 0.744354 0.512334 0.719495 0.511095 0.769214 0.513573 0.719495 0.511095 0.716059 0.639649 0.713687 0.767768 0.769214 0.513573 0.756108 0.629308 0.740986 0.739203
99 0.760786 0.323045 0.744843 0.513341 0.720445 0.512205 0.769241 0.514477 0.720445 0.512205 0.714033 0.640240 0.713593 0.768514 0.769241 0.514477 0.756584 0.627683 0.741195 0.737174
100 0.762034 0.320506 0.745455 0.511816 0.720830 0.510017 0.770079 0.513615 0.720830 0.510017 0.710899 0.627768 0.713867 0.757623 0.770079 0.513615 0.756753 0.622420 0.740986 0.730992
101 0.762306 0.316844 0.746352 0.508470 0.721143 0.506184 0.771561 0.510756 0.721143 0.506184 0.709630 0.608358 0.718516 0.725559 0.771561 0.510756 0.757959 0.614657 0.741986 0.719379
102 0.762510 0.312873 0.746423 0.504605 0.721221 0.501901 0.771625 0.507309 0.721221 0.501901 0.708959 0.600599 0.723762 0.709422 0.771625 0.507309 0.759636 0.610308 0.744597 0.714355
103 0.762535 0.310230 0.746450 0.500446 0.721277 0.498163 0.771624 0.502728 0.721277 0.498163 0.708488 0.596305 0.727717 0.703152 0.771624 0.502728 0.759784 0.604775 0.746184 0.708109
104 0.762371 0.306543 0.746281 0.496395 0.721378 0.494509 0.771183 0.498281 0.721378 0.494509 0.707401 0.591220 0.728436 0.699745 0.771183 0.498281 0.759820 0.599000 0.747388 0.702237
105 0.761561 0.304065 0.745156 0.493018 0.720716 0.492031 0.769596 0.494005 0.720716 0.492031 0.705927 0.587724 0.727654 0.694200 0.769596 0.494005 0.759831 0.598470 0.748081 0.702884
106 0.761024 0.304576 0.742532 0.491992 0.717034 0.490280 0.768029 0.493704 0.717034 0.490280 0.703113 0.586605 0.716634 0.696299 0.768029 0.493704 0.757465 0.600109 0.747934 0.705948
107 0.759043 0.304634 0.739983 0.490508 0.714516 0.488294 0.765451 0.492721 0.714516 0.488294 0.701159 0.584624 0.709052 0.692828 0.765451 0.492721 0.755206 0.601075 0.746265 0.708364
108 0.755519 0.303251 0.736485 0.488250 0.711348 0.485737 0.761621 0.490763 0.711348 0.485737 0.697800 0.578463 0.690689 0.682500 0.761621 0.490763 0.753847 0.599685 0.744102 0.709924
109 0.750651 0.302413 0.733644 0.486667 0.708770 0.483714 0.758518 0.489621 0.708770 0.483714 0.691136 0.580381 0.669229 0.688165 0.758518 0.489621 0.752394 0.600425 0.743889 0.710844
110 0.745278 0.301306 0.730862 0.484792 0.706584 0.481771 0.755141 0.487813 0.706584 0.481771 0.686801 0.575145 0.659407 0.680260 0.755141 0.487813 0.752378 0.600258 0.743685 0.715258
111 0.740083 0.300536 0.727664 0.482702 0.703275 0.479472 0.752054 0.485932 0.703275 0.479472 0.683158 0.570505 0.653618 0.666973 0.752054 0.485932 0.750900 0.598100 0.743704 0.715964
112 0.733531 0.298959 0.723311 0.480275 0.698809 0.477427 0.747813 0.483122 0.698809 0.477427 0.679355 0.566741 0.650275 0.661983 0.747813 0.483122 0.748145 0.592976 0.743650 0.713852
113 0.728499 0.297312 0.719051 0.476836 0.694282 0.473810 0.743820 0.479861 0.694282 0.473810 0.677764 0.560138 0.650207 0.657395 0.743820 0.479861 0.743766 0.587202 0.743662 0.708841
114 0.722884 0.294197 0.714388 0.471074 0.689508 0.468033 0.739268 0.474115 0.689508 0.468033 0.674652 0.556281 0.651394 0.652408 0.739268 0.474115 0.738348 0.580783 0.743191 0.704273
115 0.717815 0.291927 0.709660 0.466188 0.685409 0.463678 0.733910 0.468699 0.685409 0.463678 0.671287 0.555100 0.652185 0.650143 0.733910 0.468699 0.732962 0.574007 0.740915 0.689871
116 0.713139 0.288503 0.705750 0.460216 0.681790 0.458297 0.729710 0.462134 0.681790 0.458297 0.669635 0.552801 0.654116 0.651866 0.729710 0.462134 0.726382 0.566896 0.736369 0.675207
117 0.708250 0.283813 0.702563 0.453599 0.679140 0.452090 0.725987 0.455108 0.679140 0.452090 0.667464 0.548282 0.655423 0.650938 0.725987 0.455108 0.720195 0.558313 0.727972 0.666964
118 0.704547 0.278868 0.699845 0.446329 0.676960 0.445013 0.722729 0.447645 0.676960 0.445013 0.666328 0.543479 0.656358 0.649408 0.722729 0.447645 0.714734 0.547556 0.716920 0.658784
119 0.701811 0.276301 0.697648 0.442366 0.675274 0.441220 0.720021 0.443511 0.675274 0.441220 0.664919 0.539632 0.657218 0.648096 0.720021 0.443511 0.709917 0.540961 0.707245 0.647420
120 0.699173 0.273844 0.695060 0.438720 0.673437 0.437510 0.716684 0.439930 0.673437 0.437510 0.664128 0.533764 0.657891 0.641577 0.716684 0.439930 0.706494 0.533684 0.696090 0.637526
121 0.696531 0.272348 0.691957 0.435600 0.671248 0.434780 0.712666 0.436420 0.671248 0.434780 0.663639 0.534160 0.658418 0.641692 0.712666 0.436420 0.699122 0.537372 0.689072 0.640834
122 0.694353 0.270960 0.688510 0.434991 0.669645 0.434227 0.707374 0.435754 0.669645 0.434227 0.661689 0.537560 0.658455 0.644363 0.707374 0.435754 0.690736 0.540296 0.679521 0.645032
123 0.692471 0.269070 0.686155 0.430362 0.668024 0.429424 0.704287 0.431301 0.668024 0.429424 0.661399 0.535841 0.657755 0.645835 0.704287 0.431301 0.685329 0.537036 0.670336 0.643901
124 0.691734 0.267933 0.684537 0.428438 0.666523 0.427277 0.702552 0.429599 0.666523 0.427277 0.660731 0.533585 0.656953 0.645213 0.702552 0.429599 0.682301 0.531840 0.667762 0.631367
125 0.690621 0.267640 0.682784 0.428096 0.665381 0.426557 0.700186 0.429636 0.665381 0.426557 0.660943 0.533856 0.657164 0.645241 0.700186 0.429636 0.678878 0.532486 0.666751 0.629340
126 0.690803 0.267120 0.682667 0.426401 0.664937 0.424515 0.700397 0.428287 0.664937 0.424515 0.660030 0.533372 0.657227 0.645847 0.700397 0.428287 0.677471 0.528651 0.667888 0.620372
127 0.691181 0.266924 0.682164 0.424711 0.664522 0.422764 0.699805 0.426658 0.664522 0.422764 0.658212 0.530219 0.657001 0.645727 0.699805 0.426658 0.677805 0.521096 0.669284 0.606202
128 0.691130 0.266848 0.681277 0.424612 0.663573 0.422855 0.698981 0.426369 0.663573 0.422855 0.653975 0.528431 0.656562 0.645245 0.698981 0.426369 0.676472 0.518447 0.669526 0.604297
129 0.691331 0.265896 0.680556 0.422209 0.662568 0.419958 0.698545 0.424460 0.662568 0.419958 0.648666 0.522908 0.655803 0.640876 0.698545 0.424460 0.677834 0.512702 0.670258 0.600038
130 0.691559 0.265209 0.678539 0.422770 0.659798 0.420223 0.697280 0.425316 0.659798 0.420223 0.643936 0.516331 0.655900 0.626031 0.697280 0.425316 0.678674 0.509755 0.666652 0.599272
131 0.691869 0.264716 0.677297 0.422220 0.657847 0.418944 0.696747 0.425497 0.657847 0.418944 0.641991 0.506573 0.654996 0.609417 0.696747 0.425497 0.679387 0.508462 0.665154 0.597544
132 0.692035 0.263633 0.676350 0.419360 0.656142 0.415460 0.696558 0.423260 0.656142 0.415460 0.641202 0.500271 0.652169 0.601093 0.696558 0.423260 0.679790 0.506344 0.665396 0.595262
133 0.692061 0.261948 0.675565 0.417596 0.655000 0.413477 0.696130 0.421714 0.655000 0.413477 0.640033 0.501158 0.647622 0.603127 0.696130 0.421714 0.678871 0.508798 0.664045 0.599914
134 0.692097 0.259100 0.675398 0.415491 0.654923 0.411579 0.695872 0.419404 0.654923 0.411579 0.639608 0.500563 0.641802 0.601388 0.695872 0.419404 0.679120 0.509714 0.663217 0.602211
135 0.692044 0.257508 0.675207 0.412746 0.654807 0.408788 0.695608 0.416703 0.654807 0.408788 0.639089 0.499408 0.635285 0.599255 0.695608 0.416703 0.679241 0.507710 0.660885 0.602215
136 0.691750 0.255412 0.674704 0.410243 0.654678 0.406643 0.694730 0.413843 0.654678 0.406643 0.638142 0.500581 0.629368 0.599479 0.694730 0.413843 0.679324 0.508053 0.659865 0.602769
137 0.691065 0.254687 0.673219 0.407104 0.653414 0.403491 0.693025 0.410716 0.653414 0.403491 0.638255 0.500539 0.627340 0.597593 0.693025 0.410716 0.679388 0.507787 0.659574 0.602116
138 0.689945 0.254135 0.672221 0.404926 0.652985 0.401133 0.691457 0.408719 0.652985 0.401133 0.638856 0.498539 0.626995 0.594100 0.691457 0.408719 0.679535 0.507297 0.659184 0.601041
139 0.688869 0.253959 0.671637 0.405442 0.653257 0.401598 0.690017 0.409286 0.653257 0.401598 0.639437 0.497357 0.626124 0.589390 0.690017 0.409286 0.679554 0.507933 0.659075 0.601262
140 0.687408 0.252359 0.670854 0.404442 0.653066 0.400522 0.688642 0.408363 0.653066 0.400522 0.639704 0.489963 0.627890 0.578480 0.688642 0.408363 0.679962 0.507999 0.659393 0.601314
141 0.686501 0.250084 0.670363 0.402846 0.652877 0.398854 0.687848 0.406839 0.652877 0.398854 0.640839 0.482386 0.629647 0.571522 0.687848 0.406839 0.680791 0.506405 0.659660 0.601453
142 0.685298 0.248019 0.669519 0.399729 0.652135 0.395579 0.686903 0.403880 0.652135 0.395579 0.642405 0.475269 0.629731 0.563198 0.686903 0.403880 0.681563 0.503214 0.659956 0.597390
143 0.684073 0.246216 0.667876 0.395836 0.650277 0.391458 0.685476 0.400214 0.650277 0.391458 0.644005 0.471286 0.629930 0.561099 0.685476 0.400214 0.681870 0.501409 0.660158 0.597612
144 0.681935 0.244479 0.666428 0.395476 0.649368 0.391161 0.683489 0.399791 0.649368 0.391161 0.647126 0.469602 0.630394 0.560421 0.683489 0.399791 0.681918 0.496791 0.660185 0.595820
145 0.680703 0.242932 0.665627 0.396379 0.649758 0.392380 0.681497 0.400379 0.649758 0.392380 0.650729 0.472423 0.633958 0.564349 0.681497 0.400379 0.681836 0.495957 0.659966 0.594729
146 0.679257 0.241151 0.664776 0.395533 0.649656 0.391981 0.679895 0.399084 0.649656 0.391981 0.651014 0.474929 0.635797 0.567728 0.679895 0.399084 0.680886 0.494949 0.659020 0.594033
147 0.677545 0.239577 0.663485 0.393537 0.649031 0.390091 0.677938 0.396983 0.649031 0.390091 0.650464 0.475144 0.635943 0.569552 0.677938 0.396983 0.678308 0.494075 0.655413 0.593780
148 0.676738 0.238114 0.662002 0.392215 0.647888 0.389237 0.676115 0.395193 0.647888 0.389237 0.649795 0.476106 0.636018 0.571972 0.676115 0.395193 0.675062 0.494115 0.653874 0.593764
149 0.676277 0.236630 0.660777 0.392204 0.647310 0.389358 0.674244 0.395050 0.647310 0.389358 0.648909 0.479171 0.636453 0.573197 0.674244 0.395050 0.672629 0.494584 0.650905 0.593977
150 0.675616 0.235601 0.660360 0.391273 0.647110 0.388915 0.673610 0.393631 0.647110 0.388915 0.648461 0.479513 0.636540 0.573537 0.673610 0.393631 0.670173 0.494676 0.649069 0.594067
151 0.674996 0.234647 0.659640 0.389469 0.646565 0.387667 0.672715 0.391271 0.646565 0.387667 0.648001 0.479700 0.636532 0.573778 0.672715 0.391271 0.667846 0.494553 0.647247 0.594252
152 0.674375 0.233679 0.658920 0.387869 0.645945 0.386585 0.671895 0.389152 0.645945 0.386585 0.647493 0.479554 0.636498 0.573002 0.671895 0.389152 0.666229 0.493475 0.646131 0.593802
153 0.673719 0.233353 0.658665 0.386748 0.645611 0.385908 0.671720 0.387588 0.645611 0.385908 0.647176 0.479323 0.636565 0.572440 0.671720 0.387588 0.664681 0.492196 0.644648 0.593591
154 0.673343 0.233170 0.658430 0.385332 0.645375 0.384946 0.671484 0.385718 0.645375 0.384946 0.647004 0.478841 0.636381 0.569949 0.671484 0.385718 0.662864 0.491223 0.642423 0.593941
155 0.672821 0.232865 0.658400 0.384808 0.645397 0.384773 0.671402 0.384843 0.645397 0.384773 0.646963 0.478786 0.636271 0.570317 0.671402 0.384843 0.662461 0.490305 0.641484 0.594009
156 0.672512 0.232716 0.658011 0.384685 0.645156 0.384540 0.670865 0.384831 0.645156 0.384540 0.646953 0.478823 0.636011 0.570582 0.670865 0.384831 0.662139 0.490638 0.641054 0.594548
157 0.671981 0.232688 0.657884 0.384812 0.645220 0.384711 0.670548 0.384913 0.645220 0.384711 0.646930 0.478902 0.635982 0.570674 0.670548 0.384913 0.661233 0.490776 0.640259 0.594574
158 0.671937 0.232645 0.657626 0.385007 0.645179 0.384744 0.670074 0.385269 0.645179 0.384744 0.646925 0.478925 0.634984 0.569759 0.670074 0.385269 0.660683 0.490961 0.639343 0.594822
159 0.671778 0.232527 0.657489 0.384960 0.645184 0.384708 0.669794 0.385212 0.645184 0.384708 0.646925 0.478771 0.635001 0.569966 0.669794 0.385212 0.660278 0.490963 0.638795 0.594845
160 0.671753 0.232385 0.657021 0.383352 0.644869 0.383064 0.669173 0.383640 0.644869 0.383064 0.645340 0.473426 0.635015 0.560917 0.669173 0.383640 0.660449 0.488868 0.638700 0.594108
161 -1 -1 -1 -1 -1 -1 -1 -1 -1 -1 -1 -1 -1 -1 -1 -1 -1 -1 -1 -1
162 -1 -1 -1 -1 -1 -1 -1 -1 -1 -1 -1 -1 -1 -1 -1 -1 -1 -1 -1 -1
163 -1 -1 -1 -1 -1 -1 -1 -1 -1 -1 -1 -1 -1 -1 -1 -1 -1 -1 -1 -1
164 -1 -1 -1 -1 -1 -1 -1 -1 -1 -1 -1 -1 -1 -1 -1 -1 -1 -1 -1 -1
165 -1 -1 -1 -1 -1 -1 -1 -1 -1 -1 -1 -1 -1 -1 -1 -1 -1 -1 -1 -1
166 -1 -1 -1 -1 -1 -1 -1 -1 -1 -1 -1 -1 -1 -1 -1 -1 -1 -1 -1 -1
167 -1 -1 -1 -1 -1 -1 -1 -1 -1 -1 -1 -1 -1 -1 -1 -1 -1 -1 -1 -1
168 -1 -1 -1 -1 -1 -1 -1 -1 -1 -1 -1 -1 -1 -1 -1 -1 -1 -1 -1 -1
169 -1 -1 -1 -1 -1 -1 -1 -1 -1 -1 -1 -1 -1 -1 -1 -1 -1 -1 -1 -1
170 -1 -1 -1 -1 -1 -1 -1 -1 -1 -1 -1 -1 -1 -1 -1 -1 -1 -1 -1 -1
171 -1 -1 -1 -1 -1 -1 -1 -1 -1 -1 -1 -1 -1 -1 -1 -1 -1 -1 -1 -1
172 -1 -1 -1 -1 -1 -1 -1 -1 -1 -1 -1 -1 -1 -1 -1 -1 -1 -1 -1 -1
173 -1 -1 -1 -1 -1 -1 -1 -1 -1 -1 -1 -1 -1 -1 -1 -1 -1 -1 -1 -1
174 -1 -1 -1 -1 -1 -1 -1 -1 -1 -1 -1 -1 -1 -1 -1 -1 -1 -1 -1 -1
175 -1 -1 -1 -1 -1 -1 -1 -1 -1 -1 -1 -1 -1 -1 -1 -1 -1 -1 -1 -1
176 -1 -1 -1 -1 -1 -1 -1 -1 -1 -1 -1 -1 -1 -1 -1 -1 -1 -1 -1 -1
177 -1 -1 -1 -1 -1 -1 -1 -1 -1 -1 -1 -1 -1 -1 -1 -1 -1 -1 -1 -1
178 -1 -1 -1 -1 -1 -1 -1 -1 -1 -1 -1 -1 -1 -1 -1 -1 -1 -1 -1 -1
179 -1 -1 -1 -1 -1 -1 -1 -1 -1 -1 -1 -1 -1 -1 -1 -1 -1 -1 -1 -1
180 -1 -1 -1 -1 -1 -1 -1 -1 -1 -1 -1 -1 -1 -1 -1 -1 -1 -1 -1 -1
181 -1 -1 -1 -1 -1 -1 -1 -1 -1 -1 -1 -1 -1 -1 -1 -1 -1 -1 -1 -1
182 -1 -1 -1 -1 -1 -1 -1 -1 -1 -1 -1 -1 -1 -1 -1 -1 -1 -1 -1 -1
183 -1 -1 -1 -1 -1 -1 -1 -1 -1 -1 -1 -1 -1 -1 -1 -1 -1 -1 -1 -1
184 -1 -1 -1 -1 -1 -1 -1 -1 -1 -1 -1 -1 -1 -1 -1 -1 -1 -1 -1 -1
185 -1 -1 -1 -1 -1 -1 -1 -1 -1 -1 -1 -1 -1 -1 -1 -1 -1 -1 -1 -1
186 -1 -1 -1 -1 -1 -1 -1 -1 -1 -1 -1 -1 -1 -1 -1 -1 -1 -1 -1 -1
187 -1 -1 -1 -1 -1 -1 -1 -1 -1 -1 -1 -1 -1 -1 -1 -1 -1 -1 -1 -1
188 -1 -1 -1 -1 -1 -1 -1 -1 -1 -1 -1 -1 -1 -1 -1 -1 -1 -1 -1 -1
189 -1 -1 -1 -1 -1 -1 -1 -1 -1 -1 -1 -1 -1 -1 -1 -1 -1 -1 -1 -1
190 -1 -1 -1 -1 -1 -1 -1 -1 -1 -1 -1 -1 -1 -1 -1 -1 -1 -1 -1 -1
191 -1 -1 -1 -1 -1 -1 -1 -1 -1 -1 -1 -1 -1 -1 -1 -1 -1 -1 -1 -1
192 -1 -1 -1 -1 -1 -1 -1 -1 -1 -1 -1 -1 -1 -1 -1 -1 -1 -1 -1 -1
193 -1 -1 -1 -1 -1 -1 -1 -1 -1 -1 -1 -1 -1 -1 -1 -1 -1 -1 -1 -1
194 -1 -1 -1 -1 -1 -1 -1 -1 -1 -1 -1 -1 -1 -1 -1 -1 -1 -1 -1 -1
195 -1 -1 -1 -1 -1 -1 -1 -1 -1 -1 -1 -1 -1 -1 -1 -1 -1 -1 -1 -1
196 -1 -1 -1 -1 -1 -1 -1 -1 -1 -1 -1 -1 -1 -1 -1 -1 -1 -1 -1 -1
197 -1 -1 -1 -1 -1 -1 -1 -1 -1 -1 -1 -1 -1 -1 -1 -1 -1 -1 -1 -1
198 -1 -1 -1 -1 -1 -1 -1 -1 -1 -1 -1 -1 -1 -1 -1 -1 -1 -1 -1 -1
199 -1 -1 -1 -1 -1 -1 -1 -1 -1 -1 -1 -1 -1 -1 -1 -1 -1 -1 -1 -1
200 -1 -1 -1 -1 -1 -1 -1 -1 -1 -1 -1 -1 -1 -1 -1 -1 -1 -1 -1 -1
201 -1 -1 -1 -1 -1 -1 -1 -1 -1 -1 -1 -1 -1 -1 -1 -1 -1 -1 -1 -1
202 -1 -1 -1 -1 -1 -1 -1 -1 -1 -1 -1 -1 -1 -1 -1 -1 -1 -1 -1 -1
203 -1 -1 -1 -1 -1 -1 -1 -1 -1 -1 -1 -1 -1 -1 -1 -1 -1 -1 -1 -1
204 -1 -1 -1 -1 -1 -1 -1 -1 -1 -1 -1 -1 -1 -1 -1 -1 -1 -1 -1 -1
205 -1 -1 -1 -1 -1 -1 -1 -1 -1 -1 -1 -1 -1 -1 -1 -1 -1 -1 -1 -1
206 -1 -1 -1 -1 -1 -1 -1 -1 -1 -1 -1 -1 -1 -1 -1 -1 -1 -1 -1 -1
207 -1 -1 -1 -1 -1 -1 -1 -1 -1 -1 -1 -1 -1 -1 -1 -1 -1 -1 -1 -1
208 -1 -1 -1 -1 -1 -1 -1 -1 -1 -1 -1 -1 -1 -1 -1 -1 -1 -1 -1 -1
209 -1 -1 -1 -1 -1 -1 -1 -1 -1 -1 -1 -1 -1 -1 -1 -1 -1 -1 -1 -1
210 -1 -1 -1 -1 -1 -1 -1 -1 -1 -1 -1 -1 -1 -1 -1 -1 -1 -1 -1 -1
211 -1 -1 -1 -1 -1 -1 -1 -1 -1 -1 -1 -1 -1 -1 -1 -1 -1 -1 -1 -1
212 -1 -1 -1 -1 -1 -1 -1 -1 -1 -1 -1 -1 -1 -1 -1 -1 -1 -1 -1 -1
213 -1 -1 -1 -1 -1 -1 -1 -1 -1 -1 -1 -1 -1 -1 -1 -1 -1 -1 -1 -1
214 -1 -1 -1 -1 -1 -1 -1 -1 -1 -1 -1 -1 -1 -1 -1 -1 -1 -1 -1 -1
215 -1 -1 -1 -1 -1 -1 -1 -1 -1 -1 -1 -1 -1 -1 -1 -1 -1 -1 -1 -1
216 -1 -1 -1 -1 -1 -1 -1 -1 -1 -1 -1 -1 -1 -1 -1 -1 -1 -1 -1 -1
217 -1 -1 -1 -1 -1 -1 -1 -1 -1 -1 -1 -1 -1 -1 -1 -1 -1 -1 -1 -1
218 -1 -1 -1 -1 -1 -1 -1 -1 -1 -1 -1 -1 -1 -1 -1 -1 -1 -1 -1 -1
219 -1 -1 -1 -1 -1 -1 -1 -1 -1 -1 -1 -1 -1 -1 -1 -1 -1 -1 -1 -1
220 -1 -1 -1 -1 -1 -1 -1 -1 -1 -1 -1 -1 -1 -1 -1 -1 -1 -1 -1 -1
221 -1 -1 -1 -1 -1 -1 -1 -1 -1 -1 -1 -1 -1 -1 -1 -1 -1 -1 -1 -1
222 -1 -1 -1 -1 -1 -1 -1 -1 -1 -1 -1 -1 -1 -1 -1 -1 -1 -1 -1 -1
223 -1 -1 -1 -1 -1 -1 -1 -1 -1 -1 -1 -1 -1 -1 -1 -1 -1 -1 -1 -1
224 -1 -1 -1 -1 -1 -1 -1 -1 -1 -1 -1 -1 -1 -1 -1 -1 -1 -1 -1 -1
225 -1 -1 -1 -1 -1 -1 -1 -1 -1 -1 -1 -1 -1 -1 -1 -1 -1 -1 -1 -1
226 -1 -1 -1 -1 -1 -1 -1 -1 -1 -1 -1 -1 -1 -1 -1 -1 -1 -1 -1 -1
227 -1 -1 -1 -1 -1 -1 -1 -1 -1 -1 -1 -1 -1 -1 -1 -1 -1 -1 -1 -1
228 -1 -1 -1 -1 -1 -1 -1 -1 -1 -1 -1 -1 -1 -1 -1 -1 -1 -1 -1 -1
229 -1 -1 -1 -1 -1 -1 -1 -1 -1 -1 -1 -1 -1 -1 -1 -1 -1 -1 -1 -1
230 -1 -1 -1 -1 -1 -1 -1 -1 -1 -1 -1 -1 -1 -1 -1 -1 -1 -1 -1 -1
231 -1 -1 -1 -1 -1 -1 -1 -1 -1 -1 -1 -1 -1 -1 -1 -1 -1 -1 -1 -1
232 -1 -1 -1 -1 -1 -1 -1 -1 -1 -1 -1 -1 -1 -1 -1 -1 -1 -1 -1 -1
233 -1 -1 -1 -1 -1 -1 -1 -1 -1 -1 -1 -1 -1 -1 -1 -1 -1 -1 -1 -1
234 -1 -1 -1 -1 -1 -1 -1 -1 -1 -1 -1 -1 -1 -1 -1 -1 -1 -1 -1 -1
235 -1 -1 -1 -1 -1 -1 -1 -1 -1 -1 -1 -1 -1 -1 -1 -1 -1 -1 -1 -1
236 -1 -1 -1 -1 -1 -1 -1 -1 -1 -1 -1 -1 -1 -1 -1 -1 -1 -1 -1 -1
237 -1 -1 -1 -1 -1 -1 -1 -1 -1 -1 -1 -1 -1 -1 -1 -1 -1 -1 -1 -1
238 -1 -1 -1 -1 -1 -1 -1 -1 -1 -1 -1 -1 -1 -1 -1 -1 -1 -1 -1 -1
239 -1 -1 -1 -1 -1 -1 -1 -1 -1 -1 -1 -1 -1 -1 -1 -1 -1 -1 -1 -1
240 -1 -1 -1 -1 -1 -1 -1 -1 -1 -1 -1 -1 -1 -1 -1 -1 -1 -1 -1 -1
241 -1 -1 -1 -1 -1 -1 -1 -1 -1 -1 -1 -1 -1 -1 -1 -1 -1 -1 -1 -1
242 -1 -1 -1 -1 -1 -1 -1 -1 -1 -1 -1 -1 -1 -1 -1 -1 -1 -1 -1 -1
243 -1 -1 -1 -1 -1 -1 -1 -1 -1 -1 -1 -1 -1 -1 -1 -1 -1 -1 -1 -1
244 -1 -1 -1 -1 -1 -1 -1 -1 -1 -1 -1 -1 -1 -1 -1 -1 -1 -1 -1 -1
245 -1 -1 -1 -1 -1 -1 -1 -1 -1 -1 -1 -1 -1 -1 -1 -1 -1 -1 -1 -1
246 -1 -1 -1 -1 -1 -1 -1 -1 -1 -1 -1 -1 -1 -1 -1 -1 -1 -1 -1 -1
247 -1 -1 -1 -1 -1 -1 -1 -1 -1 -1 -1 -1 -1 -1 -1 -1 -1 -1 -1 -1
248 -1 -1 -1 -1 -1 -1 -1 -1 -1 -1 -1 -1 -1 -1 -1 -1 -1 -1 -1 -1
249 -1 -1 -1 -1 -1 -1 -1 -1 -1 -1 -1 -1 -1 -1 -1 -1 -1 -1 -1 -1
250 -1 -1 -1 -1 -1 -1 -1 -1 -1 -1 -1 -1 -1 -1 -1 -1 -1 -1 -1 -1
251 -1 -1 -1 -1 -1 -1 -1 -1 -1 -1 -1 -1 -1 -1 -1 -1 -1 -1 -1 -1
252 -1 -1 -1 -1 -1 -1 -1 -1 -1 -1 -1 -1 -1 -1 -1 -1 -1 -1 -1 -1
253 -1 -1 -1 -1 -1 -1 -1 -1 -1 -1 -1 -1 -1 -1 -1 -1 -1 -1 -1 -1
254 -1 -1 -1 -1 -1 -1 -1 -1 -1 -1 -1 -1 -1 -1 -1 -1 -1 -1 -1 -1
255 -1 -1 -1 -1 -1 -1 -1 -1 -1 -1 -1 -1 -1 -1 -1 -1 -1 -1 -1 -1
256 -1 -1 -1 -1 -1 -1 -1 -1 -1 -1 -1 -1 -1 -1 -1 -1 -1 -1 -1 -1
257 -1 -1 -1 -1 -1 -1 -1 -1 -1 -1 -1 -1 -1 -1 -1 -1 -1 -1 -1 -1
258 -1 -1 -1 -1 -1 -1 -1 -1 -1 -1 -1 -1 -1 -1 -1 -1 -1 -1 -1 -1
259 -1 -1 -1 -1 -1 -1 -1 -1 -1 -1 -1 -1 -1 -1 -1 -1 -1 -1 -1 -1
260 -1 -1 -1 -1 -1 -1 -1 -1 -1 -1 -1 -1 -1 -1 -1 -1 -1 -1 -1 -1
261 -1 -1 -1 -1 -1 -1 -1 -1 -1 -1 -1 -1 -1 -1 -1 -1 -1 -1 -1 -1
262 -1 -1 -1 -1 -1 -1 -1 -1 -1 -1 -1 -1 -1 -1 -1 -1 -1 -1 -1 -1
263 0.657195 0.244622 0.644715 0.381057 0.659263 0.382364 0.630167 0.379750 0.659263 0.382364 0.647683 0.483109 0.624137 0.576737 0.630167 0.379750 0.630037 0.481076 0.633313 0.562543
264 0.655640 0.246469 0.644521 0.383543 0.659561 0.384573 0.629481 0.382513 0.659561 0.384573 0.648284 0.488945 0.625684 0.578190 0.629481 0.382513 0.627053 0.484857 0.631505 0.564244
265 0.654415 0.248386 0.644912 0.386930 0.660368 0.387670 0.629456 0.386191 0.660368 0.387670 0.650860 0.490533 0.626819 0.577218 0.629456 0.386191 0.626117 0.487451 0.632004 0.560422
266 0.653615 0.248949 0.645689 0.389943 0.661446 0.390505 0.629933 0.389381 0.661446 0.390505 0.654135 0.492342 0.626804 0.574983 0.629933 0.389381 0.625486 0.491578 0.631079 0.566589
267 0.652935 0.249022 0.646294 0.390542 0.662530 0.390703 0.630057 0.390381 0.662530 0.390703 0.659111 0.490941 0.627013 0.564367 0.630057 0.390381 0.625108 0.493106 0.629485 0.576690
268 0.652739 0.248966 0.647100 0.391282 0.663888 0.391400 0.630313 0.391164 0.663888 0.391400 0.663646 0.490395 0.627004 0.560977 0.630313 0.391164 0.624268 0.491858 0.629498 0.575865
269 0.652603 0.249295 0.647652 0.393241 0.664863 0.393330 0.630442 0.393153 0.664863 0.393330 0.665552 0.489614 0.626200 0.561249 0.630442 0.393153 0.623580 0.491700 0.631891 0.575547
270 0.652921 0.250028 0.647765 0.394695 0.665248 0.394769 0.630282 0.394621 0.665248 0.394769 0.666215 0.489700 0.626658 0.564328 0.630282 0.394621 0.623866 0.493237 0.633126 0.573844
271 0.653417 0.251137 0.647878 0.396804 0.665586 0.397130 0.630170 0.396478 0.665586 0.397130 0.666837 0.491356 0.627716 0.575438 0.630170 0.396478 0.623978 0.494431 0.635140 0.556459
272 0.654228 0.251919 0.648642 0.399218 0.667030 0.399198 0.630254 0.399238 0.667030 0.399198 0.667048 0.497292 0.642904 0.578630 0.630254 0.399238 0.624060 0.497877 0.628547 0.572927
273 0.655188 0.252843 0.649237 0.400777 0.668213 0.400113 0.630261 0.401442 0.668213 0.400113 0.668662 0.502116 0.651748 0.585593 0.630261 0.401442 0.623960 0.502263 0.626501 0.583749
274 0.656143 0.253890 0.649919 0.402184 0.669681 0.401444 0.630156 0.402925 0.669681 0.401444 0.668949 0.506642 0.658809 0.590868 0.630156 0.402925 0.623555 0.506234 0.623994 0.590752
275 0.657582 0.255839 0.650179 0.405407 0.670480 0.405363 0.629879 0.405452 0.670480 0.405363 0.669636 0.509569 0.663413 0.596522 0.629879 0.405452 0.623573 0.508810 0.624899 0.591909
276 0.658912 0.258041 0.650544 0.408508 0.671229 0.409664 0.629859 0.407353 0.671229 0.409664 0.669910 0.514137 0.666663 0.607389 0.629859 0.407353 0.623574 0.509936 0.624522 0.595606
277 0.661102 0.260044 0.650790 0.411630 0.671747 0.413662 0.629832 0.409597 0.671747 0.413662 0.670569 0.519818 0.669792 0.627199 0.629832 0.409597 0.623434 0.511773 0.624836 0.596953
278 0.664155 0.262051 0.651947 0.411613 0.673427 0.413982 0.630467 0.409245 0.673427 0.413982 0.671392 0.521602 0.672736 0.642068 0.630467 0.409245 0.623484 0.513774 0.624426 0.602157
279 0.667528 0.264871 0.653525 0.413561 0.675046 0.416905 0.632005 0.410216 0.675046 0.416905 0.672090 0.525201 0.672550 0.640549 0.632005 0.410216 0.623526 0.515181 0.624224 0.602823
280 0.670461 0.266639 0.656027 0.415687 0.677472 0.419379 0.634582 0.411995 0.677472 0.419379 0.672914 0.526887 0.672017 0.640310 0.634582 0.411995 0.625188 0.515480 0.624432 0.600987
281 0.673714 0.268692 0.658083 0.417889 0.679513 0.421868 0.636652 0.413910 0.679513 0.421868 0.674820 0.529172 0.671975 0.637139 0.636652 0.413910 0.626927 0.518553 0.624750 0.600104
282 0.676180 0.269960 0.660287 0.419699 0.681734 0.423733 0.638840 0.415666 0.681734 0.423733 0.676078 0.530395 0.671733 0.637586 0.638840 0.415666 0.628452 0.517977 0.626636 0.593343
283 0.678444 0.270829 0.662052 0.421241 0.683694 0.425517 0.640410 0.416964 0.683694 0.425517 0.677620 0.531386 0.671919 0.634326 0.640410 0.416964 0.631563 0.517923 0.631057 0.591461
284 0.680577 0.271635 0.663545 0.422213 0.685213 0.426916 0.641876 0.417510 0.685213 0.426916 0.678020 0.533146 0.671813 0.636001 0.641876 0.417510 0.633199 0.519274 0.633561 0.591060
285 0.682344 0.272477 0.665239 0.423021 0.687168 0.428035 0.643309 0.418007 0.687168 0.428035 0.678610 0.534229 0.671609 0.634479 0.643309 0.418007 0.635168 0.519365 0.636145 0.586105
286 0.683577 0.273466 0.667063 0.424145 0.689147 0.429136 0.644979 0.419154 0.689147 0.429136 0.679416 0.535946 0.671866 0.636694 0.644979 0.419154 0.636355 0.520313 0.636954 0.582447
287 0.683900 0.274844 0.667425 0.426958 0.689523 0.432037 0.645328 0.421878 0.689523 0.432037 0.679548 0.538885 0.671659 0.640025 0.645328 0.421878 0.636873 0.524538 0.637367 0.583287
288 0.684424 0.276483 0.667822 0.429663 0.690042 0.434682 0.645602 0.424644 0.690042 0.434682 0.679728 0.542653 0.671781 0.645462 0.645602 0.424644 0.638570 0.529968 0.638932 0.593189
289 0.684710 0.278826 0.667883 0.434723 0.690241 0.439329 0.645526 0.430117 0.690241 0.439329 0.680004 0.546814 0.672277 0.648571 0.645526 0.430117 0.639075 0.533413 0.639863 0.601765
290 0.684427 0.282104 0.668214 0.438579 0.690884 0.442483 0.645544 0.434675 0.690884 0.442483 0.681199 0.548478 0.672522 0.645576 0.645544 0.434675 0.640186 0.538674 0.639861 0.608377
291 0.683741 0.287491 0.668228 0.443463 0.691047 0.446697 0.645410 0.440230 0.691047 0.446697 0.681901 0.551589 0.672312 0.643812 0.645410 0.440230 0.640800 0.546797 0.639285 0.626574
292 0.683398 0.293922 0.667976 0.451367 0.690751 0.454035 0.645200 0.448700 0.690751 0.454035 0.682723 0.561339 0.672164 0.642940 0.645200 0.448700 0.641453 0.558894 0.636515 0.645458
293 0.682078 0.302415 0.667883 0.459237 0.690673 0.461629 0.645092 0.456845 0.690673 0.461629 0.683763 0.563165 0.671699 0.642355 0.645092 0.456845 0.642874 0.558060 0.635002 0.641841
294 0.679892 0.312114 0.667001 0.467315 0.689018 0.468702 0.644985 0.465928 0.689018 0.468702 0.685216 0.566813 0.671572 0.644801 0.644985 0.465928 0.644500 0.563660 0.634544 0.639323
295 0.677220 0.324550 0.665368 0.476305 0.686917 0.477657 0.643820 0.474953 0.686917 0.477657 0.688236 0.569408 0.670575 0.644539 0.643820 0.474953 0.644732 0.571315 0.632458 0.632619
296 0.673912 0.338413 0.662988 0.486825 0.684477 0.486711 0.641499 0.486938 0.684477 0.486711 0.692645 0.570461 0.668532 0.638195 0.641499 0.486938 0.646062 0.577168 0.633668 0.630798
297 0.670999 0.355724 0.658580 0.502798 0.679411 0.501233 0.637749 0.504363 0.679411 0.501233 0.696004 0.569601 0.659608 0.635331 0.637749 0.504363 0.645516 0.602830 0.634893 0.629483
298 0.667492 0.375970 0.654139 0.521226 0.674997 0.518624 0.633280 0.523828 0.674997 0.518624 0.696483 0.585387 0.655048 0.598829 0.633280 0.523828 0.646998 0.628622 0.633402 0.617980
299 0.663388 0.400058 0.648819 0.542117 0.669580 0.538631 0.628058 0.545604 0.669580 0.538631 0.683974 0.617768 0.651694 0.583866 0.628058 0.545604 0.651666 0.651856 0.643473 0.613122
300 0.658363 0.430460 0.642194 0.560344 0.663734 0.554938 0.620654 0.565751 0.663734 0.554938 0.678291 0.606193 0.660688 0.599553 0.620654 0.565751 0.650345 0.643405 0.661303 0.654388
301 0.653237 0.461253 0.632780 0.589270 0.653795 0.582904 0.611765 0.595635 0.653795 0.582904 0.679825 0.618830 0.655414 0.614483 0.611765 0.595635 0.650176 0.686091 0.628133 0.647581
302 0.647749 0.498653 0.620804 0.618626 0.642233 0.615293 0.599375 0.621959 0.642233 0.615293 0.662652 0.700333 0.640447 0.641661 0.599375 0.621959 0.622132 0.721459 0.603687 0.671619
303 0.640009 0.547304 0.614369 0.654943 0.636687 0.652569 0.592052 0.657317 0.636687 0.652569 0.667139 0.694578 0.636354 0.662317 0.592052 0.657317 0.603556 0.722933 0.593918 0.678328
304 -1 -1 -1 -1 -1 -1 -1 -1 -1 -1 -1 -1 -1 -1 -1 -1 -1 -1 -1 -1
305 -1 -1 -1 -1 -1 -1 -1 -1 -1 -1 -1 -1 -1 -1 -1 -1 -1 -1 -1 -1
306 -1 -1 -1 -1 -1 -1 -1 -1 -1 -1 -1 -1 -1 -1 -1 -1 -1 -1 -1 -1
307 -1 -1 -1 -1 -1 -1 -1 -1 -1 -1 -1 -1 -1 -1 -1 -1 -1 -1 -1 -1
308 -1 -1 -1 -1 -1 -1 -1 -1 -1 -1 -1 -1 -1 -1 -1 -1 -1 -1 -1 -1
309 -1 -1 -1 -1 -1 -1 -1 -1 -1 -1 -1 -1 -1 -1 -1 -1 -1 -1 -1 -1
310 -1 -1 -1 -1 -1 -1 -1 -1 -1 -1 -1 -1 -1 -1 -1 -1 -1 -1 -1 -1
311 -1 -1 -1 -1 -1 -1 -1 -1 -1 -1 -1 -1 -1 -1 -1 -1 -1 -1 -1 -1
312 -1 -1 -1 -1 -1 -1 -1 -1 -1 -1 -1 -1 -1 -1 -1 -1 -1 -1 -1 -1
313 -1 -1 -1 -1 -1 -1 -1 -1 -1 -1 -1 -1 -1 -1 -1 -1 -1 -1 -1 -1
314 -1 -1 -1 -1 -1 -1 -1 -1 -1 -1 -1 -1 -1 -1 -1 -1 -1 -1 -1 -1
315 -1 -1 -1 -1 -1 -1 -1 -1 -1 -1 -1 -1 -1 -1 -1 -1 -1 -1 -1 -1
316 -1 -1 -1 -1 -1 -1 -1 -1 -1 -1 -1 -1 -1 -1 -1 -1 -1 -1 -1 -1
317 -1 -1 -1 -1 -1 -1 -1 -1 -1 -1 -1 -1 -1 -1 -1 -1 -1 -1 -1 -1
318 -1 -1 -1 -1 -1 -1 -1 -1 -1 -1 -1 -1 -1 -1 -1 -1 -1 -1 -1 -1
319 -1 -1 -1 -1 -1 -1 -1 -1 -1 -1 -1 -1 -1 -1 -1 -1 -1 -1 -1 -1
320 -1 -1 -1 -1 -1 -1 -1 -1 -1 -1 -1 -1 -1 -1 -1 -1 -1 -1 -1 -1
321 -1 -1 -1 -1 -1 -1 -1 -1 -1 -1 -1 -1 -1 -1 -1 -1 -1 -1 -1 -1
322 -1 -1 -1 -1 -1 -1 -1 -1 -1 -1 -1 -1 -1 -1 -1 -1 -1 -1 -1 -1
323 -1 -1 -1 -1 -1 -1 -1 -1 -1 -1 -1 -1 -1 -1 -1 -1 -1 -1 -1 -1
324 -1 -1 -1 -1 -1 -1 -1 -1 -1 -1 -1 -1 -1 -1 -1 -1 -1 -1 -1 -1
325 -1 -1 -1 -1 -1 -1 -1 -1 -1 -1 -1 -1 -1 -1 -1 -1 -1 -1 -1 -1
326 -1 -1 -1 -1 -1 -1 -1 -1 -1 -1 -1 -1 -1 -1 -1 -1 -1 -1 -1 -1
327 -1 -1 -1 -1 -1 -1 -1 -1 -1 -1 -1 -1 -1 -1 -1 -1 -1 -1 -1 -1
