151
160
0 -1 -1 -1 -1 -1 -1 -1 -1 -1 -1 -1 -1 -1 -1 -1 -1 -1 -1 -1 -1
1 0.721702 0.454501 0.724693 0.375697 0.741372 0.370313 0.708014 0.381081 0.741372 0.370313 0.760409 0.462747 0.768897 0.475431 0.708014 0.381081 0.718191 0.482147 0.745842 0.466558
2 -1 -1 -1 -1 -1 -1 -1 -1 -1 -1 -1 -1 -1 -1 -1 -1 -1 -1 -1 -1
3 0.724886 0.460562 0.736149 0.350816 0.751361 0.351299 0.720936 0.350333 0.751361 0.351299 0.760209 0.301578 0.771862 0.239397 0.720936 0.350333 0.733291 0.280640 0.732240 0.220826
4 0.725313 0.454958 0.736705 0.362155 0.749461 0.356012 0.723950 0.368297 0.749461 0.356012 0.783937 0.343550 0.785310 0.255271 0.723950 0.368297 0.748672 0.339317 0.767981 0.271398
5 -1 -1 -1 -1 -1 -1 -1 -1 -1 -1 -1 -1 -1 -1 -1 -1 -1 -1 -1 -1
6 -1 -1 -1 -1 -1 -1 -1 -1 -1 -1 -1 -1 -1 -1 -1 -1 -1 -1 -1 -1
7 -1 -1 -1 -1 -1 -1 -1 -1 -1 -1 -1 -1 -1 -1 -1 -1 -1 -1 -1 -1
8 -1 -1 -1 -1 -1 -1 -1 -1 -1 -1 -1 -1 -1 -1 -1 -1 -1 -1 -1 -1
9 -1 -1 -1 -1 -1 -1 -1 -1 -1 -1 -1 -1 -1 -1 -1 -1 -1 -1 -1 -1
10 -1 -1 -1 -1 -1 -1 -1 -1 -1 -1 -1 -1 -1 -1 -1 -1 -1 -1 -1 -1
11 -1 -1 -1 -1 -1 -1 -1 -1 -1 -1 -1 -1 -1 -1 -1 -1 -1 -1 -1 -1
12 -1 -1 -1 -1 -1 -1 -1 -1 -1 -1 -1 -1 -1 -1 -1 -1 -1 -1 -1 -1
13 -1 -1 -1 -1 -1 -1 -1 -1 -1 -1 -1 -1 -1 -1 -1 -1 -1 -1 -1 -1
14 -1 -1 -1 -1 -1 -1 -1 -1 -1 -1 -1 -1 -1 -1 -1 -1 -1 -1 -1 -1
15 -1 -1 -1 -1 -1 -1 -1 -1 -1 -1 -1 -1 -1 -1 -1 -1 -1 -1 -1 -1
16 -1 -1 -1 -1 -1 -1 -1 -1 -1 -1 -1 -1 -1 -1 -1 -1 -1 -1 -1 -1
17 -1 -1 -1 -1 -1 -1 -1 -1 -1 -1 -1 -1 -1 -1 -1 -1 -1 -1 -1 -1
18 -1 -1 -1 -1 -1 -1 -1 -1 -1 -1 -1 -1 -1 -1 -1 -1 -1 -1 -1 -1
19 -1 -1 -1 -1 -1 -1 -1 -1 -1 -1 -1 -1 -1 -1 -1 -1 -1 -1 -1 -1
20 -1 -1 -1 -1 -1 -1 -1 -1 -1 -1 -1 -1 -1 -1 -1 -1 -1 -1 -1 -1
21 -1 -1 -1 -1 -1 -1 -1 -1 -1 -1 -1 -1 -1 -1 -1 -1 -1 -1 -1 -1
22 -1 -1 -1 -1 -1 -1 -1 -1 -1 -1 -1 -1 -1 -1 -1 -1 -1 -1 -1 -1
23 -1 -1 -1 -1 -1 -1 -1 -1 -1 -1 -1 -1 -1 -1 -1 -1 -1 -1 -1 -1
24 -1 -1 -1 -1 -1 -1 -1 -1 -1 -1 -1 -1 -1 -1 -1 -1 -1 -1 -1 -1
25 -1 -1 -1 -1 -1 -1 -1 -1 -1 -1 -1 -1 -1 -1 -1 -1 -1 -1 -1 -1
26 -1 -1 -1 -1 -1 -1 -1 -1 -1 -1 -1 -1 -1 -1 -1 -1 -1 -1 -1 -1
27 -1 -1 -1 -1 -1 -1 -1 -1 -1 -1 -1 -1 -1 -1 -1 -1 -1 -1 -1 -1
28 -1 -1 -1 -1 -1 -1 -1 -1 -1 -1 -1 -1 -1 -1 -1 -1 -1 -1 -1 -1
29 -1 -1 -1 -1 -1 -1 -1 -1 -1 -1 -1 -1 -1 -1 -1 -1 -1 -1 -1 -1
30 -1 -1 -1 -1 -1 -1 -1 -1 -1 -1 -1 -1 -1 -1 -1 -1 -1 -1 -1 -1
31 -1 -1 -1 -1 -1 -1 -1 -1 -1 -1 -1 -1 -1 -1 -1 -1 -1 -1 -1 -1
32 -1 -1 -1 -1 -1 -1 -1 -1 -1 -1 -1 -1 -1 -1 -1 -1 -1 -1 -1 -1
33 -1 -1 -1 -1 -1 -1 -1 -1 -1 -1 -1 -1 -1 -1 -1 -1 -1 -1 -1 -1
34 -1 -1 -1 -1 -1 -1 -1 -1 -1 -1 -1 -1 -1 -1 -1 -1 -1 -1 -1 -1
35 -1 -1 -1 -1 -1 -1 -1 -1 -1 -1 -1 -1 -1 -1 -1 -1 -1 -1 -1 -1
36 -1 -1 -1 -1 -1 -1 -1 -1 -1 -1 -1 -1 -1 -1 -1 -1 -1 -1 -1 -1
37 -1 -1 -1 -1 -1 -1 -1 -1 -1 -1 -1 -1 -1 -1 -1 -1 -1 -1 -1 -1
38 -1 -1 -1 -1 -1 -1 -1 -1 -1 -1 -1 -1 -1 -1 -1 -1 -1 -1 -1 -1
39 -1 -1 -1 -1 -1 -1 -1 -1 -1 -1 -1 -1 -1 -1 -1 -1 -1 -1 -1 -1
40 -1 -1 -1 -1 -1 -1 -1 -1 -1 -1 -1 -1 -1 -1 -1 -1 -1 -1 -1 -1
41 -1 -1 -1 -1 -1 -1 -1 -1 -1 -1 -1 -1 -1 -1 -1 -1 -1 -1 -1 -1
42 -1 -1 -1 -1 -1 -1 -1 -1 -1 -1 -1 -1 -1 -1 -1 -1 -1 -1 -1 -1
43 -1 -1 -1 -1 -1 -1 -1 -1 -1 -1 -1 -1 -1 -1 -1 -1 -1 -1 -1 -1
44 -1 -1 -1 -1 -1 -1 -1 -1 -1 -1 -1 -1 -1 -1 -1 -1 -1 -1 -1 -1
45 -1 -1 -1 -1 -1 -1 -1 -1 -1 -1 -1 -1 -1 -1 -1 -1 -1 -1 -1 -1
46 -1 -1 -1 -1 -1 -1 -1 -1 -1 -1 -1 -1 -1 -1 -1 -1 -1 -1 -1 -1
47 -1 -1 -1 -1 -1 -1 -1 -1 -1 -1 -1 -1 -1 -1 -1 -1 -1 -1 -1 -1
48 -1 -1 -1 -1 -1 -1 -1 -1 -1 -1 -1 -1 -1 -1 -1 -1 -1 -1 -1 -1
49 -1 -1 -1 -1 -1 -1 -1 -1 -1 -1 -1 -1 -1 -1 -1 -1 -1 -1 -1 -1
50 -1 -1 -1 -1 -1 -1 -1 -1 -1 -1 -1 -1 -1 -1 -1 -1 -1 -1 -1 -1
51 -1 -1 -1 -1 -1 -1 -1 -1 -1 -1 -1 -1 -1 -1 -1 -1 -1 -1 -1 -1
52 -1 -1 -1 -1 -1 -1 -1 -1 -1 -1 -1 -1 -1 -1 -1 -1 -1 -1 -1 -1
53 -1 -1 -1 -1 -1 -1 -1 -1 -1 -1 -1 -1 -1 -1 -1 -1 -1 -1 -1 -1
54 -1 -1 -1 -1 -1 -1 -1 -1 -1 -1 -1 -1 -1 -1 -1 -1 -1 -1 -1 -1
55 -1 -1 -1 -1 -1 -1 -1 -1 -1 -1 -1 -1 -1 -1 -1 -1 -1 -1 -1 -1
56 -1 -1 -1 -1 -1 -1 -1 -1 -1 -1 -1 -1 -1 -1 -1 -1 -1 -1 -1 -1
57 -1 -1 -1 -1 -1 -1 -1 -1 -1 -1 -1 -1 -1 -1 -1 -1 -1 -1 -1 -1
58 -1 -1 -1 -1 -1 -1 -1 -1 -1 -1 -1 -1 -1 -1 -1 -1 -1 -1 -1 -1
59 -1 -1 -1 -1 -1 -1 -1 -1 -1 -1 -1 -1 -1 -1 -1 -1 -1 -1 -1 -1
60 -1 -1 -1 -1 -1 -1 -1 -1 -1 -1 -1 -1 -1 -1 -1 -1 -1 -1 -1 -1
61 -1 -1 -1 -1 -1 -1 -1 -1 -1 -1 -1 -1 -1 -1 -1 -1 -1 -1 -1 -1
62 -1 -1 -1 -1 -1 -1 -1 -1 -1 -1 -1 -1 -1 -1 -1 -1 -1 -1 -1 -1
63 -1 -1 -1 -1 -1 -1 -1 -1 -1 -1 -1 -1 -1 -1 -1 -1 -1 -1 -1 -1
64 -1 -1 -1 -1 -1 -1 -1 -1 -1 -1 -1 -1 -1 -1 -1 -1 -1 -1 -1 -1
65 -1 -1 -1 -1 -1 -1 -1 -1 -1 -1 -1 -1 -1 -1 -1 -1 -1 -1 -1 -1
66 -1 -1 -1 -1 -1 -1 -1 -1 -1 -1 -1 -1 -1 -1 -1 -1 -1 -1 -1 -1
67 -1 -1 -1 -1 -1 -1 -1 -1 -1 -1 -1 -1 -1 -1 -1 -1 -1 -1 -1 -1
68 -1 -1 -1 -1 -1 -1 -1 -1 -1 -1 -1 -1 -1 -1 -1 -1 -1 -1 -1 -1
69 -1 -1 -1 -1 -1 -1 -1 -1 -1 -1 -1 -1 -1 -1 -1 -1 -1 -1 -1 -1
70 -1 -1 -1 -1 -1 -1 -1 -1 -1 -1 -1 -1 -1 -1 -1 -1 -1 -1 -1 -1
71 -1 -1 -1 -1 -1 -1 -1 -1 -1 -1 -1 -1 -1 -1 -1 -1 -1 -1 -1 -1
72 -1 -1 -1 -1 -1 -1 -1 -1 -1 -1 -1 -1 -1 -1 -1 -1 -1 -1 -1 -1
73 -1 -1 -1 -1 -1 -1 -1 -1 -1 -1 -1 -1 -1 -1 -1 -1 -1 -1 -1 -1
74 -1 -1 -1 -1 -1 -1 -1 -1 -1 -1 -1 -1 -1 -1 -1 -1 -1 -1 -1 -1
75 -1 -1 -1 -1 -1 -1 -1 -1 -1 -1 -1 -1 -1 -1 -1 -1 -1 -1 -1 -1
76 -1 -1 -1 -1 -1 -1 -1 -1 -1 -1 -1 -1 -1 -1 -1 -1 -1 -1 -1 -1
77 -1 -1 -1 -1 -1 -1 -1 -1 -1 -1 -1 -1 -1 -1 -1 -1 -1 -1 -1 -1
78 -1 -1 -1 -1 -1 -1 -1 -1 -1 -1 -1 -1 -1 -1 -1 -1 -1 -1 -1 -1
79 -1 -1 -1 -1 -1 -1 -1 -1 -1 -1 -1 -1 -1 -1 -1 -1 -1 -1 -1 -1
80 -1 -1 -1 -1 -1 -1 -1 -1 -1 -1 -1 -1 -1 -1 -1 -1 -1 -1 -1 -1
81 -1 -1 -1 -1 -1 -1 -1 -1 -1 -1 -1 -1 -1 -1 -1 -1 -1 -1 -1 -1
82 -1 -1 -1 -1 -1 -1 -1 -1 -1 -1 -1 -1 -1 -1 -1 -1 -1 -1 -1 -1
83 -1 -1 -1 -1 -1 -1 -1 -1 -1 -1 -1 -1 -1 -1 -1 -1 -1 -1 -1 -1
84 -1 -1 -1 -1 -1 -1 -1 -1 -1 -1 -1 -1 -1 -1 -1 -1 -1 -1 -1 -1
85 -1 -1 -1 -1 -1 -1 -1 -1 -1 -1 -1 -1 -1 -1 -1 -1 -1 -1 -1 -1
86 -1 -1 -1 -1 -1 -1 -1 -1 -1 -1 -1 -1 -1 -1 -1 -1 -1 -1 -1 -1
87 -1 -1 -1 -1 -1 -1 -1 -1 -1 -1 -1 -1 -1 -1 -1 -1 -1 -1 -1 -1
88 -1 -1 -1 -1 -1 -1 -1 -1 -1 -1 -1 -1 -1 -1 -1 -1 -1 -1 -1 -1
89 -1 -1 -1 -1 -1 -1 -1 -1 -1 -1 -1 -1 -1 -1 -1 -1 -1 -1 -1 -1
90 -1 -1 -1 -1 -1 -1 -1 -1 -1 -1 -1 -1 -1 -1 -1 -1 -1 -1 -1 -1
91 -1 -1 -1 -1 -1 -1 -1 -1 -1 -1 -1 -1 -1 -1 -1 -1 -1 -1 -1 -1
92 -1 -1 -1 -1 -1 -1 -1 -1 -1 -1 -1 -1 -1 -1 -1 -1 -1 -1 -1 -1
93 -1 -1 -1 -1 -1 -1 -1 -1 -1 -1 -1 -1 -1 -1 -1 -1 -1 -1 -1 -1
94 -1 -1 -1 -1 -1 -1 -1 -1 -1 -1 -1 -1 -1 -1 -1 -1 -1 -1 -1 -1
95 -1 -1 -1 -1 -1 -1 -1 -1 -1 -1 -1 -1 -1 -1 -1 -1 -1 -1 -1 -1
96 -1 -1 -1 -1 -1 -1 -1 -1 -1 -1 -1 -1 -1 -1 -1 -1 -1 -1 -1 -1
97 -1 -1 -1 -1 -1 -1 -1 -1 -1 -1 -1 -1 -1 -1 -1 -1 -1 -1 -1 -1
98 -1 -1 -1 -1 -1 -1 -1 -1 -1 -1 -1 -1 -1 -1 -1 -1 -1 -1 -1 -1
99 -1 -1 -1 -1 -1 -1 -1 -1 -1 -1 -1 -1 -1 -1 -1 -1 -1 -1 -1 -1
100 -1 -1 -1 -1 -1 -1 -1 -1 -1 -1 -1 -1 -1 -1 -1 -1 -1 -1 -1 -1
101 -1 -1 -1 -1 -1 -1 -1 -1 -1 -1 -1 -1 -1 -1 -1 -1 -1 -1 -1 -1
102 -1 -1 -1 -1 -1 -1 -1 -1 -1 -1 -1 -1 -1 -1 -1 -1 -1 -1 -1 -1
103 -1 -1 -1 -1 -1 -1 -1 -1 -1 -1 -1 -1 -1 -1 -1 -1 -1 -1 -1 -1
104 -1 -1 -1 -1 -1 -1 -1 -1 -1 -1 -1 -1 -1 -1 -1 -1 -1 -1 -1 -1
105 -1 -1 -1 -1 -1 -1 -1 -1 -1 -1 -1 -1 -1 -1 -1 -1 -1 -1 -1 -1
106 -1 -1 -1 -1 -1 -1 -1 -1 -1 -1 -1 -1 -1 -1 -1 -1 -1 -1 -1 -1
107 -1 -1 -1 -1 -1 -1 -1 -1 -1 -1 -1 -1 -1 -1 -1 -1 -1 -1 -1 -1
108 -1 -1 -1 -1 -1 -1 -1 -1 -1 -1 -1 -1 -1 -1 -1 -1 -1 -1 -1 -1
109 -1 -1 -1 -1 -1 -1 -1 -1 -1 -1 -1 -1 -1 -1 -1 -1 -1 -1 -1 -1
110 -1 -1 -1 -1 -1 -1 -1 -1 -1 -1 -1 -1 -1 -1 -1 -1 -1 -1 -1 -1
111 -1 -1 -1 -1 -1 -1 -1 -1 -1 -1 -1 -1 -1 -1 -1 -1 -1 -1 -1 -1
112 -1 -1 -1 -1 -1 -1 -1 -1 -1 -1 -1 -1 -1 -1 -1 -1 -1 -1 -1 -1
113 -1 -1 -1 -1 -1 -1 -1 -1 -1 -1 -1 -1 -1 -1 -1 -1 -1 -1 -1 -1
114 -1 -1 -1 -1 -1 -1 -1 -1 -1 -1 -1 -1 -1 -1 -1 -1 -1 -1 -1 -1
115 -1 -1 -1 -1 -1 -1 -1 -1 -1 -1 -1 -1 -1 -1 -1 -1 -1 -1 -1 -1
116 -1 -1 -1 -1 -1 -1 -1 -1 -1 -1 -1 -1 -1 -1 -1 -1 -1 -1 -1 -1
117 -1 -1 -1 -1 -1 -1 -1 -1 -1 -1 -1 -1 -1 -1 -1 -1 -1 -1 -1 -1
118 -1 -1 -1 -1 -1 -1 -1 -1 -1 -1 -1 -1 -1 -1 -1 -1 -1 -1 -1 -1
119 -1 -1 -1 -1 -1 -1 -1 -1 -1 -1 -1 -1 -1 -1 -1 -1 -1 -1 -1 -1
120 -1 -1 -1 -1 -1 -1 -1 -1 -1 -1 -1 -1 -1 -1 -1 -1 -1 -1 -1 -1
121 -1 -1 -1 -1 -1 -1 -1 -1 -1 -1 -1 -1 -1 -1 -1 -1 -1 -1 -1 -1
122 -1 -1 -1 -1 -1 -1 -1 -1 -1 -1 -1 -1 -1 -1 -1 -1 -1 -1 -1 -1
123 -1 -1 -1 -1 -1 -1 -1 -1 -1 -1 -1 -1 -1 -1 -1 -1 -1 -1 -1 -1
124 -1 -1 -1 -1 -1 -1 -1 -1 -1 -1 -1 -1 -1 -1 -1 -1 -1 -1 -1 -1
125 -1 -1 -1 -1 -1 -1 -1 -1 -1 -1 -1 -1 -1 -1 -1 -1 -1 -1 -1 -1
126 -1 -1 -1 -1 -1 -1 -1 -1 -1 -1 -1 -1 -1 -1 -1 -1 -1 -1 -1 -1
127 -1 -1 -1 -1 -1 -1 -1 -1 -1 -1 -1 -1 -1 -1 -1 -1 -1 -1 -1 -1
128 -1 -1 -1 -1 -1 -1 -1 -1 -1 -1 -1 -1 -1 -1 -1 -1 -1 -1 -1 -1
129 -1 -1 -1 -1 -1 -1 -1 -1 -1 -1 -1 -1 -1 -1 -1 -1 -1 -1 -1 -1
130 -1 -1 -1 -1 -1 -1 -1 -1 -1 -1 -1 -1 -1 -1 -1 -1 -1 -1 -1 -1
131 -1 -1 -1 -1 -1 -1 -1 -1 -1 -1 -1 -1 -1 -1 -1 -1 -1 -1 -1 -1
132 -1 -1 -1 -1 -1 -1 -1 -1 -1 -1 -1 -1 -1 -1 -1 -1 -1 -1 -1 -1
133 -1 -1 -1 -1 -1 -1 -1 -1 -1 -1 -1 -1 -1 -1 -1 -1 -1 -1 -1 -1
134 -1 -1 -1 -1 -1 -1 -1 -1 -1 -1 -1 -1 -1 -1 -1 -1 -1 -1 -1 -1
135 -1 -1 -1 -1 -1 -1 -1 -1 -1 -1 -1 -1 -1 -1 -1 -1 -1 -1 -1 -1
136 -1 -1 -1 -1 -1 -1 -1 -1 -1 -1 -1 -1 -1 -1 -1 -1 -1 -1 -1 -1
137 -1 -1 -1 -1 -1 -1 -1 -1 -1 -1 -1 -1 -1 -1 -1 -1 -1 -1 -1 -1
138 -1 -1 -1 -1 -1 -1 -1 -1 -1 -1 -1 -1 -1 -1 -1 -1 -1 -1 -1 -1
139 -1 -1 -1 -1 -1 -1 -1 -1 -1 -1 -1 -1 -1 -1 -1 -1 -1 -1 -1 -1
140 -1 -1 -1 -1 -1 -1 -1 -1 -1 -1 -1 -1 -1 -1 -1 -1 -1 -1 -1 -1
141 -1 -1 -1 -1 -1 -1 -1 -1 -1 -1 -1 -1 -1 -1 -1 -1 -1 -1 -1 -1
142 -1 -1 -1 -1 -1 -1 -1 -1 -1 -1 -1 -1 -1 -1 -1 -1 -1 -1 -1 -1
143 -1 -1 -1 -1 -1 -1 -1 -1 -1 -1 -1 -1 -1 -1 -1 -1 -1 -1 -1 -1
144 -1 -1 -1 -1 -1 -1 -1 -1 -1 -1 -1 -1 -1 -1 -1 -1 -1 -1 -1 -1
145 -1 -1 -1 -1 -1 -1 -1 -1 -1 -1 -1 -1 -1 -1 -1 -1 -1 -1 -1 -1
146 -1 -1 -1 -1 -1 -1 -1 -1 -1 -1 -1 -1 -1 -1 -1 -1 -1 -1 -1 -1
147 -1 -1 -1 -1 -1 -1 -1 -1 -1 -1 -1 -1 -1 -1 -1 -1 -1 -1 -1 -1
148 -1 -1 -1 -1 -1 -1 -1 -1 -1 -1 -1 -1 -1 -1 -1 -1 -1 -1 -1 -1
149 -1 -1 -1 -1 -1 -1 -1 -1 -1 -1 -1 -1 -1 -1 -1 -1 -1 -1 -1 -1
150 -1 -1 -1 -1 -1 -1 -1 -1 -1 -1 -1 -1 -1 -1 -1 -1 -1 -1 -1 -1
151 -1 -1 -1 -1 -1 -1 -1 -1 -1 -1 -1 -1 -1 -1 -1 -1 -1 -1 -1 -1
152 -1 -1 -1 -1 -1 -1 -1 -1 -1 -1 -1 -1 -1 -1 -1 -1 -1 -1 -1 -1
153 -1 -1 -1 -1 -1 -1 -1 -1 -1 -1 -1 -1 -1 -1 -1 -1 -1 -1 -1 -1
154 -1 -1 -1 -1 -1 -1 -1 -1 -1 -1 -1 -1 -1 -1 -1 -1 -1 -1 -1 -1
155 -1 -1 -1 -1 -1 -1 -1 -1 -1 -1 -1 -1 -1 -1 -1 -1 -1 -1 -1 -1
156 -1 -1 -1 -1 -1 -1 -1 -1 -1 -1 -1 -1 -1 -1 -1 -1 -1 -1 -1 -1
157 -1 -1 -1 -1 -1 -1 -1 -1 -1 -1 -1 -1 -1 -1 -1 -1 -1 -1 -1 -1
158 -1 -1 -1 -1 -1 -1 -1 -1 -1 -1 -1 -1 -1 -1 -1 -1 -1 -1 -1 -1
159 -1 -1 -1 -1 -1 -1 -1 -1 -1 -1 -1 -1 -1 -1 -1 -1 -1 -1 -1 -1
160 -1 -1 -1 -1 -1 -1 -1 -1 -1 -1 -1 -1 -1 -1 -1 -1 -1 -1 -1 -1
161 -1 -1 -1 -1 -1 -1 -1 -1 -1 -1 -1 -1 -1 -1 -1 -1 -1 -1 -1 -1
162 -1 -1 -1 -1 -1 -1 -1 -1 -1 -1 -1 -1 -1 -1 -1 -1 -1 -1 -1 -1
163 -1 -1 -1 -1 -1 -1 -1 -1 -1 -1 -1 -1 -1 -1 -1 -1 -1 -1 -1 -1
164 -1 -1 -1 -1 -1 -1 -1 -1 -1 -1 -1 -1 -1 -1 -1 -1 -1 -1 -1 -1
165 0.340224 0.808728 0.424005 0.729655 0.414487 0.693147 0.433522 0.766162 0.414487 0.693147 0.423377 0.667120 0.508487 0.661004 0.433522 0.766162 0.492004 0.774318 0.576376 0.732817
166 0.334577 0.807977 0.416335 0.729768 0.405751 0.693398 0.426919 0.766137 0.405751 0.693398 0.409899 0.658302 0.495446 0.657366 0.426919 0.766137 0.487716 0.760881 0.566001 0.722852
167 0.325006 0.807882 0.411047 0.730108 0.400435 0.694226 0.421659 0.765991 0.400435 0.694226 0.403473 0.647660 0.485418 0.653200 0.421659 0.765991 0.476446 0.755235 0.550057 0.713616
168 0.320796 0.806743 0.406822 0.731515 0.396252 0.697286 0.417392 0.765743 0.396252 0.697286 0.397687 0.631761 0.479551 0.651066 0.417392 0.765743 0.470001 0.751913 0.541465 0.701026
169 0.315210 0.805297 0.403129 0.730598 0.392376 0.697259 0.413882 0.763938 0.392376 0.697259 0.395143 0.623254 0.475621 0.649131 0.413882 0.763938 0.465486 0.745585 0.530385 0.693445
170 0.309799 0.802967 0.397850 0.728181 0.387184 0.695467 0.408516 0.760894 0.387184 0.695467 0.395727 0.619116 0.472028 0.646854 0.408516 0.760894 0.460836 0.744865 0.524644 0.689368
171 0.306386 0.802979 0.394994 0.727245 0.384536 0.695117 0.405452 0.759373 0.384536 0.695117 0.398394 0.616448 0.471518 0.648321 0.405452 0.759373 0.459305 0.742422 0.523205 0.685808
172 0.304160 0.802222 0.392057 0.726207 0.381697 0.694561 0.402418 0.757853 0.381697 0.694561 0.401679 0.613895 0.468727 0.649733 0.402418 0.757853 0.461205 0.739621 0.521657 0.684678
173 0.300145 0.802042 0.389138 0.724550 0.378492 0.693956 0.399784 0.755144 0.378492 0.693956 0.405169 0.612113 0.467405 0.650697 0.399784 0.755144 0.460293 0.739702 0.521945 0.686223
174 0.297283 0.801047 0.387175 0.722192 0.376991 0.692115 0.397359 0.752269 0.376991 0.692115 0.407792 0.610816 0.466081 0.656118 0.397359 0.752269 0.458350 0.741610 0.520654 0.688070
175 0.294150 0.801043 0.385904 0.722249 0.375608 0.692127 0.396200 0.752371 0.375608 0.692127 0.410049 0.609645 0.463064 0.667646 0.396200 0.752371 0.459170 0.743178 0.522470 0.690917
176 0.289097 0.800874 0.385291 0.720559 0.375757 0.690391 0.394826 0.750726 0.375757 0.690391 0.417018 0.611047 0.466555 0.688523 0.394826 0.750726 0.461329 0.741487 0.524205 0.691969
177 0.288882 0.801120 0.387334 0.717051 0.377830 0.685767 0.396838 0.748336 0.377830 0.685767 0.426340 0.613108 0.468770 0.703831 0.396838 0.748336 0.466204 0.739681 0.526907 0.694583
178 0.287871 0.801015 0.388250 0.713739 0.379126 0.681769 0.397374 0.745708 0.379126 0.681769 0.435736 0.614357 0.466532 0.708576 0.397374 0.745708 0.470292 0.740418 0.536255 0.697560
179 0.290462 0.800273 0.389429 0.711598 0.380176 0.678308 0.398683 0.744888 0.380176 0.678308 0.443974 0.615203 0.464017 0.703686 0.398683 0.744888 0.474186 0.742365 0.538277 0.699041
180 0.292344 0.799466 0.390079 0.710103 0.380791 0.676475 0.399368 0.743731 0.380791 0.676475 0.449897 0.613542 0.459795 0.698562 0.399368 0.743731 0.479275 0.742986 0.540499 0.699199
181 0.293430 0.799414 0.390575 0.709973 0.381294 0.676506 0.399857 0.743441 0.381294 0.676506 0.451858 0.613920 0.456886 0.698220 0.399857 0.743441 0.481914 0.742076 0.544833 0.698637
182 0.293685 0.799783 0.391660 0.709968 0.382439 0.676658 0.400881 0.743278 0.382439 0.676658 0.454131 0.613738 0.459471 0.695706 0.400881 0.743278 0.482276 0.733872 0.548493 0.697667
183 0.293626 0.799343 0.392526 0.709696 0.383543 0.676451 0.401510 0.742940 0.383543 0.676451 0.455101 0.613362 0.461041 0.688756 0.401510 0.742940 0.483624 0.728174 0.552571 0.696561
184 0.293755 0.799381 0.392796 0.709734 0.384007 0.676854 0.401585 0.742613 0.384007 0.676854 0.455407 0.612956 0.461828 0.686054 0.401585 0.742613 0.483391 0.724617 0.555507 0.695652
185 0.293690 0.799376 0.392950 0.709660 0.384275 0.676898 0.401625 0.742423 0.384275 0.676898 0.457534 0.611884 0.461961 0.682547 0.401625 0.742423 0.484440 0.721157 0.557481 0.694562
186 0.293782 0.799793 0.393112 0.709802 0.384291 0.676988 0.401932 0.742615 0.384291 0.676988 0.456584 0.613934 0.462150 0.676597 0.401932 0.742615 0.484060 0.718255 0.558116 0.693670
187 0.294531 0.799870 0.393696 0.709782 0.384448 0.677113 0.402944 0.742452 0.384448 0.677113 0.454617 0.618439 0.462486 0.669072 0.402944 0.742452 0.483853 0.717317 0.557851 0.693422
188 0.294461 0.799746 0.393678 0.709803 0.384352 0.677193 0.403005 0.742413 0.384352 0.677193 0.453536 0.619741 0.463453 0.665932 0.403005 0.742413 0.484128 0.716380 0.558406 0.692824
189 0.293942 0.800589 0.393532 0.709840 0.384017 0.677263 0.403047 0.742417 0.384017 0.677263 0.452586 0.619607 0.463568 0.663301 0.403047 0.742417 0.484074 0.715961 0.557746 0.692302
190 0.293920 0.801225 0.393421 0.709862 0.383765 0.677338 0.403077 0.742385 0.383765 0.677338 0.451759 0.616285 0.463595 0.664745 0.403077 0.742385 0.483999 0.714882 0.558235 0.691506
191 0.293540 0.801766 0.393288 0.709548 0.383536 0.677388 0.403041 0.741709 0.383536 0.677388 0.451379 0.613904 0.463734 0.665970 0.403041 0.741709 0.483854 0.715546 0.559100 0.691151
192 0.293722 0.801532 0.392965 0.709531 0.382990 0.677446 0.402940 0.741617 0.382990 0.677446 0.450959 0.610540 0.463792 0.665699 0.402940 0.741617 0.483823 0.715620 0.558878 0.691190
193 0.293643 0.801833 0.392836 0.709561 0.382717 0.677483 0.402954 0.741638 0.382717 0.677483 0.450346 0.609215 0.463856 0.666028 0.402954 0.741638 0.483773 0.715650 0.558897 0.691214
194 0.293962 0.801854 0.392855 0.709336 0.382740 0.677435 0.402970 0.741237 0.382740 0.677435 0.450035 0.608353 0.463866 0.665799 0.402970 0.741237 0.483245 0.715972 0.558610 0.691607
195 0.293945 0.801785 0.392858 0.709386 0.382760 0.677511 0.402957 0.741260 0.382760 0.677511 0.449900 0.607399 0.464122 0.666047 0.402957 0.741260 0.482806 0.715755 0.558622 0.691678
196 0.293997 0.801831 0.392871 0.709288 0.382775 0.677359 0.402966 0.741217 0.382775 0.677359 0.449479 0.607239 0.464150 0.666171 0.402966 0.741217 0.482905 0.715793 0.558668 0.691712
197 0.294322 0.801500 0.392875 0.709321 0.382783 0.677378 0.402966 0.741265 0.382783 0.677378 0.449317 0.607312 0.464504 0.666209 0.402966 0.741265 0.482896 0.715414 0.558599 0.691816
198 0.294292 0.801520 0.392883 0.709320 0.382802 0.677393 0.402964 0.741247 0.382802 0.677393 0.448717 0.607490 0.464789 0.666046 0.402964 0.741247 0.482959 0.715430 0.558533 0.691842
199 0.294297 0.801495 0.392841 0.709357 0.382766 0.677457 0.402916 0.741256 0.382766 0.677457 0.448653 0.607455 0.464837 0.665714 0.402916 0.741256 0.482812 0.715509 0.558478 0.691900
200 0.294556 0.801365 0.392881 0.709425 0.382770 0.677489 0.402992 0.741362 0.382770 0.677489 0.448189 0.608423 0.464851 0.665792 0.402992 0.741362 0.482806 0.715557 0.558437 0.691965
201 0.294583 0.801744 0.392928 0.709461 0.382775 0.677519 0.403082 0.741402 0.382775 0.677519 0.448168 0.608470 0.464489 0.665845 0.403082 0.741402 0.482803 0.715568 0.558398 0.692023
202 0.294366 0.801813 0.392886 0.709519 0.382735 0.677600 0.403037 0.741438 0.382735 0.677600 0.447613 0.609495 0.464510 0.665891 0.403037 0.741438 0.482800 0.715414 0.558369 0.692050
203 0.293739 0.801855 0.392867 0.709541 0.382738 0.677615 0.402997 0.741467 0.382738 0.677615 0.447704 0.609511 0.464592 0.665571 0.402997 0.741467 0.482781 0.715475 0.558199 0.692666
204 0.293660 0.801862 0.392840 0.709616 0.382741 0.677624 0.402939 0.741609 0.382741 0.677624 0.447737 0.609650 0.464115 0.665596 0.402939 0.741609 0.481943 0.715587 0.558064 0.693507
205 0.293697 0.801536 0.392824 0.709686 0.382717 0.677635 0.402931 0.741738 0.382717 0.677635 0.447746 0.609782 0.463513 0.664742 0.402931 0.741738 0.481922 0.715685 0.558046 0.693891
206 0.293836 0.800718 0.392892 0.709586 0.382849 0.677451 0.402935 0.741720 0.382849 0.677451 0.447771 0.609698 0.463483 0.664047 0.402935 0.741720 0.482067 0.715893 0.557832 0.694407
207 0.293932 0.800431 0.392878 0.709579 0.382850 0.677422 0.402907 0.741736 0.382850 0.677422 0.448074 0.608874 0.463198 0.663859 0.402907 0.741736 0.482065 0.715908 0.558103 0.694511
208 0.293637 0.800481 0.392928 0.709569 0.382878 0.677404 0.402977 0.741734 0.382878 0.677404 0.448202 0.608589 0.463099 0.664207 0.402977 0.741734 0.483049 0.715175 0.558369 0.694372
209 0.293525 0.800532 0.392868 0.709592 0.382858 0.677408 0.402878 0.741776 0.382858 0.677408 0.448109 0.608559 0.463094 0.664095 0.402878 0.741776 0.482955 0.715514 0.558058 0.694668
210 0.293788 0.800235 0.392851 0.709617 0.382823 0.677450 0.402879 0.741783 0.382823 0.677450 0.448047 0.608334 0.462742 0.663692 0.402879 0.741783 0.482670 0.715619 0.558043 0.694668
211 0.293717 0.800051 0.392823 0.709721 0.382772 0.677583 0.402875 0.741859 0.382772 0.677583 0.448045 0.608292 0.462736 0.663758 0.402875 0.741859 0.481865 0.715622 0.557853 0.694688
212 0.293709 0.800136 0.392709 0.709984 0.382665 0.677762 0.402754 0.742205 0.382665 0.677762 0.447989 0.608549 0.462792 0.663756 0.402754 0.742205 0.481851 0.716571 0.557609 0.695001
213 0.293430 0.800084 0.392709 0.709989 0.382665 0.677762 0.402754 0.742216 0.382665 0.677762 0.447983 0.608571 0.462821 0.663711 0.402754 0.742216 0.482165 0.716595 0.557559 0.695441
214 0.293433 0.800303 0.392736 0.710125 0.382708 0.677766 0.402764 0.742484 0.382708 0.677766 0.448183 0.608553 0.463034 0.663720 0.402764 0.742484 0.482488 0.716598 0.557890 0.695455
215 0.293439 0.800330 0.392654 0.710129 0.382591 0.677769 0.402717 0.742489 0.382591 0.677769 0.448053 0.608625 0.463369 0.663728 0.402717 0.742489 0.482447 0.716831 0.557888 0.695504
216 0.293632 0.800252 0.392900 0.710142 0.382938 0.677760 0.402863 0.742524 0.382938 0.677760 0.448097 0.608773 0.463384 0.663776 0.402863 0.742524 0.482392 0.716844 0.558111 0.695444
217 0.293229 0.800194 0.392935 0.710159 0.383002 0.677677 0.402869 0.742642 0.383002 0.677677 0.447984 0.608832 0.462866 0.663748 0.402869 0.742642 0.482356 0.716859 0.558080 0.695451
218 0.293311 0.800037 0.392930 0.709899 0.382999 0.677578 0.402861 0.742219 0.382999 0.677578 0.448086 0.608493 0.462772 0.664446 0.402861 0.742219 0.482357 0.716160 0.558125 0.695176
219 0.293682 0.800050 0.392952 0.709808 0.383002 0.677513 0.402902 0.742104 0.383002 0.677513 0.448208 0.608415 0.462760 0.664458 0.402902 0.742104 0.482352 0.715870 0.558105 0.695192
220 0.293822 0.799900 0.393007 0.709014 0.383084 0.676880 0.402930 0.741148 0.383084 0.676880 0.448228 0.608418 0.464560 0.666864 0.402930 0.741148 0.481575 0.715499 0.558242 0.694790
221 0.293959 0.799817 0.392999 0.709017 0.383064 0.676883 0.402935 0.741150 0.383064 0.676883 0.448187 0.608382 0.464625 0.666824 0.402935 0.741150 0.481560 0.715463 0.558604 0.694760
222 0.293972 0.800339 0.392997 0.709145 0.383055 0.676886 0.402939 0.741403 0.383055 0.676886 0.448096 0.608466 0.464310 0.664382 0.402939 0.741403 0.481932 0.715785 0.558501 0.694853
223 0.294229 0.800218 0.392934 0.709120 0.382998 0.676835 0.402871 0.741406 0.382998 0.676835 0.448088 0.608462 0.464273 0.664302 0.402871 0.741406 0.481926 0.715903 0.559203 0.694375
224 0.294077 0.800181 0.393094 0.709172 0.383209 0.676930 0.402980 0.741413 0.383209 0.676930 0.447829 0.608813 0.465011 0.663607 0.402980 0.741413 0.482100 0.716484 0.558698 0.694582
225 0.294076 0.799880 0.393087 0.709085 0.383201 0.676815 0.402974 0.741355 0.383201 0.676815 0.447544 0.608770 0.466568 0.663634 0.402974 0.741355 0.482083 0.716484 0.559014 0.693889
226 0.294402 0.800172 0.393391 0.709120 0.383659 0.676816 0.403122 0.741424 0.383659 0.676816 0.447546 0.609353 0.466243 0.663638 0.403122 0.741424 0.482100 0.716492 0.558820 0.694003
227 0.294407 0.800316 0.393540 0.709238 0.383808 0.676808 0.403271 0.741668 0.383808 0.676808 0.447581 0.609443 0.466102 0.663640 0.403271 0.741668 0.482109 0.716645 0.558813 0.694042
228 0.294353 0.800323 0.393512 0.709894 0.383797 0.677155 0.403227 0.742633 0.383797 0.677155 0.447699 0.609101 0.466157 0.663584 0.403227 0.742633 0.482204 0.716713 0.558849 0.694055
229 0.294299 0.799747 0.393347 0.709320 0.383578 0.676892 0.403115 0.741747 0.383578 0.676892 0.447531 0.609137 0.466342 0.664295 0.403115 0.741747 0.481906 0.716652 0.559204 0.693577
230 0.294968 0.799206 0.393402 0.709093 0.383578 0.676892 0.403226 0.741295 0.383578 0.676892 0.447524 0.609344 0.467554 0.664527 0.403226 0.741295 0.481848 0.716495 0.559200 0.693585
231 0.295074 0.798451 0.393384 0.708423 0.383549 0.676558 0.403220 0.740288 0.383549 0.676558 0.447584 0.609256 0.467645 0.664730 0.403220 0.740288 0.481849 0.716496 0.559751 0.693101
232 0.295076 0.797892 0.393584 0.707072 0.383755 0.675263 0.403414 0.738882 0.383755 0.675263 0.448582 0.608680 0.467582 0.664809 0.403414 0.738882 0.483075 0.715092 0.560535 0.691627
233 0.295170 0.798027 0.393641 0.707100 0.383763 0.675280 0.403519 0.738920 0.383763 0.675280 0.448661 0.608468 0.467396 0.664876 0.403519 0.738920 0.483054 0.715062 0.560552 0.691661
234 0.294922 0.797844 0.393582 0.707132 0.383729 0.675307 0.403435 0.738958 0.383729 0.675307 0.448653 0.608285 0.467436 0.665568 0.403435 0.738958 0.483009 0.715069 0.560545 0.691680
235 0.294215 0.798423 0.393544 0.707788 0.383727 0.675540 0.403362 0.740037 0.383727 0.675540 0.448673 0.608609 0.467427 0.665399 0.403362 0.740037 0.483055 0.715755 0.559238 0.693293
236 0.294382 0.798674 0.393444 0.708128 0.383558 0.676039 0.403330 0.740218 0.383558 0.676039 0.448652 0.608690 0.466736 0.665229 0.403330 0.740218 0.482706 0.715759 0.559135 0.693366
237 0.294873 0.798655 0.393444 0.708108 0.383561 0.676047 0.403327 0.740169 0.383561 0.676047 0.448637 0.608413 0.466068 0.665082 0.403327 0.740169 0.482701 0.715977 0.559134 0.693395
238 0.294765 0.798463 0.393293 0.708087 0.383468 0.676031 0.403118 0.740144 0.383468 0.676031 0.448725 0.608415 0.464506 0.665105 0.403118 0.740144 0.482240 0.715853 0.559026 0.693398
239 0.294668 0.798147 0.393385 0.707801 0.383619 0.675666 0.403152 0.739937 0.383619 0.675666 0.448729 0.608201 0.464401 0.665379 0.403152 0.739937 0.483122 0.715792 0.559323 0.693135
