96
126
0 0.648031 0.874599 0.532986 0.825388 0.531474 0.805884 0.534498 0.844893 0.531474 0.805884 0.483957 0.776594 0.448099 0.747334 0.534498 0.844893 0.476520 0.810147 0.448676 0.794430
1 -1 -1 -1 -1 -1 -1 -1 -1 -1 -1 -1 -1 -1 -1 -1 -1 -1 -1 -1 -1
2 0.120704 0.507953 0.136062 0.799825 0.159220 0.794532 0.112904 0.805117 0.159220 0.794532 0.170366 0.969770 0.168211 1.159318 0.112904 0.805117 0.104934 0.985999 0.095478 1.165794
3 0.120778 0.504966 0.139774 0.793617 0.160374 0.787199 0.119174 0.800036 0.160374 0.787199 0.170625 0.939740 0.165599 1.021399 0.119174 0.800036 0.115929 0.964790 0.105420 1.121978
4 0.128962 0.502684 0.144687 0.790900 0.162745 0.786091 0.126629 0.795710 0.162745 0.786091 0.171384 0.936567 0.163015 1.047098 0.126629 0.795710 0.124279 0.945292 0.109444 1.092284
5 0.137945 0.499501 0.149643 0.777666 0.167295 0.771563 0.131992 0.783768 0.167295 0.771563 0.175533 0.930618 0.161507 0.995892 0.131992 0.783768 0.140106 0.936737 0.125067 1.027629
6 0.144501 0.491701 0.157104 0.773572 0.168352 0.768430 0.145856 0.778715 0.168352 0.768430 0.175711 0.923997 0.150938 1.010230 0.145856 0.778715 0.160917 0.944971 0.128236 1.073933
7 0.150115 0.487471 0.158641 0.769216 0.168361 0.764237 0.148921 0.774195 0.168361 0.764237 0.188494 0.905558 0.152379 0.996647 0.148921 0.774195 0.168095 0.947625 0.137454 1.087557
8 0.156081 0.486274 0.169506 0.766445 0.174970 0.760385 0.164041 0.772506 0.174970 0.760385 0.198568 0.900787 0.159771 0.994730 0.164041 0.772506 0.183791 0.950279 0.150345 1.095397
9 0.161893 0.485056 0.174897 0.766169 0.173859 0.756920 0.175935 0.775418 0.173859 0.756920 0.194700 0.882086 0.168326 0.978935 0.175935 0.775418 0.196588 0.952100 0.166336 1.058162
10 -1 -1 -1 -1 -1 -1 -1 -1 -1 -1 -1 -1 -1 -1 -1 -1 -1 -1 -1 -1
11 -1 -1 -1 -1 -1 -1 -1 -1 -1 -1 -1 -1 -1 -1 -1 -1 -1 -1 -1 -1
12 -1 -1 -1 -1 -1 -1 -1 -1 -1 -1 -1 -1 -1 -1 -1 -1 -1 -1 -1 -1
13 -1 -1 -1 -1 -1 -1 -1 -1 -1 -1 -1 -1 -1 -1 -1 -1 -1 -1 -1 -1
14 -1 -1 -1 -1 -1 -1 -1 -1 -1 -1 -1 -1 -1 -1 -1 -1 -1 -1 -1 -1
15 -1 -1 -1 -1 -1 -1 -1 -1 -1 -1 -1 -1 -1 -1 -1 -1 -1 -1 -1 -1
16 -1 -1 -1 -1 -1 -1 -1 -1 -1 -1 -1 -1 -1 -1 -1 -1 -1 -1 -1 -1
17 -1 -1 -1 -1 -1 -1 -1 -1 -1 -1 -1 -1 -1 -1 -1 -1 -1 -1 -1 -1
18 -1 -1 -1 -1 -1 -1 -1 -1 -1 -1 -1 -1 -1 -1 -1 -1 -1 -1 -1 -1
19 -1 -1 -1 -1 -1 -1 -1 -1 -1 -1 -1 -1 -1 -1 -1 -1 -1 -1 -1 -1
20 -1 -1 -1 -1 -1 -1 -1 -1 -1 -1 -1 -1 -1 -1 -1 -1 -1 -1 -1 -1
21 -1 -1 -1 -1 -1 -1 -1 -1 -1 -1 -1 -1 -1 -1 -1 -1 -1 -1 -1 -1
22 0.262673 0.462473 0.261089 0.720231 0.236667 0.722104 0.285510 0.718358 0.236667 0.722104 0.246778 0.852087 0.212210 0.975569 0.285510 0.718358 0.328140 0.838047 0.360098 0.980422
23 0.270973 0.462741 0.269955 0.717434 0.244925 0.719768 0.294985 0.715100 0.244925 0.719768 0.258036 0.853638 0.217949 0.978596 0.294985 0.715100 0.337427 0.846820 0.362378 0.981177
24 0.280679 0.461533 0.282843 0.710191 0.256043 0.711655 0.309644 0.708726 0.256043 0.711655 0.268235 0.852796 0.225205 0.980085 0.309644 0.708726 0.343452 0.848754 0.364182 0.980586
25 0.293024 0.457990 0.289719 0.699351 0.262489 0.700692 0.316949 0.698011 0.262489 0.700692 0.285448 0.843296 0.240146 0.978379 0.316949 0.698011 0.347584 0.845661 0.366292 0.976703
26 0.303052 0.453524 0.296275 0.692627 0.269982 0.691749 0.322569 0.693505 0.269982 0.691749 0.297654 0.836902 0.253556 0.979230 0.322569 0.693505 0.347720 0.833481 0.361567 0.972348
27 0.310297 0.444637 0.304081 0.685610 0.277280 0.682917 0.330882 0.688302 0.277280 0.682917 0.305313 0.827955 0.267305 0.979318 0.330882 0.688302 0.345898 0.827841 0.360384 0.974810
28 0.317470 0.439611 0.310691 0.685915 0.281695 0.682155 0.339686 0.689676 0.281695 0.682155 0.307996 0.825676 0.280969 0.979774 0.339686 0.689676 0.352493 0.829819 0.360741 0.975274
29 0.323683 0.440281 0.317672 0.685640 0.287748 0.681020 0.347597 0.690260 0.287748 0.681020 0.311710 0.825889 0.294546 0.978120 0.347597 0.690260 0.352932 0.832904 0.358947 0.976688
30 0.328787 0.440151 0.321128 0.683232 0.289583 0.679182 0.352674 0.687283 0.289583 0.679182 0.318354 0.819015 0.314418 0.968332 0.352674 0.687283 0.355862 0.825113 0.362260 0.966855
31 0.335280 0.437305 0.324665 0.672000 0.292066 0.666719 0.357264 0.677281 0.292066 0.666719 0.309990 0.803152 0.311616 0.955178 0.357264 0.677281 0.356153 0.821758 0.361723 0.966709
32 0.339000 0.435528 0.325975 0.666397 0.292391 0.662148 0.359560 0.670645 0.292391 0.662148 0.309047 0.782848 0.312513 0.930727 0.359560 0.670645 0.356486 0.808892 0.361746 0.961677
33 0.342199 0.429793 0.328226 0.654228 0.294636 0.649104 0.361817 0.659352 0.294636 0.649104 0.308149 0.768123 0.308624 0.908691 0.361817 0.659352 0.358728 0.806191 0.361895 0.963258
34 0.345163 0.426364 0.330270 0.650230 0.298252 0.645720 0.362287 0.654740 0.298252 0.645720 0.309771 0.756845 0.310818 0.881755 0.362287 0.654740 0.359554 0.805354 0.361751 0.966547
35 0.347297 0.423833 0.333825 0.649474 0.303104 0.646045 0.364546 0.652903 0.303104 0.646045 0.306980 0.760514 0.303887 0.885682 0.364546 0.652903 0.357697 0.810025 0.361012 0.974499
36 0.347876 0.424977 0.334299 0.654652 0.302257 0.651035 0.366342 0.658270 0.302257 0.651035 0.305888 0.757463 0.299595 0.873263 0.366342 0.658270 0.357018 0.812452 0.360558 0.975285
37 0.347828 0.423343 0.334033 0.654859 0.301237 0.650837 0.366829 0.658880 0.301237 0.650837 0.305540 0.742306 0.299013 0.835697 0.366829 0.658880 0.356215 0.813894 0.360517 0.976038
38 0.347310 0.422501 0.334624 0.652262 0.301710 0.648271 0.367538 0.656253 0.301710 0.648271 0.304792 0.743748 0.297899 0.841346 0.367538 0.656253 0.356028 0.813897 0.360166 0.976029
39 0.346636 0.420787 0.334531 0.649567 0.301743 0.645977 0.367318 0.653156 0.301743 0.645977 0.302571 0.747593 0.297009 0.853689 0.367318 0.653156 0.355869 0.811770 0.359974 0.975282
40 0.344715 0.416343 0.332846 0.644569 0.300442 0.641154 0.365250 0.647984 0.300442 0.641154 0.302933 0.730112 0.298724 0.827908 0.365250 0.647984 0.356818 0.804177 0.361384 0.971342
41 0.343211 0.411564 0.331499 0.638056 0.299049 0.634206 0.363949 0.641905 0.299049 0.634206 0.303518 0.714252 0.298143 0.816907 0.363949 0.641905 0.357898 0.793968 0.362468 0.960176
42 0.337813 0.406092 0.330436 0.626408 0.297156 0.623538 0.363716 0.629279 0.297156 0.623538 0.302866 0.705594 0.297910 0.812648 0.363716 0.629279 0.357726 0.768133 0.362593 0.936991
43 0.332016 0.395577 0.327710 0.607422 0.296673 0.606419 0.358748 0.608426 0.296673 0.606419 0.302597 0.706391 0.298905 0.821001 0.358748 0.608426 0.357560 0.744478 0.362306 0.898460
44 0.326905 0.387021 0.323681 0.598299 0.294359 0.597593 0.353003 0.599005 0.294359 0.597593 0.302520 0.707573 0.301287 0.825453 0.353003 0.599005 0.353733 0.727779 0.358995 0.874103
45 0.323955 0.378619 0.320676 0.586221 0.292547 0.586399 0.348805 0.586042 0.292547 0.586399 0.302222 0.708530 0.305523 0.827169 0.348805 0.586042 0.347616 0.711310 0.354228 0.850870
46 0.321756 0.371778 0.317319 0.573056 0.291473 0.574304 0.343166 0.571809 0.291473 0.574304 0.302145 0.700062 0.306242 0.818670 0.343166 0.571809 0.342929 0.694921 0.347910 0.825298
47 0.319275 0.366492 0.315734 0.566905 0.290969 0.568198 0.340500 0.565612 0.290969 0.568198 0.301993 0.694985 0.308423 0.816074 0.340500 0.565612 0.339608 0.683628 0.342113 0.814200
48 0.317212 0.362439 0.314482 0.557425 0.290334 0.558794 0.338630 0.556056 0.290334 0.558794 0.301024 0.687339 0.308572 0.819891 0.338630 0.556056 0.336863 0.670055 0.337460 0.804998
49 0.315761 0.361064 0.313671 0.552856 0.290564 0.553742 0.336778 0.551969 0.290564 0.553742 0.301053 0.683588 0.308700 0.819782 0.336778 0.551969 0.332126 0.659889 0.331033 0.784396
50 0.314643 0.359506 0.313158 0.550201 0.290578 0.552296 0.335738 0.548106 0.290578 0.552296 0.300555 0.681745 0.308439 0.817591 0.335738 0.548106 0.329022 0.650216 0.331119 0.770287
51 0.314183 0.357989 0.313267 0.547603 0.290682 0.549892 0.335852 0.545314 0.290682 0.549892 0.299912 0.679290 0.308089 0.814761 0.335852 0.545314 0.326783 0.638622 0.330973 0.746779
52 0.313577 0.358570 0.312916 0.550515 0.290221 0.552021 0.335610 0.549010 0.290221 0.552021 0.298717 0.682812 0.307891 0.816675 0.335610 0.549010 0.323432 0.635684 0.329028 0.734487
53 0.313656 0.358488 0.311820 0.549393 0.288542 0.549810 0.335098 0.548976 0.288542 0.549810 0.299765 0.682332 0.306402 0.816402 0.335098 0.548976 0.321882 0.633464 0.325358 0.731582
54 0.313685 0.357178 0.310767 0.547444 0.287177 0.547581 0.334357 0.547306 0.287177 0.547581 0.295713 0.678742 0.303773 0.813749 0.334357 0.547306 0.322536 0.633029 0.323460 0.728182
55 0.314353 0.354466 0.308947 0.541658 0.285141 0.541097 0.332754 0.542220 0.285141 0.541097 0.293022 0.670416 0.300753 0.807438 0.332754 0.542220 0.323957 0.634193 0.320294 0.725934
56 0.315565 0.351563 0.308223 0.531644 0.284260 0.530346 0.332185 0.532942 0.284260 0.530346 0.291060 0.651139 0.297156 0.788120 0.332185 0.532942 0.324583 0.629887 0.319379 0.731060
57 0.316439 0.347044 0.308636 0.525308 0.284504 0.523613 0.332768 0.527003 0.284504 0.523613 0.291336 0.646094 0.295215 0.770686 0.332768 0.527003 0.325143 0.626503 0.316560 0.728643
58 0.316516 0.342598 0.309162 0.519720 0.285278 0.517529 0.333047 0.521910 0.285278 0.517529 0.291694 0.633353 0.291514 0.754918 0.333047 0.521910 0.325553 0.623624 0.315056 0.734972
59 0.316345 0.338514 0.313601 0.517710 0.290576 0.515345 0.336626 0.520074 0.290576 0.515345 0.294269 0.620709 0.289203 0.739524 0.336626 0.520074 0.326303 0.619614 0.311809 0.733615
60 0.316150 0.334028 0.317031 0.514835 0.294421 0.512113 0.339642 0.517556 0.294421 0.512113 0.295458 0.609155 0.284281 0.724552 0.339642 0.517556 0.328310 0.615241 0.312469 0.727525
61 0.316372 0.331664 0.318833 0.512459 0.296746 0.509842 0.340920 0.515075 0.296746 0.509842 0.297831 0.613491 0.280964 0.730062 0.340920 0.515075 0.328676 0.617637 0.311565 0.730407
62 0.317124 0.329295 0.320367 0.510774 0.298876 0.509032 0.341859 0.512516 0.298876 0.509032 0.302160 0.606526 0.283579 0.724749 0.341859 0.512516 0.328653 0.617999 0.307113 0.733428
63 0.318111 0.326477 0.321886 0.506126 0.302137 0.503205 0.341636 0.509048 0.302137 0.503205 0.304728 0.601784 0.292923 0.713215 0.341636 0.509048 0.327634 0.612675 0.305500 0.733181
64 0.319361 0.322957 0.323290 0.499376 0.305113 0.495348 0.341467 0.503404 0.305113 0.495348 0.307059 0.595709 0.300560 0.715749 0.341467 0.503404 0.327285 0.600869 0.306525 0.727168
65 0.319975 0.321351 0.324575 0.497331 0.306929 0.494332 0.342221 0.500330 0.306929 0.494332 0.318099 0.591983 0.309449 0.715493 0.342221 0.500330 0.327846 0.598630 0.307337 0.724855
66 0.320469 0.320210 0.325754 0.494048 0.308376 0.491152 0.343132 0.496943 0.308376 0.491152 0.326083 0.583487 0.326195 0.681944 0.343132 0.496943 0.329909 0.584059 0.313752 0.698540
67 0.321801 0.317998 0.327154 0.492748 0.309961 0.489349 0.344347 0.496147 0.309961 0.489349 0.331199 0.576482 0.336883 0.666990 0.344347 0.496147 0.330778 0.585512 0.316074 0.695712
68 0.322758 0.314468 0.328434 0.486738 0.311152 0.484202 0.345716 0.489273 0.311152 0.484202 0.331933 0.573249 0.330590 0.672531 0.345716 0.489273 0.333250 0.583286 0.317752 0.692576
69 0.323713 0.312865 0.328523 0.486020 0.311299 0.483140 0.345746 0.488900 0.311299 0.483140 0.333801 0.571350 0.342496 0.662891 0.345746 0.488900 0.334361 0.587294 0.317639 0.700805
70 0.324954 0.312687 0.328067 0.484594 0.310639 0.481186 0.345495 0.488003 0.310639 0.481186 0.336258 0.571291 0.336681 0.663133 0.345495 0.488003 0.335189 0.590086 0.317161 0.704328
71 0.327678 0.312033 0.329184 0.482460 0.312296 0.480552 0.346072 0.484367 0.312296 0.480552 0.338499 0.575726 0.335000 0.663801 0.346072 0.484367 0.336944 0.587961 0.317611 0.704091
72 0.331192 0.311218 0.329645 0.477314 0.313234 0.475830 0.346057 0.478799 0.313234 0.475830 0.340786 0.574366 0.334084 0.660660 0.346057 0.478799 0.339433 0.587617 0.316369 0.705782
73 0.334599 0.310478 0.330072 0.475169 0.314106 0.471982 0.346038 0.478355 0.314106 0.471982 0.342174 0.571932 0.334109 0.664950 0.346038 0.478355 0.341402 0.588929 0.314604 0.706539
74 0.337792 0.309561 0.331237 0.475430 0.316751 0.471517 0.345724 0.479342 0.316751 0.471517 0.346068 0.570436 0.335866 0.666595 0.345724 0.479342 0.344129 0.589759 0.312482 0.702188
75 0.339990 0.308001 0.335013 0.473774 0.322419 0.470427 0.347608 0.477121 0.322419 0.470427 0.348072 0.570946 0.335212 0.668531 0.347608 0.477121 0.348456 0.587702 0.311850 0.694987
76 0.342457 0.304775 0.341020 0.470290 0.328130 0.468238 0.353909 0.472342 0.328130 0.468238 0.348484 0.569283 0.335357 0.668769 0.353909 0.472342 0.357287 0.580457 0.314892 0.684312
77 0.346175 0.302691 0.345018 0.466569 0.334405 0.465395 0.355632 0.467744 0.334405 0.465395 0.346810 0.568204 0.334822 0.666971 0.355632 0.467744 0.363919 0.574906 0.321927 0.679238
78 0.352405 0.302257 0.348768 0.466646 0.342119 0.465753 0.355416 0.467538 0.342119 0.465753 0.348444 0.569241 0.334525 0.668102 0.355416 0.467538 0.371464 0.574894 0.329326 0.676705
79 0.356725 0.302609 0.352813 0.468103 0.348774 0.466733 0.356851 0.469473 0.348774 0.466733 0.353649 0.569582 0.335634 0.668493 0.356851 0.469473 0.377009 0.577116 0.336676 0.680167
80 0.360901 0.302448 0.355906 0.469228 0.352776 0.467589 0.359035 0.470867 0.352776 0.467589 0.354395 0.570927 0.340169 0.673271 0.359035 0.470867 0.383023 0.578143 0.345915 0.683011
81 0.365083 0.303906 0.356474 0.469522 0.352526 0.468342 0.360423 0.470703 0.352526 0.468342 0.356941 0.572612 0.343133 0.679725 0.360423 0.470703 0.390917 0.578688 0.359033 0.683364
82 0.369863 0.305228 0.359541 0.470035 0.356919 0.468819 0.362163 0.471251 0.356919 0.468819 0.359089 0.574420 0.342772 0.681912 0.362163 0.471251 0.394963 0.578915 0.369512 0.687173
83 0.374068 0.308982 0.365391 0.473339 0.365410 0.472328 0.365373 0.474349 0.365410 0.472328 0.361688 0.574815 0.341739 0.678889 0.365373 0.474349 0.399844 0.581820 0.381732 0.693411
84 0.378548 0.312055 0.368296 0.475886 0.370488 0.475297 0.366104 0.476474 0.370488 0.475297 0.360685 0.576808 0.341452 0.680531 0.366104 0.476474 0.401014 0.583852 0.395341 0.700735
85 0.382676 0.316997 0.372957 0.486801 0.374749 0.486016 0.371166 0.487586 0.374749 0.486016 0.360013 0.585020 0.341704 0.683199 0.371166 0.487586 0.401131 0.591235 0.407389 0.707417
86 0.387710 0.320144 0.378904 0.492934 0.381405 0.492261 0.376403 0.493608 0.381405 0.492261 0.361190 0.589111 0.341647 0.683879 0.376403 0.493608 0.401624 0.599420 0.413396 0.711743
87 0.392532 0.325473 0.382932 0.496130 0.387552 0.495074 0.378311 0.497186 0.387552 0.495074 0.365661 0.592922 0.341370 0.683556 0.378311 0.497186 0.402672 0.607738 0.414652 0.717353
88 0.397082 0.332324 0.389577 0.502150 0.396769 0.500469 0.382384 0.503831 0.396769 0.500469 0.374561 0.598225 0.341260 0.683394 0.382384 0.503831 0.408532 0.615213 0.416363 0.728609
89 0.403293 0.337975 0.392194 0.501134 0.402436 0.500210 0.381953 0.502059 0.402436 0.500210 0.387486 0.597327 0.346054 0.674866 0.381953 0.502059 0.407570 0.610128 0.416329 0.723287
90 0.407853 0.344665 0.401919 0.503940 0.415198 0.502480 0.388640 0.505400 0.415198 0.502480 0.401370 0.601705 0.355539 0.663217 0.388640 0.505400 0.412325 0.611727 0.415678 0.721654
91 0.411744 0.352384 0.408098 0.507537 0.422055 0.504922 0.394141 0.510151 0.422055 0.504922 0.415248 0.608513 0.367111 0.654949 0.394141 0.510151 0.416291 0.615408 0.415225 0.720745
92 0.416140 0.360087 0.411291 0.515372 0.426295 0.512267 0.396286 0.518477 0.426295 0.512267 0.426036 0.613064 0.377319 0.649957 0.396286 0.518477 0.420634 0.626049 0.415018 0.720014
93 0.422269 0.372088 0.414468 0.525893 0.431319 0.523950 0.397617 0.527837 0.431319 0.523950 0.436540 0.623175 0.389283 0.648117 0.397617 0.527837 0.421340 0.631545 0.414149 0.716533
94 0.425763 0.385040 0.415624 0.532248 0.433185 0.530366 0.398063 0.534129 0.433185 0.530366 0.441693 0.630810 0.395833 0.640708 0.398063 0.534129 0.421125 0.637667 0.416297 0.730357
95 0.428141 0.398221 0.418834 0.542813 0.436370 0.539768 0.401297 0.545857 0.436370 0.539768 0.440095 0.639396 0.412915 0.673143 0.401297 0.545857 0.419027 0.641632 0.419704 0.716225
96 0.432781 0.412136 0.422396 0.550531 0.441458 0.547427 0.403334 0.553636 0.441458 0.547427 0.442977 0.645931 0.434134 0.678029 0.403334 0.553636 0.417493 0.649467 0.417548 0.717414
97 0.438038 0.425289 0.424581 0.565910 0.444476 0.564573 0.404685 0.567247 0.444476 0.564573 0.445400 0.658154 0.441968 0.696930 0.404685 0.567247 0.416619 0.660271 0.416503 0.719205
98 0.441938 0.437389 0.428406 0.572808 0.448619 0.570542 0.408193 0.575074 0.448619 0.570542 0.446904 0.666486 0.450829 0.700039 0.408193 0.575074 0.416142 0.669868 0.417492 0.727028
99 0.444745 0.453519 0.432069 0.588141 0.452573 0.586532 0.411565 0.589751 0.452573 0.586532 0.446993 0.672870 0.453700 0.708349 0.411565 0.589751 0.414666 0.673642 0.417068 0.719065
100 0.446642 0.468285 0.435722 0.598380 0.456407 0.599148 0.415036 0.597611 0.456407 0.599148 0.444899 0.685681 0.445544 0.710909 0.415036 0.597611 0.412284 0.683494 0.417004 0.714319
101 0.449723 0.481083 0.438980 0.609973 0.460011 0.614310 0.417949 0.605636 0.460011 0.614310 0.445327 0.704651 0.438002 0.717463 0.417949 0.605636 0.408108 0.689724 0.416589 0.714424
102 0.453487 0.499046 0.443944 0.629492 0.465802 0.635410 0.422086 0.623574 0.465802 0.635410 0.445855 0.729293 0.438990 0.713118 0.422086 0.623574 0.405019 0.709800 0.418434 0.705777
103 0.455732 0.515773 0.450686 0.646724 0.473411 0.651540 0.427961 0.641908 0.473411 0.651540 0.447730 0.744960 0.450253 0.712525 0.427961 0.641908 0.404681 0.726394 0.422296 0.703646
104 0.459734 0.532390 0.457064 0.664216 0.480233 0.669668 0.433895 0.658763 0.480233 0.669668 0.448609 0.763257 0.452592 0.715619 0.433895 0.658763 0.404295 0.744852 0.421916 0.705594
105 0.464642 0.549743 0.462577 0.677430 0.485731 0.683267 0.439424 0.671593 0.485731 0.683267 0.450192 0.779159 0.455013 0.732350 0.439424 0.671593 0.404886 0.756091 0.424738 0.720950
106 -1 -1 -1 -1 -1 -1 -1 -1 -1 -1 -1 -1 -1 -1 -1 -1 -1 -1 -1 -1
107 -1 -1 -1 -1 -1 -1 -1 -1 -1 -1 -1 -1 -1 -1 -1 -1 -1 -1 -1 -1
108 -1 -1 -1 -1 -1 -1 -1 -1 -1 -1 -1 -1 -1 -1 -1 -1 -1 -1 -1 -1
109 -1 -1 -1 -1 -1 -1 -1 -1 -1 -1 -1 -1 -1 -1 -1 -1 -1 -1 -1 -1
110 -1 -1 -1 -1 -1 -1 -1 -1 -1 -1 -1 -1 -1 -1 -1 -1 -1 -1 -1 -1
111 -1 -1 -1 -1 -1 -1 -1 -1 -1 -1 -1 -1 -1 -1 -1 -1 -1 -1 -1 -1
112 -1 -1 -1 -1 -1 -1 -1 -1 -1 -1 -1 -1 -1 -1 -1 -1 -1 -1 -1 -1
113 -1 -1 -1 -1 -1 -1 -1 -1 -1 -1 -1 -1 -1 -1 -1 -1 -1 -1 -1 -1
114 0.556928 0.737793 0.538229 0.742873 0.560022 0.754534 0.516435 0.731211 0.560022 0.754534 0.564306 0.790144 0.488399 0.755320 0.516435 0.731211 0.445220 0.744310 0.456075 0.725076
115 -1 -1 -1 -1 -1 -1 -1 -1 -1 -1 -1 -1 -1 -1 -1 -1 -1 -1 -1 -1
116 0.574499 0.793075 0.556218 0.746481 0.578009 0.758994 0.534426 0.733968 0.578009 0.758994 0.560863 0.786666 0.501773 0.735683 0.534426 0.733968 0.475237 0.746680 0.445594 0.683701
117 0.583942 0.798444 0.569633 0.751361 0.579257 0.757620 0.560009 0.745101 0.579257 0.757620 0.534364 0.732067 0.466335 0.695169 0.560009 0.745101 0.516030 0.738011 0.447800 0.692398
118 -1 -1 -1 -1 -1 -1 -1 -1 -1 -1 -1 -1 -1 -1 -1 -1 -1 -1 -1 -1
119 0.619856 0.817614 0.553798 0.741973 0.550596 0.768313 0.557001 0.715634 0.550596 0.768313 0.490007 0.785884 0.474998 0.748667 0.557001 0.715634 0.469024 0.729019 0.459870 0.672641
120 0.628991 0.815578 0.555689 0.740274 0.554190 0.762823 0.557189 0.717724 0.554190 0.762823 0.483017 0.773520 0.465919 0.732281 0.557189 0.717724 0.474306 0.743071 0.461697 0.686990
121 0.641399 0.818095 0.560106 0.741504 0.559091 0.763365 0.561121 0.719644 0.559091 0.763365 0.496467 0.801522 0.466853 0.749625 0.561121 0.719644 0.474804 0.749679 0.461621 0.684152
122 0.648027 0.823520 0.561189 0.748756 0.558565 0.774922 0.563813 0.722591 0.558565 0.774922 0.493029 0.798496 0.468678 0.738456 0.563813 0.722591 0.477621 0.750386 0.461874 0.693053
123 0.654736 0.827063 0.562329 0.752845 0.558997 0.781101 0.565662 0.724589 0.558997 0.781101 0.488024 0.795667 0.468989 0.738806 0.565662 0.724589 0.477136 0.750698 0.460998 0.702223
124 0.658329 0.835171 0.562966 0.759679 0.558691 0.788337 0.567241 0.731020 0.558691 0.788337 0.488118 0.795562 0.468893 0.740285 0.567241 0.731020 0.481940 0.754674 0.460709 0.712406
125 0.659746 0.840595 0.563091 0.767510 0.558459 0.796380 0.567722 0.738640 0.558459 0.796380 0.486943 0.797654 0.467561 0.739188 0.567722 0.738640 0.486150 0.760030 0.458367 0.721151
126 0.659982 0.842097 0.560473 0.771385 0.553657 0.799017 0.567289 0.743753 0.553657 0.799017 0.483525 0.797033 0.466613 0.738240 0.567289 0.743753 0.484066 0.763162 0.451220 0.732714
127 0.662011 0.843054 0.559342 0.777206 0.551564 0.804595 0.567119 0.749818 0.551564 0.804595 0.475755 0.792521 0.469061 0.730970 0.567119 0.749818 0.480657 0.771054 0.448141 0.744481
128 0.662497 0.840798 0.554795 0.777050 0.548102 0.802639 0.561489 0.751462 0.548102 0.802639 0.467039 0.781285 0.469117 0.731822 0.561489 0.751462 0.469438 0.779386 0.441544 0.744975
129 0.662421 0.839326 0.551124 0.778083 0.545949 0.802684 0.556299 0.753482 0.545949 0.802684 0.462938 0.781506 0.467219 0.732949 0.556299 0.753482 0.464923 0.781998 0.431863 0.757307
130 0.662251 0.837537 0.550501 0.777506 0.546070 0.801881 0.554932 0.753132 0.546070 0.801881 0.465609 0.782052 0.467292 0.733649 0.554932 0.753132 0.466255 0.785580 0.428778 0.758389
131 0.662509 0.835851 0.546154 0.777183 0.545045 0.802856 0.547262 0.751511 0.545045 0.802856 0.463109 0.788149 0.466474 0.730841 0.547262 0.751511 0.466317 0.790511 0.425100 0.760105
132 0.661840 0.834622 0.546431 0.777250 0.545296 0.803609 0.547566 0.750891 0.545296 0.803609 0.465184 0.788108 0.465773 0.731279 0.547566 0.750891 0.467316 0.790804 0.425788 0.756432
133 0.662453 0.834439 0.546569 0.778705 0.545309 0.805146 0.547830 0.752265 0.545309 0.805146 0.466218 0.787824 0.463383 0.729308 0.547830 0.752265 0.469933 0.788446 0.425911 0.756812
134 0.662323 0.834251 0.547147 0.779454 0.545394 0.805781 0.548900 0.753127 0.545394 0.805781 0.464395 0.786297 0.460491 0.729543 0.548900 0.753127 0.471914 0.785687 0.427001 0.757770
135 0.662783 0.834197 0.547519 0.779161 0.545551 0.805450 0.549488 0.752873 0.545551 0.805450 0.463186 0.785535 0.461370 0.728204 0.549488 0.752873 0.471842 0.784908 0.425829 0.762893
136 0.662787 0.834366 0.549734 0.779575 0.546447 0.805569 0.553020 0.753581 0.546447 0.805569 0.464207 0.784179 0.461145 0.727995 0.553020 0.753581 0.473259 0.783440 0.425504 0.761385
137 0.663765 0.834306 0.550934 0.779426 0.548147 0.805501 0.553721 0.753351 0.548147 0.805501 0.464594 0.784641 0.461569 0.728363 0.553721 0.753351 0.474404 0.782929 0.426244 0.760109
138 0.664355 0.833718 0.552614 0.779052 0.549051 0.805137 0.556177 0.752967 0.549051 0.805137 0.465101 0.784584 0.461340 0.728594 0.556177 0.752967 0.475764 0.782009 0.426897 0.758958
139 0.665476 0.832946 0.554022 0.778838 0.550373 0.804924 0.557670 0.752752 0.550373 0.804924 0.466223 0.783876 0.461716 0.728510 0.557670 0.752752 0.476293 0.781278 0.427380 0.758087
140 0.666810 0.832765 0.555973 0.778724 0.552213 0.804760 0.559732 0.752688 0.552213 0.804760 0.468219 0.783763 0.461051 0.728606 0.559732 0.752688 0.477718 0.776444 0.427525 0.757498
141 0.667202 0.833375 0.556616 0.778663 0.552632 0.804725 0.560600 0.752602 0.552632 0.804725 0.468225 0.783549 0.461233 0.728695 0.560600 0.752602 0.477516 0.771648 0.428273 0.757405
142 0.667518 0.833190 0.556382 0.777223 0.552573 0.804391 0.560192 0.750055 0.552573 0.804391 0.467579 0.783105 0.451530 0.736948 0.560192 0.750055 0.477382 0.764500 0.432763 0.757233
143 0.667499 0.833269 0.554800 0.776107 0.550298 0.803769 0.559302 0.748446 0.550298 0.803769 0.466688 0.783021 0.439092 0.748052 0.559302 0.748446 0.478664 0.759582 0.443633 0.745522
144 0.667710 0.833280 0.554588 0.775453 0.550029 0.803453 0.559147 0.747453 0.550029 0.803453 0.465678 0.783041 0.437149 0.750635 0.559147 0.747453 0.478768 0.757296 0.446115 0.741441
145 0.668117 0.833251 0.554476 0.775006 0.549968 0.803219 0.558984 0.746794 0.549968 0.803219 0.465592 0.783047 0.437319 0.750416 0.558984 0.746794 0.478828 0.756015 0.445455 0.739754
146 0.668269 0.833084 0.553690 0.773960 0.549094 0.802105 0.558286 0.745815 0.549094 0.802105 0.464618 0.782739 0.436549 0.750160 0.558286 0.745815 0.478766 0.754356 0.445373 0.739805
147 0.668468 0.832863 0.553520 0.773066 0.548871 0.801323 0.558168 0.744809 0.548871 0.801323 0.463835 0.781789 0.431757 0.752701 0.558168 0.744809 0.478712 0.753507 0.448685 0.738528
148 0.668429 0.833006 0.553488 0.772878 0.548832 0.801246 0.558144 0.744509 0.548832 0.801246 0.463384 0.781034 0.429679 0.754145 0.558144 0.744509 0.478780 0.752237 0.458773 0.733442
149 0.668615 0.833293 0.553482 0.772683 0.548845 0.801221 0.558119 0.744145 0.548845 0.801221 0.463469 0.780980 0.429760 0.754177 0.558119 0.744145 0.479031 0.752596 0.455500 0.734634
150 0.668502 0.833879 0.554257 0.772460 0.549973 0.801133 0.558541 0.743788 0.549973 0.801133 0.464167 0.781010 0.430663 0.754416 0.558541 0.743788 0.479883 0.753068 0.453741 0.735351
151 0.668569 0.833875 0.554121 0.772337 0.549702 0.800996 0.558539 0.743678 0.549702 0.800996 0.463232 0.780826 0.430424 0.754506 0.558539 0.743678 0.479846 0.751822 0.460400 0.734370
152 0.668568 0.833853 0.554078 0.771399 0.549632 0.800014 0.558524 0.742783 0.549632 0.800014 0.463249 0.780486 0.429801 0.754699 0.558524 0.742783 0.479854 0.751625 0.464302 0.732581
153 0.668508 0.833833 0.554079 0.770945 0.549651 0.799318 0.558507 0.742572 0.549651 0.799318 0.463276 0.780227 0.431304 0.753877 0.558507 0.742572 0.479810 0.751834 0.459462 0.733149
154 0.668554 0.833839 0.554842 0.771072 0.550447 0.799524 0.559238 0.742619 0.550447 0.799524 0.463678 0.780236 0.432073 0.754003 0.559238 0.742619 0.479783 0.752157 0.458391 0.733643
155 0.668822 0.833835 0.554901 0.771134 0.550575 0.799619 0.559228 0.742648 0.550575 0.799619 0.463808 0.780399 0.432677 0.753708 0.559228 0.742648 0.479707 0.751486 0.452174 0.733931
156 0.668990 0.833997 0.554973 0.771509 0.550742 0.799975 0.559203 0.743044 0.550742 0.799975 0.464442 0.780880 0.433034 0.753820 0.559203 0.743044 0.479889 0.751362 0.451927 0.734221
157 0.668841 0.834050 0.554574 0.771527 0.550572 0.799981 0.558575 0.743072 0.550572 0.799981 0.464999 0.780886 0.433228 0.753704 0.558575 0.743072 0.479980 0.751515 0.451830 0.734423
158 0.668448 0.834040 0.554281 0.771383 0.550474 0.799755 0.558087 0.743011 0.550474 0.799755 0.465218 0.780984 0.434272 0.752553 0.558087 0.743011 0.479854 0.751438 0.448355 0.735416
159 0.668013 0.834101 0.553833 0.771393 0.550385 0.799760 0.557281 0.743027 0.550385 0.799760 0.466133 0.780956 0.432267 0.753305 0.557281 0.743027 0.480331 0.751579 0.453831 0.735027
160 0.667716 0.833731 0.553567 0.771301 0.550199 0.799537 0.556935 0.743066 0.550199 0.799537 0.466420 0.780864 0.432114 0.753222 0.556935 0.743066 0.480534 0.751664 0.453079 0.734927
161 0.667444 0.833165 0.553210 0.771354 0.549974 0.799541 0.556446 0.743166 0.549974 0.799541 0.466528 0.781006 0.432168 0.753160 0.556446 0.743166 0.480603 0.751781 0.452925 0.733873
162 0.667128 0.833108 0.552910 0.771345 0.549647 0.799510 0.556174 0.743180 0.549647 0.799510 0.466782 0.781476 0.432903 0.753144 0.556174 0.743180 0.480744 0.751803 0.453908 0.733453
163 0.666534 0.833118 0.552818 0.772240 0.549644 0.800617 0.555991 0.743863 0.549644 0.800617 0.466899 0.783118 0.435564 0.752458 0.555991 0.743863 0.480206 0.751923 0.458589 0.733484
164 0.666237 0.833092 0.552775 0.772530 0.549665 0.800934 0.555884 0.744126 0.549665 0.800934 0.467974 0.784028 0.440089 0.751245 0.555884 0.744126 0.480207 0.751978 0.449248 0.733563
165 0.666002 0.833043 0.552639 0.772617 0.549662 0.801046 0.555615 0.744189 0.549662 0.801046 0.468146 0.784271 0.442382 0.750090 0.555615 0.744189 0.479988 0.752014 0.439737 0.734571
166 0.665736 0.833107 0.552596 0.772861 0.549660 0.801317 0.555531 0.744405 0.549660 0.801317 0.468488 0.784529 0.443376 0.749535 0.555531 0.744405 0.479851 0.752040 0.435256 0.737019
167 0.665672 0.833417 0.552666 0.773096 0.549691 0.801629 0.555640 0.744564 0.549691 0.801629 0.468589 0.785049 0.443350 0.749302 0.555640 0.744564 0.479842 0.752072 0.435997 0.737441
168 0.665639 0.833676 0.552900 0.773275 0.549807 0.801888 0.555993 0.744663 0.549807 0.801888 0.468818 0.785486 0.443058 0.749276 0.555993 0.744663 0.479874 0.752090 0.438144 0.736652
169 0.665669 0.834074 0.553050 0.773485 0.549854 0.802161 0.556245 0.744808 0.549854 0.802161 0.469290 0.785823 0.443105 0.749092 0.556245 0.744808 0.479922 0.751991 0.439304 0.736489
170 0.665765 0.834108 0.553109 0.773562 0.549892 0.802173 0.556326 0.744951 0.549892 0.802173 0.469417 0.786162 0.443346 0.748637 0.556326 0.744951 0.479894 0.751710 0.439569 0.736583
171 0.665850 0.834216 0.553318 0.773568 0.550039 0.802182 0.556598 0.744954 0.550039 0.802182 0.470061 0.786308 0.443573 0.748162 0.556598 0.744954 0.479954 0.751440 0.440057 0.736579
172 0.666177 0.834287 0.553531 0.773532 0.550256 0.802169 0.556806 0.744896 0.550256 0.802169 0.470140 0.786295 0.443629 0.747908 0.556806 0.744896 0.479933 0.751436 0.439977 0.737128
173 0.666661 0.834160 0.553521 0.773522 0.550256 0.802137 0.556786 0.744907 0.550256 0.802137 0.470119 0.786321 0.443511 0.747901 0.556786 0.744907 0.480234 0.750611 0.440154 0.736940
