267
292
0 -1 -1 -1 -1 -1 -1 -1 -1 -1 -1 -1 -1 -1 -1 -1 -1 -1 -1 -1 -1
1 0.725053 0.285387 0.711939 0.454744 0.692591 0.455330 0.731286 0.454158 0.692591 0.455330 0.692391 0.572060 0.704023 0.695380 0.731286 0.454158 0.714347 0.567871 0.697524 0.672831
2 0.723794 0.284947 0.711643 0.452608 0.692303 0.453028 0.730984 0.452187 0.692303 0.453028 0.689561 0.569536 0.702236 0.691290 0.730984 0.452187 0.708520 0.565425 0.697529 0.672864
3 0.721817 0.284943 0.710882 0.452415 0.690939 0.452857 0.730824 0.451973 0.690939 0.452857 0.682975 0.561092 0.697640 0.670886 0.730824 0.451973 0.707999 0.565478 0.696860 0.674778
4 0.718774 0.282981 0.709697 0.449929 0.689734 0.450251 0.729660 0.449608 0.689734 0.450251 0.675893 0.554431 0.691776 0.664253 0.729660 0.449608 0.706671 0.564995 0.694815 0.674984
5 0.717337 0.280262 0.708442 0.445685 0.688337 0.444704 0.728546 0.446666 0.688337 0.444704 0.670926 0.545253 0.684583 0.653142 0.728546 0.446666 0.707144 0.557614 0.694689 0.667258
6 0.715764 0.277070 0.707054 0.442806 0.687164 0.441397 0.726944 0.444216 0.687164 0.441397 0.666053 0.543441 0.677427 0.653042 0.726944 0.444216 0.707480 0.555113 0.694625 0.664890
7 0.713513 0.274155 0.704850 0.439716 0.685723 0.437787 0.723978 0.441644 0.685723 0.437787 0.665562 0.543563 0.671474 0.653042 0.723978 0.441644 0.706949 0.554485 0.694051 0.664153
8 0.710368 0.271952 0.702279 0.433659 0.682501 0.432619 0.722057 0.434698 0.682501 0.432619 0.664904 0.533042 0.667091 0.638388 0.722057 0.434698 0.706663 0.551438 0.693254 0.657490
9 0.707417 0.269967 0.699847 0.432630 0.680103 0.431608 0.719591 0.433652 0.680103 0.431608 0.664139 0.531046 0.660985 0.629977 0.719591 0.433652 0.705583 0.552670 0.693211 0.662141
10 0.704202 0.268673 0.698291 0.430383 0.678570 0.429020 0.718012 0.431746 0.678570 0.429020 0.662833 0.526550 0.653798 0.620806 0.718012 0.431746 0.704048 0.551440 0.692906 0.662484
11 0.700833 0.268736 0.695973 0.430895 0.676138 0.429423 0.715808 0.432367 0.676138 0.429423 0.661705 0.523366 0.641243 0.620600 0.715808 0.432367 0.702313 0.551991 0.691417 0.662923
12 0.696172 0.268402 0.692843 0.430868 0.673108 0.429488 0.712578 0.432249 0.673108 0.429488 0.660370 0.521213 0.634460 0.615973 0.712578 0.432249 0.701215 0.552449 0.690962 0.668037
13 0.691651 0.268321 0.688723 0.429498 0.668750 0.428283 0.708696 0.430713 0.668750 0.428283 0.659097 0.516773 0.631070 0.605847 0.708696 0.430713 0.700808 0.551772 0.690763 0.670948
14 0.688228 0.269179 0.686233 0.427813 0.665763 0.426789 0.706703 0.428836 0.665763 0.426789 0.657095 0.512672 0.628681 0.597623 0.706703 0.428836 0.699635 0.545720 0.690380 0.667274
15 0.682765 0.269639 0.682795 0.423676 0.661652 0.423439 0.703939 0.423912 0.661652 0.423439 0.654360 0.509026 0.632778 0.589307 0.703939 0.423912 0.697620 0.538422 0.689905 0.660734
16 0.677671 0.269321 0.678990 0.419027 0.657655 0.418889 0.700324 0.419164 0.657655 0.418889 0.650595 0.508064 0.630733 0.591664 0.700324 0.419164 0.694194 0.534225 0.689722 0.658340
17 0.671197 0.267309 0.674423 0.409752 0.653991 0.410312 0.694854 0.409193 0.653991 0.410312 0.648241 0.505104 0.629531 0.593501 0.694854 0.409193 0.690764 0.522445 0.688418 0.643288
18 0.665674 0.264426 0.669632 0.405207 0.649961 0.406303 0.689303 0.404112 0.649961 0.406303 0.644700 0.503551 0.628864 0.593640 0.689303 0.404112 0.686873 0.516027 0.687447 0.635270
19 0.662200 0.260137 0.666773 0.402555 0.647068 0.403146 0.686478 0.401964 0.647068 0.403146 0.641295 0.500836 0.629509 0.592728 0.686478 0.401964 0.682528 0.508385 0.684823 0.622978
20 0.658538 0.256947 0.662569 0.399150 0.643689 0.400519 0.681448 0.397781 0.643689 0.400519 0.639644 0.501356 0.631349 0.593704 0.681448 0.397781 0.677902 0.504527 0.682262 0.616112
21 0.654824 0.253722 0.659411 0.396151 0.641389 0.397853 0.677434 0.394449 0.641389 0.397853 0.636757 0.503119 0.632067 0.595536 0.677434 0.394449 0.673183 0.501992 0.679385 0.612918
22 0.651867 0.252121 0.657512 0.389931 0.640342 0.392102 0.674683 0.387761 0.640342 0.392102 0.634114 0.500047 0.630822 0.596980 0.674683 0.387761 0.667306 0.494832 0.672774 0.604412
23 0.648995 0.250894 0.656295 0.387324 0.640202 0.389391 0.672388 0.385257 0.640202 0.389391 0.634075 0.494445 0.629419 0.593089 0.672388 0.385257 0.663557 0.488611 0.665149 0.595126
24 0.645756 0.249160 0.654354 0.387360 0.639209 0.389455 0.669500 0.385266 0.639209 0.389455 0.634517 0.491037 0.631671 0.593795 0.669500 0.385266 0.659315 0.484784 0.658328 0.586155
25 0.642722 0.248063 0.652109 0.386308 0.637704 0.388145 0.666514 0.384470 0.637704 0.388145 0.630924 0.491448 0.631110 0.594070 0.666514 0.384470 0.654659 0.482065 0.654989 0.581355
26 0.639150 0.246547 0.649224 0.384465 0.635744 0.386311 0.662704 0.382620 0.635744 0.386311 0.628242 0.490803 0.629695 0.594628 0.662704 0.382620 0.645529 0.480905 0.642201 0.583469
27 0.636076 0.245298 0.647239 0.384371 0.634488 0.386635 0.659991 0.382107 0.634488 0.386635 0.627911 0.489891 0.628502 0.595187 0.659991 0.382107 0.639774 0.478989 0.632387 0.581364
28 0.632592 0.245171 0.645222 0.383771 0.632027 0.386571 0.658417 0.380971 0.632027 0.386571 0.626446 0.490284 0.626855 0.597258 0.658417 0.380971 0.633170 0.477880 0.625582 0.583694
29 0.629252 0.244771 0.644282 0.382773 0.631628 0.386594 0.656936 0.378953 0.631628 0.386594 0.625702 0.488567 0.626668 0.595743 0.656936 0.378953 0.630973 0.475038 0.623298 0.574409
30 0.626744 0.245101 0.642927 0.381474 0.630711 0.385678 0.655143 0.377270 0.630711 0.385678 0.625044 0.483903 0.626881 0.589364 0.655143 0.377270 0.627742 0.467969 0.622764 0.553367
31 0.624288 0.246322 0.641918 0.380461 0.630257 0.384716 0.653578 0.376207 0.630257 0.384716 0.624912 0.480664 0.627189 0.587286 0.653578 0.376207 0.625538 0.460461 0.619209 0.543464
32 0.621313 0.248025 0.641018 0.379919 0.629595 0.383900 0.652441 0.375938 0.629595 0.383900 0.624488 0.479746 0.628301 0.587983 0.652441 0.375938 0.623180 0.450760 0.610627 0.507451
33 0.617243 0.250347 0.639617 0.379350 0.628375 0.382875 0.650860 0.375825 0.628375 0.382875 0.622733 0.478335 0.628481 0.586800 0.650860 0.375825 0.623473 0.459279 0.620397 0.528481
34 0.613670 0.252715 0.637202 0.380104 0.626340 0.383439 0.648065 0.376770 0.626340 0.383439 0.620386 0.480023 0.627050 0.587553 0.648065 0.376770 0.623688 0.460853 0.624244 0.551388
35 0.608468 0.254576 0.634686 0.380566 0.624010 0.383872 0.645362 0.377260 0.624010 0.383872 0.619678 0.480746 0.625923 0.587422 0.645362 0.377260 0.623568 0.462956 0.625214 0.557070
36 0.602817 0.256563 0.633405 0.380713 0.623177 0.383943 0.643633 0.377484 0.623177 0.383943 0.619513 0.481295 0.625551 0.587837 0.643633 0.377484 0.623317 0.462424 0.624678 0.551122
37 0.598666 0.258052 0.632195 0.380707 0.622008 0.384169 0.642382 0.377244 0.622008 0.384169 0.618575 0.481510 0.624119 0.587571 0.642382 0.377244 0.623671 0.463952 0.624009 0.554079
38 0.594708 0.263103 0.631171 0.380873 0.621207 0.384320 0.641135 0.377425 0.621207 0.384320 0.617582 0.481851 0.622976 0.589064 0.641135 0.377425 0.622163 0.464678 0.619501 0.549073
39 0.590978 0.266200 0.631246 0.380350 0.622119 0.384323 0.640372 0.376378 0.622119 0.384323 0.617542 0.482432 0.623245 0.589129 0.640372 0.376378 0.621063 0.460916 0.617540 0.545635
40 0.587775 0.269487 0.630157 0.377931 0.622694 0.383463 0.637620 0.372399 0.622694 0.383463 0.617892 0.482345 0.624145 0.587504 0.637620 0.372399 0.607732 0.414988 0.589466 0.483067
41 -1 -1 -1 -1 -1 -1 -1 -1 -1 -1 -1 -1 -1 -1 -1 -1 -1 -1 -1 -1
42 -1 -1 -1 -1 -1 -1 -1 -1 -1 -1 -1 -1 -1 -1 -1 -1 -1 -1 -1 -1
43 -1 -1 -1 -1 -1 -1 -1 -1 -1 -1 -1 -1 -1 -1 -1 -1 -1 -1 -1 -1
44 -1 -1 -1 -1 -1 -1 -1 -1 -1 -1 -1 -1 -1 -1 -1 -1 -1 -1 -1 -1
45 -1 -1 -1 -1 -1 -1 -1 -1 -1 -1 -1 -1 -1 -1 -1 -1 -1 -1 -1 -1
46 -1 -1 -1 -1 -1 -1 -1 -1 -1 -1 -1 -1 -1 -1 -1 -1 -1 -1 -1 -1
47 -1 -1 -1 -1 -1 -1 -1 -1 -1 -1 -1 -1 -1 -1 -1 -1 -1 -1 -1 -1
48 -1 -1 -1 -1 -1 -1 -1 -1 -1 -1 -1 -1 -1 -1 -1 -1 -1 -1 -1 -1
49 -1 -1 -1 -1 -1 -1 -1 -1 -1 -1 -1 -1 -1 -1 -1 -1 -1 -1 -1 -1
50 -1 -1 -1 -1 -1 -1 -1 -1 -1 -1 -1 -1 -1 -1 -1 -1 -1 -1 -1 -1
51 -1 -1 -1 -1 -1 -1 -1 -1 -1 -1 -1 -1 -1 -1 -1 -1 -1 -1 -1 -1
52 -1 -1 -1 -1 -1 -1 -1 -1 -1 -1 -1 -1 -1 -1 -1 -1 -1 -1 -1 -1
53 -1 -1 -1 -1 -1 -1 -1 -1 -1 -1 -1 -1 -1 -1 -1 -1 -1 -1 -1 -1
54 -1 -1 -1 -1 -1 -1 -1 -1 -1 -1 -1 -1 -1 -1 -1 -1 -1 -1 -1 -1
55 -1 -1 -1 -1 -1 -1 -1 -1 -1 -1 -1 -1 -1 -1 -1 -1 -1 -1 -1 -1
56 -1 -1 -1 -1 -1 -1 -1 -1 -1 -1 -1 -1 -1 -1 -1 -1 -1 -1 -1 -1
57 -1 -1 -1 -1 -1 -1 -1 -1 -1 -1 -1 -1 -1 -1 -1 -1 -1 -1 -1 -1
58 -1 -1 -1 -1 -1 -1 -1 -1 -1 -1 -1 -1 -1 -1 -1 -1 -1 -1 -1 -1
59 -1 -1 -1 -1 -1 -1 -1 -1 -1 -1 -1 -1 -1 -1 -1 -1 -1 -1 -1 -1
60 -1 -1 -1 -1 -1 -1 -1 -1 -1 -1 -1 -1 -1 -1 -1 -1 -1 -1 -1 -1
61 -1 -1 -1 -1 -1 -1 -1 -1 -1 -1 -1 -1 -1 -1 -1 -1 -1 -1 -1 -1
62 -1 -1 -1 -1 -1 -1 -1 -1 -1 -1 -1 -1 -1 -1 -1 -1 -1 -1 -1 -1
63 -1 -1 -1 -1 -1 -1 -1 -1 -1 -1 -1 -1 -1 -1 -1 -1 -1 -1 -1 -1
64 -1 -1 -1 -1 -1 -1 -1 -1 -1 -1 -1 -1 -1 -1 -1 -1 -1 -1 -1 -1
65 0.631579 0.233460 0.621271 0.371654 0.635065 0.373119 0.607476 0.370190 0.635065 0.373119 0.627654 0.470403 0.627241 0.549369 0.607476 0.370190 0.605835 0.460843 0.622013 0.534856
66 0.634557 0.232500 0.622042 0.372768 0.636478 0.374793 0.607607 0.370744 0.636478 0.374793 0.629252 0.474220 0.626829 0.552795 0.607607 0.370744 0.606637 0.463095 0.620215 0.543861
67 0.637347 0.232637 0.623672 0.372864 0.638990 0.375793 0.608354 0.369934 0.638990 0.375793 0.631462 0.471061 0.625447 0.552341 0.608354 0.369934 0.606992 0.459234 0.610269 0.537390
68 0.639908 0.233180 0.625678 0.372861 0.642273 0.376081 0.609083 0.369641 0.642273 0.376081 0.633622 0.471034 0.625906 0.553407 0.609083 0.369641 0.606876 0.457037 0.602904 0.526399
69 0.641896 0.233579 0.627031 0.372356 0.644654 0.375595 0.609409 0.369116 0.644654 0.375595 0.635498 0.469751 0.626659 0.553169 0.609409 0.369116 0.606811 0.449300 0.600703 0.516074
70 0.643328 0.233726 0.628366 0.371970 0.646673 0.375001 0.610059 0.368939 0.646673 0.375001 0.637160 0.469484 0.627234 0.550851 0.610059 0.368939 0.606842 0.443773 0.600771 0.505335
71 0.645161 0.233942 0.630274 0.371660 0.648675 0.374779 0.611874 0.368542 0.648675 0.374779 0.637963 0.469120 0.627496 0.549843 0.611874 0.368542 0.606557 0.441880 0.599697 0.502158
72 0.647173 0.234039 0.631941 0.371698 0.650132 0.374998 0.613749 0.368398 0.650132 0.374998 0.639140 0.468683 0.627775 0.549835 0.613749 0.368398 0.606548 0.442545 0.598800 0.506517
73 0.648879 0.234163 0.633501 0.372331 0.651193 0.376140 0.615810 0.368522 0.651193 0.376140 0.639624 0.468763 0.628034 0.549226 0.615810 0.368522 0.606611 0.443295 0.598110 0.507992
74 0.650472 0.234247 0.634728 0.371949 0.651864 0.376110 0.617592 0.367789 0.651864 0.376110 0.640255 0.467961 0.628736 0.548056 0.617592 0.367789 0.607964 0.443568 0.599193 0.508570
75 0.651288 0.234429 0.636021 0.370804 0.652912 0.374902 0.619131 0.366706 0.652912 0.374902 0.641005 0.465886 0.628975 0.546801 0.619131 0.366706 0.611424 0.443426 0.604322 0.508312
76 0.652372 0.234780 0.637546 0.369602 0.654396 0.373138 0.620696 0.366066 0.654396 0.373138 0.642480 0.463862 0.628794 0.546862 0.620696 0.366066 0.615660 0.443666 0.611698 0.508469
77 0.653063 0.235492 0.639028 0.369189 0.655637 0.372699 0.622420 0.365679 0.655637 0.372699 0.643386 0.463753 0.622580 0.547228 0.622420 0.365679 0.619862 0.445887 0.624455 0.518675
78 0.653673 0.236423 0.639757 0.369798 0.656452 0.373190 0.623061 0.366406 0.656452 0.373190 0.643996 0.465301 0.617525 0.552667 0.623061 0.366406 0.621882 0.453592 0.629668 0.538891
79 0.654487 0.236995 0.640132 0.371396 0.656858 0.374569 0.623406 0.368223 0.656858 0.374569 0.643231 0.471150 0.612516 0.565256 0.623406 0.368223 0.627585 0.471822 0.628801 0.565364
80 0.655027 0.237585 0.641718 0.373159 0.658328 0.375979 0.625109 0.370339 0.658328 0.375979 0.642907 0.472843 0.613584 0.569786 0.625109 0.370339 0.628750 0.471645 0.629708 0.569374
81 0.656327 0.238372 0.643489 0.375003 0.659575 0.377044 0.627403 0.372961 0.659575 0.377044 0.642877 0.474949 0.614482 0.568978 0.627403 0.372961 0.632483 0.475013 0.632996 0.574357
82 0.656675 0.239904 0.644760 0.376599 0.660744 0.377847 0.628775 0.375350 0.660744 0.377847 0.642669 0.476167 0.615541 0.573684 0.628775 0.375350 0.634768 0.478023 0.634394 0.582636
83 0.657245 0.241178 0.645754 0.378879 0.661689 0.380326 0.629819 0.377432 0.661689 0.380326 0.642616 0.480593 0.615645 0.577566 0.629819 0.377432 0.636889 0.481450 0.641482 0.586654
84 0.657584 0.242781 0.646985 0.381336 0.662780 0.382282 0.631190 0.380390 0.662780 0.382282 0.642488 0.483219 0.615872 0.577432 0.631190 0.380390 0.638417 0.484140 0.645068 0.589681
85 0.657725 0.244741 0.647637 0.384178 0.663255 0.385001 0.632018 0.383355 0.663255 0.385001 0.642379 0.484450 0.616206 0.577346 0.632018 0.383355 0.640303 0.485296 0.648296 0.592082
86 0.658215 0.246639 0.648753 0.386147 0.664232 0.387167 0.633275 0.385127 0.664232 0.387167 0.642519 0.487233 0.616479 0.579294 0.633275 0.385127 0.641505 0.486693 0.649015 0.594289
87 0.658755 0.248012 0.650454 0.386458 0.666003 0.387299 0.634906 0.385616 0.666003 0.387299 0.643553 0.486916 0.616544 0.578999 0.634906 0.385616 0.642470 0.486924 0.650498 0.593260
88 0.658805 0.250086 0.652417 0.388573 0.668303 0.388945 0.636530 0.388202 0.668303 0.388945 0.644975 0.487140 0.618505 0.577488 0.636530 0.388202 0.644249 0.488495 0.651001 0.594868
89 0.659201 0.250848 0.653785 0.389056 0.669947 0.389474 0.637623 0.388638 0.669947 0.389474 0.645165 0.486801 0.618408 0.577551 0.637623 0.388638 0.644115 0.488618 0.649731 0.596053
90 0.659562 0.251224 0.655733 0.390677 0.672022 0.391257 0.639444 0.390096 0.672022 0.391257 0.648153 0.487392 0.618415 0.577714 0.639444 0.390096 0.645595 0.489382 0.649510 0.598788
91 0.660058 0.251242 0.657260 0.391842 0.673543 0.392607 0.640978 0.391077 0.673543 0.392607 0.652142 0.487413 0.619841 0.577542 0.640978 0.391077 0.647053 0.489765 0.649829 0.600281
92 0.660743 0.251585 0.659121 0.393583 0.675813 0.394748 0.642429 0.392419 0.675813 0.394748 0.655041 0.489093 0.621376 0.579255 0.642429 0.392419 0.647874 0.491655 0.649464 0.600121
93 0.661833 0.252100 0.661159 0.394672 0.678528 0.395360 0.643789 0.393983 0.678528 0.395360 0.663465 0.489985 0.625550 0.577946 0.643789 0.393983 0.648214 0.494193 0.649331 0.601453
94 0.662750 0.253651 0.662717 0.396923 0.680802 0.397144 0.644632 0.396703 0.680802 0.397144 0.669998 0.493172 0.633256 0.568062 0.644632 0.396703 0.648266 0.500120 0.649251 0.603398
95 0.663826 0.254980 0.664298 0.398889 0.682758 0.398776 0.645838 0.399003 0.682758 0.398776 0.676566 0.495254 0.639869 0.547927 0.645838 0.399003 0.649189 0.504645 0.650931 0.604902
96 0.665116 0.255595 0.666037 0.398785 0.684777 0.398817 0.647298 0.398754 0.684777 0.398817 0.682323 0.497111 0.642040 0.552468 0.647298 0.398754 0.649295 0.503671 0.652003 0.603144
97 0.666692 0.256508 0.667498 0.399716 0.686695 0.400178 0.648301 0.399253 0.686695 0.400178 0.687582 0.501049 0.643214 0.556156 0.648301 0.399253 0.650246 0.505578 0.651822 0.602061
98 0.668874 0.257535 0.668893 0.401903 0.688455 0.402896 0.649332 0.400910 0.688455 0.402896 0.689183 0.506174 0.652208 0.568960 0.649332 0.400910 0.650563 0.509586 0.651463 0.601397
99 0.670632 0.258149 0.670930 0.403097 0.690407 0.403951 0.651453 0.402243 0.690407 0.403951 0.689931 0.507404 0.662328 0.580620 0.651453 0.402243 0.651162 0.509779 0.651419 0.601714
100 0.673055 0.259435 0.672160 0.407137 0.691877 0.408094 0.652443 0.406180 0.691877 0.408094 0.692488 0.516366 0.666141 0.597692 0.652443 0.406180 0.651345 0.516351 0.651393 0.603924
101 0.675198 0.260463 0.673244 0.408590 0.692975 0.409852 0.653513 0.407327 0.692975 0.409852 0.693256 0.518841 0.674014 0.602720 0.653513 0.407327 0.651543 0.518758 0.652572 0.604607
102 0.677792 0.260836 0.674286 0.410592 0.694015 0.411824 0.654558 0.409360 0.694015 0.411824 0.694031 0.523891 0.681967 0.615790 0.654558 0.409360 0.651735 0.521253 0.653891 0.606616
103 0.679970 0.261664 0.675721 0.411832 0.695670 0.413296 0.655773 0.410368 0.695670 0.413296 0.695083 0.525591 0.690136 0.621268 0.655773 0.410368 0.652339 0.520895 0.655931 0.605929
104 0.682223 0.263402 0.677254 0.416358 0.697462 0.418019 0.657046 0.414697 0.697462 0.418019 0.695680 0.530010 0.693447 0.627471 0.657046 0.414697 0.652861 0.521920 0.655718 0.605503
105 0.685376 0.264840 0.678310 0.418868 0.698596 0.421138 0.658024 0.416599 0.698596 0.421138 0.696041 0.532621 0.701989 0.633820 0.658024 0.416599 0.653348 0.522898 0.655434 0.605188
106 0.688755 0.266755 0.679848 0.421239 0.700220 0.423771 0.659475 0.418708 0.700220 0.423771 0.697938 0.535572 0.707200 0.641895 0.659475 0.418708 0.654037 0.524755 0.655333 0.607165
107 0.692414 0.269491 0.680986 0.423780 0.701353 0.426614 0.660619 0.420946 0.701353 0.426614 0.699412 0.538172 0.710131 0.649281 0.660619 0.420946 0.654735 0.527175 0.654322 0.610535
108 0.696286 0.272745 0.684157 0.427342 0.704762 0.430490 0.663551 0.424194 0.704762 0.430490 0.704050 0.542758 0.714293 0.652536 0.663551 0.424194 0.655625 0.529014 0.652317 0.610366
109 0.700666 0.274400 0.686748 0.429001 0.707516 0.432389 0.665981 0.425612 0.707516 0.432389 0.706830 0.545356 0.715178 0.653780 0.665981 0.425612 0.658346 0.529742 0.652241 0.609843
110 0.704993 0.275841 0.690140 0.431041 0.710915 0.434513 0.669365 0.427569 0.710915 0.434513 0.708809 0.549090 0.715866 0.657715 0.669365 0.427569 0.660774 0.534305 0.652041 0.609452
111 0.710142 0.275714 0.693504 0.430469 0.714217 0.434448 0.672791 0.426490 0.714217 0.434448 0.710520 0.550219 0.715045 0.658095 0.672791 0.426490 0.662829 0.534125 0.652030 0.609343
112 0.714314 0.275692 0.697346 0.430495 0.717939 0.434929 0.676752 0.426060 0.717939 0.434929 0.712290 0.550645 0.714836 0.656222 0.676752 0.426060 0.664174 0.533743 0.651986 0.609637
113 0.718841 0.275997 0.700976 0.430940 0.721791 0.435878 0.680161 0.426001 0.721791 0.435878 0.715154 0.552650 0.714826 0.653855 0.680161 0.426001 0.666136 0.534632 0.652077 0.609696
114 0.723619 0.276423 0.704190 0.433202 0.725279 0.438682 0.683102 0.427721 0.725279 0.438682 0.717122 0.554681 0.714639 0.653647 0.683102 0.427721 0.669114 0.535767 0.654319 0.609585
115 0.728211 0.277582 0.707940 0.433986 0.728833 0.439810 0.687047 0.428162 0.728833 0.439810 0.719490 0.554956 0.714197 0.655858 0.687047 0.428162 0.672569 0.535381 0.659542 0.608204
116 0.731637 0.278371 0.711025 0.435306 0.732231 0.441243 0.689819 0.429369 0.732231 0.441243 0.722194 0.557462 0.714149 0.656748 0.689819 0.429369 0.675726 0.535979 0.666102 0.607443
117 0.734882 0.279373 0.713471 0.437282 0.734698 0.443684 0.692244 0.430879 0.734698 0.443684 0.723098 0.557449 0.714316 0.659022 0.692244 0.430879 0.679114 0.535470 0.672038 0.608043
118 0.737383 0.279827 0.715909 0.438910 0.737174 0.445225 0.694644 0.432596 0.737174 0.445225 0.724292 0.558006 0.714871 0.659668 0.694644 0.432596 0.680986 0.535543 0.676838 0.611874
119 0.739472 0.280179 0.718423 0.439715 0.739912 0.446046 0.696934 0.433384 0.739912 0.446046 0.725323 0.559137 0.715052 0.661443 0.696934 0.433384 0.684795 0.538471 0.679409 0.625415
120 0.742033 0.280726 0.720083 0.440908 0.741732 0.446998 0.698435 0.434817 0.741732 0.446998 0.725910 0.561986 0.715268 0.662624 0.698435 0.434817 0.687551 0.544084 0.683320 0.636686
121 0.743427 0.281291 0.721040 0.442079 0.742391 0.447817 0.699688 0.436341 0.742391 0.447817 0.726301 0.565735 0.714909 0.663259 0.699688 0.436341 0.689996 0.550659 0.686291 0.648674
122 0.744381 0.282236 0.721941 0.443176 0.743254 0.448660 0.700628 0.437692 0.743254 0.448660 0.726725 0.568264 0.714669 0.666670 0.700628 0.437692 0.693286 0.557878 0.686176 0.657629
123 0.745142 0.283059 0.723456 0.443353 0.744768 0.448934 0.702144 0.437772 0.744768 0.448934 0.726338 0.566905 0.710975 0.669001 0.702144 0.437772 0.697445 0.557627 0.691705 0.665166
124 0.745821 0.284352 0.724619 0.446868 0.745748 0.452694 0.703489 0.441042 0.745748 0.452694 0.725668 0.568832 0.706387 0.672240 0.703489 0.441042 0.699139 0.561656 0.695430 0.670575
125 0.746194 0.285907 0.725493 0.450532 0.746642 0.456370 0.704345 0.444694 0.746642 0.456370 0.725257 0.572772 0.702113 0.678151 0.704345 0.444694 0.700081 0.567087 0.700007 0.672494
126 0.745987 0.288018 0.725937 0.452983 0.746902 0.458768 0.704973 0.447198 0.746902 0.458768 0.724978 0.577959 0.701115 0.682320 0.704973 0.447198 0.700805 0.570274 0.700395 0.676707
127 0.745468 0.289802 0.726425 0.456483 0.747336 0.461944 0.705514 0.451022 0.747336 0.461944 0.724930 0.582634 0.701031 0.685996 0.705514 0.451022 0.700607 0.575257 0.696508 0.697019
128 0.744979 0.292429 0.726636 0.461985 0.747599 0.466483 0.705672 0.457487 0.747599 0.466483 0.724720 0.588352 0.697981 0.695963 0.705672 0.457487 0.699672 0.584132 0.698254 0.690794
129 0.744591 0.295667 0.726372 0.467122 0.747411 0.471113 0.705334 0.463131 0.747411 0.471113 0.724691 0.589050 0.698089 0.692990 0.705334 0.463131 0.699419 0.589201 0.696957 0.707017
130 0.744111 0.297880 0.726251 0.470459 0.747382 0.474078 0.705119 0.466840 0.747382 0.474078 0.724462 0.590608 0.700026 0.691261 0.705119 0.466840 0.699124 0.594931 0.695756 0.717745
131 0.743307 0.300284 0.725851 0.474274 0.746992 0.477856 0.704710 0.470691 0.746992 0.477856 0.723784 0.598907 0.700543 0.701592 0.704710 0.470691 0.698718 0.600851 0.695033 0.717544
132 0.742274 0.302190 0.725610 0.475931 0.746762 0.479400 0.704459 0.472462 0.746762 0.479400 0.723043 0.601493 0.701687 0.704689 0.704459 0.472462 0.698399 0.604134 0.694464 0.717742
133 0.740581 0.303285 0.725099 0.477166 0.746707 0.480810 0.703491 0.473523 0.746707 0.480810 0.723013 0.604580 0.705310 0.705069 0.703491 0.473523 0.697490 0.604444 0.693982 0.723738
134 0.738876 0.303502 0.724396 0.475949 0.746604 0.479901 0.702188 0.471997 0.746604 0.479901 0.723865 0.602708 0.708381 0.701597 0.702188 0.471997 0.697276 0.601618 0.693644 0.725124
135 0.736959 0.303307 0.723731 0.476191 0.746484 0.479370 0.700978 0.473013 0.746484 0.479370 0.727262 0.600648 0.709830 0.701483 0.700978 0.473013 0.697218 0.601425 0.693457 0.725572
136 0.734891 0.303220 0.723173 0.476172 0.746369 0.478684 0.699977 0.473660 0.746369 0.478684 0.735687 0.599278 0.712170 0.679184 0.699977 0.473660 0.697121 0.603902 0.693414 0.724643
137 0.733374 0.303044 0.722644 0.475562 0.746081 0.478200 0.699206 0.472924 0.746081 0.478200 0.743206 0.590628 0.717021 0.661773 0.699206 0.472924 0.696548 0.602928 0.693286 0.722582
138 0.731760 0.303832 0.722164 0.475525 0.745743 0.477659 0.698585 0.473391 0.745743 0.477659 0.746748 0.590575 0.721708 0.661359 0.698585 0.473391 0.695246 0.604591 0.693372 0.721070
139 0.730838 0.304532 0.721379 0.477675 0.745101 0.478578 0.697657 0.476772 0.745101 0.478578 0.749013 0.593090 0.723938 0.665980 0.697657 0.476772 0.694312 0.609559 0.693313 0.720247
140 0.730124 0.305312 0.720666 0.480035 0.744569 0.480659 0.696763 0.479411 0.744569 0.480659 0.750518 0.600060 0.729076 0.673674 0.696763 0.479411 0.693677 0.613156 0.693261 0.723778
141 0.729801 0.306185 0.720452 0.482431 0.744482 0.483217 0.696421 0.481645 0.744482 0.483217 0.749952 0.608311 0.734108 0.688640 0.696421 0.481645 0.693425 0.616038 0.693199 0.728809
142 0.729623 0.307515 0.720439 0.485618 0.744458 0.486910 0.696420 0.484327 0.744458 0.486910 0.749047 0.616620 0.736516 0.715299 0.696420 0.484327 0.693442 0.617829 0.693156 0.732280
143 0.729692 0.308795 0.720429 0.488214 0.744447 0.490032 0.696410 0.486396 0.744447 0.490032 0.749014 0.622377 0.739618 0.733210 0.696410 0.486396 0.693736 0.619724 0.694141 0.732072
144 0.729826 0.310656 0.720319 0.490850 0.744435 0.493146 0.696203 0.488554 0.744435 0.493146 0.749074 0.629766 0.743747 0.746288 0.696203 0.488554 0.693751 0.621950 0.694747 0.732154
145 0.730237 0.312524 0.720291 0.493439 0.744473 0.496412 0.696110 0.490466 0.744473 0.496412 0.748456 0.635652 0.747933 0.756589 0.696110 0.490466 0.693774 0.624328 0.694689 0.731707
146 0.731001 0.314808 0.720439 0.498058 0.744784 0.501098 0.696094 0.495017 0.744784 0.501098 0.747910 0.641692 0.750101 0.768154 0.696094 0.495017 0.693772 0.625804 0.694670 0.730822
147 0.732227 0.317375 0.720565 0.501829 0.745031 0.505115 0.696100 0.498544 0.745031 0.505115 0.747553 0.646717 0.751913 0.776961 0.696100 0.498544 0.693614 0.629233 0.694638 0.730820
148 0.733772 0.320966 0.720529 0.506432 0.745046 0.510118 0.696012 0.502747 0.745046 0.510118 0.747306 0.650310 0.752117 0.779869 0.696012 0.502747 0.693576 0.633290 0.694814 0.730691
149 0.735646 0.324966 0.720693 0.513465 0.745419 0.518068 0.695968 0.508861 0.745419 0.518068 0.747174 0.657503 0.751572 0.789547 0.695968 0.508861 0.693407 0.637421 0.694784 0.730357
150 0.738070 0.329439 0.720732 0.517704 0.745497 0.523507 0.695966 0.511901 0.745497 0.523507 0.746561 0.663304 0.750390 0.797202 0.695966 0.511901 0.693235 0.639401 0.694765 0.731961
151 0.740608 0.332260 0.721288 0.523922 0.746512 0.529446 0.696063 0.518398 0.746512 0.529446 0.746335 0.670376 0.749078 0.806738 0.696063 0.518398 0.693300 0.646931 0.694416 0.734288
152 0.744113 0.336527 0.722296 0.528726 0.747982 0.533967 0.696610 0.523484 0.747982 0.533967 0.745261 0.675977 0.748489 0.815275 0.696610 0.523484 0.694067 0.652604 0.693441 0.735091
153 0.747335 0.340541 0.724470 0.532326 0.750951 0.538059 0.697988 0.526594 0.750951 0.538059 0.744832 0.681080 0.747715 0.820939 0.697988 0.526594 0.695048 0.659021 0.693139 0.737041
154 0.751389 0.342589 0.727134 0.537179 0.754231 0.542825 0.700036 0.531533 0.754231 0.542825 0.744856 0.685619 0.747476 0.823475 0.700036 0.531533 0.696367 0.668757 0.693059 0.737977
155 0.755962 0.343134 0.729826 0.536749 0.756783 0.544041 0.702869 0.529457 0.756783 0.544041 0.745726 0.690278 0.746329 0.828325 0.702869 0.529457 0.696473 0.660726 0.694353 0.732571
156 0.759398 0.343860 0.731504 0.540269 0.758487 0.548055 0.704521 0.532483 0.758487 0.548055 0.746910 0.698292 0.745145 0.833433 0.704521 0.532483 0.696831 0.660168 0.696176 0.732641
157 0.762864 0.346098 0.733527 0.544671 0.760841 0.552332 0.706213 0.537009 0.760841 0.552332 0.748848 0.702821 0.744569 0.832518 0.706213 0.537009 0.697363 0.663519 0.701632 0.732637
158 0.765401 0.348702 0.733891 0.548581 0.760848 0.558399 0.706935 0.538763 0.760848 0.558399 0.750742 0.703749 0.744536 0.831238 0.706935 0.538763 0.696545 0.660898 0.706755 0.732633
159 0.766636 0.349917 0.733457 0.551765 0.760107 0.562287 0.706807 0.541243 0.760107 0.562287 0.750903 0.703929 0.744532 0.830495 0.706807 0.541243 0.692192 0.664153 0.713451 0.739247
160 0.767075 0.352336 0.732996 0.552136 0.759548 0.562588 0.706443 0.541684 0.759548 0.562588 0.750657 0.702162 0.743757 0.827052 0.706443 0.541684 0.684491 0.674010 0.724925 0.758531
161 0.767465 0.353276 0.732718 0.552515 0.759226 0.563061 0.706209 0.541970 0.759226 0.563061 0.750610 0.703265 0.741394 0.825962 0.706209 0.541970 0.679182 0.676553 0.727256 0.767786
162 0.768304 0.356354 0.732387 0.557517 0.758737 0.567976 0.706037 0.547059 0.758737 0.567976 0.750432 0.713131 0.741430 0.824820 0.706037 0.547059 0.672373 0.680740 0.724328 0.775233
163 0.768840 0.359210 0.731647 0.561020 0.757313 0.570925 0.705982 0.551114 0.757313 0.570925 0.750074 0.715985 0.741439 0.824797 0.705982 0.551114 0.669749 0.682132 0.716922 0.781961
164 0.767068 0.361337 0.730259 0.564105 0.755153 0.574283 0.705365 0.553928 0.755153 0.574283 0.749646 0.718897 0.740862 0.826291 0.705365 0.553928 0.666056 0.684128 0.702395 0.792890
165 0.763948 0.361716 0.728572 0.562617 0.752779 0.572500 0.704365 0.552734 0.752779 0.572500 0.746962 0.715455 0.739473 0.829445 0.704365 0.552734 0.665232 0.684551 0.689119 0.811044
166 0.761203 0.362874 0.725164 0.565773 0.749336 0.575021 0.700992 0.556524 0.749336 0.575021 0.745150 0.715401 0.739288 0.832635 0.700992 0.556524 0.663836 0.689264 0.669524 0.823535
167 0.756750 0.363525 0.721665 0.571435 0.745254 0.580285 0.698075 0.562584 0.745254 0.580285 0.744207 0.719846 0.739080 0.835294 0.698075 0.562584 0.661411 0.699343 0.649837 0.829950
168 0.751869 0.364394 0.718610 0.575224 0.740899 0.583922 0.696321 0.566526 0.740899 0.583922 0.742905 0.721634 0.739129 0.837414 0.696321 0.566526 0.658568 0.704511 0.631699 0.829434
169 0.746887 0.365563 0.714844 0.579752 0.735820 0.588405 0.693869 0.571099 0.735820 0.588405 0.741645 0.725908 0.738949 0.840045 0.693869 0.571099 0.655546 0.710800 0.616775 0.837769
170 0.739280 0.367544 0.710166 0.583310 0.730754 0.591015 0.689578 0.575605 0.730754 0.591015 0.738609 0.728174 0.738849 0.840252 0.689578 0.575605 0.652279 0.711804 0.605074 0.843069
171 0.730833 0.369312 0.704619 0.585783 0.725765 0.593291 0.683474 0.578276 0.725765 0.593291 0.734692 0.728123 0.738877 0.839137 0.683474 0.578276 0.647275 0.713730 0.604165 0.846787
172 0.721496 0.371603 0.696995 0.588061 0.719678 0.594063 0.674313 0.582059 0.719678 0.594063 0.729881 0.726403 0.739746 0.838922 0.674313 0.582059 0.642749 0.714995 0.597773 0.851621
173 0.711586 0.371594 0.689381 0.587498 0.712234 0.592683 0.666528 0.582314 0.712234 0.592683 0.722707 0.725419 0.740011 0.838409 0.666528 0.582314 0.634974 0.715702 0.598299 0.852667
174 0.701679 0.370482 0.679730 0.586459 0.703155 0.591500 0.656305 0.581419 0.703155 0.591500 0.716134 0.724771 0.739408 0.835871 0.656305 0.581419 0.626940 0.717580 0.599427 0.853020
175 0.691867 0.368356 0.670136 0.585253 0.694215 0.590877 0.646056 0.579629 0.694215 0.590877 0.704054 0.722844 0.736947 0.833432 0.646056 0.579629 0.622591 0.718798 0.599848 0.853323
176 0.682524 0.366199 0.660201 0.584195 0.683435 0.589910 0.636968 0.578481 0.683435 0.589910 0.694130 0.722795 0.734777 0.833280 0.636968 0.578481 0.619362 0.723236 0.599357 0.852780
177 0.673933 0.364684 0.652071 0.584073 0.675385 0.589720 0.628757 0.578425 0.675385 0.589720 0.683239 0.729007 0.728527 0.832599 0.628757 0.578425 0.615450 0.726236 0.599524 0.854329
178 0.666390 0.364127 0.644092 0.583375 0.666118 0.588837 0.622067 0.577913 0.666118 0.588837 0.670332 0.729509 0.720807 0.832915 0.622067 0.577913 0.613029 0.726287 0.601350 0.854002
179 0.659295 0.364154 0.637017 0.578483 0.658858 0.582370 0.615176 0.574596 0.658858 0.582370 0.657565 0.729226 0.709530 0.830757 0.615176 0.574596 0.610680 0.727127 0.599850 0.858118
180 0.652114 0.362936 0.630986 0.573046 0.652662 0.576771 0.609309 0.569321 0.652662 0.576771 0.645476 0.728417 0.694308 0.830598 0.609309 0.569321 0.607273 0.725515 0.598125 0.858331
181 0.645137 0.362266 0.624153 0.571700 0.645638 0.575325 0.602668 0.568075 0.645638 0.575325 0.632542 0.727893 0.678141 0.831947 0.602668 0.568075 0.603408 0.724498 0.598947 0.856486
182 0.638870 0.361736 0.619189 0.569739 0.640518 0.573768 0.597859 0.565710 0.640518 0.573768 0.621575 0.727528 0.650642 0.841022 0.597859 0.565710 0.599140 0.722400 0.605958 0.856356
183 0.633646 0.361293 0.614813 0.570171 0.635919 0.574350 0.593707 0.565992 0.635919 0.574350 0.609560 0.727494 0.594345 0.860077 0.593707 0.565992 0.597483 0.722077 0.628724 0.856269
184 0.626962 0.360257 0.609042 0.570604 0.627396 0.574952 0.590688 0.566256 0.627396 0.574952 0.602149 0.727707 0.611528 0.865974 0.590688 0.566256 0.594085 0.720788 0.624897 0.855995
185 0.619749 0.359813 0.603563 0.570734 0.619303 0.575018 0.587823 0.566449 0.619303 0.575018 0.595582 0.727486 0.603149 0.866249 0.587823 0.566449 0.591276 0.719869 0.605433 0.855164
186 0.612328 0.359246 0.598923 0.571212 0.611565 0.575352 0.586282 0.567071 0.611565 0.575352 0.583399 0.727380 0.585518 0.871230 0.586282 0.567071 0.589065 0.717153 0.594869 0.852710
187 0.606823 0.359328 0.593704 0.573703 0.605420 0.577495 0.581988 0.569912 0.605420 0.577495 0.569734 0.728023 0.567386 0.873961 0.581988 0.569912 0.584838 0.714598 0.595662 0.845928
188 0.601083 0.359344 0.588427 0.576094 0.599558 0.579181 0.577296 0.573007 0.599558 0.579181 0.562131 0.726881 0.546501 0.879413 0.577296 0.573007 0.581423 0.713611 0.592861 0.845995
189 0.593628 0.359400 0.582723 0.577185 0.590594 0.580154 0.574852 0.574215 0.590594 0.580154 0.552118 0.728423 0.519309 0.896474 0.574852 0.574215 0.579621 0.710867 0.591792 0.845684
190 0.586798 0.359854 0.579078 0.578586 0.584611 0.581754 0.573545 0.575418 0.584611 0.581754 0.545134 0.733584 0.504473 0.898432 0.573545 0.575418 0.578494 0.711018 0.592984 0.845801
191 0.580829 0.360739 0.574661 0.581721 0.578019 0.584767 0.571303 0.578676 0.578019 0.584767 0.534024 0.735533 0.492897 0.896307 0.571303 0.578676 0.575025 0.715001 0.593845 0.846869
192 0.572616 0.361769 0.568255 0.582829 0.569765 0.585945 0.566745 0.579713 0.569765 0.585945 0.524940 0.736612 0.481529 0.897298 0.566745 0.579713 0.572158 0.717359 0.594394 0.847749
193 0.565586 0.362628 0.560661 0.583862 0.561040 0.586660 0.560282 0.581063 0.561040 0.586660 0.515956 0.738116 0.473844 0.899501 0.560282 0.581063 0.567020 0.717894 0.594658 0.847734
194 0.557781 0.363701 0.553191 0.587416 0.548926 0.589293 0.557455 0.585539 0.548926 0.589293 0.506007 0.743157 0.469408 0.903326 0.557455 0.585539 0.561830 0.717873 0.594477 0.847105
195 0.549032 0.364825 0.542022 0.592860 0.537186 0.594708 0.546858 0.591012 0.537186 0.594708 0.499749 0.749548 0.467431 0.903575 0.546858 0.591012 0.557279 0.718593 0.593738 0.846045
196 0.540369 0.365601 0.534610 0.595631 0.531785 0.597870 0.537434 0.593393 0.531785 0.597870 0.492855 0.750188 0.465558 0.903086 0.537434 0.593393 0.552838 0.721313 0.592319 0.846068
197 0.530525 0.364796 0.527141 0.594285 0.524274 0.596533 0.530008 0.592037 0.524274 0.596533 0.486378 0.748329 0.465486 0.902301 0.530008 0.592037 0.546446 0.723909 0.590522 0.845593
198 0.521126 0.364486 0.517817 0.593740 0.515920 0.595944 0.519713 0.591537 0.515920 0.595944 0.479321 0.747791 0.464216 0.902419 0.519713 0.591537 0.530752 0.724873 0.585796 0.843712
199 0.512223 0.364871 0.509200 0.593276 0.512211 0.595593 0.506188 0.590958 0.512211 0.595593 0.474035 0.747691 0.462061 0.903529 0.506188 0.590958 0.516782 0.728328 0.579573 0.840693
200 0.504189 0.364105 0.502596 0.593026 0.507268 0.595443 0.497924 0.590609 0.507268 0.595443 0.469421 0.747275 0.461282 0.904703 0.497924 0.590609 0.504088 0.731526 0.570216 0.839755
201 0.497286 0.363739 0.495616 0.592805 0.500363 0.595176 0.490869 0.590433 0.500363 0.595176 0.465900 0.745420 0.462050 0.904436 0.490869 0.590433 0.491108 0.731978 0.557669 0.838408
202 0.492167 0.363773 0.487423 0.591534 0.494284 0.593949 0.480561 0.589119 0.494284 0.593949 0.464170 0.743868 0.461788 0.905782 0.480561 0.589119 0.480792 0.732650 0.547001 0.837381
203 0.487409 0.363345 0.481726 0.590457 0.486342 0.592920 0.477110 0.587995 0.486342 0.592920 0.460373 0.744016 0.458619 0.909092 0.477110 0.587995 0.472474 0.731969 0.528912 0.842654
204 0.483531 0.360823 0.476704 0.590274 0.476999 0.592862 0.476409 0.587687 0.476999 0.592862 0.456613 0.744399 0.461546 0.908148 0.476409 0.587687 0.466251 0.731563 0.506561 0.850883
205 0.478909 0.357786 0.473667 0.590243 0.469739 0.592822 0.477595 0.587663 0.469739 0.592822 0.453004 0.745822 0.463518 0.906465 0.477595 0.587663 0.461560 0.729537 0.486390 0.852225
206 0.473369 0.357286 0.469748 0.589277 0.464764 0.591481 0.474732 0.587074 0.464764 0.591481 0.449139 0.742965 0.461633 0.902303 0.474732 0.587074 0.459653 0.726155 0.468717 0.853938
207 0.467733 0.356063 0.465167 0.589219 0.455642 0.591396 0.474692 0.587043 0.455642 0.591396 0.440343 0.744331 0.455600 0.902280 0.474692 0.587043 0.456122 0.727034 0.459305 0.866896
208 0.461313 0.355465 0.460254 0.587752 0.452980 0.588817 0.467529 0.586686 0.452980 0.588817 0.436955 0.744384 0.454214 0.902262 0.467529 0.586686 0.443922 0.727027 0.450964 0.868982
209 0.454235 0.354940 0.455010 0.585486 0.448389 0.585164 0.461630 0.585809 0.448389 0.585164 0.440368 0.742532 0.453023 0.901708 0.461630 0.585809 0.429410 0.722671 0.413945 0.862951
210 0.448346 0.355689 0.450898 0.584998 0.444634 0.584732 0.457162 0.585264 0.444634 0.584732 0.441629 0.740072 0.454727 0.900849 0.457162 0.585264 0.416449 0.718947 0.390318 0.860834
211 0.445884 0.355489 0.445499 0.585186 0.438171 0.585029 0.452826 0.585342 0.438171 0.585029 0.441073 0.740124 0.455777 0.900927 0.452826 0.585342 0.410761 0.716934 0.376767 0.850026
212 0.437516 0.356139 0.440737 0.585238 0.431933 0.585154 0.449540 0.585322 0.431933 0.585154 0.439355 0.740805 0.456127 0.902174 0.449540 0.585322 0.409612 0.714785 0.363869 0.845202
213 0.430242 0.356199 0.434105 0.584924 0.426547 0.585289 0.441662 0.584559 0.426547 0.585289 0.435233 0.740244 0.456740 0.901610 0.441662 0.584559 0.404095 0.711704 0.359427 0.841199
214 0.425208 0.356279 0.427791 0.584966 0.419762 0.585945 0.435820 0.583987 0.419762 0.585945 0.431522 0.740280 0.457040 0.901286 0.435820 0.583987 0.397593 0.709948 0.356710 0.837456
215 0.420215 0.354980 0.420820 0.582746 0.415056 0.584080 0.426584 0.581412 0.415056 0.584080 0.426162 0.739397 0.457317 0.900753 0.426584 0.581412 0.394268 0.706016 0.357424 0.834990
216 0.413251 0.351598 0.412521 0.580571 0.409394 0.581882 0.415649 0.579260 0.409394 0.581882 0.420155 0.738334 0.456990 0.897535 0.415649 0.579260 0.388750 0.701392 0.356529 0.834224
217 0.406341 0.350346 0.406181 0.578362 0.402741 0.579943 0.409622 0.576780 0.402741 0.579943 0.414037 0.737437 0.454306 0.894575 0.409622 0.576780 0.383012 0.700832 0.356310 0.834743
218 0.399385 0.349219 0.399693 0.575191 0.392107 0.577146 0.407280 0.573236 0.392107 0.577146 0.406640 0.735522 0.451104 0.892149 0.407280 0.573236 0.380939 0.700005 0.356668 0.834385
219 0.392555 0.346284 0.394342 0.570142 0.382994 0.572946 0.405689 0.567338 0.382994 0.572946 0.395057 0.730005 0.446939 0.887684 0.405689 0.567338 0.378070 0.690001 0.358090 0.829823
220 0.387658 0.343005 0.389262 0.568492 0.375299 0.572104 0.403226 0.564880 0.375299 0.572104 0.383191 0.725930 0.442097 0.882220 0.403226 0.564880 0.375002 0.692512 0.355036 0.829381
221 0.382292 0.340734 0.383608 0.567838 0.369157 0.572030 0.398058 0.563646 0.369157 0.572030 0.370883 0.725687 0.435148 0.877540 0.398058 0.563646 0.369032 0.693613 0.355401 0.829733
222 0.377904 0.340152 0.380476 0.567371 0.364450 0.572622 0.396502 0.562120 0.364450 0.572622 0.360398 0.726754 0.428212 0.874711 0.396502 0.562120 0.362993 0.692856 0.357079 0.825700
223 0.373379 0.339108 0.374185 0.566722 0.357997 0.572037 0.390372 0.561406 0.357997 0.572037 0.348143 0.725660 0.416061 0.866334 0.390372 0.561406 0.359368 0.692203 0.356421 0.823320
224 0.369281 0.337939 0.370425 0.563190 0.353532 0.568093 0.387318 0.558288 0.353532 0.568093 0.339735 0.720914 0.406734 0.862266 0.387318 0.558288 0.358019 0.692086 0.355107 0.824424
225 0.367156 0.336096 0.367874 0.558443 0.350431 0.563172 0.385316 0.553715 0.350431 0.563172 0.330863 0.714206 0.390079 0.859048 0.385316 0.553715 0.360092 0.690610 0.353357 0.823467
226 0.362419 0.335392 0.364071 0.556039 0.344328 0.559856 0.383814 0.552222 0.344328 0.559856 0.321056 0.709075 0.371305 0.852494 0.383814 0.552222 0.361542 0.690919 0.351508 0.824074
227 0.357523 0.335531 0.360231 0.556058 0.338643 0.559744 0.381818 0.552372 0.338643 0.559744 0.314573 0.704826 0.355607 0.848311 0.381818 0.552372 0.362439 0.688367 0.352919 0.818738
228 0.354169 0.336072 0.358197 0.554007 0.336352 0.557378 0.380043 0.550635 0.336352 0.557378 0.311283 0.697064 0.342971 0.843001 0.380043 0.550635 0.363052 0.685001 0.354022 0.816465
229 0.349708 0.336708 0.354688 0.551665 0.331020 0.554497 0.378355 0.548832 0.331020 0.554497 0.306862 0.691804 0.333153 0.842866 0.378355 0.548832 0.362219 0.685226 0.354554 0.818918
230 0.346633 0.335988 0.352057 0.548294 0.326686 0.550778 0.377428 0.545811 0.326686 0.550778 0.303953 0.684416 0.321922 0.837997 0.377428 0.545811 0.361780 0.685407 0.353743 0.820834
231 0.343378 0.334761 0.349148 0.546337 0.322442 0.548613 0.375855 0.544060 0.322442 0.548613 0.301219 0.683151 0.312013 0.834273 0.375855 0.544060 0.359838 0.685894 0.351470 0.821493
232 0.340868 0.332839 0.345971 0.546612 0.318564 0.548787 0.373378 0.544436 0.318564 0.548787 0.300125 0.684814 0.301896 0.831137 0.373378 0.544436 0.356882 0.689884 0.349202 0.822873
233 0.338298 0.330648 0.343220 0.543437 0.315471 0.545237 0.370969 0.541636 0.315471 0.545237 0.298239 0.682604 0.295589 0.827646 0.370969 0.541636 0.355428 0.690028 0.347313 0.823760
234 0.335522 0.328280 0.339325 0.540300 0.311057 0.541733 0.367593 0.538868 0.311057 0.541733 0.297385 0.676959 0.294717 0.818357 0.367593 0.538868 0.354238 0.688011 0.346551 0.823436
235 0.332988 0.325386 0.336017 0.534672 0.307519 0.535968 0.364515 0.533376 0.307519 0.535968 0.296372 0.673854 0.292484 0.814179 0.364515 0.533376 0.352224 0.683633 0.346309 0.822787
236 0.331055 0.322875 0.333627 0.533068 0.305672 0.533840 0.361582 0.532296 0.305672 0.533840 0.294963 0.672244 0.290152 0.813434 0.361582 0.532296 0.351114 0.681570 0.346007 0.823072
237 0.328331 0.320158 0.329749 0.529092 0.301294 0.529666 0.358204 0.528517 0.301294 0.529666 0.294133 0.670089 0.285726 0.807993 0.358204 0.528517 0.349384 0.680846 0.345454 0.824770
238 0.325647 0.319141 0.326645 0.527901 0.297612 0.527788 0.355678 0.528013 0.297612 0.527788 0.294383 0.664369 0.283681 0.786285 0.355678 0.528013 0.345967 0.678844 0.344275 0.824789
239 0.322803 0.318647 0.324014 0.526767 0.294531 0.526303 0.353498 0.527230 0.294531 0.526303 0.293355 0.664734 0.281660 0.785122 0.353498 0.527230 0.344058 0.676869 0.343425 0.823479
240 0.319916 0.318248 0.321191 0.525554 0.291971 0.525012 0.350410 0.526095 0.291971 0.525012 0.291361 0.662123 0.282307 0.786021 0.350410 0.526095 0.342775 0.672040 0.341154 0.819342
241 0.316922 0.317906 0.317833 0.524571 0.289090 0.524395 0.346577 0.524747 0.289090 0.524395 0.290711 0.656713 0.284335 0.775275 0.346577 0.524747 0.339195 0.666814 0.339762 0.816503
242 0.314660 0.316832 0.314929 0.524069 0.286770 0.523946 0.343088 0.524192 0.286770 0.523946 0.289354 0.656512 0.285817 0.774217 0.343088 0.524192 0.335316 0.665076 0.338052 0.816086
243 0.312336 0.314916 0.310940 0.521238 0.282707 0.521391 0.339172 0.521085 0.282707 0.521391 0.286335 0.657593 0.286202 0.781282 0.339172 0.521085 0.331717 0.659537 0.335825 0.811886
244 0.310783 0.312061 0.309144 0.516639 0.281735 0.516144 0.336554 0.517135 0.281735 0.516144 0.284492 0.653936 0.287302 0.779743 0.336554 0.517135 0.328959 0.650273 0.331968 0.805677
245 0.309624 0.309794 0.308526 0.513413 0.281427 0.512686 0.335624 0.514139 0.281427 0.512686 0.282654 0.653577 0.287799 0.776656 0.335624 0.514139 0.328387 0.642912 0.329852 0.792133
246 0.308419 0.307400 0.307052 0.509817 0.279804 0.508822 0.334300 0.510812 0.279804 0.508822 0.281739 0.643291 0.285927 0.755346 0.334300 0.510812 0.328021 0.631595 0.327666 0.766419
247 0.307288 0.304917 0.305754 0.505724 0.278135 0.505736 0.333373 0.505711 0.278135 0.505736 0.281366 0.629208 0.286941 0.740587 0.333373 0.505711 0.327093 0.618971 0.323216 0.737162
248 0.307036 0.302658 0.305120 0.505804 0.277160 0.505512 0.333081 0.506097 0.277160 0.505512 0.281579 0.609077 0.287535 0.731890 0.333081 0.506097 0.327234 0.606828 0.320930 0.726599
249 0.307245 0.300253 0.305437 0.503370 0.277368 0.502998 0.333506 0.503741 0.277368 0.502998 0.281506 0.602077 0.287929 0.722722 0.333506 0.503741 0.327890 0.596574 0.317051 0.718140
250 0.307167 0.297729 0.306074 0.498600 0.278015 0.498419 0.334132 0.498781 0.278015 0.498419 0.281729 0.599022 0.286596 0.722477 0.334132 0.498781 0.327977 0.592002 0.313687 0.720296
251 0.307055 0.295837 0.306573 0.495344 0.278610 0.496089 0.334535 0.494599 0.278610 0.496089 0.282063 0.598128 0.286518 0.721707 0.334535 0.494599 0.328899 0.589780 0.311662 0.719507
252 0.307351 0.294071 0.307073 0.494958 0.279147 0.495675 0.334998 0.494241 0.279147 0.495675 0.282099 0.601574 0.286646 0.722034 0.334998 0.494241 0.331529 0.585521 0.313475 0.714659
253 0.307698 0.292400 0.308154 0.493389 0.280992 0.493807 0.335315 0.492971 0.280992 0.493807 0.282716 0.605866 0.286742 0.724263 0.335315 0.492971 0.334162 0.590307 0.314024 0.713868
254 0.308585 0.291110 0.309924 0.491990 0.283344 0.492315 0.336503 0.491666 0.283344 0.492315 0.285309 0.605702 0.287105 0.725872 0.336503 0.491666 0.336564 0.589154 0.314597 0.711969
255 0.310064 0.290076 0.312484 0.491192 0.286162 0.491624 0.338807 0.490760 0.286162 0.491624 0.289238 0.605370 0.288294 0.725971 0.338807 0.490760 0.338557 0.588450 0.323586 0.701660
256 0.312423 0.290192 0.315410 0.490853 0.288880 0.491311 0.341941 0.490395 0.288880 0.491311 0.290689 0.605464 0.288471 0.726597 0.341941 0.490395 0.339994 0.575248 0.337174 0.675856
257 0.315971 0.290889 0.320330 0.490315 0.294402 0.490903 0.346258 0.489727 0.294402 0.490903 0.293063 0.605915 0.288839 0.727457 0.346258 0.489727 0.343300 0.579389 0.345965 0.673274
258 0.320388 0.293227 0.325708 0.491104 0.300227 0.491658 0.351189 0.490550 0.300227 0.491658 0.294398 0.606970 0.288694 0.728047 0.351189 0.490550 0.347250 0.577339 0.353461 0.665939
259 0.324739 0.297278 0.330932 0.491559 0.305695 0.492011 0.356169 0.491108 0.305695 0.492011 0.296029 0.607371 0.288718 0.729768 0.356169 0.491108 0.352373 0.574947 0.358059 0.662103
260 0.329490 0.303581 0.338367 0.496028 0.314363 0.497580 0.362371 0.494476 0.314363 0.497580 0.298006 0.611573 0.288717 0.729584 0.362371 0.494476 0.357844 0.577572 0.360261 0.663483
261 0.334099 0.312798 0.345908 0.500769 0.322788 0.502850 0.369028 0.498688 0.322788 0.502850 0.303292 0.607185 0.289511 0.723990 0.369028 0.498688 0.366005 0.579504 0.368960 0.651345
262 0.338245 0.327038 0.353525 0.509208 0.329948 0.511663 0.377102 0.506754 0.329948 0.511663 0.311729 0.591670 0.300376 0.706454 0.377102 0.506754 0.374326 0.579867 0.375193 0.644544
263 0.344233 0.344283 0.360228 0.517669 0.335748 0.519401 0.384707 0.515937 0.335748 0.519401 0.317847 0.571300 0.309263 0.681388 0.384707 0.515937 0.379941 0.576984 0.370161 0.652091
264 0.348239 0.358482 0.365528 0.528206 0.341034 0.529778 0.390023 0.526634 0.341034 0.529778 0.324809 0.567795 0.320996 0.673022 0.390023 0.526634 0.379461 0.572520 0.368165 0.653094
265 0.352310 0.375843 0.370007 0.540691 0.344937 0.543256 0.395077 0.538127 0.344937 0.543256 0.326327 0.572882 0.335145 0.680848 0.395077 0.538127 0.379378 0.565883 0.371318 0.634713
266 0.355949 0.394813 0.373679 0.556828 0.348673 0.560807 0.398685 0.552848 0.348673 0.560807 0.334078 0.574337 0.347679 0.682161 0.398685 0.552848 0.378399 0.573619 0.372883 0.640471
267 0.361197 0.411470 0.378368 0.574986 0.353340 0.579950 0.403396 0.570022 0.353340 0.579950 0.346024 0.599436 0.352806 0.686874 0.403396 0.570022 0.376270 0.583132 0.373919 0.639552
268 0.366274 0.430980 0.387134 0.594810 0.361836 0.599304 0.412433 0.590316 0.361836 0.599304 0.341001 0.581297 0.355991 0.689476 0.412433 0.590316 0.376997 0.580707 0.377292 0.641235
269 0.373529 0.456267 0.391943 0.614880 0.366556 0.617642 0.417330 0.612118 0.366556 0.617642 0.341750 0.570382 0.347992 0.691098 0.417330 0.612118 0.388374 0.570362 0.379810 0.639338
270 0.382434 0.478930 0.397389 0.640642 0.370114 0.643093 0.424663 0.638191 0.370114 0.643093 0.347577 0.588665 0.346970 0.716745 0.424663 0.638191 0.401766 0.578315 0.393438 0.644762
271 -1 -1 -1 -1 -1 -1 -1 -1 -1 -1 -1 -1 -1 -1 -1 -1 -1 -1 -1 -1
272 -1 -1 -1 -1 -1 -1 -1 -1 -1 -1 -1 -1 -1 -1 -1 -1 -1 -1 -1 -1
273 -1 -1 -1 -1 -1 -1 -1 -1 -1 -1 -1 -1 -1 -1 -1 -1 -1 -1 -1 -1
274 -1 -1 -1 -1 -1 -1 -1 -1 -1 -1 -1 -1 -1 -1 -1 -1 -1 -1 -1 -1
275 -1 -1 -1 -1 -1 -1 -1 -1 -1 -1 -1 -1 -1 -1 -1 -1 -1 -1 -1 -1
276 -1 -1 -1 -1 -1 -1 -1 -1 -1 -1 -1 -1 -1 -1 -1 -1 -1 -1 -1 -1
277 -1 -1 -1 -1 -1 -1 -1 -1 -1 -1 -1 -1 -1 -1 -1 -1 -1 -1 -1 -1
278 -1 -1 -1 -1 -1 -1 -1 -1 -1 -1 -1 -1 -1 -1 -1 -1 -1 -1 -1 -1
279 0.489955 0.689876 0.467867 0.725528 0.477669 0.729892 0.458066 0.721165 0.477669 0.729892 0.518116 0.615795 0.436092 0.663096 0.458066 0.721165 0.463416 0.588870 0.385549 0.655726
280 0.499522 0.700251 0.472767 0.735982 0.486987 0.746072 0.458546 0.725891 0.486987 0.746072 0.550277 0.649246 0.517708 0.724553 0.458546 0.725891 0.443639 0.588424 0.364706 0.651574
281 0.517930 0.705616 0.488253 0.738068 0.489853 0.734812 0.486653 0.741324 0.489853 0.734812 0.521954 0.594901 0.472691 0.679742 0.486653 0.741324 0.502877 0.599095 0.476174 0.658069
282 0.528171 0.700082 0.490000 0.744706 0.492742 0.740768 0.487259 0.748644 0.492742 0.740768 0.544257 0.615797 0.496364 0.700236 0.487259 0.748644 0.492636 0.629612 0.467009 0.678836
283 0.541101 0.712325 0.493704 0.766728 0.493766 0.760449 0.493641 0.773007 0.493766 0.760449 0.512238 0.623142 0.459467 0.701948 0.493641 0.773007 0.507548 0.655088 0.451665 0.720006
284 0.533650 0.717845 0.494239 0.761551 0.491797 0.745533 0.496681 0.777568 0.491797 0.745533 0.529537 0.620846 0.486467 0.701774 0.496681 0.777568 0.527275 0.671551 0.483736 0.725879
285 0.541521 0.726817 0.494744 0.772924 0.501597 0.758068 0.487892 0.787780 0.501597 0.758068 0.520724 0.609354 0.473910 0.698848 0.487892 0.787780 0.493535 0.650234 0.474011 0.710759
286 0.550775 0.725663 0.494473 0.779454 0.502007 0.761479 0.486940 0.797429 0.502007 0.761479 0.513602 0.604281 0.424404 0.698316 0.486940 0.797429 0.483787 0.645540 0.419359 0.716682
287 0.547088 0.734348 0.488120 0.794736 0.494390 0.781119 0.481850 0.808353 0.494390 0.781119 0.487524 0.607274 0.413025 0.703474 0.481850 0.808353 0.480035 0.639552 0.406893 0.723295
288 0.541556 0.730470 0.493043 0.777660 0.489550 0.765357 0.496536 0.789962 0.489550 0.765357 0.490142 0.638500 0.415231 0.699679 0.496536 0.789962 0.489402 0.672948 0.408134 0.716399
289 0.535022 0.727161 0.489755 0.770838 0.486710 0.759249 0.492800 0.782426 0.486710 0.759249 0.486159 0.633276 0.418422 0.695134 0.492800 0.782426 0.488057 0.658064 0.428083 0.716147
290 0.526998 0.733658 0.491278 0.772503 0.492654 0.766273 0.489902 0.778734 0.492654 0.766273 0.504720 0.650452 0.437731 0.684983 0.489902 0.778734 0.485423 0.648053 0.428741 0.687971
291 0.527332 0.726448 0.487645 0.771314 0.492507 0.764189 0.482783 0.778439 0.492507 0.764189 0.507826 0.649978 0.441352 0.683402 0.482783 0.778439 0.491565 0.648491 0.428686 0.683354
292 0.540578 0.737036 0.486629 0.781274 0.489673 0.763675 0.483585 0.798874 0.489673 0.763675 0.487023 0.638458 0.428549 0.677717 0.483585 0.798874 0.487798 0.652992 0.420756 0.685277
293 0.536322 0.733309 0.483096 0.776135 0.482746 0.756160 0.483447 0.796109 0.482746 0.756160 0.483492 0.626652 0.427430 0.673216 0.483447 0.796109 0.495326 0.679457 0.422983 0.686293
294 0.534637 0.734252 0.487617 0.776742 0.486962 0.756013 0.488272 0.797471 0.486962 0.756013 0.508339 0.642393 0.442094 0.675816 0.488272 0.797471 0.500957 0.691840 0.456377 0.701024
295 0.531655 0.732214 0.488390 0.775351 0.489789 0.755950 0.486991 0.794752 0.489789 0.755950 0.513062 0.645911 0.478727 0.686373 0.486991 0.794752 0.499192 0.700138 0.475568 0.710170
296 0.529895 0.732027 0.491600 0.774158 0.497840 0.755933 0.485361 0.792384 0.497840 0.755933 0.530321 0.662097 0.495801 0.704749 0.485361 0.792384 0.485969 0.695329 0.459591 0.707381
297 0.527217 0.730385 0.490176 0.771392 0.495555 0.751737 0.484797 0.791046 0.495555 0.751737 0.494780 0.655479 0.474864 0.701544 0.484797 0.791046 0.486745 0.705246 0.457391 0.710696
298 0.517995 0.735505 0.487463 0.768826 0.497677 0.754652 0.477248 0.783001 0.497677 0.754652 0.521559 0.657905 0.508079 0.704684 0.477248 0.783001 0.501981 0.694623 0.498900 0.710264
299 0.526324 0.740905 0.486516 0.779352 0.500003 0.770772 0.473029 0.787932 0.500003 0.770772 0.548203 0.676209 0.509220 0.714327 0.473029 0.787932 0.499843 0.691790 0.475857 0.705938
300 0.524744 0.740971 0.485765 0.779710 0.497373 0.768658 0.474156 0.790762 0.497373 0.768658 0.532999 0.665469 0.496147 0.708535 0.474156 0.790762 0.510022 0.691473 0.488860 0.714469
301 0.519762 0.748044 0.490156 0.778181 0.495655 0.760411 0.484657 0.795950 0.495655 0.760411 0.506687 0.634221 0.492891 0.698212 0.484657 0.795950 0.520118 0.696760 0.493818 0.715325
302 0.530733 0.745023 0.492831 0.780392 0.497277 0.762505 0.488385 0.798279 0.497277 0.762505 0.530164 0.637661 0.496885 0.694615 0.488385 0.798279 0.513467 0.695129 0.493910 0.714195
303 0.532689 0.746133 0.491937 0.787296 0.496634 0.769263 0.487240 0.805328 0.496634 0.769263 0.491763 0.627547 0.500168 0.692919 0.487240 0.805328 0.517053 0.694781 0.514354 0.723765
304 0.529510 0.751197 0.489456 0.788131 0.498102 0.773651 0.480810 0.802611 0.498102 0.773651 0.496363 0.627732 0.516596 0.692475 0.480810 0.802611 0.516189 0.693589 0.515850 0.720614
305 0.524598 0.750311 0.489197 0.783275 0.500421 0.773219 0.477972 0.793331 0.500421 0.773219 0.529098 0.648339 0.518502 0.692142 0.477972 0.793331 0.514657 0.678990 0.509614 0.708678
306 0.525865 0.752764 0.488042 0.787543 0.503684 0.782204 0.472399 0.792883 0.503684 0.782204 0.544728 0.657169 0.518091 0.691078 0.472399 0.792883 0.513768 0.668072 0.506016 0.704460
307 0.518560 0.749114 0.486919 0.781851 0.502440 0.778711 0.471398 0.784990 0.502440 0.778711 0.544282 0.663596 0.519322 0.691338 0.471398 0.784990 0.516918 0.670498 0.511510 0.704378
308 0.508807 0.752948 0.483127 0.777740 0.502088 0.777820 0.464165 0.777659 0.502088 0.777820 0.557026 0.665834 0.558017 0.700728 0.464165 0.777659 0.519669 0.666396 0.533270 0.702519
309 0.519331 0.753462 0.486214 0.783837 0.508174 0.789561 0.464254 0.778114 0.508174 0.789561 0.554009 0.664960 0.536605 0.693745 0.464254 0.778114 0.501174 0.640845 0.520780 0.702567
310 0.519757 0.752868 0.485370 0.783460 0.507192 0.788473 0.463548 0.778447 0.507192 0.788473 0.560099 0.680123 0.537205 0.697566 0.463548 0.778447 0.492962 0.629391 0.517468 0.690116
311 0.513485 0.748382 0.483847 0.777602 0.506489 0.786131 0.461205 0.769074 0.506489 0.786131 0.559677 0.686472 0.534672 0.697830 0.461205 0.769074 0.495358 0.636931 0.513463 0.690241
312 0.520021 0.749356 0.482963 0.783618 0.505747 0.794655 0.460179 0.772581 0.505747 0.794655 0.563528 0.687450 0.532609 0.698224 0.460179 0.772581 0.496471 0.636509 0.511488 0.692201
313 0.542185 0.749263 0.487203 0.794817 0.507045 0.795074 0.467361 0.794560 0.507045 0.795074 0.563209 0.696030 0.510556 0.690452 0.467361 0.794560 0.489431 0.640872 0.484486 0.692865
314 0.530154 0.746234 0.491109 0.782909 0.503378 0.776855 0.478839 0.788963 0.503378 0.776855 0.542459 0.688600 0.508673 0.688370 0.478839 0.788963 0.494622 0.661424 0.476367 0.684583
315 0.535549 0.751494 0.490860 0.792893 0.503779 0.792015 0.477942 0.793770 0.503779 0.792015 0.545291 0.701252 0.509363 0.688786 0.477942 0.793770 0.501751 0.660933 0.480640 0.684669
316 0.533157 0.752213 0.489242 0.790606 0.500242 0.788552 0.478243 0.792661 0.500242 0.788552 0.539017 0.699995 0.511126 0.688911 0.478243 0.792661 0.501893 0.669682 0.481836 0.680139
317 0.532953 0.752340 0.488950 0.789841 0.497861 0.787874 0.480038 0.791808 0.497861 0.787874 0.525223 0.698833 0.512179 0.689171 0.480038 0.791808 0.501684 0.682847 0.484169 0.682376
318 0.542378 0.752425 0.489320 0.793268 0.498378 0.793025 0.480262 0.793511 0.498378 0.793025 0.528469 0.712833 0.507284 0.696172 0.480262 0.793511 0.500925 0.679685 0.473556 0.683201
319 0.542881 0.750534 0.489259 0.791235 0.498661 0.791830 0.479857 0.790639 0.498661 0.791830 0.539608 0.733768 0.507861 0.712411 0.479857 0.790639 0.495384 0.684524 0.458862 0.683309
320 0.546209 0.744806 0.489559 0.787680 0.499489 0.791516 0.479628 0.783845 0.499489 0.791516 0.540003 0.730974 0.495324 0.710804 0.479628 0.783845 0.494035 0.680778 0.441016 0.684366
321 0.544206 0.747240 0.488641 0.782822 0.497160 0.777171 0.480122 0.788472 0.497160 0.777171 0.526899 0.707687 0.485623 0.702599 0.480122 0.788472 0.494759 0.699254 0.455845 0.701198
322 0.548645 0.752049 0.490429 0.785846 0.497368 0.773266 0.483490 0.798427 0.497368 0.773266 0.522273 0.681515 0.450340 0.683574 0.483490 0.798427 0.498873 0.698766 0.444092 0.699625
323 0.545704 0.752533 0.486367 0.781747 0.489465 0.766496 0.483269 0.796997 0.489465 0.766496 0.523965 0.673167 0.456273 0.686066 0.483269 0.796997 0.502160 0.694355 0.445139 0.700855
324 0.545585 0.756095 0.485206 0.782531 0.488095 0.764546 0.482316 0.800515 0.488095 0.764546 0.526980 0.666339 0.449156 0.686316 0.482316 0.800515 0.505678 0.696797 0.442691 0.701295
325 0.544959 0.754689 0.480213 0.781995 0.486079 0.766969 0.474346 0.797020 0.486079 0.766969 0.528500 0.672244 0.453096 0.691441 0.474346 0.797020 0.502518 0.694445 0.452639 0.708645
326 0.548554 0.753579 0.479498 0.783199 0.484560 0.768397 0.474435 0.798001 0.484560 0.768397 0.499695 0.653800 0.465280 0.690878 0.474435 0.798001 0.507242 0.694026 0.464888 0.709489
327 0.543919 0.748269 0.478640 0.776424 0.482675 0.763894 0.474605 0.788954 0.482675 0.763894 0.510218 0.656249 0.469487 0.697765 0.474605 0.788954 0.513082 0.699205 0.492838 0.720716
328 0.538001 0.747572 0.475403 0.776338 0.480976 0.765279 0.469831 0.787397 0.480976 0.765279 0.514392 0.669723 0.470137 0.695400 0.469831 0.787397 0.511266 0.698687 0.483866 0.708920
329 0.538451 0.750875 0.471328 0.780597 0.473046 0.761539 0.469611 0.799656 0.473046 0.761539 0.481611 0.641915 0.428148 0.691891 0.469611 0.799656 0.521144 0.717074 0.492689 0.735108
330 0.540683 0.751643 0.473643 0.780041 0.475644 0.761366 0.471641 0.798716 0.475644 0.761366 0.478953 0.644882 0.421424 0.692302 0.471641 0.798716 0.513904 0.712873 0.452131 0.732318
331 0.547719 0.756115 0.474570 0.781750 0.476969 0.765385 0.472171 0.798115 0.476969 0.765385 0.481730 0.642156 0.418311 0.692321 0.472171 0.798115 0.505259 0.698925 0.427006 0.717336
332 0.547538 0.752858 0.475297 0.779444 0.478188 0.765702 0.472407 0.793185 0.478188 0.765702 0.487668 0.647542 0.430838 0.693254 0.472407 0.793185 0.505725 0.694045 0.442550 0.712440
333 0.550233 0.752375 0.475528 0.778973 0.478561 0.764789 0.472496 0.793157 0.478561 0.764789 0.484178 0.644033 0.425387 0.693138 0.472496 0.793157 0.505691 0.694326 0.448284 0.715953
334 -1 -1 -1 -1 -1 -1 -1 -1 -1 -1 -1 -1 -1 -1 -1 -1 -1 -1 -1 -1
335 -1 -1 -1 -1 -1 -1 -1 -1 -1 -1 -1 -1 -1 -1 -1 -1 -1 -1 -1 -1
336 -1 -1 -1 -1 -1 -1 -1 -1 -1 -1 -1 -1 -1 -1 -1 -1 -1 -1 -1 -1
337 -1 -1 -1 -1 -1 -1 -1 -1 -1 -1 -1 -1 -1 -1 -1 -1 -1 -1 -1 -1
338 -1 -1 -1 -1 -1 -1 -1 -1 -1 -1 -1 -1 -1 -1 -1 -1 -1 -1 -1 -1
339 -1 -1 -1 -1 -1 -1 -1 -1 -1 -1 -1 -1 -1 -1 -1 -1 -1 -1 -1 -1
340 -1 -1 -1 -1 -1 -1 -1 -1 -1 -1 -1 -1 -1 -1 -1 -1 -1 -1 -1 -1
341 -1 -1 -1 -1 -1 -1 -1 -1 -1 -1 -1 -1 -1 -1 -1 -1 -1 -1 -1 -1
342 -1 -1 -1 -1 -1 -1 -1 -1 -1 -1 -1 -1 -1 -1 -1 -1 -1 -1 -1 -1
343 -1 -1 -1 -1 -1 -1 -1 -1 -1 -1 -1 -1 -1 -1 -1 -1 -1 -1 -1 -1
344 -1 -1 -1 -1 -1 -1 -1 -1 -1 -1 -1 -1 -1 -1 -1 -1 -1 -1 -1 -1
345 -1 -1 -1 -1 -1 -1 -1 -1 -1 -1 -1 -1 -1 -1 -1 -1 -1 -1 -1 -1
346 -1 -1 -1 -1 -1 -1 -1 -1 -1 -1 -1 -1 -1 -1 -1 -1 -1 -1 -1 -1
347 -1 -1 -1 -1 -1 -1 -1 -1 -1 -1 -1 -1 -1 -1 -1 -1 -1 -1 -1 -1
348 -1 -1 -1 -1 -1 -1 -1 -1 -1 -1 -1 -1 -1 -1 -1 -1 -1 -1 -1 -1
349 -1 -1 -1 -1 -1 -1 -1 -1 -1 -1 -1 -1 -1 -1 -1 -1 -1 -1 -1 -1
350 -1 -1 -1 -1 -1 -1 -1 -1 -1 -1 -1 -1 -1 -1 -1 -1 -1 -1 -1 -1
351 -1 -1 -1 -1 -1 -1 -1 -1 -1 -1 -1 -1 -1 -1 -1 -1 -1 -1 -1 -1
352 -1 -1 -1 -1 -1 -1 -1 -1 -1 -1 -1 -1 -1 -1 -1 -1 -1 -1 -1 -1
353 -1 -1 -1 -1 -1 -1 -1 -1 -1 -1 -1 -1 -1 -1 -1 -1 -1 -1 -1 -1
354 -1 -1 -1 -1 -1 -1 -1 -1 -1 -1 -1 -1 -1 -1 -1 -1 -1 -1 -1 -1
355 -1 -1 -1 -1 -1 -1 -1 -1 -1 -1 -1 -1 -1 -1 -1 -1 -1 -1 -1 -1
356 -1 -1 -1 -1 -1 -1 -1 -1 -1 -1 -1 -1 -1 -1 -1 -1 -1 -1 -1 -1
357 -1 -1 -1 -1 -1 -1 -1 -1 -1 -1 -1 -1 -1 -1 -1 -1 -1 -1 -1 -1
358 -1 -1 -1 -1 -1 -1 -1 -1 -1 -1 -1 -1 -1 -1 -1 -1 -1 -1 -1 -1
359 -1 -1 -1 -1 -1 -1 -1 -1 -1 -1 -1 -1 -1 -1 -1 -1 -1 -1 -1 -1
360 -1 -1 -1 -1 -1 -1 -1 -1 -1 -1 -1 -1 -1 -1 -1 -1 -1 -1 -1 -1
361 -1 -1 -1 -1 -1 -1 -1 -1 -1 -1 -1 -1 -1 -1 -1 -1 -1 -1 -1 -1
362 -1 -1 -1 -1 -1 -1 -1 -1 -1 -1 -1 -1 -1 -1 -1 -1 -1 -1 -1 -1
363 -1 -1 -1 -1 -1 -1 -1 -1 -1 -1 -1 -1 -1 -1 -1 -1 -1 -1 -1 -1
364 -1 -1 -1 -1 -1 -1 -1 -1 -1 -1 -1 -1 -1 -1 -1 -1 -1 -1 -1 -1
365 -1 -1 -1 -1 -1 -1 -1 -1 -1 -1 -1 -1 -1 -1 -1 -1 -1 -1 -1 -1
366 -1 -1 -1 -1 -1 -1 -1 -1 -1 -1 -1 -1 -1 -1 -1 -1 -1 -1 -1 -1
367 -1 -1 -1 -1 -1 -1 -1 -1 -1 -1 -1 -1 -1 -1 -1 -1 -1 -1 -1 -1
368 -1 -1 -1 -1 -1 -1 -1 -1 -1 -1 -1 -1 -1 -1 -1 -1 -1 -1 -1 -1
369 -1 -1 -1 -1 -1 -1 -1 -1 -1 -1 -1 -1 -1 -1 -1 -1 -1 -1 -1 -1
370 -1 -1 -1 -1 -1 -1 -1 -1 -1 -1 -1 -1 -1 -1 -1 -1 -1 -1 -1 -1
371 -1 -1 -1 -1 -1 -1 -1 -1 -1 -1 -1 -1 -1 -1 -1 -1 -1 -1 -1 -1
372 -1 -1 -1 -1 -1 -1 -1 -1 -1 -1 -1 -1 -1 -1 -1 -1 -1 -1 -1 -1
373 -1 -1 -1 -1 -1 -1 -1 -1 -1 -1 -1 -1 -1 -1 -1 -1 -1 -1 -1 -1
374 -1 -1 -1 -1 -1 -1 -1 -1 -1 -1 -1 -1 -1 -1 -1 -1 -1 -1 -1 -1
375 -1 -1 -1 -1 -1 -1 -1 -1 -1 -1 -1 -1 -1 -1 -1 -1 -1 -1 -1 -1
376 -1 -1 -1 -1 -1 -1 -1 -1 -1 -1 -1 -1 -1 -1 -1 -1 -1 -1 -1 -1
377 -1 -1 -1 -1 -1 -1 -1 -1 -1 -1 -1 -1 -1 -1 -1 -1 -1 -1 -1 -1
378 -1 -1 -1 -1 -1 -1 -1 -1 -1 -1 -1 -1 -1 -1 -1 -1 -1 -1 -1 -1
379 -1 -1 -1 -1 -1 -1 -1 -1 -1 -1 -1 -1 -1 -1 -1 -1 -1 -1 -1 -1
380 -1 -1 -1 -1 -1 -1 -1 -1 -1 -1 -1 -1 -1 -1 -1 -1 -1 -1 -1 -1
381 -1 -1 -1 -1 -1 -1 -1 -1 -1 -1 -1 -1 -1 -1 -1 -1 -1 -1 -1 -1
