129
144
0 0.747705 0.415844 0.734593 0.549077 0.758799 0.550229 0.710386 0.547924 0.758799 0.550229 0.754237 0.626860 0.746870 0.670316 0.710386 0.547924 0.688644 0.617600 0.684918 0.659961
1 0.748264 0.415821 0.733849 0.550496 0.758597 0.552769 0.709102 0.548222 0.758597 0.552769 0.754238 0.637005 0.747699 0.688344 0.709102 0.548222 0.688998 0.621023 0.681644 0.664730
2 -1 -1 -1 -1 -1 -1 -1 -1 -1 -1 -1 -1 -1 -1 -1 -1 -1 -1 -1 -1
3 -1 -1 -1 -1 -1 -1 -1 -1 -1 -1 -1 -1 -1 -1 -1 -1 -1 -1 -1 -1
4 -1 -1 -1 -1 -1 -1 -1 -1 -1 -1 -1 -1 -1 -1 -1 -1 -1 -1 -1 -1
5 -1 -1 -1 -1 -1 -1 -1 -1 -1 -1 -1 -1 -1 -1 -1 -1 -1 -1 -1 -1
6 -1 -1 -1 -1 -1 -1 -1 -1 -1 -1 -1 -1 -1 -1 -1 -1 -1 -1 -1 -1
7 -1 -1 -1 -1 -1 -1 -1 -1 -1 -1 -1 -1 -1 -1 -1 -1 -1 -1 -1 -1
8 -1 -1 -1 -1 -1 -1 -1 -1 -1 -1 -1 -1 -1 -1 -1 -1 -1 -1 -1 -1
9 -1 -1 -1 -1 -1 -1 -1 -1 -1 -1 -1 -1 -1 -1 -1 -1 -1 -1 -1 -1
10 -1 -1 -1 -1 -1 -1 -1 -1 -1 -1 -1 -1 -1 -1 -1 -1 -1 -1 -1 -1
11 -1 -1 -1 -1 -1 -1 -1 -1 -1 -1 -1 -1 -1 -1 -1 -1 -1 -1 -1 -1
12 -1 -1 -1 -1 -1 -1 -1 -1 -1 -1 -1 -1 -1 -1 -1 -1 -1 -1 -1 -1
13 -1 -1 -1 -1 -1 -1 -1 -1 -1 -1 -1 -1 -1 -1 -1 -1 -1 -1 -1 -1
14 -1 -1 -1 -1 -1 -1 -1 -1 -1 -1 -1 -1 -1 -1 -1 -1 -1 -1 -1 -1
15 -1 -1 -1 -1 -1 -1 -1 -1 -1 -1 -1 -1 -1 -1 -1 -1 -1 -1 -1 -1
16 -1 -1 -1 -1 -1 -1 -1 -1 -1 -1 -1 -1 -1 -1 -1 -1 -1 -1 -1 -1
17 -1 -1 -1 -1 -1 -1 -1 -1 -1 -1 -1 -1 -1 -1 -1 -1 -1 -1 -1 -1
18 -1 -1 -1 -1 -1 -1 -1 -1 -1 -1 -1 -1 -1 -1 -1 -1 -1 -1 -1 -1
19 -1 -1 -1 -1 -1 -1 -1 -1 -1 -1 -1 -1 -1 -1 -1 -1 -1 -1 -1 -1
20 -1 -1 -1 -1 -1 -1 -1 -1 -1 -1 -1 -1 -1 -1 -1 -1 -1 -1 -1 -1
21 -1 -1 -1 -1 -1 -1 -1 -1 -1 -1 -1 -1 -1 -1 -1 -1 -1 -1 -1 -1
22 -1 -1 -1 -1 -1 -1 -1 -1 -1 -1 -1 -1 -1 -1 -1 -1 -1 -1 -1 -1
23 -1 -1 -1 -1 -1 -1 -1 -1 -1 -1 -1 -1 -1 -1 -1 -1 -1 -1 -1 -1
24 -1 -1 -1 -1 -1 -1 -1 -1 -1 -1 -1 -1 -1 -1 -1 -1 -1 -1 -1 -1
25 -1 -1 -1 -1 -1 -1 -1 -1 -1 -1 -1 -1 -1 -1 -1 -1 -1 -1 -1 -1
26 -1 -1 -1 -1 -1 -1 -1 -1 -1 -1 -1 -1 -1 -1 -1 -1 -1 -1 -1 -1
27 -1 -1 -1 -1 -1 -1 -1 -1 -1 -1 -1 -1 -1 -1 -1 -1 -1 -1 -1 -1
28 -1 -1 -1 -1 -1 -1 -1 -1 -1 -1 -1 -1 -1 -1 -1 -1 -1 -1 -1 -1
29 -1 -1 -1 -1 -1 -1 -1 -1 -1 -1 -1 -1 -1 -1 -1 -1 -1 -1 -1 -1
30 -1 -1 -1 -1 -1 -1 -1 -1 -1 -1 -1 -1 -1 -1 -1 -1 -1 -1 -1 -1
31 -1 -1 -1 -1 -1 -1 -1 -1 -1 -1 -1 -1 -1 -1 -1 -1 -1 -1 -1 -1
32 -1 -1 -1 -1 -1 -1 -1 -1 -1 -1 -1 -1 -1 -1 -1 -1 -1 -1 -1 -1
33 -1 -1 -1 -1 -1 -1 -1 -1 -1 -1 -1 -1 -1 -1 -1 -1 -1 -1 -1 -1
34 -1 -1 -1 -1 -1 -1 -1 -1 -1 -1 -1 -1 -1 -1 -1 -1 -1 -1 -1 -1
35 -1 -1 -1 -1 -1 -1 -1 -1 -1 -1 -1 -1 -1 -1 -1 -1 -1 -1 -1 -1
36 -1 -1 -1 -1 -1 -1 -1 -1 -1 -1 -1 -1 -1 -1 -1 -1 -1 -1 -1 -1
37 -1 -1 -1 -1 -1 -1 -1 -1 -1 -1 -1 -1 -1 -1 -1 -1 -1 -1 -1 -1
38 -1 -1 -1 -1 -1 -1 -1 -1 -1 -1 -1 -1 -1 -1 -1 -1 -1 -1 -1 -1
39 -1 -1 -1 -1 -1 -1 -1 -1 -1 -1 -1 -1 -1 -1 -1 -1 -1 -1 -1 -1
40 -1 -1 -1 -1 -1 -1 -1 -1 -1 -1 -1 -1 -1 -1 -1 -1 -1 -1 -1 -1
41 -1 -1 -1 -1 -1 -1 -1 -1 -1 -1 -1 -1 -1 -1 -1 -1 -1 -1 -1 -1
42 -1 -1 -1 -1 -1 -1 -1 -1 -1 -1 -1 -1 -1 -1 -1 -1 -1 -1 -1 -1
43 -1 -1 -1 -1 -1 -1 -1 -1 -1 -1 -1 -1 -1 -1 -1 -1 -1 -1 -1 -1
44 -1 -1 -1 -1 -1 -1 -1 -1 -1 -1 -1 -1 -1 -1 -1 -1 -1 -1 -1 -1
45 -1 -1 -1 -1 -1 -1 -1 -1 -1 -1 -1 -1 -1 -1 -1 -1 -1 -1 -1 -1
46 -1 -1 -1 -1 -1 -1 -1 -1 -1 -1 -1 -1 -1 -1 -1 -1 -1 -1 -1 -1
47 -1 -1 -1 -1 -1 -1 -1 -1 -1 -1 -1 -1 -1 -1 -1 -1 -1 -1 -1 -1
48 -1 -1 -1 -1 -1 -1 -1 -1 -1 -1 -1 -1 -1 -1 -1 -1 -1 -1 -1 -1
49 -1 -1 -1 -1 -1 -1 -1 -1 -1 -1 -1 -1 -1 -1 -1 -1 -1 -1 -1 -1
50 -1 -1 -1 -1 -1 -1 -1 -1 -1 -1 -1 -1 -1 -1 -1 -1 -1 -1 -1 -1
51 -1 -1 -1 -1 -1 -1 -1 -1 -1 -1 -1 -1 -1 -1 -1 -1 -1 -1 -1 -1
52 -1 -1 -1 -1 -1 -1 -1 -1 -1 -1 -1 -1 -1 -1 -1 -1 -1 -1 -1 -1
53 -1 -1 -1 -1 -1 -1 -1 -1 -1 -1 -1 -1 -1 -1 -1 -1 -1 -1 -1 -1
54 -1 -1 -1 -1 -1 -1 -1 -1 -1 -1 -1 -1 -1 -1 -1 -1 -1 -1 -1 -1
55 -1 -1 -1 -1 -1 -1 -1 -1 -1 -1 -1 -1 -1 -1 -1 -1 -1 -1 -1 -1
56 -1 -1 -1 -1 -1 -1 -1 -1 -1 -1 -1 -1 -1 -1 -1 -1 -1 -1 -1 -1
57 -1 -1 -1 -1 -1 -1 -1 -1 -1 -1 -1 -1 -1 -1 -1 -1 -1 -1 -1 -1
58 -1 -1 -1 -1 -1 -1 -1 -1 -1 -1 -1 -1 -1 -1 -1 -1 -1 -1 -1 -1
59 -1 -1 -1 -1 -1 -1 -1 -1 -1 -1 -1 -1 -1 -1 -1 -1 -1 -1 -1 -1
60 -1 -1 -1 -1 -1 -1 -1 -1 -1 -1 -1 -1 -1 -1 -1 -1 -1 -1 -1 -1
61 -1 -1 -1 -1 -1 -1 -1 -1 -1 -1 -1 -1 -1 -1 -1 -1 -1 -1 -1 -1
62 -1 -1 -1 -1 -1 -1 -1 -1 -1 -1 -1 -1 -1 -1 -1 -1 -1 -1 -1 -1
63 -1 -1 -1 -1 -1 -1 -1 -1 -1 -1 -1 -1 -1 -1 -1 -1 -1 -1 -1 -1
64 -1 -1 -1 -1 -1 -1 -1 -1 -1 -1 -1 -1 -1 -1 -1 -1 -1 -1 -1 -1
65 -1 -1 -1 -1 -1 -1 -1 -1 -1 -1 -1 -1 -1 -1 -1 -1 -1 -1 -1 -1
66 -1 -1 -1 -1 -1 -1 -1 -1 -1 -1 -1 -1 -1 -1 -1 -1 -1 -1 -1 -1
67 -1 -1 -1 -1 -1 -1 -1 -1 -1 -1 -1 -1 -1 -1 -1 -1 -1 -1 -1 -1
68 -1 -1 -1 -1 -1 -1 -1 -1 -1 -1 -1 -1 -1 -1 -1 -1 -1 -1 -1 -1
69 -1 -1 -1 -1 -1 -1 -1 -1 -1 -1 -1 -1 -1 -1 -1 -1 -1 -1 -1 -1
70 -1 -1 -1 -1 -1 -1 -1 -1 -1 -1 -1 -1 -1 -1 -1 -1 -1 -1 -1 -1
71 -1 -1 -1 -1 -1 -1 -1 -1 -1 -1 -1 -1 -1 -1 -1 -1 -1 -1 -1 -1
72 -1 -1 -1 -1 -1 -1 -1 -1 -1 -1 -1 -1 -1 -1 -1 -1 -1 -1 -1 -1
73 -1 -1 -1 -1 -1 -1 -1 -1 -1 -1 -1 -1 -1 -1 -1 -1 -1 -1 -1 -1
74 -1 -1 -1 -1 -1 -1 -1 -1 -1 -1 -1 -1 -1 -1 -1 -1 -1 -1 -1 -1
75 -1 -1 -1 -1 -1 -1 -1 -1 -1 -1 -1 -1 -1 -1 -1 -1 -1 -1 -1 -1
76 -1 -1 -1 -1 -1 -1 -1 -1 -1 -1 -1 -1 -1 -1 -1 -1 -1 -1 -1 -1
77 -1 -1 -1 -1 -1 -1 -1 -1 -1 -1 -1 -1 -1 -1 -1 -1 -1 -1 -1 -1
78 -1 -1 -1 -1 -1 -1 -1 -1 -1 -1 -1 -1 -1 -1 -1 -1 -1 -1 -1 -1
79 -1 -1 -1 -1 -1 -1 -1 -1 -1 -1 -1 -1 -1 -1 -1 -1 -1 -1 -1 -1
80 -1 -1 -1 -1 -1 -1 -1 -1 -1 -1 -1 -1 -1 -1 -1 -1 -1 -1 -1 -1
81 -1 -1 -1 -1 -1 -1 -1 -1 -1 -1 -1 -1 -1 -1 -1 -1 -1 -1 -1 -1
82 -1 -1 -1 -1 -1 -1 -1 -1 -1 -1 -1 -1 -1 -1 -1 -1 -1 -1 -1 -1
83 -1 -1 -1 -1 -1 -1 -1 -1 -1 -1 -1 -1 -1 -1 -1 -1 -1 -1 -1 -1
84 -1 -1 -1 -1 -1 -1 -1 -1 -1 -1 -1 -1 -1 -1 -1 -1 -1 -1 -1 -1
85 -1 -1 -1 -1 -1 -1 -1 -1 -1 -1 -1 -1 -1 -1 -1 -1 -1 -1 -1 -1
86 -1 -1 -1 -1 -1 -1 -1 -1 -1 -1 -1 -1 -1 -1 -1 -1 -1 -1 -1 -1
87 -1 -1 -1 -1 -1 -1 -1 -1 -1 -1 -1 -1 -1 -1 -1 -1 -1 -1 -1 -1
88 -1 -1 -1 -1 -1 -1 -1 -1 -1 -1 -1 -1 -1 -1 -1 -1 -1 -1 -1 -1
89 -1 -1 -1 -1 -1 -1 -1 -1 -1 -1 -1 -1 -1 -1 -1 -1 -1 -1 -1 -1
90 -1 -1 -1 -1 -1 -1 -1 -1 -1 -1 -1 -1 -1 -1 -1 -1 -1 -1 -1 -1
91 -1 -1 -1 -1 -1 -1 -1 -1 -1 -1 -1 -1 -1 -1 -1 -1 -1 -1 -1 -1
92 -1 -1 -1 -1 -1 -1 -1 -1 -1 -1 -1 -1 -1 -1 -1 -1 -1 -1 -1 -1
93 -1 -1 -1 -1 -1 -1 -1 -1 -1 -1 -1 -1 -1 -1 -1 -1 -1 -1 -1 -1
94 -1 -1 -1 -1 -1 -1 -1 -1 -1 -1 -1 -1 -1 -1 -1 -1 -1 -1 -1 -1
95 -1 -1 -1 -1 -1 -1 -1 -1 -1 -1 -1 -1 -1 -1 -1 -1 -1 -1 -1 -1
96 -1 -1 -1 -1 -1 -1 -1 -1 -1 -1 -1 -1 -1 -1 -1 -1 -1 -1 -1 -1
97 -1 -1 -1 -1 -1 -1 -1 -1 -1 -1 -1 -1 -1 -1 -1 -1 -1 -1 -1 -1
98 -1 -1 -1 -1 -1 -1 -1 -1 -1 -1 -1 -1 -1 -1 -1 -1 -1 -1 -1 -1
99 -1 -1 -1 -1 -1 -1 -1 -1 -1 -1 -1 -1 -1 -1 -1 -1 -1 -1 -1 -1
100 -1 -1 -1 -1 -1 -1 -1 -1 -1 -1 -1 -1 -1 -1 -1 -1 -1 -1 -1 -1
101 -1 -1 -1 -1 -1 -1 -1 -1 -1 -1 -1 -1 -1 -1 -1 -1 -1 -1 -1 -1
102 -1 -1 -1 -1 -1 -1 -1 -1 -1 -1 -1 -1 -1 -1 -1 -1 -1 -1 -1 -1
103 -1 -1 -1 -1 -1 -1 -1 -1 -1 -1 -1 -1 -1 -1 -1 -1 -1 -1 -1 -1
104 -1 -1 -1 -1 -1 -1 -1 -1 -1 -1 -1 -1 -1 -1 -1 -1 -1 -1 -1 -1
105 -1 -1 -1 -1 -1 -1 -1 -1 -1 -1 -1 -1 -1 -1 -1 -1 -1 -1 -1 -1
106 -1 -1 -1 -1 -1 -1 -1 -1 -1 -1 -1 -1 -1 -1 -1 -1 -1 -1 -1 -1
107 -1 -1 -1 -1 -1 -1 -1 -1 -1 -1 -1 -1 -1 -1 -1 -1 -1 -1 -1 -1
108 -1 -1 -1 -1 -1 -1 -1 -1 -1 -1 -1 -1 -1 -1 -1 -1 -1 -1 -1 -1
109 -1 -1 -1 -1 -1 -1 -1 -1 -1 -1 -1 -1 -1 -1 -1 -1 -1 -1 -1 -1
110 0.621212 0.374908 0.616724 0.511603 0.636564 0.520378 0.596885 0.502828 0.636564 0.520378 0.598641 0.629535 0.589835 0.747657 0.596885 0.502828 0.616358 0.620548 0.638642 0.717817
111 0.616203 0.376546 0.609292 0.513443 0.629667 0.523962 0.588916 0.502924 0.629667 0.523962 0.595259 0.632902 0.588167 0.751074 0.588916 0.502924 0.607161 0.619648 0.628796 0.713203
112 0.610570 0.377973 0.605266 0.516289 0.626126 0.525769 0.584406 0.506810 0.626126 0.525769 0.595621 0.634503 0.591136 0.749191 0.584406 0.506810 0.605886 0.623037 0.624409 0.727622
113 0.605543 0.379073 0.601628 0.516480 0.621915 0.525286 0.581342 0.507674 0.621915 0.525286 0.594843 0.635495 0.592657 0.749915 0.581342 0.507674 0.598584 0.622933 0.626355 0.722086
114 0.602545 0.379409 0.594714 0.521598 0.616043 0.529914 0.573385 0.513282 0.616043 0.529914 0.592638 0.636771 0.595640 0.747998 0.573385 0.513282 0.580813 0.640608 0.594789 0.748501
115 0.598073 0.379530 0.592747 0.522847 0.615014 0.530517 0.570480 0.515178 0.615014 0.530517 0.595428 0.645433 0.603739 0.755515 0.570480 0.515178 0.573728 0.651623 0.590843 0.751107
116 0.593704 0.380863 0.587390 0.529229 0.610707 0.535309 0.564072 0.523149 0.610707 0.535309 0.591103 0.651027 0.602151 0.755779 0.564072 0.523149 0.561250 0.655035 0.580311 0.741649
117 0.589740 0.382694 0.585342 0.530864 0.609228 0.537065 0.561456 0.524662 0.609228 0.537065 0.585488 0.648582 0.593075 0.752996 0.561456 0.524662 0.550369 0.651574 0.574890 0.737135
118 0.586402 0.386781 0.578360 0.542732 0.602213 0.549220 0.554506 0.536245 0.602213 0.549220 0.579628 0.660479 0.586942 0.753082 0.554506 0.536245 0.542341 0.658181 0.573089 0.725182
119 0.582965 0.391256 0.573411 0.547941 0.598297 0.554522 0.548524 0.541360 0.598297 0.554522 0.574932 0.673267 0.589594 0.752909 0.548524 0.541360 0.530314 0.667743 0.578219 0.701870
120 0.578501 0.396955 0.567645 0.553981 0.593188 0.560286 0.542102 0.547676 0.593188 0.560286 0.571654 0.675031 0.585350 0.750220 0.542102 0.547676 0.526551 0.675225 0.579324 0.703434
121 0.574470 0.405254 0.558688 0.565870 0.583174 0.573130 0.534202 0.558610 0.583174 0.573130 0.571075 0.676188 0.581598 0.747504 0.534202 0.558610 0.520061 0.677856 0.568090 0.700916
122 0.569818 0.414332 0.554139 0.573224 0.578723 0.579449 0.529555 0.566999 0.578723 0.579449 0.567746 0.686674 0.578445 0.746546 0.529555 0.566999 0.510327 0.696814 0.565677 0.703150
123 0.564317 0.423709 0.541369 0.590094 0.565921 0.595019 0.516816 0.585169 0.565921 0.595019 0.563185 0.709119 0.574947 0.745931 0.516816 0.585169 0.501105 0.725223 0.552747 0.701364
124 0.556894 0.437903 0.528403 0.609002 0.553711 0.613094 0.503096 0.604910 0.553711 0.613094 0.552963 0.744512 0.561317 0.747624 0.503096 0.604910 0.492189 0.749607 0.534405 0.735540
125 -1 -1 -1 -1 -1 -1 -1 -1 -1 -1 -1 -1 -1 -1 -1 -1 -1 -1 -1 -1
126 -1 -1 -1 -1 -1 -1 -1 -1 -1 -1 -1 -1 -1 -1 -1 -1 -1 -1 -1 -1
127 -1 -1 -1 -1 -1 -1 -1 -1 -1 -1 -1 -1 -1 -1 -1 -1 -1 -1 -1 -1
128 -1 -1 -1 -1 -1 -1 -1 -1 -1 -1 -1 -1 -1 -1 -1 -1 -1 -1 -1 -1
129 -1 -1 -1 -1 -1 -1 -1 -1 -1 -1 -1 -1 -1 -1 -1 -1 -1 -1 -1 -1
130 -1 -1 -1 -1 -1 -1 -1 -1 -1 -1 -1 -1 -1 -1 -1 -1 -1 -1 -1 -1
131 -1 -1 -1 -1 -1 -1 -1 -1 -1 -1 -1 -1 -1 -1 -1 -1 -1 -1 -1 -1
132 -1 -1 -1 -1 -1 -1 -1 -1 -1 -1 -1 -1 -1 -1 -1 -1 -1 -1 -1 -1
133 -1 -1 -1 -1 -1 -1 -1 -1 -1 -1 -1 -1 -1 -1 -1 -1 -1 -1 -1 -1
134 -1 -1 -1 -1 -1 -1 -1 -1 -1 -1 -1 -1 -1 -1 -1 -1 -1 -1 -1 -1
135 -1 -1 -1 -1 -1 -1 -1 -1 -1 -1 -1 -1 -1 -1 -1 -1 -1 -1 -1 -1
136 -1 -1 -1 -1 -1 -1 -1 -1 -1 -1 -1 -1 -1 -1 -1 -1 -1 -1 -1 -1
137 -1 -1 -1 -1 -1 -1 -1 -1 -1 -1 -1 -1 -1 -1 -1 -1 -1 -1 -1 -1
138 -1 -1 -1 -1 -1 -1 -1 -1 -1 -1 -1 -1 -1 -1 -1 -1 -1 -1 -1 -1
139 -1 -1 -1 -1 -1 -1 -1 -1 -1 -1 -1 -1 -1 -1 -1 -1 -1 -1 -1 -1
140 -1 -1 -1 -1 -1 -1 -1 -1 -1 -1 -1 -1 -1 -1 -1 -1 -1 -1 -1 -1
141 -1 -1 -1 -1 -1 -1 -1 -1 -1 -1 -1 -1 -1 -1 -1 -1 -1 -1 -1 -1
142 -1 -1 -1 -1 -1 -1 -1 -1 -1 -1 -1 -1 -1 -1 -1 -1 -1 -1 -1 -1
143 -1 -1 -1 -1 -1 -1 -1 -1 -1 -1 -1 -1 -1 -1 -1 -1 -1 -1 -1 -1
144 -1 -1 -1 -1 -1 -1 -1 -1 -1 -1 -1 -1 -1 -1 -1 -1 -1 -1 -1 -1
145 -1 -1 -1 -1 -1 -1 -1 -1 -1 -1 -1 -1 -1 -1 -1 -1 -1 -1 -1 -1
146 -1 -1 -1 -1 -1 -1 -1 -1 -1 -1 -1 -1 -1 -1 -1 -1 -1 -1 -1 -1
147 -1 -1 -1 -1 -1 -1 -1 -1 -1 -1 -1 -1 -1 -1 -1 -1 -1 -1 -1 -1
148 -1 -1 -1 -1 -1 -1 -1 -1 -1 -1 -1 -1 -1 -1 -1 -1 -1 -1 -1 -1
149 -1 -1 -1 -1 -1 -1 -1 -1 -1 -1 -1 -1 -1 -1 -1 -1 -1 -1 -1 -1
150 -1 -1 -1 -1 -1 -1 -1 -1 -1 -1 -1 -1 -1 -1 -1 -1 -1 -1 -1 -1
151 0.319790 0.654858 0.423195 0.673433 0.427705 0.650987 0.418686 0.695880 0.427705 0.650987 0.462185 0.722678 0.543169 0.753413 0.418686 0.695880 0.448817 0.796042 0.526331 0.757162
152 0.320484 0.654004 0.423490 0.673772 0.428464 0.651525 0.418517 0.696020 0.428464 0.651525 0.463736 0.726511 0.544758 0.754934 0.418517 0.696020 0.448206 0.795719 0.522918 0.757271
153 0.319552 0.653561 0.423509 0.674179 0.428736 0.652205 0.418282 0.696152 0.428736 0.652205 0.465355 0.728074 0.544680 0.758869 0.418282 0.696152 0.448160 0.795198 0.519112 0.758150
154 0.319020 0.654286 0.423404 0.675098 0.428788 0.652553 0.418020 0.697643 0.428788 0.652553 0.469448 0.727723 0.545702 0.763263 0.418020 0.697643 0.449557 0.794913 0.518339 0.756810
155 0.320056 0.654451 0.423598 0.675303 0.429254 0.652829 0.417941 0.697777 0.429254 0.652829 0.473498 0.731797 0.546311 0.763408 0.417941 0.697777 0.449597 0.795407 0.526093 0.757132
156 0.320581 0.654645 0.423624 0.675315 0.429178 0.652613 0.418070 0.698017 0.429178 0.652613 0.473444 0.732136 0.548380 0.763888 0.418070 0.698017 0.450488 0.795593 0.527035 0.757796
157 0.321065 0.655655 0.423713 0.676022 0.429409 0.652851 0.418017 0.699192 0.429409 0.652851 0.474523 0.733696 0.551407 0.765779 0.418017 0.699192 0.450720 0.795751 0.527978 0.759884
158 0.318622 0.657287 0.423802 0.676237 0.429561 0.652826 0.418044 0.699649 0.429561 0.652826 0.474771 0.733520 0.554468 0.765460 0.418044 0.699649 0.450710 0.796365 0.527360 0.764117
159 0.319392 0.657648 0.424071 0.676365 0.430068 0.652953 0.418075 0.699778 0.430068 0.652953 0.478079 0.733671 0.555911 0.765269 0.418075 0.699778 0.452284 0.796313 0.530075 0.763728
160 0.319874 0.657911 0.424868 0.676625 0.431376 0.653048 0.418361 0.700202 0.431376 0.653048 0.481828 0.733690 0.560575 0.765111 0.418361 0.700202 0.452638 0.796117 0.530323 0.761620
161 0.320044 0.658120 0.425144 0.676167 0.431907 0.652858 0.418381 0.699477 0.431907 0.652858 0.483340 0.731664 0.559522 0.763077 0.418381 0.699477 0.452431 0.793778 0.536587 0.762303
162 0.319250 0.658623 0.425363 0.675830 0.432283 0.652696 0.418442 0.698965 0.432283 0.652696 0.484249 0.731035 0.560123 0.762397 0.418442 0.698965 0.452461 0.791616 0.541116 0.762582
163 0.319420 0.658658 0.425353 0.675635 0.432264 0.652398 0.418443 0.698872 0.432264 0.652398 0.484022 0.731055 0.557738 0.758634 0.418443 0.698872 0.454182 0.787929 0.549969 0.762590
164 0.319386 0.658750 0.425291 0.674987 0.432142 0.652176 0.418440 0.697798 0.432142 0.652176 0.486795 0.734154 0.558425 0.758020 0.418440 0.697798 0.458815 0.786588 0.552539 0.762960
165 0.319570 0.659137 0.425556 0.674619 0.432351 0.652204 0.418760 0.697034 0.432351 0.652204 0.489207 0.735984 0.559733 0.758392 0.418760 0.697034 0.462836 0.784181 0.553845 0.763277
166 0.319610 0.659508 0.425844 0.674078 0.432672 0.652141 0.419016 0.696015 0.432672 0.652141 0.489392 0.738317 0.561292 0.760583 0.419016 0.696015 0.464249 0.782387 0.551012 0.762625
167 0.319592 0.660229 0.425941 0.673947 0.432671 0.651947 0.419212 0.695947 0.432671 0.651947 0.489545 0.738075 0.552794 0.759619 0.419212 0.695947 0.463182 0.779798 0.555248 0.763332
168 0.319328 0.661487 0.425648 0.674342 0.432154 0.652010 0.419143 0.696674 0.432154 0.652010 0.481856 0.736496 0.554784 0.761505 0.419143 0.696674 0.462441 0.779002 0.552783 0.763309
169 0.319330 0.661385 0.426080 0.674402 0.432730 0.652110 0.419431 0.696695 0.432730 0.652110 0.484845 0.736538 0.545406 0.758764 0.419431 0.696695 0.458613 0.779018 0.557063 0.766363
170 0.319043 0.662259 0.425930 0.674439 0.432722 0.652166 0.419138 0.696712 0.432722 0.652166 0.488468 0.737793 0.541207 0.756626 0.419138 0.696712 0.456161 0.779512 0.556834 0.768722
171 0.319000 0.662053 0.425845 0.674644 0.432711 0.652562 0.418979 0.696725 0.432711 0.652562 0.489736 0.740173 0.544136 0.756803 0.418979 0.696725 0.456037 0.780465 0.555298 0.768354
172 0.318909 0.661688 0.425523 0.674651 0.432714 0.652567 0.418332 0.696735 0.432714 0.652567 0.488365 0.743584 0.549423 0.762061 0.418332 0.696735 0.454233 0.782160 0.548449 0.766616
173 0.318854 0.661316 0.425537 0.674607 0.432792 0.652568 0.418281 0.696646 0.432792 0.652568 0.484407 0.744432 0.557175 0.766724 0.418281 0.696646 0.454271 0.783509 0.539963 0.766533
174 0.318904 0.660370 0.425492 0.674634 0.432836 0.652601 0.418147 0.696668 0.432836 0.652601 0.483117 0.745451 0.558714 0.768897 0.418147 0.696668 0.452679 0.786070 0.539621 0.766491
175 0.318757 0.659453 0.425255 0.674692 0.432912 0.652741 0.417598 0.696643 0.432912 0.652741 0.481506 0.749597 0.559112 0.768749 0.417598 0.696643 0.453394 0.785340 0.537763 0.766350
176 0.318779 0.659082 0.425042 0.674707 0.432911 0.652778 0.417173 0.696637 0.432911 0.652778 0.480248 0.749855 0.559363 0.768844 0.417173 0.696637 0.453818 0.786669 0.536298 0.767090
177 0.318590 0.658805 0.425026 0.674831 0.432949 0.652914 0.417103 0.696749 0.432949 0.652914 0.479905 0.750206 0.559819 0.769497 0.417103 0.696749 0.455135 0.786761 0.535257 0.766835
178 0.318363 0.658866 0.424822 0.675257 0.432953 0.653404 0.416690 0.697110 0.432953 0.653404 0.479715 0.753152 0.561320 0.769649 0.416690 0.697110 0.458415 0.786054 0.530981 0.756179
179 0.318362 0.658766 0.424951 0.675732 0.433153 0.653780 0.416748 0.697684 0.433153 0.653780 0.479842 0.752711 0.561999 0.771125 0.416748 0.697684 0.457280 0.786230 0.531354 0.757386
180 0.318215 0.659168 0.425224 0.675919 0.433326 0.653865 0.417122 0.697972 0.433326 0.653865 0.480962 0.753962 0.562047 0.771038 0.417122 0.697972 0.457251 0.789042 0.533685 0.757790
181 0.318182 0.659691 0.425463 0.675932 0.433777 0.653881 0.417150 0.697983 0.433777 0.653881 0.483261 0.753471 0.563870 0.771414 0.417150 0.697983 0.456892 0.788978 0.533354 0.761741
182 0.318106 0.662651 0.425305 0.676063 0.433771 0.654255 0.416840 0.697871 0.433771 0.654255 0.483406 0.753150 0.563805 0.771221 0.416840 0.697871 0.454994 0.792113 0.532417 0.766053
183 0.317922 0.664789 0.425228 0.676901 0.433770 0.654508 0.416685 0.699295 0.433770 0.654508 0.484343 0.752312 0.565484 0.771926 0.416685 0.699295 0.452153 0.791742 0.532553 0.765535
184 0.317420 0.667662 0.425175 0.677411 0.433732 0.655272 0.416619 0.699551 0.433732 0.655272 0.485912 0.752105 0.565377 0.771790 0.416619 0.699551 0.451437 0.791580 0.528968 0.766698
185 0.317172 0.669748 0.425165 0.677424 0.433707 0.655315 0.416622 0.699534 0.433707 0.655315 0.494984 0.740383 0.562016 0.771290 0.416622 0.699534 0.451633 0.789585 0.541699 0.766594
186 0.317101 0.669017 0.424089 0.676138 0.432055 0.654345 0.416123 0.697931 0.432055 0.654345 0.493019 0.735487 0.561946 0.766168 0.416123 0.697931 0.451555 0.789970 0.548445 0.766631
187 0.317380 0.667917 0.423566 0.675831 0.431071 0.653804 0.416062 0.697859 0.431071 0.653804 0.492071 0.732949 0.561961 0.765178 0.416062 0.697859 0.452019 0.789581 0.552437 0.767305
188 0.317687 0.666486 0.423532 0.675500 0.431002 0.653141 0.416062 0.697860 0.431002 0.653141 0.491896 0.732040 0.561549 0.763494 0.416062 0.697860 0.449724 0.789554 0.551364 0.767336
189 0.318252 0.665221 0.423414 0.675700 0.430730 0.653059 0.416097 0.698341 0.430730 0.653059 0.489696 0.733765 0.561389 0.763701 0.416097 0.698341 0.449832 0.789433 0.557046 0.770426
190 0.318979 0.664661 0.424133 0.675607 0.431057 0.652927 0.417209 0.698286 0.431057 0.652927 0.489503 0.735449 0.560068 0.763447 0.417209 0.698286 0.450077 0.789241 0.557459 0.772050
191 0.319113 0.664104 0.424173 0.675529 0.431089 0.652782 0.417258 0.698275 0.431089 0.652782 0.489471 0.737058 0.559626 0.763502 0.417258 0.698275 0.450019 0.789691 0.555728 0.772022
192 0.319392 0.663622 0.424684 0.675565 0.431206 0.652739 0.418162 0.698391 0.431206 0.652739 0.484164 0.737430 0.557748 0.762960 0.418162 0.698391 0.450313 0.788572 0.555985 0.772551
193 0.319552 0.663302 0.424980 0.675804 0.431578 0.652726 0.418383 0.698882 0.431578 0.652726 0.486132 0.736024 0.558261 0.763031 0.418383 0.698882 0.450170 0.788479 0.554897 0.772327
194 0.319736 0.663090 0.424838 0.675885 0.431632 0.652749 0.418044 0.699021 0.431632 0.652749 0.487619 0.736368 0.559195 0.763504 0.418044 0.699021 0.449942 0.789112 0.554778 0.772210
195 0.319739 0.663084 0.424860 0.676038 0.431700 0.652877 0.418019 0.699199 0.431700 0.652877 0.488706 0.735478 0.558973 0.763613 0.418019 0.699199 0.450116 0.789229 0.554729 0.772122
196 0.319917 0.663261 0.425195 0.676111 0.431903 0.652971 0.418487 0.699252 0.431903 0.652971 0.486797 0.741582 0.564670 0.764110 0.418487 0.699252 0.453130 0.789968 0.560926 0.773115
197 0.319842 0.663709 0.425171 0.676220 0.431908 0.653187 0.418434 0.699252 0.431908 0.653187 0.489976 0.741931 0.564427 0.764588 0.418434 0.699252 0.454462 0.789890 0.561458 0.774450
198 0.319873 0.663940 0.425175 0.676231 0.431917 0.653211 0.418432 0.699250 0.431917 0.653211 0.489852 0.741847 0.564207 0.764599 0.418432 0.699250 0.454362 0.789996 0.560227 0.774237
199 0.319775 0.663977 0.425309 0.676088 0.432175 0.653151 0.418442 0.699025 0.432175 0.653151 0.492045 0.739189 0.565550 0.765758 0.418442 0.699025 0.454204 0.790772 0.555942 0.771432
200 0.319727 0.664056 0.425189 0.675994 0.432119 0.653096 0.418260 0.698891 0.432119 0.653096 0.491774 0.738953 0.567079 0.765834 0.418260 0.698891 0.453689 0.790662 0.557719 0.771520
201 0.319603 0.664224 0.425265 0.676231 0.432382 0.653368 0.418149 0.699094 0.432382 0.653368 0.484714 0.741218 0.567225 0.765989 0.418149 0.699094 0.452147 0.790644 0.554846 0.771520
202 0.319588 0.664339 0.425255 0.676255 0.432387 0.653416 0.418122 0.699094 0.432387 0.653416 0.487499 0.740354 0.567478 0.766457 0.418122 0.699094 0.451928 0.791607 0.553519 0.771430
203 0.319633 0.664269 0.425117 0.676046 0.432243 0.653415 0.417991 0.698676 0.432243 0.653415 0.488068 0.739958 0.568406 0.767809 0.417991 0.698676 0.452161 0.791788 0.553281 0.771138
204 0.319631 0.664237 0.425066 0.676028 0.432156 0.653504 0.417976 0.698552 0.432156 0.653504 0.482303 0.742668 0.567448 0.766061 0.417976 0.698552 0.452364 0.791778 0.553120 0.771138
205 0.319380 0.664301 0.425002 0.676019 0.432125 0.653481 0.417879 0.698557 0.432125 0.653481 0.481631 0.742547 0.568701 0.766095 0.417879 0.698557 0.452322 0.791759 0.556147 0.771782
206 0.319343 0.664331 0.425017 0.675482 0.432163 0.653200 0.417872 0.697764 0.432163 0.653200 0.486593 0.742464 0.568579 0.766402 0.417872 0.697764 0.452216 0.791357 0.554520 0.771735
207 0.319419 0.664339 0.425131 0.675451 0.432188 0.653133 0.418074 0.697769 0.432188 0.653133 0.487248 0.742178 0.568293 0.766059 0.418074 0.697769 0.452212 0.791351 0.554511 0.771727
208 0.319416 0.664332 0.425244 0.675478 0.432269 0.653134 0.418220 0.697822 0.432269 0.653134 0.482153 0.742952 0.568468 0.766368 0.418220 0.697822 0.452329 0.791508 0.555825 0.771572
209 0.319530 0.664373 0.425426 0.675744 0.432335 0.653204 0.418518 0.698283 0.432335 0.653204 0.484167 0.743074 0.562899 0.764121 0.418518 0.698283 0.453007 0.791464 0.557312 0.771765
210 0.319260 0.664179 0.425513 0.675901 0.432462 0.653199 0.418564 0.698602 0.432462 0.653199 0.484175 0.741612 0.563957 0.764187 0.418564 0.698602 0.452843 0.792028 0.555183 0.771335
211 0.319273 0.664123 0.425453 0.675826 0.432462 0.653195 0.418445 0.698458 0.432462 0.653195 0.483501 0.742431 0.565335 0.764820 0.418445 0.698458 0.452893 0.792022 0.554717 0.771342
212 0.319299 0.664036 0.425453 0.675809 0.432486 0.653159 0.418421 0.698458 0.432486 0.653159 0.489635 0.742445 0.566399 0.765297 0.418421 0.698458 0.452923 0.791657 0.554717 0.771405
213 0.319254 0.664113 0.425548 0.675777 0.432466 0.653082 0.418630 0.698471 0.432466 0.653082 0.486248 0.741085 0.560570 0.764276 0.418630 0.698471 0.453024 0.791240 0.557830 0.772333
214 0.319199 0.664142 0.425471 0.675777 0.432458 0.653082 0.418483 0.698473 0.432458 0.653082 0.488572 0.740088 0.561548 0.764349 0.418483 0.698473 0.453024 0.791687 0.556053 0.771331
215 0.319158 0.664128 0.425365 0.675706 0.432458 0.653105 0.418271 0.698306 0.432458 0.653105 0.485611 0.740845 0.566308 0.765675 0.418271 0.698306 0.453019 0.791619 0.551028 0.769913
216 0.318943 0.664260 0.425195 0.675735 0.432396 0.653119 0.417995 0.698350 0.432396 0.653119 0.489112 0.740864 0.567865 0.767274 0.417995 0.698350 0.452962 0.792828 0.550638 0.769695
217 0.318961 0.664320 0.425053 0.675637 0.432183 0.653058 0.417924 0.698215 0.432183 0.653058 0.488383 0.738113 0.569013 0.766981 0.417924 0.698215 0.452270 0.792169 0.554848 0.770788
218 0.318962 0.664364 0.425036 0.675859 0.432178 0.653076 0.417894 0.698642 0.432178 0.653076 0.488537 0.738234 0.568428 0.766550 0.417894 0.698642 0.452268 0.791998 0.554751 0.770838
219 0.319353 0.664174 0.425057 0.675665 0.432223 0.653090 0.417891 0.698239 0.432223 0.653090 0.489829 0.738334 0.568236 0.766607 0.417891 0.698239 0.452379 0.791666 0.554660 0.771060
220 0.319101 0.664409 0.424806 0.675881 0.432227 0.653259 0.417386 0.698503 0.432227 0.653259 0.489798 0.738187 0.567099 0.766257 0.417386 0.698503 0.451967 0.790450 0.553832 0.771111
221 0.319127 0.664389 0.424881 0.675892 0.432221 0.653289 0.417542 0.698495 0.432221 0.653289 0.486099 0.739047 0.567190 0.766069 0.417542 0.698495 0.452298 0.790455 0.556965 0.772104
222 0.319127 0.664569 0.424924 0.675860 0.432265 0.653257 0.417583 0.698462 0.432265 0.653257 0.483576 0.739358 0.568783 0.766660 0.417583 0.698462 0.451909 0.790693 0.554967 0.770574
223 0.319143 0.664318 0.425059 0.675878 0.432435 0.653257 0.417683 0.698499 0.432435 0.653257 0.487983 0.738234 0.568721 0.766980 0.417683 0.698499 0.452002 0.790668 0.553900 0.770477
224 0.319000 0.664548 0.424984 0.676044 0.432368 0.653214 0.417600 0.698875 0.432368 0.653214 0.487973 0.738475 0.566356 0.766544 0.417600 0.698875 0.452010 0.790685 0.553382 0.770614
225 0.319042 0.664592 0.424936 0.675722 0.432268 0.652955 0.417603 0.698490 0.432268 0.652955 0.484936 0.739365 0.568230 0.766616 0.417603 0.698490 0.452018 0.790760 0.553221 0.770350
226 0.319349 0.664603 0.425157 0.675790 0.432264 0.652785 0.418050 0.698795 0.432264 0.652785 0.479326 0.739368 0.567942 0.766200 0.418050 0.698795 0.452021 0.790786 0.556144 0.770973
227 0.319288 0.664770 0.425027 0.675739 0.432172 0.652699 0.417882 0.698780 0.432172 0.652699 0.480053 0.739380 0.569419 0.766192 0.417882 0.698780 0.451789 0.790832 0.554291 0.770021
228 0.319041 0.664749 0.424899 0.675735 0.432112 0.652732 0.417685 0.698739 0.432112 0.652732 0.480390 0.742851 0.569377 0.766477 0.417685 0.698739 0.451924 0.790958 0.553883 0.770239
229 0.319105 0.664572 0.424753 0.675473 0.432071 0.652727 0.417436 0.698219 0.432071 0.652727 0.486338 0.742747 0.569321 0.767219 0.417436 0.698219 0.451066 0.791187 0.552293 0.770224
230 0.319224 0.664581 0.424601 0.675374 0.431965 0.652570 0.417237 0.698177 0.431965 0.652570 0.485236 0.742721 0.566996 0.766558 0.417237 0.698177 0.450848 0.791312 0.544631 0.769550
231 0.319184 0.664594 0.424652 0.675295 0.432076 0.652566 0.417228 0.698025 0.432076 0.652566 0.492141 0.742700 0.567408 0.766776 0.417228 0.698025 0.450517 0.791764 0.548160 0.769810
232 0.319143 0.664576 0.424530 0.675192 0.431943 0.652459 0.417116 0.697925 0.431943 0.652459 0.491213 0.742064 0.566198 0.765448 0.417116 0.697925 0.450542 0.791366 0.551458 0.770865
233 0.319112 0.664643 0.424527 0.675150 0.431942 0.652440 0.417112 0.697861 0.431942 0.652440 0.490772 0.740398 0.567979 0.766801 0.417112 0.697861 0.450538 0.790990 0.551240 0.769424
234 0.319050 0.664642 0.424591 0.675208 0.432010 0.652479 0.417171 0.697937 0.432010 0.652479 0.490363 0.740712 0.566546 0.766181 0.417171 0.697937 0.450537 0.790970 0.551251 0.770582
235 0.318809 0.665000 0.424481 0.675318 0.431831 0.652405 0.417132 0.698230 0.431831 0.652405 0.489150 0.740684 0.564684 0.764901 0.417132 0.698230 0.450536 0.791144 0.551274 0.771201
236 0.318867 0.664975 0.424345 0.675288 0.431747 0.652404 0.416943 0.698172 0.431747 0.652404 0.490231 0.740723 0.565770 0.766131 0.416943 0.698172 0.450542 0.791146 0.551962 0.771835
237 0.318609 0.664841 0.424150 0.675248 0.431502 0.652302 0.416799 0.698193 0.431502 0.652302 0.489084 0.740272 0.565223 0.766040 0.416799 0.698193 0.450547 0.791167 0.551900 0.771831
238 0.318292 0.664847 0.424178 0.675179 0.431598 0.652301 0.416757 0.698056 0.431598 0.652301 0.485354 0.742207 0.567200 0.767349 0.416757 0.698056 0.450856 0.791691 0.543851 0.768740
239 0.318224 0.664941 0.424053 0.675178 0.431396 0.652280 0.416710 0.698076 0.431396 0.652280 0.478273 0.742199 0.565474 0.765395 0.416710 0.698076 0.450911 0.791033 0.544394 0.768806
