157
170
0 -1 -1 -1 -1 -1 -1 -1 -1 -1 -1 -1 -1 -1 -1 -1 -1 -1 -1 -1 -1
1 -1 -1 -1 -1 -1 -1 -1 -1 -1 -1 -1 -1 -1 -1 -1 -1 -1 -1 -1 -1
2 -1 -1 -1 -1 -1 -1 -1 -1 -1 -1 -1 -1 -1 -1 -1 -1 -1 -1 -1 -1
3 -1 -1 -1 -1 -1 -1 -1 -1 -1 -1 -1 -1 -1 -1 -1 -1 -1 -1 -1 -1
4 -1 -1 -1 -1 -1 -1 -1 -1 -1 -1 -1 -1 -1 -1 -1 -1 -1 -1 -1 -1
5 -1 -1 -1 -1 -1 -1 -1 -1 -1 -1 -1 -1 -1 -1 -1 -1 -1 -1 -1 -1
6 -1 -1 -1 -1 -1 -1 -1 -1 -1 -1 -1 -1 -1 -1 -1 -1 -1 -1 -1 -1
7 -1 -1 -1 -1 -1 -1 -1 -1 -1 -1 -1 -1 -1 -1 -1 -1 -1 -1 -1 -1
8 -1 -1 -1 -1 -1 -1 -1 -1 -1 -1 -1 -1 -1 -1 -1 -1 -1 -1 -1 -1
9 -1 -1 -1 -1 -1 -1 -1 -1 -1 -1 -1 -1 -1 -1 -1 -1 -1 -1 -1 -1
10 -1 -1 -1 -1 -1 -1 -1 -1 -1 -1 -1 -1 -1 -1 -1 -1 -1 -1 -1 -1
11 -1 -1 -1 -1 -1 -1 -1 -1 -1 -1 -1 -1 -1 -1 -1 -1 -1 -1 -1 -1
12 -1 -1 -1 -1 -1 -1 -1 -1 -1 -1 -1 -1 -1 -1 -1 -1 -1 -1 -1 -1
13 -1 -1 -1 -1 -1 -1 -1 -1 -1 -1 -1 -1 -1 -1 -1 -1 -1 -1 -1 -1
14 -1 -1 -1 -1 -1 -1 -1 -1 -1 -1 -1 -1 -1 -1 -1 -1 -1 -1 -1 -1
15 -1 -1 -1 -1 -1 -1 -1 -1 -1 -1 -1 -1 -1 -1 -1 -1 -1 -1 -1 -1
16 -1 -1 -1 -1 -1 -1 -1 -1 -1 -1 -1 -1 -1 -1 -1 -1 -1 -1 -1 -1
17 -1 -1 -1 -1 -1 -1 -1 -1 -1 -1 -1 -1 -1 -1 -1 -1 -1 -1 -1 -1
18 -1 -1 -1 -1 -1 -1 -1 -1 -1 -1 -1 -1 -1 -1 -1 -1 -1 -1 -1 -1
19 -1 -1 -1 -1 -1 -1 -1 -1 -1 -1 -1 -1 -1 -1 -1 -1 -1 -1 -1 -1
20 -1 -1 -1 -1 -1 -1 -1 -1 -1 -1 -1 -1 -1 -1 -1 -1 -1 -1 -1 -1
21 -1 -1 -1 -1 -1 -1 -1 -1 -1 -1 -1 -1 -1 -1 -1 -1 -1 -1 -1 -1
22 -1 -1 -1 -1 -1 -1 -1 -1 -1 -1 -1 -1 -1 -1 -1 -1 -1 -1 -1 -1
23 -1 -1 -1 -1 -1 -1 -1 -1 -1 -1 -1 -1 -1 -1 -1 -1 -1 -1 -1 -1
24 -1 -1 -1 -1 -1 -1 -1 -1 -1 -1 -1 -1 -1 -1 -1 -1 -1 -1 -1 -1
25 -1 -1 -1 -1 -1 -1 -1 -1 -1 -1 -1 -1 -1 -1 -1 -1 -1 -1 -1 -1
26 -1 -1 -1 -1 -1 -1 -1 -1 -1 -1 -1 -1 -1 -1 -1 -1 -1 -1 -1 -1
27 -1 -1 -1 -1 -1 -1 -1 -1 -1 -1 -1 -1 -1 -1 -1 -1 -1 -1 -1 -1
28 -1 -1 -1 -1 -1 -1 -1 -1 -1 -1 -1 -1 -1 -1 -1 -1 -1 -1 -1 -1
29 -1 -1 -1 -1 -1 -1 -1 -1 -1 -1 -1 -1 -1 -1 -1 -1 -1 -1 -1 -1
30 -1 -1 -1 -1 -1 -1 -1 -1 -1 -1 -1 -1 -1 -1 -1 -1 -1 -1 -1 -1
31 -1 -1 -1 -1 -1 -1 -1 -1 -1 -1 -1 -1 -1 -1 -1 -1 -1 -1 -1 -1
32 -1 -1 -1 -1 -1 -1 -1 -1 -1 -1 -1 -1 -1 -1 -1 -1 -1 -1 -1 -1
33 -1 -1 -1 -1 -1 -1 -1 -1 -1 -1 -1 -1 -1 -1 -1 -1 -1 -1 -1 -1
34 -1 -1 -1 -1 -1 -1 -1 -1 -1 -1 -1 -1 -1 -1 -1 -1 -1 -1 -1 -1
35 -1 -1 -1 -1 -1 -1 -1 -1 -1 -1 -1 -1 -1 -1 -1 -1 -1 -1 -1 -1
36 -1 -1 -1 -1 -1 -1 -1 -1 -1 -1 -1 -1 -1 -1 -1 -1 -1 -1 -1 -1
37 -1 -1 -1 -1 -1 -1 -1 -1 -1 -1 -1 -1 -1 -1 -1 -1 -1 -1 -1 -1
38 -1 -1 -1 -1 -1 -1 -1 -1 -1 -1 -1 -1 -1 -1 -1 -1 -1 -1 -1 -1
39 -1 -1 -1 -1 -1 -1 -1 -1 -1 -1 -1 -1 -1 -1 -1 -1 -1 -1 -1 -1
40 -1 -1 -1 -1 -1 -1 -1 -1 -1 -1 -1 -1 -1 -1 -1 -1 -1 -1 -1 -1
41 -1 -1 -1 -1 -1 -1 -1 -1 -1 -1 -1 -1 -1 -1 -1 -1 -1 -1 -1 -1
42 -1 -1 -1 -1 -1 -1 -1 -1 -1 -1 -1 -1 -1 -1 -1 -1 -1 -1 -1 -1
43 -1 -1 -1 -1 -1 -1 -1 -1 -1 -1 -1 -1 -1 -1 -1 -1 -1 -1 -1 -1
44 -1 -1 -1 -1 -1 -1 -1 -1 -1 -1 -1 -1 -1 -1 -1 -1 -1 -1 -1 -1
45 -1 -1 -1 -1 -1 -1 -1 -1 -1 -1 -1 -1 -1 -1 -1 -1 -1 -1 -1 -1
46 -1 -1 -1 -1 -1 -1 -1 -1 -1 -1 -1 -1 -1 -1 -1 -1 -1 -1 -1 -1
47 -1 -1 -1 -1 -1 -1 -1 -1 -1 -1 -1 -1 -1 -1 -1 -1 -1 -1 -1 -1
48 -1 -1 -1 -1 -1 -1 -1 -1 -1 -1 -1 -1 -1 -1 -1 -1 -1 -1 -1 -1
49 -1 -1 -1 -1 -1 -1 -1 -1 -1 -1 -1 -1 -1 -1 -1 -1 -1 -1 -1 -1
50 -1 -1 -1 -1 -1 -1 -1 -1 -1 -1 -1 -1 -1 -1 -1 -1 -1 -1 -1 -1
51 -1 -1 -1 -1 -1 -1 -1 -1 -1 -1 -1 -1 -1 -1 -1 -1 -1 -1 -1 -1
52 -1 -1 -1 -1 -1 -1 -1 -1 -1 -1 -1 -1 -1 -1 -1 -1 -1 -1 -1 -1
53 -1 -1 -1 -1 -1 -1 -1 -1 -1 -1 -1 -1 -1 -1 -1 -1 -1 -1 -1 -1
54 -1 -1 -1 -1 -1 -1 -1 -1 -1 -1 -1 -1 -1 -1 -1 -1 -1 -1 -1 -1
55 -1 -1 -1 -1 -1 -1 -1 -1 -1 -1 -1 -1 -1 -1 -1 -1 -1 -1 -1 -1
56 -1 -1 -1 -1 -1 -1 -1 -1 -1 -1 -1 -1 -1 -1 -1 -1 -1 -1 -1 -1
57 -1 -1 -1 -1 -1 -1 -1 -1 -1 -1 -1 -1 -1 -1 -1 -1 -1 -1 -1 -1
58 -1 -1 -1 -1 -1 -1 -1 -1 -1 -1 -1 -1 -1 -1 -1 -1 -1 -1 -1 -1
59 -1 -1 -1 -1 -1 -1 -1 -1 -1 -1 -1 -1 -1 -1 -1 -1 -1 -1 -1 -1
60 -1 -1 -1 -1 -1 -1 -1 -1 -1 -1 -1 -1 -1 -1 -1 -1 -1 -1 -1 -1
61 -1 -1 -1 -1 -1 -1 -1 -1 -1 -1 -1 -1 -1 -1 -1 -1 -1 -1 -1 -1
62 -1 -1 -1 -1 -1 -1 -1 -1 -1 -1 -1 -1 -1 -1 -1 -1 -1 -1 -1 -1
63 -1 -1 -1 -1 -1 -1 -1 -1 -1 -1 -1 -1 -1 -1 -1 -1 -1 -1 -1 -1
64 -1 -1 -1 -1 -1 -1 -1 -1 -1 -1 -1 -1 -1 -1 -1 -1 -1 -1 -1 -1
65 -1 -1 -1 -1 -1 -1 -1 -1 -1 -1 -1 -1 -1 -1 -1 -1 -1 -1 -1 -1
66 -1 -1 -1 -1 -1 -1 -1 -1 -1 -1 -1 -1 -1 -1 -1 -1 -1 -1 -1 -1
67 -1 -1 -1 -1 -1 -1 -1 -1 -1 -1 -1 -1 -1 -1 -1 -1 -1 -1 -1 -1
68 -1 -1 -1 -1 -1 -1 -1 -1 -1 -1 -1 -1 -1 -1 -1 -1 -1 -1 -1 -1
69 -1 -1 -1 -1 -1 -1 -1 -1 -1 -1 -1 -1 -1 -1 -1 -1 -1 -1 -1 -1
70 -1 -1 -1 -1 -1 -1 -1 -1 -1 -1 -1 -1 -1 -1 -1 -1 -1 -1 -1 -1
71 -1 -1 -1 -1 -1 -1 -1 -1 -1 -1 -1 -1 -1 -1 -1 -1 -1 -1 -1 -1
72 -1 -1 -1 -1 -1 -1 -1 -1 -1 -1 -1 -1 -1 -1 -1 -1 -1 -1 -1 -1
73 -1 -1 -1 -1 -1 -1 -1 -1 -1 -1 -1 -1 -1 -1 -1 -1 -1 -1 -1 -1
74 -1 -1 -1 -1 -1 -1 -1 -1 -1 -1 -1 -1 -1 -1 -1 -1 -1 -1 -1 -1
75 -1 -1 -1 -1 -1 -1 -1 -1 -1 -1 -1 -1 -1 -1 -1 -1 -1 -1 -1 -1
76 -1 -1 -1 -1 -1 -1 -1 -1 -1 -1 -1 -1 -1 -1 -1 -1 -1 -1 -1 -1
77 -1 -1 -1 -1 -1 -1 -1 -1 -1 -1 -1 -1 -1 -1 -1 -1 -1 -1 -1 -1
78 -1 -1 -1 -1 -1 -1 -1 -1 -1 -1 -1 -1 -1 -1 -1 -1 -1 -1 -1 -1
79 -1 -1 -1 -1 -1 -1 -1 -1 -1 -1 -1 -1 -1 -1 -1 -1 -1 -1 -1 -1
80 -1 -1 -1 -1 -1 -1 -1 -1 -1 -1 -1 -1 -1 -1 -1 -1 -1 -1 -1 -1
81 -1 -1 -1 -1 -1 -1 -1 -1 -1 -1 -1 -1 -1 -1 -1 -1 -1 -1 -1 -1
82 -1 -1 -1 -1 -1 -1 -1 -1 -1 -1 -1 -1 -1 -1 -1 -1 -1 -1 -1 -1
83 -1 -1 -1 -1 -1 -1 -1 -1 -1 -1 -1 -1 -1 -1 -1 -1 -1 -1 -1 -1
84 -1 -1 -1 -1 -1 -1 -1 -1 -1 -1 -1 -1 -1 -1 -1 -1 -1 -1 -1 -1
85 -1 -1 -1 -1 -1 -1 -1 -1 -1 -1 -1 -1 -1 -1 -1 -1 -1 -1 -1 -1
86 0.457566 0.079719 0.474664 0.194559 0.483079 0.195287 0.466249 0.193831 0.483079 0.195287 0.476358 0.283708 0.476834 0.370985 0.466249 0.193831 0.465795 0.282749 0.473429 0.358501
87 0.458220 0.078231 0.473404 0.194891 0.482146 0.195785 0.464662 0.193996 0.482146 0.195785 0.477380 0.283481 0.477482 0.370913 0.464662 0.193996 0.465632 0.282063 0.473500 0.358000
88 0.458551 0.077375 0.472704 0.195429 0.481992 0.196302 0.463416 0.194556 0.481992 0.196302 0.478859 0.283518 0.478113 0.370938 0.463416 0.194556 0.465630 0.282664 0.473469 0.359239
89 0.459484 0.077720 0.471462 0.195960 0.481413 0.196595 0.461511 0.195325 0.481413 0.196595 0.478589 0.283559 0.478549 0.370965 0.461511 0.195325 0.465354 0.282654 0.473364 0.355880
90 0.460282 0.077331 0.471734 0.196012 0.481809 0.196431 0.461659 0.195593 0.481809 0.196431 0.478582 0.283404 0.478674 0.370651 0.461659 0.195593 0.465257 0.282688 0.473834 0.356736
91 0.460676 0.077600 0.470340 0.196009 0.481136 0.196253 0.459545 0.195764 0.481136 0.196253 0.478052 0.282302 0.478422 0.370561 0.459545 0.195764 0.464922 0.282295 0.473980 0.353262
92 0.461004 0.078794 0.469909 0.195586 0.481198 0.195290 0.458620 0.195881 0.481198 0.195290 0.478154 0.280571 0.478440 0.370126 0.458620 0.195881 0.464840 0.282286 0.472972 0.353166
93 0.461895 0.079616 0.469097 0.196741 0.480970 0.195740 0.457223 0.197742 0.480970 0.195740 0.478360 0.281769 0.478326 0.371331 0.457223 0.197742 0.464618 0.285185 0.469940 0.336137
94 0.462986 0.080132 0.469048 0.198114 0.481227 0.196845 0.456869 0.199384 0.481227 0.196845 0.478149 0.285558 0.478225 0.371894 0.456869 0.199384 0.464000 0.287975 0.470120 0.341964
95 0.463784 0.079945 0.468462 0.199951 0.480970 0.199261 0.455954 0.200641 0.480970 0.199261 0.478352 0.291143 0.478687 0.372025 0.455954 0.200641 0.463179 0.291326 0.470187 0.353503
96 0.464760 0.079996 0.468147 0.203356 0.480797 0.202987 0.455497 0.203725 0.480797 0.202987 0.478299 0.293927 0.478596 0.372033 0.455497 0.203725 0.460438 0.292253 0.470366 0.353546
97 0.466218 0.080083 0.468377 0.204362 0.480818 0.203832 0.455935 0.204893 0.480818 0.203832 0.479553 0.294017 0.478865 0.372029 0.455935 0.204893 0.456670 0.296810 0.468285 0.347555
98 0.467251 0.080788 0.468142 0.207195 0.480865 0.207448 0.455420 0.206941 0.480865 0.207448 0.480331 0.297646 0.479459 0.371861 0.455420 0.206941 0.455238 0.295028 0.467738 0.347266
99 0.468344 0.081487 0.468225 0.208676 0.480928 0.208564 0.455521 0.208788 0.480928 0.208564 0.481167 0.298665 0.479465 0.371703 0.455521 0.208788 0.454863 0.295766 0.465945 0.347418
100 0.469091 0.082044 0.468302 0.210423 0.480969 0.211118 0.455635 0.209729 0.480969 0.211118 0.481446 0.302310 0.479392 0.373053 0.455635 0.209729 0.455133 0.295372 0.464108 0.354352
101 0.469550 0.083058 0.468431 0.211336 0.481073 0.212315 0.455788 0.210357 0.481073 0.212315 0.481923 0.304627 0.479307 0.376702 0.455788 0.210357 0.455623 0.299108 0.462292 0.359890
102 0.469943 0.084596 0.468514 0.213628 0.481171 0.214619 0.455858 0.212638 0.481171 0.214619 0.482331 0.305806 0.479266 0.380715 0.455858 0.212638 0.455698 0.303207 0.460593 0.363888
103 0.470310 0.085680 0.468769 0.214330 0.481572 0.214993 0.455965 0.213666 0.481572 0.214993 0.482514 0.306026 0.479151 0.379862 0.455965 0.213666 0.456836 0.307176 0.460713 0.379055
104 0.470400 0.086969 0.468943 0.215821 0.481904 0.216344 0.455983 0.215299 0.481904 0.216344 0.482674 0.307549 0.479039 0.379619 0.455983 0.215299 0.458921 0.310442 0.461504 0.387078
105 0.470268 0.087639 0.469037 0.217630 0.482058 0.218017 0.456016 0.217242 0.482058 0.218017 0.482822 0.308734 0.478699 0.379076 0.456016 0.217242 0.460848 0.313915 0.461847 0.395010
106 0.469889 0.090494 0.469337 0.220509 0.482524 0.220104 0.456150 0.220913 0.482524 0.220104 0.483256 0.309072 0.478543 0.379842 0.456150 0.220913 0.463918 0.315307 0.463893 0.400983
107 0.469331 0.094106 0.469530 0.223257 0.482813 0.222629 0.456246 0.223885 0.482813 0.222629 0.483209 0.311567 0.478322 0.380749 0.456246 0.223885 0.464481 0.317897 0.465291 0.407150
108 0.468967 0.097420 0.469592 0.226374 0.482909 0.225502 0.456275 0.227246 0.482909 0.225502 0.483240 0.314762 0.478374 0.380547 0.456275 0.227246 0.465531 0.322174 0.467075 0.412499
109 0.468297 0.099953 0.469616 0.229297 0.482928 0.228187 0.456304 0.230406 0.482928 0.228187 0.483293 0.314877 0.477611 0.380709 0.456304 0.230406 0.465961 0.325152 0.468440 0.420467
110 0.467943 0.102903 0.469736 0.233705 0.483087 0.232291 0.456386 0.235118 0.483087 0.232291 0.483954 0.317581 0.477310 0.384273 0.456386 0.235118 0.466483 0.329946 0.468498 0.421035
111 0.467524 0.105043 0.469872 0.233695 0.483185 0.232003 0.456559 0.235387 0.483185 0.232003 0.484058 0.317675 0.477306 0.383539 0.456559 0.235387 0.467677 0.328988 0.469205 0.419353
112 0.466867 0.105643 0.469746 0.235927 0.482927 0.234260 0.456565 0.237593 0.482927 0.234260 0.484279 0.321721 0.477028 0.386903 0.456565 0.237593 0.467990 0.330776 0.469312 0.419447
113 0.466311 0.106385 0.469768 0.235900 0.482951 0.234084 0.456585 0.237717 0.482951 0.234084 0.484478 0.324806 0.476220 0.386011 0.456585 0.237717 0.467623 0.330967 0.470099 0.417675
114 0.465428 0.106392 0.469838 0.236310 0.483138 0.234175 0.456538 0.238445 0.483138 0.234175 0.485699 0.326134 0.475579 0.391179 0.456538 0.238445 0.467075 0.334113 0.470094 0.419305
115 0.464833 0.106713 0.469941 0.240320 0.483427 0.237508 0.456455 0.243131 0.483427 0.237508 0.490719 0.324795 0.475679 0.388111 0.456455 0.243131 0.465832 0.338479 0.469975 0.420898
116 0.464133 0.107183 0.470058 0.240904 0.483691 0.238052 0.456424 0.243756 0.483691 0.238052 0.492010 0.323657 0.478764 0.378484 0.456424 0.243756 0.464483 0.339211 0.469871 0.422171
117 0.463484 0.107871 0.469686 0.241951 0.483591 0.238528 0.455782 0.245375 0.483591 0.238528 0.493477 0.323308 0.479180 0.382617 0.455782 0.245375 0.463992 0.341768 0.469795 0.421554
118 0.462930 0.108013 0.469497 0.241214 0.483581 0.237794 0.455413 0.244635 0.483581 0.237794 0.495432 0.323126 0.481987 0.387761 0.455413 0.244635 0.462964 0.341533 0.469536 0.420390
119 0.462823 0.108900 0.469924 0.242869 0.484390 0.239021 0.455459 0.246717 0.484390 0.239021 0.496207 0.327649 0.483071 0.396140 0.455459 0.246717 0.462645 0.341711 0.469377 0.419747
120 0.462816 0.110137 0.470128 0.244056 0.484771 0.240218 0.455485 0.247894 0.484771 0.240218 0.495747 0.331099 0.486169 0.410197 0.455485 0.247894 0.462658 0.341787 0.469344 0.419542
121 0.462940 0.111499 0.470574 0.247635 0.485511 0.243769 0.455637 0.251501 0.485511 0.243769 0.496351 0.338336 0.492638 0.425996 0.455637 0.251501 0.462697 0.344220 0.470226 0.420771
122 0.463341 0.113103 0.471150 0.249057 0.486369 0.245457 0.455930 0.252657 0.486369 0.245457 0.497328 0.343211 0.497042 0.437100 0.455930 0.252657 0.462713 0.346862 0.470722 0.423865
123 0.464278 0.114539 0.471657 0.253482 0.487030 0.250626 0.456285 0.256337 0.487030 0.250626 0.498031 0.346614 0.501010 0.441085 0.456285 0.256337 0.462829 0.347225 0.470695 0.423400
124 0.466004 0.116703 0.472829 0.257700 0.488402 0.254712 0.457256 0.260689 0.488402 0.254712 0.499205 0.352311 0.504792 0.445758 0.457256 0.260689 0.463246 0.348423 0.471131 0.423632
125 0.467713 0.118413 0.474054 0.259896 0.489866 0.256802 0.458242 0.262989 0.489866 0.256802 0.500190 0.355792 0.507841 0.448973 0.458242 0.262989 0.464076 0.351576 0.471274 0.424075
126 0.470212 0.120864 0.476239 0.261762 0.492380 0.259143 0.460099 0.264381 0.492380 0.259143 0.500736 0.359584 0.509504 0.453906 0.460099 0.264381 0.464839 0.350620 0.471222 0.423914
127 0.473168 0.123536 0.477378 0.264687 0.493364 0.262572 0.461392 0.266801 0.493364 0.262572 0.503127 0.364445 0.509925 0.457147 0.461392 0.266801 0.465667 0.355150 0.471388 0.423627
128 0.476565 0.126704 0.480324 0.268206 0.496014 0.266939 0.464635 0.269473 0.496014 0.266939 0.504904 0.365818 0.510900 0.459643 0.464635 0.269473 0.467017 0.355829 0.471457 0.423304
129 0.479894 0.128018 0.482712 0.269622 0.498408 0.268834 0.467015 0.270411 0.498408 0.268834 0.506757 0.366132 0.511453 0.461882 0.467015 0.270411 0.469005 0.354438 0.471579 0.422263
130 0.483344 0.128263 0.485844 0.269850 0.501650 0.269265 0.470038 0.270434 0.501650 0.269265 0.508776 0.370379 0.511636 0.466509 0.470038 0.270434 0.471008 0.353532 0.471943 0.418244
131 0.487151 0.128253 0.487950 0.269614 0.503302 0.269158 0.472597 0.270070 0.503302 0.269158 0.510609 0.370475 0.512468 0.472642 0.472597 0.270070 0.472680 0.358129 0.472128 0.418501
132 0.490464 0.128969 0.491047 0.272978 0.506341 0.272792 0.475753 0.273165 0.506341 0.272792 0.511766 0.373003 0.512837 0.472309 0.475753 0.273165 0.474301 0.359185 0.472161 0.418243
133 0.493730 0.128961 0.493687 0.277947 0.509050 0.277917 0.478324 0.277977 0.509050 0.277917 0.513154 0.377566 0.512427 0.473409 0.478324 0.277977 0.474911 0.364946 0.472354 0.416700
134 0.496921 0.129700 0.496839 0.280201 0.511861 0.280158 0.481818 0.280244 0.511861 0.280158 0.514362 0.375203 0.512814 0.468683 0.481818 0.280244 0.476934 0.367050 0.472806 0.413297
135 0.499859 0.130436 0.497824 0.280877 0.513070 0.280998 0.482577 0.280757 0.513070 0.280998 0.515524 0.377984 0.513035 0.473223 0.482577 0.280757 0.478153 0.372338 0.473399 0.415290
136 0.502446 0.131896 0.498678 0.284117 0.513722 0.284738 0.483634 0.283496 0.513722 0.284738 0.516030 0.383364 0.512877 0.477483 0.483634 0.283496 0.479267 0.386120 0.475799 0.415902
137 0.504175 0.132518 0.500146 0.284945 0.515529 0.285518 0.484763 0.284371 0.515529 0.285518 0.516585 0.384077 0.512947 0.478172 0.484763 0.284371 0.483918 0.385833 0.478845 0.422241
138 0.505338 0.133142 0.502110 0.285556 0.517440 0.286293 0.486779 0.284819 0.517440 0.286293 0.516856 0.386924 0.513123 0.478956 0.486779 0.284819 0.488552 0.386662 0.482179 0.442194
139 0.506131 0.135802 0.504082 0.284729 0.519376 0.285586 0.488788 0.283872 0.519376 0.285586 0.517919 0.386381 0.513960 0.480071 0.488788 0.283872 0.493082 0.385967 0.485290 0.459473
140 0.508095 0.137373 0.505217 0.285381 0.520368 0.285677 0.490066 0.285085 0.520368 0.285677 0.520651 0.388551 0.514330 0.480811 0.490066 0.285085 0.497484 0.388578 0.488230 0.459261
141 0.509111 0.139942 0.506755 0.286737 0.521559 0.286414 0.491951 0.287059 0.521559 0.286414 0.522574 0.390052 0.514414 0.481732 0.491951 0.287059 0.502631 0.389678 0.490511 0.452803
142 0.509678 0.143917 0.507765 0.287233 0.522772 0.286593 0.492758 0.287872 0.522772 0.286593 0.525312 0.388717 0.514220 0.480365 0.492758 0.287872 0.505485 0.389289 0.493959 0.455278
143 0.510433 0.148245 0.508657 0.293032 0.523342 0.292640 0.493972 0.293424 0.523342 0.292640 0.526901 0.391422 0.513727 0.480474 0.493972 0.293424 0.507924 0.393032 0.495932 0.464177
144 0.511641 0.153848 0.508853 0.297885 0.523533 0.298379 0.494173 0.297390 0.523533 0.298379 0.529355 0.394021 0.512294 0.482032 0.494173 0.297390 0.509500 0.396703 0.497450 0.478970
145 0.512528 0.159776 0.510051 0.307938 0.524699 0.307679 0.495404 0.308197 0.524699 0.307679 0.532358 0.403262 0.510397 0.490062 0.495404 0.308197 0.511268 0.412912 0.497615 0.494396
146 0.514664 0.166639 0.509844 0.315007 0.524232 0.315133 0.495457 0.314881 0.524232 0.315133 0.537939 0.408806 0.505129 0.495930 0.495457 0.314881 0.513580 0.421697 0.499572 0.504054
147 0.517022 0.180058 0.509687 0.328171 0.524048 0.328203 0.495327 0.328138 0.524048 0.328203 0.544115 0.416785 0.505891 0.497582 0.495327 0.328138 0.519423 0.428271 0.498725 0.508132
148 0.518945 0.197707 0.510068 0.342392 0.524328 0.341804 0.495808 0.342980 0.524328 0.341804 0.548915 0.428356 0.509224 0.497609 0.495808 0.342980 0.521486 0.444444 0.498376 0.523105
149 0.521608 0.220628 0.510955 0.359873 0.524488 0.358748 0.497421 0.360998 0.524488 0.358748 0.552212 0.437502 0.515321 0.501526 0.497421 0.360998 0.524816 0.456309 0.498047 0.540195
150 0.524224 0.246492 0.510904 0.369844 0.524366 0.368284 0.497442 0.371403 0.524366 0.368284 0.554910 0.447236 0.522925 0.500218 0.497442 0.371403 0.530249 0.462442 0.499441 0.548754
151 0.527963 0.278307 0.510687 0.382070 0.524170 0.380330 0.497204 0.383810 0.524170 0.380330 0.554591 0.456694 0.521148 0.503646 0.497204 0.383810 0.529253 0.477734 0.504315 0.528253
152 0.532935 0.309917 0.513462 0.404959 0.528873 0.403741 0.498051 0.406177 0.528873 0.403741 0.561455 0.469680 0.529947 0.503071 0.498051 0.406177 0.508877 0.459583 0.512223 0.525563
153 0.536411 0.336898 0.513348 0.417237 0.527807 0.410048 0.498890 0.424425 0.527807 0.410048 0.559630 0.453964 0.526253 0.504533 0.498890 0.424425 0.539298 0.485263 0.511011 0.520795
154 0.541440 0.365755 0.516813 0.426879 0.531909 0.425728 0.501718 0.428030 0.531909 0.425728 0.561923 0.487983 0.525029 0.523797 0.501718 0.428030 0.537803 0.489418 0.510265 0.546590
155 0.549701 0.400338 0.520335 0.443615 0.539108 0.446324 0.501562 0.440906 0.539108 0.446324 0.558802 0.500192 0.523592 0.526315 0.501562 0.440906 0.513745 0.507991 0.508994 0.534754
156 0.548817 0.434569 0.519433 0.470935 0.535236 0.468176 0.503631 0.473694 0.535236 0.468176 0.547835 0.503519 0.523457 0.534601 0.503631 0.473694 0.525056 0.510095 0.509756 0.548250
157 0.550310 0.454127 0.518872 0.476668 0.534352 0.475504 0.503392 0.477831 0.534352 0.475504 0.545414 0.536707 0.523411 0.538355 0.503392 0.477831 0.521777 0.536825 0.499537 0.554549
158 0.554646 0.474477 0.523210 0.480972 0.537545 0.477542 0.508875 0.484401 0.537545 0.477542 0.545502 0.534024 0.538566 0.544547 0.508875 0.484401 0.521621 0.560828 0.508087 0.576310
159 -1 -1 -1 -1 -1 -1 -1 -1 -1 -1 -1 -1 -1 -1 -1 -1 -1 -1 -1 -1
160 -1 -1 -1 -1 -1 -1 -1 -1 -1 -1 -1 -1 -1 -1 -1 -1 -1 -1 -1 -1
161 -1 -1 -1 -1 -1 -1 -1 -1 -1 -1 -1 -1 -1 -1 -1 -1 -1 -1 -1 -1
162 -1 -1 -1 -1 -1 -1 -1 -1 -1 -1 -1 -1 -1 -1 -1 -1 -1 -1 -1 -1
163 -1 -1 -1 -1 -1 -1 -1 -1 -1 -1 -1 -1 -1 -1 -1 -1 -1 -1 -1 -1
164 -1 -1 -1 -1 -1 -1 -1 -1 -1 -1 -1 -1 -1 -1 -1 -1 -1 -1 -1 -1
165 -1 -1 -1 -1 -1 -1 -1 -1 -1 -1 -1 -1 -1 -1 -1 -1 -1 -1 -1 -1
166 -1 -1 -1 -1 -1 -1 -1 -1 -1 -1 -1 -1 -1 -1 -1 -1 -1 -1 -1 -1
167 -1 -1 -1 -1 -1 -1 -1 -1 -1 -1 -1 -1 -1 -1 -1 -1 -1 -1 -1 -1
168 -1 -1 -1 -1 -1 -1 -1 -1 -1 -1 -1 -1 -1 -1 -1 -1 -1 -1 -1 -1
169 -1 -1 -1 -1 -1 -1 -1 -1 -1 -1 -1 -1 -1 -1 -1 -1 -1 -1 -1 -1
170 -1 -1 -1 -1 -1 -1 -1 -1 -1 -1 -1 -1 -1 -1 -1 -1 -1 -1 -1 -1
171 -1 -1 -1 -1 -1 -1 -1 -1 -1 -1 -1 -1 -1 -1 -1 -1 -1 -1 -1 -1
172 -1 -1 -1 -1 -1 -1 -1 -1 -1 -1 -1 -1 -1 -1 -1 -1 -1 -1 -1 -1
173 -1 -1 -1 -1 -1 -1 -1 -1 -1 -1 -1 -1 -1 -1 -1 -1 -1 -1 -1 -1
174 -1 -1 -1 -1 -1 -1 -1 -1 -1 -1 -1 -1 -1 -1 -1 -1 -1 -1 -1 -1
175 -1 -1 -1 -1 -1 -1 -1 -1 -1 -1 -1 -1 -1 -1 -1 -1 -1 -1 -1 -1
176 -1 -1 -1 -1 -1 -1 -1 -1 -1 -1 -1 -1 -1 -1 -1 -1 -1 -1 -1 -1
177 -1 -1 -1 -1 -1 -1 -1 -1 -1 -1 -1 -1 -1 -1 -1 -1 -1 -1 -1 -1
178 -1 -1 -1 -1 -1 -1 -1 -1 -1 -1 -1 -1 -1 -1 -1 -1 -1 -1 -1 -1
179 -1 -1 -1 -1 -1 -1 -1 -1 -1 -1 -1 -1 -1 -1 -1 -1 -1 -1 -1 -1
180 -1 -1 -1 -1 -1 -1 -1 -1 -1 -1 -1 -1 -1 -1 -1 -1 -1 -1 -1 -1
181 -1 -1 -1 -1 -1 -1 -1 -1 -1 -1 -1 -1 -1 -1 -1 -1 -1 -1 -1 -1
182 -1 -1 -1 -1 -1 -1 -1 -1 -1 -1 -1 -1 -1 -1 -1 -1 -1 -1 -1 -1
183 -1 -1 -1 -1 -1 -1 -1 -1 -1 -1 -1 -1 -1 -1 -1 -1 -1 -1 -1 -1
184 -1 -1 -1 -1 -1 -1 -1 -1 -1 -1 -1 -1 -1 -1 -1 -1 -1 -1 -1 -1
185 -1 -1 -1 -1 -1 -1 -1 -1 -1 -1 -1 -1 -1 -1 -1 -1 -1 -1 -1 -1
186 -1 -1 -1 -1 -1 -1 -1 -1 -1 -1 -1 -1 -1 -1 -1 -1 -1 -1 -1 -1
187 -1 -1 -1 -1 -1 -1 -1 -1 -1 -1 -1 -1 -1 -1 -1 -1 -1 -1 -1 -1
188 -1 -1 -1 -1 -1 -1 -1 -1 -1 -1 -1 -1 -1 -1 -1 -1 -1 -1 -1 -1
189 -1 -1 -1 -1 -1 -1 -1 -1 -1 -1 -1 -1 -1 -1 -1 -1 -1 -1 -1 -1
190 0.526933 0.606629 0.590219 0.703429 0.585668 0.712942 0.594770 0.693917 0.585668 0.712942 0.646924 0.716620 0.645692 0.751945 0.594770 0.693917 0.654691 0.747605 0.689210 0.749101
191 0.527140 0.605795 0.591412 0.702789 0.587218 0.711591 0.595606 0.693987 0.587218 0.711591 0.650390 0.715859 0.657241 0.752919 0.595606 0.693987 0.649791 0.748762 0.687803 0.749631
192 0.527537 0.605096 0.591537 0.703108 0.587159 0.712744 0.595915 0.693472 0.587159 0.712744 0.651275 0.717957 0.661446 0.756925 0.595915 0.693472 0.652306 0.748095 0.687896 0.749278
193 0.525489 0.604206 0.589293 0.702027 0.583749 0.716028 0.594838 0.688025 0.583749 0.716028 0.648978 0.728151 0.649230 0.781884 0.594838 0.688025 0.658310 0.744851 0.685416 0.753336
194 0.525905 0.612156 0.589114 0.710400 0.580527 0.733784 0.597701 0.687015 0.580527 0.733784 0.648896 0.728669 0.675127 0.774626 0.597701 0.687015 0.658732 0.716183 0.696003 0.752866
195 0.526967 0.610566 0.590507 0.706512 0.584386 0.722020 0.596627 0.691005 0.584386 0.722020 0.648782 0.724407 0.674235 0.745268 0.596627 0.691005 0.653435 0.744527 0.702278 0.754553
196 0.525780 0.612075 0.591666 0.707275 0.584459 0.726628 0.598872 0.687922 0.584459 0.726628 0.649266 0.724489 0.670915 0.763796 0.598872 0.687922 0.662034 0.725110 0.681029 0.757093
197 0.525901 0.611578 0.592915 0.710374 0.586954 0.725536 0.598876 0.695213 0.586954 0.725536 0.652059 0.714867 0.661495 0.762524 0.598876 0.695213 0.660745 0.735023 0.678148 0.756969
198 0.525762 0.611055 0.592579 0.709868 0.586380 0.726845 0.598777 0.692891 0.586380 0.726845 0.651078 0.722978 0.645408 0.782215 0.598777 0.692891 0.665015 0.731873 0.671112 0.759588
199 0.527577 0.612561 0.596828 0.710179 0.589195 0.726946 0.604462 0.693411 0.589195 0.726946 0.652493 0.726428 0.693896 0.756706 0.604462 0.693411 0.659550 0.732044 0.694679 0.757019
200 -1 -1 -1 -1 -1 -1 -1 -1 -1 -1 -1 -1 -1 -1 -1 -1 -1 -1 -1 -1
201 -1 -1 -1 -1 -1 -1 -1 -1 -1 -1 -1 -1 -1 -1 -1 -1 -1 -1 -1 -1
202 -1 -1 -1 -1 -1 -1 -1 -1 -1 -1 -1 -1 -1 -1 -1 -1 -1 -1 -1 -1
203 -1 -1 -1 -1 -1 -1 -1 -1 -1 -1 -1 -1 -1 -1 -1 -1 -1 -1 -1 -1
204 -1 -1 -1 -1 -1 -1 -1 -1 -1 -1 -1 -1 -1 -1 -1 -1 -1 -1 -1 -1
205 -1 -1 -1 -1 -1 -1 -1 -1 -1 -1 -1 -1 -1 -1 -1 -1 -1 -1 -1 -1
206 -1 -1 -1 -1 -1 -1 -1 -1 -1 -1 -1 -1 -1 -1 -1 -1 -1 -1 -1 -1
207 -1 -1 -1 -1 -1 -1 -1 -1 -1 -1 -1 -1 -1 -1 -1 -1 -1 -1 -1 -1
208 -1 -1 -1 -1 -1 -1 -1 -1 -1 -1 -1 -1 -1 -1 -1 -1 -1 -1 -1 -1
209 -1 -1 -1 -1 -1 -1 -1 -1 -1 -1 -1 -1 -1 -1 -1 -1 -1 -1 -1 -1
210 -1 -1 -1 -1 -1 -1 -1 -1 -1 -1 -1 -1 -1 -1 -1 -1 -1 -1 -1 -1
211 -1 -1 -1 -1 -1 -1 -1 -1 -1 -1 -1 -1 -1 -1 -1 -1 -1 -1 -1 -1
212 -1 -1 -1 -1 -1 -1 -1 -1 -1 -1 -1 -1 -1 -1 -1 -1 -1 -1 -1 -1
213 -1 -1 -1 -1 -1 -1 -1 -1 -1 -1 -1 -1 -1 -1 -1 -1 -1 -1 -1 -1
214 -1 -1 -1 -1 -1 -1 -1 -1 -1 -1 -1 -1 -1 -1 -1 -1 -1 -1 -1 -1
215 -1 -1 -1 -1 -1 -1 -1 -1 -1 -1 -1 -1 -1 -1 -1 -1 -1 -1 -1 -1
216 -1 -1 -1 -1 -1 -1 -1 -1 -1 -1 -1 -1 -1 -1 -1 -1 -1 -1 -1 -1
217 -1 -1 -1 -1 -1 -1 -1 -1 -1 -1 -1 -1 -1 -1 -1 -1 -1 -1 -1 -1
218 -1 -1 -1 -1 -1 -1 -1 -1 -1 -1 -1 -1 -1 -1 -1 -1 -1 -1 -1 -1
219 -1 -1 -1 -1 -1 -1 -1 -1 -1 -1 -1 -1 -1 -1 -1 -1 -1 -1 -1 -1
220 -1 -1 -1 -1 -1 -1 -1 -1 -1 -1 -1 -1 -1 -1 -1 -1 -1 -1 -1 -1
221 -1 -1 -1 -1 -1 -1 -1 -1 -1 -1 -1 -1 -1 -1 -1 -1 -1 -1 -1 -1
222 -1 -1 -1 -1 -1 -1 -1 -1 -1 -1 -1 -1 -1 -1 -1 -1 -1 -1 -1 -1
223 -1 -1 -1 -1 -1 -1 -1 -1 -1 -1 -1 -1 -1 -1 -1 -1 -1 -1 -1 -1
224 -1 -1 -1 -1 -1 -1 -1 -1 -1 -1 -1 -1 -1 -1 -1 -1 -1 -1 -1 -1
225 -1 -1 -1 -1 -1 -1 -1 -1 -1 -1 -1 -1 -1 -1 -1 -1 -1 -1 -1 -1
226 -1 -1 -1 -1 -1 -1 -1 -1 -1 -1 -1 -1 -1 -1 -1 -1 -1 -1 -1 -1
227 -1 -1 -1 -1 -1 -1 -1 -1 -1 -1 -1 -1 -1 -1 -1 -1 -1 -1 -1 -1
228 -1 -1 -1 -1 -1 -1 -1 -1 -1 -1 -1 -1 -1 -1 -1 -1 -1 -1 -1 -1
229 -1 -1 -1 -1 -1 -1 -1 -1 -1 -1 -1 -1 -1 -1 -1 -1 -1 -1 -1 -1
230 -1 -1 -1 -1 -1 -1 -1 -1 -1 -1 -1 -1 -1 -1 -1 -1 -1 -1 -1 -1
231 -1 -1 -1 -1 -1 -1 -1 -1 -1 -1 -1 -1 -1 -1 -1 -1 -1 -1 -1 -1
232 -1 -1 -1 -1 -1 -1 -1 -1 -1 -1 -1 -1 -1 -1 -1 -1 -1 -1 -1 -1
233 -1 -1 -1 -1 -1 -1 -1 -1 -1 -1 -1 -1 -1 -1 -1 -1 -1 -1 -1 -1
234 -1 -1 -1 -1 -1 -1 -1 -1 -1 -1 -1 -1 -1 -1 -1 -1 -1 -1 -1 -1
235 -1 -1 -1 -1 -1 -1 -1 -1 -1 -1 -1 -1 -1 -1 -1 -1 -1 -1 -1 -1
236 -1 -1 -1 -1 -1 -1 -1 -1 -1 -1 -1 -1 -1 -1 -1 -1 -1 -1 -1 -1
237 -1 -1 -1 -1 -1 -1 -1 -1 -1 -1 -1 -1 -1 -1 -1 -1 -1 -1 -1 -1
238 -1 -1 -1 -1 -1 -1 -1 -1 -1 -1 -1 -1 -1 -1 -1 -1 -1 -1 -1 -1
239 -1 -1 -1 -1 -1 -1 -1 -1 -1 -1 -1 -1 -1 -1 -1 -1 -1 -1 -1 -1
