169
180
0 -1 -1 -1 -1 -1 -1 -1 -1 -1 -1 -1 -1 -1 -1 -1 -1 -1 -1 -1 -1
1 0.732480 0.398295 0.724271 0.539640 0.744062 0.540923 0.704480 0.538357 0.744062 0.540923 0.741105 0.591852 0.740787 0.625525 0.704480 0.538357 0.662140 0.600825 0.638549 0.637455
2 0.732916 0.398124 0.724304 0.549110 0.743965 0.552776 0.704644 0.545444 0.743965 0.552776 0.720928 0.626579 0.696866 0.669631 0.704644 0.545444 0.664055 0.607215 0.636424 0.646312
3 0.732956 0.397480 0.723244 0.556839 0.741906 0.561242 0.704581 0.552435 0.741906 0.561242 0.722227 0.647185 0.709073 0.702217 0.704581 0.552435 0.664337 0.619566 0.639800 0.667050
4 0.733075 0.397109 0.722960 0.556751 0.741510 0.561535 0.704411 0.551966 0.741510 0.561535 0.720241 0.640664 0.702526 0.693026 0.704411 0.551966 0.666019 0.616683 0.640181 0.663878
5 0.733101 0.397200 0.722967 0.558527 0.741524 0.563663 0.704411 0.553391 0.741524 0.563663 0.717411 0.639873 0.684213 0.677572 0.704411 0.553391 0.667867 0.617487 0.642569 0.661068
6 0.732987 0.397274 0.722962 0.560100 0.741565 0.565296 0.704358 0.554905 0.741565 0.565296 0.721160 0.639547 0.697566 0.674845 0.704358 0.554905 0.668922 0.622079 0.652345 0.660010
7 0.732974 0.397269 0.722696 0.562523 0.741577 0.567840 0.703815 0.557207 0.741577 0.567840 0.730417 0.661263 0.728330 0.718969 0.703815 0.557207 0.667792 0.627584 0.649325 0.674773
8 -1 -1 -1 -1 -1 -1 -1 -1 -1 -1 -1 -1 -1 -1 -1 -1 -1 -1 -1 -1
9 -1 -1 -1 -1 -1 -1 -1 -1 -1 -1 -1 -1 -1 -1 -1 -1 -1 -1 -1 -1
10 -1 -1 -1 -1 -1 -1 -1 -1 -1 -1 -1 -1 -1 -1 -1 -1 -1 -1 -1 -1
11 -1 -1 -1 -1 -1 -1 -1 -1 -1 -1 -1 -1 -1 -1 -1 -1 -1 -1 -1 -1
12 -1 -1 -1 -1 -1 -1 -1 -1 -1 -1 -1 -1 -1 -1 -1 -1 -1 -1 -1 -1
13 -1 -1 -1 -1 -1 -1 -1 -1 -1 -1 -1 -1 -1 -1 -1 -1 -1 -1 -1 -1
14 -1 -1 -1 -1 -1 -1 -1 -1 -1 -1 -1 -1 -1 -1 -1 -1 -1 -1 -1 -1
15 -1 -1 -1 -1 -1 -1 -1 -1 -1 -1 -1 -1 -1 -1 -1 -1 -1 -1 -1 -1
16 -1 -1 -1 -1 -1 -1 -1 -1 -1 -1 -1 -1 -1 -1 -1 -1 -1 -1 -1 -1
17 -1 -1 -1 -1 -1 -1 -1 -1 -1 -1 -1 -1 -1 -1 -1 -1 -1 -1 -1 -1
18 -1 -1 -1 -1 -1 -1 -1 -1 -1 -1 -1 -1 -1 -1 -1 -1 -1 -1 -1 -1
19 -1 -1 -1 -1 -1 -1 -1 -1 -1 -1 -1 -1 -1 -1 -1 -1 -1 -1 -1 -1
20 -1 -1 -1 -1 -1 -1 -1 -1 -1 -1 -1 -1 -1 -1 -1 -1 -1 -1 -1 -1
21 -1 -1 -1 -1 -1 -1 -1 -1 -1 -1 -1 -1 -1 -1 -1 -1 -1 -1 -1 -1
22 -1 -1 -1 -1 -1 -1 -1 -1 -1 -1 -1 -1 -1 -1 -1 -1 -1 -1 -1 -1
23 -1 -1 -1 -1 -1 -1 -1 -1 -1 -1 -1 -1 -1 -1 -1 -1 -1 -1 -1 -1
24 -1 -1 -1 -1 -1 -1 -1 -1 -1 -1 -1 -1 -1 -1 -1 -1 -1 -1 -1 -1
25 -1 -1 -1 -1 -1 -1 -1 -1 -1 -1 -1 -1 -1 -1 -1 -1 -1 -1 -1 -1
26 -1 -1 -1 -1 -1 -1 -1 -1 -1 -1 -1 -1 -1 -1 -1 -1 -1 -1 -1 -1
27 -1 -1 -1 -1 -1 -1 -1 -1 -1 -1 -1 -1 -1 -1 -1 -1 -1 -1 -1 -1
28 -1 -1 -1 -1 -1 -1 -1 -1 -1 -1 -1 -1 -1 -1 -1 -1 -1 -1 -1 -1
29 -1 -1 -1 -1 -1 -1 -1 -1 -1 -1 -1 -1 -1 -1 -1 -1 -1 -1 -1 -1
30 -1 -1 -1 -1 -1 -1 -1 -1 -1 -1 -1 -1 -1 -1 -1 -1 -1 -1 -1 -1
31 -1 -1 -1 -1 -1 -1 -1 -1 -1 -1 -1 -1 -1 -1 -1 -1 -1 -1 -1 -1
32 -1 -1 -1 -1 -1 -1 -1 -1 -1 -1 -1 -1 -1 -1 -1 -1 -1 -1 -1 -1
33 -1 -1 -1 -1 -1 -1 -1 -1 -1 -1 -1 -1 -1 -1 -1 -1 -1 -1 -1 -1
34 -1 -1 -1 -1 -1 -1 -1 -1 -1 -1 -1 -1 -1 -1 -1 -1 -1 -1 -1 -1
35 -1 -1 -1 -1 -1 -1 -1 -1 -1 -1 -1 -1 -1 -1 -1 -1 -1 -1 -1 -1
36 -1 -1 -1 -1 -1 -1 -1 -1 -1 -1 -1 -1 -1 -1 -1 -1 -1 -1 -1 -1
37 -1 -1 -1 -1 -1 -1 -1 -1 -1 -1 -1 -1 -1 -1 -1 -1 -1 -1 -1 -1
38 -1 -1 -1 -1 -1 -1 -1 -1 -1 -1 -1 -1 -1 -1 -1 -1 -1 -1 -1 -1
39 -1 -1 -1 -1 -1 -1 -1 -1 -1 -1 -1 -1 -1 -1 -1 -1 -1 -1 -1 -1
40 -1 -1 -1 -1 -1 -1 -1 -1 -1 -1 -1 -1 -1 -1 -1 -1 -1 -1 -1 -1
41 -1 -1 -1 -1 -1 -1 -1 -1 -1 -1 -1 -1 -1 -1 -1 -1 -1 -1 -1 -1
42 -1 -1 -1 -1 -1 -1 -1 -1 -1 -1 -1 -1 -1 -1 -1 -1 -1 -1 -1 -1
43 -1 -1 -1 -1 -1 -1 -1 -1 -1 -1 -1 -1 -1 -1 -1 -1 -1 -1 -1 -1
44 -1 -1 -1 -1 -1 -1 -1 -1 -1 -1 -1 -1 -1 -1 -1 -1 -1 -1 -1 -1
45 -1 -1 -1 -1 -1 -1 -1 -1 -1 -1 -1 -1 -1 -1 -1 -1 -1 -1 -1 -1
46 -1 -1 -1 -1 -1 -1 -1 -1 -1 -1 -1 -1 -1 -1 -1 -1 -1 -1 -1 -1
47 -1 -1 -1 -1 -1 -1 -1 -1 -1 -1 -1 -1 -1 -1 -1 -1 -1 -1 -1 -1
48 -1 -1 -1 -1 -1 -1 -1 -1 -1 -1 -1 -1 -1 -1 -1 -1 -1 -1 -1 -1
49 -1 -1 -1 -1 -1 -1 -1 -1 -1 -1 -1 -1 -1 -1 -1 -1 -1 -1 -1 -1
50 -1 -1 -1 -1 -1 -1 -1 -1 -1 -1 -1 -1 -1 -1 -1 -1 -1 -1 -1 -1
51 -1 -1 -1 -1 -1 -1 -1 -1 -1 -1 -1 -1 -1 -1 -1 -1 -1 -1 -1 -1
52 -1 -1 -1 -1 -1 -1 -1 -1 -1 -1 -1 -1 -1 -1 -1 -1 -1 -1 -1 -1
53 -1 -1 -1 -1 -1 -1 -1 -1 -1 -1 -1 -1 -1 -1 -1 -1 -1 -1 -1 -1
54 -1 -1 -1 -1 -1 -1 -1 -1 -1 -1 -1 -1 -1 -1 -1 -1 -1 -1 -1 -1
55 -1 -1 -1 -1 -1 -1 -1 -1 -1 -1 -1 -1 -1 -1 -1 -1 -1 -1 -1 -1
56 -1 -1 -1 -1 -1 -1 -1 -1 -1 -1 -1 -1 -1 -1 -1 -1 -1 -1 -1 -1
57 -1 -1 -1 -1 -1 -1 -1 -1 -1 -1 -1 -1 -1 -1 -1 -1 -1 -1 -1 -1
58 -1 -1 -1 -1 -1 -1 -1 -1 -1 -1 -1 -1 -1 -1 -1 -1 -1 -1 -1 -1
59 -1 -1 -1 -1 -1 -1 -1 -1 -1 -1 -1 -1 -1 -1 -1 -1 -1 -1 -1 -1
60 -1 -1 -1 -1 -1 -1 -1 -1 -1 -1 -1 -1 -1 -1 -1 -1 -1 -1 -1 -1
61 -1 -1 -1 -1 -1 -1 -1 -1 -1 -1 -1 -1 -1 -1 -1 -1 -1 -1 -1 -1
62 -1 -1 -1 -1 -1 -1 -1 -1 -1 -1 -1 -1 -1 -1 -1 -1 -1 -1 -1 -1
63 -1 -1 -1 -1 -1 -1 -1 -1 -1 -1 -1 -1 -1 -1 -1 -1 -1 -1 -1 -1
64 -1 -1 -1 -1 -1 -1 -1 -1 -1 -1 -1 -1 -1 -1 -1 -1 -1 -1 -1 -1
65 -1 -1 -1 -1 -1 -1 -1 -1 -1 -1 -1 -1 -1 -1 -1 -1 -1 -1 -1 -1
66 -1 -1 -1 -1 -1 -1 -1 -1 -1 -1 -1 -1 -1 -1 -1 -1 -1 -1 -1 -1
67 -1 -1 -1 -1 -1 -1 -1 -1 -1 -1 -1 -1 -1 -1 -1 -1 -1 -1 -1 -1
68 -1 -1 -1 -1 -1 -1 -1 -1 -1 -1 -1 -1 -1 -1 -1 -1 -1 -1 -1 -1
69 -1 -1 -1 -1 -1 -1 -1 -1 -1 -1 -1 -1 -1 -1 -1 -1 -1 -1 -1 -1
70 -1 -1 -1 -1 -1 -1 -1 -1 -1 -1 -1 -1 -1 -1 -1 -1 -1 -1 -1 -1
71 -1 -1 -1 -1 -1 -1 -1 -1 -1 -1 -1 -1 -1 -1 -1 -1 -1 -1 -1 -1
72 -1 -1 -1 -1 -1 -1 -1 -1 -1 -1 -1 -1 -1 -1 -1 -1 -1 -1 -1 -1
73 -1 -1 -1 -1 -1 -1 -1 -1 -1 -1 -1 -1 -1 -1 -1 -1 -1 -1 -1 -1
74 -1 -1 -1 -1 -1 -1 -1 -1 -1 -1 -1 -1 -1 -1 -1 -1 -1 -1 -1 -1
75 -1 -1 -1 -1 -1 -1 -1 -1 -1 -1 -1 -1 -1 -1 -1 -1 -1 -1 -1 -1
76 -1 -1 -1 -1 -1 -1 -1 -1 -1 -1 -1 -1 -1 -1 -1 -1 -1 -1 -1 -1
77 -1 -1 -1 -1 -1 -1 -1 -1 -1 -1 -1 -1 -1 -1 -1 -1 -1 -1 -1 -1
78 -1 -1 -1 -1 -1 -1 -1 -1 -1 -1 -1 -1 -1 -1 -1 -1 -1 -1 -1 -1
79 -1 -1 -1 -1 -1 -1 -1 -1 -1 -1 -1 -1 -1 -1 -1 -1 -1 -1 -1 -1
80 -1 -1 -1 -1 -1 -1 -1 -1 -1 -1 -1 -1 -1 -1 -1 -1 -1 -1 -1 -1
81 -1 -1 -1 -1 -1 -1 -1 -1 -1 -1 -1 -1 -1 -1 -1 -1 -1 -1 -1 -1
82 -1 -1 -1 -1 -1 -1 -1 -1 -1 -1 -1 -1 -1 -1 -1 -1 -1 -1 -1 -1
83 -1 -1 -1 -1 -1 -1 -1 -1 -1 -1 -1 -1 -1 -1 -1 -1 -1 -1 -1 -1
84 -1 -1 -1 -1 -1 -1 -1 -1 -1 -1 -1 -1 -1 -1 -1 -1 -1 -1 -1 -1
85 -1 -1 -1 -1 -1 -1 -1 -1 -1 -1 -1 -1 -1 -1 -1 -1 -1 -1 -1 -1
86 -1 -1 -1 -1 -1 -1 -1 -1 -1 -1 -1 -1 -1 -1 -1 -1 -1 -1 -1 -1
87 -1 -1 -1 -1 -1 -1 -1 -1 -1 -1 -1 -1 -1 -1 -1 -1 -1 -1 -1 -1
88 -1 -1 -1 -1 -1 -1 -1 -1 -1 -1 -1 -1 -1 -1 -1 -1 -1 -1 -1 -1
89 -1 -1 -1 -1 -1 -1 -1 -1 -1 -1 -1 -1 -1 -1 -1 -1 -1 -1 -1 -1
90 -1 -1 -1 -1 -1 -1 -1 -1 -1 -1 -1 -1 -1 -1 -1 -1 -1 -1 -1 -1
91 -1 -1 -1 -1 -1 -1 -1 -1 -1 -1 -1 -1 -1 -1 -1 -1 -1 -1 -1 -1
92 -1 -1 -1 -1 -1 -1 -1 -1 -1 -1 -1 -1 -1 -1 -1 -1 -1 -1 -1 -1
93 -1 -1 -1 -1 -1 -1 -1 -1 -1 -1 -1 -1 -1 -1 -1 -1 -1 -1 -1 -1
94 -1 -1 -1 -1 -1 -1 -1 -1 -1 -1 -1 -1 -1 -1 -1 -1 -1 -1 -1 -1
95 -1 -1 -1 -1 -1 -1 -1 -1 -1 -1 -1 -1 -1 -1 -1 -1 -1 -1 -1 -1
96 -1 -1 -1 -1 -1 -1 -1 -1 -1 -1 -1 -1 -1 -1 -1 -1 -1 -1 -1 -1
97 -1 -1 -1 -1 -1 -1 -1 -1 -1 -1 -1 -1 -1 -1 -1 -1 -1 -1 -1 -1
98 -1 -1 -1 -1 -1 -1 -1 -1 -1 -1 -1 -1 -1 -1 -1 -1 -1 -1 -1 -1
99 -1 -1 -1 -1 -1 -1 -1 -1 -1 -1 -1 -1 -1 -1 -1 -1 -1 -1 -1 -1
100 -1 -1 -1 -1 -1 -1 -1 -1 -1 -1 -1 -1 -1 -1 -1 -1 -1 -1 -1 -1
101 -1 -1 -1 -1 -1 -1 -1 -1 -1 -1 -1 -1 -1 -1 -1 -1 -1 -1 -1 -1
102 -1 -1 -1 -1 -1 -1 -1 -1 -1 -1 -1 -1 -1 -1 -1 -1 -1 -1 -1 -1
103 -1 -1 -1 -1 -1 -1 -1 -1 -1 -1 -1 -1 -1 -1 -1 -1 -1 -1 -1 -1
104 -1 -1 -1 -1 -1 -1 -1 -1 -1 -1 -1 -1 -1 -1 -1 -1 -1 -1 -1 -1
105 -1 -1 -1 -1 -1 -1 -1 -1 -1 -1 -1 -1 -1 -1 -1 -1 -1 -1 -1 -1
106 -1 -1 -1 -1 -1 -1 -1 -1 -1 -1 -1 -1 -1 -1 -1 -1 -1 -1 -1 -1
107 -1 -1 -1 -1 -1 -1 -1 -1 -1 -1 -1 -1 -1 -1 -1 -1 -1 -1 -1 -1
108 -1 -1 -1 -1 -1 -1 -1 -1 -1 -1 -1 -1 -1 -1 -1 -1 -1 -1 -1 -1
109 -1 -1 -1 -1 -1 -1 -1 -1 -1 -1 -1 -1 -1 -1 -1 -1 -1 -1 -1 -1
110 -1 -1 -1 -1 -1 -1 -1 -1 -1 -1 -1 -1 -1 -1 -1 -1 -1 -1 -1 -1
111 -1 -1 -1 -1 -1 -1 -1 -1 -1 -1 -1 -1 -1 -1 -1 -1 -1 -1 -1 -1
112 -1 -1 -1 -1 -1 -1 -1 -1 -1 -1 -1 -1 -1 -1 -1 -1 -1 -1 -1 -1
113 -1 -1 -1 -1 -1 -1 -1 -1 -1 -1 -1 -1 -1 -1 -1 -1 -1 -1 -1 -1
114 -1 -1 -1 -1 -1 -1 -1 -1 -1 -1 -1 -1 -1 -1 -1 -1 -1 -1 -1 -1
115 -1 -1 -1 -1 -1 -1 -1 -1 -1 -1 -1 -1 -1 -1 -1 -1 -1 -1 -1 -1
116 -1 -1 -1 -1 -1 -1 -1 -1 -1 -1 -1 -1 -1 -1 -1 -1 -1 -1 -1 -1
117 -1 -1 -1 -1 -1 -1 -1 -1 -1 -1 -1 -1 -1 -1 -1 -1 -1 -1 -1 -1
118 -1 -1 -1 -1 -1 -1 -1 -1 -1 -1 -1 -1 -1 -1 -1 -1 -1 -1 -1 -1
119 -1 -1 -1 -1 -1 -1 -1 -1 -1 -1 -1 -1 -1 -1 -1 -1 -1 -1 -1 -1
120 -1 -1 -1 -1 -1 -1 -1 -1 -1 -1 -1 -1 -1 -1 -1 -1 -1 -1 -1 -1
121 -1 -1 -1 -1 -1 -1 -1 -1 -1 -1 -1 -1 -1 -1 -1 -1 -1 -1 -1 -1
122 -1 -1 -1 -1 -1 -1 -1 -1 -1 -1 -1 -1 -1 -1 -1 -1 -1 -1 -1 -1
123 -1 -1 -1 -1 -1 -1 -1 -1 -1 -1 -1 -1 -1 -1 -1 -1 -1 -1 -1 -1
124 -1 -1 -1 -1 -1 -1 -1 -1 -1 -1 -1 -1 -1 -1 -1 -1 -1 -1 -1 -1
125 -1 -1 -1 -1 -1 -1 -1 -1 -1 -1 -1 -1 -1 -1 -1 -1 -1 -1 -1 -1
126 -1 -1 -1 -1 -1 -1 -1 -1 -1 -1 -1 -1 -1 -1 -1 -1 -1 -1 -1 -1
127 -1 -1 -1 -1 -1 -1 -1 -1 -1 -1 -1 -1 -1 -1 -1 -1 -1 -1 -1 -1
128 -1 -1 -1 -1 -1 -1 -1 -1 -1 -1 -1 -1 -1 -1 -1 -1 -1 -1 -1 -1
129 -1 -1 -1 -1 -1 -1 -1 -1 -1 -1 -1 -1 -1 -1 -1 -1 -1 -1 -1 -1
130 -1 -1 -1 -1 -1 -1 -1 -1 -1 -1 -1 -1 -1 -1 -1 -1 -1 -1 -1 -1
131 -1 -1 -1 -1 -1 -1 -1 -1 -1 -1 -1 -1 -1 -1 -1 -1 -1 -1 -1 -1
132 -1 -1 -1 -1 -1 -1 -1 -1 -1 -1 -1 -1 -1 -1 -1 -1 -1 -1 -1 -1
133 -1 -1 -1 -1 -1 -1 -1 -1 -1 -1 -1 -1 -1 -1 -1 -1 -1 -1 -1 -1
134 -1 -1 -1 -1 -1 -1 -1 -1 -1 -1 -1 -1 -1 -1 -1 -1 -1 -1 -1 -1
135 -1 -1 -1 -1 -1 -1 -1 -1 -1 -1 -1 -1 -1 -1 -1 -1 -1 -1 -1 -1
136 -1 -1 -1 -1 -1 -1 -1 -1 -1 -1 -1 -1 -1 -1 -1 -1 -1 -1 -1 -1
137 -1 -1 -1 -1 -1 -1 -1 -1 -1 -1 -1 -1 -1 -1 -1 -1 -1 -1 -1 -1
138 -1 -1 -1 -1 -1 -1 -1 -1 -1 -1 -1 -1 -1 -1 -1 -1 -1 -1 -1 -1
139 -1 -1 -1 -1 -1 -1 -1 -1 -1 -1 -1 -1 -1 -1 -1 -1 -1 -1 -1 -1
140 -1 -1 -1 -1 -1 -1 -1 -1 -1 -1 -1 -1 -1 -1 -1 -1 -1 -1 -1 -1
141 -1 -1 -1 -1 -1 -1 -1 -1 -1 -1 -1 -1 -1 -1 -1 -1 -1 -1 -1 -1
142 -1 -1 -1 -1 -1 -1 -1 -1 -1 -1 -1 -1 -1 -1 -1 -1 -1 -1 -1 -1
143 -1 -1 -1 -1 -1 -1 -1 -1 -1 -1 -1 -1 -1 -1 -1 -1 -1 -1 -1 -1
144 -1 -1 -1 -1 -1 -1 -1 -1 -1 -1 -1 -1 -1 -1 -1 -1 -1 -1 -1 -1
145 -1 -1 -1 -1 -1 -1 -1 -1 -1 -1 -1 -1 -1 -1 -1 -1 -1 -1 -1 -1
146 -1 -1 -1 -1 -1 -1 -1 -1 -1 -1 -1 -1 -1 -1 -1 -1 -1 -1 -1 -1
147 0.524714 0.212370 0.542926 0.404679 0.540911 0.408776 0.544941 0.400582 0.540911 0.408776 0.548831 0.548692 0.577573 0.694048 0.544941 0.400582 0.526453 0.508561 0.528572 0.607096
148 0.520820 0.208328 0.540517 0.402520 0.535505 0.405738 0.545528 0.399302 0.535505 0.405738 0.542760 0.543289 0.575735 0.686262 0.545528 0.399302 0.528979 0.507403 0.529288 0.607112
149 0.515561 0.204188 0.537175 0.399837 0.536820 0.402531 0.537530 0.397143 0.536820 0.402531 0.536495 0.540501 0.573600 0.674626 0.537530 0.397143 0.524614 0.509689 0.529032 0.608872
150 0.511675 0.202764 0.534011 0.399448 0.534148 0.402245 0.533875 0.396652 0.534148 0.402245 0.528017 0.539183 0.567070 0.655822 0.533875 0.396652 0.523160 0.511111 0.527396 0.614722
151 0.508325 0.200006 0.528891 0.398869 0.528578 0.401089 0.529203 0.396649 0.528578 0.401089 0.519433 0.536301 0.558787 0.642859 0.529203 0.396649 0.520545 0.515237 0.525862 0.622407
152 -1 -1 -1 -1 -1 -1 -1 -1 -1 -1 -1 -1 -1 -1 -1 -1 -1 -1 -1 -1
153 -1 -1 -1 -1 -1 -1 -1 -1 -1 -1 -1 -1 -1 -1 -1 -1 -1 -1 -1 -1
154 0.497782 0.191711 0.520619 0.390397 0.514939 0.393824 0.526299 0.386971 0.514939 0.393824 0.500174 0.522992 0.532368 0.640080 0.526299 0.386971 0.518956 0.509321 0.530594 0.620147
155 0.492763 0.188317 0.517505 0.385400 0.509331 0.389619 0.525680 0.381181 0.509331 0.389619 0.494933 0.520093 0.521051 0.632340 0.525680 0.381181 0.520760 0.504001 0.529823 0.619825
156 0.487768 0.186002 0.514582 0.384173 0.505982 0.388502 0.523181 0.379845 0.505982 0.388502 0.491291 0.519589 0.514175 0.637897 0.523181 0.379845 0.521695 0.501765 0.528263 0.623588
157 0.481648 0.185876 0.511489 0.382545 0.501680 0.387788 0.521299 0.377303 0.501680 0.387788 0.486389 0.513254 0.504319 0.633176 0.521299 0.377303 0.522262 0.491817 0.528438 0.618787
158 0.474733 0.185510 0.507796 0.379507 0.497814 0.385729 0.517777 0.373285 0.497814 0.385729 0.483286 0.509748 0.494129 0.628130 0.517777 0.373285 0.522160 0.488524 0.526790 0.609374
159 0.468138 0.187802 0.504208 0.377936 0.493254 0.384880 0.515161 0.370993 0.493254 0.384880 0.480824 0.506925 0.484105 0.626740 0.515161 0.370993 0.521929 0.487065 0.527189 0.609461
160 0.460894 0.191267 0.501120 0.377699 0.489624 0.384451 0.512615 0.370948 0.489624 0.384451 0.476059 0.502860 0.479002 0.622874 0.512615 0.370948 0.521080 0.486326 0.527585 0.608182
161 0.453521 0.194484 0.497592 0.377932 0.485652 0.385035 0.509532 0.370829 0.485652 0.385035 0.472176 0.501010 0.471129 0.620756 0.509532 0.370829 0.519628 0.486628 0.527398 0.608779
162 0.446334 0.198943 0.494294 0.377979 0.481344 0.385753 0.507245 0.370205 0.481344 0.385753 0.469737 0.496980 0.467189 0.614745 0.507245 0.370205 0.518110 0.487763 0.527331 0.609563
163 0.437533 0.206949 0.490391 0.378270 0.477261 0.386107 0.503521 0.370432 0.477261 0.386107 0.466336 0.496897 0.464757 0.613270 0.503521 0.370432 0.516784 0.488826 0.527147 0.610282
164 0.428168 0.216507 0.486571 0.379734 0.472531 0.388175 0.500610 0.371293 0.472531 0.388175 0.459421 0.494912 0.461621 0.612870 0.500610 0.371293 0.516089 0.489348 0.527229 0.613236
165 0.418716 0.227445 0.483492 0.381609 0.470051 0.391713 0.496934 0.371505 0.470051 0.391713 0.451708 0.495623 0.457832 0.611144 0.496934 0.371505 0.515273 0.491063 0.528367 0.614236
166 0.409796 0.239585 0.479060 0.381847 0.466674 0.392262 0.491447 0.371432 0.466674 0.392262 0.446423 0.496545 0.458115 0.606590 0.491447 0.371432 0.509214 0.487575 0.531988 0.612996
167 0.398910 0.251822 0.474151 0.381100 0.463829 0.391831 0.484473 0.370369 0.463829 0.391831 0.439450 0.496335 0.456628 0.600852 0.484473 0.370369 0.502129 0.483323 0.537834 0.609275
168 0.389091 0.268362 0.467614 0.381196 0.458147 0.391896 0.477081 0.370497 0.458147 0.391896 0.431342 0.496046 0.456754 0.598982 0.477081 0.370497 0.499468 0.483984 0.545414 0.601491
169 0.378065 0.285166 0.463056 0.384261 0.453640 0.393745 0.472473 0.374778 0.453640 0.393745 0.420383 0.496696 0.455600 0.598072 0.472473 0.374778 0.497240 0.485230 0.549995 0.595997
170 0.372040 0.303006 0.460600 0.387731 0.452050 0.396565 0.469150 0.378898 0.452050 0.396565 0.419566 0.502172 0.455220 0.600997 0.469150 0.378898 0.496413 0.485715 0.550980 0.597150
171 0.366238 0.325763 0.457401 0.393629 0.450857 0.401642 0.463944 0.385615 0.450857 0.401642 0.419040 0.509376 0.454126 0.602471 0.463944 0.385615 0.495408 0.494217 0.549087 0.598037
172 0.357315 0.350848 0.451684 0.398992 0.449199 0.402533 0.454169 0.395450 0.449199 0.402533 0.415452 0.516437 0.455995 0.603238 0.454169 0.395450 0.492999 0.500940 0.547252 0.598127
173 0.342290 0.376376 0.442248 0.405559 0.440968 0.407994 0.443527 0.403124 0.440968 0.407994 0.410894 0.519413 0.456575 0.603616 0.443527 0.403124 0.487695 0.502791 0.546466 0.597487
174 0.336712 0.387643 0.438704 0.411581 0.433390 0.416312 0.444018 0.406851 0.433390 0.416312 0.410411 0.527553 0.459155 0.604772 0.444018 0.406851 0.484312 0.511503 0.544885 0.597175
175 0.333320 0.407221 0.432088 0.414913 0.426060 0.421639 0.438116 0.408187 0.426060 0.421639 0.417114 0.539471 0.474876 0.622473 0.438116 0.408187 0.480157 0.512851 0.540879 0.596922
176 0.331312 0.422474 0.425848 0.424887 0.423845 0.429747 0.427851 0.420028 0.423845 0.429747 0.431891 0.546318 0.482086 0.638271 0.427851 0.420028 0.471122 0.528111 0.533734 0.597293
177 0.327314 0.439398 0.418499 0.449388 0.418980 0.446481 0.418019 0.452296 0.418980 0.446481 0.449912 0.554229 0.503351 0.635408 0.418019 0.452296 0.460625 0.551760 0.518234 0.608648
178 0.322814 0.449369 0.408835 0.465880 0.409714 0.457597 0.407955 0.474163 0.409714 0.457597 0.443311 0.552468 0.490526 0.631526 0.407955 0.474163 0.447174 0.557357 0.520347 0.608246
179 0.319103 0.462460 0.401203 0.491791 0.402511 0.473765 0.399894 0.509816 0.402511 0.473765 0.438314 0.556570 0.486603 0.630369 0.399894 0.509816 0.444341 0.568224 0.505185 0.608442
180 0.320215 0.470498 0.397261 0.504053 0.399393 0.487772 0.395130 0.520333 0.399393 0.487772 0.437738 0.556144 0.495072 0.611270 0.395130 0.520333 0.438327 0.566165 0.495163 0.606974
181 0.320790 0.477690 0.397613 0.501157 0.398978 0.485277 0.396247 0.517038 0.398978 0.485277 0.435191 0.550107 0.490837 0.601794 0.396247 0.517038 0.435960 0.565047 0.489799 0.606213
182 0.319505 0.475401 0.396049 0.496448 0.397224 0.480015 0.394875 0.512881 0.397224 0.480015 0.435978 0.546291 0.492228 0.594263 0.394875 0.512881 0.436556 0.558179 0.491344 0.592512
183 0.316594 0.473005 0.393137 0.492175 0.393958 0.479772 0.392315 0.504577 0.393958 0.479772 0.434534 0.532673 0.491171 0.571933 0.392315 0.504577 0.434852 0.557420 0.488602 0.583270
184 0.313244 0.469086 0.390506 0.491100 0.391798 0.474664 0.389214 0.507537 0.391798 0.474664 0.433673 0.516723 0.489575 0.553956 0.389214 0.507537 0.436873 0.553105 0.491132 0.585588
185 0.313022 0.465858 0.389348 0.490496 0.389700 0.481257 0.388996 0.499735 0.389700 0.481257 0.433586 0.531514 0.491525 0.573415 0.388996 0.499735 0.436223 0.525423 0.488077 0.539077
186 0.311805 0.472163 0.388210 0.490459 0.388543 0.477161 0.387877 0.503757 0.388543 0.477161 0.423263 0.517354 0.489404 0.564507 0.387877 0.503757 0.437072 0.526134 0.487523 0.537706
187 0.311233 0.475403 0.388220 0.491520 0.388387 0.475385 0.388053 0.507655 0.388387 0.475385 0.424648 0.504647 0.486742 0.519499 0.388053 0.507655 0.437076 0.529406 0.488742 0.542872
188 0.312338 0.473827 0.389964 0.489850 0.390269 0.475813 0.389660 0.503887 0.390269 0.475813 0.440611 0.510051 0.488778 0.511175 0.389660 0.503887 0.438657 0.530176 0.490711 0.553086
189 0.310608 0.476341 0.389350 0.489058 0.389722 0.475015 0.388978 0.503101 0.389722 0.475015 0.441276 0.494866 0.495422 0.484105 0.388978 0.503101 0.439404 0.530758 0.491083 0.571109
190 0.310448 0.477536 0.389979 0.489171 0.390508 0.474342 0.389450 0.503999 0.390508 0.474342 0.443875 0.484452 0.500422 0.478839 0.389450 0.503999 0.439804 0.534171 0.491894 0.577314
191 0.310788 0.479962 0.390357 0.490302 0.390795 0.473862 0.389919 0.506741 0.390795 0.473862 0.445557 0.480819 0.503104 0.475409 0.389919 0.506741 0.440134 0.540161 0.492493 0.582674
192 0.311036 0.481853 0.390540 0.490123 0.390917 0.474448 0.390163 0.505798 0.390917 0.474448 0.446490 0.481155 0.505177 0.475587 0.390163 0.505798 0.440697 0.541398 0.492864 0.583763
193 0.310570 0.486744 0.390459 0.491935 0.390825 0.472640 0.390094 0.511229 0.390825 0.472640 0.447334 0.479508 0.506895 0.478777 0.390094 0.511229 0.440888 0.544991 0.493264 0.584710
194 0.310581 0.486665 0.390729 0.491645 0.391153 0.472056 0.390305 0.511233 0.391153 0.472056 0.447616 0.483690 0.506758 0.483895 0.390305 0.511233 0.440910 0.546068 0.493713 0.583980
195 0.310841 0.486842 0.390946 0.492416 0.391384 0.471747 0.390509 0.513086 0.391384 0.471747 0.448728 0.486365 0.508327 0.489077 0.390509 0.513086 0.441262 0.546425 0.494536 0.584137
196 0.310891 0.487953 0.391096 0.492007 0.391535 0.471811 0.390656 0.512203 0.391535 0.471811 0.449028 0.488126 0.508576 0.493911 0.390656 0.512203 0.441638 0.546075 0.495517 0.583847
197 0.310640 0.490044 0.390345 0.492312 0.390977 0.471775 0.389713 0.512850 0.390977 0.471775 0.448075 0.488400 0.507687 0.498244 0.389713 0.512850 0.441528 0.545926 0.495550 0.583344
198 0.310475 0.493033 0.389535 0.492866 0.390149 0.471717 0.388920 0.514015 0.390149 0.471717 0.446737 0.489638 0.506614 0.505731 0.388920 0.514015 0.441121 0.545858 0.495392 0.580013
199 0.310613 0.495107 0.389649 0.494918 0.390318 0.472155 0.388980 0.517680 0.390318 0.472155 0.446959 0.493000 0.506109 0.509808 0.388980 0.517680 0.441262 0.547229 0.495414 0.579910
200 0.310920 0.494412 0.389418 0.494970 0.390184 0.472204 0.388651 0.517735 0.390184 0.472204 0.446707 0.497033 0.505819 0.513649 0.388651 0.517735 0.441296 0.547119 0.495427 0.579365
201 0.310885 0.494527 0.388747 0.495475 0.389773 0.472442 0.387721 0.518508 0.389773 0.472442 0.446057 0.498870 0.504424 0.516551 0.387721 0.518508 0.441230 0.547808 0.495423 0.576995
202 0.311238 0.494363 0.388326 0.495402 0.389337 0.472499 0.387315 0.518306 0.389337 0.472499 0.445076 0.501105 0.503505 0.519037 0.387315 0.518306 0.441016 0.548124 0.495381 0.577100
203 0.311552 0.495051 0.387677 0.495285 0.388555 0.472380 0.386800 0.518190 0.388555 0.472380 0.442987 0.502555 0.501834 0.519891 0.386800 0.518190 0.440840 0.548454 0.495391 0.576336
204 0.311863 0.494468 0.387565 0.495068 0.388536 0.472295 0.386594 0.517842 0.388536 0.472295 0.442741 0.502269 0.500057 0.519195 0.386594 0.517842 0.440226 0.548440 0.495304 0.575980
205 0.311999 0.494757 0.387694 0.495298 0.388632 0.472309 0.386756 0.518287 0.388632 0.472309 0.442163 0.501980 0.498873 0.518835 0.386756 0.518287 0.440251 0.548369 0.494798 0.576037
206 0.311746 0.494769 0.387615 0.495403 0.388430 0.472442 0.386800 0.518365 0.388430 0.472442 0.441870 0.501933 0.499043 0.518456 0.386800 0.518365 0.440013 0.548618 0.494561 0.576291
207 0.311920 0.494698 0.387657 0.495321 0.388441 0.472442 0.386872 0.518200 0.388441 0.472442 0.441425 0.501845 0.498733 0.518237 0.386872 0.518200 0.440069 0.548577 0.494539 0.576352
208 0.312769 0.494611 0.387810 0.495293 0.388478 0.472438 0.387143 0.518147 0.388478 0.472438 0.440881 0.500997 0.498930 0.518028 0.387143 0.518147 0.440102 0.548556 0.494362 0.576399
209 0.312940 0.494439 0.387865 0.495271 0.388505 0.472486 0.387225 0.518055 0.388505 0.472486 0.440814 0.501116 0.499059 0.517456 0.387225 0.518055 0.440103 0.548554 0.494508 0.577044
210 0.312940 0.494371 0.387713 0.495235 0.388276 0.472435 0.387150 0.518035 0.388276 0.472435 0.440083 0.500306 0.499126 0.516310 0.387150 0.518035 0.439919 0.547789 0.494615 0.577059
211 0.313035 0.493818 0.387880 0.495230 0.388486 0.472443 0.387274 0.518018 0.388486 0.472443 0.440784 0.500339 0.499758 0.515438 0.387274 0.518018 0.439931 0.547789 0.495182 0.577252
212 0.312963 0.494146 0.387903 0.494931 0.388509 0.471927 0.387297 0.517935 0.388509 0.471927 0.439882 0.500072 0.499922 0.514956 0.387297 0.517935 0.439932 0.547220 0.495364 0.576585
213 0.313143 0.494076 0.387992 0.494893 0.388538 0.471920 0.387446 0.517866 0.388538 0.471920 0.439963 0.500094 0.500256 0.514792 0.387446 0.517866 0.440124 0.547078 0.495399 0.576594
214 0.313158 0.494079 0.388078 0.494994 0.388628 0.471899 0.387529 0.518090 0.388628 0.471899 0.440041 0.500091 0.500549 0.514491 0.387529 0.518090 0.440131 0.547096 0.495391 0.576637
215 0.313150 0.494021 0.388527 0.494972 0.389150 0.471936 0.387904 0.518008 0.389150 0.471936 0.443147 0.500133 0.501524 0.514456 0.387904 0.518008 0.441119 0.547098 0.495549 0.576644
