125
139
0 -1 -1 -1 -1 -1 -1 -1 -1 -1 -1 -1 -1 -1 -1 -1 -1 -1 -1 -1 -1
1 -1 -1 -1 -1 -1 -1 -1 -1 -1 -1 -1 -1 -1 -1 -1 -1 -1 -1 -1 -1
2 -1 -1 -1 -1 -1 -1 -1 -1 -1 -1 -1 -1 -1 -1 -1 -1 -1 -1 -1 -1
3 -1 -1 -1 -1 -1 -1 -1 -1 -1 -1 -1 -1 -1 -1 -1 -1 -1 -1 -1 -1
4 -1 -1 -1 -1 -1 -1 -1 -1 -1 -1 -1 -1 -1 -1 -1 -1 -1 -1 -1 -1
5 -1 -1 -1 -1 -1 -1 -1 -1 -1 -1 -1 -1 -1 -1 -1 -1 -1 -1 -1 -1
6 -1 -1 -1 -1 -1 -1 -1 -1 -1 -1 -1 -1 -1 -1 -1 -1 -1 -1 -1 -1
7 -1 -1 -1 -1 -1 -1 -1 -1 -1 -1 -1 -1 -1 -1 -1 -1 -1 -1 -1 -1
8 -1 -1 -1 -1 -1 -1 -1 -1 -1 -1 -1 -1 -1 -1 -1 -1 -1 -1 -1 -1
9 -1 -1 -1 -1 -1 -1 -1 -1 -1 -1 -1 -1 -1 -1 -1 -1 -1 -1 -1 -1
10 -1 -1 -1 -1 -1 -1 -1 -1 -1 -1 -1 -1 -1 -1 -1 -1 -1 -1 -1 -1
11 -1 -1 -1 -1 -1 -1 -1 -1 -1 -1 -1 -1 -1 -1 -1 -1 -1 -1 -1 -1
12 -1 -1 -1 -1 -1 -1 -1 -1 -1 -1 -1 -1 -1 -1 -1 -1 -1 -1 -1 -1
13 -1 -1 -1 -1 -1 -1 -1 -1 -1 -1 -1 -1 -1 -1 -1 -1 -1 -1 -1 -1
14 -1 -1 -1 -1 -1 -1 -1 -1 -1 -1 -1 -1 -1 -1 -1 -1 -1 -1 -1 -1
15 -1 -1 -1 -1 -1 -1 -1 -1 -1 -1 -1 -1 -1 -1 -1 -1 -1 -1 -1 -1
16 -1 -1 -1 -1 -1 -1 -1 -1 -1 -1 -1 -1 -1 -1 -1 -1 -1 -1 -1 -1
17 -1 -1 -1 -1 -1 -1 -1 -1 -1 -1 -1 -1 -1 -1 -1 -1 -1 -1 -1 -1
18 -1 -1 -1 -1 -1 -1 -1 -1 -1 -1 -1 -1 -1 -1 -1 -1 -1 -1 -1 -1
19 -1 -1 -1 -1 -1 -1 -1 -1 -1 -1 -1 -1 -1 -1 -1 -1 -1 -1 -1 -1
20 -1 -1 -1 -1 -1 -1 -1 -1 -1 -1 -1 -1 -1 -1 -1 -1 -1 -1 -1 -1
21 -1 -1 -1 -1 -1 -1 -1 -1 -1 -1 -1 -1 -1 -1 -1 -1 -1 -1 -1 -1
22 -1 -1 -1 -1 -1 -1 -1 -1 -1 -1 -1 -1 -1 -1 -1 -1 -1 -1 -1 -1
23 -1 -1 -1 -1 -1 -1 -1 -1 -1 -1 -1 -1 -1 -1 -1 -1 -1 -1 -1 -1
24 -1 -1 -1 -1 -1 -1 -1 -1 -1 -1 -1 -1 -1 -1 -1 -1 -1 -1 -1 -1
25 -1 -1 -1 -1 -1 -1 -1 -1 -1 -1 -1 -1 -1 -1 -1 -1 -1 -1 -1 -1
26 -1 -1 -1 -1 -1 -1 -1 -1 -1 -1 -1 -1 -1 -1 -1 -1 -1 -1 -1 -1
27 -1 -1 -1 -1 -1 -1 -1 -1 -1 -1 -1 -1 -1 -1 -1 -1 -1 -1 -1 -1
28 -1 -1 -1 -1 -1 -1 -1 -1 -1 -1 -1 -1 -1 -1 -1 -1 -1 -1 -1 -1
29 -1 -1 -1 -1 -1 -1 -1 -1 -1 -1 -1 -1 -1 -1 -1 -1 -1 -1 -1 -1
30 -1 -1 -1 -1 -1 -1 -1 -1 -1 -1 -1 -1 -1 -1 -1 -1 -1 -1 -1 -1
31 -1 -1 -1 -1 -1 -1 -1 -1 -1 -1 -1 -1 -1 -1 -1 -1 -1 -1 -1 -1
32 -1 -1 -1 -1 -1 -1 -1 -1 -1 -1 -1 -1 -1 -1 -1 -1 -1 -1 -1 -1
33 -1 -1 -1 -1 -1 -1 -1 -1 -1 -1 -1 -1 -1 -1 -1 -1 -1 -1 -1 -1
34 -1 -1 -1 -1 -1 -1 -1 -1 -1 -1 -1 -1 -1 -1 -1 -1 -1 -1 -1 -1
35 -1 -1 -1 -1 -1 -1 -1 -1 -1 -1 -1 -1 -1 -1 -1 -1 -1 -1 -1 -1
36 -1 -1 -1 -1 -1 -1 -1 -1 -1 -1 -1 -1 -1 -1 -1 -1 -1 -1 -1 -1
37 -1 -1 -1 -1 -1 -1 -1 -1 -1 -1 -1 -1 -1 -1 -1 -1 -1 -1 -1 -1
38 -1 -1 -1 -1 -1 -1 -1 -1 -1 -1 -1 -1 -1 -1 -1 -1 -1 -1 -1 -1
39 -1 -1 -1 -1 -1 -1 -1 -1 -1 -1 -1 -1 -1 -1 -1 -1 -1 -1 -1 -1
40 -1 -1 -1 -1 -1 -1 -1 -1 -1 -1 -1 -1 -1 -1 -1 -1 -1 -1 -1 -1
41 -1 -1 -1 -1 -1 -1 -1 -1 -1 -1 -1 -1 -1 -1 -1 -1 -1 -1 -1 -1
42 -1 -1 -1 -1 -1 -1 -1 -1 -1 -1 -1 -1 -1 -1 -1 -1 -1 -1 -1 -1
43 -1 -1 -1 -1 -1 -1 -1 -1 -1 -1 -1 -1 -1 -1 -1 -1 -1 -1 -1 -1
44 -1 -1 -1 -1 -1 -1 -1 -1 -1 -1 -1 -1 -1 -1 -1 -1 -1 -1 -1 -1
45 -1 -1 -1 -1 -1 -1 -1 -1 -1 -1 -1 -1 -1 -1 -1 -1 -1 -1 -1 -1
46 -1 -1 -1 -1 -1 -1 -1 -1 -1 -1 -1 -1 -1 -1 -1 -1 -1 -1 -1 -1
47 -1 -1 -1 -1 -1 -1 -1 -1 -1 -1 -1 -1 -1 -1 -1 -1 -1 -1 -1 -1
48 -1 -1 -1 -1 -1 -1 -1 -1 -1 -1 -1 -1 -1 -1 -1 -1 -1 -1 -1 -1
49 -1 -1 -1 -1 -1 -1 -1 -1 -1 -1 -1 -1 -1 -1 -1 -1 -1 -1 -1 -1
50 -1 -1 -1 -1 -1 -1 -1 -1 -1 -1 -1 -1 -1 -1 -1 -1 -1 -1 -1 -1
51 -1 -1 -1 -1 -1 -1 -1 -1 -1 -1 -1 -1 -1 -1 -1 -1 -1 -1 -1 -1
52 -1 -1 -1 -1 -1 -1 -1 -1 -1 -1 -1 -1 -1 -1 -1 -1 -1 -1 -1 -1
53 -1 -1 -1 -1 -1 -1 -1 -1 -1 -1 -1 -1 -1 -1 -1 -1 -1 -1 -1 -1
54 -1 -1 -1 -1 -1 -1 -1 -1 -1 -1 -1 -1 -1 -1 -1 -1 -1 -1 -1 -1
55 -1 -1 -1 -1 -1 -1 -1 -1 -1 -1 -1 -1 -1 -1 -1 -1 -1 -1 -1 -1
56 -1 -1 -1 -1 -1 -1 -1 -1 -1 -1 -1 -1 -1 -1 -1 -1 -1 -1 -1 -1
57 -1 -1 -1 -1 -1 -1 -1 -1 -1 -1 -1 -1 -1 -1 -1 -1 -1 -1 -1 -1
58 -1 -1 -1 -1 -1 -1 -1 -1 -1 -1 -1 -1 -1 -1 -1 -1 -1 -1 -1 -1
59 -1 -1 -1 -1 -1 -1 -1 -1 -1 -1 -1 -1 -1 -1 -1 -1 -1 -1 -1 -1
60 -1 -1 -1 -1 -1 -1 -1 -1 -1 -1 -1 -1 -1 -1 -1 -1 -1 -1 -1 -1
61 -1 -1 -1 -1 -1 -1 -1 -1 -1 -1 -1 -1 -1 -1 -1 -1 -1 -1 -1 -1
62 -1 -1 -1 -1 -1 -1 -1 -1 -1 -1 -1 -1 -1 -1 -1 -1 -1 -1 -1 -1
63 -1 -1 -1 -1 -1 -1 -1 -1 -1 -1 -1 -1 -1 -1 -1 -1 -1 -1 -1 -1
64 -1 -1 -1 -1 -1 -1 -1 -1 -1 -1 -1 -1 -1 -1 -1 -1 -1 -1 -1 -1
65 -1 -1 -1 -1 -1 -1 -1 -1 -1 -1 -1 -1 -1 -1 -1 -1 -1 -1 -1 -1
66 0.454100 0.169304 0.460537 0.301342 0.476830 0.298712 0.444244 0.303973 0.476830 0.298712 0.488341 0.388593 0.482093 0.470701 0.444244 0.303973 0.454827 0.396197 0.458623 0.486037
67 0.455003 0.169774 0.461392 0.303002 0.477334 0.300679 0.445449 0.305326 0.477334 0.300679 0.488431 0.391997 0.485982 0.474561 0.445449 0.305326 0.455337 0.397030 0.459032 0.479168
68 0.456769 0.170988 0.461519 0.305058 0.477428 0.302915 0.445610 0.307201 0.477428 0.302915 0.488062 0.396350 0.488487 0.483405 0.445610 0.307201 0.455665 0.399965 0.459054 0.476813
69 0.458574 0.174278 0.461572 0.305334 0.477419 0.303533 0.445725 0.307135 0.477419 0.303533 0.487755 0.398136 0.488649 0.493122 0.445725 0.307135 0.455772 0.399761 0.458874 0.473661
70 0.460531 0.180430 0.464782 0.316371 0.480852 0.315237 0.448713 0.317505 0.480852 0.315237 0.487620 0.410698 0.488290 0.516133 0.448713 0.317505 0.455796 0.407560 0.458873 0.474649
71 0.463332 0.187535 0.466783 0.322226 0.482478 0.321546 0.451088 0.322905 0.482478 0.321546 0.487122 0.419446 0.488838 0.528313 0.451088 0.322905 0.455810 0.412395 0.459397 0.482115
72 0.467054 0.195055 0.468213 0.325333 0.483898 0.325861 0.452528 0.324805 0.483898 0.325861 0.486926 0.421290 0.489067 0.528935 0.452528 0.324805 0.456136 0.416225 0.459202 0.487441
73 0.469791 0.203043 0.470538 0.331173 0.485516 0.331943 0.455561 0.330403 0.485516 0.331943 0.486939 0.424218 0.484659 0.527520 0.455561 0.330403 0.459799 0.419183 0.459997 0.487656
74 0.473505 0.208142 0.471957 0.334073 0.486978 0.335638 0.456936 0.332509 0.486978 0.335638 0.487797 0.425081 0.483003 0.521221 0.456936 0.332509 0.461500 0.416608 0.459578 0.472172
75 0.476023 0.211685 0.473238 0.334332 0.488228 0.336255 0.458249 0.332410 0.488228 0.336255 0.489206 0.424042 0.483034 0.521826 0.458249 0.332410 0.469013 0.416557 0.459932 0.473893
76 0.477757 0.212100 0.476107 0.333380 0.491315 0.334255 0.460900 0.332505 0.491315 0.334255 0.491867 0.422022 0.486907 0.519105 0.460900 0.332505 0.471241 0.417581 0.463795 0.474612
77 0.479104 0.211561 0.477150 0.333723 0.492877 0.334575 0.461424 0.332871 0.492877 0.334575 0.492643 0.424465 0.489303 0.530198 0.461424 0.332871 0.469191 0.418417 0.466140 0.488415
78 0.480112 0.211548 0.478953 0.334151 0.494898 0.334520 0.463007 0.333783 0.494898 0.334520 0.495253 0.425648 0.491140 0.520525 0.463007 0.333783 0.469913 0.421400 0.471694 0.500315
79 0.480917 0.211353 0.480461 0.336574 0.496447 0.336294 0.464475 0.336854 0.496447 0.336294 0.496247 0.429776 0.492022 0.524583 0.464475 0.336854 0.472091 0.429567 0.488470 0.528919
80 0.481695 0.212023 0.480689 0.341252 0.496750 0.341199 0.464627 0.341304 0.496750 0.341199 0.498483 0.435308 0.501158 0.533119 0.464627 0.341304 0.471530 0.435925 0.483500 0.532474
81 0.481875 0.213426 0.482843 0.344821 0.498989 0.344909 0.466698 0.344734 0.498989 0.344909 0.501080 0.442211 0.501542 0.535930 0.466698 0.344734 0.472522 0.443193 0.484932 0.544157
82 0.481963 0.215894 0.484435 0.349353 0.500381 0.348958 0.468489 0.349748 0.500381 0.348958 0.503415 0.445145 0.501159 0.533474 0.468489 0.349748 0.473997 0.447242 0.484338 0.550526
83 0.481427 0.222942 0.485259 0.353023 0.501539 0.351435 0.468979 0.354612 0.501539 0.351435 0.506577 0.446723 0.501971 0.531180 0.468979 0.354612 0.475346 0.454568 0.485510 0.552631
84 0.481107 0.231534 0.486360 0.361475 0.502667 0.359778 0.470053 0.363173 0.502667 0.359778 0.508005 0.450478 0.501678 0.530043 0.470053 0.363173 0.475159 0.461939 0.485340 0.563263
85 0.481272 0.239066 0.487889 0.371616 0.503714 0.369697 0.472064 0.373534 0.503714 0.369697 0.513325 0.461261 0.503541 0.532782 0.472064 0.373534 0.477973 0.470081 0.485940 0.567605
86 0.481837 0.247281 0.488449 0.379409 0.504248 0.377217 0.472650 0.381600 0.504248 0.377217 0.515636 0.467874 0.505952 0.539516 0.472650 0.381600 0.478263 0.479946 0.486454 0.575881
87 0.482314 0.251709 0.489309 0.382077 0.505424 0.380059 0.473193 0.384095 0.505424 0.380059 0.517027 0.472003 0.505829 0.535226 0.473193 0.384095 0.480281 0.482217 0.486285 0.573834
88 0.482772 0.251503 0.489561 0.379426 0.505722 0.377553 0.473399 0.381300 0.505722 0.377553 0.517826 0.471546 0.507064 0.535174 0.473399 0.381300 0.480697 0.480876 0.487385 0.571013
89 0.483579 0.250786 0.490560 0.376863 0.506887 0.374852 0.474234 0.378874 0.506887 0.374852 0.519175 0.469941 0.506928 0.532803 0.474234 0.378874 0.480959 0.479955 0.487788 0.570808
90 0.484529 0.249258 0.493106 0.378558 0.509242 0.376244 0.476970 0.380873 0.509242 0.376244 0.520347 0.473009 0.509499 0.542145 0.476970 0.380873 0.482052 0.484279 0.487965 0.572269
91 0.485272 0.248115 0.494193 0.378680 0.510177 0.376018 0.478209 0.381342 0.510177 0.376018 0.519591 0.478220 0.512896 0.560528 0.478209 0.381342 0.482545 0.487204 0.487675 0.573617
92 0.486402 0.249618 0.495550 0.382153 0.511838 0.379337 0.479262 0.384968 0.511838 0.379337 0.520508 0.481621 0.517814 0.572910 0.479262 0.384968 0.483774 0.488640 0.487563 0.574216
93 0.488065 0.251643 0.496629 0.387645 0.512952 0.385935 0.480306 0.389354 0.512952 0.385935 0.520320 0.489847 0.522364 0.588595 0.480306 0.389354 0.484143 0.494036 0.487367 0.576528
94 0.490210 0.255037 0.497668 0.387925 0.514373 0.386054 0.480963 0.389795 0.514373 0.386054 0.520120 0.493907 0.525944 0.599101 0.480963 0.389795 0.483888 0.491897 0.487342 0.573769
95 0.492616 0.260129 0.498347 0.394159 0.515128 0.392793 0.481565 0.395524 0.515128 0.392793 0.520956 0.501431 0.528368 0.606489 0.481565 0.395524 0.485251 0.496861 0.487057 0.572250
96 0.495270 0.265370 0.500267 0.401954 0.517183 0.400733 0.483350 0.403174 0.517183 0.400733 0.521437 0.508121 0.528364 0.612437 0.483350 0.403174 0.486266 0.501801 0.485958 0.573004
97 0.498552 0.272120 0.502929 0.415268 0.519674 0.414541 0.486183 0.415995 0.519674 0.414541 0.523014 0.518888 0.528674 0.621647 0.486183 0.415995 0.488113 0.508995 0.485942 0.573743
98 0.502130 0.280352 0.504698 0.426560 0.521897 0.426643 0.487498 0.426477 0.521897 0.426643 0.524811 0.530886 0.526468 0.629897 0.487498 0.426477 0.488831 0.521392 0.485631 0.575031
99 0.505865 0.287329 0.507308 0.438878 0.524440 0.439054 0.490176 0.438702 0.524440 0.439054 0.527761 0.536637 0.525269 0.629069 0.490176 0.438702 0.489460 0.528642 0.485267 0.574395
100 0.510465 0.293203 0.509376 0.439201 0.526386 0.438638 0.492366 0.439763 0.526386 0.438638 0.529671 0.536275 0.525460 0.630773 0.492366 0.439763 0.492882 0.533351 0.486579 0.562697
101 0.512910 0.295983 0.511141 0.440512 0.527960 0.440033 0.494322 0.440990 0.527960 0.440033 0.530769 0.538489 0.525456 0.632372 0.494322 0.440990 0.493544 0.533993 0.487779 0.563562
102 0.515449 0.296305 0.512962 0.437146 0.529579 0.436793 0.496345 0.437498 0.529579 0.436793 0.530981 0.538623 0.525533 0.630509 0.496345 0.437498 0.499794 0.532872 0.488983 0.576527
103 0.517798 0.295167 0.512876 0.432764 0.529306 0.432968 0.496447 0.432560 0.529306 0.432968 0.530505 0.536579 0.526583 0.632376 0.496447 0.432560 0.503757 0.527456 0.492741 0.600333
104 0.519346 0.294908 0.513295 0.430995 0.529888 0.431693 0.496703 0.430298 0.529888 0.431693 0.529886 0.536429 0.526314 0.631732 0.496703 0.430298 0.505465 0.526416 0.497733 0.615958
105 0.521016 0.294729 0.513735 0.429691 0.530211 0.430432 0.497259 0.428949 0.530211 0.430432 0.529499 0.537304 0.525004 0.632580 0.497259 0.428949 0.506894 0.528565 0.503603 0.627789
106 0.522564 0.295870 0.514412 0.430918 0.530687 0.431747 0.498137 0.430090 0.530687 0.431747 0.529327 0.539486 0.524603 0.636135 0.498137 0.430090 0.509424 0.535858 0.514197 0.642924
107 0.523484 0.297481 0.516286 0.435098 0.532421 0.435857 0.500151 0.434339 0.532421 0.435857 0.529330 0.544434 0.524492 0.641075 0.500151 0.434339 0.511661 0.542595 0.515647 0.654833
108 0.524437 0.301395 0.516813 0.440281 0.533130 0.441028 0.500496 0.439534 0.533130 0.441028 0.529909 0.546260 0.524414 0.646334 0.500496 0.439534 0.513462 0.545212 0.516215 0.661421
109 0.525581 0.306724 0.518300 0.445333 0.534820 0.446099 0.501780 0.444567 0.534820 0.446099 0.531898 0.551028 0.524377 0.643903 0.501780 0.444567 0.514549 0.550025 0.515715 0.672297
110 0.526250 0.314824 0.518529 0.452837 0.535301 0.453710 0.501757 0.451965 0.535301 0.453710 0.533807 0.558672 0.524881 0.646730 0.501757 0.451965 0.515897 0.557187 0.514637 0.677306
111 0.526525 0.324140 0.518162 0.460654 0.535015 0.461002 0.501309 0.460306 0.535015 0.461002 0.540786 0.562947 0.524858 0.643767 0.501309 0.460306 0.519807 0.563175 0.514747 0.675242
112 0.527497 0.336127 0.518760 0.469212 0.535811 0.469165 0.501708 0.469259 0.535811 0.469165 0.550998 0.567530 0.526918 0.643047 0.501708 0.469259 0.522071 0.571898 0.515391 0.679034
113 0.527728 0.351106 0.519711 0.481530 0.536843 0.479727 0.502579 0.483333 0.536843 0.479727 0.557799 0.568603 0.529326 0.641731 0.502579 0.483333 0.522241 0.580025 0.517302 0.677185
114 0.528522 0.370320 0.520181 0.487502 0.537348 0.485168 0.503014 0.489836 0.537348 0.485168 0.565373 0.568891 0.534215 0.644252 0.503014 0.489836 0.521225 0.585291 0.519783 0.676135
115 0.530024 0.392657 0.520735 0.489892 0.538179 0.487614 0.503291 0.492170 0.538179 0.487614 0.572363 0.575697 0.541622 0.656637 0.503291 0.492170 0.523584 0.592649 0.519332 0.678251
116 0.531449 0.413759 0.520859 0.497993 0.538159 0.495220 0.503559 0.500767 0.538159 0.495220 0.574591 0.580559 0.544407 0.662437 0.503559 0.500767 0.526070 0.594245 0.519030 0.678513
117 0.533965 0.435689 0.520921 0.506969 0.538170 0.504034 0.503672 0.509904 0.538170 0.504034 0.570743 0.583659 0.543621 0.663514 0.503672 0.509904 0.527452 0.595588 0.520170 0.676919
118 0.534587 0.459256 0.521743 0.509043 0.539275 0.506742 0.504212 0.511345 0.539275 0.506742 0.567493 0.588367 0.548078 0.663850 0.504212 0.511345 0.532821 0.610514 0.521243 0.678291
119 0.535934 0.485469 0.524542 0.524012 0.543243 0.522250 0.505840 0.525775 0.543243 0.522250 0.568163 0.600780 0.547728 0.664363 0.505840 0.525775 0.529925 0.621820 0.522977 0.682950
120 0.540328 0.504449 0.527850 0.533486 0.548167 0.532584 0.507533 0.534389 0.548167 0.532584 0.570355 0.606535 0.549013 0.662496 0.507533 0.534389 0.525479 0.631672 0.526234 0.680852
121 0.543952 0.531706 0.529815 0.548334 0.550824 0.547715 0.508806 0.548953 0.550824 0.547715 0.569475 0.630620 0.547038 0.663138 0.508806 0.548953 0.518989 0.636102 0.526949 0.666107
122 0.547601 0.554371 0.533382 0.564653 0.556381 0.564886 0.510384 0.564420 0.556381 0.564886 0.570945 0.667714 0.546457 0.649100 0.510384 0.564420 0.515742 0.655875 0.533639 0.654318
123 0.552578 0.582461 0.536084 0.564549 0.559307 0.564690 0.512861 0.564408 0.559307 0.564690 0.569681 0.665843 0.539766 0.657437 0.512861 0.564408 0.512333 0.661105 0.534445 0.658786
124 0.558985 0.609208 0.541502 0.569101 0.564795 0.572266 0.518210 0.565936 0.564795 0.572266 0.569231 0.673446 0.529279 0.687909 0.518210 0.565936 0.512663 0.658614 0.538126 0.670229
125 0.562876 0.629219 0.540508 0.567350 0.560862 0.569493 0.520154 0.565207 0.560862 0.569493 0.568656 0.656103 0.530997 0.677226 0.520154 0.565207 0.511607 0.646220 0.535796 0.644588
126 0.565802 0.628509 0.541768 0.593956 0.563723 0.599202 0.519813 0.588710 0.563723 0.599202 0.572033 0.698445 0.529524 0.697804 0.519813 0.588710 0.509930 0.667877 0.529436 0.682635
127 0.568729 0.644840 0.544228 0.611491 0.567148 0.613246 0.521308 0.609736 0.567148 0.613246 0.575416 0.711265 0.529545 0.723392 0.521308 0.609736 0.507243 0.703486 0.515835 0.734945
128 -1 -1 -1 -1 -1 -1 -1 -1 -1 -1 -1 -1 -1 -1 -1 -1 -1 -1 -1 -1
129 -1 -1 -1 -1 -1 -1 -1 -1 -1 -1 -1 -1 -1 -1 -1 -1 -1 -1 -1 -1
130 -1 -1 -1 -1 -1 -1 -1 -1 -1 -1 -1 -1 -1 -1 -1 -1 -1 -1 -1 -1
131 -1 -1 -1 -1 -1 -1 -1 -1 -1 -1 -1 -1 -1 -1 -1 -1 -1 -1 -1 -1
132 -1 -1 -1 -1 -1 -1 -1 -1 -1 -1 -1 -1 -1 -1 -1 -1 -1 -1 -1 -1
133 -1 -1 -1 -1 -1 -1 -1 -1 -1 -1 -1 -1 -1 -1 -1 -1 -1 -1 -1 -1
134 -1 -1 -1 -1 -1 -1 -1 -1 -1 -1 -1 -1 -1 -1 -1 -1 -1 -1 -1 -1
135 -1 -1 -1 -1 -1 -1 -1 -1 -1 -1 -1 -1 -1 -1 -1 -1 -1 -1 -1 -1
136 -1 -1 -1 -1 -1 -1 -1 -1 -1 -1 -1 -1 -1 -1 -1 -1 -1 -1 -1 -1
137 -1 -1 -1 -1 -1 -1 -1 -1 -1 -1 -1 -1 -1 -1 -1 -1 -1 -1 -1 -1
138 -1 -1 -1 -1 -1 -1 -1 -1 -1 -1 -1 -1 -1 -1 -1 -1 -1 -1 -1 -1
139 -1 -1 -1 -1 -1 -1 -1 -1 -1 -1 -1 -1 -1 -1 -1 -1 -1 -1 -1 -1
140 -1 -1 -1 -1 -1 -1 -1 -1 -1 -1 -1 -1 -1 -1 -1 -1 -1 -1 -1 -1
141 -1 -1 -1 -1 -1 -1 -1 -1 -1 -1 -1 -1 -1 -1 -1 -1 -1 -1 -1 -1
142 -1 -1 -1 -1 -1 -1 -1 -1 -1 -1 -1 -1 -1 -1 -1 -1 -1 -1 -1 -1
143 -1 -1 -1 -1 -1 -1 -1 -1 -1 -1 -1 -1 -1 -1 -1 -1 -1 -1 -1 -1
144 -1 -1 -1 -1 -1 -1 -1 -1 -1 -1 -1 -1 -1 -1 -1 -1 -1 -1 -1 -1
145 -1 -1 -1 -1 -1 -1 -1 -1 -1 -1 -1 -1 -1 -1 -1 -1 -1 -1 -1 -1
146 -1 -1 -1 -1 -1 -1 -1 -1 -1 -1 -1 -1 -1 -1 -1 -1 -1 -1 -1 -1
147 -1 -1 -1 -1 -1 -1 -1 -1 -1 -1 -1 -1 -1 -1 -1 -1 -1 -1 -1 -1
148 -1 -1 -1 -1 -1 -1 -1 -1 -1 -1 -1 -1 -1 -1 -1 -1 -1 -1 -1 -1
149 -1 -1 -1 -1 -1 -1 -1 -1 -1 -1 -1 -1 -1 -1 -1 -1 -1 -1 -1 -1
150 -1 -1 -1 -1 -1 -1 -1 -1 -1 -1 -1 -1 -1 -1 -1 -1 -1 -1 -1 -1
151 -1 -1 -1 -1 -1 -1 -1 -1 -1 -1 -1 -1 -1 -1 -1 -1 -1 -1 -1 -1
152 -1 -1 -1 -1 -1 -1 -1 -1 -1 -1 -1 -1 -1 -1 -1 -1 -1 -1 -1 -1
153 -1 -1 -1 -1 -1 -1 -1 -1 -1 -1 -1 -1 -1 -1 -1 -1 -1 -1 -1 -1
154 -1 -1 -1 -1 -1 -1 -1 -1 -1 -1 -1 -1 -1 -1 -1 -1 -1 -1 -1 -1
155 -1 -1 -1 -1 -1 -1 -1 -1 -1 -1 -1 -1 -1 -1 -1 -1 -1 -1 -1 -1
156 -1 -1 -1 -1 -1 -1 -1 -1 -1 -1 -1 -1 -1 -1 -1 -1 -1 -1 -1 -1
157 -1 -1 -1 -1 -1 -1 -1 -1 -1 -1 -1 -1 -1 -1 -1 -1 -1 -1 -1 -1
158 -1 -1 -1 -1 -1 -1 -1 -1 -1 -1 -1 -1 -1 -1 -1 -1 -1 -1 -1 -1
159 -1 -1 -1 -1 -1 -1 -1 -1 -1 -1 -1 -1 -1 -1 -1 -1 -1 -1 -1 -1
160 -1 -1 -1 -1 -1 -1 -1 -1 -1 -1 -1 -1 -1 -1 -1 -1 -1 -1 -1 -1
161 -1 -1 -1 -1 -1 -1 -1 -1 -1 -1 -1 -1 -1 -1 -1 -1 -1 -1 -1 -1
162 -1 -1 -1 -1 -1 -1 -1 -1 -1 -1 -1 -1 -1 -1 -1 -1 -1 -1 -1 -1
163 -1 -1 -1 -1 -1 -1 -1 -1 -1 -1 -1 -1 -1 -1 -1 -1 -1 -1 -1 -1
164 -1 -1 -1 -1 -1 -1 -1 -1 -1 -1 -1 -1 -1 -1 -1 -1 -1 -1 -1 -1
165 -1 -1 -1 -1 -1 -1 -1 -1 -1 -1 -1 -1 -1 -1 -1 -1 -1 -1 -1 -1
166 -1 -1 -1 -1 -1 -1 -1 -1 -1 -1 -1 -1 -1 -1 -1 -1 -1 -1 -1 -1
167 -1 -1 -1 -1 -1 -1 -1 -1 -1 -1 -1 -1 -1 -1 -1 -1 -1 -1 -1 -1
168 -1 -1 -1 -1 -1 -1 -1 -1 -1 -1 -1 -1 -1 -1 -1 -1 -1 -1 -1 -1
169 -1 -1 -1 -1 -1 -1 -1 -1 -1 -1 -1 -1 -1 -1 -1 -1 -1 -1 -1 -1
170 -1 -1 -1 -1 -1 -1 -1 -1 -1 -1 -1 -1 -1 -1 -1 -1 -1 -1 -1 -1
171 -1 -1 -1 -1 -1 -1 -1 -1 -1 -1 -1 -1 -1 -1 -1 -1 -1 -1 -1 -1
172 -1 -1 -1 -1 -1 -1 -1 -1 -1 -1 -1 -1 -1 -1 -1 -1 -1 -1 -1 -1
173 -1 -1 -1 -1 -1 -1 -1 -1 -1 -1 -1 -1 -1 -1 -1 -1 -1 -1 -1 -1
174 -1 -1 -1 -1 -1 -1 -1 -1 -1 -1 -1 -1 -1 -1 -1 -1 -1 -1 -1 -1
175 -1 -1 -1 -1 -1 -1 -1 -1 -1 -1 -1 -1 -1 -1 -1 -1 -1 -1 -1 -1
176 -1 -1 -1 -1 -1 -1 -1 -1 -1 -1 -1 -1 -1 -1 -1 -1 -1 -1 -1 -1
177 -1 -1 -1 -1 -1 -1 -1 -1 -1 -1 -1 -1 -1 -1 -1 -1 -1 -1 -1 -1
178 -1 -1 -1 -1 -1 -1 -1 -1 -1 -1 -1 -1 -1 -1 -1 -1 -1 -1 -1 -1
179 -1 -1 -1 -1 -1 -1 -1 -1 -1 -1 -1 -1 -1 -1 -1 -1 -1 -1 -1 -1
180 -1 -1 -1 -1 -1 -1 -1 -1 -1 -1 -1 -1 -1 -1 -1 -1 -1 -1 -1 -1
181 -1 -1 -1 -1 -1 -1 -1 -1 -1 -1 -1 -1 -1 -1 -1 -1 -1 -1 -1 -1
182 -1 -1 -1 -1 -1 -1 -1 -1 -1 -1 -1 -1 -1 -1 -1 -1 -1 -1 -1 -1
183 -1 -1 -1 -1 -1 -1 -1 -1 -1 -1 -1 -1 -1 -1 -1 -1 -1 -1 -1 -1
184 -1 -1 -1 -1 -1 -1 -1 -1 -1 -1 -1 -1 -1 -1 -1 -1 -1 -1 -1 -1
185 -1 -1 -1 -1 -1 -1 -1 -1 -1 -1 -1 -1 -1 -1 -1 -1 -1 -1 -1 -1
186 -1 -1 -1 -1 -1 -1 -1 -1 -1 -1 -1 -1 -1 -1 -1 -1 -1 -1 -1 -1
187 -1 -1 -1 -1 -1 -1 -1 -1 -1 -1 -1 -1 -1 -1 -1 -1 -1 -1 -1 -1
188 -1 -1 -1 -1 -1 -1 -1 -1 -1 -1 -1 -1 -1 -1 -1 -1 -1 -1 -1 -1
189 -1 -1 -1 -1 -1 -1 -1 -1 -1 -1 -1 -1 -1 -1 -1 -1 -1 -1 -1 -1
190 -1 -1 -1 -1 -1 -1 -1 -1 -1 -1 -1 -1 -1 -1 -1 -1 -1 -1 -1 -1
191 -1 -1 -1 -1 -1 -1 -1 -1 -1 -1 -1 -1 -1 -1 -1 -1 -1 -1 -1 -1
192 -1 -1 -1 -1 -1 -1 -1 -1 -1 -1 -1 -1 -1 -1 -1 -1 -1 -1 -1 -1
193 -1 -1 -1 -1 -1 -1 -1 -1 -1 -1 -1 -1 -1 -1 -1 -1 -1 -1 -1 -1
194 -1 -1 -1 -1 -1 -1 -1 -1 -1 -1 -1 -1 -1 -1 -1 -1 -1 -1 -1 -1
195 -1 -1 -1 -1 -1 -1 -1 -1 -1 -1 -1 -1 -1 -1 -1 -1 -1 -1 -1 -1
196 -1 -1 -1 -1 -1 -1 -1 -1 -1 -1 -1 -1 -1 -1 -1 -1 -1 -1 -1 -1
197 -1 -1 -1 -1 -1 -1 -1 -1 -1 -1 -1 -1 -1 -1 -1 -1 -1 -1 -1 -1
198 -1 -1 -1 -1 -1 -1 -1 -1 -1 -1 -1 -1 -1 -1 -1 -1 -1 -1 -1 -1
199 -1 -1 -1 -1 -1 -1 -1 -1 -1 -1 -1 -1 -1 -1 -1 -1 -1 -1 -1 -1
200 -1 -1 -1 -1 -1 -1 -1 -1 -1 -1 -1 -1 -1 -1 -1 -1 -1 -1 -1 -1
201 -1 -1 -1 -1 -1 -1 -1 -1 -1 -1 -1 -1 -1 -1 -1 -1 -1 -1 -1 -1
202 -1 -1 -1 -1 -1 -1 -1 -1 -1 -1 -1 -1 -1 -1 -1 -1 -1 -1 -1 -1
203 -1 -1 -1 -1 -1 -1 -1 -1 -1 -1 -1 -1 -1 -1 -1 -1 -1 -1 -1 -1
204 -1 -1 -1 -1 -1 -1 -1 -1 -1 -1 -1 -1 -1 -1 -1 -1 -1 -1 -1 -1
205 -1 -1 -1 -1 -1 -1 -1 -1 -1 -1 -1 -1 -1 -1 -1 -1 -1 -1 -1 -1
206 -1 -1 -1 -1 -1 -1 -1 -1 -1 -1 -1 -1 -1 -1 -1 -1 -1 -1 -1 -1
207 -1 -1 -1 -1 -1 -1 -1 -1 -1 -1 -1 -1 -1 -1 -1 -1 -1 -1 -1 -1
208 -1 -1 -1 -1 -1 -1 -1 -1 -1 -1 -1 -1 -1 -1 -1 -1 -1 -1 -1 -1
209 -1 -1 -1 -1 -1 -1 -1 -1 -1 -1 -1 -1 -1 -1 -1 -1 -1 -1 -1 -1
210 -1 -1 -1 -1 -1 -1 -1 -1 -1 -1 -1 -1 -1 -1 -1 -1 -1 -1 -1 -1
211 -1 -1 -1 -1 -1 -1 -1 -1 -1 -1 -1 -1 -1 -1 -1 -1 -1 -1 -1 -1
212 -1 -1 -1 -1 -1 -1 -1 -1 -1 -1 -1 -1 -1 -1 -1 -1 -1 -1 -1 -1
213 -1 -1 -1 -1 -1 -1 -1 -1 -1 -1 -1 -1 -1 -1 -1 -1 -1 -1 -1 -1
214 0.634161 0.330873 0.635289 0.581082 0.663472 0.576533 0.607106 0.585631 0.663472 0.576533 0.678968 0.738845 0.637422 0.832056 0.607106 0.585631 0.615554 0.754624 0.623563 0.888555
215 0.634513 0.320853 0.637282 0.572283 0.666436 0.566768 0.608128 0.577798 0.666436 0.566768 0.682582 0.733096 0.644919 0.831430 0.608128 0.577798 0.615412 0.750980 0.623480 0.882243
216 0.634848 0.313858 0.640109 0.569876 0.670671 0.564138 0.609547 0.575615 0.670671 0.564138 0.687480 0.733597 0.653161 0.850951 0.609547 0.575615 0.615618 0.750842 0.623275 0.879969
217 0.635258 0.311679 0.642796 0.571699 0.674258 0.565887 0.611333 0.577510 0.674258 0.565887 0.687978 0.738819 0.658569 0.868581 0.611333 0.577510 0.615703 0.753450 0.623145 0.880980
218 0.636425 0.313440 0.644426 0.577133 0.676837 0.571919 0.612016 0.582347 0.676837 0.571919 0.691673 0.739573 0.670841 0.904696 0.612016 0.582347 0.616211 0.756382 0.623981 0.887582
219 0.638326 0.316086 0.646478 0.582295 0.679949 0.577829 0.613007 0.586760 0.679949 0.577829 0.693269 0.755664 0.683111 0.922624 0.613007 0.586760 0.616248 0.764383 0.624253 0.895501
220 0.640697 0.320063 0.649109 0.585083 0.682745 0.580936 0.615473 0.589231 0.682745 0.580936 0.694476 0.770904 0.693321 0.932174 0.615473 0.589231 0.616639 0.770607 0.624768 0.895741
221 0.645009 0.323764 0.651794 0.587055 0.685592 0.584471 0.617996 0.589639 0.685592 0.584471 0.695551 0.778886 0.695712 0.928201 0.617996 0.589639 0.616599 0.773783 0.625142 0.895522
222 0.650669 0.327037 0.653868 0.596968 0.687888 0.597092 0.619848 0.596844 0.687888 0.597092 0.696201 0.793608 0.695103 0.943093 0.619848 0.596844 0.617027 0.781451 0.624059 0.895957
223 0.658176 0.329006 0.656352 0.604508 0.690711 0.605721 0.621993 0.603295 0.690711 0.605721 0.696799 0.801106 0.693017 0.936001 0.621993 0.603295 0.618193 0.788935 0.620448 0.895695
224 0.665417 0.329575 0.661313 0.607803 0.696432 0.608146 0.626195 0.607460 0.696432 0.608146 0.698747 0.803543 0.695869 0.935892 0.626195 0.607460 0.621631 0.793642 0.619357 0.894226
225 0.672001 0.327646 0.665826 0.607773 0.700976 0.607713 0.630676 0.607834 0.700976 0.607713 0.700834 0.804851 0.695933 0.930918 0.630676 0.607834 0.625279 0.797652 0.618203 0.892598
226 0.677671 0.323406 0.671822 0.607440 0.706487 0.606853 0.637158 0.608028 0.706487 0.606853 0.703505 0.809067 0.695400 0.928771 0.637158 0.608028 0.631665 0.803256 0.619172 0.891153
227 0.684048 0.318424 0.678059 0.607208 0.713287 0.606545 0.642831 0.607872 0.713287 0.606545 0.706376 0.811380 0.699023 0.933743 0.642831 0.607872 0.640261 0.807255 0.624848 0.892158
228 0.689147 0.316372 0.683775 0.607581 0.719521 0.606174 0.648030 0.608988 0.719521 0.606174 0.708226 0.818353 0.696359 0.947293 0.648030 0.608988 0.649547 0.818581 0.629017 0.905127
229 0.694955 0.315183 0.691897 0.609099 0.728236 0.606785 0.655558 0.611413 0.728236 0.606785 0.713883 0.819247 0.695089 0.946017 0.655558 0.611413 0.658319 0.826570 0.632539 0.930317
230 0.701288 0.314872 0.698421 0.610066 0.734783 0.608143 0.662058 0.611989 0.734783 0.608143 0.720213 0.819641 0.694075 0.941395 0.662058 0.611989 0.674018 0.835704 0.636217 0.957465
231 0.707222 0.314312 0.703558 0.612663 0.740452 0.612300 0.666664 0.613025 0.740452 0.612300 0.721163 0.824054 0.693445 0.962783 0.666664 0.613025 0.684794 0.839734 0.648052 0.993138
232 0.713152 0.314553 0.705411 0.618105 0.741692 0.617847 0.669130 0.618364 0.741692 0.617847 0.723266 0.827307 0.701683 0.979537 0.669130 0.618364 0.692206 0.847601 0.658605 1.041081
233 0.718297 0.315259 0.708021 0.622839 0.743489 0.622340 0.672554 0.623338 0.743489 0.622340 0.724282 0.828967 0.710830 0.969845 0.672554 0.623338 0.698729 0.850204 0.670628 1.045078
234 0.723100 0.318214 0.712569 0.628997 0.747684 0.627976 0.677454 0.630018 0.747684 0.627976 0.727352 0.828831 0.710813 0.967372 0.677454 0.630018 0.705150 0.851856 0.689870 1.031683
235 0.729070 0.324391 0.717532 0.638419 0.752032 0.637630 0.683031 0.639208 0.752032 0.637630 0.728888 0.839737 0.714348 0.961501 0.683031 0.639208 0.710013 0.865477 0.689792 1.044649
236 0.734380 0.331335 0.721417 0.644628 0.755249 0.643240 0.687584 0.646017 0.755249 0.643240 0.728935 0.846193 0.711597 0.969784 0.687584 0.646017 0.713693 0.871456 0.701883 1.059656
237 0.739688 0.339609 0.725913 0.658334 0.759617 0.655572 0.692209 0.661095 0.759617 0.655572 0.733237 0.858990 0.710905 0.972733 0.692209 0.661095 0.720114 0.891175 0.705611 1.076258
238 -1 -1 -1 -1 -1 -1 -1 -1 -1 -1 -1 -1 -1 -1 -1 -1 -1 -1 -1 -1
239 -1 -1 -1 -1 -1 -1 -1 -1 -1 -1 -1 -1 -1 -1 -1 -1 -1 -1 -1 -1
240 -1 -1 -1 -1 -1 -1 -1 -1 -1 -1 -1 -1 -1 -1 -1 -1 -1 -1 -1 -1
241 -1 -1 -1 -1 -1 -1 -1 -1 -1 -1 -1 -1 -1 -1 -1 -1 -1 -1 -1 -1
242 -1 -1 -1 -1 -1 -1 -1 -1 -1 -1 -1 -1 -1 -1 -1 -1 -1 -1 -1 -1
243 -1 -1 -1 -1 -1 -1 -1 -1 -1 -1 -1 -1 -1 -1 -1 -1 -1 -1 -1 -1
244 -1 -1 -1 -1 -1 -1 -1 -1 -1 -1 -1 -1 -1 -1 -1 -1 -1 -1 -1 -1
245 -1 -1 -1 -1 -1 -1 -1 -1 -1 -1 -1 -1 -1 -1 -1 -1 -1 -1 -1 -1
246 -1 -1 -1 -1 -1 -1 -1 -1 -1 -1 -1 -1 -1 -1 -1 -1 -1 -1 -1 -1
247 -1 -1 -1 -1 -1 -1 -1 -1 -1 -1 -1 -1 -1 -1 -1 -1 -1 -1 -1 -1
248 -1 -1 -1 -1 -1 -1 -1 -1 -1 -1 -1 -1 -1 -1 -1 -1 -1 -1 -1 -1
249 -1 -1 -1 -1 -1 -1 -1 -1 -1 -1 -1 -1 -1 -1 -1 -1 -1 -1 -1 -1
250 -1 -1 -1 -1 -1 -1 -1 -1 -1 -1 -1 -1 -1 -1 -1 -1 -1 -1 -1 -1
251 -1 -1 -1 -1 -1 -1 -1 -1 -1 -1 -1 -1 -1 -1 -1 -1 -1 -1 -1 -1
252 -1 -1 -1 -1 -1 -1 -1 -1 -1 -1 -1 -1 -1 -1 -1 -1 -1 -1 -1 -1
253 -1 -1 -1 -1 -1 -1 -1 -1 -1 -1 -1 -1 -1 -1 -1 -1 -1 -1 -1 -1
254 -1 -1 -1 -1 -1 -1 -1 -1 -1 -1 -1 -1 -1 -1 -1 -1 -1 -1 -1 -1
255 -1 -1 -1 -1 -1 -1 -1 -1 -1 -1 -1 -1 -1 -1 -1 -1 -1 -1 -1 -1
256 -1 -1 -1 -1 -1 -1 -1 -1 -1 -1 -1 -1 -1 -1 -1 -1 -1 -1 -1 -1
257 -1 -1 -1 -1 -1 -1 -1 -1 -1 -1 -1 -1 -1 -1 -1 -1 -1 -1 -1 -1
258 -1 -1 -1 -1 -1 -1 -1 -1 -1 -1 -1 -1 -1 -1 -1 -1 -1 -1 -1 -1
259 -1 -1 -1 -1 -1 -1 -1 -1 -1 -1 -1 -1 -1 -1 -1 -1 -1 -1 -1 -1
260 -1 -1 -1 -1 -1 -1 -1 -1 -1 -1 -1 -1 -1 -1 -1 -1 -1 -1 -1 -1
261 -1 -1 -1 -1 -1 -1 -1 -1 -1 -1 -1 -1 -1 -1 -1 -1 -1 -1 -1 -1
262 -1 -1 -1 -1 -1 -1 -1 -1 -1 -1 -1 -1 -1 -1 -1 -1 -1 -1 -1 -1
263 -1 -1 -1 -1 -1 -1 -1 -1 -1 -1 -1 -1 -1 -1 -1 -1 -1 -1 -1 -1
264 -1 -1 -1 -1 -1 -1 -1 -1 -1 -1 -1 -1 -1 -1 -1 -1 -1 -1 -1 -1
265 -1 -1 -1 -1 -1 -1 -1 -1 -1 -1 -1 -1 -1 -1 -1 -1 -1 -1 -1 -1
266 -1 -1 -1 -1 -1 -1 -1 -1 -1 -1 -1 -1 -1 -1 -1 -1 -1 -1 -1 -1
267 -1 -1 -1 -1 -1 -1 -1 -1 -1 -1 -1 -1 -1 -1 -1 -1 -1 -1 -1 -1
268 -1 -1 -1 -1 -1 -1 -1 -1 -1 -1 -1 -1 -1 -1 -1 -1 -1 -1 -1 -1
269 -1 -1 -1 -1 -1 -1 -1 -1 -1 -1 -1 -1 -1 -1 -1 -1 -1 -1 -1 -1
270 -1 -1 -1 -1 -1 -1 -1 -1 -1 -1 -1 -1 -1 -1 -1 -1 -1 -1 -1 -1
271 -1 -1 -1 -1 -1 -1 -1 -1 -1 -1 -1 -1 -1 -1 -1 -1 -1 -1 -1 -1
272 -1 -1 -1 -1 -1 -1 -1 -1 -1 -1 -1 -1 -1 -1 -1 -1 -1 -1 -1 -1
273 -1 -1 -1 -1 -1 -1 -1 -1 -1 -1 -1 -1 -1 -1 -1 -1 -1 -1 -1 -1
274 -1 -1 -1 -1 -1 -1 -1 -1 -1 -1 -1 -1 -1 -1 -1 -1 -1 -1 -1 -1
275 -1 -1 -1 -1 -1 -1 -1 -1 -1 -1 -1 -1 -1 -1 -1 -1 -1 -1 -1 -1
276 -1 -1 -1 -1 -1 -1 -1 -1 -1 -1 -1 -1 -1 -1 -1 -1 -1 -1 -1 -1
277 -1 -1 -1 -1 -1 -1 -1 -1 -1 -1 -1 -1 -1 -1 -1 -1 -1 -1 -1 -1
278 -1 -1 -1 -1 -1 -1 -1 -1 -1 -1 -1 -1 -1 -1 -1 -1 -1 -1 -1 -1
279 -1 -1 -1 -1 -1 -1 -1 -1 -1 -1 -1 -1 -1 -1 -1 -1 -1 -1 -1 -1
280 -1 -1 -1 -1 -1 -1 -1 -1 -1 -1 -1 -1 -1 -1 -1 -1 -1 -1 -1 -1
281 -1 -1 -1 -1 -1 -1 -1 -1 -1 -1 -1 -1 -1 -1 -1 -1 -1 -1 -1 -1
282 -1 -1 -1 -1 -1 -1 -1 -1 -1 -1 -1 -1 -1 -1 -1 -1 -1 -1 -1 -1
283 -1 -1 -1 -1 -1 -1 -1 -1 -1 -1 -1 -1 -1 -1 -1 -1 -1 -1 -1 -1
284 -1 -1 -1 -1 -1 -1 -1 -1 -1 -1 -1 -1 -1 -1 -1 -1 -1 -1 -1 -1
