168
175
0 -1 -1 -1 -1 -1 -1 -1 -1 -1 -1 -1 -1 -1 -1 -1 -1 -1 -1 -1 -1
1 -1 -1 -1 -1 -1 -1 -1 -1 -1 -1 -1 -1 -1 -1 -1 -1 -1 -1 -1 -1
2 -1 -1 -1 -1 -1 -1 -1 -1 -1 -1 -1 -1 -1 -1 -1 -1 -1 -1 -1 -1
3 -1 -1 -1 -1 -1 -1 -1 -1 -1 -1 -1 -1 -1 -1 -1 -1 -1 -1 -1 -1
4 -1 -1 -1 -1 -1 -1 -1 -1 -1 -1 -1 -1 -1 -1 -1 -1 -1 -1 -1 -1
5 -1 -1 -1 -1 -1 -1 -1 -1 -1 -1 -1 -1 -1 -1 -1 -1 -1 -1 -1 -1
6 0.764311 0.429315 0.733818 0.398165 0.732945 0.395446 0.734691 0.400885 0.732945 0.395446 0.760581 0.388791 0.778997 0.364765 0.734691 0.400885 0.758112 0.389694 0.777725 0.365494
7 -1 -1 -1 -1 -1 -1 -1 -1 -1 -1 -1 -1 -1 -1 -1 -1 -1 -1 -1 -1
8 0.751697 0.407336 0.732298 0.437935 0.732179 0.435407 0.732417 0.440463 0.732179 0.435407 0.733962 0.404643 0.743465 0.394586 0.732417 0.440463 0.737598 0.412815 0.751560 0.391649
9 0.758862 0.406135 0.739928 0.430726 0.745375 0.435307 0.734481 0.426145 0.745375 0.435307 0.752155 0.420297 0.749595 0.406221 0.734481 0.426145 0.737589 0.415407 0.743616 0.405141
10 0.760625 0.403249 0.740774 0.427709 0.746016 0.435322 0.735533 0.420096 0.746016 0.435322 0.751301 0.428103 0.749891 0.415270 0.735533 0.420096 0.737638 0.414203 0.742528 0.407707
11 -1 -1 -1 -1 -1 -1 -1 -1 -1 -1 -1 -1 -1 -1 -1 -1 -1 -1 -1 -1
12 -1 -1 -1 -1 -1 -1 -1 -1 -1 -1 -1 -1 -1 -1 -1 -1 -1 -1 -1 -1
13 -1 -1 -1 -1 -1 -1 -1 -1 -1 -1 -1 -1 -1 -1 -1 -1 -1 -1 -1 -1
14 -1 -1 -1 -1 -1 -1 -1 -1 -1 -1 -1 -1 -1 -1 -1 -1 -1 -1 -1 -1
15 -1 -1 -1 -1 -1 -1 -1 -1 -1 -1 -1 -1 -1 -1 -1 -1 -1 -1 -1 -1
16 -1 -1 -1 -1 -1 -1 -1 -1 -1 -1 -1 -1 -1 -1 -1 -1 -1 -1 -1 -1
17 -1 -1 -1 -1 -1 -1 -1 -1 -1 -1 -1 -1 -1 -1 -1 -1 -1 -1 -1 -1
18 -1 -1 -1 -1 -1 -1 -1 -1 -1 -1 -1 -1 -1 -1 -1 -1 -1 -1 -1 -1
19 -1 -1 -1 -1 -1 -1 -1 -1 -1 -1 -1 -1 -1 -1 -1 -1 -1 -1 -1 -1
20 -1 -1 -1 -1 -1 -1 -1 -1 -1 -1 -1 -1 -1 -1 -1 -1 -1 -1 -1 -1
21 -1 -1 -1 -1 -1 -1 -1 -1 -1 -1 -1 -1 -1 -1 -1 -1 -1 -1 -1 -1
22 -1 -1 -1 -1 -1 -1 -1 -1 -1 -1 -1 -1 -1 -1 -1 -1 -1 -1 -1 -1
23 -1 -1 -1 -1 -1 -1 -1 -1 -1 -1 -1 -1 -1 -1 -1 -1 -1 -1 -1 -1
24 -1 -1 -1 -1 -1 -1 -1 -1 -1 -1 -1 -1 -1 -1 -1 -1 -1 -1 -1 -1
25 -1 -1 -1 -1 -1 -1 -1 -1 -1 -1 -1 -1 -1 -1 -1 -1 -1 -1 -1 -1
26 -1 -1 -1 -1 -1 -1 -1 -1 -1 -1 -1 -1 -1 -1 -1 -1 -1 -1 -1 -1
27 0.754621 0.409555 0.740726 0.433341 0.740504 0.429042 0.740948 0.437641 0.740504 0.429042 0.754762 0.419729 0.755345 0.431044 0.740948 0.437641 0.752616 0.428741 0.753928 0.437289
28 0.757806 0.405254 0.743935 0.425979 0.742481 0.425285 0.745390 0.426674 0.742481 0.425285 0.741760 0.410837 0.733872 0.410959 0.745390 0.426674 0.744996 0.409958 0.739358 0.414937
29 0.753993 0.403405 0.741479 0.422306 0.738680 0.419040 0.744278 0.425571 0.738680 0.419040 0.740402 0.393614 0.733020 0.392251 0.744278 0.425571 0.747832 0.400792 0.746004 0.404866
30 -1 -1 -1 -1 -1 -1 -1 -1 -1 -1 -1 -1 -1 -1 -1 -1 -1 -1 -1 -1
31 -1 -1 -1 -1 -1 -1 -1 -1 -1 -1 -1 -1 -1 -1 -1 -1 -1 -1 -1 -1
32 -1 -1 -1 -1 -1 -1 -1 -1 -1 -1 -1 -1 -1 -1 -1 -1 -1 -1 -1 -1
33 -1 -1 -1 -1 -1 -1 -1 -1 -1 -1 -1 -1 -1 -1 -1 -1 -1 -1 -1 -1
34 -1 -1 -1 -1 -1 -1 -1 -1 -1 -1 -1 -1 -1 -1 -1 -1 -1 -1 -1 -1
35 -1 -1 -1 -1 -1 -1 -1 -1 -1 -1 -1 -1 -1 -1 -1 -1 -1 -1 -1 -1
36 0.751637 0.413161 0.739161 0.444011 0.738662 0.441564 0.739660 0.446458 0.738662 0.441564 0.750115 0.419506 0.759534 0.415360 0.739660 0.446458 0.747571 0.423844 0.757162 0.413880
37 -1 -1 -1 -1 -1 -1 -1 -1 -1 -1 -1 -1 -1 -1 -1 -1 -1 -1 -1 -1
38 -1 -1 -1 -1 -1 -1 -1 -1 -1 -1 -1 -1 -1 -1 -1 -1 -1 -1 -1 -1
39 -1 -1 -1 -1 -1 -1 -1 -1 -1 -1 -1 -1 -1 -1 -1 -1 -1 -1 -1 -1
40 -1 -1 -1 -1 -1 -1 -1 -1 -1 -1 -1 -1 -1 -1 -1 -1 -1 -1 -1 -1
41 -1 -1 -1 -1 -1 -1 -1 -1 -1 -1 -1 -1 -1 -1 -1 -1 -1 -1 -1 -1
42 -1 -1 -1 -1 -1 -1 -1 -1 -1 -1 -1 -1 -1 -1 -1 -1 -1 -1 -1 -1
43 -1 -1 -1 -1 -1 -1 -1 -1 -1 -1 -1 -1 -1 -1 -1 -1 -1 -1 -1 -1
44 -1 -1 -1 -1 -1 -1 -1 -1 -1 -1 -1 -1 -1 -1 -1 -1 -1 -1 -1 -1
45 -1 -1 -1 -1 -1 -1 -1 -1 -1 -1 -1 -1 -1 -1 -1 -1 -1 -1 -1 -1
46 -1 -1 -1 -1 -1 -1 -1 -1 -1 -1 -1 -1 -1 -1 -1 -1 -1 -1 -1 -1
47 -1 -1 -1 -1 -1 -1 -1 -1 -1 -1 -1 -1 -1 -1 -1 -1 -1 -1 -1 -1
48 -1 -1 -1 -1 -1 -1 -1 -1 -1 -1 -1 -1 -1 -1 -1 -1 -1 -1 -1 -1
49 -1 -1 -1 -1 -1 -1 -1 -1 -1 -1 -1 -1 -1 -1 -1 -1 -1 -1 -1 -1
50 -1 -1 -1 -1 -1 -1 -1 -1 -1 -1 -1 -1 -1 -1 -1 -1 -1 -1 -1 -1
51 -1 -1 -1 -1 -1 -1 -1 -1 -1 -1 -1 -1 -1 -1 -1 -1 -1 -1 -1 -1
52 -1 -1 -1 -1 -1 -1 -1 -1 -1 -1 -1 -1 -1 -1 -1 -1 -1 -1 -1 -1
53 -1 -1 -1 -1 -1 -1 -1 -1 -1 -1 -1 -1 -1 -1 -1 -1 -1 -1 -1 -1
54 -1 -1 -1 -1 -1 -1 -1 -1 -1 -1 -1 -1 -1 -1 -1 -1 -1 -1 -1 -1
55 -1 -1 -1 -1 -1 -1 -1 -1 -1 -1 -1 -1 -1 -1 -1 -1 -1 -1 -1 -1
56 -1 -1 -1 -1 -1 -1 -1 -1 -1 -1 -1 -1 -1 -1 -1 -1 -1 -1 -1 -1
57 -1 -1 -1 -1 -1 -1 -1 -1 -1 -1 -1 -1 -1 -1 -1 -1 -1 -1 -1 -1
58 -1 -1 -1 -1 -1 -1 -1 -1 -1 -1 -1 -1 -1 -1 -1 -1 -1 -1 -1 -1
59 -1 -1 -1 -1 -1 -1 -1 -1 -1 -1 -1 -1 -1 -1 -1 -1 -1 -1 -1 -1
60 -1 -1 -1 -1 -1 -1 -1 -1 -1 -1 -1 -1 -1 -1 -1 -1 -1 -1 -1 -1
61 -1 -1 -1 -1 -1 -1 -1 -1 -1 -1 -1 -1 -1 -1 -1 -1 -1 -1 -1 -1
62 -1 -1 -1 -1 -1 -1 -1 -1 -1 -1 -1 -1 -1 -1 -1 -1 -1 -1 -1 -1
63 -1 -1 -1 -1 -1 -1 -1 -1 -1 -1 -1 -1 -1 -1 -1 -1 -1 -1 -1 -1
64 -1 -1 -1 -1 -1 -1 -1 -1 -1 -1 -1 -1 -1 -1 -1 -1 -1 -1 -1 -1
65 -1 -1 -1 -1 -1 -1 -1 -1 -1 -1 -1 -1 -1 -1 -1 -1 -1 -1 -1 -1
66 -1 -1 -1 -1 -1 -1 -1 -1 -1 -1 -1 -1 -1 -1 -1 -1 -1 -1 -1 -1
67 -1 -1 -1 -1 -1 -1 -1 -1 -1 -1 -1 -1 -1 -1 -1 -1 -1 -1 -1 -1
68 -1 -1 -1 -1 -1 -1 -1 -1 -1 -1 -1 -1 -1 -1 -1 -1 -1 -1 -1 -1
69 -1 -1 -1 -1 -1 -1 -1 -1 -1 -1 -1 -1 -1 -1 -1 -1 -1 -1 -1 -1
70 -1 -1 -1 -1 -1 -1 -1 -1 -1 -1 -1 -1 -1 -1 -1 -1 -1 -1 -1 -1
71 -1 -1 -1 -1 -1 -1 -1 -1 -1 -1 -1 -1 -1 -1 -1 -1 -1 -1 -1 -1
72 -1 -1 -1 -1 -1 -1 -1 -1 -1 -1 -1 -1 -1 -1 -1 -1 -1 -1 -1 -1
73 -1 -1 -1 -1 -1 -1 -1 -1 -1 -1 -1 -1 -1 -1 -1 -1 -1 -1 -1 -1
74 -1 -1 -1 -1 -1 -1 -1 -1 -1 -1 -1 -1 -1 -1 -1 -1 -1 -1 -1 -1
75 -1 -1 -1 -1 -1 -1 -1 -1 -1 -1 -1 -1 -1 -1 -1 -1 -1 -1 -1 -1
76 -1 -1 -1 -1 -1 -1 -1 -1 -1 -1 -1 -1 -1 -1 -1 -1 -1 -1 -1 -1
77 -1 -1 -1 -1 -1 -1 -1 -1 -1 -1 -1 -1 -1 -1 -1 -1 -1 -1 -1 -1
78 -1 -1 -1 -1 -1 -1 -1 -1 -1 -1 -1 -1 -1 -1 -1 -1 -1 -1 -1 -1
79 -1 -1 -1 -1 -1 -1 -1 -1 -1 -1 -1 -1 -1 -1 -1 -1 -1 -1 -1 -1
80 -1 -1 -1 -1 -1 -1 -1 -1 -1 -1 -1 -1 -1 -1 -1 -1 -1 -1 -1 -1
81 -1 -1 -1 -1 -1 -1 -1 -1 -1 -1 -1 -1 -1 -1 -1 -1 -1 -1 -1 -1
82 -1 -1 -1 -1 -1 -1 -1 -1 -1 -1 -1 -1 -1 -1 -1 -1 -1 -1 -1 -1
83 -1 -1 -1 -1 -1 -1 -1 -1 -1 -1 -1 -1 -1 -1 -1 -1 -1 -1 -1 -1
84 -1 -1 -1 -1 -1 -1 -1 -1 -1 -1 -1 -1 -1 -1 -1 -1 -1 -1 -1 -1
85 -1 -1 -1 -1 -1 -1 -1 -1 -1 -1 -1 -1 -1 -1 -1 -1 -1 -1 -1 -1
86 -1 -1 -1 -1 -1 -1 -1 -1 -1 -1 -1 -1 -1 -1 -1 -1 -1 -1 -1 -1
87 -1 -1 -1 -1 -1 -1 -1 -1 -1 -1 -1 -1 -1 -1 -1 -1 -1 -1 -1 -1
88 -1 -1 -1 -1 -1 -1 -1 -1 -1 -1 -1 -1 -1 -1 -1 -1 -1 -1 -1 -1
89 -1 -1 -1 -1 -1 -1 -1 -1 -1 -1 -1 -1 -1 -1 -1 -1 -1 -1 -1 -1
90 -1 -1 -1 -1 -1 -1 -1 -1 -1 -1 -1 -1 -1 -1 -1 -1 -1 -1 -1 -1
91 -1 -1 -1 -1 -1 -1 -1 -1 -1 -1 -1 -1 -1 -1 -1 -1 -1 -1 -1 -1
92 -1 -1 -1 -1 -1 -1 -1 -1 -1 -1 -1 -1 -1 -1 -1 -1 -1 -1 -1 -1
93 -1 -1 -1 -1 -1 -1 -1 -1 -1 -1 -1 -1 -1 -1 -1 -1 -1 -1 -1 -1
94 -1 -1 -1 -1 -1 -1 -1 -1 -1 -1 -1 -1 -1 -1 -1 -1 -1 -1 -1 -1
95 -1 -1 -1 -1 -1 -1 -1 -1 -1 -1 -1 -1 -1 -1 -1 -1 -1 -1 -1 -1
96 -1 -1 -1 -1 -1 -1 -1 -1 -1 -1 -1 -1 -1 -1 -1 -1 -1 -1 -1 -1
97 -1 -1 -1 -1 -1 -1 -1 -1 -1 -1 -1 -1 -1 -1 -1 -1 -1 -1 -1 -1
98 -1 -1 -1 -1 -1 -1 -1 -1 -1 -1 -1 -1 -1 -1 -1 -1 -1 -1 -1 -1
99 -1 -1 -1 -1 -1 -1 -1 -1 -1 -1 -1 -1 -1 -1 -1 -1 -1 -1 -1 -1
100 -1 -1 -1 -1 -1 -1 -1 -1 -1 -1 -1 -1 -1 -1 -1 -1 -1 -1 -1 -1
101 -1 -1 -1 -1 -1 -1 -1 -1 -1 -1 -1 -1 -1 -1 -1 -1 -1 -1 -1 -1
102 -1 -1 -1 -1 -1 -1 -1 -1 -1 -1 -1 -1 -1 -1 -1 -1 -1 -1 -1 -1
103 -1 -1 -1 -1 -1 -1 -1 -1 -1 -1 -1 -1 -1 -1 -1 -1 -1 -1 -1 -1
104 -1 -1 -1 -1 -1 -1 -1 -1 -1 -1 -1 -1 -1 -1 -1 -1 -1 -1 -1 -1
105 -1 -1 -1 -1 -1 -1 -1 -1 -1 -1 -1 -1 -1 -1 -1 -1 -1 -1 -1 -1
106 -1 -1 -1 -1 -1 -1 -1 -1 -1 -1 -1 -1 -1 -1 -1 -1 -1 -1 -1 -1
107 -1 -1 -1 -1 -1 -1 -1 -1 -1 -1 -1 -1 -1 -1 -1 -1 -1 -1 -1 -1
108 -1 -1 -1 -1 -1 -1 -1 -1 -1 -1 -1 -1 -1 -1 -1 -1 -1 -1 -1 -1
109 -1 -1 -1 -1 -1 -1 -1 -1 -1 -1 -1 -1 -1 -1 -1 -1 -1 -1 -1 -1
110 -1 -1 -1 -1 -1 -1 -1 -1 -1 -1 -1 -1 -1 -1 -1 -1 -1 -1 -1 -1
111 -1 -1 -1 -1 -1 -1 -1 -1 -1 -1 -1 -1 -1 -1 -1 -1 -1 -1 -1 -1
112 -1 -1 -1 -1 -1 -1 -1 -1 -1 -1 -1 -1 -1 -1 -1 -1 -1 -1 -1 -1
113 -1 -1 -1 -1 -1 -1 -1 -1 -1 -1 -1 -1 -1 -1 -1 -1 -1 -1 -1 -1
114 -1 -1 -1 -1 -1 -1 -1 -1 -1 -1 -1 -1 -1 -1 -1 -1 -1 -1 -1 -1
115 -1 -1 -1 -1 -1 -1 -1 -1 -1 -1 -1 -1 -1 -1 -1 -1 -1 -1 -1 -1
116 -1 -1 -1 -1 -1 -1 -1 -1 -1 -1 -1 -1 -1 -1 -1 -1 -1 -1 -1 -1
117 -1 -1 -1 -1 -1 -1 -1 -1 -1 -1 -1 -1 -1 -1 -1 -1 -1 -1 -1 -1
118 -1 -1 -1 -1 -1 -1 -1 -1 -1 -1 -1 -1 -1 -1 -1 -1 -1 -1 -1 -1
119 -1 -1 -1 -1 -1 -1 -1 -1 -1 -1 -1 -1 -1 -1 -1 -1 -1 -1 -1 -1
120 -1 -1 -1 -1 -1 -1 -1 -1 -1 -1 -1 -1 -1 -1 -1 -1 -1 -1 -1 -1
121 -1 -1 -1 -1 -1 -1 -1 -1 -1 -1 -1 -1 -1 -1 -1 -1 -1 -1 -1 -1
122 -1 -1 -1 -1 -1 -1 -1 -1 -1 -1 -1 -1 -1 -1 -1 -1 -1 -1 -1 -1
123 -1 -1 -1 -1 -1 -1 -1 -1 -1 -1 -1 -1 -1 -1 -1 -1 -1 -1 -1 -1
124 -1 -1 -1 -1 -1 -1 -1 -1 -1 -1 -1 -1 -1 -1 -1 -1 -1 -1 -1 -1
125 -1 -1 -1 -1 -1 -1 -1 -1 -1 -1 -1 -1 -1 -1 -1 -1 -1 -1 -1 -1
126 -1 -1 -1 -1 -1 -1 -1 -1 -1 -1 -1 -1 -1 -1 -1 -1 -1 -1 -1 -1
127 -1 -1 -1 -1 -1 -1 -1 -1 -1 -1 -1 -1 -1 -1 -1 -1 -1 -1 -1 -1
128 -1 -1 -1 -1 -1 -1 -1 -1 -1 -1 -1 -1 -1 -1 -1 -1 -1 -1 -1 -1
129 -1 -1 -1 -1 -1 -1 -1 -1 -1 -1 -1 -1 -1 -1 -1 -1 -1 -1 -1 -1
130 -1 -1 -1 -1 -1 -1 -1 -1 -1 -1 -1 -1 -1 -1 -1 -1 -1 -1 -1 -1
131 -1 -1 -1 -1 -1 -1 -1 -1 -1 -1 -1 -1 -1 -1 -1 -1 -1 -1 -1 -1
132 -1 -1 -1 -1 -1 -1 -1 -1 -1 -1 -1 -1 -1 -1 -1 -1 -1 -1 -1 -1
133 -1 -1 -1 -1 -1 -1 -1 -1 -1 -1 -1 -1 -1 -1 -1 -1 -1 -1 -1 -1
134 -1 -1 -1 -1 -1 -1 -1 -1 -1 -1 -1 -1 -1 -1 -1 -1 -1 -1 -1 -1
135 -1 -1 -1 -1 -1 -1 -1 -1 -1 -1 -1 -1 -1 -1 -1 -1 -1 -1 -1 -1
136 -1 -1 -1 -1 -1 -1 -1 -1 -1 -1 -1 -1 -1 -1 -1 -1 -1 -1 -1 -1
137 -1 -1 -1 -1 -1 -1 -1 -1 -1 -1 -1 -1 -1 -1 -1 -1 -1 -1 -1 -1
138 -1 -1 -1 -1 -1 -1 -1 -1 -1 -1 -1 -1 -1 -1 -1 -1 -1 -1 -1 -1
139 -1 -1 -1 -1 -1 -1 -1 -1 -1 -1 -1 -1 -1 -1 -1 -1 -1 -1 -1 -1
140 -1 -1 -1 -1 -1 -1 -1 -1 -1 -1 -1 -1 -1 -1 -1 -1 -1 -1 -1 -1
141 -1 -1 -1 -1 -1 -1 -1 -1 -1 -1 -1 -1 -1 -1 -1 -1 -1 -1 -1 -1
142 -1 -1 -1 -1 -1 -1 -1 -1 -1 -1 -1 -1 -1 -1 -1 -1 -1 -1 -1 -1
143 -1 -1 -1 -1 -1 -1 -1 -1 -1 -1 -1 -1 -1 -1 -1 -1 -1 -1 -1 -1
144 -1 -1 -1 -1 -1 -1 -1 -1 -1 -1 -1 -1 -1 -1 -1 -1 -1 -1 -1 -1
145 -1 -1 -1 -1 -1 -1 -1 -1 -1 -1 -1 -1 -1 -1 -1 -1 -1 -1 -1 -1
146 -1 -1 -1 -1 -1 -1 -1 -1 -1 -1 -1 -1 -1 -1 -1 -1 -1 -1 -1 -1
147 -1 -1 -1 -1 -1 -1 -1 -1 -1 -1 -1 -1 -1 -1 -1 -1 -1 -1 -1 -1
148 -1 -1 -1 -1 -1 -1 -1 -1 -1 -1 -1 -1 -1 -1 -1 -1 -1 -1 -1 -1
149 -1 -1 -1 -1 -1 -1 -1 -1 -1 -1 -1 -1 -1 -1 -1 -1 -1 -1 -1 -1
150 -1 -1 -1 -1 -1 -1 -1 -1 -1 -1 -1 -1 -1 -1 -1 -1 -1 -1 -1 -1
151 -1 -1 -1 -1 -1 -1 -1 -1 -1 -1 -1 -1 -1 -1 -1 -1 -1 -1 -1 -1
152 0.610045 0.366669 0.612471 0.541316 0.632316 0.546730 0.592626 0.535902 0.632316 0.546730 0.606549 0.676709 0.613878 0.806480 0.592626 0.535902 0.606242 0.685417 0.619174 0.811559
153 0.607471 0.365300 0.605903 0.547070 0.625728 0.551777 0.586077 0.542362 0.625728 0.551777 0.603137 0.681466 0.613006 0.813788 0.586077 0.542362 0.600806 0.687505 0.618899 0.808638
154 0.605042 0.365463 0.600632 0.557546 0.620129 0.562034 0.581136 0.553059 0.620129 0.562034 0.601400 0.688479 0.616487 0.819565 0.581136 0.553059 0.598378 0.702017 0.619231 0.818033
155 0.600729 0.365099 0.594550 0.565753 0.614538 0.571085 0.574563 0.560421 0.614538 0.571085 0.599748 0.700606 0.619551 0.838064 0.574563 0.560421 0.590581 0.713645 0.613274 0.822847
156 0.596229 0.365464 0.589709 0.568404 0.609888 0.575525 0.569531 0.561282 0.609888 0.575525 0.590294 0.706589 0.613277 0.828246 0.569531 0.561282 0.586045 0.710093 0.614619 0.816625
157 0.590374 0.365947 0.585383 0.578191 0.604852 0.585491 0.565915 0.570891 0.604852 0.585491 0.584866 0.722990 0.611194 0.813460 0.565915 0.570891 0.577295 0.719932 0.621399 0.785202
158 0.584302 0.368954 0.576593 0.589586 0.597241 0.593372 0.555946 0.585799 0.597241 0.593372 0.578653 0.758368 0.614748 0.805283 0.555946 0.585799 0.563414 0.733906 0.612863 0.749428
159 0.575691 0.377410 0.567472 0.600878 0.588581 0.602968 0.546363 0.598788 0.588581 0.602968 0.573960 0.758200 0.612039 0.803251 0.546363 0.598788 0.550325 0.738378 0.593011 0.765229
160 0.570646 0.388123 0.559876 0.612017 0.581198 0.614227 0.538555 0.609807 0.581198 0.614227 0.579374 0.762151 0.613362 0.805084 0.538555 0.609807 0.546994 0.744042 0.593100 0.769517
161 0.565964 0.396885 0.548802 0.621387 0.570971 0.623125 0.526633 0.619650 0.570971 0.623125 0.571939 0.765559 0.613768 0.820332 0.526633 0.619650 0.542200 0.764470 0.594687 0.798165
162 0.559348 0.409295 0.540111 0.634333 0.563937 0.633223 0.516286 0.635443 0.563937 0.633223 0.572997 0.777933 0.609748 0.810974 0.516286 0.635443 0.530207 0.792940 0.582660 0.791218
163 0.549320 0.428221 0.535934 0.649308 0.561577 0.643210 0.510291 0.655407 0.561577 0.643210 0.576769 0.767203 0.598320 0.809241 0.510291 0.655407 0.523710 0.804537 0.562872 0.794275
164 -1 -1 -1 -1 -1 -1 -1 -1 -1 -1 -1 -1 -1 -1 -1 -1 -1 -1 -1 -1
165 -1 -1 -1 -1 -1 -1 -1 -1 -1 -1 -1 -1 -1 -1 -1 -1 -1 -1 -1 -1
166 -1 -1 -1 -1 -1 -1 -1 -1 -1 -1 -1 -1 -1 -1 -1 -1 -1 -1 -1 -1
167 -1 -1 -1 -1 -1 -1 -1 -1 -1 -1 -1 -1 -1 -1 -1 -1 -1 -1 -1 -1
168 -1 -1 -1 -1 -1 -1 -1 -1 -1 -1 -1 -1 -1 -1 -1 -1 -1 -1 -1 -1
169 -1 -1 -1 -1 -1 -1 -1 -1 -1 -1 -1 -1 -1 -1 -1 -1 -1 -1 -1 -1
170 -1 -1 -1 -1 -1 -1 -1 -1 -1 -1 -1 -1 -1 -1 -1 -1 -1 -1 -1 -1
171 -1 -1 -1 -1 -1 -1 -1 -1 -1 -1 -1 -1 -1 -1 -1 -1 -1 -1 -1 -1
172 -1 -1 -1 -1 -1 -1 -1 -1 -1 -1 -1 -1 -1 -1 -1 -1 -1 -1 -1 -1
173 -1 -1 -1 -1 -1 -1 -1 -1 -1 -1 -1 -1 -1 -1 -1 -1 -1 -1 -1 -1
174 -1 -1 -1 -1 -1 -1 -1 -1 -1 -1 -1 -1 -1 -1 -1 -1 -1 -1 -1 -1
175 -1 -1 -1 -1 -1 -1 -1 -1 -1 -1 -1 -1 -1 -1 -1 -1 -1 -1 -1 -1
176 0.377606 0.830853 0.404868 0.808118 0.430688 0.807936 0.379047 0.808300 0.430688 0.807936 0.535342 0.803486 0.582916 0.769805 0.379047 0.808300 0.334145 0.824189 0.292516 0.888027
177 0.375264 0.835857 0.398400 0.807680 0.421496 0.803232 0.375304 0.812129 0.421496 0.803232 0.523185 0.797995 0.583440 0.769921 0.375304 0.812129 0.330591 0.824557 0.292109 0.885512
178 0.355012 0.846011 0.385169 0.809773 0.404801 0.809123 0.365536 0.810423 0.404801 0.809123 0.505427 0.800118 0.575686 0.777192 0.365536 0.810423 0.351583 0.821046 0.353302 0.816701
179 0.329290 0.857102 0.362487 0.812723 0.385470 0.812307 0.339503 0.813139 0.385470 0.812307 0.478728 0.807313 0.566868 0.795890 0.339503 0.813139 0.304584 0.828594 0.263079 0.887474
180 0.313040 0.852977 0.354463 0.806732 0.378836 0.803900 0.330090 0.809564 0.378836 0.803900 0.471366 0.824827 0.552211 0.784843 0.330090 0.809564 0.303635 0.829096 0.288943 0.856258
181 0.307689 0.844895 0.345026 0.802129 0.369443 0.800594 0.320610 0.803665 0.369443 0.800594 0.456280 0.803704 0.538296 0.805438 0.320610 0.803665 0.283057 0.838671 0.238921 0.903111
182 0.314613 0.855185 0.343569 0.799454 0.366376 0.797294 0.320761 0.801614 0.366376 0.797294 0.442651 0.809744 0.529856 0.807766 0.320761 0.801614 0.273682 0.858457 0.223197 0.929604
183 0.325958 0.848265 0.357477 0.796892 0.383081 0.794347 0.331872 0.799437 0.383081 0.794347 0.463694 0.817195 0.535370 0.810790 0.331872 0.799437 0.276836 0.844538 0.268142 0.889633
184 0.304295 0.846931 0.336630 0.795904 0.360472 0.792760 0.312789 0.799049 0.360472 0.792760 0.433171 0.817292 0.519522 0.817445 0.312789 0.799049 0.253559 0.862793 0.202049 0.933236
185 0.309206 0.853816 0.339235 0.794762 0.364729 0.792084 0.313740 0.797439 0.364729 0.792084 0.442526 0.818337 0.533423 0.843232 0.313740 0.797439 0.252008 0.861686 0.208090 0.924210
186 0.302379 0.846072 0.328727 0.794629 0.353689 0.792543 0.303766 0.796715 0.353689 0.792543 0.416994 0.829420 0.491003 0.838903 0.303766 0.796715 0.230282 0.858423 0.162192 0.942567
187 0.288454 0.843684 0.316315 0.795320 0.340311 0.794294 0.292319 0.796346 0.340311 0.794294 0.400108 0.832883 0.473285 0.838248 0.292319 0.796346 0.221455 0.855675 0.154235 0.938564
188 0.289258 0.838846 0.316224 0.796508 0.341712 0.795890 0.290736 0.797127 0.341712 0.795890 0.419160 0.823248 0.503340 0.837981 0.290736 0.797127 0.225259 0.855069 0.155662 0.934858
189 0.294685 0.822292 0.319718 0.797637 0.344344 0.796685 0.295092 0.798589 0.344344 0.796685 0.419416 0.815768 0.502422 0.837907 0.295092 0.798589 0.219402 0.853989 0.148373 0.931656
190 0.287809 0.814766 0.312513 0.797773 0.336920 0.796126 0.288107 0.799421 0.336920 0.796126 0.402330 0.804660 0.488602 0.844140 0.288107 0.799421 0.213296 0.853313 0.139440 0.934488
191 0.286217 0.811698 0.309129 0.801190 0.332697 0.799119 0.285560 0.803260 0.332697 0.799119 0.390780 0.795485 0.463698 0.841020 0.285560 0.803260 0.212059 0.857930 0.137521 0.938612
192 0.281364 0.814226 0.307629 0.800062 0.332061 0.798206 0.283196 0.801918 0.332061 0.798206 0.384071 0.800467 0.442714 0.839261 0.283196 0.801918 0.214988 0.858932 0.147715 0.937753
193 0.272887 0.810844 0.288978 0.807606 0.302240 0.808196 0.275715 0.807016 0.302240 0.808196 0.303480 0.801745 0.296875 0.890790 0.275715 0.807016 0.206252 0.862419 0.136936 0.940737
194 0.273047 0.804556 0.293715 0.805212 0.313407 0.805050 0.274024 0.805373 0.313407 0.805050 0.354324 0.792012 0.402361 0.881184 0.274024 0.805373 0.201479 0.855777 0.136448 0.938192
195 0.272657 0.799846 0.292385 0.801612 0.313366 0.800869 0.271404 0.802356 0.313366 0.800869 0.354580 0.784641 0.389518 0.866718 0.271404 0.802356 0.197105 0.855647 0.133981 0.941933
196 0.266121 0.802928 0.291377 0.800812 0.311922 0.800120 0.270833 0.801505 0.311922 0.800120 0.360466 0.789295 0.417197 0.866497 0.270833 0.801505 0.196043 0.855859 0.134115 0.942568
197 0.271967 0.800128 0.293213 0.790188 0.315880 0.785536 0.270546 0.794840 0.315880 0.785536 0.362840 0.790429 0.423002 0.861039 0.270546 0.794840 0.199932 0.855938 0.137099 0.941130
198 0.270154 0.800924 0.294226 0.796704 0.314881 0.795273 0.273571 0.798135 0.314881 0.795273 0.366737 0.803023 0.446420 0.856274 0.273571 0.798135 0.202793 0.856633 0.137906 0.939983
199 0.266635 0.794220 0.282168 0.803862 0.299472 0.800077 0.264864 0.807647 0.299472 0.800077 0.307218 0.798585 0.315216 0.898012 0.264864 0.807647 0.199212 0.862166 0.135739 0.942462
200 0.264635 0.800822 0.282109 0.802673 0.302272 0.798612 0.261946 0.806733 0.302272 0.798612 0.332844 0.790660 0.376049 0.879778 0.261946 0.806733 0.194812 0.860945 0.137910 0.941513
201 0.266917 0.812221 0.285507 0.799052 0.307054 0.792436 0.263961 0.805668 0.307054 0.792436 0.343531 0.789380 0.388390 0.873675 0.263961 0.805668 0.195470 0.860588 0.138156 0.941151
202 0.256794 0.814831 0.269220 0.800151 0.288904 0.794674 0.249535 0.805628 0.288904 0.794674 0.298790 0.808689 0.282453 0.896485 0.249535 0.805628 0.197021 0.868923 0.136120 0.942982
203 0.265087 0.834674 0.280670 0.799754 0.304745 0.793187 0.256595 0.806321 0.304745 0.793187 0.344658 0.791275 0.429689 0.843642 0.256595 0.806321 0.198592 0.870770 0.137551 0.942836
204 0.270956 0.842081 0.290741 0.800215 0.317776 0.792500 0.263707 0.807929 0.317776 0.792500 0.374641 0.780734 0.459626 0.833007 0.263707 0.807929 0.199900 0.869040 0.138532 0.942467
205 0.264887 0.838891 0.290156 0.797765 0.315195 0.790500 0.265118 0.805031 0.315195 0.790500 0.368943 0.792579 0.438599 0.839231 0.265118 0.805031 0.200535 0.868317 0.138416 0.942862
206 0.259286 0.837377 0.285357 0.797145 0.308555 0.789749 0.262158 0.804542 0.308555 0.789749 0.363445 0.793158 0.429548 0.842057 0.262158 0.804542 0.198759 0.868631 0.138800 0.942652
207 0.261023 0.838457 0.287173 0.795326 0.311164 0.786967 0.263181 0.803685 0.311164 0.786967 0.368356 0.798842 0.445368 0.843915 0.263181 0.803685 0.199792 0.867897 0.139037 0.941451
208 0.260868 0.837147 0.287742 0.795153 0.311418 0.787171 0.264066 0.803136 0.311418 0.787171 0.369157 0.797392 0.449253 0.842498 0.264066 0.803136 0.199891 0.867585 0.139193 0.941272
209 0.263084 0.835613 0.289188 0.795201 0.314054 0.787283 0.264323 0.803120 0.314054 0.787283 0.369471 0.797313 0.452019 0.841702 0.264323 0.803120 0.200257 0.867155 0.139314 0.941251
210 0.263708 0.835254 0.289586 0.792068 0.314413 0.785168 0.264760 0.798968 0.314413 0.785168 0.368329 0.797721 0.449621 0.838416 0.264760 0.798968 0.201168 0.862521 0.140929 0.936270
211 0.263367 0.832059 0.290007 0.788040 0.315060 0.782260 0.264954 0.793821 0.315060 0.782260 0.367598 0.798266 0.447012 0.835689 0.264954 0.793821 0.203206 0.852897 0.141082 0.935849
212 0.269093 0.835313 0.291175 0.787375 0.317261 0.780628 0.265088 0.794123 0.317261 0.780628 0.367709 0.789158 0.449795 0.836665 0.265088 0.794123 0.204449 0.853084 0.140610 0.935869
213 0.268479 0.832667 0.291320 0.787834 0.317299 0.781177 0.265340 0.794491 0.317299 0.781177 0.376259 0.789653 0.459225 0.837419 0.265340 0.794491 0.207731 0.853532 0.140641 0.936438
214 0.274814 0.834459 0.297902 0.785768 0.325989 0.778194 0.269815 0.793342 0.325989 0.778194 0.388545 0.789691 0.476568 0.838254 0.269815 0.793342 0.208446 0.853849 0.141036 0.935424
215 0.285670 0.829340 0.299701 0.785169 0.326583 0.777548 0.272819 0.792789 0.326583 0.777548 0.386581 0.789827 0.469123 0.837788 0.272819 0.792789 0.208222 0.854473 0.141023 0.935285
216 0.291631 0.826049 0.306414 0.786079 0.333445 0.777451 0.279384 0.794707 0.333445 0.777451 0.395178 0.789838 0.483448 0.834256 0.279384 0.794707 0.211580 0.854657 0.141441 0.934791
217 0.287726 0.815074 0.304440 0.784319 0.330589 0.776502 0.278291 0.792137 0.330589 0.776502 0.390545 0.787969 0.478930 0.830176 0.278291 0.792137 0.214427 0.855138 0.142831 0.933493
218 0.289330 0.809181 0.311342 0.781923 0.336694 0.774256 0.285989 0.789590 0.336694 0.774256 0.392291 0.786772 0.482555 0.828452 0.285989 0.789590 0.217924 0.855018 0.143910 0.931920
219 0.293020 0.824024 0.316409 0.779183 0.343452 0.771067 0.289365 0.787299 0.343452 0.771067 0.409967 0.787065 0.515099 0.829699 0.289365 0.787299 0.228436 0.854658 0.148812 0.928546
220 0.293137 0.836866 0.318979 0.778765 0.346921 0.769979 0.291038 0.787552 0.346921 0.769979 0.424474 0.792744 0.534699 0.809540 0.291038 0.787552 0.225032 0.848681 0.168740 0.928895
221 0.292056 0.838326 0.315918 0.778519 0.343320 0.770082 0.288516 0.786957 0.343320 0.770082 0.412979 0.790408 0.512284 0.819514 0.288516 0.786957 0.222797 0.846059 0.155919 0.929564
222 0.290331 0.833319 0.318232 0.778228 0.345920 0.769741 0.290544 0.786715 0.345920 0.769741 0.423525 0.794565 0.536623 0.803771 0.290544 0.786715 0.223721 0.844625 0.155657 0.929735
223 0.291699 0.831184 0.321243 0.778350 0.348307 0.769785 0.294178 0.786915 0.348307 0.769785 0.420943 0.798172 0.538803 0.799246 0.294178 0.786915 0.222639 0.843779 0.154528 0.928423
224 0.291016 0.829717 0.318916 0.778647 0.345789 0.770292 0.292043 0.787001 0.345789 0.770292 0.418526 0.797936 0.533944 0.799351 0.292043 0.787001 0.222622 0.844224 0.153256 0.928553
225 0.290056 0.828556 0.317657 0.779077 0.344437 0.770446 0.290877 0.787709 0.344437 0.770446 0.418808 0.796207 0.533785 0.800039 0.290877 0.787709 0.227612 0.854919 0.152561 0.928408
226 0.289322 0.821610 0.316989 0.778414 0.343592 0.770464 0.290387 0.786364 0.343592 0.770464 0.416678 0.786870 0.533718 0.798542 0.290387 0.786364 0.230645 0.857547 0.152496 0.928318
227 0.289010 0.822515 0.315784 0.782175 0.341662 0.778876 0.289905 0.785475 0.341662 0.778876 0.418128 0.790134 0.533140 0.798836 0.289905 0.785475 0.231825 0.860066 0.151908 0.928070
228 0.293524 0.823999 0.319799 0.779296 0.346831 0.774420 0.292767 0.784172 0.346831 0.774420 0.416926 0.790203 0.530919 0.799226 0.292767 0.784172 0.241440 0.851525 0.186986 0.926691
229 0.292928 0.823536 0.318791 0.778124 0.345686 0.771854 0.291895 0.784394 0.345686 0.771854 0.422264 0.790360 0.540703 0.797797 0.291895 0.784394 0.237902 0.860063 0.168189 0.926209
230 0.292458 0.823812 0.320017 0.780791 0.346306 0.776594 0.293728 0.784988 0.346306 0.776594 0.423683 0.798251 0.542969 0.797919 0.293728 0.784988 0.240074 0.859760 0.164223 0.920010
231 0.292102 0.824239 0.321088 0.781534 0.347199 0.778746 0.294977 0.784323 0.347199 0.778746 0.427143 0.802745 0.545044 0.797543 0.294977 0.784323 0.239472 0.861715 0.155760 0.920639
232 0.303008 0.842239 0.334550 0.774163 0.361682 0.765862 0.307417 0.782463 0.361682 0.765862 0.439740 0.803915 0.554310 0.796885 0.307417 0.782463 0.250472 0.853940 0.192292 0.924766
233 0.292123 0.825308 0.328203 0.788552 0.351512 0.784374 0.304894 0.792729 0.351512 0.784374 0.434826 0.815699 0.547880 0.797482 0.304894 0.792729 0.238809 0.864468 0.178394 0.939436
234 0.295100 0.825344 0.327381 0.789771 0.352810 0.783355 0.301953 0.796188 0.352810 0.783355 0.448083 0.813746 0.553606 0.797927 0.301953 0.796188 0.239783 0.863818 0.188192 0.941072
235 0.301451 0.826174 0.328517 0.789049 0.355442 0.782673 0.301592 0.795424 0.355442 0.782673 0.448733 0.813514 0.552523 0.798217 0.301592 0.795424 0.245136 0.855991 0.209586 0.940768
236 0.301138 0.821378 0.328746 0.787666 0.355837 0.780765 0.301654 0.794567 0.355837 0.780765 0.445758 0.813266 0.550055 0.798408 0.301654 0.794567 0.243688 0.855214 0.194115 0.939509
237 0.300755 0.814104 0.330293 0.787357 0.356978 0.780604 0.303608 0.794110 0.356978 0.780604 0.448162 0.815134 0.552434 0.798521 0.303608 0.794110 0.242773 0.852424 0.189531 0.939221
238 0.308077 0.814342 0.339966 0.780964 0.366638 0.777257 0.313294 0.784671 0.366638 0.777257 0.450322 0.819912 0.556052 0.798607 0.313294 0.784671 0.244735 0.837979 0.190104 0.935718
239 0.334193 0.833530 0.344045 0.788521 0.372951 0.780111 0.315138 0.796932 0.372951 0.780111 0.452237 0.818795 0.557639 0.798661 0.315138 0.796932 0.245519 0.838995 0.203958 0.935786
