20
57
0 -1 -1 -1 -1 -1 -1 -1 -1 -1 -1 -1 -1 -1 -1 -1 -1 -1 -1 -1 -1
1 0.767520 0.336721 0.750574 0.525921 0.767394 0.526198 0.733753 0.525643 0.767394 0.526198 0.767258 0.642541 0.765714 0.743838 0.733753 0.525643 0.729662 0.647552 0.722388 0.766415
2 0.760799 0.336594 0.749880 0.526039 0.766224 0.526116 0.733537 0.525962 0.766224 0.526116 0.765999 0.641859 0.761319 0.741063 0.733537 0.525962 0.729603 0.647856 0.719817 0.766288
3 0.753019 0.336578 0.747424 0.526817 0.762494 0.526105 0.732354 0.527529 0.762494 0.526105 0.762590 0.641852 0.749566 0.739782 0.732354 0.527529 0.729659 0.648427 0.719341 0.765955
4 0.746452 0.336578 0.744098 0.528632 0.757101 0.526618 0.731094 0.530646 0.757101 0.526618 0.757027 0.640895 0.738642 0.737591 0.731094 0.530646 0.730036 0.649748 0.719226 0.766448
5 0.740606 0.336665 0.739541 0.529397 0.750732 0.527034 0.728350 0.531760 0.750732 0.527034 0.747959 0.637912 0.727144 0.729527 0.728350 0.531760 0.730033 0.650142 0.719030 0.766522
6 0.734778 0.336936 0.735717 0.529319 0.745635 0.526966 0.725799 0.531673 0.745635 0.526966 0.732575 0.638198 0.711427 0.738717 0.725799 0.531673 0.730172 0.648844 0.709363 0.765911
7 0.730615 0.336888 0.730358 0.526773 0.740242 0.525218 0.720473 0.528327 0.740242 0.525218 0.724929 0.636467 0.703605 0.741010 0.720473 0.528327 0.730048 0.640323 0.710343 0.761601
8 0.727596 0.337333 0.725531 0.524352 0.738044 0.523475 0.713019 0.525230 0.738044 0.523475 0.720456 0.635101 0.701193 0.740995 0.713019 0.525230 0.730035 0.635115 0.711249 0.754497
9 0.723980 0.337646 0.721210 0.518061 0.735087 0.515570 0.707333 0.520552 0.735087 0.515570 0.720851 0.627898 0.698441 0.739141 0.707333 0.520552 0.729567 0.630883 0.711916 0.755404
10 0.720348 0.336377 0.719509 0.511258 0.736518 0.508248 0.702501 0.514268 0.736518 0.508248 0.726478 0.621708 0.705866 0.739957 0.702501 0.514268 0.726690 0.621815 0.710344 0.754531
11 0.714441 0.337437 0.712524 0.513368 0.728894 0.510884 0.696155 0.515851 0.728894 0.510884 0.728134 0.623927 0.710212 0.739959 0.696155 0.515851 0.723261 0.625409 0.706685 0.755142
12 0.706805 0.337512 0.707251 0.514564 0.723425 0.512363 0.691077 0.516764 0.723425 0.512363 0.726945 0.625022 0.706984 0.739962 0.691077 0.516764 0.719271 0.627731 0.701894 0.755166
13 0.699240 0.338963 0.706486 0.515053 0.721545 0.512740 0.691427 0.517366 0.721545 0.512740 0.723887 0.625573 0.704304 0.736125 0.691427 0.517366 0.716267 0.628872 0.695989 0.749078
14 0.689324 0.342263 0.702604 0.516802 0.719998 0.513179 0.685210 0.520426 0.719998 0.513179 0.725091 0.625641 0.696845 0.735418 0.685210 0.520426 0.711151 0.633786 0.689921 0.747118
15 0.680203 0.346472 0.697541 0.517501 0.717020 0.513698 0.678062 0.521304 0.717020 0.513698 0.726203 0.625200 0.685518 0.736332 0.678062 0.521304 0.710136 0.633982 0.682013 0.744723
16 0.669779 0.351469 0.696917 0.523774 0.716473 0.516949 0.677361 0.530600 0.716473 0.516949 0.737043 0.625269 0.693444 0.733276 0.677361 0.530600 0.706710 0.645494 0.662078 0.746796
17 0.662494 0.365007 0.691700 0.535471 0.712697 0.525928 0.670704 0.545015 0.712697 0.525928 0.743367 0.625457 0.698090 0.733241 0.670704 0.545015 0.702789 0.657073 0.663911 0.748677
18 0.652733 0.376945 0.683600 0.547113 0.705655 0.535643 0.661544 0.558583 0.705655 0.535643 0.741856 0.629843 0.710764 0.733452 0.661544 0.558583 0.697371 0.666781 0.668321 0.752872
19 0.646271 0.391820 0.676907 0.559429 0.699763 0.547975 0.654052 0.570882 0.699763 0.547975 0.741941 0.636516 0.716856 0.733605 0.654052 0.570882 0.688848 0.675337 0.671458 0.761776
20 0.635861 0.410640 0.670145 0.568200 0.693951 0.555875 0.646339 0.580524 0.693951 0.555875 0.746591 0.638084 0.720159 0.733004 0.646339 0.580524 0.675237 0.684173 0.671113 0.762485
21 0.623351 0.433204 0.659909 0.572549 0.683222 0.559472 0.636596 0.585626 0.683222 0.559472 0.745155 0.638162 0.721406 0.734889 0.636596 0.585626 0.666577 0.691902 0.668137 0.772321
22 0.609035 0.449890 0.651258 0.574624 0.673587 0.559513 0.628929 0.589736 0.673587 0.559513 0.743431 0.639102 0.730247 0.735537 0.628929 0.589736 0.665141 0.693443 0.667072 0.786784
23 0.594793 0.469744 0.643582 0.581308 0.664835 0.563861 0.622329 0.598754 0.664835 0.563861 0.738436 0.639066 0.747628 0.744739 0.622329 0.598754 0.660884 0.697227 0.668972 0.799095
24 0.579284 0.486982 0.635323 0.591747 0.656108 0.572255 0.614539 0.611238 0.656108 0.572255 0.729494 0.647472 0.768422 0.752932 0.614539 0.611238 0.655475 0.706243 0.669596 0.805014
25 0.562923 0.505277 0.626759 0.610564 0.645485 0.588659 0.608033 0.632468 0.645485 0.588659 0.721641 0.658762 0.778434 0.750115 0.608033 0.632468 0.651658 0.716768 0.669214 0.801724
26 0.547170 0.525000 0.619152 0.631885 0.636078 0.609141 0.602227 0.654629 0.636078 0.609141 0.715554 0.666041 0.782130 0.742342 0.602227 0.654629 0.648261 0.732686 0.666331 0.793712
27 0.532760 0.549883 0.607987 0.647823 0.625464 0.622494 0.590509 0.673152 0.625464 0.622494 0.710013 0.669617 0.784976 0.731494 0.590509 0.673152 0.640147 0.743087 0.660148 0.774574
28 0.514729 0.575370 0.597291 0.665123 0.612770 0.637466 0.581812 0.692780 0.612770 0.637466 0.691292 0.670450 0.782073 0.720106 0.581812 0.692780 0.623074 0.748814 0.656936 0.768547
29 0.494650 0.597024 0.584875 0.684949 0.598957 0.656633 0.570793 0.713265 0.598957 0.656633 0.681336 0.676308 0.776390 0.716138 0.570793 0.713265 0.629802 0.767529 0.653026 0.766586
30 0.472813 0.625089 0.570441 0.697494 0.582543 0.668466 0.558339 0.726522 0.582543 0.668466 0.670364 0.678374 0.771584 0.710033 0.558339 0.726522 0.595654 0.787615 0.648096 0.764839
31 0.453244 0.655042 0.555988 0.712057 0.564904 0.681071 0.547071 0.743042 0.564904 0.681071 0.655201 0.678739 0.750766 0.696663 0.547071 0.743042 0.580400 0.800431 0.651732 0.765814
32 0.434474 0.674275 0.543067 0.713029 0.549296 0.682106 0.536839 0.743953 0.549296 0.682106 0.620694 0.675434 0.719399 0.680693 0.536839 0.743953 0.578090 0.799151 0.656219 0.778615
33 0.418222 0.688690 0.527761 0.705900 0.530303 0.675080 0.525219 0.736720 0.530303 0.675080 0.596915 0.661821 0.697468 0.659283 0.525219 0.736720 0.579252 0.783048 0.658601 0.783260
34 0.403828 0.685989 0.518217 0.697021 0.518995 0.666925 0.517439 0.727118 0.518995 0.666925 0.593659 0.641015 0.688720 0.633150 0.517439 0.727118 0.584295 0.777773 0.668804 0.780315
35 0.394966 0.687830 0.511219 0.690297 0.510953 0.660128 0.511485 0.720466 0.510953 0.660128 0.574507 0.619966 0.662468 0.596715 0.511485 0.720466 0.577117 0.757821 0.670154 0.765128
36 0.386180 0.688798 0.503034 0.685967 0.501754 0.656950 0.504314 0.714985 0.501754 0.656950 0.561556 0.603485 0.645618 0.569286 0.504314 0.714985 0.576882 0.735972 0.668947 0.746458
37 0.382081 0.688121 0.498382 0.685294 0.496606 0.656418 0.500157 0.714170 0.496606 0.656418 0.553471 0.589229 0.638473 0.539313 0.500157 0.714170 0.569936 0.717256 0.655768 0.723391
38 0.378828 0.689723 0.492907 0.684703 0.491146 0.655761 0.494669 0.713646 0.491146 0.655761 0.535565 0.585400 0.619814 0.527171 0.494669 0.713646 0.553083 0.696639 0.636500 0.706709
39 0.376317 0.691424 0.488994 0.684044 0.487330 0.655035 0.490657 0.713052 0.487330 0.655035 0.534826 0.574918 0.606794 0.511017 0.490657 0.713052 0.537928 0.691728 0.621745 0.690210
40 0.376558 0.693564 0.488320 0.683510 0.486808 0.655751 0.489833 0.711269 0.486808 0.655751 0.525912 0.568247 0.597092 0.500828 0.489833 0.711269 0.524598 0.671329 0.613802 0.672587
41 0.376966 0.694285 0.488811 0.683713 0.487178 0.656284 0.490444 0.711142 0.487178 0.656284 0.519462 0.560029 0.591372 0.494598 0.490444 0.711142 0.518877 0.668801 0.603318 0.661663
42 0.377216 0.692960 0.489728 0.682613 0.488241 0.657024 0.491215 0.708202 0.488241 0.657024 0.512906 0.555888 0.586904 0.497119 0.491215 0.708202 0.521004 0.661304 0.600567 0.654268
43 0.378587 0.692455 0.490244 0.680335 0.487269 0.658236 0.493219 0.702434 0.487269 0.658236 0.506426 0.554502 0.583033 0.500664 0.493219 0.702434 0.544906 0.660115 0.600651 0.649823
44 0.379830 0.692076 0.489758 0.678539 0.486327 0.657847 0.493188 0.699230 0.486327 0.657847 0.502694 0.554598 0.583444 0.511754 0.493188 0.699230 0.526605 0.673008 0.600807 0.648564
45 0.380312 0.693607 0.491529 0.678329 0.488332 0.657351 0.494726 0.699308 0.488332 0.657351 0.499752 0.556909 0.587974 0.521852 0.494726 0.699308 0.528907 0.677592 0.603756 0.650285
46 0.380661 0.694567 0.492586 0.680726 0.490838 0.661172 0.494334 0.700279 0.490838 0.661172 0.505843 0.561483 0.596604 0.557651 0.494334 0.700279 0.529334 0.677874 0.608358 0.657135
47 0.381838 0.696158 0.494139 0.685706 0.492662 0.667277 0.495615 0.704135 0.492662 0.667277 0.511185 0.564279 0.600067 0.595926 0.495615 0.704135 0.527897 0.677498 0.610779 0.662287
48 0.382529 0.696432 0.494916 0.687897 0.493537 0.668778 0.496294 0.707015 0.493537 0.668778 0.515926 0.569228 0.601441 0.634498 0.496294 0.707015 0.529964 0.682967 0.620280 0.683696
49 0.383391 0.696514 0.497354 0.690138 0.496319 0.671378 0.498389 0.708898 0.496319 0.671378 0.522952 0.577689 0.600113 0.655752 0.498389 0.708898 0.550098 0.694889 0.626807 0.707472
50 0.385054 0.694501 0.502835 0.690367 0.503001 0.672056 0.502670 0.708677 0.503001 0.672056 0.539832 0.587419 0.599335 0.688902 0.502670 0.708677 0.575213 0.711883 0.643531 0.726290
51 0.385601 0.693252 0.506086 0.691733 0.506513 0.675072 0.505659 0.708393 0.506513 0.675072 0.552565 0.599404 0.600294 0.708298 0.505659 0.708393 0.577947 0.717480 0.643745 0.749871
52 0.386950 0.692311 0.511273 0.691299 0.511547 0.673010 0.510999 0.709587 0.511547 0.673010 0.567352 0.609734 0.600905 0.713123 0.510999 0.709587 0.595228 0.741888 0.670016 0.793919
53 0.389848 0.692546 0.516519 0.692659 0.516793 0.672587 0.516245 0.712730 0.516793 0.672587 0.581033 0.622835 0.609264 0.724707 0.516245 0.712730 0.600070 0.758175 0.677359 0.819164
54 0.392134 0.692829 0.520331 0.693082 0.521079 0.672114 0.519583 0.714049 0.521079 0.672114 0.589774 0.632146 0.617479 0.732258 0.519583 0.714049 0.602049 0.766323 0.685137 0.831326
55 0.395103 0.692877 0.524568 0.693431 0.525163 0.671876 0.523973 0.714985 0.525163 0.671876 0.593817 0.637994 0.620909 0.728544 0.523973 0.714985 0.605819 0.767124 0.688861 0.831957
56 0.397480 0.692812 0.527317 0.693532 0.527336 0.671997 0.527298 0.715068 0.527336 0.671997 0.597165 0.639532 0.622268 0.731143 0.527298 0.715068 0.610183 0.766279 0.691543 0.829785
57 0.398702 0.693376 0.528503 0.693697 0.528909 0.671745 0.528096 0.715650 0.528909 0.671745 0.596752 0.641019 0.621849 0.729721 0.528096 0.715650 0.613798 0.768579 0.694705 0.826597
58 0.398847 0.693076 0.528921 0.693921 0.529465 0.671838 0.528377 0.716005 0.529465 0.671838 0.597231 0.640961 0.623237 0.732401 0.528377 0.716005 0.614930 0.768839 0.696235 0.824065
59 0.398862 0.691353 0.529094 0.694824 0.530049 0.671876 0.528139 0.717773 0.530049 0.671876 0.598189 0.640935 0.622550 0.731714 0.528139 0.717773 0.614463 0.766412 0.696618 0.824353
60 0.398781 0.689525 0.528265 0.695983 0.529361 0.672649 0.527168 0.719317 0.529361 0.672649 0.599268 0.641040 0.622178 0.732655 0.527168 0.719317 0.612774 0.768152 0.697032 0.824732
61 0.397500 0.689548 0.527573 0.696801 0.528695 0.673002 0.526450 0.720600 0.528695 0.673002 0.598174 0.641667 0.622598 0.731786 0.526450 0.720600 0.611380 0.769250 0.696195 0.826726
62 0.396445 0.689569 0.526797 0.697017 0.527846 0.673033 0.525747 0.721001 0.527846 0.673033 0.597332 0.642000 0.622481 0.733040 0.525747 0.721001 0.609553 0.769475 0.695288 0.829619
63 0.395221 0.689666 0.526379 0.696860 0.527430 0.672967 0.525329 0.720753 0.527430 0.672967 0.596285 0.642315 0.622417 0.733190 0.525329 0.720753 0.608598 0.768969 0.694541 0.829271
64 0.394217 0.689699 0.526014 0.696577 0.527053 0.672666 0.524975 0.720489 0.527053 0.672666 0.595267 0.642978 0.622180 0.732975 0.524975 0.720489 0.608035 0.769162 0.694237 0.829036
65 0.393594 0.689548 0.525374 0.696045 0.526922 0.671659 0.523826 0.720431 0.526922 0.671659 0.594533 0.642995 0.621990 0.732241 0.523826 0.720431 0.607594 0.769238 0.694044 0.829139
66 0.393481 0.689397 0.524883 0.695782 0.526766 0.671271 0.523001 0.720292 0.526766 0.671271 0.594154 0.643052 0.621922 0.731570 0.523001 0.720292 0.607237 0.768896 0.693365 0.828982
67 0.393583 0.689353 0.524780 0.695681 0.526588 0.671162 0.522972 0.720199 0.526588 0.671162 0.593866 0.642907 0.621727 0.732430 0.522972 0.720199 0.607408 0.769173 0.693299 0.828536
68 0.393515 0.689298 0.524709 0.695530 0.526467 0.671013 0.522952 0.720048 0.526467 0.671013 0.593686 0.642419 0.621615 0.732818 0.522952 0.720048 0.607687 0.769393 0.693123 0.828276
69 0.393505 0.689266 0.524919 0.695381 0.526623 0.670840 0.523214 0.719922 0.526623 0.670840 0.593566 0.642105 0.621544 0.732929 0.523214 0.719922 0.608426 0.769740 0.693125 0.828389
70 0.393697 0.689243 0.525085 0.695277 0.526776 0.670672 0.523393 0.719882 0.526776 0.670672 0.593472 0.641899 0.621464 0.732896 0.523393 0.719882 0.608382 0.769743 0.692953 0.829419
71 0.393733 0.689081 0.525211 0.695228 0.526875 0.670655 0.523547 0.719801 0.526875 0.670655 0.593424 0.641854 0.621425 0.732668 0.523547 0.719801 0.608617 0.770375 0.692824 0.829772
72 0.393532 0.689172 0.525185 0.695150 0.526828 0.670553 0.523542 0.719747 0.526828 0.670553 0.593458 0.641092 0.621263 0.732479 0.523542 0.719747 0.608538 0.770559 0.692927 0.829611
73 0.393468 0.689195 0.525161 0.695136 0.526793 0.670547 0.523529 0.719725 0.526793 0.670547 0.593417 0.640013 0.621184 0.732295 0.523529 0.719725 0.608660 0.770962 0.692873 0.829412
74 0.393348 0.689166 0.525099 0.695122 0.526682 0.670555 0.523516 0.719689 0.526682 0.670555 0.593387 0.638807 0.621144 0.732137 0.523516 0.719689 0.608616 0.770879 0.692822 0.829187
75 0.393367 0.689055 0.525078 0.695060 0.526666 0.670556 0.523490 0.719563 0.526666 0.670556 0.593361 0.638195 0.621105 0.732045 0.523490 0.719563 0.608433 0.770781 0.692783 0.829029
76 0.393345 0.688932 0.525003 0.695010 0.526564 0.670547 0.523442 0.719472 0.526564 0.670547 0.593341 0.637665 0.621073 0.731960 0.523442 0.719472 0.608418 0.770700 0.692660 0.828912
77 0.393277 0.688907 0.524991 0.694904 0.526547 0.670545 0.523434 0.719263 0.526547 0.670545 0.593329 0.637061 0.621029 0.731902 0.523434 0.719263 0.608380 0.770639 0.692647 0.828824
78 0.393151 0.688855 0.524976 0.694706 0.526523 0.670545 0.523428 0.718867 0.526523 0.670545 0.593301 0.636766 0.620980 0.731855 0.523428 0.718867 0.608254 0.770592 0.692622 0.828763
79 0.393068 0.688853 0.524951 0.694698 0.526481 0.670545 0.523421 0.718851 0.526481 0.670545 0.593291 0.636306 0.620954 0.731834 0.523421 0.718851 0.608233 0.770547 0.692612 0.828714
80 0.393030 0.688855 0.524917 0.694685 0.526454 0.670543 0.523381 0.718827 0.526454 0.670543 0.593275 0.636310 0.620625 0.731736 0.523381 0.718827 0.608226 0.770554 0.692606 0.828677
81 0.393033 0.688820 0.524810 0.694673 0.526378 0.670543 0.523242 0.718803 0.526378 0.670543 0.593245 0.636326 0.620410 0.731621 0.523242 0.718803 0.608166 0.770527 0.692591 0.828651
82 0.393036 0.688762 0.524780 0.694665 0.526344 0.670542 0.523216 0.718788 0.526344 0.670542 0.593259 0.636328 0.620326 0.731586 0.523216 0.718788 0.608159 0.770507 0.692553 0.828673
83 0.393001 0.688753 0.524731 0.694665 0.526281 0.670552 0.523182 0.718778 0.526281 0.670552 0.593249 0.636331 0.620247 0.731538 0.523182 0.718778 0.608088 0.770439 0.692578 0.828739
84 0.392921 0.688939 0.524719 0.694659 0.526268 0.670491 0.523170 0.718826 0.526268 0.670491 0.593250 0.636414 0.620244 0.731509 0.523170 0.718826 0.607956 0.770304 0.692573 0.828736
85 0.392871 0.688955 0.524707 0.694647 0.526255 0.670438 0.523160 0.718856 0.526255 0.670438 0.593256 0.636448 0.620227 0.731484 0.523160 0.718856 0.607926 0.770285 0.692403 0.828730
86 0.392839 0.688996 0.524642 0.694645 0.526183 0.670358 0.523100 0.718931 0.526183 0.670358 0.593261 0.636490 0.620211 0.731490 0.523100 0.718931 0.607744 0.770205 0.692212 0.828723
87 0.392786 0.689018 0.524609 0.694639 0.526144 0.670335 0.523074 0.718943 0.526144 0.670335 0.593266 0.636539 0.620044 0.731477 0.523074 0.718943 0.607694 0.770196 0.692212 0.828726
88 0.392574 0.689098 0.524278 0.694621 0.525640 0.670324 0.522915 0.718918 0.525640 0.670324 0.593129 0.636571 0.619975 0.731483 0.522915 0.718918 0.607421 0.770031 0.692207 0.828723
89 0.392485 0.689133 0.524049 0.694647 0.525297 0.670381 0.522801 0.718912 0.525297 0.670381 0.593047 0.636575 0.619860 0.731445 0.522801 0.718912 0.607278 0.770008 0.692258 0.828719
90 0.392493 0.689194 0.523842 0.694582 0.525010 0.670379 0.522674 0.718784 0.525010 0.670379 0.593042 0.636580 0.619853 0.731452 0.522674 0.718784 0.606969 0.769931 0.692266 0.828756
91 0.392500 0.689210 0.523766 0.694579 0.524958 0.670378 0.522574 0.718781 0.524958 0.670378 0.593037 0.636586 0.619773 0.731439 0.522574 0.718781 0.606966 0.769921 0.692276 0.828810
92 0.392521 0.689211 0.523739 0.694571 0.524934 0.670363 0.522543 0.718778 0.524934 0.670363 0.593066 0.636588 0.619753 0.731490 0.522543 0.718778 0.606901 0.769837 0.692279 0.828876
93 0.392526 0.689203 0.523733 0.694533 0.524930 0.670299 0.522536 0.718767 0.524930 0.670299 0.593065 0.636543 0.619679 0.731486 0.522536 0.718767 0.606899 0.769822 0.692279 0.828901
94 0.392511 0.689202 0.523700 0.694530 0.524880 0.670296 0.522520 0.718763 0.524880 0.670296 0.593086 0.636542 0.619611 0.731492 0.522520 0.718763 0.606897 0.769813 0.692281 0.829052
95 0.392429 0.689339 0.523675 0.694419 0.524839 0.670294 0.522512 0.718544 0.524839 0.670294 0.593086 0.636555 0.619605 0.731587 0.522512 0.718544 0.606882 0.769802 0.692282 0.829045
96 0.392552 0.689342 0.523674 0.694344 0.524839 0.670179 0.522509 0.718510 0.524839 0.670179 0.593099 0.636554 0.619551 0.731594 0.522509 0.718510 0.606873 0.769793 0.692325 0.829093
97 0.392647 0.689336 0.523671 0.694311 0.524838 0.670176 0.522504 0.718445 0.524838 0.670176 0.593099 0.636564 0.619335 0.731652 0.522504 0.718445 0.606791 0.769769 0.692325 0.829115
98 0.392684 0.689321 0.523671 0.694261 0.524842 0.670159 0.522500 0.718364 0.524842 0.670159 0.593101 0.636566 0.619289 0.731863 0.522500 0.718364 0.606705 0.769759 0.692355 0.829129
99 0.392767 0.689299 0.523641 0.694244 0.524804 0.670165 0.522477 0.718323 0.524804 0.670165 0.593052 0.636639 0.619170 0.732146 0.522477 0.718323 0.606603 0.769749 0.692412 0.829147
100 0.392807 0.689306 0.523630 0.694240 0.524794 0.670163 0.522466 0.718317 0.524794 0.670163 0.593054 0.636661 0.619040 0.732258 0.522466 0.718317 0.606600 0.769745 0.692443 0.829192
101 0.392817 0.689313 0.523635 0.694199 0.524809 0.670144 0.522462 0.718254 0.524809 0.670144 0.593080 0.636707 0.619026 0.732406 0.522462 0.718254 0.606595 0.769686 0.692452 0.829216
102 0.392829 0.689313 0.523598 0.694186 0.524801 0.670142 0.522395 0.718231 0.524801 0.670142 0.593077 0.636730 0.618864 0.732436 0.522395 0.718231 0.606587 0.769697 0.692480 0.829218
103 0.392853 0.689307 0.523588 0.694210 0.524794 0.670162 0.522383 0.718258 0.524794 0.670162 0.593034 0.636778 0.618860 0.732486 0.522383 0.718258 0.606657 0.769697 0.692512 0.829229
104 0.392874 0.689244 0.523510 0.694205 0.524701 0.670156 0.522319 0.718254 0.524701 0.670156 0.593023 0.636848 0.618857 0.732564 0.522319 0.718254 0.606739 0.769607 0.692518 0.829239
105 0.392891 0.689175 0.523470 0.694228 0.524677 0.670156 0.522263 0.718299 0.524677 0.670156 0.593027 0.636952 0.618795 0.732565 0.522263 0.718299 0.606798 0.769637 0.692587 0.829266
106 0.392938 0.689102 0.523428 0.694210 0.524638 0.670131 0.522219 0.718289 0.524638 0.670131 0.593060 0.637003 0.618637 0.732660 0.522219 0.718289 0.606820 0.769634 0.692633 0.829382
107 0.393047 0.688972 0.523422 0.694165 0.524637 0.670125 0.522208 0.718205 0.524637 0.670125 0.593150 0.637012 0.618636 0.732718 0.522208 0.718205 0.606811 0.769539 0.692760 0.829417
108 0.393061 0.689103 0.523406 0.694124 0.524622 0.670045 0.522190 0.718202 0.524622 0.670045 0.593117 0.637041 0.618660 0.732684 0.522190 0.718202 0.606808 0.769562 0.692722 0.829420
109 0.393098 0.689109 0.523386 0.694100 0.524606 0.670011 0.522166 0.718189 0.524606 0.670011 0.593118 0.637061 0.618693 0.732695 0.522166 0.718189 0.606758 0.769549 0.692706 0.829476
110 0.393106 0.689090 0.523362 0.694028 0.524586 0.669988 0.522139 0.718068 0.524586 0.669988 0.593183 0.637061 0.618693 0.732679 0.522139 0.718068 0.606621 0.769463 0.692674 0.829497
111 0.393223 0.689115 0.523408 0.694019 0.524654 0.669977 0.522162 0.718060 0.524654 0.669977 0.593237 0.637071 0.618742 0.732646 0.522162 0.718060 0.606619 0.769448 0.692547 0.829553
112 0.393249 0.689142 0.523389 0.694024 0.524646 0.669973 0.522133 0.718075 0.524646 0.669973 0.593288 0.637076 0.618745 0.732639 0.522133 0.718075 0.606563 0.769384 0.692435 0.829590
113 0.393273 0.689118 0.523330 0.693991 0.524631 0.669928 0.522029 0.718055 0.524631 0.669928 0.593331 0.637099 0.618684 0.732436 0.522029 0.718055 0.606442 0.769382 0.692344 0.829665
114 0.393275 0.689121 0.523317 0.693984 0.524620 0.669926 0.522014 0.718043 0.524620 0.669926 0.593349 0.637155 0.618617 0.732241 0.522014 0.718043 0.606358 0.769368 0.692249 0.829669
115 0.393276 0.689084 0.523289 0.693987 0.524602 0.669924 0.521976 0.718050 0.524602 0.669924 0.593351 0.637160 0.618519 0.732162 0.521976 0.718050 0.606372 0.769408 0.692166 0.829676
116 0.393264 0.689088 0.523278 0.694000 0.524586 0.669929 0.521970 0.718071 0.524586 0.669929 0.593356 0.637168 0.618367 0.732160 0.521970 0.718071 0.606450 0.769408 0.692126 0.829693
117 0.393248 0.689088 0.523271 0.693992 0.524578 0.669901 0.521964 0.718083 0.524578 0.669901 0.593387 0.637165 0.618284 0.732127 0.521964 0.718083 0.606497 0.769333 0.691958 0.829707
118 0.393245 0.689074 0.523258 0.693999 0.524557 0.669897 0.521959 0.718101 0.524557 0.669897 0.593386 0.637190 0.618236 0.732046 0.521959 0.718101 0.606513 0.769315 0.691840 0.829727
119 0.393182 0.689074 0.523235 0.694002 0.524523 0.669894 0.521948 0.718109 0.524523 0.669894 0.593355 0.637198 0.618210 0.732000 0.521948 0.718109 0.606495 0.769324 0.691786 0.829762
120 0.393185 0.689366 0.523266 0.694024 0.524522 0.669933 0.522010 0.718115 0.524522 0.669933 0.593245 0.637152 0.618521 0.731955 0.522010 0.718115 0.606652 0.769414 0.691787 0.829744
121 0.393200 0.689499 0.523280 0.694033 0.524526 0.669948 0.522034 0.718118 0.524526 0.669948 0.593170 0.637173 0.618657 0.731956 0.522034 0.718118 0.606720 0.769435 0.691797 0.829740
122 0.393224 0.689530 0.523284 0.694064 0.524521 0.670009 0.522047 0.718120 0.524521 0.670009 0.593097 0.637177 0.618736 0.731954 0.522047 0.718120 0.606736 0.769453 0.691775 0.829736
123 0.393245 0.689531 0.523292 0.694145 0.524536 0.670071 0.522048 0.718219 0.524536 0.670071 0.592889 0.637179 0.618736 0.731960 0.522048 0.718219 0.606785 0.769548 0.691745 0.829758
124 0.393227 0.689521 0.523286 0.694165 0.524528 0.670096 0.522044 0.718235 0.524528 0.670096 0.592761 0.637197 0.618740 0.731958 0.522044 0.718235 0.606758 0.769567 0.691702 0.829759
125 0.393229 0.689553 0.523311 0.694187 0.524534 0.670141 0.522087 0.718232 0.524534 0.670141 0.592688 0.637199 0.618775 0.731965 0.522087 0.718232 0.606826 0.769582 0.691704 0.829752
126 0.393234 0.689586 0.523312 0.694231 0.524535 0.670179 0.522088 0.718283 0.524535 0.670179 0.592695 0.637221 0.618761 0.731985 0.522088 0.718283 0.606919 0.769594 0.691671 0.829753
127 0.393252 0.689612 0.523284 0.694133 0.524498 0.670181 0.522070 0.718085 0.524498 0.670181 0.592707 0.637224 0.618717 0.731983 0.522070 0.718085 0.606683 0.769598 0.691655 0.829772
128 0.393248 0.689628 0.523205 0.694133 0.524415 0.670182 0.521995 0.718084 0.524415 0.670182 0.592768 0.637227 0.618708 0.732017 0.521995 0.718084 0.606584 0.769600 0.691555 0.829759
129 0.393234 0.689707 0.523161 0.694115 0.524381 0.670184 0.521942 0.718045 0.524381 0.670184 0.592817 0.637229 0.618677 0.732070 0.521942 0.718045 0.606553 0.769602 0.691404 0.829707
130 0.393243 0.689719 0.523156 0.694106 0.524379 0.670179 0.521934 0.718034 0.524379 0.670179 0.592924 0.637226 0.618665 0.732081 0.521934 0.718034 0.606552 0.769600 0.691398 0.829726
131 0.393275 0.689724 0.523149 0.694111 0.524369 0.670189 0.521928 0.718034 0.524369 0.670189 0.592927 0.637232 0.618680 0.732096 0.521928 0.718034 0.606413 0.769601 0.691394 0.829793
132 0.393292 0.689602 0.523175 0.694124 0.524378 0.670196 0.521973 0.718051 0.524378 0.670196 0.592921 0.637285 0.618879 0.732128 0.521973 0.718051 0.606350 0.769161 0.691395 0.829844
133 0.393297 0.689534 0.523232 0.694124 0.524421 0.670200 0.522042 0.718049 0.524421 0.670200 0.592973 0.637287 0.618915 0.732157 0.522042 0.718049 0.606324 0.768762 0.691376 0.829822
134 0.393283 0.689427 0.523246 0.694124 0.524440 0.670202 0.522052 0.718047 0.524440 0.670202 0.593030 0.637315 0.619159 0.732159 0.522052 0.718047 0.606319 0.768618 0.691282 0.829806
135 0.393307 0.689246 0.523248 0.694120 0.524444 0.670192 0.522053 0.718047 0.524444 0.670192 0.593069 0.637327 0.619272 0.732171 0.522053 0.718047 0.606317 0.768362 0.691238 0.829726
136 0.393319 0.689179 0.523300 0.694103 0.524486 0.670169 0.522115 0.718037 0.524486 0.670169 0.593149 0.637388 0.619274 0.732138 0.522115 0.718037 0.606463 0.767924 0.691067 0.829557
137 0.393338 0.689153 0.523391 0.694081 0.524550 0.670135 0.522233 0.718027 0.524550 0.670135 0.593169 0.637394 0.619278 0.732090 0.522233 0.718027 0.606624 0.767754 0.690962 0.829459
138 0.393338 0.689062 0.523460 0.694066 0.524620 0.670105 0.522301 0.718028 0.524620 0.670105 0.593171 0.637400 0.619320 0.732088 0.522301 0.718028 0.606749 0.767762 0.690939 0.829481
139 0.393336 0.688987 0.523479 0.694057 0.524644 0.670096 0.522314 0.718019 0.524644 0.670096 0.593301 0.637402 0.619319 0.732065 0.522314 0.718019 0.606887 0.767766 0.690926 0.829488
140 0.393382 0.688938 0.523507 0.694034 0.524692 0.670097 0.522322 0.717970 0.524692 0.670097 0.593328 0.637405 0.619321 0.732125 0.522322 0.717970 0.606872 0.767737 0.690915 0.829499
141 0.393497 0.688916 0.523572 0.694000 0.524799 0.670088 0.522344 0.717913 0.524799 0.670088 0.593340 0.637352 0.619302 0.732128 0.522344 0.717913 0.606890 0.767799 0.690916 0.829582
142 0.393501 0.688916 0.523585 0.693947 0.524825 0.669992 0.522346 0.717901 0.524825 0.669992 0.593366 0.637326 0.619232 0.732072 0.522346 0.717901 0.606891 0.767825 0.690880 0.829580
143 0.393533 0.688920 0.523603 0.693935 0.524857 0.669989 0.522350 0.717881 0.524857 0.669989 0.593428 0.637320 0.619248 0.732078 0.522350 0.717881 0.606946 0.767790 0.690879 0.829597
144 0.393550 0.688884 0.523436 0.694008 0.524709 0.670023 0.522163 0.717994 0.524709 0.670023 0.593347 0.637305 0.619222 0.731849 0.522163 0.717994 0.606949 0.767767 0.690947 0.829584
145 0.393589 0.688914 0.523296 0.694174 0.524632 0.670114 0.521961 0.718235 0.524632 0.670114 0.593321 0.637349 0.619108 0.731782 0.521961 0.718235 0.606910 0.767743 0.690995 0.829585
146 0.393599 0.688885 0.523297 0.694251 0.524644 0.670115 0.521950 0.718388 0.524644 0.670115 0.593320 0.637384 0.619070 0.731702 0.521950 0.718388 0.606873 0.767748 0.691005 0.829624
147 0.393561 0.688823 0.523296 0.694314 0.524643 0.670121 0.521950 0.718508 0.524643 0.670121 0.593323 0.637389 0.619031 0.731663 0.521950 0.718508 0.606971 0.767748 0.691092 0.829621
148 0.393570 0.688808 0.523296 0.694314 0.524643 0.670121 0.521949 0.718508 0.524643 0.670121 0.593408 0.637376 0.618999 0.731647 0.521949 0.718508 0.607017 0.767820 0.691158 0.829610
149 0.393586 0.688777 0.523274 0.694314 0.524604 0.670123 0.521944 0.718505 0.524604 0.670123 0.593405 0.637376 0.618984 0.731604 0.521944 0.718505 0.607043 0.767906 0.691283 0.829612
150 0.393595 0.688779 0.523274 0.694319 0.524604 0.670122 0.521944 0.718516 0.524604 0.670122 0.593406 0.637356 0.618948 0.731539 0.521944 0.718516 0.607124 0.768438 0.691325 0.829612
151 0.393640 0.688781 0.523276 0.694310 0.524605 0.670115 0.521948 0.718505 0.524605 0.670115 0.593341 0.637321 0.618862 0.731451 0.521948 0.718505 0.607144 0.768676 0.691327 0.829627
152 0.393645 0.688776 0.523277 0.694294 0.524608 0.670099 0.521945 0.718490 0.524608 0.670099 0.593318 0.637224 0.618793 0.731287 0.521945 0.718490 0.607174 0.768713 0.691322 0.829620
153 0.393645 0.688762 0.523287 0.694282 0.524627 0.670068 0.521947 0.718496 0.524627 0.670068 0.593279 0.637207 0.618758 0.731212 0.521947 0.718496 0.607185 0.768734 0.691304 0.829655
154 0.393651 0.688769 0.523302 0.694279 0.524655 0.670061 0.521948 0.718496 0.524655 0.670061 0.593281 0.637187 0.618633 0.731223 0.521948 0.718496 0.607504 0.768784 0.691343 0.829733
155 0.393685 0.688709 0.523297 0.694223 0.524664 0.670017 0.521931 0.718428 0.524664 0.670017 0.593302 0.637186 0.618631 0.731201 0.521931 0.718428 0.607499 0.768855 0.691337 0.829732
156 0.393816 0.688663 0.523301 0.694122 0.524677 0.669985 0.521924 0.718258 0.524677 0.669985 0.593347 0.637174 0.618873 0.731202 0.521924 0.718258 0.607109 0.768850 0.691321 0.829705
157 0.393897 0.688666 0.523313 0.694052 0.524711 0.669970 0.521915 0.718133 0.524711 0.669970 0.593403 0.637145 0.619031 0.731205 0.521915 0.718133 0.606930 0.768865 0.691321 0.829704
