163
196
0 -1 -1 -1 -1 -1 -1 -1 -1 -1 -1 -1 -1 -1 -1 -1 -1 -1 -1 -1 -1
1 0.086762 0.598499 0.175543 0.772971 0.180767 0.749809 0.170318 0.796134 0.180767 0.749809 0.294877 0.678463 0.340273 0.824794 0.170318 0.796134 0.324935 0.732747 0.376885 0.877510
2 0.085819 0.598616 0.180044 0.771613 0.184499 0.747452 0.175589 0.795774 0.184499 0.747452 0.297726 0.675034 0.339796 0.825161 0.175589 0.795774 0.325263 0.739175 0.375230 0.877524
3 0.084248 0.598526 0.182330 0.770920 0.186276 0.746320 0.178383 0.795520 0.186276 0.746320 0.297670 0.672943 0.336684 0.823515 0.178383 0.795520 0.325412 0.740717 0.373798 0.877589
4 0.083197 0.598487 0.183407 0.769418 0.187105 0.743741 0.179710 0.795095 0.187105 0.743741 0.297366 0.671209 0.336831 0.817207 0.179710 0.795095 0.325443 0.740928 0.370847 0.877988
5 0.082947 0.598356 0.184254 0.768371 0.187589 0.741906 0.180919 0.794837 0.187589 0.741906 0.293019 0.668329 0.330929 0.806386 0.180919 0.794837 0.325442 0.740542 0.368233 0.878327
6 0.082884 0.597993 0.185618 0.767425 0.188343 0.740701 0.182893 0.794149 0.188343 0.740701 0.291488 0.665909 0.331256 0.799916 0.182893 0.794149 0.325394 0.740400 0.364022 0.878228
7 0.082731 0.597454 0.185825 0.766379 0.188574 0.739671 0.183076 0.793087 0.188574 0.739671 0.291023 0.665212 0.329866 0.799178 0.183076 0.793087 0.325327 0.740181 0.358244 0.878212
8 0.082711 0.596578 0.185907 0.765564 0.189100 0.738923 0.182713 0.792206 0.189100 0.738923 0.291167 0.665792 0.328466 0.801134 0.182713 0.792206 0.324260 0.739974 0.353850 0.878455
9 0.082725 0.595686 0.186017 0.764627 0.189364 0.737599 0.182669 0.791654 0.189364 0.737599 0.291203 0.666210 0.328838 0.803127 0.182669 0.791654 0.323426 0.738920 0.348771 0.878026
10 0.082595 0.595414 0.186137 0.763591 0.189522 0.736367 0.182753 0.790815 0.189522 0.736367 0.291985 0.666424 0.329250 0.804530 0.182753 0.790815 0.322385 0.738618 0.343962 0.876415
11 0.082231 0.595184 0.185973 0.763016 0.189412 0.735261 0.182533 0.790772 0.189412 0.735261 0.292227 0.666590 0.329138 0.805171 0.182533 0.790772 0.321054 0.736598 0.339418 0.873689
12 0.082158 0.595001 0.185936 0.762829 0.189360 0.734863 0.182513 0.790795 0.189360 0.734863 0.292262 0.666731 0.328486 0.805718 0.182513 0.790795 0.320286 0.735793 0.336808 0.869880
13 0.082144 0.595000 0.185851 0.762764 0.189301 0.734713 0.182402 0.790815 0.189301 0.734713 0.292323 0.666804 0.327420 0.806027 0.182402 0.790815 0.318370 0.732355 0.333616 0.862862
14 0.081611 0.595220 0.185768 0.762848 0.189217 0.734907 0.182318 0.790788 0.189217 0.734907 0.292375 0.666791 0.327181 0.805948 0.182318 0.790788 0.317102 0.726699 0.329712 0.858021
15 0.081056 0.595261 0.185698 0.762746 0.189172 0.734985 0.182223 0.790507 0.189172 0.734985 0.292421 0.666813 0.324073 0.805293 0.182223 0.790507 0.315937 0.724772 0.325972 0.853717
16 0.080649 0.595004 0.185604 0.762545 0.189012 0.735090 0.182195 0.790000 0.189012 0.735090 0.290170 0.667571 0.323462 0.805428 0.182195 0.790000 0.315618 0.722302 0.321639 0.852115
17 0.080418 0.595066 0.185550 0.762749 0.188956 0.735492 0.182144 0.790005 0.188956 0.735492 0.287067 0.668600 0.322080 0.806157 0.182144 0.790005 0.315475 0.720804 0.316560 0.850943
18 0.080397 0.595139 0.185530 0.762792 0.188946 0.735537 0.182114 0.790047 0.188946 0.735537 0.286572 0.668996 0.322406 0.806766 0.182114 0.790047 0.315173 0.720865 0.312344 0.851651
19 0.080406 0.595247 0.185492 0.763173 0.188913 0.736145 0.182071 0.790200 0.188913 0.736145 0.281778 0.668105 0.317331 0.805736 0.182071 0.790200 0.313665 0.716956 0.307737 0.851006
20 0.080348 0.595287 0.185471 0.763397 0.188884 0.736474 0.182058 0.790321 0.188884 0.736474 0.282836 0.669223 0.313453 0.804042 0.182058 0.790321 0.313900 0.718044 0.303891 0.851178
21 0.080415 0.595295 0.185295 0.764234 0.188624 0.738138 0.181965 0.790330 0.188624 0.738138 0.282173 0.671533 0.308844 0.804177 0.181965 0.790330 0.312744 0.715673 0.302130 0.850772
22 0.080444 0.595355 0.185176 0.764386 0.188410 0.738957 0.181942 0.789814 0.188410 0.738957 0.281481 0.672963 0.310158 0.802953 0.181942 0.789814 0.311586 0.713073 0.297600 0.850943
23 0.080667 0.595451 0.184591 0.764479 0.187438 0.739722 0.181744 0.789237 0.187438 0.739722 0.280597 0.673735 0.311139 0.801624 0.181744 0.789237 0.311100 0.711153 0.295808 0.850864
24 0.080920 0.595664 0.184054 0.764589 0.186554 0.740092 0.181553 0.789087 0.186554 0.740092 0.281060 0.673662 0.318383 0.801819 0.181553 0.789087 0.310970 0.710881 0.298164 0.848536
25 0.081174 0.595829 0.183651 0.764612 0.186134 0.740219 0.181168 0.789005 0.186134 0.740219 0.281372 0.673600 0.320313 0.802196 0.181168 0.789005 0.310708 0.710501 0.297472 0.848710
26 0.081528 0.595981 0.183514 0.764368 0.186080 0.739943 0.180949 0.788794 0.186080 0.739943 0.281429 0.673549 0.315574 0.800511 0.180949 0.788794 0.309762 0.710676 0.299575 0.847718
27 0.082053 0.596090 0.183444 0.764374 0.186091 0.739951 0.180796 0.788798 0.186091 0.739951 0.281656 0.673505 0.317771 0.800730 0.180796 0.788798 0.309093 0.709263 0.300629 0.846150
28 0.082889 0.596227 0.183538 0.763884 0.186776 0.738962 0.180300 0.788806 0.186776 0.738962 0.281684 0.673448 0.320057 0.802963 0.180300 0.788806 0.308700 0.708240 0.304409 0.844067
29 0.083179 0.596329 0.183574 0.763315 0.186934 0.738225 0.180214 0.788404 0.186934 0.738225 0.282062 0.673417 0.320547 0.806945 0.180214 0.788404 0.308514 0.707073 0.310241 0.842744
30 0.083578 0.596547 0.183627 0.762908 0.186922 0.737504 0.180333 0.788312 0.186922 0.737504 0.282204 0.673376 0.321087 0.809014 0.180333 0.788312 0.308610 0.706309 0.316806 0.843213
31 0.083814 0.596823 0.183587 0.762488 0.186915 0.736629 0.180258 0.788347 0.186915 0.736629 0.282308 0.673351 0.322768 0.810127 0.180258 0.788347 0.308685 0.706493 0.318718 0.843960
32 0.084286 0.597065 0.183591 0.762253 0.186890 0.736159 0.180292 0.788347 0.186890 0.736159 0.282053 0.673327 0.324202 0.809962 0.180292 0.788347 0.308757 0.706698 0.320435 0.844541
33 0.085278 0.597790 0.183575 0.762018 0.186861 0.735505 0.180289 0.788531 0.186861 0.735505 0.282001 0.673353 0.326313 0.809803 0.180289 0.788531 0.308812 0.706739 0.320894 0.844645
34 0.086855 0.598478 0.183486 0.762233 0.186807 0.735508 0.180164 0.788959 0.186807 0.735508 0.282256 0.673225 0.328035 0.810243 0.180164 0.788959 0.308684 0.705307 0.320376 0.844792
35 0.089270 0.598946 0.183401 0.762814 0.186663 0.736517 0.180139 0.789111 0.186663 0.736517 0.282311 0.673225 0.327923 0.811401 0.180139 0.789111 0.307988 0.702373 0.319794 0.844283
36 0.091402 0.598832 0.183047 0.763514 0.186211 0.737909 0.179883 0.789120 0.186211 0.737909 0.283519 0.673105 0.321525 0.809838 0.179883 0.789120 0.306086 0.696674 0.319441 0.842094
37 0.093726 0.598309 0.182655 0.765382 0.185231 0.741313 0.180079 0.789451 0.185231 0.741313 0.281888 0.671755 0.315301 0.805895 0.180079 0.789451 0.303453 0.692196 0.320123 0.838745
38 0.096091 0.597621 0.182398 0.765987 0.184221 0.742178 0.180575 0.789797 0.184221 0.742178 0.275622 0.667149 0.305010 0.791153 0.180575 0.789797 0.300534 0.688920 0.322007 0.834180
39 0.098506 0.597219 0.182497 0.768685 0.184172 0.745233 0.180821 0.792138 0.184172 0.745233 0.276485 0.667793 0.306982 0.793965 0.180821 0.792138 0.296739 0.685296 0.323764 0.830959
40 0.100289 0.598171 0.182132 0.773522 0.183809 0.751281 0.180455 0.795762 0.183809 0.751281 0.273517 0.667525 0.307630 0.795509 0.180455 0.795762 0.293630 0.681628 0.324719 0.829349
41 0.103010 0.598709 0.182120 0.776051 0.183802 0.754316 0.180437 0.797786 0.183802 0.754316 0.270696 0.664841 0.308399 0.795958 0.180437 0.797786 0.291609 0.679382 0.324586 0.828156
42 0.104733 0.600313 0.182038 0.779458 0.183818 0.758253 0.180257 0.800663 0.183818 0.758253 0.271129 0.664360 0.306975 0.796013 0.180257 0.800663 0.288763 0.675526 0.324285 0.825968
43 0.105966 0.600844 0.181920 0.781683 0.183828 0.760242 0.180011 0.803124 0.183828 0.760242 0.271357 0.664279 0.307034 0.799053 0.180011 0.803124 0.288336 0.673760 0.324099 0.826384
44 -1 -1 -1 -1 -1 -1 -1 -1 -1 -1 -1 -1 -1 -1 -1 -1 -1 -1 -1 -1
45 -1 -1 -1 -1 -1 -1 -1 -1 -1 -1 -1 -1 -1 -1 -1 -1 -1 -1 -1 -1
46 -1 -1 -1 -1 -1 -1 -1 -1 -1 -1 -1 -1 -1 -1 -1 -1 -1 -1 -1 -1
47 -1 -1 -1 -1 -1 -1 -1 -1 -1 -1 -1 -1 -1 -1 -1 -1 -1 -1 -1 -1
48 -1 -1 -1 -1 -1 -1 -1 -1 -1 -1 -1 -1 -1 -1 -1 -1 -1 -1 -1 -1
49 -1 -1 -1 -1 -1 -1 -1 -1 -1 -1 -1 -1 -1 -1 -1 -1 -1 -1 -1 -1
50 -1 -1 -1 -1 -1 -1 -1 -1 -1 -1 -1 -1 -1 -1 -1 -1 -1 -1 -1 -1
51 -1 -1 -1 -1 -1 -1 -1 -1 -1 -1 -1 -1 -1 -1 -1 -1 -1 -1 -1 -1
52 -1 -1 -1 -1 -1 -1 -1 -1 -1 -1 -1 -1 -1 -1 -1 -1 -1 -1 -1 -1
53 -1 -1 -1 -1 -1 -1 -1 -1 -1 -1 -1 -1 -1 -1 -1 -1 -1 -1 -1 -1
54 -1 -1 -1 -1 -1 -1 -1 -1 -1 -1 -1 -1 -1 -1 -1 -1 -1 -1 -1 -1
55 -1 -1 -1 -1 -1 -1 -1 -1 -1 -1 -1 -1 -1 -1 -1 -1 -1 -1 -1 -1
56 -1 -1 -1 -1 -1 -1 -1 -1 -1 -1 -1 -1 -1 -1 -1 -1 -1 -1 -1 -1
57 -1 -1 -1 -1 -1 -1 -1 -1 -1 -1 -1 -1 -1 -1 -1 -1 -1 -1 -1 -1
58 -1 -1 -1 -1 -1 -1 -1 -1 -1 -1 -1 -1 -1 -1 -1 -1 -1 -1 -1 -1
59 -1 -1 -1 -1 -1 -1 -1 -1 -1 -1 -1 -1 -1 -1 -1 -1 -1 -1 -1 -1
60 -1 -1 -1 -1 -1 -1 -1 -1 -1 -1 -1 -1 -1 -1 -1 -1 -1 -1 -1 -1
61 -1 -1 -1 -1 -1 -1 -1 -1 -1 -1 -1 -1 -1 -1 -1 -1 -1 -1 -1 -1
62 -1 -1 -1 -1 -1 -1 -1 -1 -1 -1 -1 -1 -1 -1 -1 -1 -1 -1 -1 -1
63 -1 -1 -1 -1 -1 -1 -1 -1 -1 -1 -1 -1 -1 -1 -1 -1 -1 -1 -1 -1
64 -1 -1 -1 -1 -1 -1 -1 -1 -1 -1 -1 -1 -1 -1 -1 -1 -1 -1 -1 -1
65 -1 -1 -1 -1 -1 -1 -1 -1 -1 -1 -1 -1 -1 -1 -1 -1 -1 -1 -1 -1
66 -1 -1 -1 -1 -1 -1 -1 -1 -1 -1 -1 -1 -1 -1 -1 -1 -1 -1 -1 -1
67 -1 -1 -1 -1 -1 -1 -1 -1 -1 -1 -1 -1 -1 -1 -1 -1 -1 -1 -1 -1
68 -1 -1 -1 -1 -1 -1 -1 -1 -1 -1 -1 -1 -1 -1 -1 -1 -1 -1 -1 -1
69 -1 -1 -1 -1 -1 -1 -1 -1 -1 -1 -1 -1 -1 -1 -1 -1 -1 -1 -1 -1
70 -1 -1 -1 -1 -1 -1 -1 -1 -1 -1 -1 -1 -1 -1 -1 -1 -1 -1 -1 -1
71 -1 -1 -1 -1 -1 -1 -1 -1 -1 -1 -1 -1 -1 -1 -1 -1 -1 -1 -1 -1
72 -1 -1 -1 -1 -1 -1 -1 -1 -1 -1 -1 -1 -1 -1 -1 -1 -1 -1 -1 -1
73 -1 -1 -1 -1 -1 -1 -1 -1 -1 -1 -1 -1 -1 -1 -1 -1 -1 -1 -1 -1
74 -1 -1 -1 -1 -1 -1 -1 -1 -1 -1 -1 -1 -1 -1 -1 -1 -1 -1 -1 -1
75 -1 -1 -1 -1 -1 -1 -1 -1 -1 -1 -1 -1 -1 -1 -1 -1 -1 -1 -1 -1
76 -1 -1 -1 -1 -1 -1 -1 -1 -1 -1 -1 -1 -1 -1 -1 -1 -1 -1 -1 -1
77 -1 -1 -1 -1 -1 -1 -1 -1 -1 -1 -1 -1 -1 -1 -1 -1 -1 -1 -1 -1
78 -1 -1 -1 -1 -1 -1 -1 -1 -1 -1 -1 -1 -1 -1 -1 -1 -1 -1 -1 -1
79 -1 -1 -1 -1 -1 -1 -1 -1 -1 -1 -1 -1 -1 -1 -1 -1 -1 -1 -1 -1
80 -1 -1 -1 -1 -1 -1 -1 -1 -1 -1 -1 -1 -1 -1 -1 -1 -1 -1 -1 -1
81 -1 -1 -1 -1 -1 -1 -1 -1 -1 -1 -1 -1 -1 -1 -1 -1 -1 -1 -1 -1
82 -1 -1 -1 -1 -1 -1 -1 -1 -1 -1 -1 -1 -1 -1 -1 -1 -1 -1 -1 -1
83 -1 -1 -1 -1 -1 -1 -1 -1 -1 -1 -1 -1 -1 -1 -1 -1 -1 -1 -1 -1
84 -1 -1 -1 -1 -1 -1 -1 -1 -1 -1 -1 -1 -1 -1 -1 -1 -1 -1 -1 -1
85 -1 -1 -1 -1 -1 -1 -1 -1 -1 -1 -1 -1 -1 -1 -1 -1 -1 -1 -1 -1
86 -1 -1 -1 -1 -1 -1 -1 -1 -1 -1 -1 -1 -1 -1 -1 -1 -1 -1 -1 -1
87 -1 -1 -1 -1 -1 -1 -1 -1 -1 -1 -1 -1 -1 -1 -1 -1 -1 -1 -1 -1
88 -1 -1 -1 -1 -1 -1 -1 -1 -1 -1 -1 -1 -1 -1 -1 -1 -1 -1 -1 -1
89 -1 -1 -1 -1 -1 -1 -1 -1 -1 -1 -1 -1 -1 -1 -1 -1 -1 -1 -1 -1
90 -1 -1 -1 -1 -1 -1 -1 -1 -1 -1 -1 -1 -1 -1 -1 -1 -1 -1 -1 -1
91 -1 -1 -1 -1 -1 -1 -1 -1 -1 -1 -1 -1 -1 -1 -1 -1 -1 -1 -1 -1
92 -1 -1 -1 -1 -1 -1 -1 -1 -1 -1 -1 -1 -1 -1 -1 -1 -1 -1 -1 -1
93 0.301106 0.262576 0.298664 0.499298 0.276335 0.499267 0.320992 0.499329 0.276335 0.499267 0.291233 0.659209 0.284374 0.839105 0.320992 0.499329 0.354047 0.659690 0.374958 0.813977
94 0.303829 0.263600 0.300789 0.496520 0.277712 0.496314 0.323866 0.496726 0.277712 0.496314 0.292111 0.657180 0.283776 0.836172 0.323866 0.496726 0.355303 0.655965 0.378929 0.806266
95 0.306777 0.264363 0.302471 0.493786 0.279115 0.493769 0.325826 0.493804 0.279115 0.493769 0.293853 0.654669 0.283102 0.833850 0.325826 0.493804 0.356955 0.652537 0.380885 0.803071
96 0.309627 0.264439 0.305871 0.492040 0.281600 0.492266 0.330141 0.491814 0.281600 0.492266 0.296483 0.654057 0.282654 0.834096 0.330141 0.491814 0.361127 0.650948 0.382913 0.803583
97 0.313648 0.264606 0.311211 0.491581 0.286914 0.491710 0.335509 0.491452 0.286914 0.491710 0.297351 0.654076 0.281815 0.834461 0.335509 0.491452 0.365035 0.651141 0.381284 0.804991
98 0.319042 0.264977 0.315437 0.490019 0.290922 0.489766 0.339953 0.490272 0.290922 0.489766 0.298769 0.652196 0.277768 0.831163 0.339953 0.490272 0.367572 0.650322 0.382073 0.805347
99 0.324363 0.264914 0.320801 0.487278 0.295872 0.486601 0.345730 0.487954 0.295872 0.486601 0.300909 0.650307 0.275193 0.828242 0.345730 0.487954 0.371204 0.649848 0.382246 0.806967
100 0.329775 0.264937 0.327583 0.485677 0.302918 0.485581 0.352248 0.485773 0.302918 0.485581 0.303712 0.649834 0.274819 0.827937 0.352248 0.485773 0.375378 0.650622 0.379911 0.808620
101 0.335684 0.264820 0.335416 0.487117 0.310426 0.486822 0.360406 0.487411 0.310426 0.486822 0.307181 0.650558 0.275189 0.827682 0.360406 0.487411 0.378920 0.653140 0.378623 0.809358
102 0.342192 0.264328 0.344287 0.486156 0.319690 0.484963 0.368885 0.487349 0.319690 0.484963 0.312930 0.648090 0.276511 0.824653 0.368885 0.487349 0.384306 0.653256 0.379831 0.810262
103 0.348605 0.263838 0.351571 0.485807 0.327061 0.484078 0.376081 0.487536 0.327061 0.484078 0.319121 0.646835 0.278301 0.820986 0.376081 0.487536 0.390423 0.652701 0.381277 0.808424
104 0.354438 0.263110 0.356685 0.485753 0.331898 0.483788 0.381471 0.487718 0.331898 0.483788 0.328395 0.642170 0.282537 0.816185 0.381471 0.487718 0.393399 0.652069 0.382903 0.808014
105 0.361501 0.262798 0.362759 0.486123 0.338211 0.484207 0.387306 0.488039 0.338211 0.484207 0.340635 0.637564 0.290581 0.803855 0.387306 0.488039 0.397089 0.652086 0.383254 0.806784
106 0.367518 0.262530 0.366640 0.486234 0.342582 0.484194 0.390697 0.488274 0.342582 0.484194 0.351415 0.634431 0.298853 0.790374 0.390697 0.488274 0.400408 0.652214 0.383462 0.806427
107 0.371843 0.262442 0.368982 0.484279 0.345809 0.481380 0.392155 0.487177 0.345809 0.481380 0.358292 0.630368 0.306501 0.779222 0.392155 0.487177 0.403356 0.651680 0.382950 0.806487
108 0.375706 0.262121 0.370920 0.481911 0.348915 0.478802 0.392925 0.485020 0.348915 0.478802 0.363635 0.626133 0.313698 0.767211 0.392925 0.485020 0.405815 0.650368 0.382789 0.806449
109 0.380598 0.261977 0.373553 0.479808 0.351756 0.476152 0.395349 0.483464 0.351756 0.476152 0.366949 0.623235 0.320795 0.761972 0.395349 0.483464 0.406829 0.646537 0.383231 0.805696
110 0.385328 0.261845 0.375111 0.480071 0.354068 0.476306 0.396153 0.483835 0.354068 0.476306 0.371590 0.622096 0.329617 0.761263 0.396153 0.483835 0.408716 0.644660 0.386100 0.804153
111 0.389390 0.261931 0.375223 0.478383 0.354459 0.473642 0.395986 0.483124 0.354459 0.473642 0.374561 0.617295 0.340169 0.759563 0.395986 0.483124 0.409554 0.641321 0.387477 0.803093
112 0.393234 0.261251 0.375120 0.474155 0.354689 0.468613 0.395551 0.479697 0.354689 0.468613 0.377787 0.612773 0.347860 0.755027 0.395551 0.479697 0.409212 0.636726 0.387262 0.801784
113 0.397439 0.260750 0.375590 0.470253 0.355654 0.463889 0.395525 0.476617 0.355654 0.463889 0.379995 0.611139 0.353240 0.754359 0.395525 0.476617 0.408760 0.633998 0.386143 0.798490
114 0.400940 0.260742 0.375307 0.468090 0.355509 0.461251 0.395105 0.474929 0.355509 0.461251 0.383020 0.607378 0.361995 0.751369 0.395105 0.474929 0.408277 0.632613 0.385364 0.798831
115 0.403182 0.260424 0.375342 0.467802 0.355644 0.461573 0.395039 0.474031 0.355644 0.461573 0.383157 0.606560 0.366649 0.751930 0.395039 0.474031 0.408012 0.632386 0.384690 0.798366
116 0.405920 0.259837 0.374813 0.467627 0.355021 0.461244 0.394605 0.474010 0.355021 0.461244 0.382882 0.605417 0.370545 0.748521 0.394605 0.474010 0.407502 0.631973 0.384049 0.797628
117 0.407259 0.259198 0.374308 0.465982 0.354447 0.459949 0.394168 0.472015 0.354447 0.459949 0.381128 0.605709 0.365652 0.749955 0.394168 0.472015 0.407289 0.630977 0.383297 0.797688
118 0.408704 0.259237 0.373954 0.465454 0.354084 0.459485 0.393824 0.471423 0.354084 0.459485 0.379419 0.606718 0.362752 0.750733 0.393824 0.471423 0.407014 0.631374 0.382766 0.797477
119 -1 -1 -1 -1 -1 -1 -1 -1 -1 -1 -1 -1 -1 -1 -1 -1 -1 -1 -1 -1
120 -1 -1 -1 -1 -1 -1 -1 -1 -1 -1 -1 -1 -1 -1 -1 -1 -1 -1 -1 -1
121 -1 -1 -1 -1 -1 -1 -1 -1 -1 -1 -1 -1 -1 -1 -1 -1 -1 -1 -1 -1
122 -1 -1 -1 -1 -1 -1 -1 -1 -1 -1 -1 -1 -1 -1 -1 -1 -1 -1 -1 -1
123 -1 -1 -1 -1 -1 -1 -1 -1 -1 -1 -1 -1 -1 -1 -1 -1 -1 -1 -1 -1
124 -1 -1 -1 -1 -1 -1 -1 -1 -1 -1 -1 -1 -1 -1 -1 -1 -1 -1 -1 -1
125 -1 -1 -1 -1 -1 -1 -1 -1 -1 -1 -1 -1 -1 -1 -1 -1 -1 -1 -1 -1
126 -1 -1 -1 -1 -1 -1 -1 -1 -1 -1 -1 -1 -1 -1 -1 -1 -1 -1 -1 -1
127 -1 -1 -1 -1 -1 -1 -1 -1 -1 -1 -1 -1 -1 -1 -1 -1 -1 -1 -1 -1
128 -1 -1 -1 -1 -1 -1 -1 -1 -1 -1 -1 -1 -1 -1 -1 -1 -1 -1 -1 -1
129 -1 -1 -1 -1 -1 -1 -1 -1 -1 -1 -1 -1 -1 -1 -1 -1 -1 -1 -1 -1
130 -1 -1 -1 -1 -1 -1 -1 -1 -1 -1 -1 -1 -1 -1 -1 -1 -1 -1 -1 -1
131 -1 -1 -1 -1 -1 -1 -1 -1 -1 -1 -1 -1 -1 -1 -1 -1 -1 -1 -1 -1
132 -1 -1 -1 -1 -1 -1 -1 -1 -1 -1 -1 -1 -1 -1 -1 -1 -1 -1 -1 -1
133 -1 -1 -1 -1 -1 -1 -1 -1 -1 -1 -1 -1 -1 -1 -1 -1 -1 -1 -1 -1
134 -1 -1 -1 -1 -1 -1 -1 -1 -1 -1 -1 -1 -1 -1 -1 -1 -1 -1 -1 -1
135 -1 -1 -1 -1 -1 -1 -1 -1 -1 -1 -1 -1 -1 -1 -1 -1 -1 -1 -1 -1
136 -1 -1 -1 -1 -1 -1 -1 -1 -1 -1 -1 -1 -1 -1 -1 -1 -1 -1 -1 -1
137 -1 -1 -1 -1 -1 -1 -1 -1 -1 -1 -1 -1 -1 -1 -1 -1 -1 -1 -1 -1
138 -1 -1 -1 -1 -1 -1 -1 -1 -1 -1 -1 -1 -1 -1 -1 -1 -1 -1 -1 -1
139 -1 -1 -1 -1 -1 -1 -1 -1 -1 -1 -1 -1 -1 -1 -1 -1 -1 -1 -1 -1
140 -1 -1 -1 -1 -1 -1 -1 -1 -1 -1 -1 -1 -1 -1 -1 -1 -1 -1 -1 -1
141 -1 -1 -1 -1 -1 -1 -1 -1 -1 -1 -1 -1 -1 -1 -1 -1 -1 -1 -1 -1
142 -1 -1 -1 -1 -1 -1 -1 -1 -1 -1 -1 -1 -1 -1 -1 -1 -1 -1 -1 -1
143 -1 -1 -1 -1 -1 -1 -1 -1 -1 -1 -1 -1 -1 -1 -1 -1 -1 -1 -1 -1
144 -1 -1 -1 -1 -1 -1 -1 -1 -1 -1 -1 -1 -1 -1 -1 -1 -1 -1 -1 -1
145 -1 -1 -1 -1 -1 -1 -1 -1 -1 -1 -1 -1 -1 -1 -1 -1 -1 -1 -1 -1
146 -1 -1 -1 -1 -1 -1 -1 -1 -1 -1 -1 -1 -1 -1 -1 -1 -1 -1 -1 -1
147 -1 -1 -1 -1 -1 -1 -1 -1 -1 -1 -1 -1 -1 -1 -1 -1 -1 -1 -1 -1
148 -1 -1 -1 -1 -1 -1 -1 -1 -1 -1 -1 -1 -1 -1 -1 -1 -1 -1 -1 -1
149 -1 -1 -1 -1 -1 -1 -1 -1 -1 -1 -1 -1 -1 -1 -1 -1 -1 -1 -1 -1
150 -1 -1 -1 -1 -1 -1 -1 -1 -1 -1 -1 -1 -1 -1 -1 -1 -1 -1 -1 -1
151 -1 -1 -1 -1 -1 -1 -1 -1 -1 -1 -1 -1 -1 -1 -1 -1 -1 -1 -1 -1
152 -1 -1 -1 -1 -1 -1 -1 -1 -1 -1 -1 -1 -1 -1 -1 -1 -1 -1 -1 -1
153 -1 -1 -1 -1 -1 -1 -1 -1 -1 -1 -1 -1 -1 -1 -1 -1 -1 -1 -1 -1
154 -1 -1 -1 -1 -1 -1 -1 -1 -1 -1 -1 -1 -1 -1 -1 -1 -1 -1 -1 -1
155 -1 -1 -1 -1 -1 -1 -1 -1 -1 -1 -1 -1 -1 -1 -1 -1 -1 -1 -1 -1
156 -1 -1 -1 -1 -1 -1 -1 -1 -1 -1 -1 -1 -1 -1 -1 -1 -1 -1 -1 -1
157 -1 -1 -1 -1 -1 -1 -1 -1 -1 -1 -1 -1 -1 -1 -1 -1 -1 -1 -1 -1
158 -1 -1 -1 -1 -1 -1 -1 -1 -1 -1 -1 -1 -1 -1 -1 -1 -1 -1 -1 -1
159 -1 -1 -1 -1 -1 -1 -1 -1 -1 -1 -1 -1 -1 -1 -1 -1 -1 -1 -1 -1
160 -1 -1 -1 -1 -1 -1 -1 -1 -1 -1 -1 -1 -1 -1 -1 -1 -1 -1 -1 -1
161 -1 -1 -1 -1 -1 -1 -1 -1 -1 -1 -1 -1 -1 -1 -1 -1 -1 -1 -1 -1
162 -1 -1 -1 -1 -1 -1 -1 -1 -1 -1 -1 -1 -1 -1 -1 -1 -1 -1 -1 -1
163 -1 -1 -1 -1 -1 -1 -1 -1 -1 -1 -1 -1 -1 -1 -1 -1 -1 -1 -1 -1
164 -1 -1 -1 -1 -1 -1 -1 -1 -1 -1 -1 -1 -1 -1 -1 -1 -1 -1 -1 -1
165 -1 -1 -1 -1 -1 -1 -1 -1 -1 -1 -1 -1 -1 -1 -1 -1 -1 -1 -1 -1
166 -1 -1 -1 -1 -1 -1 -1 -1 -1 -1 -1 -1 -1 -1 -1 -1 -1 -1 -1 -1
167 -1 -1 -1 -1 -1 -1 -1 -1 -1 -1 -1 -1 -1 -1 -1 -1 -1 -1 -1 -1
168 0.556287 0.686224 0.469384 0.624205 0.471111 0.645365 0.467658 0.603046 0.471111 0.645365 0.399704 0.731681 0.296093 0.765442 0.467658 0.603046 0.408628 0.708688 0.296936 0.760793
169 0.567930 0.696743 0.475439 0.647256 0.478945 0.669900 0.471932 0.624612 0.478945 0.669900 0.400229 0.757219 0.297527 0.767191 0.471932 0.624612 0.406971 0.720076 0.294471 0.762513
170 0.572256 0.699480 0.475137 0.659659 0.480184 0.678803 0.470089 0.640515 0.480184 0.678803 0.400762 0.743217 0.300394 0.763222 0.470089 0.640515 0.404167 0.728049 0.292276 0.758475
171 0.584404 0.699304 0.480071 0.670860 0.483887 0.693264 0.476255 0.648455 0.483887 0.693264 0.400229 0.748269 0.301881 0.759131 0.476255 0.648455 0.401773 0.715923 0.290660 0.755647
172 0.595889 0.697214 0.495585 0.667926 0.495227 0.692768 0.495944 0.643083 0.495227 0.692768 0.400664 0.732813 0.304137 0.753407 0.495944 0.643083 0.400276 0.703998 0.295547 0.742714
173 0.599787 0.687549 0.490662 0.661556 0.489319 0.686619 0.492004 0.636494 0.489319 0.686619 0.397818 0.731509 0.297018 0.744060 0.492004 0.636494 0.397792 0.699063 0.297237 0.735316
174 0.604036 0.681884 0.491169 0.656018 0.489007 0.685161 0.493331 0.626875 0.489007 0.685161 0.392957 0.725753 0.295154 0.741927 0.493331 0.626875 0.397183 0.687603 0.325386 0.725741
175 0.608956 0.678879 0.498364 0.651896 0.496684 0.683686 0.500045 0.620105 0.496684 0.683686 0.394194 0.722707 0.295668 0.740928 0.500045 0.620105 0.424800 0.658192 0.407802 0.704330
176 0.612375 0.678019 0.503921 0.648807 0.501117 0.680955 0.506724 0.616659 0.501117 0.680955 0.407932 0.721110 0.298621 0.740694 0.506724 0.616659 0.489300 0.630726 0.416446 0.663856
177 0.615966 0.677035 0.508655 0.647433 0.504076 0.679529 0.513234 0.615336 0.504076 0.679529 0.417356 0.720092 0.300788 0.739845 0.513234 0.615336 0.519048 0.602175 0.426876 0.656478
178 0.618201 0.675256 0.511890 0.647739 0.506725 0.679170 0.517055 0.616307 0.506725 0.679170 0.421743 0.719585 0.308545 0.739223 0.517055 0.616307 0.517272 0.586319 0.429968 0.649965
179 0.619276 0.673755 0.512930 0.645188 0.506652 0.675241 0.519209 0.615135 0.506652 0.675241 0.419397 0.706715 0.310613 0.739108 0.519209 0.615135 0.521019 0.574440 0.433229 0.643721
180 0.621701 0.672832 0.512602 0.644534 0.505914 0.674220 0.519290 0.614847 0.505914 0.674220 0.423268 0.707298 0.314002 0.738389 0.519290 0.614847 0.516030 0.556549 0.436753 0.636687
181 0.622477 0.672251 0.513642 0.644284 0.507261 0.673981 0.520022 0.614586 0.507261 0.673981 0.424220 0.706635 0.319544 0.734666 0.520022 0.614586 0.509571 0.545399 0.438128 0.632674
182 0.622367 0.672886 0.512234 0.648591 0.506428 0.677979 0.518040 0.619203 0.506428 0.677979 0.423010 0.706989 0.322716 0.731450 0.518040 0.619203 0.502311 0.543684 0.435721 0.631920
183 0.621949 0.673694 0.510632 0.648483 0.505329 0.677628 0.515936 0.619338 0.505329 0.677628 0.421571 0.706727 0.323407 0.730380 0.515936 0.619338 0.494716 0.543023 0.432299 0.631211
184 0.622227 0.673942 0.509374 0.648412 0.504353 0.677774 0.514394 0.619050 0.504353 0.677774 0.421080 0.707194 0.323097 0.730922 0.514394 0.619050 0.488097 0.539578 0.430082 0.628044
185 0.622173 0.674996 0.508638 0.648369 0.503818 0.677634 0.513458 0.619103 0.503818 0.677634 0.420421 0.708365 0.323764 0.737475 0.513458 0.619103 0.479107 0.539215 0.426947 0.631087
186 0.622161 0.676336 0.508123 0.650440 0.503416 0.679660 0.512831 0.621219 0.503416 0.679660 0.417164 0.708977 0.323189 0.743112 0.512831 0.621219 0.470864 0.546129 0.424589 0.637194
187 0.621835 0.677457 0.508041 0.652257 0.503595 0.680843 0.512488 0.623672 0.503595 0.680843 0.416638 0.710505 0.322747 0.748536 0.512488 0.623672 0.462741 0.552305 0.422950 0.645548
188 0.621497 0.678419 0.507907 0.652727 0.503393 0.681217 0.512421 0.624237 0.503393 0.681217 0.416619 0.713772 0.321314 0.749969 0.512421 0.624237 0.457576 0.555495 0.422276 0.651042
189 0.621689 0.679555 0.507183 0.652744 0.502933 0.680949 0.511432 0.624540 0.502933 0.680949 0.417120 0.716026 0.320548 0.750549 0.511432 0.624540 0.455164 0.556867 0.420190 0.657092
190 0.622803 0.681930 0.506883 0.652617 0.502880 0.681134 0.510887 0.624099 0.502880 0.681134 0.419630 0.716319 0.320098 0.750050 0.510887 0.624099 0.454562 0.557573 0.413664 0.659851
191 0.622847 0.683154 0.505202 0.652449 0.501519 0.681069 0.508885 0.623830 0.501519 0.681069 0.419380 0.716512 0.316173 0.750027 0.508885 0.623830 0.450978 0.558255 0.411029 0.659208
192 0.622880 0.684637 0.504877 0.651657 0.501245 0.679611 0.508509 0.623704 0.501245 0.679611 0.419536 0.716200 0.314338 0.749768 0.508509 0.623704 0.451641 0.558699 0.409278 0.659329
193 0.622623 0.685113 0.504800 0.650802 0.501092 0.678124 0.508508 0.623479 0.501092 0.678124 0.419522 0.716123 0.312408 0.749630 0.508508 0.623479 0.453439 0.558193 0.409423 0.659287
194 0.623535 0.685414 0.504970 0.650446 0.501077 0.677448 0.508863 0.623443 0.501077 0.677448 0.419429 0.716091 0.311341 0.749696 0.508863 0.623443 0.453831 0.558536 0.409940 0.659002
195 0.624436 0.685932 0.505048 0.650317 0.501073 0.677001 0.509024 0.623633 0.501073 0.677001 0.419255 0.716231 0.311665 0.749645 0.509024 0.623633 0.453769 0.558277 0.410179 0.659751
196 0.625256 0.685690 0.505847 0.650017 0.501493 0.676357 0.510201 0.623678 0.501493 0.676357 0.419155 0.717049 0.312746 0.749631 0.510201 0.623678 0.454074 0.556790 0.411539 0.659770
197 0.626215 0.685519 0.506520 0.650533 0.502208 0.676691 0.510833 0.624374 0.502208 0.676691 0.419082 0.718049 0.312841 0.750124 0.510833 0.624374 0.454551 0.555549 0.413187 0.659670
198 0.626914 0.684906 0.507023 0.650741 0.502606 0.676863 0.511440 0.624619 0.502606 0.676863 0.418892 0.718484 0.312914 0.750739 0.511440 0.624619 0.454806 0.554490 0.414668 0.659235
199 0.627256 0.684635 0.507411 0.651064 0.502812 0.677264 0.512009 0.624865 0.502812 0.677264 0.418711 0.719293 0.313441 0.750716 0.512009 0.624865 0.454929 0.553577 0.416222 0.658133
200 0.627511 0.684485 0.507449 0.650969 0.502798 0.677097 0.512099 0.624840 0.502798 0.677097 0.418258 0.719694 0.313439 0.750680 0.512099 0.624840 0.455029 0.551667 0.416760 0.657351
201 0.627607 0.684543 0.507541 0.650560 0.502782 0.676231 0.512300 0.624889 0.502782 0.676231 0.417993 0.719731 0.313196 0.750664 0.512300 0.624889 0.455214 0.549703 0.416929 0.656987
202 0.627693 0.684572 0.507536 0.650260 0.502758 0.675586 0.512313 0.624934 0.502758 0.675586 0.417471 0.719694 0.313159 0.750628 0.512313 0.624934 0.456009 0.548970 0.416892 0.656840
203 0.627793 0.684607 0.507468 0.649917 0.502633 0.674912 0.512303 0.624922 0.502633 0.674912 0.417090 0.719089 0.312519 0.750514 0.512303 0.624922 0.456604 0.548093 0.416848 0.656359
204 0.627823 0.684649 0.507200 0.649708 0.502162 0.674485 0.512238 0.624932 0.502162 0.674485 0.416033 0.718883 0.311860 0.750477 0.512238 0.624932 0.457747 0.546531 0.416826 0.655744
205 0.627814 0.684724 0.507186 0.649561 0.502152 0.674185 0.512221 0.624936 0.502152 0.674185 0.415827 0.718557 0.311259 0.750452 0.512221 0.624936 0.458220 0.545303 0.416772 0.655188
206 0.627887 0.684778 0.507206 0.649575 0.502149 0.674202 0.512263 0.624947 0.502149 0.674202 0.415198 0.718544 0.311073 0.750421 0.512263 0.624947 0.458539 0.545387 0.416755 0.654842
207 0.627925 0.684762 0.507307 0.649554 0.502170 0.674190 0.512445 0.624919 0.502170 0.674190 0.415188 0.718510 0.311073 0.750389 0.512445 0.624919 0.458917 0.545124 0.416731 0.654188
208 0.627932 0.684691 0.507392 0.649521 0.502223 0.674129 0.512562 0.624913 0.502223 0.674129 0.415208 0.718498 0.311109 0.750336 0.512562 0.624913 0.459017 0.544644 0.416672 0.653631
209 0.627975 0.684617 0.507532 0.649430 0.502340 0.673881 0.512723 0.624978 0.502340 0.673881 0.415286 0.718490 0.311216 0.750244 0.512723 0.624978 0.459240 0.543745 0.416623 0.653082
210 0.628008 0.684499 0.507610 0.649345 0.502391 0.673712 0.512830 0.624977 0.502391 0.673712 0.415297 0.718584 0.311235 0.750190 0.512830 0.624977 0.459776 0.543074 0.416586 0.652592
211 0.628007 0.684453 0.507670 0.649246 0.502423 0.673542 0.512916 0.624950 0.502423 0.673542 0.415305 0.718545 0.311248 0.750176 0.512916 0.624950 0.459915 0.542562 0.416558 0.652476
212 0.628013 0.684441 0.507754 0.649034 0.502500 0.673176 0.513008 0.624892 0.502500 0.673176 0.415352 0.718446 0.311259 0.750090 0.513008 0.624892 0.460007 0.542258 0.416499 0.652484
213 0.628011 0.684435 0.507735 0.649030 0.502474 0.673174 0.512995 0.624886 0.502474 0.673174 0.415320 0.718439 0.311174 0.750065 0.512995 0.624886 0.460018 0.542036 0.416484 0.652398
214 0.628005 0.684451 0.507704 0.649033 0.502472 0.673129 0.512936 0.624936 0.502472 0.673129 0.415309 0.718288 0.311111 0.750044 0.512936 0.624936 0.460016 0.541859 0.416402 0.652392
215 0.628013 0.684438 0.507702 0.649041 0.502472 0.673134 0.512933 0.624947 0.502472 0.673134 0.415239 0.718280 0.311012 0.750031 0.512933 0.624947 0.460075 0.541645 0.416385 0.652296
216 0.628040 0.684448 0.507691 0.649140 0.502461 0.673316 0.512922 0.624964 0.502461 0.673316 0.415170 0.718306 0.310729 0.750017 0.512922 0.624964 0.460074 0.541453 0.416365 0.652288
217 0.628084 0.684442 0.507628 0.649336 0.502434 0.673640 0.512822 0.625032 0.502434 0.673640 0.414741 0.718410 0.310644 0.750006 0.512822 0.625032 0.460008 0.541474 0.416283 0.652289
218 0.628000 0.684560 0.507517 0.649341 0.502337 0.673665 0.512697 0.625018 0.502337 0.673665 0.414741 0.718944 0.310647 0.749989 0.512697 0.625018 0.459989 0.541304 0.416311 0.652229
219 0.627903 0.684596 0.507383 0.649393 0.502215 0.673824 0.512552 0.624963 0.502215 0.673824 0.414441 0.719144 0.310670 0.749874 0.512552 0.624963 0.459900 0.541350 0.416338 0.651875
220 0.627801 0.684617 0.507330 0.649411 0.502165 0.673860 0.512495 0.624961 0.502165 0.673860 0.414417 0.719233 0.310749 0.749809 0.512495 0.624961 0.459869 0.541374 0.416331 0.651843
221 0.627752 0.684653 0.507325 0.649479 0.502158 0.673996 0.512492 0.624963 0.502158 0.673996 0.414064 0.719413 0.310751 0.749754 0.512492 0.624963 0.459769 0.541377 0.416340 0.651828
222 0.627661 0.684695 0.507324 0.649395 0.502158 0.673926 0.512489 0.624863 0.502158 0.673926 0.414151 0.719375 0.311112 0.749620 0.512489 0.624863 0.459604 0.541276 0.416343 0.651728
223 0.627657 0.684712 0.507366 0.649453 0.502236 0.674006 0.512496 0.624901 0.502236 0.674006 0.414632 0.719279 0.311383 0.749553 0.512496 0.624901 0.459539 0.541267 0.416319 0.651668
224 0.627643 0.684731 0.507332 0.649501 0.502235 0.674012 0.512430 0.624990 0.502235 0.674012 0.414808 0.719220 0.311446 0.749544 0.512430 0.624990 0.459510 0.541207 0.416299 0.651667
225 0.627641 0.684744 0.507308 0.649465 0.502220 0.673947 0.512397 0.624984 0.502220 0.673947 0.414908 0.718976 0.311447 0.749523 0.512397 0.624984 0.459487 0.541123 0.416253 0.651669
226 0.627639 0.684773 0.507302 0.649507 0.502210 0.673958 0.512394 0.625055 0.502210 0.673958 0.414902 0.718845 0.311506 0.749516 0.512394 0.625055 0.459483 0.541066 0.416240 0.651625
227 0.627632 0.684801 0.507303 0.649530 0.502209 0.674006 0.512398 0.625053 0.502209 0.674006 0.414848 0.718840 0.311507 0.749510 0.512398 0.625053 0.459436 0.541142 0.416252 0.651677
228 0.627602 0.684807 0.507302 0.649512 0.502208 0.673990 0.512396 0.625034 0.502208 0.673990 0.414843 0.718762 0.311623 0.749497 0.512396 0.625034 0.459440 0.541036 0.416249 0.651753
229 0.627611 0.684822 0.507223 0.649562 0.502164 0.674073 0.512283 0.625051 0.502164 0.674073 0.414599 0.718808 0.311626 0.749487 0.512283 0.625051 0.459432 0.541044 0.416247 0.651771
230 0.627608 0.684851 0.507259 0.649670 0.502227 0.674236 0.512290 0.625103 0.502227 0.674236 0.415069 0.718776 0.311689 0.749476 0.512290 0.625103 0.459330 0.541323 0.416238 0.651643
231 0.627593 0.684865 0.507296 0.649846 0.502275 0.674382 0.512317 0.625310 0.502275 0.674382 0.415124 0.718770 0.311563 0.749509 0.512317 0.625310 0.459327 0.541446 0.416210 0.651642
232 0.627543 0.684864 0.507318 0.650013 0.502289 0.674463 0.512346 0.625563 0.502289 0.674463 0.415148 0.718817 0.311504 0.749586 0.512346 0.625563 0.459351 0.541486 0.416163 0.651645
233 0.627497 0.684858 0.507319 0.650087 0.502296 0.674504 0.512342 0.625670 0.502296 0.674504 0.415162 0.718841 0.311504 0.749637 0.512342 0.625670 0.459314 0.541539 0.416125 0.651639
234 0.627443 0.684829 0.507390 0.650103 0.502390 0.674507 0.512390 0.625698 0.502390 0.674507 0.415170 0.718856 0.312039 0.749610 0.512390 0.625698 0.459316 0.541542 0.416020 0.651601
235 0.627394 0.684777 0.507410 0.650107 0.502423 0.674505 0.512397 0.625709 0.502423 0.674505 0.415205 0.718801 0.312272 0.749519 0.512397 0.625709 0.459319 0.541534 0.415987 0.651600
236 0.627399 0.684751 0.507377 0.650131 0.502403 0.674545 0.512351 0.625717 0.502403 0.674545 0.415114 0.718849 0.312263 0.749502 0.512351 0.625717 0.459312 0.541500 0.415943 0.651609
237 0.627393 0.684736 0.507388 0.650117 0.502411 0.674546 0.512365 0.625689 0.502411 0.674546 0.415116 0.718795 0.312242 0.749467 0.512365 0.625689 0.459335 0.541453 0.415849 0.651634
238 0.627384 0.684725 0.507406 0.650026 0.502420 0.674432 0.512391 0.625621 0.502420 0.674432 0.415273 0.718744 0.312294 0.749437 0.512391 0.625621 0.459508 0.541405 0.415845 0.651633
239 0.627376 0.684717 0.507410 0.649929 0.502420 0.674322 0.512399 0.625537 0.502420 0.674322 0.415299 0.718676 0.312299 0.749433 0.512399 0.625537 0.459528 0.541285 0.415834 0.651598
240 0.627372 0.684710 0.507434 0.649582 0.502427 0.673778 0.512441 0.625385 0.502427 0.673778 0.415301 0.718666 0.312287 0.749439 0.512441 0.625385 0.459561 0.541023 0.415850 0.651598
241 0.627342 0.684714 0.507435 0.649582 0.502428 0.673781 0.512443 0.625383 0.502428 0.673781 0.415187 0.718777 0.312348 0.749408 0.512443 0.625383 0.459551 0.540970 0.415848 0.651468
242 0.627286 0.684736 0.507337 0.649615 0.502351 0.673794 0.512323 0.625437 0.502351 0.673794 0.414989 0.718584 0.312401 0.749351 0.512323 0.625437 0.459526 0.540970 0.415830 0.651370
243 0.627276 0.684732 0.507332 0.649570 0.502351 0.673792 0.512314 0.625349 0.502351 0.673792 0.414998 0.718473 0.312399 0.749348 0.512314 0.625349 0.459517 0.540941 0.415801 0.651242
244 0.627272 0.684743 0.507262 0.649644 0.502266 0.673914 0.512258 0.625374 0.502266 0.673914 0.414874 0.718525 0.312376 0.749413 0.512258 0.625374 0.459515 0.540941 0.415743 0.651233
245 0.627240 0.684786 0.507182 0.649656 0.502160 0.673938 0.512203 0.625375 0.502160 0.673938 0.414763 0.718569 0.312383 0.749433 0.512203 0.625375 0.459527 0.541026 0.415668 0.651318
246 0.627217 0.684808 0.507166 0.649677 0.502132 0.673971 0.512199 0.625382 0.502132 0.673971 0.414602 0.718570 0.312400 0.749429 0.512199 0.625382 0.459516 0.541030 0.415625 0.651324
247 0.627212 0.684806 0.507110 0.649701 0.502064 0.674014 0.512156 0.625387 0.502064 0.674014 0.414449 0.718615 0.312621 0.749390 0.512156 0.625387 0.459519 0.541132 0.415603 0.651414
248 0.627213 0.684772 0.507102 0.649729 0.502063 0.673997 0.512141 0.625460 0.502063 0.673997 0.414445 0.718527 0.312636 0.749388 0.512141 0.625460 0.459546 0.541123 0.415599 0.651412
249 0.627199 0.684783 0.507096 0.649762 0.502055 0.674059 0.512136 0.625465 0.502055 0.674059 0.414469 0.718489 0.312716 0.749420 0.512136 0.625465 0.459498 0.541239 0.415597 0.651439
250 0.627192 0.684798 0.507090 0.649860 0.502047 0.674064 0.512134 0.625657 0.502047 0.674064 0.414470 0.718387 0.312743 0.749438 0.512134 0.625657 0.459507 0.541282 0.415586 0.651458
251 0.627223 0.684838 0.507082 0.649930 0.502043 0.674120 0.512121 0.625740 0.502043 0.674120 0.414518 0.718281 0.312620 0.749438 0.512121 0.625740 0.459494 0.541351 0.415579 0.651599
252 0.627214 0.684840 0.507082 0.649981 0.502052 0.674132 0.512113 0.625830 0.502052 0.674132 0.414575 0.718219 0.312570 0.749437 0.512113 0.625830 0.459476 0.541353 0.415579 0.651690
