159
170
0 -1 -1 -1 -1 -1 -1 -1 -1 -1 -1 -1 -1 -1 -1 -1 -1 -1 -1 -1 -1
1 -1 -1 -1 -1 -1 -1 -1 -1 -1 -1 -1 -1 -1 -1 -1 -1 -1 -1 -1 -1
2 -1 -1 -1 -1 -1 -1 -1 -1 -1 -1 -1 -1 -1 -1 -1 -1 -1 -1 -1 -1
3 -1 -1 -1 -1 -1 -1 -1 -1 -1 -1 -1 -1 -1 -1 -1 -1 -1 -1 -1 -1
4 -1 -1 -1 -1 -1 -1 -1 -1 -1 -1 -1 -1 -1 -1 -1 -1 -1 -1 -1 -1
5 0.721988 0.448162 0.736389 0.466441 0.738289 0.461040 0.734489 0.471843 0.738289 0.461040 0.743944 0.453323 0.745344 0.467181 0.734489 0.471843 0.737285 0.478701 0.742362 0.483394
6 -1 -1 -1 -1 -1 -1 -1 -1 -1 -1 -1 -1 -1 -1 -1 -1 -1 -1 -1 -1
7 -1 -1 -1 -1 -1 -1 -1 -1 -1 -1 -1 -1 -1 -1 -1 -1 -1 -1 -1 -1
8 -1 -1 -1 -1 -1 -1 -1 -1 -1 -1 -1 -1 -1 -1 -1 -1 -1 -1 -1 -1
9 0.734648 0.465557 0.739964 0.482229 0.741207 0.481616 0.738721 0.482841 0.741207 0.481616 0.742920 0.489637 0.739609 0.495842 0.738721 0.482841 0.738870 0.489322 0.736618 0.488680
10 0.734670 0.464512 0.739569 0.478748 0.740397 0.477699 0.738742 0.479798 0.740397 0.477699 0.739703 0.479832 0.738727 0.483104 0.738742 0.479798 0.739672 0.482530 0.736529 0.484740
11 0.734674 0.464997 0.739136 0.478553 0.738900 0.478805 0.739372 0.478302 0.738900 0.478805 0.738645 0.482035 0.735116 0.485810 0.739372 0.478302 0.739667 0.480582 0.734828 0.481255
12 0.735098 0.465585 0.739181 0.482240 0.738942 0.482917 0.739420 0.481562 0.738942 0.482917 0.739950 0.493504 0.735685 0.499081 0.739420 0.481562 0.739968 0.481109 0.737369 0.487113
13 0.735468 0.460954 0.740094 0.478640 0.740451 0.477894 0.739737 0.479385 0.740451 0.477894 0.743342 0.486376 0.739174 0.484626 0.739737 0.479385 0.741384 0.483049 0.737894 0.482641
14 0.734669 0.460461 0.740058 0.478345 0.740460 0.478214 0.739656 0.478476 0.740460 0.478214 0.742917 0.486902 0.740924 0.490840 0.739656 0.478476 0.741607 0.480997 0.738635 0.484990
15 -1 -1 -1 -1 -1 -1 -1 -1 -1 -1 -1 -1 -1 -1 -1 -1 -1 -1 -1 -1
16 0.723847 0.454194 0.715367 0.509218 0.732885 0.504562 0.697850 0.513874 0.732885 0.504562 0.741567 0.537269 0.736100 0.565191 0.697850 0.513874 0.711655 0.569237 0.716411 0.596240
17 0.720360 0.457021 0.713377 0.513804 0.732896 0.509729 0.693858 0.517880 0.732896 0.509729 0.744329 0.532806 0.728024 0.528546 0.693858 0.517880 0.705149 0.552136 0.708126 0.529948
18 0.719606 0.456992 0.711885 0.516684 0.731325 0.511965 0.692444 0.521403 0.731325 0.511965 0.746374 0.533219 0.729784 0.531225 0.692444 0.521403 0.707779 0.556469 0.709913 0.539652
19 -1 -1 -1 -1 -1 -1 -1 -1 -1 -1 -1 -1 -1 -1 -1 -1 -1 -1 -1 -1
20 -1 -1 -1 -1 -1 -1 -1 -1 -1 -1 -1 -1 -1 -1 -1 -1 -1 -1 -1 -1
21 -1 -1 -1 -1 -1 -1 -1 -1 -1 -1 -1 -1 -1 -1 -1 -1 -1 -1 -1 -1
22 -1 -1 -1 -1 -1 -1 -1 -1 -1 -1 -1 -1 -1 -1 -1 -1 -1 -1 -1 -1
23 -1 -1 -1 -1 -1 -1 -1 -1 -1 -1 -1 -1 -1 -1 -1 -1 -1 -1 -1 -1
24 -1 -1 -1 -1 -1 -1 -1 -1 -1 -1 -1 -1 -1 -1 -1 -1 -1 -1 -1 -1
25 -1 -1 -1 -1 -1 -1 -1 -1 -1 -1 -1 -1 -1 -1 -1 -1 -1 -1 -1 -1
26 -1 -1 -1 -1 -1 -1 -1 -1 -1 -1 -1 -1 -1 -1 -1 -1 -1 -1 -1 -1
27 -1 -1 -1 -1 -1 -1 -1 -1 -1 -1 -1 -1 -1 -1 -1 -1 -1 -1 -1 -1
28 -1 -1 -1 -1 -1 -1 -1 -1 -1 -1 -1 -1 -1 -1 -1 -1 -1 -1 -1 -1
29 -1 -1 -1 -1 -1 -1 -1 -1 -1 -1 -1 -1 -1 -1 -1 -1 -1 -1 -1 -1
30 -1 -1 -1 -1 -1 -1 -1 -1 -1 -1 -1 -1 -1 -1 -1 -1 -1 -1 -1 -1
31 -1 -1 -1 -1 -1 -1 -1 -1 -1 -1 -1 -1 -1 -1 -1 -1 -1 -1 -1 -1
32 -1 -1 -1 -1 -1 -1 -1 -1 -1 -1 -1 -1 -1 -1 -1 -1 -1 -1 -1 -1
33 -1 -1 -1 -1 -1 -1 -1 -1 -1 -1 -1 -1 -1 -1 -1 -1 -1 -1 -1 -1
34 -1 -1 -1 -1 -1 -1 -1 -1 -1 -1 -1 -1 -1 -1 -1 -1 -1 -1 -1 -1
35 -1 -1 -1 -1 -1 -1 -1 -1 -1 -1 -1 -1 -1 -1 -1 -1 -1 -1 -1 -1
36 -1 -1 -1 -1 -1 -1 -1 -1 -1 -1 -1 -1 -1 -1 -1 -1 -1 -1 -1 -1
37 -1 -1 -1 -1 -1 -1 -1 -1 -1 -1 -1 -1 -1 -1 -1 -1 -1 -1 -1 -1
38 -1 -1 -1 -1 -1 -1 -1 -1 -1 -1 -1 -1 -1 -1 -1 -1 -1 -1 -1 -1
39 -1 -1 -1 -1 -1 -1 -1 -1 -1 -1 -1 -1 -1 -1 -1 -1 -1 -1 -1 -1
40 -1 -1 -1 -1 -1 -1 -1 -1 -1 -1 -1 -1 -1 -1 -1 -1 -1 -1 -1 -1
41 -1 -1 -1 -1 -1 -1 -1 -1 -1 -1 -1 -1 -1 -1 -1 -1 -1 -1 -1 -1
42 -1 -1 -1 -1 -1 -1 -1 -1 -1 -1 -1 -1 -1 -1 -1 -1 -1 -1 -1 -1
43 -1 -1 -1 -1 -1 -1 -1 -1 -1 -1 -1 -1 -1 -1 -1 -1 -1 -1 -1 -1
44 -1 -1 -1 -1 -1 -1 -1 -1 -1 -1 -1 -1 -1 -1 -1 -1 -1 -1 -1 -1
45 -1 -1 -1 -1 -1 -1 -1 -1 -1 -1 -1 -1 -1 -1 -1 -1 -1 -1 -1 -1
46 -1 -1 -1 -1 -1 -1 -1 -1 -1 -1 -1 -1 -1 -1 -1 -1 -1 -1 -1 -1
47 -1 -1 -1 -1 -1 -1 -1 -1 -1 -1 -1 -1 -1 -1 -1 -1 -1 -1 -1 -1
48 -1 -1 -1 -1 -1 -1 -1 -1 -1 -1 -1 -1 -1 -1 -1 -1 -1 -1 -1 -1
49 -1 -1 -1 -1 -1 -1 -1 -1 -1 -1 -1 -1 -1 -1 -1 -1 -1 -1 -1 -1
50 -1 -1 -1 -1 -1 -1 -1 -1 -1 -1 -1 -1 -1 -1 -1 -1 -1 -1 -1 -1
51 -1 -1 -1 -1 -1 -1 -1 -1 -1 -1 -1 -1 -1 -1 -1 -1 -1 -1 -1 -1
52 -1 -1 -1 -1 -1 -1 -1 -1 -1 -1 -1 -1 -1 -1 -1 -1 -1 -1 -1 -1
53 -1 -1 -1 -1 -1 -1 -1 -1 -1 -1 -1 -1 -1 -1 -1 -1 -1 -1 -1 -1
54 -1 -1 -1 -1 -1 -1 -1 -1 -1 -1 -1 -1 -1 -1 -1 -1 -1 -1 -1 -1
55 -1 -1 -1 -1 -1 -1 -1 -1 -1 -1 -1 -1 -1 -1 -1 -1 -1 -1 -1 -1
56 -1 -1 -1 -1 -1 -1 -1 -1 -1 -1 -1 -1 -1 -1 -1 -1 -1 -1 -1 -1
57 -1 -1 -1 -1 -1 -1 -1 -1 -1 -1 -1 -1 -1 -1 -1 -1 -1 -1 -1 -1
58 -1 -1 -1 -1 -1 -1 -1 -1 -1 -1 -1 -1 -1 -1 -1 -1 -1 -1 -1 -1
59 -1 -1 -1 -1 -1 -1 -1 -1 -1 -1 -1 -1 -1 -1 -1 -1 -1 -1 -1 -1
60 -1 -1 -1 -1 -1 -1 -1 -1 -1 -1 -1 -1 -1 -1 -1 -1 -1 -1 -1 -1
61 -1 -1 -1 -1 -1 -1 -1 -1 -1 -1 -1 -1 -1 -1 -1 -1 -1 -1 -1 -1
62 -1 -1 -1 -1 -1 -1 -1 -1 -1 -1 -1 -1 -1 -1 -1 -1 -1 -1 -1 -1
63 -1 -1 -1 -1 -1 -1 -1 -1 -1 -1 -1 -1 -1 -1 -1 -1 -1 -1 -1 -1
64 -1 -1 -1 -1 -1 -1 -1 -1 -1 -1 -1 -1 -1 -1 -1 -1 -1 -1 -1 -1
65 -1 -1 -1 -1 -1 -1 -1 -1 -1 -1 -1 -1 -1 -1 -1 -1 -1 -1 -1 -1
66 -1 -1 -1 -1 -1 -1 -1 -1 -1 -1 -1 -1 -1 -1 -1 -1 -1 -1 -1 -1
67 -1 -1 -1 -1 -1 -1 -1 -1 -1 -1 -1 -1 -1 -1 -1 -1 -1 -1 -1 -1
68 -1 -1 -1 -1 -1 -1 -1 -1 -1 -1 -1 -1 -1 -1 -1 -1 -1 -1 -1 -1
69 -1 -1 -1 -1 -1 -1 -1 -1 -1 -1 -1 -1 -1 -1 -1 -1 -1 -1 -1 -1
70 -1 -1 -1 -1 -1 -1 -1 -1 -1 -1 -1 -1 -1 -1 -1 -1 -1 -1 -1 -1
71 -1 -1 -1 -1 -1 -1 -1 -1 -1 -1 -1 -1 -1 -1 -1 -1 -1 -1 -1 -1
72 -1 -1 -1 -1 -1 -1 -1 -1 -1 -1 -1 -1 -1 -1 -1 -1 -1 -1 -1 -1
73 -1 -1 -1 -1 -1 -1 -1 -1 -1 -1 -1 -1 -1 -1 -1 -1 -1 -1 -1 -1
74 -1 -1 -1 -1 -1 -1 -1 -1 -1 -1 -1 -1 -1 -1 -1 -1 -1 -1 -1 -1
75 -1 -1 -1 -1 -1 -1 -1 -1 -1 -1 -1 -1 -1 -1 -1 -1 -1 -1 -1 -1
76 -1 -1 -1 -1 -1 -1 -1 -1 -1 -1 -1 -1 -1 -1 -1 -1 -1 -1 -1 -1
77 -1 -1 -1 -1 -1 -1 -1 -1 -1 -1 -1 -1 -1 -1 -1 -1 -1 -1 -1 -1
78 -1 -1 -1 -1 -1 -1 -1 -1 -1 -1 -1 -1 -1 -1 -1 -1 -1 -1 -1 -1
79 -1 -1 -1 -1 -1 -1 -1 -1 -1 -1 -1 -1 -1 -1 -1 -1 -1 -1 -1 -1
80 -1 -1 -1 -1 -1 -1 -1 -1 -1 -1 -1 -1 -1 -1 -1 -1 -1 -1 -1 -1
81 -1 -1 -1 -1 -1 -1 -1 -1 -1 -1 -1 -1 -1 -1 -1 -1 -1 -1 -1 -1
82 -1 -1 -1 -1 -1 -1 -1 -1 -1 -1 -1 -1 -1 -1 -1 -1 -1 -1 -1 -1
83 -1 -1 -1 -1 -1 -1 -1 -1 -1 -1 -1 -1 -1 -1 -1 -1 -1 -1 -1 -1
84 -1 -1 -1 -1 -1 -1 -1 -1 -1 -1 -1 -1 -1 -1 -1 -1 -1 -1 -1 -1
85 -1 -1 -1 -1 -1 -1 -1 -1 -1 -1 -1 -1 -1 -1 -1 -1 -1 -1 -1 -1
86 -1 -1 -1 -1 -1 -1 -1 -1 -1 -1 -1 -1 -1 -1 -1 -1 -1 -1 -1 -1
87 -1 -1 -1 -1 -1 -1 -1 -1 -1 -1 -1 -1 -1 -1 -1 -1 -1 -1 -1 -1
88 -1 -1 -1 -1 -1 -1 -1 -1 -1 -1 -1 -1 -1 -1 -1 -1 -1 -1 -1 -1
89 -1 -1 -1 -1 -1 -1 -1 -1 -1 -1 -1 -1 -1 -1 -1 -1 -1 -1 -1 -1
90 -1 -1 -1 -1 -1 -1 -1 -1 -1 -1 -1 -1 -1 -1 -1 -1 -1 -1 -1 -1
91 -1 -1 -1 -1 -1 -1 -1 -1 -1 -1 -1 -1 -1 -1 -1 -1 -1 -1 -1 -1
92 -1 -1 -1 -1 -1 -1 -1 -1 -1 -1 -1 -1 -1 -1 -1 -1 -1 -1 -1 -1
93 -1 -1 -1 -1 -1 -1 -1 -1 -1 -1 -1 -1 -1 -1 -1 -1 -1 -1 -1 -1
94 -1 -1 -1 -1 -1 -1 -1 -1 -1 -1 -1 -1 -1 -1 -1 -1 -1 -1 -1 -1
95 -1 -1 -1 -1 -1 -1 -1 -1 -1 -1 -1 -1 -1 -1 -1 -1 -1 -1 -1 -1
96 -1 -1 -1 -1 -1 -1 -1 -1 -1 -1 -1 -1 -1 -1 -1 -1 -1 -1 -1 -1
97 -1 -1 -1 -1 -1 -1 -1 -1 -1 -1 -1 -1 -1 -1 -1 -1 -1 -1 -1 -1
98 -1 -1 -1 -1 -1 -1 -1 -1 -1 -1 -1 -1 -1 -1 -1 -1 -1 -1 -1 -1
99 -1 -1 -1 -1 -1 -1 -1 -1 -1 -1 -1 -1 -1 -1 -1 -1 -1 -1 -1 -1
100 -1 -1 -1 -1 -1 -1 -1 -1 -1 -1 -1 -1 -1 -1 -1 -1 -1 -1 -1 -1
101 -1 -1 -1 -1 -1 -1 -1 -1 -1 -1 -1 -1 -1 -1 -1 -1 -1 -1 -1 -1
102 -1 -1 -1 -1 -1 -1 -1 -1 -1 -1 -1 -1 -1 -1 -1 -1 -1 -1 -1 -1
103 -1 -1 -1 -1 -1 -1 -1 -1 -1 -1 -1 -1 -1 -1 -1 -1 -1 -1 -1 -1
104 -1 -1 -1 -1 -1 -1 -1 -1 -1 -1 -1 -1 -1 -1 -1 -1 -1 -1 -1 -1
105 -1 -1 -1 -1 -1 -1 -1 -1 -1 -1 -1 -1 -1 -1 -1 -1 -1 -1 -1 -1
106 -1 -1 -1 -1 -1 -1 -1 -1 -1 -1 -1 -1 -1 -1 -1 -1 -1 -1 -1 -1
107 -1 -1 -1 -1 -1 -1 -1 -1 -1 -1 -1 -1 -1 -1 -1 -1 -1 -1 -1 -1
108 -1 -1 -1 -1 -1 -1 -1 -1 -1 -1 -1 -1 -1 -1 -1 -1 -1 -1 -1 -1
109 -1 -1 -1 -1 -1 -1 -1 -1 -1 -1 -1 -1 -1 -1 -1 -1 -1 -1 -1 -1
110 -1 -1 -1 -1 -1 -1 -1 -1 -1 -1 -1 -1 -1 -1 -1 -1 -1 -1 -1 -1
111 -1 -1 -1 -1 -1 -1 -1 -1 -1 -1 -1 -1 -1 -1 -1 -1 -1 -1 -1 -1
112 -1 -1 -1 -1 -1 -1 -1 -1 -1 -1 -1 -1 -1 -1 -1 -1 -1 -1 -1 -1
113 -1 -1 -1 -1 -1 -1 -1 -1 -1 -1 -1 -1 -1 -1 -1 -1 -1 -1 -1 -1
114 -1 -1 -1 -1 -1 -1 -1 -1 -1 -1 -1 -1 -1 -1 -1 -1 -1 -1 -1 -1
115 -1 -1 -1 -1 -1 -1 -1 -1 -1 -1 -1 -1 -1 -1 -1 -1 -1 -1 -1 -1
116 -1 -1 -1 -1 -1 -1 -1 -1 -1 -1 -1 -1 -1 -1 -1 -1 -1 -1 -1 -1
117 -1 -1 -1 -1 -1 -1 -1 -1 -1 -1 -1 -1 -1 -1 -1 -1 -1 -1 -1 -1
118 -1 -1 -1 -1 -1 -1 -1 -1 -1 -1 -1 -1 -1 -1 -1 -1 -1 -1 -1 -1
119 -1 -1 -1 -1 -1 -1 -1 -1 -1 -1 -1 -1 -1 -1 -1 -1 -1 -1 -1 -1
120 -1 -1 -1 -1 -1 -1 -1 -1 -1 -1 -1 -1 -1 -1 -1 -1 -1 -1 -1 -1
121 -1 -1 -1 -1 -1 -1 -1 -1 -1 -1 -1 -1 -1 -1 -1 -1 -1 -1 -1 -1
122 -1 -1 -1 -1 -1 -1 -1 -1 -1 -1 -1 -1 -1 -1 -1 -1 -1 -1 -1 -1
123 -1 -1 -1 -1 -1 -1 -1 -1 -1 -1 -1 -1 -1 -1 -1 -1 -1 -1 -1 -1
124 -1 -1 -1 -1 -1 -1 -1 -1 -1 -1 -1 -1 -1 -1 -1 -1 -1 -1 -1 -1
125 -1 -1 -1 -1 -1 -1 -1 -1 -1 -1 -1 -1 -1 -1 -1 -1 -1 -1 -1 -1
126 -1 -1 -1 -1 -1 -1 -1 -1 -1 -1 -1 -1 -1 -1 -1 -1 -1 -1 -1 -1
127 -1 -1 -1 -1 -1 -1 -1 -1 -1 -1 -1 -1 -1 -1 -1 -1 -1 -1 -1 -1
128 -1 -1 -1 -1 -1 -1 -1 -1 -1 -1 -1 -1 -1 -1 -1 -1 -1 -1 -1 -1
129 -1 -1 -1 -1 -1 -1 -1 -1 -1 -1 -1 -1 -1 -1 -1 -1 -1 -1 -1 -1
130 -1 -1 -1 -1 -1 -1 -1 -1 -1 -1 -1 -1 -1 -1 -1 -1 -1 -1 -1 -1
131 -1 -1 -1 -1 -1 -1 -1 -1 -1 -1 -1 -1 -1 -1 -1 -1 -1 -1 -1 -1
132 -1 -1 -1 -1 -1 -1 -1 -1 -1 -1 -1 -1 -1 -1 -1 -1 -1 -1 -1 -1
133 -1 -1 -1 -1 -1 -1 -1 -1 -1 -1 -1 -1 -1 -1 -1 -1 -1 -1 -1 -1
134 -1 -1 -1 -1 -1 -1 -1 -1 -1 -1 -1 -1 -1 -1 -1 -1 -1 -1 -1 -1
135 -1 -1 -1 -1 -1 -1 -1 -1 -1 -1 -1 -1 -1 -1 -1 -1 -1 -1 -1 -1
136 -1 -1 -1 -1 -1 -1 -1 -1 -1 -1 -1 -1 -1 -1 -1 -1 -1 -1 -1 -1
137 -1 -1 -1 -1 -1 -1 -1 -1 -1 -1 -1 -1 -1 -1 -1 -1 -1 -1 -1 -1
138 -1 -1 -1 -1 -1 -1 -1 -1 -1 -1 -1 -1 -1 -1 -1 -1 -1 -1 -1 -1
139 -1 -1 -1 -1 -1 -1 -1 -1 -1 -1 -1 -1 -1 -1 -1 -1 -1 -1 -1 -1
140 -1 -1 -1 -1 -1 -1 -1 -1 -1 -1 -1 -1 -1 -1 -1 -1 -1 -1 -1 -1
141 -1 -1 -1 -1 -1 -1 -1 -1 -1 -1 -1 -1 -1 -1 -1 -1 -1 -1 -1 -1
142 -1 -1 -1 -1 -1 -1 -1 -1 -1 -1 -1 -1 -1 -1 -1 -1 -1 -1 -1 -1
143 -1 -1 -1 -1 -1 -1 -1 -1 -1 -1 -1 -1 -1 -1 -1 -1 -1 -1 -1 -1
144 -1 -1 -1 -1 -1 -1 -1 -1 -1 -1 -1 -1 -1 -1 -1 -1 -1 -1 -1 -1
145 -1 -1 -1 -1 -1 -1 -1 -1 -1 -1 -1 -1 -1 -1 -1 -1 -1 -1 -1 -1
146 -1 -1 -1 -1 -1 -1 -1 -1 -1 -1 -1 -1 -1 -1 -1 -1 -1 -1 -1 -1
147 -1 -1 -1 -1 -1 -1 -1 -1 -1 -1 -1 -1 -1 -1 -1 -1 -1 -1 -1 -1
148 -1 -1 -1 -1 -1 -1 -1 -1 -1 -1 -1 -1 -1 -1 -1 -1 -1 -1 -1 -1
149 -1 -1 -1 -1 -1 -1 -1 -1 -1 -1 -1 -1 -1 -1 -1 -1 -1 -1 -1 -1
150 0.539435 0.364492 0.567047 0.556538 0.587283 0.555079 0.546812 0.557997 0.587283 0.555079 0.580868 0.705313 0.579870 0.821191 0.546812 0.557997 0.577719 0.691844 0.621972 0.804421
151 0.530853 0.371645 0.563334 0.565104 0.583194 0.559342 0.543475 0.570866 0.583194 0.559342 0.576895 0.704772 0.567339 0.819848 0.543475 0.570866 0.578323 0.696169 0.620087 0.799915
152 0.523334 0.383834 0.561127 0.577230 0.579552 0.571359 0.542701 0.583102 0.579552 0.571359 0.576285 0.705970 0.567197 0.807287 0.542701 0.583102 0.579329 0.695036 0.609996 0.795538
153 0.518061 0.402745 0.558806 0.589450 0.578643 0.584122 0.538970 0.594777 0.578643 0.584122 0.580422 0.707880 0.559544 0.805675 0.538970 0.594777 0.570460 0.698350 0.607755 0.794662
154 0.509845 0.427801 0.550815 0.598001 0.572747 0.591580 0.528883 0.604422 0.572747 0.591580 0.582355 0.713742 0.590113 0.786627 0.528883 0.604422 0.555703 0.719373 0.560148 0.802236
155 0.503075 0.460845 0.544489 0.621200 0.566723 0.610960 0.522256 0.631439 0.566723 0.610960 0.583111 0.720466 0.565565 0.785981 0.522256 0.631439 0.546709 0.742974 0.577425 0.775665
156 0.495702 0.486492 0.537796 0.650435 0.560329 0.638879 0.515262 0.661990 0.560329 0.638879 0.583183 0.720781 0.557316 0.788999 0.515262 0.661990 0.545645 0.752123 0.577186 0.769819
157 0.486315 0.500618 0.530488 0.655698 0.554196 0.641341 0.506780 0.670055 0.554196 0.641341 0.584108 0.725603 0.552453 0.792538 0.506780 0.670055 0.526646 0.754081 0.548216 0.770642
158 0.478956 0.520307 0.523992 0.669069 0.547627 0.649671 0.500357 0.688466 0.547627 0.649671 0.586988 0.723740 0.560485 0.813786 0.500357 0.688466 0.527073 0.783079 0.546052 0.772380
159 0.470759 0.542406 0.505651 0.672154 0.527513 0.653426 0.483790 0.690882 0.527513 0.653426 0.561379 0.702503 0.559243 0.812447 0.483790 0.690882 0.489634 0.806821 0.520086 0.739429
160 0.461226 0.568449 0.501639 0.694625 0.524086 0.674136 0.479192 0.715113 0.524086 0.674136 0.564120 0.713936 0.580337 0.822405 0.479192 0.715113 0.475563 0.830635 0.514657 0.759875
161 0.450101 0.591079 0.497423 0.717258 0.519542 0.692649 0.475304 0.741866 0.519542 0.692649 0.575078 0.781359 0.597234 0.812432 0.475304 0.741866 0.474591 0.874881 0.501818 0.793931
162 -1 -1 -1 -1 -1 -1 -1 -1 -1 -1 -1 -1 -1 -1 -1 -1 -1 -1 -1 -1
163 -1 -1 -1 -1 -1 -1 -1 -1 -1 -1 -1 -1 -1 -1 -1 -1 -1 -1 -1 -1
164 -1 -1 -1 -1 -1 -1 -1 -1 -1 -1 -1 -1 -1 -1 -1 -1 -1 -1 -1 -1
165 -1 -1 -1 -1 -1 -1 -1 -1 -1 -1 -1 -1 -1 -1 -1 -1 -1 -1 -1 -1
166 -1 -1 -1 -1 -1 -1 -1 -1 -1 -1 -1 -1 -1 -1 -1 -1 -1 -1 -1 -1
167 -1 -1 -1 -1 -1 -1 -1 -1 -1 -1 -1 -1 -1 -1 -1 -1 -1 -1 -1 -1
168 -1 -1 -1 -1 -1 -1 -1 -1 -1 -1 -1 -1 -1 -1 -1 -1 -1 -1 -1 -1
169 -1 -1 -1 -1 -1 -1 -1 -1 -1 -1 -1 -1 -1 -1 -1 -1 -1 -1 -1 -1
170 -1 -1 -1 -1 -1 -1 -1 -1 -1 -1 -1 -1 -1 -1 -1 -1 -1 -1 -1 -1
171 -1 -1 -1 -1 -1 -1 -1 -1 -1 -1 -1 -1 -1 -1 -1 -1 -1 -1 -1 -1
172 0.304741 0.840511 0.362695 0.851757 0.368113 0.816319 0.357278 0.887195 0.368113 0.816319 0.452931 0.772029 0.491829 0.711122 0.357278 0.887195 0.414180 0.802180 0.469934 0.682291
173 0.313976 0.848943 0.346826 0.853110 0.347483 0.807418 0.346169 0.898802 0.347483 0.807418 0.382495 0.689762 0.455022 0.579480 0.346169 0.898802 0.429634 0.799426 0.488319 0.684841
174 0.308141 0.864075 0.344711 0.858440 0.345617 0.814346 0.343805 0.902534 0.345617 0.814346 0.399911 0.691801 0.445800 0.596263 0.343805 0.902534 0.410917 0.785912 0.477790 0.668369
175 -1 -1 -1 -1 -1 -1 -1 -1 -1 -1 -1 -1 -1 -1 -1 -1 -1 -1 -1 -1
176 0.281586 0.922978 0.337776 0.794675 0.319492 0.769008 0.356061 0.820342 0.319492 0.769008 0.323988 0.710953 0.405230 0.621556 0.356061 0.820342 0.411148 0.782866 0.455769 0.656779
177 0.278098 0.923698 0.334176 0.795063 0.315261 0.769780 0.353092 0.820346 0.315261 0.769780 0.316254 0.714891 0.396034 0.632595 0.353092 0.820346 0.404576 0.778220 0.447765 0.654189
178 0.273628 0.925695 0.330356 0.797737 0.311146 0.773840 0.349566 0.821635 0.311146 0.773840 0.306726 0.718165 0.385411 0.649180 0.349566 0.821635 0.397661 0.768201 0.432260 0.653888
179 0.272256 0.922754 0.328436 0.798946 0.308540 0.776280 0.348333 0.821611 0.308540 0.776280 0.300922 0.719627 0.374731 0.662690 0.348333 0.821611 0.394944 0.739274 0.423462 0.649022
180 0.267339 0.922315 0.324819 0.799812 0.304447 0.777860 0.345191 0.821763 0.304447 0.777860 0.299154 0.719489 0.370092 0.668231 0.345191 0.821763 0.387828 0.737582 0.412526 0.649948
181 0.266648 0.922997 0.323209 0.799704 0.303551 0.778426 0.342866 0.820982 0.303551 0.778426 0.297676 0.715055 0.368684 0.670492 0.342866 0.820982 0.386452 0.726427 0.405442 0.653849
182 0.266283 0.924334 0.322467 0.800458 0.303360 0.779959 0.341574 0.820956 0.303360 0.779959 0.296535 0.701646 0.367715 0.678062 0.341574 0.820956 0.385252 0.726165 0.396969 0.662932
183 0.266923 0.926181 0.322378 0.798069 0.303457 0.779728 0.341299 0.816411 0.303457 0.779728 0.296140 0.689877 0.365325 0.677609 0.341299 0.816411 0.386474 0.708070 0.395474 0.664394
184 0.267023 0.925577 0.322136 0.798437 0.303429 0.780500 0.340843 0.816374 0.303429 0.780500 0.297819 0.678860 0.369761 0.676334 0.340843 0.816374 0.385229 0.701537 0.389217 0.673898
185 0.267466 0.926420 0.322151 0.796357 0.303817 0.779398 0.340486 0.813317 0.303817 0.779398 0.299327 0.669822 0.368993 0.675279 0.340486 0.813317 0.385065 0.693755 0.387460 0.682681
186 0.268454 0.927489 0.322508 0.794713 0.304117 0.777994 0.340899 0.811432 0.304117 0.777994 0.302018 0.661834 0.371068 0.674548 0.340899 0.811432 0.384540 0.692307 0.387818 0.688439
187 0.268740 0.927441 0.322737 0.791234 0.304188 0.774339 0.341285 0.808129 0.304188 0.774339 0.308802 0.656424 0.372078 0.676479 0.341285 0.808129 0.382781 0.687864 0.389645 0.689113
188 0.269127 0.928624 0.322966 0.790194 0.304411 0.772468 0.341521 0.807921 0.304411 0.772468 0.317603 0.651616 0.374268 0.677788 0.341521 0.807921 0.379433 0.695588 0.392854 0.690614
189 0.268344 0.929206 0.322840 0.785962 0.304651 0.766962 0.341030 0.804962 0.304651 0.766962 0.327407 0.645743 0.384644 0.679662 0.341030 0.804962 0.378821 0.700685 0.394767 0.691243
190 0.268930 0.929193 0.324609 0.780287 0.307342 0.759717 0.341875 0.800858 0.307342 0.759717 0.335231 0.636067 0.390060 0.690557 0.341875 0.800858 0.380272 0.701737 0.402489 0.690945
191 0.270995 0.929634 0.329286 0.777374 0.312704 0.755966 0.345868 0.798782 0.312704 0.755966 0.344038 0.630706 0.388117 0.709672 0.345868 0.798782 0.390894 0.710627 0.409462 0.696388
192 0.274268 0.926058 0.336255 0.774235 0.318821 0.750327 0.353689 0.798142 0.318821 0.750327 0.351803 0.629131 0.387482 0.717908 0.353689 0.798142 0.396193 0.728144 0.417108 0.704144
193 0.276663 0.927720 0.339253 0.775832 0.321784 0.752897 0.356721 0.798766 0.321784 0.752897 0.362169 0.633130 0.387271 0.727011 0.356721 0.798766 0.402315 0.744420 0.427500 0.700161
194 0.279859 0.927606 0.343476 0.775424 0.325942 0.751303 0.361011 0.799546 0.325942 0.751303 0.368242 0.635704 0.386528 0.718579 0.361011 0.799546 0.412343 0.741861 0.434986 0.684413
195 0.281797 0.925153 0.346945 0.774484 0.329631 0.749462 0.364258 0.799506 0.329631 0.749462 0.376050 0.638419 0.385125 0.714433 0.364258 0.799506 0.411665 0.748361 0.442998 0.669843
196 0.283275 0.924561 0.349387 0.773976 0.332027 0.748926 0.366747 0.799026 0.332027 0.748926 0.382137 0.640334 0.379518 0.717651 0.366747 0.799026 0.415239 0.723240 0.452417 0.659275
197 0.283897 0.924415 0.350248 0.773783 0.333167 0.749279 0.367328 0.798287 0.333167 0.749279 0.386984 0.641291 0.380964 0.721123 0.367328 0.798287 0.415908 0.708317 0.457846 0.652832
198 0.284109 0.923807 0.350179 0.774350 0.332973 0.750073 0.367385 0.798627 0.332973 0.750073 0.389681 0.646968 0.379096 0.723521 0.367385 0.798627 0.416282 0.706534 0.457546 0.646528
199 0.284379 0.923917 0.350735 0.774508 0.333538 0.750524 0.367932 0.798491 0.333538 0.750524 0.392345 0.650127 0.380355 0.720760 0.367932 0.798491 0.416463 0.709043 0.456170 0.642217
200 0.284119 0.922509 0.351734 0.774689 0.334389 0.750778 0.369078 0.798600 0.334389 0.750778 0.393004 0.653665 0.386694 0.710367 0.369078 0.798600 0.417235 0.710232 0.452255 0.644133
201 0.283746 0.922846 0.351687 0.774845 0.334411 0.750996 0.368963 0.798694 0.334411 0.750996 0.391247 0.659492 0.387592 0.701522 0.368963 0.798694 0.416799 0.711122 0.449425 0.647345
202 0.283508 0.923303 0.351711 0.774934 0.334390 0.751111 0.369032 0.798758 0.334390 0.751111 0.389753 0.661330 0.386179 0.698651 0.369032 0.798758 0.415986 0.711743 0.449176 0.648964
203 0.282634 0.923444 0.351485 0.774798 0.334276 0.751035 0.368695 0.798561 0.334276 0.751035 0.388958 0.660778 0.385937 0.693278 0.368695 0.798561 0.416336 0.712531 0.451592 0.648299
204 0.281755 0.923522 0.350965 0.774643 0.333737 0.750747 0.368194 0.798539 0.333737 0.750747 0.388045 0.660309 0.385731 0.689473 0.368194 0.798539 0.415997 0.713059 0.451514 0.649578
205 0.281208 0.923505 0.350739 0.774422 0.333391 0.750275 0.368087 0.798569 0.333391 0.750275 0.387167 0.659909 0.388510 0.683758 0.368087 0.798569 0.415645 0.713339 0.453444 0.650023
206 0.281100 0.923650 0.350670 0.774087 0.333350 0.749719 0.367989 0.798456 0.333350 0.749719 0.386284 0.661419 0.389589 0.679517 0.367989 0.798456 0.415367 0.713278 0.455812 0.650454
207 0.280533 0.923753 0.350441 0.773699 0.333234 0.749465 0.367648 0.797932 0.333234 0.749465 0.384198 0.668731 0.389792 0.680032 0.367648 0.797932 0.415166 0.713380 0.458513 0.651020
208 0.280098 0.924127 0.349384 0.773479 0.332178 0.749320 0.366590 0.797638 0.332178 0.749320 0.381389 0.667753 0.390888 0.672806 0.366590 0.797638 0.415092 0.713502 0.458289 0.651916
209 0.280083 0.924163 0.347691 0.773434 0.330266 0.749353 0.365117 0.797516 0.330266 0.749353 0.378116 0.667737 0.394544 0.663777 0.365117 0.797516 0.415118 0.713816 0.458922 0.654193
210 0.279872 0.923891 0.346901 0.773237 0.329080 0.748944 0.364721 0.797529 0.329080 0.748944 0.375848 0.667083 0.397617 0.658635 0.364721 0.797529 0.415531 0.714160 0.459063 0.655630
211 0.279250 0.924680 0.344711 0.772006 0.326645 0.747759 0.362777 0.796253 0.326645 0.747759 0.374739 0.666797 0.396515 0.651820 0.362777 0.796253 0.415464 0.714210 0.458638 0.656229
212 0.278550 0.924929 0.344183 0.771284 0.326102 0.746936 0.362264 0.795633 0.326102 0.746936 0.370045 0.667332 0.398181 0.643139 0.362264 0.795633 0.414621 0.713641 0.458725 0.656353
213 0.277799 0.924567 0.344006 0.768932 0.326141 0.744507 0.361872 0.793357 0.326141 0.744507 0.371469 0.668760 0.402686 0.630993 0.361872 0.793357 0.414292 0.712592 0.458846 0.655595
214 0.277443 0.925288 0.343017 0.769092 0.325509 0.744711 0.360524 0.793473 0.325509 0.744711 0.372217 0.673812 0.405085 0.628318 0.360524 0.793473 0.411346 0.712602 0.458578 0.654883
215 0.277300 0.925307 0.343168 0.768931 0.325672 0.744793 0.360664 0.793069 0.325672 0.744793 0.373781 0.673320 0.406893 0.621350 0.360664 0.793069 0.411368 0.711736 0.458378 0.653308
216 0.277471 0.925992 0.343419 0.767560 0.326090 0.744659 0.360748 0.790462 0.326090 0.744659 0.374811 0.674699 0.406057 0.624207 0.360748 0.790462 0.411461 0.709144 0.458266 0.652543
217 0.277760 0.925538 0.344378 0.764736 0.327395 0.743077 0.361362 0.786395 0.327395 0.743077 0.375444 0.674229 0.405187 0.626121 0.361362 0.786395 0.411492 0.708666 0.458197 0.651958
218 0.277916 0.925428 0.344176 0.764923 0.327044 0.743225 0.361308 0.786620 0.327044 0.743225 0.373832 0.677958 0.403702 0.629802 0.361308 0.786620 0.410387 0.708843 0.457085 0.651381
219 0.277943 0.925079 0.343909 0.764807 0.326566 0.743339 0.361251 0.786275 0.326566 0.743339 0.372342 0.679577 0.399154 0.631743 0.361251 0.786275 0.410246 0.708967 0.456770 0.649205
220 0.278665 0.924327 0.343313 0.765558 0.325759 0.744476 0.360866 0.786640 0.325759 0.744476 0.370405 0.681853 0.396611 0.632298 0.360866 0.786640 0.408423 0.708974 0.455591 0.646328
221 0.278264 0.924451 0.341791 0.766795 0.324296 0.746721 0.359285 0.786869 0.324296 0.746721 0.368334 0.684557 0.394730 0.633049 0.359285 0.786869 0.405847 0.709014 0.453553 0.645976
222 0.278373 0.922980 0.341901 0.766632 0.324405 0.746719 0.359397 0.786544 0.324405 0.746719 0.367803 0.685201 0.393651 0.633162 0.359397 0.786544 0.405367 0.709052 0.452068 0.645484
223 0.278054 0.923012 0.341838 0.766782 0.324346 0.746878 0.359330 0.786686 0.324346 0.746878 0.366780 0.685804 0.393317 0.632369 0.359330 0.786686 0.404137 0.709378 0.450926 0.645455
224 0.277903 0.923141 0.341818 0.767440 0.324293 0.747901 0.359342 0.786979 0.324293 0.747901 0.366921 0.685376 0.392736 0.632485 0.359342 0.786979 0.403574 0.709792 0.450243 0.645505
225 0.277875 0.922613 0.341866 0.767634 0.324344 0.748254 0.359387 0.787015 0.324344 0.748254 0.367024 0.685286 0.392456 0.632385 0.359387 0.787015 0.403781 0.709907 0.450304 0.645476
226 0.277737 0.922542 0.341888 0.767805 0.324376 0.748509 0.359400 0.787102 0.324376 0.748509 0.367029 0.685473 0.392217 0.632451 0.359400 0.787102 0.404050 0.710034 0.450486 0.645334
227 0.277717 0.923452 0.342051 0.767882 0.324497 0.748571 0.359606 0.787193 0.324497 0.748571 0.367231 0.685367 0.392110 0.632174 0.359606 0.787193 0.404092 0.710310 0.450557 0.645392
228 0.277668 0.923472 0.342571 0.767875 0.325122 0.748497 0.360021 0.787253 0.325122 0.748497 0.367277 0.686156 0.392117 0.632225 0.360021 0.787253 0.404302 0.711536 0.450598 0.647536
229 0.278117 0.923011 0.343269 0.767697 0.325809 0.748155 0.360728 0.787238 0.325809 0.748155 0.367343 0.686042 0.391951 0.632236 0.360728 0.787238 0.404830 0.712392 0.450967 0.648198
230 0.278257 0.922531 0.344519 0.767033 0.327351 0.747102 0.361688 0.786964 0.327351 0.747102 0.367412 0.685911 0.392012 0.632048 0.361688 0.786964 0.406636 0.712548 0.452363 0.648693
231 0.278160 0.922710 0.344670 0.766948 0.327456 0.746896 0.361884 0.787000 0.327456 0.746896 0.367466 0.685804 0.392025 0.632048 0.361884 0.787000 0.407740 0.712764 0.452999 0.649021
232 0.278030 0.923095 0.344821 0.766925 0.327633 0.746821 0.362009 0.787029 0.327633 0.746821 0.367529 0.685771 0.392020 0.632092 0.362009 0.787029 0.408532 0.713080 0.453383 0.649354
233 0.277946 0.923105 0.344775 0.767021 0.327563 0.746845 0.361986 0.787196 0.327563 0.746845 0.367562 0.685730 0.392034 0.631829 0.361986 0.787196 0.408535 0.713582 0.453379 0.649463
234 0.278023 0.923257 0.344421 0.767366 0.327079 0.747185 0.361764 0.787547 0.327079 0.747185 0.367597 0.685670 0.391946 0.631882 0.361764 0.787547 0.407860 0.714026 0.453398 0.649466
235 0.277820 0.923575 0.344251 0.767430 0.326853 0.747216 0.361648 0.787643 0.326853 0.747216 0.367623 0.685640 0.391795 0.631905 0.361648 0.787643 0.407857 0.714025 0.453437 0.649535
236 0.277846 0.923579 0.344245 0.767712 0.326846 0.747396 0.361644 0.788029 0.326846 0.747396 0.367505 0.685648 0.391768 0.631943 0.361644 0.788029 0.407793 0.714977 0.453416 0.649700
237 0.277891 0.922902 0.344265 0.767460 0.326879 0.747089 0.361651 0.787831 0.326879 0.747089 0.367518 0.685615 0.391770 0.631933 0.361651 0.787831 0.407792 0.714965 0.453506 0.649683
238 0.278074 0.922940 0.344250 0.767545 0.326876 0.747180 0.361624 0.787909 0.326876 0.747180 0.367525 0.685588 0.391775 0.631894 0.361624 0.787909 0.407682 0.715462 0.453427 0.650028
239 0.278036 0.923000 0.344248 0.767591 0.326874 0.747210 0.361622 0.787971 0.326874 0.747210 0.367533 0.685560 0.391780 0.631904 0.361622 0.787971 0.407675 0.715698 0.453470 0.650113
240 0.277987 0.922759 0.344345 0.767193 0.326979 0.746673 0.361711 0.787713 0.326979 0.746673 0.367574 0.685544 0.391755 0.631976 0.361711 0.787713 0.407749 0.715490 0.453555 0.649911
241 0.277663 0.922632 0.344357 0.767219 0.326977 0.746677 0.361737 0.787760 0.326977 0.746677 0.367586 0.685602 0.391747 0.631985 0.361737 0.787760 0.407747 0.715400 0.453576 0.649926
242 0.277236 0.923318 0.344179 0.767448 0.326773 0.746796 0.361585 0.788100 0.326773 0.746796 0.367591 0.685591 0.391748 0.632008 0.361585 0.788100 0.407509 0.715545 0.453585 0.649918
243 0.277151 0.922610 0.344080 0.767481 0.326704 0.746802 0.361456 0.788159 0.326704 0.746802 0.367679 0.685408 0.391796 0.631983 0.361456 0.788159 0.407507 0.715539 0.453588 0.649904
244 0.276805 0.922685 0.343714 0.767496 0.326416 0.746823 0.361012 0.788168 0.326416 0.746823 0.367688 0.685399 0.391847 0.631999 0.361012 0.788168 0.406993 0.715525 0.453432 0.650032
245 0.276811 0.922604 0.343745 0.767492 0.326422 0.746808 0.361068 0.788176 0.326422 0.746808 0.367629 0.685480 0.391779 0.632004 0.361068 0.788176 0.407009 0.715440 0.453432 0.650043
246 0.276657 0.922168 0.343754 0.767399 0.326440 0.746666 0.361069 0.788132 0.326440 0.746666 0.367656 0.685390 0.391776 0.631993 0.361069 0.788132 0.407035 0.715347 0.453432 0.650068
247 0.276670 0.921633 0.343794 0.767399 0.326506 0.746661 0.361081 0.788136 0.326506 0.746661 0.367662 0.685382 0.391775 0.632105 0.361081 0.788136 0.406710 0.715824 0.453310 0.650175
248 0.276588 0.921018 0.343842 0.767132 0.326596 0.746246 0.361088 0.788019 0.326596 0.746246 0.367696 0.685363 0.391776 0.632109 0.361088 0.788019 0.406686 0.715830 0.453310 0.650080
249 0.276591 0.920628 0.343760 0.767108 0.326507 0.746248 0.361012 0.787969 0.326507 0.746248 0.367688 0.685358 0.391755 0.632120 0.361012 0.787969 0.406604 0.715826 0.453312 0.650084
250 0.276578 0.920437 0.343791 0.766997 0.326553 0.746033 0.361028 0.787961 0.326553 0.746033 0.367958 0.684779 0.391753 0.632109 0.361028 0.787961 0.406800 0.715629 0.453312 0.650083
251 0.276514 0.920205 0.343776 0.767046 0.326525 0.746039 0.361026 0.788053 0.326525 0.746039 0.368133 0.684771 0.391762 0.632086 0.361026 0.788053 0.406727 0.715545 0.453262 0.650161
252 0.276384 0.919953 0.343365 0.767040 0.326088 0.746100 0.360642 0.787980 0.326088 0.746100 0.368733 0.684107 0.391761 0.632021 0.360642 0.787980 0.406727 0.714524 0.453197 0.650107
253 0.276388 0.919015 0.343276 0.767024 0.326028 0.746179 0.360524 0.787869 0.326028 0.746179 0.368742 0.684208 0.392043 0.632026 0.360524 0.787869 0.406572 0.713852 0.453032 0.649457
254 0.277037 0.917824 0.343414 0.767918 0.326067 0.747310 0.360761 0.788526 0.326067 0.747310 0.369340 0.683817 0.392654 0.631325 0.360761 0.788526 0.406327 0.713618 0.452737 0.648795
255 0.279486 0.913458 0.343371 0.767722 0.326009 0.747532 0.360732 0.787913 0.326009 0.747532 0.369487 0.683052 0.393166 0.628015 0.360732 0.787913 0.405935 0.712781 0.452700 0.648266
256 0.280875 0.908129 0.343566 0.766237 0.326207 0.746975 0.360925 0.785500 0.326207 0.746975 0.369578 0.682310 0.393736 0.626193 0.360925 0.785500 0.405403 0.712258 0.452322 0.647991
257 0.282940 0.901865 0.343627 0.766226 0.326255 0.746973 0.360998 0.785479 0.326255 0.746973 0.369645 0.681520 0.394360 0.624674 0.360998 0.785479 0.404946 0.712201 0.452013 0.647791
258 0.283352 0.896616 0.343628 0.766672 0.326256 0.747093 0.360999 0.786252 0.326256 0.747093 0.369772 0.681283 0.395468 0.624059 0.360999 0.786252 0.402566 0.711996 0.451433 0.646897
259 0.283802 0.893041 0.344142 0.767580 0.326789 0.747104 0.361495 0.788055 0.326789 0.747104 0.369953 0.681001 0.396536 0.624008 0.361495 0.788055 0.401600 0.711682 0.450923 0.643416
260 0.284002 0.889213 0.344974 0.766807 0.327712 0.745616 0.362236 0.787999 0.327712 0.745616 0.372944 0.678363 0.398345 0.623290 0.362236 0.787999 0.402495 0.708901 0.450857 0.639339
261 0.285233 0.879916 0.345455 0.762998 0.328149 0.741210 0.362760 0.784785 0.328149 0.741210 0.375693 0.670903 0.399667 0.623146 0.362760 0.784785 0.406263 0.699750 0.450531 0.633333
262 0.285923 0.871958 0.345140 0.761479 0.327977 0.740514 0.362304 0.782444 0.327977 0.740514 0.375765 0.669392 0.401260 0.623246 0.362304 0.782444 0.406239 0.694380 0.448758 0.628173
263 0.288611 0.862719 0.345136 0.758025 0.328106 0.738592 0.362165 0.777459 0.328106 0.738592 0.376223 0.668437 0.402978 0.621958 0.362165 0.777459 0.406447 0.689708 0.446963 0.622226
264 0.289930 0.851579 0.344615 0.754375 0.327857 0.734758 0.361373 0.773991 0.327857 0.734758 0.376230 0.663779 0.404247 0.618176 0.361373 0.773991 0.406064 0.684859 0.442988 0.620601
265 0.291851 0.838543 0.344596 0.751462 0.328080 0.732249 0.361112 0.770676 0.328080 0.732249 0.376730 0.660817 0.406605 0.612435 0.361112 0.770676 0.405728 0.682650 0.440306 0.620655
266 0.293570 0.828181 0.344397 0.750909 0.328057 0.730655 0.360736 0.771162 0.328057 0.730655 0.376929 0.657525 0.408106 0.607047 0.360736 0.771162 0.405138 0.681720 0.439469 0.620833
267 0.294585 0.826258 0.343376 0.752067 0.326885 0.731654 0.359867 0.772479 0.326885 0.731654 0.374152 0.655003 0.409371 0.601772 0.359867 0.772479 0.400336 0.682563 0.436429 0.621906
268 0.296303 0.820742 0.344500 0.752473 0.326552 0.732238 0.362449 0.772708 0.326552 0.732238 0.370836 0.648831 0.409900 0.599211 0.362449 0.772708 0.400804 0.682904 0.432725 0.622781
269 0.299566 0.808969 0.343467 0.752814 0.326449 0.731067 0.360486 0.774560 0.326449 0.731067 0.369415 0.640615 0.410274 0.594716 0.360486 0.774560 0.398260 0.685082 0.428573 0.623330
270 0.302659 0.808285 0.343574 0.751181 0.327371 0.727936 0.359777 0.774426 0.327371 0.727936 0.367594 0.635782 0.410173 0.592083 0.359777 0.774426 0.401759 0.684309 0.423626 0.625656
