116
140
0 -1 -1 -1 -1 -1 -1 -1 -1 -1 -1 -1 -1 -1 -1 -1 -1 -1 -1 -1 -1
1 -1 -1 -1 -1 -1 -1 -1 -1 -1 -1 -1 -1 -1 -1 -1 -1 -1 -1 -1 -1
2 -1 -1 -1 -1 -1 -1 -1 -1 -1 -1 -1 -1 -1 -1 -1 -1 -1 -1 -1 -1
3 -1 -1 -1 -1 -1 -1 -1 -1 -1 -1 -1 -1 -1 -1 -1 -1 -1 -1 -1 -1
4 -1 -1 -1 -1 -1 -1 -1 -1 -1 -1 -1 -1 -1 -1 -1 -1 -1 -1 -1 -1
5 -1 -1 -1 -1 -1 -1 -1 -1 -1 -1 -1 -1 -1 -1 -1 -1 -1 -1 -1 -1
6 -1 -1 -1 -1 -1 -1 -1 -1 -1 -1 -1 -1 -1 -1 -1 -1 -1 -1 -1 -1
7 -1 -1 -1 -1 -1 -1 -1 -1 -1 -1 -1 -1 -1 -1 -1 -1 -1 -1 -1 -1
8 -1 -1 -1 -1 -1 -1 -1 -1 -1 -1 -1 -1 -1 -1 -1 -1 -1 -1 -1 -1
9 -1 -1 -1 -1 -1 -1 -1 -1 -1 -1 -1 -1 -1 -1 -1 -1 -1 -1 -1 -1
10 -1 -1 -1 -1 -1 -1 -1 -1 -1 -1 -1 -1 -1 -1 -1 -1 -1 -1 -1 -1
11 -1 -1 -1 -1 -1 -1 -1 -1 -1 -1 -1 -1 -1 -1 -1 -1 -1 -1 -1 -1
12 -1 -1 -1 -1 -1 -1 -1 -1 -1 -1 -1 -1 -1 -1 -1 -1 -1 -1 -1 -1
13 -1 -1 -1 -1 -1 -1 -1 -1 -1 -1 -1 -1 -1 -1 -1 -1 -1 -1 -1 -1
14 -1 -1 -1 -1 -1 -1 -1 -1 -1 -1 -1 -1 -1 -1 -1 -1 -1 -1 -1 -1
15 -1 -1 -1 -1 -1 -1 -1 -1 -1 -1 -1 -1 -1 -1 -1 -1 -1 -1 -1 -1
16 -1 -1 -1 -1 -1 -1 -1 -1 -1 -1 -1 -1 -1 -1 -1 -1 -1 -1 -1 -1
17 -1 -1 -1 -1 -1 -1 -1 -1 -1 -1 -1 -1 -1 -1 -1 -1 -1 -1 -1 -1
18 -1 -1 -1 -1 -1 -1 -1 -1 -1 -1 -1 -1 -1 -1 -1 -1 -1 -1 -1 -1
19 -1 -1 -1 -1 -1 -1 -1 -1 -1 -1 -1 -1 -1 -1 -1 -1 -1 -1 -1 -1
20 -1 -1 -1 -1 -1 -1 -1 -1 -1 -1 -1 -1 -1 -1 -1 -1 -1 -1 -1 -1
21 -1 -1 -1 -1 -1 -1 -1 -1 -1 -1 -1 -1 -1 -1 -1 -1 -1 -1 -1 -1
22 -1 -1 -1 -1 -1 -1 -1 -1 -1 -1 -1 -1 -1 -1 -1 -1 -1 -1 -1 -1
23 -1 -1 -1 -1 -1 -1 -1 -1 -1 -1 -1 -1 -1 -1 -1 -1 -1 -1 -1 -1
24 -1 -1 -1 -1 -1 -1 -1 -1 -1 -1 -1 -1 -1 -1 -1 -1 -1 -1 -1 -1
25 -1 -1 -1 -1 -1 -1 -1 -1 -1 -1 -1 -1 -1 -1 -1 -1 -1 -1 -1 -1
26 -1 -1 -1 -1 -1 -1 -1 -1 -1 -1 -1 -1 -1 -1 -1 -1 -1 -1 -1 -1
27 -1 -1 -1 -1 -1 -1 -1 -1 -1 -1 -1 -1 -1 -1 -1 -1 -1 -1 -1 -1
28 -1 -1 -1 -1 -1 -1 -1 -1 -1 -1 -1 -1 -1 -1 -1 -1 -1 -1 -1 -1
29 -1 -1 -1 -1 -1 -1 -1 -1 -1 -1 -1 -1 -1 -1 -1 -1 -1 -1 -1 -1
30 -1 -1 -1 -1 -1 -1 -1 -1 -1 -1 -1 -1 -1 -1 -1 -1 -1 -1 -1 -1
31 -1 -1 -1 -1 -1 -1 -1 -1 -1 -1 -1 -1 -1 -1 -1 -1 -1 -1 -1 -1
32 -1 -1 -1 -1 -1 -1 -1 -1 -1 -1 -1 -1 -1 -1 -1 -1 -1 -1 -1 -1
33 -1 -1 -1 -1 -1 -1 -1 -1 -1 -1 -1 -1 -1 -1 -1 -1 -1 -1 -1 -1
34 -1 -1 -1 -1 -1 -1 -1 -1 -1 -1 -1 -1 -1 -1 -1 -1 -1 -1 -1 -1
35 -1 -1 -1 -1 -1 -1 -1 -1 -1 -1 -1 -1 -1 -1 -1 -1 -1 -1 -1 -1
36 -1 -1 -1 -1 -1 -1 -1 -1 -1 -1 -1 -1 -1 -1 -1 -1 -1 -1 -1 -1
37 -1 -1 -1 -1 -1 -1 -1 -1 -1 -1 -1 -1 -1 -1 -1 -1 -1 -1 -1 -1
38 -1 -1 -1 -1 -1 -1 -1 -1 -1 -1 -1 -1 -1 -1 -1 -1 -1 -1 -1 -1
39 -1 -1 -1 -1 -1 -1 -1 -1 -1 -1 -1 -1 -1 -1 -1 -1 -1 -1 -1 -1
40 -1 -1 -1 -1 -1 -1 -1 -1 -1 -1 -1 -1 -1 -1 -1 -1 -1 -1 -1 -1
41 -1 -1 -1 -1 -1 -1 -1 -1 -1 -1 -1 -1 -1 -1 -1 -1 -1 -1 -1 -1
42 -1 -1 -1 -1 -1 -1 -1 -1 -1 -1 -1 -1 -1 -1 -1 -1 -1 -1 -1 -1
43 -1 -1 -1 -1 -1 -1 -1 -1 -1 -1 -1 -1 -1 -1 -1 -1 -1 -1 -1 -1
44 -1 -1 -1 -1 -1 -1 -1 -1 -1 -1 -1 -1 -1 -1 -1 -1 -1 -1 -1 -1
45 -1 -1 -1 -1 -1 -1 -1 -1 -1 -1 -1 -1 -1 -1 -1 -1 -1 -1 -1 -1
46 -1 -1 -1 -1 -1 -1 -1 -1 -1 -1 -1 -1 -1 -1 -1 -1 -1 -1 -1 -1
47 -1 -1 -1 -1 -1 -1 -1 -1 -1 -1 -1 -1 -1 -1 -1 -1 -1 -1 -1 -1
48 -1 -1 -1 -1 -1 -1 -1 -1 -1 -1 -1 -1 -1 -1 -1 -1 -1 -1 -1 -1
49 -1 -1 -1 -1 -1 -1 -1 -1 -1 -1 -1 -1 -1 -1 -1 -1 -1 -1 -1 -1
50 -1 -1 -1 -1 -1 -1 -1 -1 -1 -1 -1 -1 -1 -1 -1 -1 -1 -1 -1 -1
51 -1 -1 -1 -1 -1 -1 -1 -1 -1 -1 -1 -1 -1 -1 -1 -1 -1 -1 -1 -1
52 -1 -1 -1 -1 -1 -1 -1 -1 -1 -1 -1 -1 -1 -1 -1 -1 -1 -1 -1 -1
53 -1 -1 -1 -1 -1 -1 -1 -1 -1 -1 -1 -1 -1 -1 -1 -1 -1 -1 -1 -1
54 -1 -1 -1 -1 -1 -1 -1 -1 -1 -1 -1 -1 -1 -1 -1 -1 -1 -1 -1 -1
55 -1 -1 -1 -1 -1 -1 -1 -1 -1 -1 -1 -1 -1 -1 -1 -1 -1 -1 -1 -1
56 -1 -1 -1 -1 -1 -1 -1 -1 -1 -1 -1 -1 -1 -1 -1 -1 -1 -1 -1 -1
57 -1 -1 -1 -1 -1 -1 -1 -1 -1 -1 -1 -1 -1 -1 -1 -1 -1 -1 -1 -1
58 -1 -1 -1 -1 -1 -1 -1 -1 -1 -1 -1 -1 -1 -1 -1 -1 -1 -1 -1 -1
59 -1 -1 -1 -1 -1 -1 -1 -1 -1 -1 -1 -1 -1 -1 -1 -1 -1 -1 -1 -1
60 -1 -1 -1 -1 -1 -1 -1 -1 -1 -1 -1 -1 -1 -1 -1 -1 -1 -1 -1 -1
61 -1 -1 -1 -1 -1 -1 -1 -1 -1 -1 -1 -1 -1 -1 -1 -1 -1 -1 -1 -1
62 -1 -1 -1 -1 -1 -1 -1 -1 -1 -1 -1 -1 -1 -1 -1 -1 -1 -1 -1 -1
63 -1 -1 -1 -1 -1 -1 -1 -1 -1 -1 -1 -1 -1 -1 -1 -1 -1 -1 -1 -1
64 -1 -1 -1 -1 -1 -1 -1 -1 -1 -1 -1 -1 -1 -1 -1 -1 -1 -1 -1 -1
65 -1 -1 -1 -1 -1 -1 -1 -1 -1 -1 -1 -1 -1 -1 -1 -1 -1 -1 -1 -1
66 -1 -1 -1 -1 -1 -1 -1 -1 -1 -1 -1 -1 -1 -1 -1 -1 -1 -1 -1 -1
67 -1 -1 -1 -1 -1 -1 -1 -1 -1 -1 -1 -1 -1 -1 -1 -1 -1 -1 -1 -1
68 -1 -1 -1 -1 -1 -1 -1 -1 -1 -1 -1 -1 -1 -1 -1 -1 -1 -1 -1 -1
69 -1 -1 -1 -1 -1 -1 -1 -1 -1 -1 -1 -1 -1 -1 -1 -1 -1 -1 -1 -1
70 -1 -1 -1 -1 -1 -1 -1 -1 -1 -1 -1 -1 -1 -1 -1 -1 -1 -1 -1 -1
71 -1 -1 -1 -1 -1 -1 -1 -1 -1 -1 -1 -1 -1 -1 -1 -1 -1 -1 -1 -1
72 -1 -1 -1 -1 -1 -1 -1 -1 -1 -1 -1 -1 -1 -1 -1 -1 -1 -1 -1 -1
73 -1 -1 -1 -1 -1 -1 -1 -1 -1 -1 -1 -1 -1 -1 -1 -1 -1 -1 -1 -1
74 -1 -1 -1 -1 -1 -1 -1 -1 -1 -1 -1 -1 -1 -1 -1 -1 -1 -1 -1 -1
75 -1 -1 -1 -1 -1 -1 -1 -1 -1 -1 -1 -1 -1 -1 -1 -1 -1 -1 -1 -1
76 -1 -1 -1 -1 -1 -1 -1 -1 -1 -1 -1 -1 -1 -1 -1 -1 -1 -1 -1 -1
77 -1 -1 -1 -1 -1 -1 -1 -1 -1 -1 -1 -1 -1 -1 -1 -1 -1 -1 -1 -1
78 -1 -1 -1 -1 -1 -1 -1 -1 -1 -1 -1 -1 -1 -1 -1 -1 -1 -1 -1 -1
79 -1 -1 -1 -1 -1 -1 -1 -1 -1 -1 -1 -1 -1 -1 -1 -1 -1 -1 -1 -1
80 -1 -1 -1 -1 -1 -1 -1 -1 -1 -1 -1 -1 -1 -1 -1 -1 -1 -1 -1 -1
81 -1 -1 -1 -1 -1 -1 -1 -1 -1 -1 -1 -1 -1 -1 -1 -1 -1 -1 -1 -1
82 -1 -1 -1 -1 -1 -1 -1 -1 -1 -1 -1 -1 -1 -1 -1 -1 -1 -1 -1 -1
83 -1 -1 -1 -1 -1 -1 -1 -1 -1 -1 -1 -1 -1 -1 -1 -1 -1 -1 -1 -1
84 -1 -1 -1 -1 -1 -1 -1 -1 -1 -1 -1 -1 -1 -1 -1 -1 -1 -1 -1 -1
85 -1 -1 -1 -1 -1 -1 -1 -1 -1 -1 -1 -1 -1 -1 -1 -1 -1 -1 -1 -1
86 -1 -1 -1 -1 -1 -1 -1 -1 -1 -1 -1 -1 -1 -1 -1 -1 -1 -1 -1 -1
87 -1 -1 -1 -1 -1 -1 -1 -1 -1 -1 -1 -1 -1 -1 -1 -1 -1 -1 -1 -1
88 -1 -1 -1 -1 -1 -1 -1 -1 -1 -1 -1 -1 -1 -1 -1 -1 -1 -1 -1 -1
89 -1 -1 -1 -1 -1 -1 -1 -1 -1 -1 -1 -1 -1 -1 -1 -1 -1 -1 -1 -1
90 -1 -1 -1 -1 -1 -1 -1 -1 -1 -1 -1 -1 -1 -1 -1 -1 -1 -1 -1 -1
91 -1 -1 -1 -1 -1 -1 -1 -1 -1 -1 -1 -1 -1 -1 -1 -1 -1 -1 -1 -1
92 -1 -1 -1 -1 -1 -1 -1 -1 -1 -1 -1 -1 -1 -1 -1 -1 -1 -1 -1 -1
93 -1 -1 -1 -1 -1 -1 -1 -1 -1 -1 -1 -1 -1 -1 -1 -1 -1 -1 -1 -1
94 -1 -1 -1 -1 -1 -1 -1 -1 -1 -1 -1 -1 -1 -1 -1 -1 -1 -1 -1 -1
95 -1 -1 -1 -1 -1 -1 -1 -1 -1 -1 -1 -1 -1 -1 -1 -1 -1 -1 -1 -1
96 -1 -1 -1 -1 -1 -1 -1 -1 -1 -1 -1 -1 -1 -1 -1 -1 -1 -1 -1 -1
97 -1 -1 -1 -1 -1 -1 -1 -1 -1 -1 -1 -1 -1 -1 -1 -1 -1 -1 -1 -1
98 -1 -1 -1 -1 -1 -1 -1 -1 -1 -1 -1 -1 -1 -1 -1 -1 -1 -1 -1 -1
99 -1 -1 -1 -1 -1 -1 -1 -1 -1 -1 -1 -1 -1 -1 -1 -1 -1 -1 -1 -1
100 -1 -1 -1 -1 -1 -1 -1 -1 -1 -1 -1 -1 -1 -1 -1 -1 -1 -1 -1 -1
101 -1 -1 -1 -1 -1 -1 -1 -1 -1 -1 -1 -1 -1 -1 -1 -1 -1 -1 -1 -1
102 -1 -1 -1 -1 -1 -1 -1 -1 -1 -1 -1 -1 -1 -1 -1 -1 -1 -1 -1 -1
103 0.303271 0.192982 0.303670 0.363962 0.284025 0.365214 0.323315 0.362710 0.284025 0.365214 0.276759 0.456421 0.281692 0.549660 0.323315 0.362710 0.314956 0.457930 0.308074 0.563474
104 0.308161 0.197286 0.310056 0.364560 0.289811 0.365386 0.330301 0.363735 0.289811 0.365386 0.281005 0.444373 0.283690 0.537260 0.330301 0.363735 0.319885 0.459517 0.307210 0.562892
105 0.314328 0.199340 0.314026 0.366098 0.294554 0.365660 0.333499 0.366537 0.294554 0.365660 0.292734 0.445215 0.292775 0.539791 0.333499 0.366537 0.321464 0.465891 0.306434 0.571884
106 0.320806 0.200561 0.320776 0.365243 0.302770 0.363750 0.338782 0.366737 0.302770 0.363750 0.303842 0.439008 0.297605 0.508252 0.338782 0.366737 0.322773 0.465838 0.310039 0.568794
107 0.326501 0.203056 0.327616 0.370809 0.309847 0.367222 0.345385 0.374396 0.309847 0.367222 0.300558 0.404733 0.304570 0.471327 0.345385 0.374396 0.326799 0.465700 0.315596 0.561187
108 0.332867 0.205642 0.334934 0.377550 0.319087 0.375370 0.350780 0.379729 0.319087 0.375370 0.326073 0.450087 0.341885 0.543418 0.350780 0.379729 0.333533 0.469199 0.319119 0.559339
109 0.339141 0.208542 0.345553 0.378168 0.330032 0.377490 0.361073 0.378846 0.330032 0.377490 0.335576 0.464228 0.338108 0.543863 0.361073 0.378846 0.342159 0.470075 0.323733 0.559290
110 0.347203 0.218932 0.354184 0.381646 0.338775 0.382888 0.369594 0.380404 0.338775 0.382888 0.336914 0.470292 0.339200 0.555931 0.369594 0.380404 0.351166 0.471122 0.331097 0.559963
111 0.358064 0.230461 0.360270 0.388351 0.342764 0.389542 0.377776 0.387160 0.342764 0.389542 0.337874 0.466455 0.336647 0.556686 0.377776 0.387160 0.364367 0.476292 0.341112 0.558717
112 0.370097 0.249485 0.366802 0.403773 0.346685 0.401153 0.386919 0.406393 0.346685 0.401153 0.331919 0.437564 0.334264 0.537590 0.386919 0.406393 0.374219 0.480147 0.351367 0.560715
113 0.381354 0.273285 0.375969 0.424334 0.357097 0.420169 0.394842 0.428498 0.357097 0.420169 0.333540 0.426441 0.334775 0.535060 0.394842 0.428498 0.374511 0.479702 0.374143 0.555697
114 0.394975 0.293488 0.389426 0.439778 0.373131 0.432942 0.405722 0.446613 0.373131 0.432942 0.332852 0.414497 0.329896 0.512488 0.405722 0.446613 0.382597 0.498733 0.379391 0.564156
115 0.408510 0.316558 0.399208 0.460634 0.383419 0.453464 0.414996 0.467804 0.383419 0.453464 0.334117 0.424688 0.316140 0.494845 0.414996 0.467804 0.391919 0.506731 0.387626 0.567347
116 0.422881 0.344112 0.411142 0.493375 0.394568 0.489203 0.427715 0.497547 0.394568 0.489203 0.326436 0.436346 0.310648 0.465455 0.427715 0.497547 0.400883 0.502318 0.398939 0.561501
117 0.438157 0.372254 0.417294 0.507037 0.405260 0.497577 0.429328 0.516497 0.405260 0.497577 0.338296 0.451096 0.300468 0.454150 0.429328 0.516497 0.390326 0.521320 0.378247 0.590683
118 0.455023 0.401476 0.426492 0.533939 0.415816 0.527860 0.437169 0.540018 0.415816 0.527860 0.344525 0.457208 0.291380 0.443012 0.437169 0.540018 0.385408 0.525502 0.362901 0.589230
119 0.471702 0.423479 0.435318 0.552521 0.425495 0.549557 0.445140 0.555486 0.425495 0.549557 0.368771 0.470414 0.313277 0.485816 0.445140 0.555486 0.383684 0.519794 0.356504 0.570749
120 -1 -1 -1 -1 -1 -1 -1 -1 -1 -1 -1 -1 -1 -1 -1 -1 -1 -1 -1 -1
121 -1 -1 -1 -1 -1 -1 -1 -1 -1 -1 -1 -1 -1 -1 -1 -1 -1 -1 -1 -1
122 0.523429 0.524521 0.428141 0.511333 0.428898 0.492806 0.427384 0.529861 0.428898 0.492806 0.378626 0.431141 0.325303 0.387915 0.427384 0.529861 0.390825 0.528119 0.337606 0.517097
123 0.535152 0.526868 0.440627 0.517109 0.442837 0.501756 0.438417 0.532461 0.442837 0.501756 0.402715 0.440761 0.339326 0.391304 0.438417 0.532461 0.395909 0.489520 0.338192 0.454008
124 0.543883 0.530069 0.452880 0.524533 0.454983 0.514089 0.450777 0.534977 0.454983 0.514089 0.419857 0.439137 0.356650 0.375539 0.450777 0.534977 0.417042 0.460156 0.355727 0.400978
125 0.549938 0.535253 0.461682 0.530118 0.460681 0.533571 0.462683 0.526666 0.460681 0.533571 0.418800 0.461263 0.359761 0.406390 0.462683 0.526666 0.439951 0.438191 0.386316 0.361013
126 0.552662 0.535621 0.468516 0.531748 0.467842 0.542922 0.469190 0.520574 0.467842 0.542922 0.421535 0.463539 0.360099 0.409160 0.469190 0.520574 0.447801 0.424726 0.405955 0.325444
127 0.554934 0.536184 0.473911 0.532659 0.475101 0.543191 0.472721 0.522128 0.475101 0.543191 0.436484 0.456055 0.383036 0.385027 0.472721 0.522128 0.458281 0.424940 0.421467 0.325476
128 0.563084 0.538730 0.480763 0.531027 0.483246 0.534751 0.478280 0.527303 0.483246 0.534751 0.466120 0.435986 0.409563 0.353600 0.478280 0.527303 0.447846 0.449930 0.407346 0.358518
129 0.567278 0.543333 0.482857 0.535029 0.480688 0.549219 0.485025 0.520840 0.480688 0.549219 0.461620 0.451288 0.391303 0.355072 0.485025 0.520840 0.471752 0.438851 0.423501 0.350251
130 0.570609 0.544874 0.485904 0.537993 0.484663 0.554375 0.487145 0.521611 0.484663 0.554375 0.476108 0.449950 0.421276 0.352597 0.487145 0.521611 0.473471 0.432467 0.420597 0.350747
131 0.573000 0.543411 0.490141 0.538173 0.488622 0.554491 0.491661 0.521855 0.488622 0.554491 0.474920 0.449527 0.413295 0.363191 0.491661 0.521855 0.479720 0.434648 0.422794 0.356188
132 0.576139 0.543671 0.489579 0.540426 0.488361 0.555929 0.490798 0.524922 0.488361 0.555929 0.479673 0.449216 0.418110 0.367311 0.490798 0.524922 0.486934 0.432063 0.428176 0.357560
133 0.577294 0.545931 0.491197 0.545875 0.489704 0.562255 0.492691 0.529496 0.489704 0.562255 0.487076 0.445738 0.411685 0.388979 0.492691 0.529496 0.491677 0.430066 0.422332 0.366529
134 0.578903 0.547254 0.493419 0.546494 0.490528 0.560872 0.496310 0.532115 0.490528 0.560872 0.486676 0.445623 0.407918 0.399694 0.496310 0.532115 0.492925 0.432929 0.418027 0.382095
135 0.579309 0.548892 0.492500 0.550771 0.490613 0.564389 0.494387 0.537154 0.490613 0.564389 0.488386 0.446087 0.406527 0.419650 0.494387 0.537154 0.489511 0.436256 0.414849 0.413242
136 0.580907 0.550426 0.493274 0.557603 0.491281 0.569948 0.495267 0.545259 0.491281 0.569948 0.486467 0.449450 0.407767 0.450354 0.495267 0.545259 0.487184 0.436352 0.414710 0.442662
137 0.579399 0.549326 0.492510 0.556937 0.491622 0.568361 0.493398 0.545512 0.491622 0.568361 0.485515 0.452690 0.409806 0.474608 0.493398 0.545512 0.482902 0.436887 0.414194 0.460508
138 0.580796 0.548561 0.492848 0.556137 0.493241 0.567328 0.492454 0.544946 0.493241 0.567328 0.481109 0.456895 0.417478 0.506928 0.492454 0.544946 0.481920 0.437427 0.423271 0.505469
139 0.583054 0.548540 0.492925 0.555226 0.493729 0.566049 0.492121 0.544402 0.493729 0.566049 0.475108 0.462496 0.424004 0.531137 0.492121 0.544402 0.471461 0.444692 0.422517 0.535151
140 0.583216 0.548801 0.493169 0.556028 0.494448 0.567437 0.491890 0.544618 0.494448 0.567437 0.462259 0.474255 0.422414 0.555354 0.491890 0.544618 0.457228 0.456450 0.420248 0.545879
141 0.583307 0.548518 0.492049 0.555472 0.493132 0.567191 0.490967 0.543754 0.493132 0.567191 0.452151 0.489016 0.420261 0.574178 0.490967 0.543754 0.452084 0.463956 0.421331 0.564799
142 0.583143 0.549360 0.492048 0.558784 0.493380 0.571293 0.490715 0.546274 0.493380 0.571293 0.440559 0.502347 0.419965 0.590253 0.490715 0.546274 0.446790 0.476506 0.417100 0.577176
143 0.582698 0.549608 0.489723 0.558964 0.492114 0.572033 0.487332 0.545895 0.492114 0.572033 0.433168 0.514118 0.419541 0.600495 0.487332 0.545895 0.439934 0.488569 0.403282 0.583275
144 0.582304 0.550840 0.488631 0.560600 0.491080 0.572050 0.486182 0.549149 0.491080 0.572050 0.430942 0.516879 0.413724 0.597787 0.486182 0.549149 0.436084 0.492109 0.403721 0.585004
145 0.580759 0.551507 0.486549 0.561035 0.488570 0.572046 0.484528 0.550024 0.488570 0.572046 0.425914 0.522173 0.391936 0.593142 0.484528 0.550024 0.432871 0.494182 0.405054 0.586329
146 0.579060 0.551274 0.485018 0.561700 0.486996 0.571990 0.483041 0.551410 0.486996 0.571990 0.424223 0.522337 0.396067 0.598717 0.483041 0.551410 0.431011 0.493676 0.402381 0.590747
147 0.577804 0.552636 0.483785 0.564446 0.485125 0.570908 0.482446 0.557984 0.485125 0.570908 0.428996 0.512670 0.399014 0.598860 0.482446 0.557984 0.429335 0.507967 0.386986 0.590783
148 0.576795 0.552025 0.482696 0.563548 0.483936 0.570794 0.481457 0.556301 0.483936 0.570794 0.430589 0.518347 0.400247 0.603732 0.481457 0.556301 0.429646 0.502921 0.390710 0.593319
149 0.576324 0.551740 0.482727 0.564078 0.483982 0.571603 0.481472 0.556554 0.483982 0.571603 0.427214 0.516924 0.402660 0.605208 0.481472 0.556554 0.429586 0.501602 0.394195 0.593084
150 0.576357 0.551073 0.482526 0.564808 0.483922 0.572832 0.481129 0.556784 0.483922 0.572832 0.428502 0.516987 0.405608 0.603579 0.481129 0.556784 0.429640 0.499241 0.388299 0.594381
151 0.576228 0.550578 0.482790 0.565566 0.484269 0.574376 0.481312 0.556756 0.484269 0.574376 0.425699 0.514150 0.417006 0.599968 0.481312 0.556756 0.428466 0.504874 0.383982 0.594621
152 0.576311 0.549636 0.482924 0.566704 0.484417 0.574558 0.481432 0.558850 0.484417 0.574558 0.424510 0.515002 0.409907 0.601793 0.481432 0.558850 0.428079 0.510007 0.384522 0.597331
153 0.575952 0.548944 0.483142 0.566620 0.484711 0.574981 0.481573 0.558260 0.484711 0.574981 0.425466 0.514831 0.401332 0.601806 0.481573 0.558260 0.428980 0.510407 0.386200 0.600797
154 0.575878 0.548267 0.483276 0.567110 0.484889 0.576119 0.481662 0.558101 0.484889 0.576119 0.426370 0.519530 0.399508 0.602694 0.481662 0.558101 0.429314 0.510325 0.384459 0.600967
155 0.575380 0.547413 0.483187 0.567696 0.484926 0.576050 0.481447 0.559343 0.484926 0.576050 0.427377 0.520124 0.410973 0.605089 0.481447 0.559343 0.425045 0.539039 0.350385 0.595877
156 0.575328 0.547326 0.483272 0.568274 0.485038 0.575944 0.481505 0.560605 0.485038 0.575944 0.429414 0.519560 0.411797 0.604907 0.481505 0.560605 0.425709 0.538792 0.354192 0.595232
157 0.574787 0.546880 0.483050 0.568384 0.485050 0.575758 0.481050 0.561010 0.485050 0.575758 0.431075 0.519052 0.415283 0.604129 0.481050 0.561010 0.425178 0.539896 0.351130 0.594776
158 0.574185 0.545677 0.483167 0.568544 0.485247 0.576323 0.481088 0.560766 0.485247 0.576323 0.433589 0.520059 0.415272 0.604006 0.481088 0.560766 0.425064 0.538261 0.350002 0.594017
159 0.573938 0.545400 0.483354 0.568970 0.485702 0.577426 0.481006 0.560513 0.485702 0.577426 0.433600 0.519077 0.411989 0.603082 0.481006 0.560513 0.424513 0.533684 0.358058 0.589930
160 0.573926 0.545247 0.483421 0.570473 0.485709 0.577095 0.481133 0.563851 0.485709 0.577095 0.433508 0.518616 0.417616 0.605684 0.481133 0.563851 0.423805 0.543068 0.350497 0.589383
161 0.574008 0.545344 0.483566 0.570265 0.485855 0.577270 0.481277 0.563259 0.485855 0.577270 0.433216 0.518162 0.414130 0.604655 0.481277 0.563259 0.423947 0.537476 0.356075 0.588251
162 0.573803 0.545422 0.483576 0.569778 0.485886 0.577132 0.481267 0.562425 0.485886 0.577132 0.433005 0.521580 0.415139 0.605464 0.481267 0.562425 0.423677 0.537382 0.349508 0.588071
163 0.574396 0.546224 0.483833 0.570863 0.485915 0.577114 0.481751 0.564613 0.485915 0.577114 0.432852 0.521077 0.415372 0.605921 0.481751 0.564613 0.425583 0.539165 0.349051 0.588034
164 0.574614 0.546365 0.483935 0.570574 0.485935 0.577010 0.481935 0.564138 0.485935 0.577010 0.433681 0.520411 0.413049 0.604898 0.481935 0.564138 0.426208 0.538203 0.351043 0.588089
165 0.575148 0.546511 0.484287 0.570612 0.486205 0.577381 0.482369 0.563842 0.486205 0.577381 0.434499 0.521290 0.410997 0.604467 0.482369 0.563842 0.428171 0.537740 0.353458 0.587325
166 0.575322 0.547488 0.484705 0.570820 0.486702 0.578494 0.482708 0.563146 0.486702 0.578494 0.434368 0.520886 0.401671 0.602138 0.482708 0.563146 0.428287 0.520050 0.378839 0.596313
167 0.575331 0.548036 0.484703 0.570603 0.486699 0.578374 0.482708 0.562831 0.486699 0.578374 0.434585 0.524326 0.403516 0.602157 0.482708 0.562831 0.428104 0.530025 0.358667 0.594253
168 0.575326 0.548237 0.484486 0.570748 0.486630 0.578780 0.482341 0.562717 0.486630 0.578780 0.436273 0.525289 0.404260 0.602135 0.482341 0.562717 0.428210 0.530544 0.358846 0.589701
169 0.575268 0.548559 0.484638 0.571329 0.486941 0.580688 0.482336 0.561971 0.486941 0.580688 0.436922 0.529112 0.404026 0.602589 0.482336 0.561971 0.426927 0.525922 0.358735 0.588428
170 0.575448 0.548505 0.484632 0.571413 0.486964 0.581178 0.482300 0.561649 0.486964 0.581178 0.437338 0.530143 0.404607 0.602588 0.482300 0.561649 0.426267 0.526414 0.358856 0.587873
171 0.575470 0.548775 0.484662 0.571120 0.486998 0.580990 0.482327 0.561250 0.486998 0.580990 0.437554 0.530552 0.404788 0.602563 0.482327 0.561250 0.426419 0.534280 0.351337 0.588727
172 0.575616 0.548670 0.484636 0.570207 0.487007 0.581149 0.482265 0.559266 0.487007 0.581149 0.437476 0.532934 0.401873 0.602616 0.482265 0.559266 0.426210 0.534071 0.352006 0.588621
173 0.575646 0.548696 0.484622 0.570233 0.486995 0.581261 0.482249 0.559205 0.486995 0.581261 0.437721 0.532221 0.401202 0.601267 0.482249 0.559205 0.426208 0.530007 0.355362 0.587365
174 0.575610 0.548623 0.484686 0.570328 0.487123 0.581431 0.482249 0.559226 0.487123 0.581431 0.438147 0.532091 0.400377 0.601215 0.482249 0.559226 0.426875 0.521281 0.356681 0.586817
175 0.575749 0.548875 0.484923 0.570351 0.487572 0.581513 0.482273 0.559188 0.487572 0.581513 0.437984 0.531061 0.401071 0.601418 0.482273 0.559188 0.423560 0.522612 0.356722 0.586850
176 0.575737 0.548984 0.484914 0.570377 0.487569 0.581556 0.482259 0.559197 0.487569 0.581556 0.437938 0.530760 0.396911 0.600350 0.482259 0.559197 0.425199 0.519364 0.375342 0.597964
177 0.575765 0.548936 0.484900 0.570452 0.487560 0.581698 0.482240 0.559207 0.487560 0.581698 0.437906 0.530204 0.394235 0.598338 0.482240 0.559207 0.427798 0.512112 0.376024 0.600201
178 0.575776 0.549039 0.484741 0.570316 0.487476 0.581695 0.482006 0.558937 0.487476 0.581695 0.437865 0.530767 0.392935 0.597518 0.482006 0.558937 0.425946 0.514647 0.379763 0.600909
179 0.575892 0.549404 0.484838 0.570990 0.487634 0.582978 0.482042 0.559002 0.487634 0.582978 0.437093 0.530313 0.385664 0.596280 0.482042 0.559002 0.427449 0.511965 0.392786 0.606438
180 0.575944 0.549515 0.484929 0.571299 0.487683 0.583014 0.482175 0.559584 0.487683 0.583014 0.436808 0.530137 0.388907 0.596459 0.482175 0.559584 0.428575 0.511094 0.384529 0.603601
181 0.575969 0.549825 0.484941 0.571273 0.487687 0.582975 0.482195 0.559570 0.487687 0.582975 0.436806 0.528771 0.400336 0.597406 0.482195 0.559570 0.426025 0.527149 0.356752 0.594250
182 0.575979 0.549507 0.485114 0.570996 0.487856 0.582508 0.482373 0.559484 0.487856 0.582508 0.436875 0.530566 0.401674 0.600273 0.482373 0.559484 0.425333 0.529175 0.353375 0.591349
183 0.576014 0.549567 0.485142 0.571277 0.487865 0.582611 0.482419 0.559943 0.487865 0.582611 0.437190 0.530448 0.404886 0.601837 0.482419 0.559943 0.425321 0.529021 0.352223 0.590006
184 0.576212 0.549098 0.485658 0.571106 0.488257 0.581664 0.483059 0.560548 0.488257 0.581664 0.437184 0.528908 0.406144 0.602250 0.483059 0.560548 0.425238 0.531094 0.351770 0.589321
185 0.576277 0.549116 0.485659 0.571003 0.488291 0.581684 0.483028 0.560323 0.488291 0.581684 0.436952 0.528715 0.405126 0.602028 0.483028 0.560323 0.422035 0.530648 0.355103 0.588479
186 0.576316 0.548952 0.485713 0.570980 0.488422 0.581907 0.483005 0.560054 0.488422 0.581907 0.436977 0.529577 0.404536 0.601994 0.483005 0.560054 0.422058 0.530041 0.356701 0.587950
187 0.576443 0.549179 0.485743 0.571101 0.488463 0.582025 0.483023 0.560178 0.488463 0.582025 0.437023 0.528937 0.404266 0.601918 0.483023 0.560178 0.422349 0.529229 0.354851 0.588209
188 0.576469 0.548990 0.485730 0.571129 0.488437 0.582044 0.483023 0.560214 0.488437 0.582044 0.435934 0.528357 0.395784 0.599721 0.483023 0.560214 0.422084 0.521569 0.382049 0.599884
189 0.576437 0.548989 0.485687 0.571193 0.488400 0.581936 0.482974 0.560449 0.488400 0.581936 0.435951 0.528410 0.397199 0.599734 0.482974 0.560449 0.421551 0.523062 0.371197 0.593459
190 0.576338 0.549392 0.485599 0.571128 0.488329 0.582011 0.482870 0.560246 0.488329 0.582011 0.435979 0.529775 0.402557 0.600713 0.482870 0.560246 0.422589 0.525071 0.357109 0.591237
191 0.576395 0.549233 0.485627 0.571282 0.488387 0.582429 0.482867 0.560135 0.488387 0.582429 0.436075 0.531349 0.400983 0.600638 0.482867 0.560135 0.421895 0.524981 0.358077 0.590282
