211
238
0 -1 -1 -1 -1 -1 -1 -1 -1 -1 -1 -1 -1 -1 -1 -1 -1 -1 -1 -1 -1
1 -1 -1 -1 -1 -1 -1 -1 -1 -1 -1 -1 -1 -1 -1 -1 -1 -1 -1 -1 -1
2 -1 -1 -1 -1 -1 -1 -1 -1 -1 -1 -1 -1 -1 -1 -1 -1 -1 -1 -1 -1
3 -1 -1 -1 -1 -1 -1 -1 -1 -1 -1 -1 -1 -1 -1 -1 -1 -1 -1 -1 -1
4 -1 -1 -1 -1 -1 -1 -1 -1 -1 -1 -1 -1 -1 -1 -1 -1 -1 -1 -1 -1
5 -1 -1 -1 -1 -1 -1 -1 -1 -1 -1 -1 -1 -1 -1 -1 -1 -1 -1 -1 -1
6 -1 -1 -1 -1 -1 -1 -1 -1 -1 -1 -1 -1 -1 -1 -1 -1 -1 -1 -1 -1
7 -1 -1 -1 -1 -1 -1 -1 -1 -1 -1 -1 -1 -1 -1 -1 -1 -1 -1 -1 -1
8 -1 -1 -1 -1 -1 -1 -1 -1 -1 -1 -1 -1 -1 -1 -1 -1 -1 -1 -1 -1
9 -1 -1 -1 -1 -1 -1 -1 -1 -1 -1 -1 -1 -1 -1 -1 -1 -1 -1 -1 -1
10 -1 -1 -1 -1 -1 -1 -1 -1 -1 -1 -1 -1 -1 -1 -1 -1 -1 -1 -1 -1
11 -1 -1 -1 -1 -1 -1 -1 -1 -1 -1 -1 -1 -1 -1 -1 -1 -1 -1 -1 -1
12 -1 -1 -1 -1 -1 -1 -1 -1 -1 -1 -1 -1 -1 -1 -1 -1 -1 -1 -1 -1
13 -1 -1 -1 -1 -1 -1 -1 -1 -1 -1 -1 -1 -1 -1 -1 -1 -1 -1 -1 -1
14 -1 -1 -1 -1 -1 -1 -1 -1 -1 -1 -1 -1 -1 -1 -1 -1 -1 -1 -1 -1
15 -1 -1 -1 -1 -1 -1 -1 -1 -1 -1 -1 -1 -1 -1 -1 -1 -1 -1 -1 -1
16 -1 -1 -1 -1 -1 -1 -1 -1 -1 -1 -1 -1 -1 -1 -1 -1 -1 -1 -1 -1
17 -1 -1 -1 -1 -1 -1 -1 -1 -1 -1 -1 -1 -1 -1 -1 -1 -1 -1 -1 -1
18 -1 -1 -1 -1 -1 -1 -1 -1 -1 -1 -1 -1 -1 -1 -1 -1 -1 -1 -1 -1
19 -1 -1 -1 -1 -1 -1 -1 -1 -1 -1 -1 -1 -1 -1 -1 -1 -1 -1 -1 -1
20 -1 -1 -1 -1 -1 -1 -1 -1 -1 -1 -1 -1 -1 -1 -1 -1 -1 -1 -1 -1
21 0.923549 0.348713 0.906198 0.537023 0.902873 0.538319 0.909522 0.535727 0.902873 0.538319 0.861583 0.653181 0.827014 0.771187 0.909522 0.535727 0.896924 0.645498 0.919635 0.746499
22 0.915817 0.347680 0.896240 0.536056 0.895781 0.536794 0.896699 0.535318 0.895781 0.536794 0.854206 0.653683 0.825123 0.771745 0.896699 0.535318 0.888274 0.646115 0.918685 0.746873
23 0.907945 0.345360 0.888597 0.533333 0.885752 0.533397 0.891442 0.533269 0.885752 0.533397 0.850106 0.653681 0.825869 0.772348 0.891442 0.533269 0.887741 0.645118 0.920133 0.746926
24 0.902089 0.343987 0.884566 0.530391 0.879694 0.531318 0.889438 0.529464 0.879694 0.531318 0.846606 0.653319 0.825578 0.773888 0.889438 0.529464 0.881799 0.644392 0.918653 0.747544
25 0.894743 0.342845 0.875026 0.526536 0.871490 0.529063 0.878563 0.524009 0.871490 0.529063 0.840448 0.652878 0.825265 0.773895 0.878563 0.524009 0.869038 0.636902 0.912319 0.742515
26 0.887746 0.342286 0.865202 0.524621 0.861955 0.526355 0.868449 0.522888 0.861955 0.526355 0.836890 0.652890 0.824307 0.775421 0.868449 0.522888 0.856333 0.637249 0.897676 0.738829
27 0.882641 0.341074 0.858458 0.523557 0.855289 0.524863 0.861626 0.522251 0.855289 0.524863 0.834710 0.650089 0.824558 0.775978 0.861626 0.522251 0.850409 0.636022 0.887492 0.738781
28 0.874416 0.340530 0.852029 0.522809 0.852811 0.524709 0.851248 0.520909 0.852811 0.524709 0.834628 0.650382 0.824594 0.775962 0.851248 0.520909 0.835800 0.636179 0.848079 0.739965
29 0.868245 0.340737 0.847502 0.521704 0.851352 0.524602 0.843653 0.518805 0.851352 0.524602 0.831168 0.650554 0.824838 0.775467 0.843653 0.518805 0.823211 0.631663 0.839913 0.732898
30 0.862483 0.340474 0.840035 0.522347 0.846484 0.525142 0.833586 0.519552 0.846484 0.525142 0.830085 0.652333 0.824991 0.775196 0.833586 0.519552 0.810677 0.629699 0.826750 0.734050
31 0.856947 0.340694 0.836119 0.522268 0.841154 0.524999 0.831085 0.519537 0.841154 0.524999 0.827126 0.649831 0.825129 0.774470 0.831085 0.519537 0.808603 0.630233 0.816938 0.740168
32 0.851057 0.340648 0.828844 0.522554 0.833510 0.525192 0.824177 0.519917 0.833510 0.525192 0.825859 0.649533 0.825037 0.774464 0.824177 0.519917 0.798367 0.629539 0.790667 0.740166
33 0.846634 0.341123 0.825404 0.522930 0.827173 0.525372 0.823634 0.520489 0.827173 0.525372 0.815682 0.646371 0.820347 0.767475 0.823634 0.520489 0.795469 0.629063 0.779870 0.735294
34 0.839957 0.339299 0.820944 0.519895 0.821375 0.521616 0.820513 0.518173 0.821375 0.521616 0.807703 0.639622 0.819311 0.767046 0.820513 0.518173 0.793535 0.627659 0.762852 0.729470
35 0.830978 0.337826 0.813320 0.517537 0.812951 0.518796 0.813689 0.516278 0.812951 0.518796 0.801618 0.636263 0.819876 0.767569 0.813689 0.516278 0.784677 0.624851 0.737869 0.719451
36 0.824883 0.338027 0.805639 0.518018 0.803442 0.519401 0.807835 0.516635 0.803442 0.519401 0.791491 0.636347 0.820391 0.761657 0.807835 0.516635 0.775123 0.625339 0.724559 0.711980
37 0.818653 0.337982 0.797093 0.520212 0.797021 0.521420 0.797165 0.519004 0.797021 0.521420 0.794929 0.636444 0.820734 0.762716 0.797165 0.519004 0.761416 0.623388 0.717877 0.706558
38 0.810979 0.336756 0.790530 0.517943 0.791650 0.519128 0.789410 0.516759 0.791650 0.519128 0.791066 0.636036 0.820587 0.763644 0.789410 0.516759 0.755851 0.615989 0.717421 0.703771
39 0.801970 0.335124 0.784117 0.516597 0.784373 0.517786 0.783862 0.515408 0.784373 0.517786 0.784436 0.634307 0.819263 0.763581 0.783862 0.515408 0.754185 0.611384 0.717249 0.702229
40 0.795142 0.333529 0.774667 0.516323 0.770252 0.517322 0.779081 0.515325 0.770252 0.517322 0.771566 0.630933 0.818631 0.763374 0.779081 0.515325 0.750529 0.612942 0.716670 0.705128
41 0.787068 0.331542 0.763647 0.515926 0.757801 0.516672 0.769492 0.515180 0.757801 0.516672 0.751610 0.627083 0.783294 0.740522 0.769492 0.515180 0.755845 0.618979 0.721854 0.706894
42 0.778997 0.329526 0.751143 0.510371 0.749724 0.511410 0.752563 0.509331 0.749724 0.511410 0.748160 0.626991 0.796143 0.746464 0.752563 0.509331 0.736107 0.616541 0.711488 0.708293
43 0.773396 0.326115 0.743938 0.503676 0.744624 0.505018 0.743251 0.502333 0.744624 0.505018 0.739983 0.621663 0.797015 0.746162 0.743251 0.502333 0.727355 0.610702 0.712609 0.706217
44 0.765709 0.323358 0.738404 0.498217 0.739897 0.500639 0.736910 0.495794 0.739897 0.500639 0.725714 0.615440 0.772596 0.731602 0.736910 0.495794 0.704964 0.598356 0.713158 0.701491
45 0.758291 0.320117 0.733228 0.497134 0.733333 0.499644 0.733123 0.494624 0.733333 0.499644 0.714407 0.614444 0.751484 0.724878 0.733123 0.494624 0.710348 0.601993 0.715035 0.702268
46 0.752236 0.317813 0.728689 0.493780 0.728658 0.496483 0.728719 0.491076 0.728658 0.496483 0.703508 0.607540 0.740492 0.718499 0.728719 0.491076 0.706895 0.597909 0.717233 0.703058
47 0.745833 0.314852 0.723056 0.489284 0.721977 0.491631 0.724134 0.486937 0.721977 0.491631 0.690682 0.597520 0.726975 0.712246 0.724134 0.486937 0.702092 0.592124 0.717094 0.703587
48 0.738770 0.313546 0.715970 0.490404 0.713348 0.492165 0.718593 0.488643 0.713348 0.492165 0.676436 0.594954 0.704848 0.703647 0.718593 0.488643 0.703141 0.596104 0.710169 0.707796
49 0.732433 0.310825 0.712765 0.490303 0.705701 0.490502 0.719829 0.490103 0.705701 0.490502 0.660771 0.590355 0.685844 0.709435 0.719829 0.490103 0.706416 0.598747 0.702895 0.718367
50 0.725697 0.307890 0.708517 0.487413 0.700532 0.486938 0.716502 0.487888 0.700532 0.486938 0.650975 0.585586 0.667292 0.711256 0.716502 0.487888 0.703125 0.599906 0.697173 0.717095
51 0.719425 0.305384 0.703789 0.486620 0.693578 0.485704 0.714000 0.487537 0.693578 0.485704 0.649011 0.588939 0.637465 0.707537 0.714000 0.487537 0.703541 0.600232 0.699978 0.716196
52 0.712243 0.304395 0.698162 0.486114 0.686143 0.484755 0.710180 0.487473 0.686143 0.484755 0.647128 0.591947 0.618113 0.703275 0.710180 0.487473 0.701064 0.600922 0.701928 0.715881
53 0.706411 0.303925 0.693056 0.484921 0.679615 0.483156 0.706496 0.486687 0.679615 0.483156 0.645422 0.592590 0.605078 0.697332 0.706496 0.486687 0.698455 0.600467 0.703050 0.715346
54 0.700006 0.302735 0.687011 0.484034 0.674945 0.482512 0.699077 0.485556 0.674945 0.482512 0.639023 0.593284 0.597457 0.694001 0.699077 0.485556 0.696474 0.600524 0.703437 0.715428
55 0.692427 0.303177 0.681091 0.484038 0.665859 0.482232 0.696323 0.485845 0.665859 0.482232 0.630968 0.591402 0.597407 0.696689 0.696323 0.485845 0.693749 0.599111 0.702794 0.715192
56 0.684502 0.303944 0.673370 0.483874 0.656020 0.481874 0.690720 0.485873 0.656020 0.481874 0.623440 0.591811 0.597028 0.698306 0.690720 0.485873 0.688851 0.598695 0.701373 0.715048
57 0.676515 0.304292 0.667575 0.483066 0.649854 0.481209 0.685297 0.484922 0.649854 0.481209 0.617303 0.592294 0.593555 0.699631 0.685297 0.484922 0.685058 0.596396 0.698730 0.714397
58 0.668951 0.303106 0.660648 0.480197 0.643199 0.479246 0.678097 0.481148 0.643199 0.479246 0.613660 0.589800 0.591798 0.699729 0.678097 0.481148 0.678824 0.591182 0.695671 0.710705
59 0.661714 0.300120 0.654137 0.476873 0.636324 0.476432 0.671949 0.477313 0.636324 0.476432 0.609148 0.588460 0.592773 0.698411 0.671949 0.477313 0.672107 0.588421 0.692680 0.706395
60 0.654174 0.297293 0.646450 0.474255 0.628027 0.474044 0.664874 0.474466 0.628027 0.474044 0.606347 0.587244 0.592807 0.698039 0.664874 0.474466 0.662895 0.584742 0.688752 0.700278
61 0.646871 0.294751 0.639223 0.471872 0.621137 0.472184 0.657308 0.471560 0.621137 0.472184 0.602743 0.587503 0.594815 0.698468 0.657308 0.471560 0.653926 0.578737 0.682878 0.692780
62 0.639511 0.292880 0.633629 0.469265 0.616314 0.469626 0.650943 0.468904 0.616314 0.469626 0.603665 0.585235 0.595947 0.698884 0.650943 0.468904 0.638858 0.574808 0.675209 0.683832
63 0.633098 0.291232 0.627743 0.468023 0.612025 0.468221 0.643460 0.467825 0.612025 0.468221 0.605577 0.581153 0.597510 0.698906 0.643460 0.467825 0.629571 0.571712 0.650311 0.688531
64 0.628398 0.288955 0.625274 0.463901 0.610979 0.464140 0.639569 0.463662 0.610979 0.464140 0.605479 0.573801 0.597749 0.698284 0.639569 0.463662 0.619557 0.567488 0.639628 0.690067
65 0.622325 0.286845 0.622247 0.459344 0.607702 0.459785 0.636793 0.458903 0.607702 0.459785 0.600142 0.567928 0.596772 0.698285 0.636793 0.458903 0.616062 0.564801 0.634712 0.684932
66 0.618665 0.286284 0.617141 0.456430 0.601333 0.456459 0.632950 0.456401 0.601333 0.456459 0.596564 0.568695 0.598837 0.696840 0.632950 0.456401 0.616682 0.565660 0.620499 0.682432
67 0.614365 0.285491 0.614489 0.452060 0.598854 0.452440 0.630124 0.451680 0.598854 0.452440 0.591123 0.565680 0.599512 0.694122 0.630124 0.451680 0.613828 0.562623 0.614733 0.675196
68 0.609861 0.285558 0.611084 0.451948 0.596405 0.452746 0.625762 0.451150 0.596405 0.452746 0.590783 0.567110 0.597604 0.695437 0.625762 0.451150 0.600355 0.562445 0.599127 0.677683
69 0.605079 0.285252 0.606449 0.452261 0.591595 0.453478 0.621303 0.451044 0.591595 0.453478 0.589498 0.567412 0.597487 0.695723 0.621303 0.451044 0.596619 0.554969 0.596104 0.669705
70 0.601486 0.284515 0.603586 0.450575 0.588446 0.452297 0.618727 0.448853 0.588446 0.452297 0.587259 0.560714 0.591790 0.680440 0.618727 0.448853 0.600343 0.555753 0.591252 0.663933
71 0.596843 0.283647 0.598360 0.450198 0.583168 0.450891 0.613552 0.449504 0.583168 0.450891 0.582702 0.563199 0.586737 0.679140 0.613552 0.449504 0.591842 0.556895 0.580578 0.662509
72 0.592533 0.282868 0.595273 0.446221 0.580094 0.445757 0.610452 0.446685 0.580094 0.445757 0.577668 0.558416 0.586043 0.674793 0.610452 0.446685 0.585273 0.554208 0.574501 0.657581
73 0.589643 0.282516 0.592116 0.445276 0.577492 0.444618 0.606740 0.445935 0.577492 0.444618 0.574181 0.560609 0.584920 0.676022 0.606740 0.445935 0.577828 0.553404 0.556688 0.652903
74 0.585218 0.282008 0.586587 0.445789 0.575062 0.445136 0.598112 0.446442 0.575062 0.445136 0.571483 0.561493 0.585818 0.679095 0.598112 0.446442 0.568843 0.553562 0.540468 0.645327
75 0.581150 0.280914 0.579924 0.444865 0.569145 0.444214 0.590702 0.445517 0.569145 0.444214 0.567049 0.560783 0.587342 0.680632 0.590702 0.445517 0.560814 0.546596 0.538357 0.637849
76 0.578612 0.279692 0.576276 0.440532 0.564809 0.439659 0.587742 0.441405 0.564809 0.439659 0.561893 0.560886 0.588250 0.681402 0.587742 0.441405 0.554519 0.539246 0.536494 0.629077
77 0.576755 0.277671 0.570549 0.437478 0.558442 0.436103 0.582655 0.438854 0.558442 0.436103 0.554236 0.555115 0.585901 0.676737 0.582655 0.438854 0.552111 0.537147 0.536224 0.628494
78 0.573070 0.275270 0.565925 0.434559 0.553421 0.433506 0.578429 0.435611 0.553421 0.433506 0.547896 0.552767 0.583876 0.676035 0.578429 0.435611 0.546553 0.537395 0.533000 0.633808
79 0.569720 0.271481 0.562314 0.433809 0.552618 0.433562 0.572010 0.434057 0.552618 0.433562 0.541936 0.550515 0.575624 0.670413 0.572010 0.434057 0.540635 0.535239 0.537395 0.637417
80 0.565457 0.269113 0.558092 0.432422 0.547643 0.432647 0.568541 0.432196 0.547643 0.432647 0.533843 0.543480 0.566861 0.657783 0.568541 0.432196 0.537492 0.531764 0.538178 0.635945
81 0.562011 0.268191 0.553698 0.429122 0.541371 0.429561 0.566025 0.428682 0.541371 0.429561 0.521470 0.537335 0.557572 0.646794 0.566025 0.428682 0.538525 0.528850 0.539230 0.630806
82 0.558638 0.266042 0.551676 0.426247 0.539099 0.426552 0.564253 0.425942 0.539099 0.426552 0.516497 0.528005 0.547062 0.638337 0.564253 0.425942 0.536766 0.522925 0.539732 0.622727
83 0.555874 0.264236 0.549487 0.424314 0.536350 0.424249 0.562623 0.424379 0.536350 0.424249 0.515110 0.529161 0.537300 0.642146 0.562623 0.424379 0.542045 0.524944 0.540150 0.624431
84 0.552423 0.263935 0.546701 0.422722 0.531944 0.421768 0.561459 0.423676 0.531944 0.421768 0.512065 0.530647 0.525491 0.645733 0.561459 0.423676 0.543262 0.527244 0.538363 0.627829
85 0.549507 0.261402 0.544761 0.419492 0.529927 0.418259 0.559595 0.420726 0.529927 0.418259 0.513383 0.529540 0.519305 0.647272 0.559595 0.420726 0.541848 0.528134 0.534714 0.632443
86 0.546723 0.261762 0.544228 0.418665 0.528728 0.416644 0.559727 0.420686 0.528728 0.416644 0.514590 0.529850 0.514444 0.646332 0.559727 0.420686 0.542227 0.528804 0.533901 0.635197
87 0.542522 0.261733 0.543825 0.417840 0.528413 0.415849 0.559238 0.419831 0.528413 0.415849 0.515720 0.528973 0.514019 0.646601 0.559238 0.419831 0.541064 0.527936 0.532641 0.635793
88 0.540146 0.261968 0.543453 0.418550 0.528274 0.416708 0.558631 0.420391 0.528274 0.416708 0.516379 0.530199 0.513710 0.646888 0.558631 0.420391 0.541528 0.528150 0.533205 0.637201
89 0.536642 0.262252 0.542482 0.418681 0.527448 0.417072 0.557515 0.420289 0.527448 0.417072 0.514433 0.530700 0.514131 0.647303 0.557515 0.420289 0.540602 0.530081 0.533659 0.638357
90 0.534569 0.262510 0.542588 0.417849 0.527395 0.416414 0.557781 0.419284 0.527395 0.416414 0.514160 0.530834 0.514102 0.645895 0.557781 0.419284 0.540620 0.529260 0.534402 0.638037
91 0.533549 0.262681 0.542781 0.417437 0.527779 0.416195 0.557784 0.418680 0.527779 0.416195 0.514881 0.530721 0.513460 0.645707 0.557784 0.418680 0.540067 0.527466 0.535626 0.636581
92 0.533324 0.262827 0.542798 0.416940 0.527412 0.415921 0.558185 0.417958 0.527412 0.415921 0.515375 0.529937 0.512865 0.645635 0.558185 0.417958 0.540485 0.524885 0.539612 0.632688
93 0.533173 0.263203 0.543364 0.414957 0.527991 0.413783 0.558736 0.416131 0.527991 0.413783 0.514117 0.527786 0.512581 0.644737 0.558736 0.416131 0.541362 0.522285 0.543112 0.628624
94 0.533699 0.263556 0.543812 0.414837 0.528568 0.413675 0.559057 0.416000 0.528568 0.413675 0.513645 0.526990 0.512041 0.644429 0.559057 0.416000 0.544774 0.520960 0.547767 0.624534
95 0.532300 0.263765 0.544086 0.415062 0.528869 0.414069 0.559303 0.416055 0.528869 0.414069 0.513672 0.526563 0.512511 0.643950 0.559303 0.416055 0.548914 0.519369 0.550428 0.620297
96 0.531473 0.264855 0.546345 0.415056 0.531881 0.414328 0.560809 0.415785 0.531881 0.414328 0.514062 0.526136 0.512346 0.644156 0.560809 0.415785 0.553658 0.518423 0.552909 0.618118
97 0.531470 0.266718 0.549133 0.415251 0.534787 0.414512 0.563478 0.415990 0.534787 0.414512 0.515118 0.526108 0.511888 0.644285 0.563478 0.415990 0.556764 0.519182 0.554260 0.620084
98 0.532498 0.271258 0.553054 0.416464 0.539532 0.416807 0.566576 0.416121 0.539532 0.416807 0.516468 0.526758 0.511838 0.644584 0.566576 0.416121 0.558946 0.519657 0.555716 0.621240
99 0.533232 0.276140 0.555438 0.416637 0.542714 0.417149 0.568163 0.416124 0.542714 0.417149 0.520680 0.526055 0.511762 0.644088 0.568163 0.416124 0.559614 0.519823 0.555679 0.621052
100 0.533882 0.280257 0.558241 0.416641 0.546600 0.417156 0.569883 0.416125 0.546600 0.417156 0.524455 0.525027 0.512159 0.643542 0.569883 0.416125 0.561813 0.519826 0.555068 0.620331
101 0.534126 0.280795 0.560701 0.416144 0.549204 0.416433 0.572197 0.415855 0.549204 0.416433 0.529713 0.523868 0.513505 0.642977 0.572197 0.415855 0.563891 0.520004 0.554366 0.620469
102 0.534215 0.282925 0.562321 0.415076 0.550321 0.415190 0.574321 0.414961 0.550321 0.415190 0.534115 0.523226 0.518159 0.643068 0.574321 0.414961 0.564912 0.523302 0.554089 0.625967
103 0.534414 0.284038 0.564699 0.412881 0.553669 0.412125 0.575729 0.413637 0.553669 0.412125 0.540316 0.522009 0.522664 0.643146 0.575729 0.413637 0.565625 0.526124 0.550307 0.633522
104 0.537927 0.284539 0.565917 0.409117 0.557385 0.405656 0.574450 0.412579 0.557385 0.405656 0.545177 0.521545 0.527920 0.644462 0.574450 0.412579 0.561884 0.526890 0.541952 0.639583
105 0.541154 0.284169 0.565879 0.406945 0.560424 0.401183 0.571334 0.412707 0.560424 0.401183 0.549530 0.519051 0.531341 0.644467 0.571334 0.412707 0.557090 0.529877 0.535618 0.642474
106 0.542464 0.283639 0.565640 0.405282 0.560943 0.398731 0.570337 0.411834 0.560943 0.398731 0.550415 0.518850 0.534206 0.644125 0.570337 0.411834 0.556158 0.529574 0.537190 0.641021
107 -1 -1 -1 -1 -1 -1 -1 -1 -1 -1 -1 -1 -1 -1 -1 -1 -1 -1 -1 -1
108 -1 -1 -1 -1 -1 -1 -1 -1 -1 -1 -1 -1 -1 -1 -1 -1 -1 -1 -1 -1
109 -1 -1 -1 -1 -1 -1 -1 -1 -1 -1 -1 -1 -1 -1 -1 -1 -1 -1 -1 -1
110 -1 -1 -1 -1 -1 -1 -1 -1 -1 -1 -1 -1 -1 -1 -1 -1 -1 -1 -1 -1
111 -1 -1 -1 -1 -1 -1 -1 -1 -1 -1 -1 -1 -1 -1 -1 -1 -1 -1 -1 -1
112 -1 -1 -1 -1 -1 -1 -1 -1 -1 -1 -1 -1 -1 -1 -1 -1 -1 -1 -1 -1
113 -1 -1 -1 -1 -1 -1 -1 -1 -1 -1 -1 -1 -1 -1 -1 -1 -1 -1 -1 -1
114 -1 -1 -1 -1 -1 -1 -1 -1 -1 -1 -1 -1 -1 -1 -1 -1 -1 -1 -1 -1
115 -1 -1 -1 -1 -1 -1 -1 -1 -1 -1 -1 -1 -1 -1 -1 -1 -1 -1 -1 -1
116 -1 -1 -1 -1 -1 -1 -1 -1 -1 -1 -1 -1 -1 -1 -1 -1 -1 -1 -1 -1
117 -1 -1 -1 -1 -1 -1 -1 -1 -1 -1 -1 -1 -1 -1 -1 -1 -1 -1 -1 -1
118 -1 -1 -1 -1 -1 -1 -1 -1 -1 -1 -1 -1 -1 -1 -1 -1 -1 -1 -1 -1
119 -1 -1 -1 -1 -1 -1 -1 -1 -1 -1 -1 -1 -1 -1 -1 -1 -1 -1 -1 -1
120 -1 -1 -1 -1 -1 -1 -1 -1 -1 -1 -1 -1 -1 -1 -1 -1 -1 -1 -1 -1
121 -1 -1 -1 -1 -1 -1 -1 -1 -1 -1 -1 -1 -1 -1 -1 -1 -1 -1 -1 -1
122 -1 -1 -1 -1 -1 -1 -1 -1 -1 -1 -1 -1 -1 -1 -1 -1 -1 -1 -1 -1
123 -1 -1 -1 -1 -1 -1 -1 -1 -1 -1 -1 -1 -1 -1 -1 -1 -1 -1 -1 -1
124 -1 -1 -1 -1 -1 -1 -1 -1 -1 -1 -1 -1 -1 -1 -1 -1 -1 -1 -1 -1
125 -1 -1 -1 -1 -1 -1 -1 -1 -1 -1 -1 -1 -1 -1 -1 -1 -1 -1 -1 -1
126 -1 -1 -1 -1 -1 -1 -1 -1 -1 -1 -1 -1 -1 -1 -1 -1 -1 -1 -1 -1
127 -1 -1 -1 -1 -1 -1 -1 -1 -1 -1 -1 -1 -1 -1 -1 -1 -1 -1 -1 -1
128 -1 -1 -1 -1 -1 -1 -1 -1 -1 -1 -1 -1 -1 -1 -1 -1 -1 -1 -1 -1
129 -1 -1 -1 -1 -1 -1 -1 -1 -1 -1 -1 -1 -1 -1 -1 -1 -1 -1 -1 -1
130 -1 -1 -1 -1 -1 -1 -1 -1 -1 -1 -1 -1 -1 -1 -1 -1 -1 -1 -1 -1
131 -1 -1 -1 -1 -1 -1 -1 -1 -1 -1 -1 -1 -1 -1 -1 -1 -1 -1 -1 -1
132 -1 -1 -1 -1 -1 -1 -1 -1 -1 -1 -1 -1 -1 -1 -1 -1 -1 -1 -1 -1
133 -1 -1 -1 -1 -1 -1 -1 -1 -1 -1 -1 -1 -1 -1 -1 -1 -1 -1 -1 -1
134 -1 -1 -1 -1 -1 -1 -1 -1 -1 -1 -1 -1 -1 -1 -1 -1 -1 -1 -1 -1
135 -1 -1 -1 -1 -1 -1 -1 -1 -1 -1 -1 -1 -1 -1 -1 -1 -1 -1 -1 -1
136 -1 -1 -1 -1 -1 -1 -1 -1 -1 -1 -1 -1 -1 -1 -1 -1 -1 -1 -1 -1
137 -1 -1 -1 -1 -1 -1 -1 -1 -1 -1 -1 -1 -1 -1 -1 -1 -1 -1 -1 -1
138 -1 -1 -1 -1 -1 -1 -1 -1 -1 -1 -1 -1 -1 -1 -1 -1 -1 -1 -1 -1
139 -1 -1 -1 -1 -1 -1 -1 -1 -1 -1 -1 -1 -1 -1 -1 -1 -1 -1 -1 -1
140 0.580153 0.397769 0.567100 0.512582 0.572051 0.514467 0.562149 0.510696 0.572051 0.514467 0.561447 0.560656 0.566229 0.650094 0.562149 0.510696 0.558258 0.563334 0.566783 0.638357
141 0.572586 0.318424 0.570766 0.448443 0.572842 0.452577 0.568690 0.444308 0.572842 0.452577 0.566000 0.545915 0.571235 0.649557 0.568690 0.444308 0.561929 0.544159 0.569816 0.638359
142 -1 -1 -1 -1 -1 -1 -1 -1 -1 -1 -1 -1 -1 -1 -1 -1 -1 -1 -1 -1
143 -1 -1 -1 -1 -1 -1 -1 -1 -1 -1 -1 -1 -1 -1 -1 -1 -1 -1 -1 -1
144 -1 -1 -1 -1 -1 -1 -1 -1 -1 -1 -1 -1 -1 -1 -1 -1 -1 -1 -1 -1
145 -1 -1 -1 -1 -1 -1 -1 -1 -1 -1 -1 -1 -1 -1 -1 -1 -1 -1 -1 -1
146 -1 -1 -1 -1 -1 -1 -1 -1 -1 -1 -1 -1 -1 -1 -1 -1 -1 -1 -1 -1
147 -1 -1 -1 -1 -1 -1 -1 -1 -1 -1 -1 -1 -1 -1 -1 -1 -1 -1 -1 -1
148 -1 -1 -1 -1 -1 -1 -1 -1 -1 -1 -1 -1 -1 -1 -1 -1 -1 -1 -1 -1
149 -1 -1 -1 -1 -1 -1 -1 -1 -1 -1 -1 -1 -1 -1 -1 -1 -1 -1 -1 -1
150 -1 -1 -1 -1 -1 -1 -1 -1 -1 -1 -1 -1 -1 -1 -1 -1 -1 -1 -1 -1
151 0.555979 0.283786 0.598422 0.418740 0.603535 0.417019 0.593309 0.420460 0.603535 0.417019 0.593910 0.524580 0.618802 0.628731 0.593309 0.420460 0.586934 0.517755 0.582186 0.617404
152 0.560837 0.282644 0.598802 0.421123 0.603782 0.419511 0.593822 0.422736 0.603782 0.419511 0.594293 0.524907 0.602574 0.615191 0.593822 0.422736 0.596768 0.520693 0.600210 0.618034
153 0.567010 0.281783 0.599841 0.423641 0.606063 0.422158 0.593618 0.425124 0.606063 0.422158 0.597632 0.525690 0.603127 0.620861 0.593618 0.425124 0.592907 0.521065 0.594953 0.617812
154 0.573723 0.281748 0.601779 0.424542 0.609675 0.422730 0.593883 0.426354 0.609675 0.422730 0.600747 0.526643 0.602829 0.622645 0.593883 0.426354 0.590943 0.521967 0.588032 0.617125
155 0.579996 0.280899 0.603393 0.425561 0.611509 0.423819 0.595276 0.427303 0.611509 0.423819 0.600422 0.528415 0.599201 0.622497 0.595276 0.427303 0.592003 0.522792 0.587058 0.617985
156 0.588057 0.281744 0.606627 0.426443 0.613351 0.425313 0.599904 0.427572 0.613351 0.425313 0.598664 0.528756 0.593664 0.618748 0.599904 0.427572 0.593348 0.523061 0.586716 0.618503
157 0.594485 0.282658 0.608776 0.426766 0.617852 0.425800 0.599700 0.427733 0.617852 0.425800 0.608998 0.529135 0.611988 0.625945 0.599700 0.427733 0.588028 0.523663 0.565462 0.609586
158 0.601629 0.283143 0.611405 0.427476 0.623885 0.427063 0.598925 0.427889 0.623885 0.427063 0.620579 0.532862 0.621370 0.632484 0.598925 0.427889 0.581576 0.528199 0.559336 0.615485
159 0.607196 0.283514 0.614259 0.428898 0.630143 0.429464 0.598375 0.428331 0.630143 0.429464 0.625204 0.535653 0.621741 0.634893 0.598375 0.428331 0.577722 0.528838 0.558432 0.620487
160 0.613305 0.283807 0.617267 0.429011 0.635466 0.429557 0.599069 0.428465 0.635466 0.429557 0.627879 0.536381 0.622351 0.635493 0.599069 0.428465 0.577140 0.528876 0.560699 0.623023
161 0.618184 0.283297 0.618460 0.428859 0.637519 0.429617 0.599401 0.428100 0.637519 0.429617 0.630300 0.536306 0.622884 0.635524 0.599401 0.428100 0.577936 0.527715 0.561721 0.623306
162 0.622126 0.282280 0.619771 0.428380 0.639784 0.429577 0.599758 0.427182 0.639784 0.429577 0.632834 0.536280 0.623565 0.635716 0.599758 0.427182 0.578536 0.527748 0.570902 0.624037
163 0.625701 0.280774 0.621188 0.427949 0.642149 0.429629 0.600227 0.426269 0.642149 0.429629 0.634274 0.536558 0.623819 0.635822 0.600227 0.426269 0.580056 0.530805 0.576780 0.625126
164 0.628015 0.279465 0.622748 0.427161 0.644321 0.429618 0.601176 0.424703 0.644321 0.429618 0.635430 0.536396 0.624345 0.635725 0.601176 0.424703 0.583259 0.531369 0.582327 0.627391
165 0.630952 0.278647 0.625816 0.427128 0.647873 0.429636 0.603759 0.424619 0.647873 0.429636 0.638286 0.536310 0.624269 0.635704 0.603759 0.424619 0.589424 0.531266 0.586787 0.631289
166 0.632537 0.278390 0.628263 0.427357 0.650560 0.429892 0.605966 0.424821 0.650560 0.429892 0.638919 0.537832 0.623886 0.635723 0.605966 0.424821 0.594597 0.533478 0.589896 0.636119
167 0.634813 0.278197 0.630121 0.429136 0.652356 0.431845 0.607887 0.426427 0.652356 0.431845 0.639001 0.540635 0.623849 0.635902 0.607887 0.426427 0.598854 0.537702 0.592128 0.641493
168 0.636140 0.278456 0.631234 0.431655 0.653568 0.434323 0.608901 0.428987 0.653568 0.434323 0.638274 0.544333 0.623715 0.635897 0.608901 0.428987 0.602035 0.542493 0.594371 0.644128
169 0.637163 0.278849 0.632615 0.435153 0.654980 0.437587 0.610249 0.432719 0.654980 0.437587 0.639974 0.546234 0.623709 0.635883 0.610249 0.432719 0.604138 0.546676 0.596148 0.646597
170 0.637829 0.279330 0.633475 0.439007 0.655678 0.440983 0.611273 0.437032 0.655678 0.440983 0.639530 0.546827 0.623531 0.635851 0.611273 0.437032 0.606337 0.548361 0.599138 0.649239
171 0.638214 0.280356 0.634242 0.440925 0.656139 0.442266 0.612345 0.439583 0.656139 0.442266 0.639590 0.547480 0.623393 0.636019 0.612345 0.439583 0.608522 0.549701 0.601292 0.651448
172 0.638801 0.283635 0.634392 0.444217 0.656027 0.445640 0.612757 0.442794 0.656027 0.445640 0.638908 0.550048 0.623312 0.636307 0.612757 0.442794 0.609928 0.553009 0.601637 0.657425
173 0.638767 0.286471 0.634383 0.445743 0.655368 0.446906 0.613398 0.444580 0.655368 0.446906 0.638689 0.550600 0.623126 0.637188 0.613398 0.444580 0.611209 0.552921 0.601579 0.658820
174 0.638492 0.288892 0.634682 0.448994 0.655016 0.449716 0.614347 0.448273 0.655016 0.449716 0.638400 0.554972 0.622650 0.638377 0.614347 0.448273 0.611885 0.556784 0.601163 0.664033
175 0.638376 0.290566 0.635439 0.451277 0.655248 0.451691 0.615630 0.450863 0.655248 0.451691 0.638220 0.557710 0.621802 0.638955 0.615630 0.450863 0.614470 0.560645 0.602382 0.663473
176 0.638257 0.291648 0.636144 0.453799 0.655893 0.454116 0.616395 0.453482 0.655893 0.454116 0.639187 0.560594 0.621773 0.638933 0.616395 0.453482 0.614856 0.563800 0.603045 0.662868
177 0.638216 0.292723 0.636418 0.454735 0.656629 0.455088 0.616207 0.454381 0.656629 0.455088 0.641179 0.561928 0.622279 0.638867 0.616207 0.454381 0.614374 0.565615 0.603019 0.663525
178 0.638318 0.293871 0.637039 0.454964 0.657534 0.455440 0.616543 0.454488 0.657534 0.455440 0.645214 0.562824 0.622725 0.638847 0.616543 0.454488 0.613740 0.566839 0.602332 0.663613
179 0.638584 0.294306 0.637712 0.455586 0.657987 0.455949 0.617436 0.455222 0.657987 0.455949 0.653293 0.562990 0.624231 0.638953 0.617436 0.455222 0.614291 0.565819 0.602121 0.663372
180 0.638280 0.295501 0.638809 0.457853 0.658824 0.458175 0.618795 0.457530 0.658824 0.458175 0.659680 0.564036 0.625193 0.640653 0.618795 0.457530 0.614829 0.564867 0.601944 0.662589
181 0.637435 0.295959 0.639997 0.458807 0.659097 0.458893 0.620896 0.458722 0.659097 0.458893 0.663254 0.564738 0.627598 0.644294 0.620896 0.458722 0.617248 0.564025 0.603355 0.661875
182 0.637974 0.297613 0.641403 0.460240 0.660107 0.460624 0.622699 0.459856 0.660107 0.460624 0.668025 0.565543 0.631118 0.652838 0.622699 0.459856 0.617015 0.563906 0.603238 0.663039
183 0.638675 0.298430 0.642568 0.461868 0.659898 0.461872 0.625239 0.461865 0.659898 0.461872 0.668172 0.564990 0.637496 0.664220 0.625239 0.461865 0.616965 0.563575 0.603126 0.668543
184 0.639279 0.298733 0.645130 0.463861 0.658915 0.463159 0.631345 0.464562 0.658915 0.463159 0.664978 0.565533 0.638590 0.673248 0.631345 0.464562 0.622863 0.563769 0.606250 0.668409
185 0.640025 0.298842 0.646853 0.466154 0.656214 0.465129 0.637493 0.467179 0.656214 0.465129 0.663404 0.572877 0.643226 0.680074 0.637493 0.467179 0.629398 0.576203 0.609710 0.671781
186 0.642307 0.299722 0.648744 0.469261 0.656163 0.467993 0.641325 0.470529 0.656163 0.467993 0.661711 0.577170 0.648464 0.683218 0.641325 0.470529 0.631829 0.583402 0.611479 0.673220
187 0.644743 0.300357 0.650186 0.471261 0.657028 0.470380 0.643344 0.472141 0.657028 0.470380 0.660831 0.578020 0.656329 0.688521 0.643344 0.472141 0.630941 0.584625 0.610499 0.673655
188 0.647150 0.301759 0.652612 0.474078 0.659326 0.473407 0.645899 0.474749 0.659326 0.473407 0.660098 0.580229 0.659026 0.691710 0.645899 0.474749 0.633552 0.587148 0.610302 0.672615
189 0.650898 0.302106 0.655604 0.475412 0.662038 0.474773 0.649171 0.476052 0.662038 0.474773 0.660181 0.582371 0.661632 0.694060 0.649171 0.476052 0.635310 0.588316 0.610046 0.672149
190 0.655142 0.302602 0.658714 0.477245 0.667428 0.476932 0.649999 0.477558 0.667428 0.476932 0.667279 0.584091 0.664857 0.694821 0.649999 0.477558 0.633665 0.587325 0.609081 0.672046
191 0.659321 0.303251 0.659699 0.479077 0.669941 0.479042 0.649458 0.479113 0.669941 0.479042 0.669480 0.585221 0.666062 0.694593 0.649458 0.479113 0.635238 0.587477 0.608152 0.671895
192 0.662321 0.303554 0.662149 0.480941 0.670998 0.480287 0.653299 0.481595 0.670998 0.480287 0.667804 0.584863 0.663646 0.694603 0.653299 0.481595 0.645302 0.587695 0.608300 0.671523
193 0.665626 0.303361 0.663414 0.479440 0.671899 0.478965 0.654930 0.479915 0.671899 0.478965 0.667702 0.584666 0.662502 0.693345 0.654930 0.479915 0.658038 0.585703 0.610903 0.668761
194 0.668033 0.303226 0.664639 0.478482 0.672235 0.478004 0.657042 0.478960 0.672235 0.478004 0.667939 0.584442 0.660973 0.691674 0.657042 0.478960 0.663775 0.584950 0.612104 0.666516
195 0.669103 0.304052 0.666322 0.478829 0.676217 0.478716 0.656428 0.478942 0.676217 0.478716 0.670912 0.584110 0.663380 0.692567 0.656428 0.478942 0.657058 0.585378 0.611728 0.668289
196 0.668836 0.304944 0.666987 0.481135 0.677646 0.481475 0.656328 0.480794 0.677646 0.481475 0.673867 0.586796 0.665933 0.694273 0.656328 0.480794 0.654005 0.590787 0.614028 0.676416
197 0.667331 0.309479 0.666795 0.487340 0.678196 0.487883 0.655394 0.486796 0.678196 0.487883 0.674357 0.593552 0.666830 0.695408 0.655394 0.486796 0.652082 0.598594 0.618983 0.685855
198 0.665811 0.313056 0.666592 0.490319 0.676905 0.490301 0.656280 0.490337 0.676905 0.490301 0.674082 0.595689 0.666133 0.695478 0.656280 0.490337 0.656433 0.602809 0.629849 0.702052
199 0.663338 0.317435 0.667663 0.492957 0.676956 0.491689 0.658369 0.494224 0.676956 0.491689 0.676991 0.596095 0.665146 0.695204 0.658369 0.494224 0.661236 0.602852 0.639448 0.709731
200 0.658394 0.320585 0.669359 0.493977 0.679154 0.491904 0.659563 0.496049 0.679154 0.491904 0.681675 0.594783 0.664530 0.694679 0.659563 0.496049 0.666686 0.601382 0.642282 0.709370
201 0.653264 0.323475 0.670620 0.494614 0.682421 0.491792 0.658820 0.497435 0.682421 0.491792 0.689623 0.594069 0.666045 0.694582 0.658820 0.497435 0.667767 0.602049 0.642989 0.708348
202 0.649268 0.328206 0.672081 0.496399 0.686034 0.492104 0.658127 0.500693 0.686034 0.492104 0.698044 0.596165 0.671294 0.694787 0.658127 0.500693 0.664781 0.607104 0.642604 0.707390
203 0.642139 0.333473 0.669158 0.498073 0.685929 0.492974 0.652386 0.503173 0.685929 0.492974 0.706256 0.595705 0.678887 0.698568 0.652386 0.503173 0.663098 0.606809 0.642406 0.707654
204 0.633765 0.339925 0.665033 0.503014 0.684739 0.496080 0.645328 0.509947 0.684739 0.496080 0.711841 0.598559 0.684690 0.709580 0.645328 0.509947 0.662141 0.612264 0.642706 0.712262
205 0.624311 0.347146 0.662352 0.508225 0.684540 0.500140 0.640164 0.516310 0.684540 0.500140 0.712325 0.602345 0.693728 0.725685 0.640164 0.516310 0.662295 0.617028 0.642526 0.714351
206 0.615813 0.354247 0.655972 0.515860 0.678872 0.507078 0.633072 0.524641 0.678872 0.507078 0.711289 0.611414 0.697067 0.745325 0.633072 0.524641 0.663743 0.621089 0.642657 0.716843
207 0.608684 0.365021 0.650768 0.527566 0.673668 0.516659 0.627868 0.538473 0.673668 0.516659 0.711113 0.616098 0.696625 0.755756 0.627868 0.538473 0.662759 0.634385 0.642101 0.726737
208 0.601116 0.380503 0.645564 0.542486 0.667439 0.529841 0.623688 0.555131 0.667439 0.529841 0.711944 0.622790 0.695854 0.755739 0.623688 0.555131 0.656278 0.659224 0.644694 0.764680
209 0.593190 0.396123 0.639383 0.555065 0.660393 0.540888 0.618373 0.569241 0.660393 0.540888 0.713251 0.626640 0.694348 0.756186 0.618373 0.569241 0.652429 0.678625 0.644093 0.761449
210 0.583037 0.411717 0.631039 0.563457 0.651702 0.547444 0.610375 0.579471 0.651702 0.547444 0.712256 0.627154 0.693492 0.756707 0.610375 0.579471 0.644135 0.694562 0.643370 0.751174
211 0.573008 0.424951 0.621217 0.576588 0.641494 0.558911 0.600940 0.594265 0.641494 0.558911 0.711364 0.630176 0.695757 0.757057 0.600940 0.594265 0.630443 0.704584 0.648280 0.749845
212 0.560646 0.446325 0.612886 0.595544 0.632971 0.577190 0.592801 0.613899 0.632971 0.577190 0.703774 0.638245 0.698129 0.759701 0.592801 0.613899 0.629978 0.723749 0.649558 0.751129
213 0.547511 0.470585 0.603289 0.617847 0.622207 0.597421 0.584372 0.638274 0.622207 0.597421 0.694520 0.647658 0.699304 0.765664 0.584372 0.638274 0.633272 0.741673 0.648306 0.772386
214 0.533640 0.494689 0.593172 0.635781 0.610582 0.614240 0.575762 0.657321 0.610582 0.614240 0.681311 0.655179 0.699039 0.765698 0.575762 0.657321 0.631911 0.753452 0.641438 0.765726
215 0.515982 0.521713 0.577797 0.657678 0.594337 0.634375 0.561258 0.680980 0.594337 0.634375 0.670305 0.657576 0.702489 0.763707 0.561258 0.680980 0.619424 0.766278 0.628027 0.786050
216 0.497223 0.558799 0.567122 0.680151 0.581559 0.654483 0.552684 0.705819 0.581559 0.654483 0.657728 0.663078 0.703700 0.762065 0.552684 0.705819 0.615518 0.797127 0.624368 0.782964
217 0.477620 0.597304 0.551973 0.700879 0.562773 0.670165 0.541173 0.731593 0.562773 0.670165 0.645796 0.671827 0.705070 0.761322 0.541173 0.731593 0.619974 0.791373 0.669971 0.786610
218 0.454404 0.637343 0.535395 0.720062 0.543088 0.689522 0.527702 0.750601 0.543088 0.689522 0.631788 0.686174 0.710654 0.731505 0.527702 0.750601 0.612631 0.788686 0.642903 0.766413
219 0.436624 0.682061 0.525739 0.734768 0.529095 0.701841 0.522383 0.767695 0.529095 0.701841 0.615506 0.689763 0.710110 0.695112 0.522383 0.767695 0.604237 0.775713 0.660462 0.748779
220 0.419441 0.698695 0.501282 0.730807 0.507017 0.695967 0.495548 0.765647 0.507017 0.695967 0.592012 0.679911 0.688647 0.668902 0.495548 0.765647 0.587192 0.767438 0.656539 0.744976
221 0.407553 0.701340 0.496300 0.711980 0.498795 0.679882 0.493805 0.744077 0.498795 0.679882 0.582694 0.658022 0.680225 0.635615 0.493805 0.744077 0.581777 0.764179 0.654627 0.736803
222 0.396192 0.714462 0.487587 0.703528 0.486492 0.672259 0.488682 0.734797 0.486492 0.672259 0.571671 0.639464 0.662638 0.603490 0.488682 0.734797 0.575641 0.751518 0.655903 0.711503
223 0.385696 0.726415 0.478901 0.697164 0.474518 0.667257 0.483284 0.727071 0.474518 0.667257 0.559012 0.622129 0.645496 0.571227 0.483284 0.727071 0.568992 0.743378 0.654781 0.689416
224 0.377629 0.729639 0.474215 0.694009 0.468105 0.664994 0.480325 0.723023 0.468105 0.664994 0.545631 0.614346 0.627271 0.566461 0.480325 0.723023 0.556684 0.736337 0.643389 0.676243
225 0.373187 0.738016 0.458650 0.692115 0.453587 0.663378 0.463713 0.720852 0.453587 0.663378 0.532645 0.613263 0.624073 0.562382 0.463713 0.720852 0.539838 0.735209 0.626629 0.666826
226 0.372361 0.743181 0.447811 0.691063 0.442527 0.662452 0.453095 0.719674 0.442527 0.662452 0.524813 0.614295 0.619439 0.562644 0.453095 0.719674 0.527966 0.731587 0.615161 0.658419
227 0.369680 0.749357 0.439801 0.690912 0.432802 0.661850 0.446801 0.719975 0.432802 0.661850 0.512598 0.616869 0.608864 0.556910 0.446801 0.719975 0.518135 0.727328 0.605702 0.654008
228 0.366184 0.752764 0.432813 0.690510 0.426323 0.661609 0.439303 0.719411 0.426323 0.661609 0.502643 0.620715 0.592108 0.561503 0.439303 0.719411 0.509841 0.723526 0.601465 0.651183
229 0.358952 0.756220 0.429145 0.690166 0.422471 0.661277 0.435818 0.719055 0.422471 0.661277 0.500216 0.625677 0.586931 0.573875 0.435818 0.719055 0.506841 0.723234 0.595874 0.653457
230 0.360870 0.754855 0.425086 0.690330 0.419432 0.661933 0.430741 0.718728 0.419432 0.661933 0.496348 0.636555 0.583699 0.579463 0.430741 0.718728 0.505673 0.725188 0.592464 0.652248
231 0.355381 0.760325 0.420454 0.694939 0.415151 0.665942 0.425757 0.723935 0.415151 0.665942 0.497304 0.650707 0.588644 0.587433 0.425757 0.723935 0.500038 0.725991 0.589303 0.660508
232 0.358580 0.760853 0.420273 0.699010 0.415992 0.670050 0.424555 0.727969 0.415992 0.670050 0.499369 0.656899 0.593378 0.610949 0.424555 0.727969 0.501473 0.730825 0.589471 0.664540
233 0.360028 0.761925 0.422710 0.699977 0.418381 0.670833 0.427038 0.729122 0.418381 0.670833 0.499783 0.665859 0.596902 0.639101 0.427038 0.729122 0.504902 0.737039 0.593735 0.675510
234 0.363493 0.761268 0.426054 0.701081 0.423478 0.671063 0.428630 0.731099 0.423478 0.671063 0.506458 0.674197 0.597454 0.662217 0.428630 0.731099 0.510586 0.742650 0.596137 0.691703
235 0.366079 0.760946 0.428018 0.702316 0.426851 0.671699 0.429185 0.732933 0.426851 0.671699 0.508382 0.687859 0.602158 0.687259 0.429185 0.732933 0.513227 0.743114 0.597933 0.712860
236 0.368949 0.756934 0.428806 0.702316 0.428599 0.671763 0.429012 0.732870 0.428599 0.671763 0.519631 0.702575 0.613707 0.711937 0.429012 0.732870 0.514781 0.743690 0.602001 0.734115
237 0.371301 0.750169 0.430639 0.699500 0.433057 0.671188 0.428221 0.727812 0.433057 0.671188 0.531101 0.709688 0.625376 0.735109 0.428221 0.727812 0.517258 0.744176 0.615831 0.741603
238 0.374071 0.749283 0.441526 0.696261 0.443615 0.670922 0.439437 0.721600 0.443615 0.670922 0.539085 0.719619 0.626074 0.750188 0.439437 0.721600 0.532562 0.752945 0.627041 0.749929
239 0.376504 0.748411 0.444382 0.696190 0.448793 0.670691 0.439972 0.721690 0.448793 0.670691 0.538114 0.728012 0.624647 0.751291 0.439972 0.721690 0.531563 0.752756 0.613462 0.741069
240 0.377601 0.750197 0.446413 0.697307 0.452078 0.670883 0.440748 0.723731 0.452078 0.670883 0.540052 0.729588 0.628959 0.753027 0.440748 0.723731 0.535042 0.753641 0.608552 0.736895
241 0.378720 0.751610 0.449015 0.698845 0.455501 0.671951 0.442529 0.725738 0.455501 0.671951 0.538272 0.746267 0.630301 0.770418 0.442529 0.725738 0.537531 0.763321 0.611594 0.735418
242 0.378358 0.754302 0.449657 0.699994 0.455267 0.672755 0.444047 0.727234 0.455267 0.672755 0.538123 0.745426 0.628982 0.766871 0.444047 0.727234 0.535990 0.765359 0.617966 0.740653
243 0.375768 0.755183 0.449333 0.699885 0.454671 0.672714 0.443995 0.727056 0.454671 0.672714 0.536940 0.743923 0.628618 0.749962 0.443995 0.727056 0.536101 0.761713 0.615397 0.745317
244 0.374593 0.756780 0.451251 0.696928 0.453171 0.672662 0.449330 0.721194 0.453171 0.672662 0.535961 0.742501 0.628509 0.745639 0.449330 0.721194 0.535489 0.761442 0.611916 0.745037
245 0.374665 0.757279 0.450897 0.696563 0.452587 0.672759 0.449208 0.720366 0.452587 0.672759 0.531178 0.745547 0.622169 0.741962 0.449208 0.720366 0.535158 0.760440 0.604584 0.740530
246 0.371212 0.757264 0.450635 0.697022 0.452359 0.673860 0.448910 0.720183 0.452359 0.673860 0.531360 0.739360 0.619523 0.739360 0.448910 0.720183 0.534436 0.759690 0.602954 0.736549
247 0.371246 0.757419 0.449460 0.697809 0.450544 0.675181 0.448376 0.720436 0.450544 0.675181 0.530411 0.736090 0.609661 0.741052 0.448376 0.720436 0.529144 0.760703 0.602907 0.735993
248 -1 -1 -1 -1 -1 -1 -1 -1 -1 -1 -1 -1 -1 -1 -1 -1 -1 -1 -1 -1
249 0.380619 0.767642 0.431628 0.698585 0.436163 0.670576 0.427093 0.726593 0.436163 0.670576 0.522861 0.730298 0.611059 0.727911 0.427093 0.726593 0.510182 0.771287 0.594715 0.751516
250 0.379672 0.767764 0.433274 0.699596 0.438707 0.671014 0.427841 0.728178 0.438707 0.671014 0.525768 0.732000 0.616024 0.743580 0.427841 0.728178 0.514655 0.768985 0.599582 0.751560
251 0.378148 0.766808 0.434095 0.699605 0.440062 0.671013 0.428129 0.728196 0.440062 0.671013 0.527951 0.732162 0.619295 0.745135 0.428129 0.728196 0.516875 0.765125 0.606999 0.754339
252 0.376986 0.765178 0.434465 0.699618 0.440740 0.670651 0.428190 0.728585 0.440740 0.670651 0.527557 0.732134 0.617811 0.742839 0.428190 0.728585 0.515995 0.768044 0.604877 0.756737
253 0.375902 0.764177 0.435365 0.699498 0.441265 0.670423 0.429466 0.728573 0.441265 0.670423 0.522407 0.730612 0.615524 0.748435 0.429466 0.728573 0.515748 0.769257 0.603762 0.746353
254 0.375312 0.763429 0.435749 0.699661 0.441816 0.670609 0.429683 0.728713 0.441816 0.670609 0.521649 0.728782 0.615315 0.744534 0.429683 0.728713 0.515877 0.771236 0.605391 0.746030
255 0.375461 0.763079 0.436088 0.699765 0.442136 0.670773 0.430040 0.728757 0.442136 0.670773 0.521800 0.727982 0.615167 0.738058 0.430040 0.728757 0.517440 0.771225 0.607614 0.746110
256 0.375598 0.762560 0.440864 0.697989 0.442834 0.671257 0.438894 0.724721 0.442834 0.671257 0.525134 0.733907 0.611803 0.740037 0.438894 0.724721 0.517483 0.771215 0.607372 0.746454
257 0.375803 0.761498 0.442728 0.696528 0.443893 0.671791 0.441563 0.721264 0.443893 0.671791 0.526374 0.738976 0.610308 0.740813 0.441563 0.721264 0.519605 0.764071 0.607978 0.747025
258 0.375498 0.761265 0.444208 0.696077 0.444751 0.672264 0.443665 0.719889 0.444751 0.672264 0.526342 0.745245 0.612014 0.740610 0.443665 0.719889 0.524100 0.754672 0.607373 0.740870
259 0.374871 0.760007 0.445257 0.695196 0.445521 0.672506 0.444993 0.717886 0.445521 0.672506 0.526063 0.747535 0.613129 0.740548 0.444993 0.717886 0.525785 0.750599 0.606992 0.739782
260 0.374175 0.759505 0.445619 0.695296 0.445860 0.672539 0.445379 0.718052 0.445860 0.672539 0.525551 0.746844 0.611989 0.751882 0.445379 0.718052 0.526986 0.748432 0.606640 0.737187
261 0.372586 0.759144 0.445892 0.695315 0.446214 0.672631 0.445571 0.718000 0.446214 0.672631 0.525828 0.738395 0.611759 0.757618 0.445571 0.718000 0.529332 0.748049 0.606521 0.736112
262 0.371029 0.759045 0.445883 0.695397 0.446268 0.672767 0.445497 0.718026 0.446268 0.672767 0.526033 0.734399 0.612063 0.762769 0.445497 0.718026 0.529849 0.749459 0.606351 0.734246
263 0.370483 0.759059 0.445960 0.695385 0.446279 0.672764 0.445641 0.718006 0.446279 0.672764 0.525988 0.731454 0.612380 0.762574 0.445641 0.718006 0.529417 0.750273 0.605999 0.732714
264 0.368040 0.759126 0.446307 0.695321 0.446888 0.672850 0.445727 0.717792 0.446888 0.672850 0.525988 0.730773 0.611503 0.759296 0.445727 0.717792 0.528971 0.752066 0.605326 0.733972
265 0.368401 0.758490 0.446720 0.695459 0.447269 0.673032 0.446172 0.717885 0.447269 0.673032 0.527170 0.729998 0.611461 0.757668 0.446172 0.717885 0.528587 0.752366 0.605294 0.736630
266 0.367702 0.758740 0.447126 0.695626 0.447576 0.673252 0.446676 0.718000 0.447576 0.673252 0.527835 0.729847 0.611555 0.756740 0.446676 0.718000 0.528756 0.752503 0.604827 0.736730
267 0.367285 0.758630 0.447318 0.695683 0.447693 0.673321 0.446943 0.718045 0.447693 0.673321 0.528022 0.729575 0.611552 0.756173 0.446943 0.718045 0.528985 0.752366 0.604085 0.735938
268 -1 -1 -1 -1 -1 -1 -1 -1 -1 -1 -1 -1 -1 -1 -1 -1 -1 -1 -1 -1
269 0.381909 0.765926 0.433112 0.695375 0.439167 0.665195 0.427057 0.725555 0.439167 0.665195 0.525009 0.730685 0.610375 0.734142 0.427057 0.725555 0.497948 0.781539 0.588867 0.764306
270 0.381837 0.765410 0.434219 0.694813 0.441082 0.665595 0.427356 0.724032 0.441082 0.665595 0.528975 0.730696 0.618879 0.740959 0.427356 0.724032 0.508154 0.775555 0.598170 0.763484
271 0.381727 0.764873 0.434839 0.695849 0.441774 0.667236 0.427905 0.724461 0.441774 0.667236 0.529204 0.732251 0.620142 0.742764 0.427905 0.724461 0.509257 0.774136 0.599967 0.755700
272 0.380698 0.764860 0.435487 0.696688 0.442422 0.668507 0.428553 0.724868 0.442422 0.668507 0.529023 0.736252 0.621430 0.745775 0.428553 0.724868 0.512835 0.771621 0.598652 0.747480
273 0.379332 0.764739 0.441734 0.694694 0.443817 0.670506 0.439650 0.718883 0.443817 0.670506 0.529025 0.739695 0.620692 0.759256 0.439650 0.718883 0.523306 0.762654 0.601950 0.738559
274 0.379041 0.764622 0.443211 0.694421 0.444447 0.671608 0.441976 0.717235 0.444447 0.671608 0.526443 0.738899 0.617947 0.756344 0.441976 0.717235 0.525060 0.763996 0.602082 0.739931
275 0.378309 0.765036 0.444385 0.694673 0.445643 0.672541 0.443128 0.716806 0.445643 0.672541 0.526222 0.738309 0.616445 0.754759 0.443128 0.716806 0.525124 0.765759 0.602854 0.740438
276 0.377000 0.764819 0.445164 0.694764 0.446074 0.672782 0.444255 0.716747 0.446074 0.672782 0.526212 0.736893 0.615842 0.754959 0.444255 0.716747 0.525286 0.766815 0.603752 0.739863
277 0.376493 0.764647 0.445377 0.695170 0.446142 0.673267 0.444611 0.717073 0.446142 0.673267 0.526206 0.734649 0.615824 0.741864 0.444611 0.717073 0.523366 0.767701 0.606606 0.741553
278 0.376259 0.764567 0.445812 0.695573 0.446641 0.673949 0.444983 0.717197 0.446641 0.673949 0.526577 0.732727 0.614656 0.746078 0.444983 0.717197 0.524361 0.767905 0.608984 0.742571
279 0.375702 0.764581 0.445921 0.695863 0.447090 0.674419 0.444753 0.717307 0.447090 0.674419 0.526608 0.732791 0.615791 0.738379 0.444753 0.717307 0.525135 0.759740 0.607630 0.741173
280 0.375185 0.764074 0.445864 0.695889 0.447116 0.674345 0.444613 0.717432 0.447116 0.674345 0.526643 0.732199 0.615798 0.748483 0.444613 0.717432 0.527727 0.753092 0.606957 0.736410
281 0.375202 0.763720 0.445839 0.696802 0.447042 0.674399 0.444636 0.719205 0.447042 0.674399 0.526443 0.732197 0.616618 0.741401 0.444636 0.719205 0.528812 0.752674 0.606476 0.736302
282 0.375257 0.763513 0.445689 0.697473 0.446985 0.674446 0.444393 0.720501 0.446985 0.674446 0.526262 0.732203 0.616761 0.739530 0.444393 0.720501 0.529190 0.753247 0.606147 0.736769
283 0.375029 0.763219 0.445828 0.697848 0.446954 0.674408 0.444701 0.721287 0.446954 0.674408 0.526145 0.732536 0.616844 0.739162 0.444701 0.721287 0.528937 0.752286 0.606041 0.736598
284 0.374999 0.763101 0.446027 0.697960 0.447042 0.674427 0.445013 0.721493 0.447042 0.674427 0.525588 0.734367 0.614760 0.757615 0.445013 0.721493 0.529869 0.750922 0.605905 0.734002
285 0.373658 0.763277 0.446050 0.698504 0.446845 0.674405 0.445255 0.722602 0.446845 0.674405 0.525617 0.742870 0.614803 0.746625 0.445255 0.722602 0.529416 0.750268 0.605802 0.733910
286 0.373034 0.763230 0.446013 0.698448 0.446682 0.674302 0.445344 0.722593 0.446682 0.674302 0.525677 0.745466 0.614541 0.745612 0.445344 0.722593 0.529169 0.750370 0.605754 0.732496
287 0.372991 0.762957 0.446169 0.698315 0.446706 0.674279 0.445632 0.722351 0.446706 0.674279 0.525673 0.743359 0.614193 0.744790 0.445632 0.722351 0.530674 0.747573 0.605740 0.732599
288 0.372509 0.762513 0.446217 0.697725 0.446728 0.674270 0.445706 0.721180 0.446728 0.674270 0.525665 0.746808 0.614226 0.743228 0.445706 0.721180 0.531009 0.746403 0.605716 0.732207
289 0.372483 0.762160 0.446312 0.697466 0.446779 0.674252 0.445844 0.720680 0.446779 0.674252 0.525663 0.742749 0.613162 0.756572 0.445844 0.720680 0.531148 0.745399 0.605581 0.730856
290 0.372505 0.761661 0.446387 0.697213 0.446851 0.674238 0.445924 0.720187 0.446851 0.674238 0.525658 0.740003 0.613227 0.760300 0.445924 0.720187 0.531036 0.745068 0.605550 0.730346
291 0.372172 0.761510 0.446403 0.697111 0.446902 0.674224 0.445903 0.719997 0.446902 0.674224 0.525819 0.737421 0.613265 0.761365 0.445903 0.719997 0.531121 0.744783 0.605413 0.730053
292 0.372104 0.761346 0.446425 0.697121 0.446977 0.674291 0.445873 0.719951 0.446977 0.674291 0.526003 0.736857 0.613298 0.762994 0.445873 0.719951 0.531080 0.745025 0.605306 0.729724
293 0.372184 0.761401 0.446511 0.697267 0.447094 0.674507 0.445928 0.720028 0.447094 0.674507 0.526011 0.736732 0.613318 0.764684 0.445928 0.720028 0.531240 0.745356 0.605285 0.729812
294 0.372256 0.761410 0.446558 0.697311 0.447187 0.674580 0.445930 0.720043 0.447187 0.674580 0.526020 0.736434 0.613196 0.764706 0.445930 0.720043 0.531595 0.745469 0.605337 0.730933
295 0.372105 0.761030 0.446601 0.696929 0.447250 0.674596 0.445951 0.719262 0.447250 0.674596 0.526021 0.736371 0.612794 0.764915 0.445951 0.719262 0.532164 0.743598 0.605391 0.730462
296 0.372303 0.760936 0.446542 0.696929 0.447253 0.674588 0.445831 0.719271 0.447253 0.674588 0.525643 0.735755 0.611846 0.763940 0.445831 0.719271 0.532287 0.743904 0.605729 0.732708
297 0.372443 0.760880 0.446591 0.696669 0.447226 0.674110 0.445957 0.719228 0.447226 0.674110 0.525453 0.734336 0.611401 0.763305 0.445957 0.719228 0.532221 0.744147 0.605620 0.732696
298 0.372480 0.760717 0.446658 0.696351 0.447285 0.673805 0.446031 0.718897 0.447285 0.673805 0.525170 0.734220 0.611132 0.762936 0.446031 0.718897 0.532179 0.744227 0.605642 0.733858
299 0.372533 0.760633 0.446691 0.696199 0.447293 0.673532 0.446089 0.718866 0.447293 0.673532 0.525149 0.733394 0.611027 0.762665 0.446089 0.718866 0.532207 0.745054 0.605636 0.733828
300 0.372542 0.760461 0.446720 0.696124 0.447320 0.673448 0.446120 0.718800 0.447320 0.673448 0.525192 0.733376 0.611037 0.762400 0.446120 0.718800 0.532217 0.745212 0.605541 0.733782
301 0.372557 0.760451 0.446759 0.696151 0.447334 0.673444 0.446184 0.718857 0.447334 0.673444 0.525253 0.732934 0.611073 0.762349 0.446184 0.718857 0.532207 0.745240 0.605422 0.733517
302 0.372518 0.760407 0.446797 0.696147 0.447319 0.673415 0.446275 0.718880 0.447319 0.673415 0.525151 0.732865 0.611104 0.763034 0.446275 0.718880 0.532354 0.745259 0.605416 0.733090
303 0.372646 0.760383 0.446759 0.696158 0.447258 0.673396 0.446260 0.718920 0.447258 0.673396 0.525067 0.732554 0.611464 0.764030 0.446260 0.718920 0.532330 0.745322 0.605391 0.731632
304 0.372690 0.760277 0.446818 0.696140 0.447264 0.673375 0.446372 0.718905 0.447264 0.673375 0.525054 0.732495 0.611521 0.764050 0.446372 0.718905 0.532292 0.746133 0.605385 0.731574
305 0.372953 0.760266 0.446774 0.696237 0.447174 0.673373 0.446375 0.719100 0.447174 0.673373 0.525055 0.732478 0.611583 0.765184 0.446375 0.719100 0.532378 0.746155 0.605380 0.728658
306 0.373065 0.760298 0.446785 0.696401 0.447165 0.673384 0.446405 0.719418 0.447165 0.673384 0.525285 0.732496 0.611646 0.765843 0.446405 0.719418 0.532476 0.746169 0.605210 0.727722
307 0.373101 0.760265 0.446809 0.696453 0.447154 0.673384 0.446464 0.719522 0.447154 0.673384 0.525355 0.732305 0.611811 0.766265 0.446464 0.719522 0.532463 0.746188 0.605098 0.727325
308 0.373101 0.760206 0.446813 0.696560 0.447162 0.673404 0.446463 0.719716 0.447162 0.673404 0.525349 0.731592 0.611830 0.766109 0.446463 0.719716 0.532458 0.746275 0.605101 0.728585
309 0.373086 0.759824 0.447011 0.696465 0.447349 0.673437 0.446673 0.719492 0.447349 0.673437 0.525569 0.731578 0.611896 0.765994 0.446673 0.719492 0.532470 0.746362 0.605440 0.728470
310 0.372940 0.759814 0.446989 0.696466 0.447335 0.673445 0.446642 0.719488 0.447335 0.673445 0.525568 0.731595 0.612062 0.766203 0.446642 0.719488 0.532445 0.746678 0.605560 0.728525
311 0.372848 0.759644 0.446993 0.696459 0.447341 0.673461 0.446646 0.719457 0.447341 0.673461 0.525652 0.730922 0.612212 0.764399 0.446646 0.719457 0.531938 0.748132 0.605548 0.729595
312 0.372681 0.759482 0.446992 0.696442 0.447350 0.673462 0.446633 0.719422 0.447350 0.673462 0.526196 0.729970 0.612985 0.764185 0.446633 0.719422 0.531634 0.748844 0.605545 0.730418
313 0.372685 0.759372 0.447007 0.696449 0.447385 0.673473 0.446629 0.719425 0.447385 0.673473 0.526303 0.729411 0.613214 0.763810 0.446629 0.719425 0.531124 0.749864 0.605458 0.730975
314 0.372669 0.759342 0.447012 0.696464 0.447387 0.673488 0.446636 0.719440 0.447387 0.673488 0.526930 0.728992 0.613504 0.763828 0.446636 0.719440 0.531124 0.749822 0.605374 0.730971
315 0.372706 0.758942 0.447014 0.696282 0.447390 0.673490 0.446638 0.719075 0.447390 0.673490 0.526994 0.729013 0.613746 0.763835 0.446638 0.719075 0.530989 0.749801 0.605118 0.730899
316 0.372805 0.758501 0.447219 0.696111 0.447658 0.673490 0.446781 0.718731 0.447658 0.673490 0.527097 0.728859 0.613764 0.763238 0.446781 0.718731 0.530713 0.750159 0.604777 0.731311
317 0.372946 0.758540 0.447339 0.696112 0.447759 0.673490 0.446918 0.718733 0.447759 0.673490 0.527275 0.728643 0.613764 0.763195 0.446918 0.718733 0.530680 0.750142 0.604690 0.731316
318 0.372990 0.758582 0.447340 0.696250 0.447759 0.673490 0.446921 0.719010 0.447759 0.673490 0.527162 0.728421 0.613478 0.762932 0.446921 0.719010 0.529152 0.751889 0.604545 0.731789
319 0.372983 0.758801 0.447308 0.696479 0.447711 0.673504 0.446904 0.719453 0.447711 0.673504 0.526948 0.728197 0.613264 0.762691 0.446904 0.719453 0.527921 0.753591 0.604437 0.732789
320 0.372972 0.758766 0.447275 0.696552 0.447646 0.673452 0.446905 0.719652 0.447646 0.673452 0.526944 0.728154 0.614534 0.744574 0.446905 0.719652 0.527170 0.755099 0.604480 0.736749
321 0.372988 0.758726 0.447224 0.696391 0.447541 0.673235 0.446907 0.719547 0.447541 0.673235 0.526499 0.728520 0.614521 0.741333 0.446907 0.719547 0.527013 0.756053 0.604502 0.736316
322 0.371508 0.758750 0.447203 0.696346 0.447499 0.673166 0.446907 0.719526 0.447499 0.673166 0.526188 0.728591 0.614533 0.739153 0.446907 0.719526 0.526992 0.757537 0.604664 0.738044
323 0.370869 0.758823 0.447124 0.696373 0.447346 0.673165 0.446901 0.719580 0.447346 0.673165 0.526162 0.728636 0.614259 0.740412 0.446901 0.719580 0.527018 0.757183 0.604649 0.737983
324 0.370321 0.758692 0.447072 0.696414 0.447243 0.673168 0.446901 0.719659 0.447243 0.673168 0.526155 0.728384 0.613227 0.754899 0.446901 0.719659 0.527857 0.756174 0.604578 0.737803
325 0.371416 0.758699 0.447083 0.696462 0.447221 0.673170 0.446946 0.719753 0.447221 0.673170 0.526197 0.728270 0.612717 0.761304 0.446946 0.719753 0.528408 0.754928 0.604411 0.737259
326 0.372115 0.758756 0.447001 0.696607 0.447061 0.673195 0.446942 0.720019 0.447061 0.673195 0.526264 0.728153 0.612559 0.762291 0.446942 0.720019 0.529005 0.753519 0.604390 0.737203
327 0.372373 0.758721 0.446980 0.696621 0.447054 0.673212 0.446906 0.720029 0.447054 0.673212 0.526256 0.727855 0.613425 0.744349 0.446906 0.720029 0.528404 0.753897 0.604576 0.739184
328 0.372439 0.758675 0.446852 0.696621 0.446965 0.673213 0.446739 0.720029 0.446965 0.673213 0.526271 0.727553 0.613175 0.755732 0.446739 0.720029 0.528654 0.752716 0.604444 0.738165
329 0.372383 0.758630 0.446702 0.696613 0.446872 0.673214 0.446532 0.720013 0.446872 0.673214 0.526045 0.727670 0.613094 0.744953 0.446532 0.720013 0.528681 0.752467 0.604357 0.737212
330 0.372384 0.758617 0.446640 0.696663 0.446834 0.673218 0.446447 0.720107 0.446834 0.673218 0.526052 0.727416 0.613318 0.741469 0.446447 0.720107 0.528720 0.752104 0.604189 0.737053
331 0.372436 0.758603 0.446670 0.696677 0.446849 0.673220 0.446490 0.720133 0.446849 0.673220 0.526395 0.727386 0.613732 0.740571 0.446490 0.720133 0.529341 0.752013 0.604174 0.736851
332 0.372443 0.758555 0.446611 0.696719 0.446869 0.673223 0.446353 0.720215 0.446869 0.673223 0.526859 0.727474 0.613987 0.738776 0.446353 0.720215 0.528561 0.754084 0.604420 0.739549
333 0.372398 0.758546 0.446735 0.696831 0.446942 0.673273 0.446527 0.720388 0.446942 0.673273 0.526915 0.726973 0.614860 0.737842 0.446527 0.720388 0.528928 0.753776 0.604423 0.739402
334 0.372392 0.758559 0.446736 0.696880 0.446947 0.673334 0.446526 0.720426 0.446947 0.673334 0.526903 0.726551 0.612195 0.748859 0.446526 0.720426 0.529025 0.753380 0.604611 0.739342
335 0.372258 0.758413 0.446759 0.696889 0.446974 0.673343 0.446545 0.720434 0.446974 0.673343 0.526758 0.726541 0.613314 0.740039 0.446545 0.720434 0.528432 0.754133 0.604776 0.740576
336 0.372119 0.758415 0.446691 0.696911 0.446971 0.673386 0.446411 0.720437 0.446971 0.673386 0.526671 0.726438 0.611831 0.748593 0.446411 0.720437 0.527984 0.754280 0.604798 0.740438
337 0.372122 0.758350 0.446677 0.696934 0.446999 0.673431 0.446356 0.720438 0.446999 0.673431 0.526651 0.726484 0.613485 0.741387 0.446356 0.720438 0.527732 0.754616 0.604798 0.741339
338 0.372042 0.758240 0.446607 0.697073 0.447020 0.673522 0.446194 0.720624 0.447020 0.673522 0.526557 0.736242 0.614334 0.738090 0.446194 0.720624 0.527378 0.755345 0.604759 0.741921
339 0.372012 0.758156 0.446548 0.697082 0.447009 0.673523 0.446086 0.720641 0.447009 0.673523 0.526226 0.738564 0.611582 0.748305 0.446086 0.720641 0.528554 0.754073 0.604430 0.739727
340 0.372009 0.758125 0.446516 0.697105 0.447009 0.673526 0.446024 0.720683 0.447009 0.673526 0.526185 0.739988 0.613438 0.740897 0.446024 0.720683 0.528202 0.754820 0.604426 0.740018
341 0.372115 0.758444 0.446458 0.697402 0.446975 0.673645 0.445940 0.721159 0.446975 0.673645 0.526242 0.732395 0.611508 0.749620 0.445940 0.721159 0.528936 0.753498 0.604196 0.739169
342 0.372129 0.758446 0.446401 0.697485 0.446937 0.673648 0.445865 0.721322 0.446937 0.673648 0.526224 0.736557 0.611228 0.753152 0.445865 0.721322 0.529372 0.752741 0.604150 0.738277
343 0.372218 0.758373 0.446425 0.697471 0.446960 0.673637 0.445889 0.721305 0.446960 0.673637 0.526305 0.731133 0.611240 0.755032 0.445889 0.721305 0.529646 0.752326 0.604125 0.736984
344 0.372212 0.758160 0.446570 0.697431 0.447077 0.673652 0.446064 0.721210 0.447077 0.673652 0.526191 0.736436 0.614277 0.742954 0.446064 0.721210 0.528284 0.761416 0.604682 0.741372
345 0.370431 0.758276 0.446725 0.697392 0.447196 0.673661 0.446254 0.721122 0.447196 0.673661 0.526153 0.738542 0.613332 0.753912 0.446254 0.721122 0.529319 0.754507 0.604361 0.738150
346 0.370521 0.758245 0.446732 0.697405 0.447209 0.673689 0.446255 0.721121 0.447209 0.673689 0.526016 0.738694 0.613361 0.761401 0.446255 0.721121 0.529764 0.752320 0.604063 0.737347
347 0.370747 0.757891 0.446715 0.697434 0.447211 0.673772 0.446218 0.721095 0.447211 0.673772 0.525947 0.738927 0.613380 0.761855 0.446218 0.721095 0.529840 0.751429 0.603935 0.736951
348 0.370982 0.757472 0.446859 0.697378 0.447444 0.673785 0.446275 0.720971 0.447444 0.673785 0.526006 0.739416 0.613074 0.759834 0.446275 0.720971 0.529835 0.751463 0.603922 0.736963
349 0.371092 0.757481 0.446931 0.697411 0.447551 0.673852 0.446310 0.720969 0.447551 0.673852 0.526111 0.739642 0.614054 0.761520 0.446310 0.720969 0.529998 0.751410 0.603834 0.736620
350 0.371407 0.757463 0.446933 0.697566 0.447561 0.674033 0.446306 0.721099 0.447561 0.674033 0.526192 0.739957 0.614009 0.760452 0.446306 0.721099 0.530016 0.751212 0.603760 0.736498
351 0.369939 0.757525 0.446946 0.697783 0.447586 0.674258 0.446306 0.721308 0.447586 0.674258 0.526273 0.740361 0.614896 0.762355 0.446306 0.721308 0.530164 0.750461 0.603767 0.735944
352 0.370771 0.757547 0.446964 0.697820 0.447632 0.674324 0.446295 0.721317 0.447632 0.674324 0.526325 0.740709 0.614627 0.761567 0.446295 0.721317 0.530715 0.750497 0.603787 0.734987
353 0.371694 0.757829 0.446841 0.698198 0.447607 0.674482 0.446076 0.721914 0.447607 0.674482 0.526315 0.741324 0.614149 0.760816 0.446076 0.721914 0.530702 0.750693 0.603762 0.735070
354 0.371954 0.757861 0.446834 0.698273 0.447663 0.674637 0.446005 0.721909 0.447663 0.674637 0.527348 0.731826 0.613939 0.759632 0.446005 0.721909 0.530779 0.750903 0.604367 0.738572
355 0.372229 0.757860 0.446832 0.698311 0.447699 0.674711 0.445965 0.721911 0.447699 0.674711 0.527747 0.728524 0.613536 0.757843 0.445965 0.721911 0.530771 0.751163 0.604650 0.740041
356 0.372210 0.757862 0.446832 0.698369 0.447701 0.674876 0.445964 0.721863 0.447701 0.674876 0.528447 0.727957 0.616204 0.743712 0.445964 0.721863 0.530748 0.752125 0.604682 0.740689
357 0.370189 0.757790 0.446812 0.698174 0.447660 0.674674 0.445965 0.721674 0.447660 0.674674 0.528081 0.735919 0.617475 0.740204 0.445965 0.721674 0.530608 0.752877 0.604403 0.740399
358 0.368991 0.757802 0.446905 0.698056 0.447803 0.674698 0.446007 0.721414 0.447803 0.674698 0.528050 0.739553 0.617937 0.739535 0.446007 0.721414 0.528235 0.756919 0.604402 0.741769
359 0.370123 0.757766 0.446874 0.698014 0.447749 0.674666 0.446000 0.721363 0.447749 0.674666 0.528009 0.740317 0.615690 0.747328 0.446000 0.721363 0.528298 0.756801 0.604228 0.740914
360 0.369155 0.757785 0.446785 0.697925 0.447696 0.674565 0.445873 0.721284 0.447696 0.674565 0.527997 0.740630 0.616598 0.741132 0.445873 0.721284 0.527583 0.757387 0.603956 0.740653
361 0.370089 0.757785 0.446695 0.697922 0.447647 0.674552 0.445743 0.721291 0.447647 0.674552 0.527975 0.740943 0.616913 0.738871 0.445743 0.721291 0.527298 0.757964 0.603766 0.740334
