136
149
0 0.520304 0.148926 0.533426 0.287922 0.544967 0.284750 0.521885 0.291093 0.544967 0.284750 0.564874 0.322706 0.561883 0.378506 0.521885 0.291093 0.521018 0.306638 0.515215 0.370266
1 0.520382 0.147668 0.525584 0.259181 0.539708 0.262945 0.511460 0.255417 0.539708 0.262945 0.553880 0.285156 0.553554 0.369658 0.511460 0.255417 0.500568 0.288663 0.500230 0.369579
2 0.520607 0.147320 0.524105 0.261193 0.538411 0.264024 0.509799 0.258361 0.538411 0.264024 0.552385 0.286612 0.551166 0.363975 0.509799 0.258361 0.499009 0.285500 0.498904 0.369723
3 0.520837 0.147318 0.523295 0.257401 0.537583 0.259964 0.509008 0.254838 0.537583 0.259964 0.550798 0.283646 0.550708 0.364945 0.509008 0.254838 0.499762 0.280977 0.498354 0.367870
4 0.521166 0.147328 0.523522 0.255075 0.537607 0.256993 0.509436 0.253157 0.537607 0.256993 0.550597 0.288611 0.551516 0.366268 0.509436 0.253157 0.499675 0.282765 0.499188 0.367839
5 0.521484 0.147507 0.523236 0.253169 0.537445 0.254428 0.509028 0.251910 0.537445 0.254428 0.551063 0.290530 0.551453 0.367083 0.509028 0.251910 0.498702 0.285252 0.498785 0.367219
6 0.521598 0.148360 0.523368 0.253082 0.537416 0.254038 0.509320 0.252125 0.537416 0.254038 0.551077 0.292194 0.551782 0.367400 0.509320 0.252125 0.497755 0.290354 0.498624 0.367901
7 0.521750 0.148756 0.522770 0.251859 0.536645 0.252580 0.508895 0.251137 0.536645 0.252580 0.551005 0.292928 0.551378 0.368237 0.508895 0.251137 0.497738 0.292599 0.499400 0.369423
8 0.521762 0.149166 0.522701 0.251928 0.536341 0.252552 0.509061 0.251304 0.536341 0.252552 0.551477 0.292429 0.551703 0.368445 0.509061 0.251304 0.498144 0.294384 0.499582 0.370360
9 0.521909 0.149319 0.522866 0.250343 0.536458 0.250763 0.509273 0.249923 0.536458 0.250763 0.551507 0.292547 0.551826 0.371950 0.509273 0.249923 0.497897 0.295340 0.499732 0.370337
10 0.521889 0.149545 0.522851 0.248236 0.536341 0.248816 0.509362 0.247655 0.536341 0.248816 0.551703 0.292843 0.551792 0.373700 0.509362 0.247655 0.498241 0.295277 0.499395 0.370202
11 0.521932 0.150067 0.522958 0.247912 0.536413 0.248459 0.509504 0.247364 0.536413 0.248459 0.552693 0.292806 0.551886 0.373599 0.509504 0.247364 0.497158 0.296294 0.499350 0.370275
12 0.521999 0.150667 0.523020 0.248120 0.536497 0.248272 0.509543 0.247967 0.536497 0.248272 0.553254 0.294251 0.551909 0.374803 0.509543 0.247967 0.496430 0.299549 0.499085 0.372136
13 0.521957 0.150758 0.523066 0.248123 0.536542 0.248172 0.509590 0.248075 0.536542 0.248172 0.553280 0.297681 0.551984 0.374895 0.509590 0.248075 0.496593 0.301291 0.498868 0.372810
14 0.522068 0.151061 0.522931 0.247769 0.536235 0.248347 0.509627 0.247191 0.536235 0.248347 0.553249 0.297622 0.552021 0.375029 0.509627 0.247191 0.496811 0.300779 0.498437 0.372789
15 0.522069 0.151175 0.522806 0.247510 0.535986 0.248161 0.509627 0.246859 0.535986 0.248161 0.553278 0.295675 0.553514 0.374537 0.509627 0.246859 0.497047 0.300712 0.498369 0.372878
16 0.522066 0.151410 0.522801 0.246848 0.535945 0.247487 0.509658 0.246209 0.535945 0.247487 0.553344 0.295714 0.554904 0.376062 0.509658 0.246209 0.497184 0.300321 0.498349 0.373380
17 0.522081 0.151389 0.522431 0.247047 0.535432 0.247837 0.509431 0.246257 0.535432 0.247837 0.553385 0.296537 0.554925 0.376443 0.509431 0.246257 0.496977 0.301303 0.498297 0.373521
18 0.522018 0.151516 0.522435 0.247187 0.535464 0.248074 0.509407 0.246301 0.535464 0.248074 0.553414 0.298133 0.554850 0.378082 0.509407 0.246301 0.496747 0.304164 0.498260 0.373449
19 0.521974 0.151424 0.522358 0.247416 0.535372 0.248224 0.509343 0.246608 0.535372 0.248224 0.553858 0.297686 0.554767 0.377943 0.509343 0.246608 0.496069 0.305508 0.498028 0.373779
20 0.521978 0.151891 0.522435 0.247431 0.535397 0.248226 0.509472 0.246636 0.535397 0.248226 0.553241 0.296461 0.554534 0.377868 0.509472 0.246636 0.496175 0.300690 0.497976 0.373727
21 0.521959 0.151921 0.522226 0.247219 0.535073 0.248128 0.509379 0.246309 0.535073 0.248128 0.553295 0.299735 0.555244 0.378065 0.509379 0.246309 0.496205 0.301454 0.497903 0.373717
22 0.521926 0.152056 0.521925 0.246669 0.534863 0.247446 0.508986 0.245892 0.534863 0.247446 0.553166 0.299722 0.555075 0.378073 0.508986 0.245892 0.496328 0.303060 0.497919 0.373648
23 0.521911 0.152071 0.521996 0.246556 0.534951 0.247114 0.509042 0.245998 0.534951 0.247114 0.553057 0.299847 0.555008 0.378156 0.509042 0.245998 0.496385 0.303119 0.497662 0.373612
24 0.521900 0.152200 0.522399 0.246601 0.535298 0.247118 0.509500 0.246083 0.535298 0.247118 0.553172 0.299857 0.555077 0.378691 0.509500 0.246083 0.496502 0.303066 0.497753 0.373592
25 0.521968 0.152479 0.522398 0.246647 0.535295 0.247175 0.509502 0.246119 0.535295 0.247175 0.553280 0.299744 0.555038 0.378257 0.509502 0.246119 0.496415 0.304246 0.497634 0.373515
26 0.521983 0.152773 0.522235 0.246663 0.535118 0.247201 0.509352 0.246126 0.535118 0.247201 0.553283 0.299705 0.555008 0.378234 0.509352 0.246126 0.496840 0.303102 0.497777 0.373550
27 0.521919 0.152966 0.522254 0.247026 0.535125 0.247387 0.509383 0.246665 0.535125 0.247387 0.553293 0.299634 0.554913 0.378238 0.509383 0.246665 0.496920 0.301495 0.497800 0.373402
28 0.521731 0.152756 0.522297 0.247061 0.535132 0.247402 0.509462 0.246720 0.535132 0.247402 0.553339 0.300803 0.555023 0.378351 0.509462 0.246720 0.496931 0.303457 0.497971 0.373405
29 0.521056 0.152597 0.522186 0.247075 0.534984 0.247415 0.509388 0.246734 0.534984 0.247415 0.553346 0.300688 0.555009 0.378765 0.509388 0.246734 0.496606 0.303588 0.498114 0.372651
30 0.520659 0.152715 0.522191 0.247177 0.534991 0.247472 0.509390 0.246883 0.534991 0.247472 0.553020 0.300845 0.554711 0.378776 0.509390 0.246883 0.496527 0.303555 0.498983 0.372316
31 0.520226 0.153326 0.522146 0.247272 0.534980 0.247486 0.509311 0.247058 0.534980 0.247486 0.553703 0.300874 0.554688 0.378220 0.509311 0.247058 0.496508 0.303221 0.499269 0.371929
32 0.519740 0.154462 0.521591 0.247430 0.534909 0.247468 0.508273 0.247391 0.534909 0.247468 0.553668 0.301538 0.554608 0.378217 0.508273 0.247391 0.496515 0.307215 0.499465 0.372055
33 0.519079 0.156548 0.521745 0.248011 0.535162 0.247611 0.508328 0.248410 0.535162 0.247611 0.553687 0.300451 0.554921 0.378042 0.508328 0.248410 0.496452 0.307177 0.499443 0.372465
34 0.518416 0.158139 0.521489 0.248782 0.535005 0.247850 0.507973 0.249714 0.535005 0.247850 0.553615 0.299208 0.555046 0.377795 0.507973 0.249714 0.495856 0.307069 0.499462 0.372464
35 0.517685 0.159905 0.521502 0.248243 0.535023 0.246877 0.507982 0.249609 0.535023 0.246877 0.551703 0.297243 0.554893 0.376891 0.507982 0.249609 0.495782 0.306823 0.499814 0.373510
36 0.517062 0.163480 0.521577 0.248538 0.535130 0.246966 0.508025 0.250109 0.535130 0.246966 0.552238 0.297383 0.554890 0.376523 0.508025 0.250109 0.495826 0.304390 0.499819 0.373487
37 0.516188 0.166252 0.520949 0.248421 0.534358 0.246751 0.507540 0.250091 0.534358 0.246751 0.552319 0.295817 0.554546 0.376228 0.507540 0.250091 0.495775 0.302153 0.499648 0.373355
38 0.515979 0.170005 0.520804 0.248349 0.534128 0.246626 0.507480 0.250073 0.534128 0.246626 0.552380 0.295724 0.554395 0.376018 0.507480 0.250073 0.495780 0.300351 0.499537 0.373080
39 0.516035 0.172780 0.520751 0.245831 0.534142 0.244175 0.507360 0.247488 0.534142 0.244175 0.552295 0.295891 0.553621 0.375159 0.507360 0.247488 0.495839 0.299125 0.499874 0.373006
40 0.516141 0.174805 0.520353 0.244468 0.533861 0.242995 0.506845 0.245942 0.533861 0.242995 0.551911 0.298136 0.553466 0.375390 0.506845 0.245942 0.495848 0.299467 0.499592 0.372766
41 0.515824 0.175850 0.519958 0.243876 0.533555 0.242605 0.506361 0.245146 0.533555 0.242605 0.551976 0.299447 0.553302 0.375240 0.506361 0.245146 0.495804 0.299678 0.499615 0.372898
42 0.515396 0.177408 0.519302 0.242613 0.532913 0.241414 0.505690 0.243813 0.532913 0.241414 0.551735 0.300235 0.553218 0.376189 0.505690 0.243813 0.496139 0.299890 0.499626 0.372889
43 0.515121 0.177790 0.518877 0.242740 0.532387 0.241751 0.505367 0.243729 0.532387 0.241751 0.551588 0.303989 0.553216 0.376019 0.505367 0.243729 0.496443 0.302368 0.499699 0.372970
44 0.514915 0.176948 0.518943 0.238756 0.532372 0.238123 0.505514 0.239388 0.532372 0.238123 0.551486 0.303804 0.553204 0.375819 0.505514 0.239388 0.496715 0.302626 0.499700 0.372981
45 0.514240 0.176054 0.518837 0.236318 0.532170 0.235205 0.505503 0.237432 0.532170 0.235205 0.550504 0.302191 0.553036 0.375406 0.505503 0.237432 0.497038 0.301181 0.499698 0.372964
46 0.514258 0.175665 0.518861 0.231167 0.532147 0.229880 0.505574 0.232454 0.532147 0.229880 0.550247 0.299969 0.552758 0.374666 0.505574 0.232454 0.497493 0.299323 0.500013 0.372924
47 0.514303 0.173438 0.518914 0.228656 0.532203 0.227526 0.505624 0.229787 0.532203 0.227526 0.548591 0.299960 0.552778 0.374776 0.505624 0.229787 0.497916 0.298882 0.500086 0.372921
48 0.514958 0.169032 0.518948 0.221807 0.532245 0.220843 0.505651 0.222772 0.532245 0.220843 0.546680 0.297991 0.552723 0.374075 0.505651 0.222772 0.498042 0.297952 0.499953 0.372756
49 0.515247 0.164558 0.518972 0.220241 0.532269 0.219748 0.505674 0.220734 0.532269 0.219748 0.547296 0.297150 0.552122 0.374113 0.505674 0.220734 0.498200 0.298179 0.500007 0.372795
50 0.515419 0.159840 0.519133 0.218466 0.532366 0.217526 0.505900 0.219406 0.532366 0.217526 0.546441 0.297170 0.551813 0.373359 0.505900 0.219406 0.498763 0.296568 0.500072 0.372564
51 0.515956 0.155425 0.519238 0.216474 0.532555 0.215238 0.505921 0.217710 0.532555 0.215238 0.546859 0.294933 0.551837 0.372867 0.505921 0.217710 0.499516 0.296044 0.500124 0.372514
52 0.516711 0.149365 0.519391 0.214810 0.532728 0.214290 0.506055 0.215330 0.532728 0.214290 0.546293 0.295160 0.552325 0.372690 0.506055 0.215330 0.500547 0.293984 0.500164 0.372387
53 0.518150 0.144922 0.520243 0.215110 0.533583 0.214837 0.506903 0.215382 0.533583 0.214837 0.547213 0.294059 0.552262 0.372740 0.506903 0.215382 0.501660 0.294368 0.500256 0.372320
54 0.519641 0.139994 0.521453 0.212011 0.534771 0.211987 0.508135 0.212034 0.534771 0.211987 0.547514 0.291634 0.552761 0.372783 0.508135 0.212034 0.503616 0.293972 0.500296 0.371979
55 0.522103 0.134189 0.522947 0.210572 0.536520 0.210859 0.509373 0.210286 0.536520 0.210859 0.547593 0.292119 0.551930 0.372793 0.509373 0.210286 0.504352 0.294208 0.500492 0.372088
56 0.523914 0.127653 0.523350 0.209642 0.536854 0.210540 0.509847 0.208744 0.536854 0.210540 0.547801 0.292459 0.551972 0.372825 0.509847 0.208744 0.505293 0.294098 0.500490 0.372036
57 0.526542 0.122108 0.525868 0.210308 0.539550 0.211301 0.512187 0.209315 0.539550 0.211301 0.548133 0.294055 0.552430 0.373508 0.512187 0.209315 0.506746 0.294180 0.500891 0.371844
58 0.529120 0.115015 0.526886 0.210389 0.540604 0.211628 0.513169 0.209150 0.540604 0.211628 0.549257 0.294129 0.552613 0.373433 0.513169 0.209150 0.507294 0.294488 0.500979 0.371575
59 0.532352 0.108485 0.529418 0.210750 0.543296 0.212233 0.515541 0.209268 0.543296 0.212233 0.550581 0.296182 0.552921 0.373591 0.515541 0.209268 0.508174 0.295603 0.501315 0.371577
60 0.534721 0.102169 0.530797 0.211015 0.544666 0.212657 0.516927 0.209373 0.544666 0.212657 0.551445 0.300090 0.552826 0.373491 0.516927 0.209373 0.509104 0.298795 0.501545 0.371561
61 0.537413 0.097225 0.533269 0.210955 0.547315 0.212478 0.519222 0.209432 0.547315 0.212478 0.552369 0.302943 0.553532 0.374420 0.519222 0.209432 0.510656 0.301663 0.501716 0.371553
62 0.539628 0.092216 0.535144 0.210734 0.549495 0.212234 0.520793 0.209235 0.549495 0.212234 0.552898 0.303890 0.553747 0.374517 0.520793 0.209235 0.512798 0.301906 0.502178 0.371634
63 0.541621 0.089053 0.536499 0.209785 0.551045 0.211056 0.521953 0.208514 0.551045 0.211056 0.552821 0.303784 0.553945 0.374678 0.521953 0.208514 0.514813 0.301917 0.503381 0.373842
64 0.542955 0.086351 0.537556 0.209927 0.552009 0.211274 0.523103 0.208579 0.552009 0.211274 0.552977 0.304152 0.553907 0.375323 0.523103 0.208579 0.517004 0.302017 0.505361 0.373613
65 0.544281 0.084057 0.537623 0.209511 0.552039 0.211236 0.523206 0.207785 0.552039 0.211236 0.553354 0.303780 0.553307 0.376041 0.523206 0.207785 0.517537 0.301818 0.509057 0.373153
66 0.545648 0.082324 0.538689 0.209414 0.553321 0.211378 0.524056 0.207450 0.553321 0.211378 0.553248 0.303968 0.553025 0.376164 0.524056 0.207450 0.520212 0.301625 0.513577 0.372076
67 0.546800 0.082341 0.540297 0.208839 0.554763 0.211116 0.525831 0.206561 0.554763 0.211116 0.553937 0.303545 0.552665 0.375900 0.525831 0.206561 0.521432 0.298018 0.516069 0.372244
68 0.547724 0.083450 0.540745 0.208339 0.555170 0.211007 0.526320 0.205670 0.555170 0.211007 0.554473 0.302850 0.551977 0.375640 0.526320 0.205670 0.523638 0.296252 0.521241 0.372341
69 0.548458 0.084875 0.541339 0.208494 0.555753 0.211034 0.526924 0.205954 0.555753 0.211034 0.554646 0.302782 0.551111 0.376388 0.526924 0.205954 0.527202 0.297146 0.526732 0.377705
70 0.548765 0.085455 0.541533 0.209873 0.555498 0.212346 0.527568 0.207399 0.555498 0.212346 0.555186 0.303760 0.551096 0.376793 0.527568 0.207399 0.527547 0.304029 0.527428 0.386943
71 0.549038 0.086351 0.543016 0.211203 0.556836 0.213223 0.529197 0.209183 0.556836 0.213223 0.555887 0.304757 0.551097 0.376658 0.529197 0.209183 0.529869 0.305773 0.529966 0.390713
72 0.549215 0.087238 0.544151 0.211224 0.557974 0.213202 0.530328 0.209246 0.557974 0.213202 0.556019 0.304800 0.551129 0.375992 0.530328 0.209246 0.532315 0.307734 0.531382 0.396610
73 0.548886 0.088356 0.544395 0.214968 0.558174 0.216365 0.530616 0.213572 0.558174 0.216365 0.556237 0.305585 0.551472 0.375500 0.530616 0.213572 0.531669 0.313866 0.531378 0.402124
74 0.548389 0.090535 0.544783 0.219925 0.558539 0.221030 0.531026 0.218820 0.558539 0.221030 0.556498 0.308439 0.551825 0.375291 0.531026 0.218820 0.531891 0.317697 0.531629 0.406354
75 0.548129 0.093060 0.544662 0.226538 0.558450 0.226785 0.530873 0.226290 0.558450 0.226785 0.556608 0.312432 0.552196 0.375184 0.530873 0.226290 0.532272 0.322104 0.531828 0.409534
76 0.547320 0.095166 0.544419 0.228417 0.558358 0.228682 0.530480 0.228152 0.558358 0.228682 0.556645 0.315065 0.552324 0.375957 0.530480 0.228152 0.532380 0.323682 0.531608 0.411517
77 0.545673 0.097314 0.544256 0.231872 0.558322 0.231731 0.530190 0.232013 0.558322 0.231731 0.556665 0.316097 0.552739 0.376402 0.530190 0.232013 0.531962 0.326334 0.531998 0.410563
78 0.544449 0.098777 0.544144 0.231655 0.558234 0.231470 0.530055 0.231841 0.558234 0.231470 0.556627 0.315517 0.553127 0.376231 0.530055 0.231841 0.531364 0.326113 0.531772 0.409696
79 0.542484 0.099144 0.543711 0.234843 0.557943 0.234321 0.529479 0.235366 0.557943 0.234321 0.556851 0.316291 0.553503 0.372901 0.529479 0.235366 0.531007 0.330560 0.532085 0.412240
80 0.540902 0.099281 0.542602 0.233744 0.556908 0.233230 0.528296 0.234257 0.556908 0.233230 0.556814 0.316415 0.553727 0.368957 0.528296 0.234257 0.530792 0.331146 0.532172 0.414245
81 0.538765 0.100705 0.541932 0.234599 0.556409 0.233739 0.527454 0.235459 0.556409 0.233739 0.556967 0.314957 0.553763 0.365344 0.527454 0.235459 0.529946 0.330872 0.531746 0.414206
82 0.537057 0.100914 0.540788 0.236431 0.555465 0.235317 0.526111 0.237545 0.555465 0.235317 0.557351 0.318998 0.553491 0.363901 0.526111 0.237545 0.529115 0.333727 0.531514 0.415120
83 0.535617 0.102528 0.539932 0.236809 0.554745 0.235106 0.525119 0.238511 0.554745 0.235106 0.558767 0.319740 0.553582 0.363360 0.525119 0.238511 0.528992 0.335173 0.531405 0.416020
84 0.534659 0.103240 0.539030 0.238430 0.553749 0.236506 0.524312 0.240355 0.553749 0.236506 0.559220 0.320587 0.553980 0.363665 0.524312 0.240355 0.528704 0.337268 0.531466 0.414995
85 0.534124 0.104368 0.538759 0.240227 0.553494 0.238645 0.524025 0.241810 0.553494 0.238645 0.559095 0.324865 0.553995 0.374154 0.524025 0.241810 0.528181 0.336103 0.531384 0.414233
86 0.533719 0.105202 0.538565 0.240884 0.553264 0.239467 0.523866 0.242301 0.553264 0.239467 0.559056 0.328740 0.554000 0.391090 0.523866 0.242301 0.528088 0.335746 0.531418 0.414536
87 0.533551 0.106670 0.538509 0.243505 0.553261 0.241752 0.523757 0.245258 0.553261 0.241752 0.558955 0.334209 0.554024 0.406995 0.523757 0.245258 0.528091 0.336932 0.531408 0.414399
88 0.533314 0.108505 0.538156 0.244709 0.552885 0.242858 0.523427 0.246560 0.552885 0.242858 0.558982 0.339378 0.554341 0.426558 0.523427 0.246560 0.528166 0.339129 0.531707 0.415881
89 0.533486 0.110916 0.538057 0.248464 0.552813 0.246433 0.523301 0.250494 0.552813 0.246433 0.559014 0.345032 0.555080 0.433471 0.523301 0.250494 0.528166 0.343212 0.531700 0.416203
90 0.533755 0.113689 0.538022 0.251791 0.552858 0.249708 0.523187 0.253874 0.552858 0.249708 0.558697 0.349453 0.556006 0.441208 0.523187 0.253874 0.528108 0.347563 0.531676 0.416012
91 0.533913 0.115846 0.538080 0.256302 0.552896 0.255029 0.523264 0.257574 0.552896 0.255029 0.558517 0.355158 0.556872 0.446238 0.523264 0.257574 0.527729 0.349959 0.531617 0.415855
92 0.534206 0.118792 0.538196 0.259834 0.553111 0.258856 0.523280 0.260813 0.553111 0.258856 0.557673 0.361059 0.557466 0.450425 0.523280 0.260813 0.527374 0.354244 0.531632 0.415729
93 0.535662 0.122106 0.538547 0.262483 0.553598 0.261369 0.523495 0.263597 0.553598 0.261369 0.557030 0.359784 0.557817 0.451634 0.523495 0.263597 0.527108 0.358435 0.531723 0.416746
94 0.537592 0.125535 0.539402 0.265599 0.554719 0.264809 0.524085 0.266390 0.554719 0.264809 0.556753 0.362991 0.557942 0.460738 0.524085 0.266390 0.527163 0.359180 0.531973 0.416666
95 0.539290 0.127717 0.540597 0.268155 0.555899 0.267606 0.525296 0.268703 0.555899 0.267606 0.557010 0.366515 0.558312 0.465767 0.525296 0.268703 0.527956 0.357712 0.532040 0.416641
96 0.542532 0.129845 0.541777 0.269976 0.557277 0.270023 0.526278 0.269929 0.557277 0.270023 0.557389 0.368971 0.558365 0.472230 0.526278 0.269929 0.528744 0.358716 0.532053 0.414166
97 0.544946 0.129446 0.542881 0.270573 0.558206 0.271311 0.527557 0.269835 0.558206 0.271311 0.559188 0.369139 0.559754 0.473069 0.527557 0.269835 0.529482 0.357276 0.532655 0.412662
98 0.548018 0.129473 0.544013 0.271461 0.559510 0.272615 0.528516 0.270306 0.559510 0.272615 0.561136 0.375805 0.559961 0.481202 0.528516 0.270306 0.530862 0.353465 0.533087 0.412030
99 0.550896 0.129823 0.545383 0.273851 0.560930 0.275577 0.529836 0.272125 0.560930 0.275577 0.562602 0.376337 0.559792 0.480088 0.529836 0.272125 0.530794 0.358176 0.533662 0.410902
100 0.554153 0.130927 0.546922 0.277741 0.562706 0.279596 0.531138 0.275887 0.562706 0.279596 0.564028 0.380558 0.559790 0.478550 0.531138 0.275887 0.531059 0.363889 0.534942 0.410936
101 0.556202 0.131948 0.547988 0.276554 0.563885 0.278792 0.532092 0.274315 0.563885 0.278792 0.564382 0.380238 0.560050 0.480473 0.532092 0.274315 0.531726 0.362288 0.534821 0.411013
102 0.557941 0.132758 0.548735 0.280466 0.564860 0.283801 0.532609 0.277132 0.564860 0.283801 0.564622 0.384606 0.559977 0.481994 0.532609 0.277132 0.531660 0.365755 0.535066 0.413269
103 0.559376 0.133425 0.550004 0.284643 0.566132 0.287549 0.533876 0.281736 0.566132 0.287549 0.565466 0.384838 0.559928 0.482718 0.533876 0.281736 0.531790 0.376608 0.535956 0.425736
104 0.560437 0.136106 0.550411 0.287928 0.566750 0.290904 0.534071 0.284953 0.566750 0.290904 0.566868 0.387694 0.559892 0.480793 0.534071 0.284953 0.532688 0.385019 0.536644 0.450079
105 0.560891 0.138119 0.550960 0.289704 0.567415 0.293027 0.534504 0.286382 0.567415 0.293027 0.567484 0.389377 0.559842 0.481087 0.534504 0.286382 0.534219 0.387003 0.536888 0.466429
106 0.561544 0.139112 0.551598 0.292309 0.567903 0.296093 0.535294 0.288525 0.567903 0.296093 0.566966 0.394568 0.559323 0.482754 0.535294 0.288525 0.535580 0.391715 0.537220 0.478211
107 0.562262 0.142200 0.552410 0.293056 0.568621 0.296947 0.536199 0.289165 0.568621 0.296947 0.566822 0.399446 0.559110 0.486352 0.536199 0.289165 0.536598 0.396906 0.537075 0.488250
108 0.562596 0.146535 0.553645 0.293660 0.570044 0.296618 0.537247 0.290703 0.570044 0.296618 0.567176 0.398112 0.559351 0.485050 0.537247 0.290703 0.538005 0.400801 0.537179 0.501322
109 0.562674 0.150740 0.553701 0.297327 0.570170 0.299883 0.537231 0.294770 0.570170 0.299883 0.567303 0.403813 0.559897 0.484012 0.537231 0.294770 0.539204 0.409654 0.538495 0.509353
110 0.562569 0.154981 0.554388 0.301001 0.570573 0.303027 0.538203 0.298975 0.570573 0.303027 0.568081 0.408399 0.560272 0.483441 0.538203 0.298975 0.540755 0.417938 0.539532 0.519382
111 0.562312 0.158863 0.554594 0.305569 0.570386 0.306593 0.538802 0.304545 0.570386 0.306593 0.567938 0.408651 0.559998 0.483188 0.538802 0.304545 0.541392 0.422214 0.541499 0.528955
112 0.562079 0.163609 0.555282 0.310369 0.570611 0.311293 0.539953 0.309445 0.570611 0.311293 0.567827 0.410134 0.559988 0.486335 0.539953 0.309445 0.543685 0.422249 0.542822 0.533837
113 0.561724 0.169094 0.555134 0.315741 0.570444 0.316720 0.539824 0.314761 0.570444 0.316720 0.567642 0.411356 0.558978 0.485049 0.539824 0.314761 0.544035 0.423163 0.545274 0.533758
114 0.561319 0.175942 0.555922 0.321591 0.571205 0.321587 0.540640 0.321595 0.571205 0.321587 0.567770 0.412681 0.559178 0.483992 0.540640 0.321595 0.544832 0.429651 0.545583 0.542436
115 0.560724 0.182606 0.555881 0.329651 0.571224 0.329904 0.540537 0.329397 0.571224 0.329904 0.567747 0.418963 0.559172 0.485700 0.540537 0.329397 0.545282 0.434778 0.545535 0.546031
116 0.559499 0.193023 0.555888 0.328638 0.571447 0.328693 0.540329 0.328583 0.571447 0.328693 0.567676 0.420041 0.559475 0.485337 0.540329 0.328583 0.546062 0.436804 0.545706 0.548493
117 0.558010 0.202479 0.556508 0.338329 0.572270 0.336986 0.540746 0.339673 0.572270 0.336986 0.567627 0.425081 0.561538 0.485230 0.540746 0.339673 0.545748 0.443609 0.546164 0.548250
118 0.555994 0.214375 0.556572 0.340857 0.572403 0.338391 0.540740 0.343324 0.572403 0.338391 0.567894 0.422912 0.561878 0.485118 0.540740 0.343324 0.545339 0.444246 0.545941 0.546051
119 0.554582 0.231121 0.556379 0.339878 0.572301 0.337584 0.540457 0.342172 0.572301 0.337584 0.568342 0.422271 0.562799 0.482577 0.540457 0.342172 0.545163 0.443660 0.545965 0.548577
120 0.554018 0.252163 0.556303 0.346376 0.572226 0.343657 0.540380 0.349096 0.572226 0.343657 0.568295 0.435323 0.563692 0.482768 0.540380 0.349096 0.544775 0.448579 0.546065 0.549253
121 0.553618 0.272709 0.555424 0.348818 0.571488 0.346653 0.539361 0.350983 0.571488 0.346653 0.568353 0.449350 0.564042 0.482771 0.539361 0.350983 0.544727 0.446538 0.545958 0.551104
122 0.553621 0.297693 0.555162 0.370500 0.571162 0.368219 0.539163 0.372782 0.571162 0.368219 0.568251 0.466292 0.564000 0.489763 0.539163 0.372782 0.544011 0.461497 0.545879 0.551521
123 0.552633 0.322625 0.552618 0.376560 0.569510 0.374254 0.535726 0.378866 0.569510 0.374254 0.568229 0.459516 0.563031 0.484886 0.535726 0.378866 0.543842 0.463069 0.545846 0.550428
124 0.553357 0.348743 0.552630 0.371955 0.570146 0.372649 0.535114 0.371260 0.570146 0.372649 0.568893 0.457361 0.560882 0.487323 0.535114 0.371260 0.543903 0.462940 0.547666 0.538216
125 0.553881 0.379061 0.552671 0.404028 0.570148 0.402517 0.535194 0.405538 0.570148 0.402517 0.570045 0.470869 0.560664 0.500791 0.535194 0.405538 0.543667 0.470421 0.547642 0.514030
126 0.554064 0.397702 0.551075 0.399774 0.569457 0.399677 0.532692 0.399870 0.569457 0.399677 0.568289 0.477214 0.557533 0.511250 0.532692 0.399870 0.541314 0.479406 0.546443 0.515945
127 0.552529 0.433492 0.546975 0.400972 0.564898 0.401190 0.529052 0.400754 0.564898 0.401190 0.572201 0.477332 0.560238 0.503847 0.529052 0.400754 0.531366 0.484753 0.540850 0.509667
128 0.551465 0.455841 0.546304 0.420840 0.563478 0.420854 0.529129 0.420825 0.563478 0.420854 0.579265 0.506418 0.561693 0.530691 0.529129 0.420825 0.525025 0.508693 0.538560 0.537151
129 0.550619 0.474670 0.547205 0.443257 0.564331 0.443909 0.530079 0.442605 0.564331 0.443909 0.578622 0.522190 0.561771 0.516021 0.530079 0.442605 0.528233 0.517790 0.536919 0.524240
130 0.551698 0.493262 0.558373 0.477867 0.576670 0.481423 0.540076 0.474311 0.576670 0.481423 0.577505 0.536395 0.575618 0.531502 0.540076 0.474311 0.529436 0.526850 0.534929 0.524132
131 0.558139 0.529623 0.562540 0.499531 0.579351 0.504197 0.545730 0.494864 0.579351 0.504197 0.594743 0.609632 0.603477 0.691537 0.545730 0.494864 0.523484 0.588872 0.521632 0.650782
132 0.559795 0.529132 0.560716 0.479751 0.578228 0.479313 0.543204 0.480188 0.578228 0.479313 0.592283 0.581759 0.586986 0.612836 0.543204 0.480188 0.522721 0.565382 0.516551 0.598647
133 -1 -1 -1 -1 -1 -1 -1 -1 -1 -1 -1 -1 -1 -1 -1 -1 -1 -1 -1 -1
134 -1 -1 -1 -1 -1 -1 -1 -1 -1 -1 -1 -1 -1 -1 -1 -1 -1 -1 -1 -1
135 -1 -1 -1 -1 -1 -1 -1 -1 -1 -1 -1 -1 -1 -1 -1 -1 -1 -1 -1 -1
136 -1 -1 -1 -1 -1 -1 -1 -1 -1 -1 -1 -1 -1 -1 -1 -1 -1 -1 -1 -1
137 -1 -1 -1 -1 -1 -1 -1 -1 -1 -1 -1 -1 -1 -1 -1 -1 -1 -1 -1 -1
138 -1 -1 -1 -1 -1 -1 -1 -1 -1 -1 -1 -1 -1 -1 -1 -1 -1 -1 -1 -1
139 -1 -1 -1 -1 -1 -1 -1 -1 -1 -1 -1 -1 -1 -1 -1 -1 -1 -1 -1 -1
140 -1 -1 -1 -1 -1 -1 -1 -1 -1 -1 -1 -1 -1 -1 -1 -1 -1 -1 -1 -1
141 -1 -1 -1 -1 -1 -1 -1 -1 -1 -1 -1 -1 -1 -1 -1 -1 -1 -1 -1 -1
142 -1 -1 -1 -1 -1 -1 -1 -1 -1 -1 -1 -1 -1 -1 -1 -1 -1 -1 -1 -1
143 -1 -1 -1 -1 -1 -1 -1 -1 -1 -1 -1 -1 -1 -1 -1 -1 -1 -1 -1 -1
144 -1 -1 -1 -1 -1 -1 -1 -1 -1 -1 -1 -1 -1 -1 -1 -1 -1 -1 -1 -1
145 -1 -1 -1 -1 -1 -1 -1 -1 -1 -1 -1 -1 -1 -1 -1 -1 -1 -1 -1 -1
146 -1 -1 -1 -1 -1 -1 -1 -1 -1 -1 -1 -1 -1 -1 -1 -1 -1 -1 -1 -1
147 -1 -1 -1 -1 -1 -1 -1 -1 -1 -1 -1 -1 -1 -1 -1 -1 -1 -1 -1 -1
148 -1 -1 -1 -1 -1 -1 -1 -1 -1 -1 -1 -1 -1 -1 -1 -1 -1 -1 -1 -1
149 -1 -1 -1 -1 -1 -1 -1 -1 -1 -1 -1 -1 -1 -1 -1 -1 -1 -1 -1 -1
150 -1 -1 -1 -1 -1 -1 -1 -1 -1 -1 -1 -1 -1 -1 -1 -1 -1 -1 -1 -1
151 -1 -1 -1 -1 -1 -1 -1 -1 -1 -1 -1 -1 -1 -1 -1 -1 -1 -1 -1 -1
152 -1 -1 -1 -1 -1 -1 -1 -1 -1 -1 -1 -1 -1 -1 -1 -1 -1 -1 -1 -1
153 -1 -1 -1 -1 -1 -1 -1 -1 -1 -1 -1 -1 -1 -1 -1 -1 -1 -1 -1 -1
154 -1 -1 -1 -1 -1 -1 -1 -1 -1 -1 -1 -1 -1 -1 -1 -1 -1 -1 -1 -1
155 -1 -1 -1 -1 -1 -1 -1 -1 -1 -1 -1 -1 -1 -1 -1 -1 -1 -1 -1 -1
156 -1 -1 -1 -1 -1 -1 -1 -1 -1 -1 -1 -1 -1 -1 -1 -1 -1 -1 -1 -1
157 -1 -1 -1 -1 -1 -1 -1 -1 -1 -1 -1 -1 -1 -1 -1 -1 -1 -1 -1 -1
158 -1 -1 -1 -1 -1 -1 -1 -1 -1 -1 -1 -1 -1 -1 -1 -1 -1 -1 -1 -1
159 -1 -1 -1 -1 -1 -1 -1 -1 -1 -1 -1 -1 -1 -1 -1 -1 -1 -1 -1 -1
160 -1 -1 -1 -1 -1 -1 -1 -1 -1 -1 -1 -1 -1 -1 -1 -1 -1 -1 -1 -1
161 -1 -1 -1 -1 -1 -1 -1 -1 -1 -1 -1 -1 -1 -1 -1 -1 -1 -1 -1 -1
162 -1 -1 -1 -1 -1 -1 -1 -1 -1 -1 -1 -1 -1 -1 -1 -1 -1 -1 -1 -1
163 -1 -1 -1 -1 -1 -1 -1 -1 -1 -1 -1 -1 -1 -1 -1 -1 -1 -1 -1 -1
164 -1 -1 -1 -1 -1 -1 -1 -1 -1 -1 -1 -1 -1 -1 -1 -1 -1 -1 -1 -1
165 -1 -1 -1 -1 -1 -1 -1 -1 -1 -1 -1 -1 -1 -1 -1 -1 -1 -1 -1 -1
166 -1 -1 -1 -1 -1 -1 -1 -1 -1 -1 -1 -1 -1 -1 -1 -1 -1 -1 -1 -1
167 -1 -1 -1 -1 -1 -1 -1 -1 -1 -1 -1 -1 -1 -1 -1 -1 -1 -1 -1 -1
168 -1 -1 -1 -1 -1 -1 -1 -1 -1 -1 -1 -1 -1 -1 -1 -1 -1 -1 -1 -1
169 -1 -1 -1 -1 -1 -1 -1 -1 -1 -1 -1 -1 -1 -1 -1 -1 -1 -1 -1 -1
170 -1 -1 -1 -1 -1 -1 -1 -1 -1 -1 -1 -1 -1 -1 -1 -1 -1 -1 -1 -1
171 -1 -1 -1 -1 -1 -1 -1 -1 -1 -1 -1 -1 -1 -1 -1 -1 -1 -1 -1 -1
172 -1 -1 -1 -1 -1 -1 -1 -1 -1 -1 -1 -1 -1 -1 -1 -1 -1 -1 -1 -1
173 -1 -1 -1 -1 -1 -1 -1 -1 -1 -1 -1 -1 -1 -1 -1 -1 -1 -1 -1 -1
174 -1 -1 -1 -1 -1 -1 -1 -1 -1 -1 -1 -1 -1 -1 -1 -1 -1 -1 -1 -1
175 -1 -1 -1 -1 -1 -1 -1 -1 -1 -1 -1 -1 -1 -1 -1 -1 -1 -1 -1 -1
176 -1 -1 -1 -1 -1 -1 -1 -1 -1 -1 -1 -1 -1 -1 -1 -1 -1 -1 -1 -1
177 -1 -1 -1 -1 -1 -1 -1 -1 -1 -1 -1 -1 -1 -1 -1 -1 -1 -1 -1 -1
178 -1 -1 -1 -1 -1 -1 -1 -1 -1 -1 -1 -1 -1 -1 -1 -1 -1 -1 -1 -1
179 -1 -1 -1 -1 -1 -1 -1 -1 -1 -1 -1 -1 -1 -1 -1 -1 -1 -1 -1 -1
180 -1 -1 -1 -1 -1 -1 -1 -1 -1 -1 -1 -1 -1 -1 -1 -1 -1 -1 -1 -1
181 -1 -1 -1 -1 -1 -1 -1 -1 -1 -1 -1 -1 -1 -1 -1 -1 -1 -1 -1 -1
182 -1 -1 -1 -1 -1 -1 -1 -1 -1 -1 -1 -1 -1 -1 -1 -1 -1 -1 -1 -1
183 -1 -1 -1 -1 -1 -1 -1 -1 -1 -1 -1 -1 -1 -1 -1 -1 -1 -1 -1 -1
184 -1 -1 -1 -1 -1 -1 -1 -1 -1 -1 -1 -1 -1 -1 -1 -1 -1 -1 -1 -1
185 -1 -1 -1 -1 -1 -1 -1 -1 -1 -1 -1 -1 -1 -1 -1 -1 -1 -1 -1 -1
186 -1 -1 -1 -1 -1 -1 -1 -1 -1 -1 -1 -1 -1 -1 -1 -1 -1 -1 -1 -1
187 -1 -1 -1 -1 -1 -1 -1 -1 -1 -1 -1 -1 -1 -1 -1 -1 -1 -1 -1 -1
188 -1 -1 -1 -1 -1 -1 -1 -1 -1 -1 -1 -1 -1 -1 -1 -1 -1 -1 -1 -1
189 -1 -1 -1 -1 -1 -1 -1 -1 -1 -1 -1 -1 -1 -1 -1 -1 -1 -1 -1 -1
190 -1 -1 -1 -1 -1 -1 -1 -1 -1 -1 -1 -1 -1 -1 -1 -1 -1 -1 -1 -1
191 -1 -1 -1 -1 -1 -1 -1 -1 -1 -1 -1 -1 -1 -1 -1 -1 -1 -1 -1 -1
192 -1 -1 -1 -1 -1 -1 -1 -1 -1 -1 -1 -1 -1 -1 -1 -1 -1 -1 -1 -1
193 -1 -1 -1 -1 -1 -1 -1 -1 -1 -1 -1 -1 -1 -1 -1 -1 -1 -1 -1 -1
194 -1 -1 -1 -1 -1 -1 -1 -1 -1 -1 -1 -1 -1 -1 -1 -1 -1 -1 -1 -1
195 -1 -1 -1 -1 -1 -1 -1 -1 -1 -1 -1 -1 -1 -1 -1 -1 -1 -1 -1 -1
196 -1 -1 -1 -1 -1 -1 -1 -1 -1 -1 -1 -1 -1 -1 -1 -1 -1 -1 -1 -1
197 -1 -1 -1 -1 -1 -1 -1 -1 -1 -1 -1 -1 -1 -1 -1 -1 -1 -1 -1 -1
198 -1 -1 -1 -1 -1 -1 -1 -1 -1 -1 -1 -1 -1 -1 -1 -1 -1 -1 -1 -1
199 -1 -1 -1 -1 -1 -1 -1 -1 -1 -1 -1 -1 -1 -1 -1 -1 -1 -1 -1 -1
200 -1 -1 -1 -1 -1 -1 -1 -1 -1 -1 -1 -1 -1 -1 -1 -1 -1 -1 -1 -1
201 -1 -1 -1 -1 -1 -1 -1 -1 -1 -1 -1 -1 -1 -1 -1 -1 -1 -1 -1 -1
202 -1 -1 -1 -1 -1 -1 -1 -1 -1 -1 -1 -1 -1 -1 -1 -1 -1 -1 -1 -1
203 -1 -1 -1 -1 -1 -1 -1 -1 -1 -1 -1 -1 -1 -1 -1 -1 -1 -1 -1 -1
204 -1 -1 -1 -1 -1 -1 -1 -1 -1 -1 -1 -1 -1 -1 -1 -1 -1 -1 -1 -1
205 -1 -1 -1 -1 -1 -1 -1 -1 -1 -1 -1 -1 -1 -1 -1 -1 -1 -1 -1 -1
206 -1 -1 -1 -1 -1 -1 -1 -1 -1 -1 -1 -1 -1 -1 -1 -1 -1 -1 -1 -1
207 -1 -1 -1 -1 -1 -1 -1 -1 -1 -1 -1 -1 -1 -1 -1 -1 -1 -1 -1 -1
208 -1 -1 -1 -1 -1 -1 -1 -1 -1 -1 -1 -1 -1 -1 -1 -1 -1 -1 -1 -1
209 -1 -1 -1 -1 -1 -1 -1 -1 -1 -1 -1 -1 -1 -1 -1 -1 -1 -1 -1 -1
210 -1 -1 -1 -1 -1 -1 -1 -1 -1 -1 -1 -1 -1 -1 -1 -1 -1 -1 -1 -1
211 -1 -1 -1 -1 -1 -1 -1 -1 -1 -1 -1 -1 -1 -1 -1 -1 -1 -1 -1 -1
212 -1 -1 -1 -1 -1 -1 -1 -1 -1 -1 -1 -1 -1 -1 -1 -1 -1 -1 -1 -1
213 -1 -1 -1 -1 -1 -1 -1 -1 -1 -1 -1 -1 -1 -1 -1 -1 -1 -1 -1 -1
214 -1 -1 -1 -1 -1 -1 -1 -1 -1 -1 -1 -1 -1 -1 -1 -1 -1 -1 -1 -1
215 -1 -1 -1 -1 -1 -1 -1 -1 -1 -1 -1 -1 -1 -1 -1 -1 -1 -1 -1 -1
