139
154
0 -1 -1 -1 -1 -1 -1 -1 -1 -1 -1 -1 -1 -1 -1 -1 -1 -1 -1 -1 -1
1 -1 -1 -1 -1 -1 -1 -1 -1 -1 -1 -1 -1 -1 -1 -1 -1 -1 -1 -1 -1
2 -1 -1 -1 -1 -1 -1 -1 -1 -1 -1 -1 -1 -1 -1 -1 -1 -1 -1 -1 -1
3 -1 -1 -1 -1 -1 -1 -1 -1 -1 -1 -1 -1 -1 -1 -1 -1 -1 -1 -1 -1
4 -1 -1 -1 -1 -1 -1 -1 -1 -1 -1 -1 -1 -1 -1 -1 -1 -1 -1 -1 -1
5 -1 -1 -1 -1 -1 -1 -1 -1 -1 -1 -1 -1 -1 -1 -1 -1 -1 -1 -1 -1
6 -1 -1 -1 -1 -1 -1 -1 -1 -1 -1 -1 -1 -1 -1 -1 -1 -1 -1 -1 -1
7 -1 -1 -1 -1 -1 -1 -1 -1 -1 -1 -1 -1 -1 -1 -1 -1 -1 -1 -1 -1
8 -1 -1 -1 -1 -1 -1 -1 -1 -1 -1 -1 -1 -1 -1 -1 -1 -1 -1 -1 -1
9 -1 -1 -1 -1 -1 -1 -1 -1 -1 -1 -1 -1 -1 -1 -1 -1 -1 -1 -1 -1
10 -1 -1 -1 -1 -1 -1 -1 -1 -1 -1 -1 -1 -1 -1 -1 -1 -1 -1 -1 -1
11 -1 -1 -1 -1 -1 -1 -1 -1 -1 -1 -1 -1 -1 -1 -1 -1 -1 -1 -1 -1
12 -1 -1 -1 -1 -1 -1 -1 -1 -1 -1 -1 -1 -1 -1 -1 -1 -1 -1 -1 -1
13 -1 -1 -1 -1 -1 -1 -1 -1 -1 -1 -1 -1 -1 -1 -1 -1 -1 -1 -1 -1
14 -1 -1 -1 -1 -1 -1 -1 -1 -1 -1 -1 -1 -1 -1 -1 -1 -1 -1 -1 -1
15 -1 -1 -1 -1 -1 -1 -1 -1 -1 -1 -1 -1 -1 -1 -1 -1 -1 -1 -1 -1
16 -1 -1 -1 -1 -1 -1 -1 -1 -1 -1 -1 -1 -1 -1 -1 -1 -1 -1 -1 -1
17 -1 -1 -1 -1 -1 -1 -1 -1 -1 -1 -1 -1 -1 -1 -1 -1 -1 -1 -1 -1
18 -1 -1 -1 -1 -1 -1 -1 -1 -1 -1 -1 -1 -1 -1 -1 -1 -1 -1 -1 -1
19 -1 -1 -1 -1 -1 -1 -1 -1 -1 -1 -1 -1 -1 -1 -1 -1 -1 -1 -1 -1
20 -1 -1 -1 -1 -1 -1 -1 -1 -1 -1 -1 -1 -1 -1 -1 -1 -1 -1 -1 -1
21 -1 -1 -1 -1 -1 -1 -1 -1 -1 -1 -1 -1 -1 -1 -1 -1 -1 -1 -1 -1
22 -1 -1 -1 -1 -1 -1 -1 -1 -1 -1 -1 -1 -1 -1 -1 -1 -1 -1 -1 -1
23 -1 -1 -1 -1 -1 -1 -1 -1 -1 -1 -1 -1 -1 -1 -1 -1 -1 -1 -1 -1
24 -1 -1 -1 -1 -1 -1 -1 -1 -1 -1 -1 -1 -1 -1 -1 -1 -1 -1 -1 -1
25 -1 -1 -1 -1 -1 -1 -1 -1 -1 -1 -1 -1 -1 -1 -1 -1 -1 -1 -1 -1
26 -1 -1 -1 -1 -1 -1 -1 -1 -1 -1 -1 -1 -1 -1 -1 -1 -1 -1 -1 -1
27 -1 -1 -1 -1 -1 -1 -1 -1 -1 -1 -1 -1 -1 -1 -1 -1 -1 -1 -1 -1
28 -1 -1 -1 -1 -1 -1 -1 -1 -1 -1 -1 -1 -1 -1 -1 -1 -1 -1 -1 -1
29 -1 -1 -1 -1 -1 -1 -1 -1 -1 -1 -1 -1 -1 -1 -1 -1 -1 -1 -1 -1
30 -1 -1 -1 -1 -1 -1 -1 -1 -1 -1 -1 -1 -1 -1 -1 -1 -1 -1 -1 -1
31 -1 -1 -1 -1 -1 -1 -1 -1 -1 -1 -1 -1 -1 -1 -1 -1 -1 -1 -1 -1
32 -1 -1 -1 -1 -1 -1 -1 -1 -1 -1 -1 -1 -1 -1 -1 -1 -1 -1 -1 -1
33 -1 -1 -1 -1 -1 -1 -1 -1 -1 -1 -1 -1 -1 -1 -1 -1 -1 -1 -1 -1
34 -1 -1 -1 -1 -1 -1 -1 -1 -1 -1 -1 -1 -1 -1 -1 -1 -1 -1 -1 -1
35 -1 -1 -1 -1 -1 -1 -1 -1 -1 -1 -1 -1 -1 -1 -1 -1 -1 -1 -1 -1
36 -1 -1 -1 -1 -1 -1 -1 -1 -1 -1 -1 -1 -1 -1 -1 -1 -1 -1 -1 -1
37 -1 -1 -1 -1 -1 -1 -1 -1 -1 -1 -1 -1 -1 -1 -1 -1 -1 -1 -1 -1
38 -1 -1 -1 -1 -1 -1 -1 -1 -1 -1 -1 -1 -1 -1 -1 -1 -1 -1 -1 -1
39 -1 -1 -1 -1 -1 -1 -1 -1 -1 -1 -1 -1 -1 -1 -1 -1 -1 -1 -1 -1
40 -1 -1 -1 -1 -1 -1 -1 -1 -1 -1 -1 -1 -1 -1 -1 -1 -1 -1 -1 -1
41 -1 -1 -1 -1 -1 -1 -1 -1 -1 -1 -1 -1 -1 -1 -1 -1 -1 -1 -1 -1
42 -1 -1 -1 -1 -1 -1 -1 -1 -1 -1 -1 -1 -1 -1 -1 -1 -1 -1 -1 -1
43 -1 -1 -1 -1 -1 -1 -1 -1 -1 -1 -1 -1 -1 -1 -1 -1 -1 -1 -1 -1
44 -1 -1 -1 -1 -1 -1 -1 -1 -1 -1 -1 -1 -1 -1 -1 -1 -1 -1 -1 -1
45 -1 -1 -1 -1 -1 -1 -1 -1 -1 -1 -1 -1 -1 -1 -1 -1 -1 -1 -1 -1
46 -1 -1 -1 -1 -1 -1 -1 -1 -1 -1 -1 -1 -1 -1 -1 -1 -1 -1 -1 -1
47 -1 -1 -1 -1 -1 -1 -1 -1 -1 -1 -1 -1 -1 -1 -1 -1 -1 -1 -1 -1
48 -1 -1 -1 -1 -1 -1 -1 -1 -1 -1 -1 -1 -1 -1 -1 -1 -1 -1 -1 -1
49 -1 -1 -1 -1 -1 -1 -1 -1 -1 -1 -1 -1 -1 -1 -1 -1 -1 -1 -1 -1
50 -1 -1 -1 -1 -1 -1 -1 -1 -1 -1 -1 -1 -1 -1 -1 -1 -1 -1 -1 -1
51 -1 -1 -1 -1 -1 -1 -1 -1 -1 -1 -1 -1 -1 -1 -1 -1 -1 -1 -1 -1
52 -1 -1 -1 -1 -1 -1 -1 -1 -1 -1 -1 -1 -1 -1 -1 -1 -1 -1 -1 -1
53 -1 -1 -1 -1 -1 -1 -1 -1 -1 -1 -1 -1 -1 -1 -1 -1 -1 -1 -1 -1
54 -1 -1 -1 -1 -1 -1 -1 -1 -1 -1 -1 -1 -1 -1 -1 -1 -1 -1 -1 -1
55 -1 -1 -1 -1 -1 -1 -1 -1 -1 -1 -1 -1 -1 -1 -1 -1 -1 -1 -1 -1
56 -1 -1 -1 -1 -1 -1 -1 -1 -1 -1 -1 -1 -1 -1 -1 -1 -1 -1 -1 -1
57 -1 -1 -1 -1 -1 -1 -1 -1 -1 -1 -1 -1 -1 -1 -1 -1 -1 -1 -1 -1
58 -1 -1 -1 -1 -1 -1 -1 -1 -1 -1 -1 -1 -1 -1 -1 -1 -1 -1 -1 -1
59 -1 -1 -1 -1 -1 -1 -1 -1 -1 -1 -1 -1 -1 -1 -1 -1 -1 -1 -1 -1
60 -1 -1 -1 -1 -1 -1 -1 -1 -1 -1 -1 -1 -1 -1 -1 -1 -1 -1 -1 -1
61 -1 -1 -1 -1 -1 -1 -1 -1 -1 -1 -1 -1 -1 -1 -1 -1 -1 -1 -1 -1
62 -1 -1 -1 -1 -1 -1 -1 -1 -1 -1 -1 -1 -1 -1 -1 -1 -1 -1 -1 -1
63 -1 -1 -1 -1 -1 -1 -1 -1 -1 -1 -1 -1 -1 -1 -1 -1 -1 -1 -1 -1
64 -1 -1 -1 -1 -1 -1 -1 -1 -1 -1 -1 -1 -1 -1 -1 -1 -1 -1 -1 -1
65 -1 -1 -1 -1 -1 -1 -1 -1 -1 -1 -1 -1 -1 -1 -1 -1 -1 -1 -1 -1
66 -1 -1 -1 -1 -1 -1 -1 -1 -1 -1 -1 -1 -1 -1 -1 -1 -1 -1 -1 -1
67 -1 -1 -1 -1 -1 -1 -1 -1 -1 -1 -1 -1 -1 -1 -1 -1 -1 -1 -1 -1
68 -1 -1 -1 -1 -1 -1 -1 -1 -1 -1 -1 -1 -1 -1 -1 -1 -1 -1 -1 -1
69 -1 -1 -1 -1 -1 -1 -1 -1 -1 -1 -1 -1 -1 -1 -1 -1 -1 -1 -1 -1
70 -1 -1 -1 -1 -1 -1 -1 -1 -1 -1 -1 -1 -1 -1 -1 -1 -1 -1 -1 -1
71 -1 -1 -1 -1 -1 -1 -1 -1 -1 -1 -1 -1 -1 -1 -1 -1 -1 -1 -1 -1
72 -1 -1 -1 -1 -1 -1 -1 -1 -1 -1 -1 -1 -1 -1 -1 -1 -1 -1 -1 -1
73 -1 -1 -1 -1 -1 -1 -1 -1 -1 -1 -1 -1 -1 -1 -1 -1 -1 -1 -1 -1
74 -1 -1 -1 -1 -1 -1 -1 -1 -1 -1 -1 -1 -1 -1 -1 -1 -1 -1 -1 -1
75 -1 -1 -1 -1 -1 -1 -1 -1 -1 -1 -1 -1 -1 -1 -1 -1 -1 -1 -1 -1
76 -1 -1 -1 -1 -1 -1 -1 -1 -1 -1 -1 -1 -1 -1 -1 -1 -1 -1 -1 -1
77 -1 -1 -1 -1 -1 -1 -1 -1 -1 -1 -1 -1 -1 -1 -1 -1 -1 -1 -1 -1
78 -1 -1 -1 -1 -1 -1 -1 -1 -1 -1 -1 -1 -1 -1 -1 -1 -1 -1 -1 -1
79 -1 -1 -1 -1 -1 -1 -1 -1 -1 -1 -1 -1 -1 -1 -1 -1 -1 -1 -1 -1
80 -1 -1 -1 -1 -1 -1 -1 -1 -1 -1 -1 -1 -1 -1 -1 -1 -1 -1 -1 -1
81 -1 -1 -1 -1 -1 -1 -1 -1 -1 -1 -1 -1 -1 -1 -1 -1 -1 -1 -1 -1
82 -1 -1 -1 -1 -1 -1 -1 -1 -1 -1 -1 -1 -1 -1 -1 -1 -1 -1 -1 -1
83 -1 -1 -1 -1 -1 -1 -1 -1 -1 -1 -1 -1 -1 -1 -1 -1 -1 -1 -1 -1
84 -1 -1 -1 -1 -1 -1 -1 -1 -1 -1 -1 -1 -1 -1 -1 -1 -1 -1 -1 -1
85 -1 -1 -1 -1 -1 -1 -1 -1 -1 -1 -1 -1 -1 -1 -1 -1 -1 -1 -1 -1
86 -1 -1 -1 -1 -1 -1 -1 -1 -1 -1 -1 -1 -1 -1 -1 -1 -1 -1 -1 -1
87 -1 -1 -1 -1 -1 -1 -1 -1 -1 -1 -1 -1 -1 -1 -1 -1 -1 -1 -1 -1
88 -1 -1 -1 -1 -1 -1 -1 -1 -1 -1 -1 -1 -1 -1 -1 -1 -1 -1 -1 -1
89 -1 -1 -1 -1 -1 -1 -1 -1 -1 -1 -1 -1 -1 -1 -1 -1 -1 -1 -1 -1
90 -1 -1 -1 -1 -1 -1 -1 -1 -1 -1 -1 -1 -1 -1 -1 -1 -1 -1 -1 -1
91 -1 -1 -1 -1 -1 -1 -1 -1 -1 -1 -1 -1 -1 -1 -1 -1 -1 -1 -1 -1
92 -1 -1 -1 -1 -1 -1 -1 -1 -1 -1 -1 -1 -1 -1 -1 -1 -1 -1 -1 -1
93 -1 -1 -1 -1 -1 -1 -1 -1 -1 -1 -1 -1 -1 -1 -1 -1 -1 -1 -1 -1
94 -1 -1 -1 -1 -1 -1 -1 -1 -1 -1 -1 -1 -1 -1 -1 -1 -1 -1 -1 -1
95 -1 -1 -1 -1 -1 -1 -1 -1 -1 -1 -1 -1 -1 -1 -1 -1 -1 -1 -1 -1
96 -1 -1 -1 -1 -1 -1 -1 -1 -1 -1 -1 -1 -1 -1 -1 -1 -1 -1 -1 -1
97 0.386854 0.161886 0.393087 0.316382 0.375678 0.319711 0.410496 0.313052 0.375678 0.319711 0.392364 0.421464 0.402076 0.519261 0.410496 0.313052 0.427119 0.423518 0.437476 0.527765
98 0.390320 0.162200 0.395382 0.316034 0.378313 0.318818 0.412452 0.313250 0.378313 0.318818 0.392824 0.421941 0.402322 0.519189 0.412452 0.313250 0.428304 0.420391 0.437174 0.523793
99 0.394971 0.163331 0.398372 0.315390 0.380813 0.317380 0.415931 0.313401 0.380813 0.317380 0.394436 0.422061 0.401784 0.519833 0.415931 0.313401 0.429972 0.421291 0.437641 0.524762
100 0.399157 0.164654 0.400770 0.313977 0.383026 0.315535 0.418513 0.312419 0.383026 0.315535 0.394275 0.420452 0.401003 0.518927 0.418513 0.312419 0.431541 0.421598 0.438883 0.525870
101 0.403122 0.167057 0.404162 0.313574 0.386539 0.314706 0.421784 0.312442 0.386539 0.314706 0.394954 0.420058 0.400548 0.518909 0.421784 0.312442 0.432514 0.421877 0.438761 0.528271
102 0.406972 0.169172 0.406197 0.314020 0.388604 0.315016 0.423790 0.313025 0.388604 0.315016 0.395763 0.418778 0.400414 0.516403 0.423790 0.313025 0.434202 0.420828 0.438702 0.527290
103 0.409619 0.172461 0.408515 0.314519 0.390664 0.315197 0.426366 0.313841 0.390664 0.315197 0.396865 0.418703 0.400136 0.515157 0.426366 0.313841 0.436110 0.421074 0.438186 0.525076
104 0.411644 0.174635 0.410383 0.314432 0.392639 0.314790 0.428128 0.314074 0.392639 0.314790 0.398386 0.416753 0.400033 0.515403 0.428128 0.314074 0.435256 0.421283 0.436544 0.525617
105 0.413711 0.176975 0.413619 0.315194 0.396044 0.314918 0.431193 0.315471 0.396044 0.314918 0.399366 0.416906 0.399876 0.516552 0.431193 0.315471 0.435808 0.422912 0.436845 0.528400
106 0.415989 0.180497 0.415426 0.317029 0.397776 0.315914 0.433075 0.318144 0.397776 0.315914 0.400352 0.419882 0.401018 0.522198 0.433075 0.318144 0.437771 0.424548 0.437904 0.532516
107 0.416742 0.184268 0.417255 0.318531 0.399651 0.317145 0.434858 0.319917 0.399651 0.317145 0.401606 0.421282 0.402894 0.526973 0.434858 0.319917 0.437202 0.425882 0.437772 0.533429
108 0.418511 0.187616 0.420620 0.320951 0.403332 0.319307 0.437907 0.322596 0.403332 0.319307 0.403008 0.424699 0.406811 0.530121 0.437907 0.322596 0.437781 0.431871 0.439656 0.540747
109 0.419510 0.190664 0.423472 0.323761 0.405760 0.322468 0.441184 0.325055 0.405760 0.322468 0.405395 0.428923 0.412792 0.534056 0.441184 0.325055 0.440774 0.431819 0.440428 0.540524
110 0.420224 0.194026 0.426061 0.324411 0.408858 0.323494 0.443264 0.325329 0.408858 0.323494 0.406291 0.429440 0.419589 0.532124 0.443264 0.325329 0.441963 0.431285 0.439659 0.533725
111 0.419968 0.196419 0.428087 0.325567 0.411278 0.325303 0.444897 0.325831 0.411278 0.325303 0.408085 0.428935 0.426059 0.531238 0.444897 0.325831 0.442427 0.431082 0.439203 0.531629
112 0.420709 0.199458 0.430522 0.329006 0.414020 0.329135 0.447023 0.328877 0.414020 0.329135 0.410062 0.429251 0.429948 0.530440 0.447023 0.328877 0.441593 0.428116 0.439358 0.523645
113 0.420803 0.202344 0.432300 0.331692 0.416718 0.332170 0.447883 0.331215 0.416718 0.332170 0.413263 0.430422 0.433531 0.533171 0.447883 0.331215 0.440971 0.414330 0.444305 0.493900
114 0.420596 0.204832 0.434271 0.333915 0.419322 0.334722 0.449221 0.333108 0.419322 0.334722 0.416437 0.430072 0.436577 0.534772 0.449221 0.333108 0.439918 0.399845 0.446861 0.467925
115 0.420623 0.206469 0.436786 0.333949 0.422708 0.334919 0.450864 0.332980 0.422708 0.334919 0.419926 0.429849 0.439335 0.535290 0.450864 0.332980 0.439142 0.395652 0.448820 0.463382
116 0.420726 0.209357 0.438710 0.334112 0.424163 0.335432 0.453257 0.332792 0.424163 0.335432 0.422335 0.429774 0.443043 0.537241 0.453257 0.332792 0.439019 0.392528 0.448540 0.452361
117 0.420738 0.211546 0.439931 0.335330 0.424833 0.336461 0.455029 0.334200 0.424833 0.336461 0.422308 0.430230 0.441512 0.536867 0.455029 0.334200 0.439074 0.399096 0.447477 0.469037
118 0.421099 0.213947 0.441863 0.338651 0.426707 0.339399 0.457019 0.337903 0.426707 0.339399 0.422707 0.432460 0.440356 0.537071 0.457019 0.337903 0.439406 0.409404 0.445962 0.506470
119 0.421357 0.216003 0.444801 0.342229 0.429765 0.343023 0.459837 0.341435 0.429765 0.343023 0.422942 0.434527 0.439261 0.537800 0.459837 0.341435 0.440174 0.417695 0.444825 0.512413
120 -1 -1 -1 -1 -1 -1 -1 -1 -1 -1 -1 -1 -1 -1 -1 -1 -1 -1 -1 -1
121 -1 -1 -1 -1 -1 -1 -1 -1 -1 -1 -1 -1 -1 -1 -1 -1 -1 -1 -1 -1
122 -1 -1 -1 -1 -1 -1 -1 -1 -1 -1 -1 -1 -1 -1 -1 -1 -1 -1 -1 -1
123 -1 -1 -1 -1 -1 -1 -1 -1 -1 -1 -1 -1 -1 -1 -1 -1 -1 -1 -1 -1
124 -1 -1 -1 -1 -1 -1 -1 -1 -1 -1 -1 -1 -1 -1 -1 -1 -1 -1 -1 -1
125 -1 -1 -1 -1 -1 -1 -1 -1 -1 -1 -1 -1 -1 -1 -1 -1 -1 -1 -1 -1
126 -1 -1 -1 -1 -1 -1 -1 -1 -1 -1 -1 -1 -1 -1 -1 -1 -1 -1 -1 -1
127 -1 -1 -1 -1 -1 -1 -1 -1 -1 -1 -1 -1 -1 -1 -1 -1 -1 -1 -1 -1
128 -1 -1 -1 -1 -1 -1 -1 -1 -1 -1 -1 -1 -1 -1 -1 -1 -1 -1 -1 -1
129 -1 -1 -1 -1 -1 -1 -1 -1 -1 -1 -1 -1 -1 -1 -1 -1 -1 -1 -1 -1
130 -1 -1 -1 -1 -1 -1 -1 -1 -1 -1 -1 -1 -1 -1 -1 -1 -1 -1 -1 -1
131 -1 -1 -1 -1 -1 -1 -1 -1 -1 -1 -1 -1 -1 -1 -1 -1 -1 -1 -1 -1
132 -1 -1 -1 -1 -1 -1 -1 -1 -1 -1 -1 -1 -1 -1 -1 -1 -1 -1 -1 -1
133 -1 -1 -1 -1 -1 -1 -1 -1 -1 -1 -1 -1 -1 -1 -1 -1 -1 -1 -1 -1
134 -1 -1 -1 -1 -1 -1 -1 -1 -1 -1 -1 -1 -1 -1 -1 -1 -1 -1 -1 -1
135 -1 -1 -1 -1 -1 -1 -1 -1 -1 -1 -1 -1 -1 -1 -1 -1 -1 -1 -1 -1
136 -1 -1 -1 -1 -1 -1 -1 -1 -1 -1 -1 -1 -1 -1 -1 -1 -1 -1 -1 -1
137 -1 -1 -1 -1 -1 -1 -1 -1 -1 -1 -1 -1 -1 -1 -1 -1 -1 -1 -1 -1
138 -1 -1 -1 -1 -1 -1 -1 -1 -1 -1 -1 -1 -1 -1 -1 -1 -1 -1 -1 -1
139 -1 -1 -1 -1 -1 -1 -1 -1 -1 -1 -1 -1 -1 -1 -1 -1 -1 -1 -1 -1
140 -1 -1 -1 -1 -1 -1 -1 -1 -1 -1 -1 -1 -1 -1 -1 -1 -1 -1 -1 -1
141 -1 -1 -1 -1 -1 -1 -1 -1 -1 -1 -1 -1 -1 -1 -1 -1 -1 -1 -1 -1
142 -1 -1 -1 -1 -1 -1 -1 -1 -1 -1 -1 -1 -1 -1 -1 -1 -1 -1 -1 -1
143 -1 -1 -1 -1 -1 -1 -1 -1 -1 -1 -1 -1 -1 -1 -1 -1 -1 -1 -1 -1
144 -1 -1 -1 -1 -1 -1 -1 -1 -1 -1 -1 -1 -1 -1 -1 -1 -1 -1 -1 -1
145 -1 -1 -1 -1 -1 -1 -1 -1 -1 -1 -1 -1 -1 -1 -1 -1 -1 -1 -1 -1
146 -1 -1 -1 -1 -1 -1 -1 -1 -1 -1 -1 -1 -1 -1 -1 -1 -1 -1 -1 -1
147 -1 -1 -1 -1 -1 -1 -1 -1 -1 -1 -1 -1 -1 -1 -1 -1 -1 -1 -1 -1
148 -1 -1 -1 -1 -1 -1 -1 -1 -1 -1 -1 -1 -1 -1 -1 -1 -1 -1 -1 -1
149 -1 -1 -1 -1 -1 -1 -1 -1 -1 -1 -1 -1 -1 -1 -1 -1 -1 -1 -1 -1
150 -1 -1 -1 -1 -1 -1 -1 -1 -1 -1 -1 -1 -1 -1 -1 -1 -1 -1 -1 -1
151 0.597732 0.559934 0.534077 0.520183 0.527557 0.552760 0.540598 0.487606 0.527557 0.552760 0.464999 0.584579 0.435644 0.590332 0.540598 0.487606 0.484661 0.453078 0.430069 0.451230
152 0.612868 0.564367 0.535952 0.525328 0.531152 0.557286 0.540751 0.493371 0.531152 0.557286 0.464955 0.592290 0.436253 0.590770 0.540751 0.493371 0.487840 0.447260 0.435806 0.465815
153 0.622139 0.563998 0.537365 0.525891 0.534012 0.557476 0.540719 0.494307 0.534012 0.557476 0.463149 0.592549 0.437948 0.593577 0.540719 0.494307 0.494449 0.440080 0.445809 0.481897
154 0.626625 0.562827 0.540361 0.530596 0.539768 0.561684 0.540953 0.499507 0.539768 0.561684 0.479482 0.618873 0.445897 0.598121 0.540953 0.499507 0.501101 0.440241 0.455524 0.502430
155 0.629910 0.559481 0.544025 0.535015 0.545793 0.565306 0.542257 0.504724 0.545793 0.565306 0.493774 0.626817 0.455695 0.613234 0.542257 0.504724 0.505550 0.440562 0.465558 0.527442
156 0.634147 0.557806 0.548446 0.538546 0.551789 0.567220 0.545103 0.509872 0.551789 0.567220 0.522915 0.627366 0.468820 0.625776 0.545103 0.509872 0.509804 0.452423 0.471848 0.540396
157 0.636540 0.556309 0.552041 0.540158 0.556652 0.568191 0.547430 0.512126 0.556652 0.568191 0.535090 0.630168 0.472911 0.640040 0.547430 0.512126 0.510119 0.460776 0.477655 0.550967
158 0.638943 0.553295 0.555417 0.543030 0.560999 0.569802 0.549836 0.516257 0.560999 0.569802 0.541761 0.632282 0.477186 0.650046 0.549836 0.516257 0.509633 0.467607 0.481139 0.557615
159 0.640078 0.548970 0.557253 0.545690 0.563354 0.572611 0.551151 0.518769 0.563354 0.572611 0.539491 0.635694 0.478837 0.655936 0.551151 0.518769 0.509183 0.473178 0.481806 0.567823
160 0.642271 0.547678 0.558985 0.548219 0.566180 0.575361 0.551790 0.521078 0.566180 0.575361 0.545599 0.635734 0.480243 0.658618 0.551790 0.521078 0.510791 0.480798 0.482415 0.572362
161 0.643182 0.547587 0.559597 0.550186 0.566534 0.577275 0.552661 0.523098 0.566534 0.577275 0.547936 0.638082 0.483999 0.664135 0.552661 0.523098 0.509732 0.487630 0.481860 0.578910
162 0.643746 0.546427 0.560174 0.551477 0.567312 0.578826 0.553037 0.524128 0.567312 0.578826 0.547176 0.640384 0.486919 0.665147 0.553037 0.524128 0.508934 0.493558 0.480780 0.581263
163 0.643574 0.546902 0.559664 0.553040 0.566855 0.580525 0.552473 0.525554 0.566855 0.580525 0.547268 0.641302 0.488547 0.669467 0.552473 0.525554 0.508406 0.497740 0.480145 0.584578
164 0.643043 0.546552 0.558678 0.552355 0.565222 0.579569 0.552135 0.525141 0.565222 0.579569 0.545606 0.640596 0.485754 0.673290 0.552135 0.525141 0.508609 0.498216 0.479387 0.585313
165 0.643381 0.547399 0.559469 0.552566 0.566001 0.579253 0.552937 0.525878 0.566001 0.579253 0.546207 0.639013 0.484380 0.675714 0.552937 0.525878 0.509085 0.498081 0.479260 0.584494
166 0.643514 0.548158 0.559529 0.552423 0.565838 0.579346 0.553221 0.525500 0.565838 0.579346 0.544248 0.640184 0.484019 0.676254 0.553221 0.525500 0.510358 0.498596 0.479063 0.585047
167 0.643835 0.547637 0.559338 0.552341 0.565580 0.579461 0.553096 0.525221 0.565580 0.579461 0.543789 0.641277 0.483033 0.676256 0.553096 0.525221 0.510024 0.496916 0.480883 0.583909
168 0.644199 0.547843 0.559312 0.552193 0.565607 0.579613 0.553017 0.524774 0.565607 0.579613 0.536065 0.643894 0.482340 0.675847 0.553017 0.524774 0.509916 0.495712 0.480710 0.583480
169 0.644044 0.548068 0.559233 0.553667 0.565445 0.581092 0.553022 0.526241 0.565445 0.581092 0.529624 0.646573 0.480363 0.677153 0.553022 0.526241 0.509985 0.494433 0.480378 0.581556
170 0.644637 0.548118 0.559484 0.553674 0.565340 0.581571 0.553628 0.525777 0.565340 0.581571 0.523710 0.647435 0.480252 0.675480 0.553628 0.525777 0.509930 0.493820 0.480466 0.580439
171 0.644467 0.548212 0.559518 0.553322 0.565181 0.581188 0.553854 0.525457 0.565181 0.581188 0.522418 0.646316 0.478268 0.675948 0.553854 0.525457 0.509768 0.493299 0.480489 0.579943
172 0.644449 0.548292 0.559537 0.553185 0.565050 0.581084 0.554024 0.525286 0.565050 0.581084 0.522406 0.645470 0.477339 0.675107 0.554024 0.525286 0.509529 0.492487 0.480402 0.579230
173 0.644842 0.549272 0.559975 0.553094 0.565020 0.580934 0.554930 0.525253 0.565020 0.580934 0.518507 0.644879 0.476652 0.674582 0.554930 0.525253 0.509441 0.492293 0.480301 0.578870
174 0.645199 0.549959 0.559979 0.552939 0.564970 0.580792 0.554988 0.525086 0.564970 0.580792 0.515518 0.644592 0.477376 0.672360 0.554988 0.525086 0.509326 0.491970 0.480193 0.578957
175 0.645035 0.550692 0.560190 0.552832 0.564977 0.580660 0.555403 0.525004 0.564977 0.580660 0.513398 0.644563 0.478569 0.672328 0.555403 0.525004 0.509261 0.491823 0.480109 0.579230
176 0.645050 0.550423 0.560036 0.552517 0.564761 0.580234 0.555312 0.524800 0.564761 0.580234 0.514893 0.643560 0.474154 0.672583 0.555312 0.524800 0.509220 0.491634 0.480031 0.579159
177 0.645220 0.551030 0.559949 0.552470 0.564649 0.580184 0.555250 0.524756 0.564649 0.580184 0.512415 0.643521 0.471754 0.672782 0.555250 0.524756 0.508723 0.491154 0.479936 0.579315
178 0.645687 0.551277 0.559924 0.552223 0.564633 0.579752 0.555215 0.524693 0.564633 0.579752 0.510812 0.642998 0.473922 0.670403 0.555215 0.524693 0.508580 0.489560 0.479913 0.579636
179 0.646585 0.552306 0.559808 0.552248 0.564454 0.579685 0.555163 0.524810 0.564454 0.579685 0.509153 0.641937 0.474639 0.666662 0.555163 0.524810 0.508452 0.487933 0.479881 0.580680
180 0.646347 0.553018 0.559695 0.551981 0.564251 0.579186 0.555139 0.524776 0.564251 0.579186 0.508545 0.640472 0.474418 0.664673 0.555139 0.524776 0.508050 0.487843 0.479715 0.581933
181 0.646917 0.553518 0.559951 0.552321 0.564443 0.579162 0.555459 0.525479 0.564443 0.579162 0.508204 0.639880 0.471629 0.665197 0.555459 0.525479 0.507973 0.487845 0.479554 0.582671
182 0.646779 0.554046 0.560130 0.552285 0.564423 0.579141 0.555836 0.525429 0.564423 0.579141 0.507845 0.638440 0.470702 0.665502 0.555836 0.525429 0.507951 0.487760 0.479222 0.582589
183 0.646652 0.554186 0.560416 0.552453 0.564419 0.579352 0.556414 0.525554 0.564419 0.579352 0.508789 0.635083 0.470736 0.665339 0.556414 0.525554 0.507953 0.487766 0.479160 0.583127
184 0.646424 0.554325 0.560330 0.552441 0.564309 0.579340 0.556352 0.525542 0.564309 0.579340 0.509321 0.633648 0.470930 0.665364 0.556352 0.525542 0.507898 0.487781 0.478854 0.583872
185 0.646354 0.554441 0.560311 0.552439 0.564312 0.579346 0.556309 0.525531 0.564312 0.579346 0.509004 0.634217 0.471202 0.665441 0.556309 0.525531 0.507867 0.487810 0.478996 0.583743
186 0.646500 0.554797 0.560229 0.552452 0.564132 0.579386 0.556326 0.525517 0.564132 0.579386 0.509033 0.632896 0.472441 0.665154 0.556326 0.525517 0.507915 0.487812 0.479100 0.583796
187 0.647278 0.554753 0.560485 0.552600 0.564234 0.579687 0.556737 0.525512 0.564234 0.579687 0.509169 0.633208 0.471060 0.665813 0.556737 0.525512 0.507909 0.487846 0.479183 0.583715
188 0.647252 0.554543 0.560472 0.552395 0.564234 0.579475 0.556711 0.525316 0.564234 0.579475 0.509531 0.632378 0.471743 0.665622 0.556711 0.525316 0.507805 0.487851 0.479181 0.583665
189 0.646945 0.554692 0.560469 0.552652 0.564233 0.579824 0.556705 0.525480 0.564233 0.579824 0.509628 0.632770 0.472632 0.665410 0.556705 0.525480 0.507788 0.487846 0.479181 0.583622
190 0.647648 0.554442 0.560480 0.552645 0.564238 0.579823 0.556723 0.525468 0.564238 0.579823 0.509700 0.632875 0.472261 0.665283 0.556723 0.525468 0.507701 0.487587 0.479216 0.583252
191 0.647811 0.554363 0.560491 0.552502 0.564263 0.579577 0.556719 0.525426 0.564263 0.579577 0.509880 0.632148 0.472282 0.665163 0.556719 0.525426 0.507736 0.487619 0.479241 0.583258
192 0.647058 0.554666 0.560488 0.552665 0.564262 0.579694 0.556715 0.525636 0.564262 0.579694 0.509942 0.632334 0.472750 0.665121 0.556715 0.525636 0.507877 0.488004 0.479227 0.583300
193 0.647143 0.555032 0.560764 0.552758 0.564583 0.579806 0.556945 0.525711 0.564583 0.579806 0.509990 0.632706 0.472190 0.665299 0.556945 0.525711 0.507865 0.487988 0.479272 0.583427
194 0.647501 0.555112 0.560648 0.552668 0.564418 0.579791 0.556878 0.525545 0.564418 0.579791 0.509687 0.633767 0.472417 0.665307 0.556878 0.525545 0.507712 0.487922 0.479271 0.583418
195 0.647468 0.554949 0.560680 0.552610 0.564435 0.579758 0.556926 0.525462 0.564435 0.579758 0.509523 0.633806 0.471119 0.665460 0.556926 0.525462 0.507693 0.487930 0.479510 0.583210
196 0.646564 0.555169 0.560671 0.552605 0.564422 0.579755 0.556919 0.525455 0.564422 0.579755 0.509738 0.633510 0.471577 0.665453 0.556919 0.525455 0.507698 0.487587 0.479558 0.582841
197 0.646415 0.554828 0.560630 0.552575 0.564353 0.579667 0.556907 0.525483 0.564353 0.579667 0.510299 0.632956 0.472166 0.665267 0.556907 0.525483 0.507690 0.487588 0.479543 0.582861
198 0.646418 0.555159 0.560650 0.552699 0.564372 0.579875 0.556928 0.525523 0.564372 0.579875 0.509989 0.633756 0.472176 0.665252 0.556928 0.525523 0.507689 0.487590 0.479521 0.583188
199 0.646434 0.554313 0.560669 0.552697 0.564375 0.579872 0.556963 0.525521 0.564375 0.579872 0.510463 0.633504 0.471830 0.665452 0.556963 0.525521 0.507647 0.487463 0.479525 0.583035
200 0.646334 0.553846 0.560637 0.552862 0.564350 0.580125 0.556925 0.525600 0.564350 0.580125 0.510496 0.633146 0.472797 0.665229 0.556925 0.525600 0.507563 0.487468 0.479521 0.583136
201 0.646187 0.554542 0.560580 0.552824 0.564224 0.580115 0.556936 0.525533 0.564224 0.580115 0.510428 0.633676 0.471308 0.666059 0.556936 0.525533 0.507559 0.487469 0.479465 0.583188
202 0.645874 0.555151 0.560536 0.552833 0.564183 0.580112 0.556889 0.525555 0.564183 0.580112 0.510354 0.633635 0.471342 0.666091 0.556889 0.525555 0.507558 0.487466 0.479319 0.583063
203 0.646229 0.554787 0.560389 0.552738 0.564093 0.580028 0.556685 0.525447 0.564093 0.580028 0.510349 0.633784 0.470992 0.666366 0.556685 0.525447 0.507452 0.487284 0.479225 0.582976
204 0.646137 0.554897 0.560388 0.552627 0.564092 0.579850 0.556684 0.525405 0.564092 0.579850 0.510412 0.633402 0.471926 0.664938 0.556684 0.525405 0.507422 0.487206 0.479225 0.582414
205 0.645967 0.554866 0.560390 0.552624 0.564101 0.579842 0.556679 0.525406 0.564101 0.579842 0.510401 0.633921 0.472302 0.664960 0.556679 0.525406 0.507428 0.486856 0.479264 0.582268
206 0.646061 0.553983 0.560428 0.552217 0.564088 0.579342 0.556768 0.525092 0.564088 0.579342 0.510063 0.633037 0.471725 0.664981 0.556768 0.525092 0.507425 0.486717 0.479241 0.581762
207 0.646898 0.552751 0.560943 0.552213 0.564760 0.579326 0.557127 0.525100 0.564760 0.579326 0.510273 0.632787 0.471639 0.665000 0.557127 0.525100 0.507461 0.486522 0.479223 0.582058
208 0.646861 0.552404 0.560908 0.552123 0.564754 0.579252 0.557062 0.524994 0.564754 0.579252 0.510608 0.633660 0.471626 0.665471 0.557062 0.524994 0.507369 0.486621 0.479277 0.582581
209 0.647017 0.552344 0.560859 0.552102 0.564744 0.579225 0.556974 0.524980 0.564744 0.579225 0.510562 0.634241 0.471650 0.665486 0.556974 0.524980 0.507139 0.486354 0.479534 0.582442
210 0.647047 0.552750 0.560904 0.551992 0.564742 0.579058 0.557065 0.524927 0.564742 0.579058 0.510574 0.634052 0.472477 0.664895 0.557065 0.524927 0.507140 0.486377 0.479613 0.582403
211 0.646239 0.554126 0.560890 0.552261 0.564738 0.579451 0.557042 0.525072 0.564738 0.579451 0.510506 0.633992 0.472618 0.664705 0.557042 0.525072 0.507311 0.486383 0.479566 0.582064
212 0.646698 0.553388 0.560835 0.551846 0.564739 0.579293 0.556931 0.524399 0.564739 0.579293 0.510788 0.632382 0.473631 0.664654 0.556931 0.524399 0.507309 0.486347 0.479698 0.581950
213 0.646685 0.553562 0.560971 0.551915 0.564995 0.579294 0.556947 0.524536 0.564995 0.579294 0.510807 0.632821 0.473819 0.664598 0.556947 0.524536 0.507254 0.486168 0.479669 0.582075
214 0.646903 0.553372 0.561024 0.551317 0.565064 0.578892 0.556983 0.523742 0.565064 0.578892 0.511104 0.632529 0.474266 0.663584 0.556983 0.523742 0.507249 0.485396 0.479668 0.581204
215 0.646912 0.553258 0.560784 0.551320 0.564792 0.578891 0.556775 0.523749 0.564792 0.578891 0.511002 0.633076 0.473486 0.663819 0.556775 0.523749 0.507234 0.485409 0.479665 0.581207
