80
104
0 -1 -1 -1 -1 -1 -1 -1 -1 -1 -1 -1 -1 -1 -1 -1 -1 -1 -1 -1 -1
1 -1 -1 -1 -1 -1 -1 -1 -1 -1 -1 -1 -1 -1 -1 -1 -1 -1 -1 -1 -1
2 -1 -1 -1 -1 -1 -1 -1 -1 -1 -1 -1 -1 -1 -1 -1 -1 -1 -1 -1 -1
3 -1 -1 -1 -1 -1 -1 -1 -1 -1 -1 -1 -1 -1 -1 -1 -1 -1 -1 -1 -1
4 -1 -1 -1 -1 -1 -1 -1 -1 -1 -1 -1 -1 -1 -1 -1 -1 -1 -1 -1 -1
5 -1 -1 -1 -1 -1 -1 -1 -1 -1 -1 -1 -1 -1 -1 -1 -1 -1 -1 -1 -1
6 -1 -1 -1 -1 -1 -1 -1 -1 -1 -1 -1 -1 -1 -1 -1 -1 -1 -1 -1 -1
7 -1 -1 -1 -1 -1 -1 -1 -1 -1 -1 -1 -1 -1 -1 -1 -1 -1 -1 -1 -1
8 -1 -1 -1 -1 -1 -1 -1 -1 -1 -1 -1 -1 -1 -1 -1 -1 -1 -1 -1 -1
9 -1 -1 -1 -1 -1 -1 -1 -1 -1 -1 -1 -1 -1 -1 -1 -1 -1 -1 -1 -1
10 -1 -1 -1 -1 -1 -1 -1 -1 -1 -1 -1 -1 -1 -1 -1 -1 -1 -1 -1 -1
11 -1 -1 -1 -1 -1 -1 -1 -1 -1 -1 -1 -1 -1 -1 -1 -1 -1 -1 -1 -1
12 -1 -1 -1 -1 -1 -1 -1 -1 -1 -1 -1 -1 -1 -1 -1 -1 -1 -1 -1 -1
13 -1 -1 -1 -1 -1 -1 -1 -1 -1 -1 -1 -1 -1 -1 -1 -1 -1 -1 -1 -1
14 -1 -1 -1 -1 -1 -1 -1 -1 -1 -1 -1 -1 -1 -1 -1 -1 -1 -1 -1 -1
15 -1 -1 -1 -1 -1 -1 -1 -1 -1 -1 -1 -1 -1 -1 -1 -1 -1 -1 -1 -1
16 -1 -1 -1 -1 -1 -1 -1 -1 -1 -1 -1 -1 -1 -1 -1 -1 -1 -1 -1 -1
17 -1 -1 -1 -1 -1 -1 -1 -1 -1 -1 -1 -1 -1 -1 -1 -1 -1 -1 -1 -1
18 -1 -1 -1 -1 -1 -1 -1 -1 -1 -1 -1 -1 -1 -1 -1 -1 -1 -1 -1 -1
19 -1 -1 -1 -1 -1 -1 -1 -1 -1 -1 -1 -1 -1 -1 -1 -1 -1 -1 -1 -1
20 -1 -1 -1 -1 -1 -1 -1 -1 -1 -1 -1 -1 -1 -1 -1 -1 -1 -1 -1 -1
21 -1 -1 -1 -1 -1 -1 -1 -1 -1 -1 -1 -1 -1 -1 -1 -1 -1 -1 -1 -1
22 -1 -1 -1 -1 -1 -1 -1 -1 -1 -1 -1 -1 -1 -1 -1 -1 -1 -1 -1 -1
23 -1 -1 -1 -1 -1 -1 -1 -1 -1 -1 -1 -1 -1 -1 -1 -1 -1 -1 -1 -1
24 -1 -1 -1 -1 -1 -1 -1 -1 -1 -1 -1 -1 -1 -1 -1 -1 -1 -1 -1 -1
25 -1 -1 -1 -1 -1 -1 -1 -1 -1 -1 -1 -1 -1 -1 -1 -1 -1 -1 -1 -1
26 -1 -1 -1 -1 -1 -1 -1 -1 -1 -1 -1 -1 -1 -1 -1 -1 -1 -1 -1 -1
27 -1 -1 -1 -1 -1 -1 -1 -1 -1 -1 -1 -1 -1 -1 -1 -1 -1 -1 -1 -1
28 -1 -1 -1 -1 -1 -1 -1 -1 -1 -1 -1 -1 -1 -1 -1 -1 -1 -1 -1 -1
29 -1 -1 -1 -1 -1 -1 -1 -1 -1 -1 -1 -1 -1 -1 -1 -1 -1 -1 -1 -1
30 -1 -1 -1 -1 -1 -1 -1 -1 -1 -1 -1 -1 -1 -1 -1 -1 -1 -1 -1 -1
31 -1 -1 -1 -1 -1 -1 -1 -1 -1 -1 -1 -1 -1 -1 -1 -1 -1 -1 -1 -1
32 -1 -1 -1 -1 -1 -1 -1 -1 -1 -1 -1 -1 -1 -1 -1 -1 -1 -1 -1 -1
33 -1 -1 -1 -1 -1 -1 -1 -1 -1 -1 -1 -1 -1 -1 -1 -1 -1 -1 -1 -1
34 -1 -1 -1 -1 -1 -1 -1 -1 -1 -1 -1 -1 -1 -1 -1 -1 -1 -1 -1 -1
35 -1 -1 -1 -1 -1 -1 -1 -1 -1 -1 -1 -1 -1 -1 -1 -1 -1 -1 -1 -1
36 -1 -1 -1 -1 -1 -1 -1 -1 -1 -1 -1 -1 -1 -1 -1 -1 -1 -1 -1 -1
37 -1 -1 -1 -1 -1 -1 -1 -1 -1 -1 -1 -1 -1 -1 -1 -1 -1 -1 -1 -1
38 -1 -1 -1 -1 -1 -1 -1 -1 -1 -1 -1 -1 -1 -1 -1 -1 -1 -1 -1 -1
39 -1 -1 -1 -1 -1 -1 -1 -1 -1 -1 -1 -1 -1 -1 -1 -1 -1 -1 -1 -1
40 -1 -1 -1 -1 -1 -1 -1 -1 -1 -1 -1 -1 -1 -1 -1 -1 -1 -1 -1 -1
41 -1 -1 -1 -1 -1 -1 -1 -1 -1 -1 -1 -1 -1 -1 -1 -1 -1 -1 -1 -1
42 -1 -1 -1 -1 -1 -1 -1 -1 -1 -1 -1 -1 -1 -1 -1 -1 -1 -1 -1 -1
43 -1 -1 -1 -1 -1 -1 -1 -1 -1 -1 -1 -1 -1 -1 -1 -1 -1 -1 -1 -1
44 -1 -1 -1 -1 -1 -1 -1 -1 -1 -1 -1 -1 -1 -1 -1 -1 -1 -1 -1 -1
45 -1 -1 -1 -1 -1 -1 -1 -1 -1 -1 -1 -1 -1 -1 -1 -1 -1 -1 -1 -1
46 -1 -1 -1 -1 -1 -1 -1 -1 -1 -1 -1 -1 -1 -1 -1 -1 -1 -1 -1 -1
47 -1 -1 -1 -1 -1 -1 -1 -1 -1 -1 -1 -1 -1 -1 -1 -1 -1 -1 -1 -1
48 -1 -1 -1 -1 -1 -1 -1 -1 -1 -1 -1 -1 -1 -1 -1 -1 -1 -1 -1 -1
49 -1 -1 -1 -1 -1 -1 -1 -1 -1 -1 -1 -1 -1 -1 -1 -1 -1 -1 -1 -1
50 -1 -1 -1 -1 -1 -1 -1 -1 -1 -1 -1 -1 -1 -1 -1 -1 -1 -1 -1 -1
51 -1 -1 -1 -1 -1 -1 -1 -1 -1 -1 -1 -1 -1 -1 -1 -1 -1 -1 -1 -1
52 -1 -1 -1 -1 -1 -1 -1 -1 -1 -1 -1 -1 -1 -1 -1 -1 -1 -1 -1 -1
53 -1 -1 -1 -1 -1 -1 -1 -1 -1 -1 -1 -1 -1 -1 -1 -1 -1 -1 -1 -1
54 -1 -1 -1 -1 -1 -1 -1 -1 -1 -1 -1 -1 -1 -1 -1 -1 -1 -1 -1 -1
55 -1 -1 -1 -1 -1 -1 -1 -1 -1 -1 -1 -1 -1 -1 -1 -1 -1 -1 -1 -1
56 -1 -1 -1 -1 -1 -1 -1 -1 -1 -1 -1 -1 -1 -1 -1 -1 -1 -1 -1 -1
57 -1 -1 -1 -1 -1 -1 -1 -1 -1 -1 -1 -1 -1 -1 -1 -1 -1 -1 -1 -1
58 -1 -1 -1 -1 -1 -1 -1 -1 -1 -1 -1 -1 -1 -1 -1 -1 -1 -1 -1 -1
59 -1 -1 -1 -1 -1 -1 -1 -1 -1 -1 -1 -1 -1 -1 -1 -1 -1 -1 -1 -1
60 -1 -1 -1 -1 -1 -1 -1 -1 -1 -1 -1 -1 -1 -1 -1 -1 -1 -1 -1 -1
61 -1 -1 -1 -1 -1 -1 -1 -1 -1 -1 -1 -1 -1 -1 -1 -1 -1 -1 -1 -1
62 -1 -1 -1 -1 -1 -1 -1 -1 -1 -1 -1 -1 -1 -1 -1 -1 -1 -1 -1 -1
63 -1 -1 -1 -1 -1 -1 -1 -1 -1 -1 -1 -1 -1 -1 -1 -1 -1 -1 -1 -1
64 -1 -1 -1 -1 -1 -1 -1 -1 -1 -1 -1 -1 -1 -1 -1 -1 -1 -1 -1 -1
65 -1 -1 -1 -1 -1 -1 -1 -1 -1 -1 -1 -1 -1 -1 -1 -1 -1 -1 -1 -1
66 -1 -1 -1 -1 -1 -1 -1 -1 -1 -1 -1 -1 -1 -1 -1 -1 -1 -1 -1 -1
67 -1 -1 -1 -1 -1 -1 -1 -1 -1 -1 -1 -1 -1 -1 -1 -1 -1 -1 -1 -1
68 0.460543 0.372044 0.461835 0.632451 0.428554 0.631352 0.495115 0.633550 0.428554 0.631352 0.430182 0.762314 0.428759 0.925008 0.495115 0.633550 0.498512 0.759496 0.474289 0.925687
69 0.466115 0.370148 0.466678 0.621951 0.433248 0.622159 0.500108 0.621743 0.433248 0.622159 0.432750 0.756986 0.428239 0.925631 0.500108 0.621743 0.501135 0.751767 0.484518 0.920116
70 0.472056 0.369715 0.472530 0.619853 0.439261 0.620418 0.505799 0.619288 0.439261 0.620418 0.436500 0.757168 0.428345 0.926342 0.505799 0.619288 0.503624 0.748452 0.490430 0.905472
71 0.479461 0.370311 0.478938 0.613724 0.445219 0.614388 0.512657 0.613059 0.445219 0.614388 0.438743 0.758194 0.429774 0.926811 0.512657 0.613059 0.506097 0.743152 0.493494 0.903673
72 0.485820 0.371222 0.484411 0.613083 0.451851 0.613002 0.516970 0.613165 0.451851 0.613002 0.441850 0.758093 0.429666 0.926469 0.516970 0.613165 0.509776 0.743532 0.498030 0.903613
73 0.493597 0.372426 0.489474 0.616704 0.457972 0.616298 0.520976 0.617109 0.457972 0.616298 0.443910 0.759666 0.431683 0.925409 0.520976 0.617109 0.510972 0.747902 0.496632 0.905177
74 0.500380 0.381817 0.495849 0.618816 0.464706 0.617685 0.526992 0.619946 0.464706 0.617685 0.446223 0.760435 0.433095 0.922903 0.526992 0.619946 0.512691 0.752734 0.496910 0.908536
75 0.506512 0.392722 0.502361 0.620745 0.472026 0.620067 0.532695 0.621423 0.472026 0.620067 0.447932 0.760876 0.433700 0.921835 0.532695 0.621423 0.514066 0.752650 0.495327 0.909177
76 0.511198 0.403607 0.509558 0.625348 0.479679 0.623753 0.539437 0.626943 0.479679 0.623753 0.448002 0.761649 0.437079 0.922083 0.539437 0.626943 0.513964 0.751852 0.495100 0.909775
77 0.517085 0.415780 0.520183 0.632089 0.491423 0.629429 0.548942 0.634750 0.491423 0.629429 0.451885 0.760796 0.447491 0.922317 0.548942 0.634750 0.515604 0.753166 0.493740 0.910602
78 0.523281 0.430794 0.532052 0.637812 0.504055 0.634527 0.560050 0.641096 0.504055 0.634527 0.455868 0.758038 0.458194 0.919567 0.560050 0.641096 0.520875 0.754051 0.494619 0.909376
79 0.528225 0.447281 0.541946 0.648129 0.513753 0.645435 0.570139 0.650824 0.513753 0.645435 0.460755 0.752930 0.461879 0.914086 0.570139 0.650824 0.525506 0.759601 0.499147 0.906643
80 0.535058 0.467827 0.550901 0.659925 0.523964 0.659187 0.577838 0.660663 0.523964 0.659187 0.463047 0.752176 0.463433 0.913010 0.577838 0.660663 0.528097 0.759624 0.500316 0.898054
81 0.538859 0.482955 0.560541 0.668226 0.535687 0.666726 0.585394 0.669727 0.535687 0.666726 0.464202 0.751869 0.466540 0.909683 0.585394 0.669727 0.529874 0.760355 0.504306 0.889039
82 0.545727 0.507878 0.566386 0.684099 0.543025 0.682042 0.589746 0.686156 0.543025 0.682042 0.464644 0.752618 0.467642 0.910390 0.589746 0.686156 0.532178 0.763215 0.504981 0.884073
83 0.551957 0.528185 0.573725 0.696812 0.552234 0.691385 0.595216 0.702239 0.552234 0.691385 0.469807 0.755492 0.467105 0.908781 0.595216 0.702239 0.531922 0.770972 0.521374 0.879670
84 0.557136 0.547487 0.580737 0.714676 0.559925 0.708767 0.601548 0.720585 0.559925 0.708767 0.478244 0.760638 0.465980 0.906330 0.601548 0.720585 0.531357 0.779691 0.524921 0.880780
85 0.561268 0.568837 0.591947 0.724573 0.572483 0.713960 0.611412 0.735185 0.572483 0.713960 0.490818 0.764343 0.464784 0.904700 0.611412 0.735185 0.530649 0.782002 0.517152 0.884131
86 0.573205 0.597612 0.608553 0.732839 0.595008 0.719083 0.622097 0.746594 0.595008 0.719083 0.507557 0.756065 0.466900 0.895596 0.622097 0.746594 0.530754 0.789818 0.529242 0.885270
87 0.585478 0.619409 0.620038 0.740948 0.604108 0.726208 0.635967 0.755688 0.604108 0.726208 0.521702 0.756006 0.476285 0.882563 0.635967 0.755688 0.537311 0.789160 0.523020 0.883445
88 0.589580 0.631434 0.626792 0.743573 0.608346 0.736105 0.645237 0.751042 0.608346 0.736105 0.534394 0.763354 0.480132 0.878792 0.645237 0.751042 0.575597 0.794424 0.542535 0.852325
89 0.597433 0.651769 0.629830 0.751515 0.615300 0.738524 0.644360 0.764506 0.615300 0.738524 0.548994 0.731743 0.501804 0.826230 0.644360 0.764506 0.581157 0.768365 0.534271 0.811492
90 0.602192 0.659402 0.635104 0.756445 0.625537 0.738683 0.644670 0.774207 0.625537 0.738683 0.557503 0.716670 0.518375 0.812489 0.644670 0.774207 0.585778 0.762177 0.537680 0.814054
91 0.602478 0.651130 0.636755 0.753808 0.626930 0.746694 0.646581 0.760921 0.626930 0.746694 0.572829 0.740588 0.525113 0.799838 0.646581 0.760921 0.572402 0.763809 0.540675 0.811330
92 0.604669 0.646695 0.641893 0.750638 0.632149 0.742893 0.651636 0.758384 0.632149 0.742893 0.568698 0.736983 0.530572 0.795903 0.651636 0.758384 0.571113 0.740814 0.551649 0.801816
93 0.608267 0.633299 0.645297 0.743840 0.637784 0.733232 0.652809 0.754448 0.637784 0.733232 0.571079 0.709048 0.547729 0.787908 0.652809 0.754448 0.584126 0.721656 0.562752 0.788346
94 0.615389 0.628288 0.658033 0.735365 0.655987 0.717687 0.660078 0.753043 0.655987 0.717687 0.584127 0.706446 0.558744 0.780908 0.660078 0.753043 0.591043 0.704684 0.567786 0.785298
95 0.618253 0.630285 0.658018 0.733657 0.664054 0.704725 0.651981 0.762588 0.664054 0.704725 0.582284 0.692404 0.567774 0.800316 0.651981 0.762588 0.584978 0.725165 0.571351 0.801594
96 0.617051 0.629152 0.657456 0.731217 0.662820 0.702924 0.652093 0.759510 0.662820 0.702924 0.585105 0.698787 0.587168 0.835302 0.652093 0.759510 0.579493 0.747796 0.587017 0.834657
97 0.612764 0.623813 0.656755 0.727211 0.663874 0.703076 0.649636 0.751346 0.663874 0.703076 0.602687 0.710307 0.603538 0.857335 0.649636 0.751346 0.587245 0.754707 0.592740 0.854779
98 0.614507 0.626907 0.657445 0.728445 0.666298 0.704905 0.648593 0.751984 0.666298 0.704905 0.608251 0.720089 0.601217 0.866294 0.648593 0.751984 0.590065 0.754760 0.589814 0.856024
99 0.612210 0.624912 0.658001 0.726600 0.667715 0.705925 0.648288 0.747275 0.667715 0.705925 0.608723 0.731415 0.610573 0.888519 0.648288 0.747275 0.591523 0.754624 0.598177 0.872407
100 0.610861 0.622920 0.656493 0.723857 0.667228 0.706564 0.645759 0.741151 0.667228 0.706564 0.614234 0.740661 0.618782 0.903103 0.645759 0.741151 0.587750 0.758359 0.593133 0.881245
101 0.610158 0.613011 0.658786 0.718412 0.668801 0.700171 0.648771 0.736653 0.668801 0.700171 0.617643 0.745239 0.634783 0.898421 0.648771 0.736653 0.586366 0.761838 0.594582 0.884137
102 0.609460 0.612752 0.657794 0.718296 0.667402 0.698765 0.648186 0.737828 0.667402 0.698765 0.616607 0.753807 0.628472 0.899520 0.648186 0.737828 0.585138 0.770541 0.602960 0.898666
103 0.608759 0.615913 0.658209 0.720896 0.668645 0.700360 0.647773 0.741433 0.668645 0.700360 0.615584 0.760212 0.624136 0.907155 0.647773 0.741433 0.584408 0.779537 0.604252 0.904782
104 0.608678 0.622457 0.658477 0.722633 0.669437 0.701112 0.647516 0.744153 0.669437 0.701112 0.617076 0.768307 0.622951 0.905841 0.647516 0.744153 0.583904 0.778039 0.602957 0.905780
105 0.610592 0.622609 0.660555 0.723333 0.670820 0.702049 0.650291 0.744616 0.670820 0.702049 0.615476 0.763761 0.619341 0.905092 0.650291 0.744616 0.583543 0.775681 0.602250 0.904390
106 -1 -1 -1 -1 -1 -1 -1 -1 -1 -1 -1 -1 -1 -1 -1 -1 -1 -1 -1 -1
107 -1 -1 -1 -1 -1 -1 -1 -1 -1 -1 -1 -1 -1 -1 -1 -1 -1 -1 -1 -1
108 -1 -1 -1 -1 -1 -1 -1 -1 -1 -1 -1 -1 -1 -1 -1 -1 -1 -1 -1 -1
109 -1 -1 -1 -1 -1 -1 -1 -1 -1 -1 -1 -1 -1 -1 -1 -1 -1 -1 -1 -1
110 -1 -1 -1 -1 -1 -1 -1 -1 -1 -1 -1 -1 -1 -1 -1 -1 -1 -1 -1 -1
111 -1 -1 -1 -1 -1 -1 -1 -1 -1 -1 -1 -1 -1 -1 -1 -1 -1 -1 -1 -1
112 -1 -1 -1 -1 -1 -1 -1 -1 -1 -1 -1 -1 -1 -1 -1 -1 -1 -1 -1 -1
113 -1 -1 -1 -1 -1 -1 -1 -1 -1 -1 -1 -1 -1 -1 -1 -1 -1 -1 -1 -1
114 -1 -1 -1 -1 -1 -1 -1 -1 -1 -1 -1 -1 -1 -1 -1 -1 -1 -1 -1 -1
115 -1 -1 -1 -1 -1 -1 -1 -1 -1 -1 -1 -1 -1 -1 -1 -1 -1 -1 -1 -1
116 -1 -1 -1 -1 -1 -1 -1 -1 -1 -1 -1 -1 -1 -1 -1 -1 -1 -1 -1 -1
117 -1 -1 -1 -1 -1 -1 -1 -1 -1 -1 -1 -1 -1 -1 -1 -1 -1 -1 -1 -1
118 -1 -1 -1 -1 -1 -1 -1 -1 -1 -1 -1 -1 -1 -1 -1 -1 -1 -1 -1 -1
119 -1 -1 -1 -1 -1 -1 -1 -1 -1 -1 -1 -1 -1 -1 -1 -1 -1 -1 -1 -1
120 -1 -1 -1 -1 -1 -1 -1 -1 -1 -1 -1 -1 -1 -1 -1 -1 -1 -1 -1 -1
121 -1 -1 -1 -1 -1 -1 -1 -1 -1 -1 -1 -1 -1 -1 -1 -1 -1 -1 -1 -1
122 -1 -1 -1 -1 -1 -1 -1 -1 -1 -1 -1 -1 -1 -1 -1 -1 -1 -1 -1 -1
123 -1 -1 -1 -1 -1 -1 -1 -1 -1 -1 -1 -1 -1 -1 -1 -1 -1 -1 -1 -1
124 -1 -1 -1 -1 -1 -1 -1 -1 -1 -1 -1 -1 -1 -1 -1 -1 -1 -1 -1 -1
125 -1 -1 -1 -1 -1 -1 -1 -1 -1 -1 -1 -1 -1 -1 -1 -1 -1 -1 -1 -1
126 -1 -1 -1 -1 -1 -1 -1 -1 -1 -1 -1 -1 -1 -1 -1 -1 -1 -1 -1 -1
127 -1 -1 -1 -1 -1 -1 -1 -1 -1 -1 -1 -1 -1 -1 -1 -1 -1 -1 -1 -1
128 -1 -1 -1 -1 -1 -1 -1 -1 -1 -1 -1 -1 -1 -1 -1 -1 -1 -1 -1 -1
129 -1 -1 -1 -1 -1 -1 -1 -1 -1 -1 -1 -1 -1 -1 -1 -1 -1 -1 -1 -1
130 -1 -1 -1 -1 -1 -1 -1 -1 -1 -1 -1 -1 -1 -1 -1 -1 -1 -1 -1 -1
131 -1 -1 -1 -1 -1 -1 -1 -1 -1 -1 -1 -1 -1 -1 -1 -1 -1 -1 -1 -1
132 -1 -1 -1 -1 -1 -1 -1 -1 -1 -1 -1 -1 -1 -1 -1 -1 -1 -1 -1 -1
133 -1 -1 -1 -1 -1 -1 -1 -1 -1 -1 -1 -1 -1 -1 -1 -1 -1 -1 -1 -1
134 -1 -1 -1 -1 -1 -1 -1 -1 -1 -1 -1 -1 -1 -1 -1 -1 -1 -1 -1 -1
135 -1 -1 -1 -1 -1 -1 -1 -1 -1 -1 -1 -1 -1 -1 -1 -1 -1 -1 -1 -1
136 -1 -1 -1 -1 -1 -1 -1 -1 -1 -1 -1 -1 -1 -1 -1 -1 -1 -1 -1 -1
137 -1 -1 -1 -1 -1 -1 -1 -1 -1 -1 -1 -1 -1 -1 -1 -1 -1 -1 -1 -1
138 -1 -1 -1 -1 -1 -1 -1 -1 -1 -1 -1 -1 -1 -1 -1 -1 -1 -1 -1 -1
139 -1 -1 -1 -1 -1 -1 -1 -1 -1 -1 -1 -1 -1 -1 -1 -1 -1 -1 -1 -1
140 -1 -1 -1 -1 -1 -1 -1 -1 -1 -1 -1 -1 -1 -1 -1 -1 -1 -1 -1 -1
141 -1 -1 -1 -1 -1 -1 -1 -1 -1 -1 -1 -1 -1 -1 -1 -1 -1 -1 -1 -1
142 -1 -1 -1 -1 -1 -1 -1 -1 -1 -1 -1 -1 -1 -1 -1 -1 -1 -1 -1 -1
143 -1 -1 -1 -1 -1 -1 -1 -1 -1 -1 -1 -1 -1 -1 -1 -1 -1 -1 -1 -1
144 -1 -1 -1 -1 -1 -1 -1 -1 -1 -1 -1 -1 -1 -1 -1 -1 -1 -1 -1 -1
