427
454
0 -1 -1 -1 -1 -1 -1 -1 -1 -1 -1 -1 -1 -1 -1 -1 -1 -1 -1 -1 -1
1 -1 -1 -1 -1 -1 -1 -1 -1 -1 -1 -1 -1 -1 -1 -1 -1 -1 -1 -1 -1
2 -1 -1 -1 -1 -1 -1 -1 -1 -1 -1 -1 -1 -1 -1 -1 -1 -1 -1 -1 -1
3 -1 -1 -1 -1 -1 -1 -1 -1 -1 -1 -1 -1 -1 -1 -1 -1 -1 -1 -1 -1
4 -1 -1 -1 -1 -1 -1 -1 -1 -1 -1 -1 -1 -1 -1 -1 -1 -1 -1 -1 -1
5 -1 -1 -1 -1 -1 -1 -1 -1 -1 -1 -1 -1 -1 -1 -1 -1 -1 -1 -1 -1
6 -1 -1 -1 -1 -1 -1 -1 -1 -1 -1 -1 -1 -1 -1 -1 -1 -1 -1 -1 -1
7 -1 -1 -1 -1 -1 -1 -1 -1 -1 -1 -1 -1 -1 -1 -1 -1 -1 -1 -1 -1
8 -1 -1 -1 -1 -1 -1 -1 -1 -1 -1 -1 -1 -1 -1 -1 -1 -1 -1 -1 -1
9 -1 -1 -1 -1 -1 -1 -1 -1 -1 -1 -1 -1 -1 -1 -1 -1 -1 -1 -1 -1
10 -1 -1 -1 -1 -1 -1 -1 -1 -1 -1 -1 -1 -1 -1 -1 -1 -1 -1 -1 -1
11 -1 -1 -1 -1 -1 -1 -1 -1 -1 -1 -1 -1 -1 -1 -1 -1 -1 -1 -1 -1
12 -1 -1 -1 -1 -1 -1 -1 -1 -1 -1 -1 -1 -1 -1 -1 -1 -1 -1 -1 -1
13 -1 -1 -1 -1 -1 -1 -1 -1 -1 -1 -1 -1 -1 -1 -1 -1 -1 -1 -1 -1
14 -1 -1 -1 -1 -1 -1 -1 -1 -1 -1 -1 -1 -1 -1 -1 -1 -1 -1 -1 -1
15 -1 -1 -1 -1 -1 -1 -1 -1 -1 -1 -1 -1 -1 -1 -1 -1 -1 -1 -1 -1
16 -1 -1 -1 -1 -1 -1 -1 -1 -1 -1 -1 -1 -1 -1 -1 -1 -1 -1 -1 -1
17 -1 -1 -1 -1 -1 -1 -1 -1 -1 -1 -1 -1 -1 -1 -1 -1 -1 -1 -1 -1
18 -1 -1 -1 -1 -1 -1 -1 -1 -1 -1 -1 -1 -1 -1 -1 -1 -1 -1 -1 -1
19 -1 -1 -1 -1 -1 -1 -1 -1 -1 -1 -1 -1 -1 -1 -1 -1 -1 -1 -1 -1
20 -1 -1 -1 -1 -1 -1 -1 -1 -1 -1 -1 -1 -1 -1 -1 -1 -1 -1 -1 -1
21 -1 -1 -1 -1 -1 -1 -1 -1 -1 -1 -1 -1 -1 -1 -1 -1 -1 -1 -1 -1
22 -1 -1 -1 -1 -1 -1 -1 -1 -1 -1 -1 -1 -1 -1 -1 -1 -1 -1 -1 -1
23 -1 -1 -1 -1 -1 -1 -1 -1 -1 -1 -1 -1 -1 -1 -1 -1 -1 -1 -1 -1
24 -1 -1 -1 -1 -1 -1 -1 -1 -1 -1 -1 -1 -1 -1 -1 -1 -1 -1 -1 -1
25 -1 -1 -1 -1 -1 -1 -1 -1 -1 -1 -1 -1 -1 -1 -1 -1 -1 -1 -1 -1
26 -1 -1 -1 -1 -1 -1 -1 -1 -1 -1 -1 -1 -1 -1 -1 -1 -1 -1 -1 -1
27 -1 -1 -1 -1 -1 -1 -1 -1 -1 -1 -1 -1 -1 -1 -1 -1 -1 -1 -1 -1
28 -1 -1 -1 -1 -1 -1 -1 -1 -1 -1 -1 -1 -1 -1 -1 -1 -1 -1 -1 -1
29 -1 -1 -1 -1 -1 -1 -1 -1 -1 -1 -1 -1 -1 -1 -1 -1 -1 -1 -1 -1
30 -1 -1 -1 -1 -1 -1 -1 -1 -1 -1 -1 -1 -1 -1 -1 -1 -1 -1 -1 -1
31 -1 -1 -1 -1 -1 -1 -1 -1 -1 -1 -1 -1 -1 -1 -1 -1 -1 -1 -1 -1
32 -1 -1 -1 -1 -1 -1 -1 -1 -1 -1 -1 -1 -1 -1 -1 -1 -1 -1 -1 -1
33 -1 -1 -1 -1 -1 -1 -1 -1 -1 -1 -1 -1 -1 -1 -1 -1 -1 -1 -1 -1
34 -1 -1 -1 -1 -1 -1 -1 -1 -1 -1 -1 -1 -1 -1 -1 -1 -1 -1 -1 -1
35 -1 -1 -1 -1 -1 -1 -1 -1 -1 -1 -1 -1 -1 -1 -1 -1 -1 -1 -1 -1
36 -1 -1 -1 -1 -1 -1 -1 -1 -1 -1 -1 -1 -1 -1 -1 -1 -1 -1 -1 -1
37 -1 -1 -1 -1 -1 -1 -1 -1 -1 -1 -1 -1 -1 -1 -1 -1 -1 -1 -1 -1
38 -1 -1 -1 -1 -1 -1 -1 -1 -1 -1 -1 -1 -1 -1 -1 -1 -1 -1 -1 -1
39 -1 -1 -1 -1 -1 -1 -1 -1 -1 -1 -1 -1 -1 -1 -1 -1 -1 -1 -1 -1
40 -1 -1 -1 -1 -1 -1 -1 -1 -1 -1 -1 -1 -1 -1 -1 -1 -1 -1 -1 -1
41 -1 -1 -1 -1 -1 -1 -1 -1 -1 -1 -1 -1 -1 -1 -1 -1 -1 -1 -1 -1
42 -1 -1 -1 -1 -1 -1 -1 -1 -1 -1 -1 -1 -1 -1 -1 -1 -1 -1 -1 -1
43 -1 -1 -1 -1 -1 -1 -1 -1 -1 -1 -1 -1 -1 -1 -1 -1 -1 -1 -1 -1
44 -1 -1 -1 -1 -1 -1 -1 -1 -1 -1 -1 -1 -1 -1 -1 -1 -1 -1 -1 -1
45 -1 -1 -1 -1 -1 -1 -1 -1 -1 -1 -1 -1 -1 -1 -1 -1 -1 -1 -1 -1
46 -1 -1 -1 -1 -1 -1 -1 -1 -1 -1 -1 -1 -1 -1 -1 -1 -1 -1 -1 -1
47 -1 -1 -1 -1 -1 -1 -1 -1 -1 -1 -1 -1 -1 -1 -1 -1 -1 -1 -1 -1
48 -1 -1 -1 -1 -1 -1 -1 -1 -1 -1 -1 -1 -1 -1 -1 -1 -1 -1 -1 -1
49 -1 -1 -1 -1 -1 -1 -1 -1 -1 -1 -1 -1 -1 -1 -1 -1 -1 -1 -1 -1
50 -1 -1 -1 -1 -1 -1 -1 -1 -1 -1 -1 -1 -1 -1 -1 -1 -1 -1 -1 -1
51 -1 -1 -1 -1 -1 -1 -1 -1 -1 -1 -1 -1 -1 -1 -1 -1 -1 -1 -1 -1
52 -1 -1 -1 -1 -1 -1 -1 -1 -1 -1 -1 -1 -1 -1 -1 -1 -1 -1 -1 -1
53 -1 -1 -1 -1 -1 -1 -1 -1 -1 -1 -1 -1 -1 -1 -1 -1 -1 -1 -1 -1
54 -1 -1 -1 -1 -1 -1 -1 -1 -1 -1 -1 -1 -1 -1 -1 -1 -1 -1 -1 -1
55 -1 -1 -1 -1 -1 -1 -1 -1 -1 -1 -1 -1 -1 -1 -1 -1 -1 -1 -1 -1
56 -1 -1 -1 -1 -1 -1 -1 -1 -1 -1 -1 -1 -1 -1 -1 -1 -1 -1 -1 -1
57 -1 -1 -1 -1 -1 -1 -1 -1 -1 -1 -1 -1 -1 -1 -1 -1 -1 -1 -1 -1
58 -1 -1 -1 -1 -1 -1 -1 -1 -1 -1 -1 -1 -1 -1 -1 -1 -1 -1 -1 -1
59 -1 -1 -1 -1 -1 -1 -1 -1 -1 -1 -1 -1 -1 -1 -1 -1 -1 -1 -1 -1
60 -1 -1 -1 -1 -1 -1 -1 -1 -1 -1 -1 -1 -1 -1 -1 -1 -1 -1 -1 -1
61 -1 -1 -1 -1 -1 -1 -1 -1 -1 -1 -1 -1 -1 -1 -1 -1 -1 -1 -1 -1
62 -1 -1 -1 -1 -1 -1 -1 -1 -1 -1 -1 -1 -1 -1 -1 -1 -1 -1 -1 -1
63 -1 -1 -1 -1 -1 -1 -1 -1 -1 -1 -1 -1 -1 -1 -1 -1 -1 -1 -1 -1
64 -1 -1 -1 -1 -1 -1 -1 -1 -1 -1 -1 -1 -1 -1 -1 -1 -1 -1 -1 -1
65 -1 -1 -1 -1 -1 -1 -1 -1 -1 -1 -1 -1 -1 -1 -1 -1 -1 -1 -1 -1
66 -1 -1 -1 -1 -1 -1 -1 -1 -1 -1 -1 -1 -1 -1 -1 -1 -1 -1 -1 -1
67 -1 -1 -1 -1 -1 -1 -1 -1 -1 -1 -1 -1 -1 -1 -1 -1 -1 -1 -1 -1
68 -1 -1 -1 -1 -1 -1 -1 -1 -1 -1 -1 -1 -1 -1 -1 -1 -1 -1 -1 -1
69 -1 -1 -1 -1 -1 -1 -1 -1 -1 -1 -1 -1 -1 -1 -1 -1 -1 -1 -1 -1
70 -1 -1 -1 -1 -1 -1 -1 -1 -1 -1 -1 -1 -1 -1 -1 -1 -1 -1 -1 -1
71 -1 -1 -1 -1 -1 -1 -1 -1 -1 -1 -1 -1 -1 -1 -1 -1 -1 -1 -1 -1
72 -1 -1 -1 -1 -1 -1 -1 -1 -1 -1 -1 -1 -1 -1 -1 -1 -1 -1 -1 -1
73 -1 -1 -1 -1 -1 -1 -1 -1 -1 -1 -1 -1 -1 -1 -1 -1 -1 -1 -1 -1
74 -1 -1 -1 -1 -1 -1 -1 -1 -1 -1 -1 -1 -1 -1 -1 -1 -1 -1 -1 -1
75 -1 -1 -1 -1 -1 -1 -1 -1 -1 -1 -1 -1 -1 -1 -1 -1 -1 -1 -1 -1
76 -1 -1 -1 -1 -1 -1 -1 -1 -1 -1 -1 -1 -1 -1 -1 -1 -1 -1 -1 -1
77 -1 -1 -1 -1 -1 -1 -1 -1 -1 -1 -1 -1 -1 -1 -1 -1 -1 -1 -1 -1
78 -1 -1 -1 -1 -1 -1 -1 -1 -1 -1 -1 -1 -1 -1 -1 -1 -1 -1 -1 -1
79 -1 -1 -1 -1 -1 -1 -1 -1 -1 -1 -1 -1 -1 -1 -1 -1 -1 -1 -1 -1
80 -1 -1 -1 -1 -1 -1 -1 -1 -1 -1 -1 -1 -1 -1 -1 -1 -1 -1 -1 -1
81 -1 -1 -1 -1 -1 -1 -1 -1 -1 -1 -1 -1 -1 -1 -1 -1 -1 -1 -1 -1
82 -1 -1 -1 -1 -1 -1 -1 -1 -1 -1 -1 -1 -1 -1 -1 -1 -1 -1 -1 -1
83 -1 -1 -1 -1 -1 -1 -1 -1 -1 -1 -1 -1 -1 -1 -1 -1 -1 -1 -1 -1
84 -1 -1 -1 -1 -1 -1 -1 -1 -1 -1 -1 -1 -1 -1 -1 -1 -1 -1 -1 -1
85 -1 -1 -1 -1 -1 -1 -1 -1 -1 -1 -1 -1 -1 -1 -1 -1 -1 -1 -1 -1
86 -1 -1 -1 -1 -1 -1 -1 -1 -1 -1 -1 -1 -1 -1 -1 -1 -1 -1 -1 -1
87 -1 -1 -1 -1 -1 -1 -1 -1 -1 -1 -1 -1 -1 -1 -1 -1 -1 -1 -1 -1
88 -1 -1 -1 -1 -1 -1 -1 -1 -1 -1 -1 -1 -1 -1 -1 -1 -1 -1 -1 -1
89 -1 -1 -1 -1 -1 -1 -1 -1 -1 -1 -1 -1 -1 -1 -1 -1 -1 -1 -1 -1
90 -1 -1 -1 -1 -1 -1 -1 -1 -1 -1 -1 -1 -1 -1 -1 -1 -1 -1 -1 -1
91 -1 -1 -1 -1 -1 -1 -1 -1 -1 -1 -1 -1 -1 -1 -1 -1 -1 -1 -1 -1
92 -1 -1 -1 -1 -1 -1 -1 -1 -1 -1 -1 -1 -1 -1 -1 -1 -1 -1 -1 -1
93 -1 -1 -1 -1 -1 -1 -1 -1 -1 -1 -1 -1 -1 -1 -1 -1 -1 -1 -1 -1
94 -1 -1 -1 -1 -1 -1 -1 -1 -1 -1 -1 -1 -1 -1 -1 -1 -1 -1 -1 -1
95 -1 -1 -1 -1 -1 -1 -1 -1 -1 -1 -1 -1 -1 -1 -1 -1 -1 -1 -1 -1
96 -1 -1 -1 -1 -1 -1 -1 -1 -1 -1 -1 -1 -1 -1 -1 -1 -1 -1 -1 -1
97 -1 -1 -1 -1 -1 -1 -1 -1 -1 -1 -1 -1 -1 -1 -1 -1 -1 -1 -1 -1
98 -1 -1 -1 -1 -1 -1 -1 -1 -1 -1 -1 -1 -1 -1 -1 -1 -1 -1 -1 -1
99 -1 -1 -1 -1 -1 -1 -1 -1 -1 -1 -1 -1 -1 -1 -1 -1 -1 -1 -1 -1
100 -1 -1 -1 -1 -1 -1 -1 -1 -1 -1 -1 -1 -1 -1 -1 -1 -1 -1 -1 -1
101 -1 -1 -1 -1 -1 -1 -1 -1 -1 -1 -1 -1 -1 -1 -1 -1 -1 -1 -1 -1
102 -1 -1 -1 -1 -1 -1 -1 -1 -1 -1 -1 -1 -1 -1 -1 -1 -1 -1 -1 -1
103 -1 -1 -1 -1 -1 -1 -1 -1 -1 -1 -1 -1 -1 -1 -1 -1 -1 -1 -1 -1
104 -1 -1 -1 -1 -1 -1 -1 -1 -1 -1 -1 -1 -1 -1 -1 -1 -1 -1 -1 -1
105 -1 -1 -1 -1 -1 -1 -1 -1 -1 -1 -1 -1 -1 -1 -1 -1 -1 -1 -1 -1
106 -1 -1 -1 -1 -1 -1 -1 -1 -1 -1 -1 -1 -1 -1 -1 -1 -1 -1 -1 -1
107 -1 -1 -1 -1 -1 -1 -1 -1 -1 -1 -1 -1 -1 -1 -1 -1 -1 -1 -1 -1
108 -1 -1 -1 -1 -1 -1 -1 -1 -1 -1 -1 -1 -1 -1 -1 -1 -1 -1 -1 -1
109 -1 -1 -1 -1 -1 -1 -1 -1 -1 -1 -1 -1 -1 -1 -1 -1 -1 -1 -1 -1
110 -1 -1 -1 -1 -1 -1 -1 -1 -1 -1 -1 -1 -1 -1 -1 -1 -1 -1 -1 -1
111 -1 -1 -1 -1 -1 -1 -1 -1 -1 -1 -1 -1 -1 -1 -1 -1 -1 -1 -1 -1
112 -1 -1 -1 -1 -1 -1 -1 -1 -1 -1 -1 -1 -1 -1 -1 -1 -1 -1 -1 -1
113 -1 -1 -1 -1 -1 -1 -1 -1 -1 -1 -1 -1 -1 -1 -1 -1 -1 -1 -1 -1
114 -1 -1 -1 -1 -1 -1 -1 -1 -1 -1 -1 -1 -1 -1 -1 -1 -1 -1 -1 -1
115 -1 -1 -1 -1 -1 -1 -1 -1 -1 -1 -1 -1 -1 -1 -1 -1 -1 -1 -1 -1
116 -1 -1 -1 -1 -1 -1 -1 -1 -1 -1 -1 -1 -1 -1 -1 -1 -1 -1 -1 -1
117 -1 -1 -1 -1 -1 -1 -1 -1 -1 -1 -1 -1 -1 -1 -1 -1 -1 -1 -1 -1
118 -1 -1 -1 -1 -1 -1 -1 -1 -1 -1 -1 -1 -1 -1 -1 -1 -1 -1 -1 -1
119 -1 -1 -1 -1 -1 -1 -1 -1 -1 -1 -1 -1 -1 -1 -1 -1 -1 -1 -1 -1
120 0.494816 0.419433 0.563231 0.617446 0.537553 0.627145 0.588908 0.607746 0.537553 0.627145 0.501546 0.771142 0.480974 0.938398 0.588908 0.607746 0.560716 0.769169 0.542947 0.926506
121 0.493352 0.420303 0.563467 0.615818 0.537804 0.624644 0.589129 0.606993 0.537804 0.624644 0.501963 0.767725 0.480267 0.934657 0.589129 0.606993 0.562102 0.767721 0.542752 0.926027
122 0.490433 0.422122 0.563571 0.615715 0.538074 0.624572 0.589068 0.606857 0.538074 0.624572 0.502258 0.767580 0.477907 0.935082 0.589068 0.606857 0.562505 0.767142 0.541977 0.925183
123 0.487548 0.423868 0.562882 0.615683 0.537322 0.624589 0.588442 0.606777 0.537322 0.624589 0.502451 0.768994 0.478023 0.935849 0.588442 0.606777 0.562740 0.766734 0.542131 0.925180
124 0.484333 0.424261 0.562261 0.614573 0.536888 0.623285 0.587634 0.605860 0.536888 0.623285 0.501835 0.769110 0.477519 0.936790 0.587634 0.605860 0.562744 0.766036 0.542283 0.925511
125 0.481159 0.423625 0.561157 0.611608 0.536144 0.620489 0.586170 0.602727 0.536144 0.620489 0.501051 0.769842 0.476420 0.937882 0.586170 0.602727 0.562219 0.764540 0.542236 0.924679
126 0.477376 0.422768 0.560677 0.607047 0.535960 0.615687 0.585393 0.598407 0.535960 0.615687 0.500159 0.769959 0.474897 0.938604 0.585393 0.598407 0.562018 0.764223 0.542276 0.924542
127 0.472576 0.420978 0.559172 0.602425 0.534716 0.611835 0.583628 0.593014 0.534716 0.611835 0.498578 0.770202 0.473749 0.939035 0.583628 0.593014 0.560179 0.763213 0.542222 0.923913
128 0.468965 0.419413 0.556960 0.598394 0.531994 0.607684 0.581926 0.589104 0.531994 0.607684 0.495548 0.770364 0.473336 0.939041 0.581926 0.589104 0.558846 0.761486 0.542269 0.921950
129 0.464423 0.418551 0.550873 0.598717 0.524882 0.607442 0.576864 0.589993 0.524882 0.607442 0.490736 0.772484 0.473916 0.938937 0.576864 0.589993 0.557001 0.761576 0.542292 0.921134
130 0.460997 0.417077 0.546331 0.598427 0.520125 0.606216 0.572538 0.590639 0.520125 0.606216 0.487590 0.773041 0.474117 0.938942 0.572538 0.590639 0.554464 0.761533 0.542327 0.920260
131 0.456894 0.415269 0.539771 0.598935 0.512969 0.606792 0.566574 0.591078 0.512969 0.606792 0.483896 0.776062 0.473935 0.939070 0.566574 0.591078 0.550030 0.761708 0.542248 0.919411
132 0.454385 0.411346 0.534724 0.599123 0.508078 0.607227 0.561370 0.591018 0.508078 0.607227 0.480897 0.776484 0.474215 0.939166 0.561370 0.591018 0.545473 0.761842 0.541205 0.919008
133 0.452823 0.408319 0.530364 0.599468 0.502980 0.607698 0.557748 0.591237 0.502980 0.607698 0.479495 0.777388 0.474562 0.939194 0.557748 0.591237 0.541459 0.761909 0.540145 0.918587
134 0.451476 0.404371 0.526130 0.599679 0.499390 0.608025 0.552869 0.591333 0.499390 0.608025 0.477886 0.777094 0.474866 0.937439 0.552869 0.591333 0.539835 0.761917 0.539288 0.918444
135 0.448787 0.399897 0.522314 0.599520 0.495927 0.608257 0.548701 0.590782 0.495927 0.608257 0.475350 0.777058 0.475608 0.937055 0.548701 0.590782 0.538398 0.761754 0.539293 0.918518
136 0.446851 0.397699 0.519830 0.599635 0.493371 0.608411 0.546289 0.590858 0.493371 0.608411 0.473300 0.777116 0.475680 0.934646 0.546289 0.590858 0.536698 0.761731 0.539591 0.918634
137 0.443942 0.394858 0.516608 0.599650 0.489887 0.608552 0.543329 0.590748 0.489887 0.608552 0.471582 0.776793 0.476450 0.934248 0.543329 0.590748 0.534435 0.760708 0.539750 0.918619
138 0.441715 0.394359 0.513568 0.599816 0.486107 0.608815 0.541028 0.590816 0.486107 0.608815 0.470009 0.775361 0.476652 0.934053 0.541028 0.590816 0.531017 0.758600 0.539068 0.913404
139 0.439779 0.392156 0.510050 0.600698 0.482817 0.609803 0.537282 0.591592 0.482817 0.609803 0.468097 0.776308 0.476686 0.934649 0.537282 0.591592 0.527728 0.758735 0.538174 0.913189
140 0.439042 0.390291 0.507965 0.601987 0.480742 0.611419 0.535187 0.592555 0.480742 0.611419 0.466631 0.776799 0.476512 0.937403 0.535187 0.592555 0.525102 0.758634 0.535394 0.911398
141 0.438300 0.388867 0.505807 0.601991 0.478266 0.611426 0.533348 0.592556 0.478266 0.611426 0.466456 0.776025 0.476553 0.937934 0.533348 0.592556 0.524139 0.756666 0.533358 0.909895
142 0.437900 0.386666 0.505191 0.602101 0.477313 0.611592 0.533069 0.592609 0.477313 0.611592 0.466460 0.774661 0.476329 0.938940 0.533069 0.592609 0.522793 0.755013 0.530736 0.908441
143 0.437329 0.385002 0.505088 0.602110 0.477074 0.611604 0.533102 0.592617 0.477074 0.611604 0.465990 0.774579 0.475245 0.940463 0.533102 0.592617 0.522216 0.754652 0.527612 0.908939
144 0.437524 0.381583 0.506011 0.601599 0.477977 0.611224 0.534044 0.591974 0.477977 0.611224 0.465851 0.773759 0.475300 0.940503 0.534044 0.591974 0.522389 0.750972 0.527394 0.902913
145 0.437886 0.378992 0.505923 0.601187 0.477780 0.610729 0.534067 0.591646 0.477780 0.610729 0.465846 0.772764 0.475296 0.940891 0.534067 0.591646 0.522718 0.748656 0.525474 0.901809
146 0.438708 0.373447 0.506323 0.598667 0.478124 0.607782 0.534523 0.589553 0.478124 0.607782 0.465751 0.771362 0.475035 0.941448 0.534523 0.589553 0.523237 0.746695 0.523456 0.900462
147 0.440818 0.370324 0.506988 0.596844 0.478908 0.605407 0.535069 0.588280 0.478908 0.605407 0.466011 0.771421 0.475061 0.941691 0.535069 0.588280 0.522926 0.747289 0.520215 0.900744
148 0.443873 0.368920 0.507375 0.596156 0.479415 0.604890 0.535335 0.587422 0.479415 0.604890 0.466895 0.771278 0.475067 0.941712 0.535335 0.587422 0.522043 0.747695 0.517342 0.904334
149 0.449490 0.368172 0.507547 0.594947 0.479500 0.603899 0.535593 0.585994 0.479500 0.603899 0.467522 0.767768 0.475002 0.938129 0.535593 0.585994 0.521898 0.746999 0.516188 0.904111
150 0.454158 0.366636 0.507996 0.594323 0.479993 0.602984 0.535998 0.585662 0.479993 0.602984 0.467857 0.764345 0.474863 0.935128 0.535998 0.585662 0.521519 0.746172 0.516048 0.903611
151 0.458472 0.364863 0.509239 0.592729 0.481364 0.601286 0.537115 0.584172 0.481364 0.601286 0.469440 0.763375 0.474854 0.934709 0.537115 0.584172 0.521170 0.745517 0.516302 0.903281
152 0.462866 0.362492 0.510860 0.591639 0.483320 0.600100 0.538400 0.583178 0.483320 0.600100 0.469577 0.763411 0.475241 0.934847 0.538400 0.583178 0.520117 0.745636 0.515203 0.908354
153 0.467416 0.359374 0.512485 0.590346 0.485091 0.598803 0.539880 0.581889 0.485091 0.598803 0.468741 0.759728 0.475469 0.930814 0.539880 0.581889 0.520143 0.742040 0.515807 0.903758
154 0.470718 0.357102 0.513687 0.590396 0.486978 0.598720 0.540395 0.582072 0.486978 0.598720 0.465397 0.759153 0.477939 0.926243 0.540395 0.582072 0.520268 0.742253 0.516522 0.903860
155 0.474060 0.356252 0.514451 0.590348 0.488349 0.598478 0.540552 0.582218 0.488349 0.598478 0.461004 0.754425 0.478775 0.920293 0.540552 0.582218 0.520179 0.743689 0.516690 0.913109
156 0.475133 0.354676 0.514526 0.588113 0.488435 0.595371 0.540617 0.580855 0.488435 0.595371 0.458996 0.749416 0.480150 0.912991 0.540617 0.580855 0.520220 0.743704 0.516982 0.914018
157 0.476872 0.352210 0.514513 0.584170 0.488406 0.591328 0.540620 0.577011 0.488406 0.591328 0.459852 0.743666 0.480926 0.905276 0.540620 0.577011 0.520327 0.742439 0.516666 0.913894
158 0.478232 0.350147 0.513427 0.584501 0.487313 0.592137 0.539541 0.576865 0.487313 0.592137 0.460044 0.743623 0.481226 0.900893 0.539541 0.576865 0.520864 0.739327 0.516360 0.913217
159 0.478717 0.348748 0.513043 0.582238 0.486667 0.590052 0.539419 0.574425 0.486667 0.590052 0.460273 0.739119 0.481166 0.895920 0.539419 0.574425 0.521267 0.735635 0.515921 0.907484
160 0.479692 0.345726 0.512980 0.579448 0.486527 0.586398 0.539432 0.572497 0.486527 0.586398 0.460468 0.735578 0.479222 0.892927 0.539432 0.572497 0.521574 0.732913 0.515212 0.898633
161 0.480288 0.343364 0.513296 0.575858 0.486522 0.582441 0.540069 0.569275 0.486522 0.582441 0.460653 0.732976 0.475049 0.888721 0.540069 0.569275 0.521650 0.728726 0.514922 0.888988
162 0.480289 0.341243 0.513114 0.572993 0.486127 0.579010 0.540102 0.566975 0.486127 0.579010 0.460938 0.728596 0.470985 0.881272 0.540102 0.566975 0.521944 0.725455 0.514630 0.881446
163 0.479541 0.339836 0.512798 0.571316 0.485492 0.577552 0.540105 0.565080 0.485492 0.577552 0.461251 0.727285 0.465057 0.878573 0.540105 0.565080 0.522363 0.723434 0.514380 0.877099
164 0.477903 0.338939 0.512232 0.568896 0.484485 0.575107 0.539980 0.562685 0.484485 0.575107 0.461018 0.724377 0.459434 0.872829 0.539980 0.562685 0.522374 0.719660 0.513177 0.867562
165 0.476292 0.337138 0.511218 0.565289 0.483094 0.571529 0.539341 0.559048 0.483094 0.571529 0.459844 0.718119 0.452269 0.865017 0.539341 0.559048 0.522381 0.716034 0.512889 0.864178
166 0.472431 0.337211 0.508903 0.565370 0.480597 0.572338 0.537209 0.558402 0.480597 0.572338 0.458162 0.716481 0.448528 0.861784 0.537209 0.558402 0.522390 0.713407 0.512421 0.859014
167 0.467600 0.337903 0.506186 0.566386 0.477253 0.573424 0.535120 0.559348 0.477253 0.573424 0.455977 0.714616 0.442605 0.858843 0.535120 0.559348 0.522397 0.712868 0.512500 0.859217
168 0.461473 0.338871 0.503051 0.566914 0.473296 0.573811 0.532805 0.560016 0.473296 0.573811 0.453067 0.713552 0.439122 0.858268 0.532805 0.560016 0.522399 0.713852 0.512557 0.860438
169 0.453180 0.341699 0.498072 0.567385 0.467772 0.574291 0.528371 0.560479 0.467772 0.574291 0.451102 0.712710 0.438645 0.858496 0.528371 0.560479 0.522257 0.713289 0.512589 0.859087
170 0.446518 0.345229 0.494006 0.567491 0.463385 0.574611 0.524627 0.560372 0.463385 0.574611 0.448947 0.713141 0.438575 0.858553 0.524627 0.560372 0.521795 0.710923 0.512444 0.858135
171 0.440752 0.349451 0.490211 0.566959 0.459368 0.574179 0.521054 0.559739 0.459368 0.574179 0.446492 0.711494 0.437497 0.857519 0.521054 0.559739 0.521360 0.708019 0.511744 0.854458
172 0.436125 0.355813 0.486831 0.566321 0.456214 0.573574 0.517447 0.559067 0.456214 0.573574 0.444269 0.711761 0.437386 0.856410 0.517447 0.559067 0.517701 0.708392 0.511179 0.853591
173 0.432592 0.362060 0.484730 0.566246 0.453625 0.573644 0.515835 0.558848 0.453625 0.573644 0.441863 0.710779 0.436845 0.855513 0.515835 0.558848 0.514115 0.706176 0.510244 0.848934
174 0.429588 0.367402 0.482981 0.565028 0.452216 0.572874 0.513745 0.557183 0.452216 0.572874 0.440442 0.705248 0.437334 0.852439 0.513745 0.557183 0.507740 0.701518 0.508893 0.846667
175 0.427522 0.372290 0.481305 0.564995 0.450771 0.572868 0.511839 0.557123 0.450771 0.572868 0.436802 0.703627 0.435546 0.846941 0.511839 0.557123 0.503270 0.700684 0.506525 0.846645
176 0.425433 0.375335 0.480231 0.564953 0.450608 0.572848 0.509854 0.557057 0.450608 0.572848 0.433310 0.704100 0.436112 0.849121 0.509854 0.557057 0.500089 0.701469 0.502509 0.846231
177 0.423329 0.376958 0.478583 0.564496 0.449353 0.572590 0.507813 0.556401 0.449353 0.572590 0.430973 0.703143 0.436269 0.850176 0.507813 0.556401 0.497949 0.698373 0.496737 0.838574
178 0.421695 0.376393 0.476719 0.563772 0.447506 0.571811 0.505931 0.555732 0.447506 0.571811 0.429487 0.701433 0.435822 0.850466 0.505931 0.555732 0.495059 0.691461 0.488543 0.832281
179 0.419916 0.375007 0.474263 0.563524 0.445510 0.571741 0.503016 0.555307 0.445510 0.571741 0.428012 0.701478 0.434467 0.850973 0.503016 0.555307 0.492564 0.687966 0.485523 0.829428
180 0.419987 0.373603 0.473240 0.562515 0.444778 0.571036 0.501702 0.553993 0.444778 0.571036 0.427484 0.701575 0.433520 0.851518 0.501702 0.553993 0.488968 0.690344 0.479809 0.831859
181 0.420436 0.368799 0.471850 0.559887 0.443826 0.568687 0.499875 0.551087 0.443826 0.568687 0.427805 0.701977 0.433047 0.851984 0.499875 0.551087 0.486531 0.689930 0.474800 0.831219
182 0.420916 0.362843 0.471525 0.556918 0.444019 0.565235 0.499030 0.548601 0.444019 0.565235 0.428481 0.702289 0.432203 0.852465 0.499030 0.548601 0.483267 0.691113 0.467056 0.835604
183 0.421641 0.355754 0.470818 0.553064 0.443737 0.560863 0.497900 0.545264 0.443737 0.560863 0.428827 0.702495 0.432265 0.852806 0.497900 0.545264 0.480519 0.691861 0.465688 0.835758
184 0.421898 0.349157 0.469092 0.549210 0.441776 0.556922 0.496408 0.541497 0.441776 0.556922 0.428682 0.702300 0.432423 0.853928 0.496408 0.541497 0.478785 0.691929 0.467967 0.836323
185 0.422553 0.341991 0.467732 0.543352 0.440226 0.551270 0.495238 0.535435 0.440226 0.551270 0.428919 0.699934 0.432854 0.853804 0.495238 0.535435 0.479938 0.686196 0.470100 0.834938
186 0.424397 0.335516 0.466242 0.541397 0.438383 0.549101 0.494102 0.533693 0.438383 0.549101 0.429131 0.697935 0.434124 0.853803 0.494102 0.533693 0.480612 0.683873 0.469601 0.834611
187 0.427543 0.329433 0.465605 0.539727 0.437423 0.546451 0.493788 0.533003 0.437423 0.546451 0.429282 0.697354 0.434045 0.853396 0.493788 0.533003 0.481089 0.684979 0.470978 0.834796
188 0.431977 0.324141 0.465171 0.538315 0.436928 0.544271 0.493415 0.532360 0.436928 0.544271 0.428906 0.695213 0.433134 0.850979 0.493415 0.532360 0.481411 0.685500 0.471948 0.835050
189 0.436820 0.318394 0.465316 0.531882 0.436790 0.537449 0.493842 0.526315 0.436790 0.537449 0.427285 0.688905 0.432866 0.845680 0.493842 0.526315 0.481910 0.682145 0.472235 0.832179
190 0.438671 0.314712 0.464950 0.529858 0.436027 0.535121 0.493873 0.524595 0.436027 0.535121 0.424883 0.686718 0.430582 0.843462 0.493873 0.524595 0.482172 0.680288 0.472543 0.830041
191 0.440993 0.312725 0.464642 0.530202 0.435530 0.535420 0.493754 0.524984 0.435530 0.535420 0.422763 0.685700 0.431191 0.839812 0.493754 0.524984 0.482253 0.679174 0.472628 0.827804
192 0.441717 0.310074 0.464271 0.528460 0.435095 0.533986 0.493447 0.522933 0.435095 0.533986 0.422176 0.682873 0.431369 0.833925 0.493447 0.522933 0.482401 0.677692 0.472794 0.821216
193 0.442048 0.306050 0.463331 0.525330 0.434197 0.530777 0.492465 0.519883 0.434197 0.530777 0.421135 0.680127 0.431459 0.830410 0.492465 0.519883 0.482513 0.676459 0.472918 0.819173
194 0.441872 0.302726 0.462081 0.520252 0.433051 0.525203 0.491112 0.515301 0.433051 0.525203 0.420131 0.673355 0.429842 0.825048 0.491112 0.515301 0.482600 0.672413 0.472988 0.815502
195 0.441470 0.298857 0.460407 0.514724 0.431919 0.519181 0.488894 0.510268 0.431919 0.519181 0.419733 0.666531 0.427046 0.820359 0.488894 0.510268 0.482529 0.666141 0.473039 0.811529
196 0.440723 0.296089 0.458046 0.511742 0.429674 0.515858 0.486418 0.507626 0.429674 0.515858 0.418670 0.663014 0.422251 0.816403 0.486418 0.507626 0.481859 0.663800 0.472404 0.807819
197 0.439750 0.293217 0.454808 0.507685 0.426678 0.511315 0.482937 0.504055 0.426678 0.511315 0.417444 0.657610 0.416979 0.810691 0.482937 0.504055 0.481186 0.661572 0.472276 0.808102
198 0.437530 0.292779 0.451174 0.505760 0.422973 0.509253 0.479374 0.502268 0.422973 0.509253 0.416148 0.656449 0.412798 0.807096 0.479374 0.502268 0.480043 0.658613 0.472125 0.805440
199 0.432507 0.292512 0.446937 0.504856 0.418978 0.508595 0.474897 0.501117 0.418978 0.508595 0.414415 0.654704 0.407973 0.800945 0.474897 0.501117 0.477295 0.657676 0.472143 0.804629
200 0.426264 0.293235 0.443541 0.506495 0.416117 0.510655 0.470965 0.502334 0.416117 0.510655 0.412330 0.656230 0.407120 0.799283 0.470965 0.502334 0.474664 0.658434 0.472097 0.805943
201 0.420617 0.294231 0.439784 0.506164 0.412427 0.510797 0.467140 0.501531 0.412427 0.510797 0.410598 0.656370 0.408395 0.798892 0.467140 0.501531 0.471226 0.658099 0.470920 0.805957
202 0.414964 0.294933 0.436465 0.507160 0.409349 0.511803 0.463581 0.502517 0.409349 0.511803 0.408372 0.657251 0.408672 0.799390 0.463581 0.502517 0.467771 0.658080 0.469945 0.805859
203 0.409777 0.296296 0.432332 0.507901 0.404937 0.512135 0.459727 0.503668 0.404937 0.512135 0.406643 0.658090 0.407865 0.799355 0.459727 0.503668 0.464052 0.658592 0.468002 0.806102
204 0.405959 0.299431 0.431679 0.508507 0.403974 0.512361 0.459383 0.504654 0.403974 0.512361 0.405336 0.658277 0.406829 0.799609 0.459383 0.504654 0.460503 0.658026 0.465057 0.805793
205 0.403174 0.303369 0.431250 0.511862 0.404083 0.515322 0.458417 0.508402 0.404083 0.515322 0.403509 0.657921 0.405898 0.798594 0.458417 0.508402 0.458061 0.657564 0.464106 0.804228
206 0.399647 0.307261 0.430518 0.512723 0.403267 0.516312 0.457768 0.509133 0.403267 0.516312 0.402441 0.657257 0.406353 0.797631 0.457768 0.509133 0.457425 0.654603 0.462663 0.800899
207 0.396564 0.310307 0.429347 0.513129 0.401873 0.516749 0.456822 0.509508 0.401873 0.516749 0.401726 0.656308 0.406055 0.796958 0.456822 0.509508 0.455774 0.651069 0.460855 0.795651
208 0.393594 0.313761 0.427789 0.514444 0.400168 0.518285 0.455411 0.510602 0.400168 0.518285 0.400270 0.655767 0.405711 0.796371 0.455411 0.510602 0.453724 0.649685 0.458265 0.793468
209 0.391162 0.316663 0.426969 0.515584 0.398934 0.519869 0.455004 0.511299 0.398934 0.519869 0.399739 0.655985 0.403583 0.796191 0.455004 0.511299 0.451925 0.650155 0.455511 0.793873
210 0.389745 0.319306 0.427497 0.517531 0.399623 0.522096 0.455371 0.512965 0.399623 0.522096 0.399034 0.656597 0.402483 0.795469 0.455371 0.512965 0.451122 0.650317 0.453412 0.794288
211 0.388392 0.321395 0.428025 0.518609 0.400270 0.523884 0.455779 0.513335 0.400270 0.523884 0.398867 0.657071 0.402735 0.794521 0.455779 0.513335 0.450580 0.650806 0.451470 0.793546
212 0.387878 0.322849 0.428516 0.518720 0.400798 0.524197 0.456234 0.513244 0.400798 0.524197 0.399030 0.657109 0.402890 0.793886 0.456234 0.513244 0.449070 0.649947 0.449533 0.788021
213 0.387694 0.323573 0.428746 0.518528 0.401026 0.524085 0.456465 0.512970 0.401026 0.524085 0.399105 0.657232 0.402918 0.794194 0.456465 0.512970 0.448091 0.647341 0.448471 0.784181
214 0.388194 0.323811 0.428993 0.518495 0.401237 0.524034 0.456750 0.512957 0.401237 0.524034 0.399311 0.657349 0.402787 0.794412 0.456750 0.512957 0.447153 0.646126 0.447129 0.779011
215 0.388652 0.323894 0.430198 0.518419 0.402897 0.523982 0.457498 0.512856 0.402897 0.523982 0.399341 0.657445 0.402521 0.794512 0.457498 0.512856 0.447922 0.643376 0.446697 0.779040
216 0.389318 0.323833 0.431392 0.518616 0.404266 0.524399 0.458518 0.512832 0.404266 0.524399 0.399963 0.657481 0.402437 0.794644 0.458518 0.512832 0.448485 0.641112 0.446787 0.775392
217 0.389877 0.323128 0.432837 0.518374 0.406236 0.524371 0.459439 0.512377 0.406236 0.524371 0.400624 0.657409 0.402491 0.794663 0.459439 0.512377 0.448764 0.640332 0.447237 0.775418
218 0.390763 0.322895 0.434259 0.517918 0.408402 0.524063 0.460116 0.511774 0.408402 0.524063 0.401208 0.657362 0.402558 0.794552 0.460116 0.511774 0.448864 0.638516 0.447273 0.772358
219 0.394003 0.320206 0.435561 0.517325 0.410138 0.523466 0.460983 0.511183 0.410138 0.523466 0.401927 0.657214 0.402593 0.794604 0.460983 0.511183 0.449134 0.637421 0.447046 0.770920
220 0.398537 0.315585 0.436626 0.514994 0.411126 0.520805 0.462126 0.509183 0.411126 0.520805 0.403149 0.656269 0.402720 0.794424 0.462126 0.509183 0.449343 0.637611 0.446931 0.772430
221 0.402783 0.310452 0.436822 0.510826 0.411300 0.516280 0.462343 0.505372 0.411300 0.516280 0.404505 0.651956 0.403346 0.792691 0.462343 0.505372 0.449524 0.637197 0.446383 0.773168
222 0.406095 0.305622 0.436862 0.505894 0.411384 0.510880 0.462340 0.500908 0.411384 0.510880 0.405058 0.647690 0.403447 0.791082 0.462340 0.500908 0.449746 0.636312 0.446005 0.773490
223 0.409652 0.300250 0.436692 0.499888 0.411278 0.503642 0.462105 0.496133 0.411278 0.503642 0.405061 0.643313 0.405230 0.786592 0.462105 0.496133 0.450265 0.634887 0.445129 0.773768
224 0.413098 0.295116 0.436587 0.493458 0.411203 0.497055 0.461971 0.489861 0.411203 0.497055 0.404739 0.640246 0.406928 0.784703 0.461971 0.489861 0.450990 0.631422 0.444908 0.773273
225 0.415705 0.290042 0.436546 0.487234 0.411148 0.489905 0.461944 0.484564 0.411148 0.489905 0.404366 0.636836 0.407982 0.780628 0.461944 0.484564 0.451174 0.626104 0.445028 0.766045
226 0.417901 0.287062 0.436200 0.484062 0.410691 0.485900 0.461708 0.482224 0.410691 0.485900 0.403654 0.634103 0.407985 0.777243 0.461708 0.482224 0.451432 0.624655 0.444824 0.764514
227 0.421352 0.283407 0.436105 0.481303 0.410521 0.483737 0.461690 0.478868 0.410521 0.483737 0.402874 0.630876 0.408000 0.773984 0.461690 0.478868 0.451674 0.619547 0.444878 0.758888
228 0.422976 0.279942 0.435540 0.480860 0.410382 0.483842 0.460699 0.477877 0.410382 0.483842 0.402296 0.626976 0.407975 0.768493 0.460699 0.477877 0.451779 0.614674 0.444465 0.754076
229 0.424697 0.277672 0.435116 0.477861 0.410070 0.481045 0.460163 0.474676 0.410070 0.481045 0.402124 0.621732 0.407606 0.765138 0.460163 0.474676 0.451850 0.610282 0.444503 0.750517
230 0.425294 0.276188 0.434396 0.477467 0.409540 0.480409 0.459252 0.474525 0.409540 0.480409 0.401913 0.620292 0.406118 0.764089 0.459252 0.474525 0.451721 0.609856 0.444092 0.748558
231 0.425732 0.274129 0.433942 0.475104 0.409351 0.477578 0.458533 0.472630 0.409351 0.477578 0.401847 0.616234 0.403697 0.761001 0.458533 0.472630 0.451525 0.607701 0.443776 0.746698
232 0.426255 0.272234 0.433491 0.473687 0.409229 0.475932 0.457752 0.471442 0.409229 0.475932 0.401348 0.614705 0.400924 0.757618 0.457752 0.471442 0.451378 0.607567 0.443648 0.746117
233 0.426755 0.270502 0.433197 0.472256 0.409089 0.474550 0.457306 0.469963 0.409089 0.474550 0.400242 0.613417 0.398799 0.754198 0.457306 0.469963 0.450970 0.607533 0.443388 0.746131
234 0.426798 0.268907 0.432445 0.470264 0.408773 0.472243 0.456118 0.468286 0.408773 0.472243 0.398603 0.611130 0.396930 0.750884 0.456118 0.468286 0.450047 0.607159 0.442915 0.746124
235 0.426264 0.267545 0.431363 0.468526 0.407823 0.470316 0.454903 0.466736 0.407823 0.470316 0.397054 0.606759 0.394087 0.746188 0.454903 0.466736 0.448591 0.605735 0.442239 0.745685
236 0.425834 0.266266 0.430090 0.466701 0.406798 0.468626 0.453382 0.464776 0.406798 0.468626 0.395224 0.601729 0.391158 0.741589 0.453382 0.464776 0.447620 0.603928 0.441710 0.744818
237 0.425482 0.264216 0.428060 0.462478 0.405047 0.464632 0.451072 0.460324 0.405047 0.464632 0.393021 0.595058 0.387269 0.732912 0.451072 0.460324 0.446669 0.599344 0.441477 0.742046
238 0.423861 0.263003 0.425539 0.461414 0.402798 0.463706 0.448281 0.459122 0.402798 0.463706 0.390929 0.590196 0.382965 0.726611 0.448281 0.459122 0.445388 0.596136 0.441404 0.737183
239 0.420491 0.262540 0.423427 0.460044 0.400664 0.462309 0.446191 0.457779 0.400664 0.462309 0.388952 0.586333 0.379690 0.721649 0.446191 0.457779 0.443969 0.591973 0.441428 0.731848
240 0.415708 0.262063 0.420417 0.458594 0.397402 0.460902 0.443433 0.456286 0.397402 0.460902 0.387106 0.585368 0.378808 0.720700 0.443433 0.456286 0.442483 0.589944 0.441334 0.730337
241 0.411304 0.261821 0.417855 0.456605 0.394660 0.459172 0.441051 0.454037 0.394660 0.459172 0.385838 0.585171 0.379050 0.718645 0.441051 0.454037 0.440259 0.588627 0.441324 0.728212
242 0.406518 0.261338 0.414559 0.455327 0.391092 0.458377 0.438027 0.452277 0.391092 0.458377 0.384069 0.586590 0.379882 0.720185 0.438027 0.452277 0.438621 0.588211 0.441145 0.728537
243 0.402241 0.260162 0.411544 0.453168 0.388022 0.456324 0.435065 0.450012 0.388022 0.456324 0.382688 0.587753 0.380266 0.720803 0.435065 0.450012 0.435457 0.588295 0.441150 0.728090
244 0.398113 0.258800 0.408800 0.451465 0.385534 0.454977 0.432066 0.447953 0.385534 0.454977 0.381062 0.588832 0.380387 0.722096 0.432066 0.447953 0.432137 0.588312 0.441075 0.727482
245 0.394349 0.257445 0.406579 0.450017 0.383338 0.453684 0.429819 0.446351 0.383338 0.453684 0.379561 0.589500 0.380490 0.722326 0.429819 0.446351 0.429943 0.587866 0.440940 0.725475
246 0.391303 0.256232 0.404913 0.449487 0.381851 0.453279 0.427975 0.445695 0.381851 0.453279 0.378483 0.589588 0.380757 0.721935 0.427975 0.445695 0.428504 0.586740 0.440838 0.722448
247 0.388340 0.255366 0.403296 0.449362 0.380259 0.453324 0.426332 0.445400 0.380259 0.453324 0.377551 0.589476 0.380880 0.721720 0.426332 0.445400 0.426731 0.585354 0.440350 0.718509
248 0.385472 0.254748 0.401649 0.449196 0.378834 0.453441 0.424464 0.444950 0.378834 0.453441 0.376286 0.589216 0.380929 0.720786 0.424464 0.444950 0.425514 0.583754 0.439758 0.716047
249 0.382901 0.254154 0.400812 0.448673 0.377994 0.452983 0.423630 0.444364 0.377994 0.452983 0.375373 0.588798 0.380799 0.719583 0.423630 0.444364 0.424836 0.583984 0.438577 0.715098
250 0.381205 0.253762 0.400618 0.447862 0.377395 0.452795 0.423841 0.442928 0.377395 0.452795 0.374755 0.588057 0.380224 0.718515 0.423841 0.442928 0.424244 0.581764 0.437802 0.711384
251 0.379756 0.253168 0.400627 0.446542 0.377413 0.451957 0.423842 0.441127 0.377413 0.451957 0.374643 0.586377 0.379901 0.715602 0.423842 0.441127 0.423184 0.578292 0.437017 0.706799
252 0.378762 0.253269 0.400450 0.446168 0.376855 0.451658 0.424044 0.440678 0.376855 0.451658 0.374759 0.586002 0.379934 0.715134 0.424044 0.440678 0.422625 0.577461 0.436078 0.704032
253 0.378257 0.253163 0.400136 0.445250 0.376577 0.450721 0.423695 0.439779 0.376577 0.450721 0.375035 0.584473 0.379978 0.713648 0.423695 0.439779 0.421337 0.574530 0.434225 0.698668
254 0.378166 0.253329 0.400082 0.444211 0.376573 0.449808 0.423592 0.438615 0.376573 0.449808 0.375147 0.583652 0.380562 0.713377 0.423592 0.438615 0.420848 0.570162 0.432153 0.693199
255 0.377817 0.253769 0.400145 0.443445 0.376531 0.449340 0.423760 0.437549 0.376531 0.449340 0.375706 0.583046 0.381090 0.713762 0.423760 0.437549 0.420217 0.567390 0.429856 0.690187
256 0.377777 0.253840 0.400382 0.440565 0.376788 0.447088 0.423976 0.434043 0.376788 0.447088 0.376748 0.581107 0.381288 0.713664 0.423976 0.434043 0.420398 0.563035 0.427848 0.686525
257 0.378182 0.254136 0.400476 0.439214 0.376903 0.446026 0.424049 0.432402 0.376903 0.446026 0.377482 0.579903 0.381295 0.713054 0.424049 0.432402 0.420579 0.557599 0.425548 0.676778
258 0.378824 0.254532 0.401408 0.438710 0.377535 0.445666 0.425280 0.431754 0.377535 0.445666 0.378139 0.579300 0.381263 0.712546 0.425280 0.431754 0.420816 0.551851 0.424546 0.668203
259 0.380187 0.254552 0.402454 0.438856 0.378851 0.445735 0.426057 0.431976 0.378851 0.445735 0.378653 0.579613 0.381266 0.711968 0.426057 0.431976 0.420993 0.552462 0.423863 0.668435
260 0.381845 0.254497 0.404400 0.438813 0.381166 0.445565 0.427634 0.432062 0.381166 0.445565 0.379491 0.578499 0.381328 0.710537 0.427634 0.432062 0.421114 0.552936 0.423778 0.670426
261 0.384205 0.254300 0.407868 0.439033 0.384638 0.445661 0.431098 0.432406 0.384638 0.445661 0.379949 0.577934 0.381342 0.709497 0.431098 0.432406 0.422424 0.549988 0.424013 0.668301
262 0.387453 0.254219 0.410572 0.439050 0.387805 0.445673 0.433339 0.432427 0.387805 0.445673 0.380301 0.576020 0.381680 0.707472 0.433339 0.432427 0.423138 0.549648 0.424175 0.666919
263 0.389832 0.253895 0.413328 0.438982 0.390814 0.445363 0.435841 0.432602 0.390814 0.445363 0.380247 0.573824 0.381837 0.706284 0.435841 0.432602 0.423286 0.550637 0.424168 0.667354
264 0.392078 0.253935 0.414936 0.438383 0.392816 0.444120 0.437056 0.432646 0.392816 0.444120 0.379998 0.570989 0.382829 0.704376 0.437056 0.432646 0.423989 0.549620 0.424251 0.667145
265 0.394380 0.254153 0.415804 0.437633 0.393987 0.442630 0.437621 0.432636 0.393987 0.442630 0.379648 0.568903 0.383775 0.700696 0.437621 0.432636 0.424883 0.549774 0.424262 0.667170
266 0.396145 0.254594 0.416708 0.436819 0.394903 0.441329 0.438512 0.432309 0.394903 0.441329 0.378851 0.565985 0.385375 0.696094 0.438512 0.432309 0.425515 0.548824 0.424000 0.664843
267 0.397714 0.255047 0.417849 0.435508 0.396087 0.439854 0.439611 0.431162 0.396087 0.439854 0.378715 0.563828 0.387639 0.691947 0.439611 0.431162 0.426205 0.548008 0.423503 0.664154
268 0.399344 0.256063 0.418565 0.435545 0.397339 0.439840 0.439791 0.431250 0.397339 0.439840 0.378646 0.563086 0.389246 0.687365 0.439791 0.431250 0.426441 0.548183 0.422920 0.663762
269 0.400236 0.257315 0.419053 0.435183 0.398017 0.439093 0.440089 0.431273 0.398017 0.439093 0.378624 0.560538 0.390305 0.682770 0.440089 0.431273 0.427049 0.547616 0.422561 0.663616
270 0.400407 0.258305 0.419423 0.433928 0.398433 0.437227 0.440413 0.430629 0.398433 0.437227 0.378832 0.556932 0.391066 0.677100 0.440413 0.430629 0.427414 0.547562 0.422153 0.663409
271 0.400846 0.259239 0.419848 0.433758 0.398720 0.436826 0.440976 0.430689 0.398720 0.436826 0.379576 0.555012 0.391375 0.673079 0.440976 0.430689 0.428125 0.547770 0.421216 0.663801
272 0.401348 0.260665 0.420085 0.433326 0.398780 0.436132 0.441391 0.430519 0.398780 0.436132 0.380569 0.553421 0.391043 0.670890 0.441391 0.430519 0.428462 0.547914 0.420476 0.664019
273 0.401346 0.263681 0.420094 0.433220 0.398709 0.435950 0.441480 0.430490 0.398709 0.435950 0.381754 0.552533 0.390391 0.669032 0.441480 0.430490 0.428896 0.546776 0.420264 0.661849
274 0.401286 0.266133 0.420214 0.433233 0.398656 0.435955 0.441771 0.430511 0.398656 0.435955 0.382580 0.550232 0.386647 0.665755 0.441771 0.430511 0.429159 0.546033 0.420121 0.660969
275 0.401072 0.268686 0.420610 0.433356 0.398772 0.436075 0.442447 0.430637 0.398772 0.436075 0.383100 0.546715 0.383838 0.660784 0.442447 0.430637 0.429823 0.543813 0.419966 0.658255
276 0.400563 0.271973 0.420578 0.434786 0.398754 0.436830 0.442402 0.432742 0.398754 0.436830 0.383776 0.545916 0.381267 0.658002 0.442402 0.432742 0.429991 0.544060 0.419661 0.658847
277 0.400114 0.274456 0.420495 0.435108 0.398688 0.437025 0.442301 0.433192 0.398688 0.437025 0.384416 0.545457 0.380139 0.658000 0.442301 0.433192 0.430174 0.544102 0.419374 0.658981
278 0.399159 0.277022 0.420407 0.436022 0.398643 0.437846 0.442171 0.434199 0.398643 0.437846 0.384518 0.545925 0.379492 0.658454 0.442171 0.434199 0.430205 0.544793 0.419418 0.659128
279 0.397825 0.280180 0.420266 0.436971 0.398621 0.438659 0.441911 0.435283 0.398621 0.438659 0.384831 0.546405 0.379767 0.658623 0.441911 0.435283 0.430181 0.545397 0.419427 0.659677
280 0.396455 0.282384 0.419949 0.438402 0.398545 0.439775 0.441353 0.437029 0.398545 0.439775 0.385164 0.546687 0.380095 0.659514 0.441353 0.437029 0.429906 0.547872 0.419121 0.662631
281 0.394500 0.283641 0.419244 0.438409 0.397952 0.439798 0.440535 0.437020 0.397952 0.439798 0.385259 0.547062 0.380124 0.660254 0.440535 0.437020 0.429859 0.549084 0.418083 0.664321
282 0.393419 0.284550 0.418189 0.438469 0.397057 0.439834 0.439321 0.437104 0.397057 0.439834 0.385217 0.547342 0.379330 0.660589 0.439321 0.437104 0.429790 0.549140 0.417356 0.664778
283 0.391572 0.286378 0.416655 0.438611 0.395731 0.440024 0.437578 0.437199 0.395731 0.440024 0.385205 0.547549 0.379352 0.660892 0.437578 0.437199 0.429516 0.549148 0.416586 0.665019
284 0.388859 0.287469 0.414380 0.438109 0.393330 0.439632 0.435430 0.436586 0.393330 0.439632 0.384857 0.547139 0.379371 0.660880 0.435430 0.436586 0.429475 0.548409 0.416443 0.665007
285 0.386685 0.288482 0.412371 0.438025 0.391501 0.439483 0.433242 0.436568 0.391501 0.439483 0.383804 0.547244 0.379280 0.660878 0.433242 0.436568 0.428944 0.548364 0.416266 0.665403
286 0.384503 0.289635 0.410653 0.438121 0.389710 0.439442 0.431596 0.436799 0.389710 0.439442 0.382398 0.547205 0.378825 0.660465 0.431596 0.436799 0.428668 0.548270 0.416333 0.665430
287 0.382362 0.290876 0.408536 0.437985 0.387329 0.439237 0.429743 0.436732 0.387329 0.439237 0.380944 0.546737 0.378252 0.659944 0.429743 0.436732 0.428003 0.546140 0.416366 0.665082
288 0.380376 0.292061 0.406629 0.437265 0.385448 0.438297 0.427809 0.436233 0.385448 0.438297 0.379236 0.546244 0.377616 0.659448 0.427809 0.436233 0.427133 0.544908 0.416443 0.664903
289 0.378845 0.294152 0.404745 0.437229 0.383385 0.438245 0.426104 0.436214 0.383385 0.438245 0.377753 0.545264 0.377085 0.658834 0.426104 0.436214 0.424740 0.543668 0.416491 0.663814
290 0.376947 0.296370 0.403399 0.436956 0.382306 0.438069 0.424493 0.435843 0.382306 0.438069 0.375962 0.544885 0.377099 0.658681 0.424493 0.435843 0.423675 0.542518 0.416496 0.663226
291 0.375944 0.297959 0.402511 0.436528 0.381643 0.437559 0.423379 0.435496 0.381643 0.437559 0.375135 0.544758 0.376481 0.658742 0.423379 0.435496 0.422597 0.542171 0.416517 0.662474
292 0.375159 0.299349 0.401823 0.436531 0.381028 0.437560 0.422618 0.435502 0.381028 0.437560 0.374782 0.544704 0.376562 0.658430 0.422618 0.435502 0.421707 0.542069 0.416659 0.661253
293 0.374453 0.300688 0.401093 0.435505 0.380085 0.436894 0.422102 0.434117 0.380085 0.436894 0.374315 0.543874 0.376545 0.657994 0.422102 0.434117 0.421638 0.540172 0.417153 0.659113
294 0.374711 0.301967 0.401051 0.434284 0.380015 0.435755 0.422088 0.432812 0.380015 0.435755 0.373664 0.542257 0.376300 0.657668 0.422088 0.432812 0.421852 0.537233 0.419441 0.655930
295 0.374739 0.302910 0.401259 0.433188 0.380141 0.435069 0.422378 0.431308 0.380141 0.435069 0.373512 0.541527 0.375971 0.657697 0.422378 0.431308 0.422406 0.535175 0.422758 0.653091
296 0.374918 0.304501 0.401328 0.432343 0.379985 0.434408 0.422671 0.430278 0.379985 0.434408 0.373611 0.540793 0.375096 0.657852 0.422671 0.430278 0.423389 0.534063 0.424942 0.650328
297 0.375189 0.305102 0.401430 0.432341 0.380164 0.434395 0.422696 0.430288 0.380164 0.434395 0.373704 0.540719 0.374589 0.658020 0.422696 0.430288 0.425149 0.533149 0.426926 0.648289
298 0.375506 0.305186 0.401914 0.432153 0.380390 0.434156 0.423437 0.430151 0.380390 0.434156 0.373802 0.540813 0.374398 0.658375 0.423437 0.430151 0.426471 0.531045 0.428308 0.644779
299 0.376189 0.305841 0.403276 0.431854 0.381641 0.434070 0.424911 0.429638 0.381641 0.434070 0.373901 0.540883 0.374440 0.658639 0.424911 0.429638 0.429678 0.529966 0.429907 0.643983
300 0.377552 0.305832 0.406165 0.431051 0.384827 0.433864 0.427504 0.428238 0.384827 0.433864 0.374384 0.540971 0.374497 0.659533 0.427504 0.428238 0.432181 0.529060 0.432917 0.642432
301 0.380786 0.305982 0.409915 0.431010 0.388973 0.433812 0.430858 0.428208 0.388973 0.433812 0.375532 0.540991 0.374441 0.660007 0.430858 0.428208 0.434058 0.529444 0.433890 0.642802
302 0.384920 0.305173 0.413781 0.428356 0.392227 0.431054 0.435335 0.425658 0.392227 0.431054 0.376405 0.539027 0.374383 0.660005 0.435335 0.425658 0.436465 0.527144 0.434242 0.642582
303 0.388215 0.303034 0.417762 0.425095 0.396354 0.427310 0.439171 0.422880 0.396354 0.427310 0.378980 0.536146 0.374494 0.659913 0.439171 0.422880 0.439609 0.524952 0.434418 0.642785
304 0.391393 0.302340 0.422109 0.422843 0.400942 0.424080 0.443277 0.421606 0.400942 0.424080 0.381966 0.533546 0.375823 0.658757 0.443277 0.421606 0.440344 0.525822 0.434662 0.643172
305 0.393748 0.301185 0.426226 0.422192 0.405599 0.422822 0.446853 0.421562 0.405599 0.422822 0.384793 0.533497 0.377303 0.658109 0.446853 0.421562 0.442206 0.525940 0.435677 0.641881
306 0.396696 0.300044 0.430827 0.422497 0.410846 0.422957 0.450808 0.422037 0.410846 0.422957 0.388447 0.533402 0.378317 0.657547 0.450808 0.422037 0.446547 0.526022 0.437066 0.642021
307 0.399258 0.298663 0.436071 0.422040 0.416272 0.422215 0.455870 0.421864 0.416272 0.422215 0.394036 0.533790 0.378404 0.658754 0.455870 0.421864 0.448623 0.525577 0.437693 0.642224
308 0.401883 0.298186 0.440770 0.422458 0.420726 0.422813 0.460813 0.422104 0.420726 0.422813 0.399269 0.535200 0.379391 0.658843 0.460813 0.422104 0.449684 0.525750 0.437086 0.641977
309 0.401858 0.296562 0.443710 0.422850 0.424602 0.423484 0.462818 0.422216 0.424602 0.423484 0.403861 0.535289 0.382649 0.656703 0.462818 0.422216 0.448209 0.525938 0.435888 0.641195
310 0.402228 0.294896 0.446129 0.423036 0.427304 0.423795 0.464955 0.422276 0.427304 0.423795 0.406720 0.534981 0.387412 0.654519 0.464955 0.422276 0.448009 0.525347 0.435726 0.639440
311 0.402579 0.293564 0.447897 0.421822 0.429684 0.422701 0.466110 0.420944 0.429684 0.422701 0.408641 0.534162 0.393486 0.653927 0.466110 0.420944 0.447473 0.524654 0.433606 0.638315
312 0.403390 0.292827 0.448715 0.421774 0.431070 0.422977 0.466359 0.420571 0.431070 0.422977 0.410639 0.534143 0.399093 0.653482 0.466359 0.420571 0.446983 0.525401 0.430567 0.638553
313 0.403600 0.291460 0.451200 0.420495 0.434863 0.422667 0.467537 0.418323 0.434863 0.422667 0.414410 0.533850 0.405145 0.652433 0.467537 0.418323 0.444742 0.525140 0.427108 0.638528
314 0.403932 0.290547 0.452603 0.420716 0.436962 0.423080 0.468243 0.418351 0.436962 0.423080 0.416523 0.533964 0.410378 0.652485 0.468243 0.418351 0.443731 0.524986 0.427100 0.638670
315 0.404110 0.289210 0.454821 0.420229 0.440327 0.423146 0.469315 0.417311 0.440327 0.423146 0.419817 0.533859 0.415682 0.652083 0.469315 0.417311 0.443578 0.523490 0.427559 0.638050
316 0.404314 0.288139 0.456257 0.419687 0.443254 0.423261 0.469259 0.416114 0.443254 0.423261 0.421125 0.533777 0.419645 0.651868 0.469259 0.416114 0.443542 0.522843 0.427691 0.638172
317 0.404111 0.285509 0.457543 0.419286 0.445829 0.423323 0.469258 0.415248 0.445829 0.423323 0.422764 0.533968 0.422809 0.651240 0.469258 0.415248 0.443499 0.522630 0.427733 0.636830
318 0.404079 0.283419 0.458646 0.418637 0.447814 0.423375 0.469477 0.413899 0.447814 0.423375 0.424074 0.534099 0.425367 0.651349 0.469477 0.413899 0.443489 0.522479 0.428790 0.636350
319 0.404377 0.280844 0.459659 0.416969 0.448950 0.422658 0.470368 0.411281 0.448950 0.422658 0.425577 0.534208 0.427690 0.651401 0.470368 0.411281 0.443550 0.522463 0.430680 0.636310
320 0.405207 0.278738 0.461173 0.415434 0.451997 0.421385 0.470348 0.409483 0.451997 0.421385 0.426847 0.533811 0.429657 0.651480 0.470348 0.409483 0.443362 0.520740 0.432281 0.635044
321 0.405871 0.276085 0.462507 0.411533 0.455085 0.417622 0.469929 0.405445 0.455085 0.417622 0.429767 0.533542 0.431229 0.651517 0.469929 0.405445 0.443341 0.518441 0.433117 0.634913
322 0.406522 0.273272 0.462648 0.408174 0.455740 0.414843 0.469555 0.401506 0.455740 0.414843 0.430977 0.531990 0.431994 0.650962 0.469555 0.401506 0.443340 0.515871 0.434007 0.634574
323 0.406360 0.271740 0.462326 0.407332 0.455723 0.414070 0.468929 0.400594 0.455723 0.414070 0.432023 0.531268 0.432900 0.650449 0.468929 0.400594 0.443379 0.515211 0.435323 0.634631
324 0.406219 0.270187 0.461928 0.406277 0.455018 0.413391 0.468838 0.399162 0.455018 0.413391 0.433338 0.530423 0.433371 0.649384 0.468838 0.399162 0.443756 0.515155 0.436452 0.634652
325 0.406502 0.269948 0.460879 0.406200 0.454259 0.413237 0.467499 0.399162 0.454259 0.413237 0.433842 0.529476 0.433291 0.648724 0.467499 0.399162 0.444083 0.514786 0.436834 0.634697
326 0.407275 0.269265 0.459638 0.406219 0.453425 0.413010 0.465851 0.399428 0.453425 0.413010 0.433071 0.528665 0.433067 0.648024 0.465851 0.399428 0.444195 0.514396 0.436912 0.634737
327 0.407830 0.267983 0.458503 0.406742 0.453223 0.413369 0.463782 0.400114 0.453223 0.413369 0.432155 0.528651 0.433000 0.647782 0.463782 0.400114 0.443887 0.514355 0.436870 0.634830
328 -1 -1 -1 -1 -1 -1 -1 -1 -1 -1 -1 -1 -1 -1 -1 -1 -1 -1 -1 -1
329 -1 -1 -1 -1 -1 -1 -1 -1 -1 -1 -1 -1 -1 -1 -1 -1 -1 -1 -1 -1
330 -1 -1 -1 -1 -1 -1 -1 -1 -1 -1 -1 -1 -1 -1 -1 -1 -1 -1 -1 -1
331 -1 -1 -1 -1 -1 -1 -1 -1 -1 -1 -1 -1 -1 -1 -1 -1 -1 -1 -1 -1
332 -1 -1 -1 -1 -1 -1 -1 -1 -1 -1 -1 -1 -1 -1 -1 -1 -1 -1 -1 -1
333 -1 -1 -1 -1 -1 -1 -1 -1 -1 -1 -1 -1 -1 -1 -1 -1 -1 -1 -1 -1
334 -1 -1 -1 -1 -1 -1 -1 -1 -1 -1 -1 -1 -1 -1 -1 -1 -1 -1 -1 -1
335 -1 -1 -1 -1 -1 -1 -1 -1 -1 -1 -1 -1 -1 -1 -1 -1 -1 -1 -1 -1
336 -1 -1 -1 -1 -1 -1 -1 -1 -1 -1 -1 -1 -1 -1 -1 -1 -1 -1 -1 -1
337 -1 -1 -1 -1 -1 -1 -1 -1 -1 -1 -1 -1 -1 -1 -1 -1 -1 -1 -1 -1
338 -1 -1 -1 -1 -1 -1 -1 -1 -1 -1 -1 -1 -1 -1 -1 -1 -1 -1 -1 -1
339 -1 -1 -1 -1 -1 -1 -1 -1 -1 -1 -1 -1 -1 -1 -1 -1 -1 -1 -1 -1
340 -1 -1 -1 -1 -1 -1 -1 -1 -1 -1 -1 -1 -1 -1 -1 -1 -1 -1 -1 -1
341 -1 -1 -1 -1 -1 -1 -1 -1 -1 -1 -1 -1 -1 -1 -1 -1 -1 -1 -1 -1
342 -1 -1 -1 -1 -1 -1 -1 -1 -1 -1 -1 -1 -1 -1 -1 -1 -1 -1 -1 -1
343 -1 -1 -1 -1 -1 -1 -1 -1 -1 -1 -1 -1 -1 -1 -1 -1 -1 -1 -1 -1
344 -1 -1 -1 -1 -1 -1 -1 -1 -1 -1 -1 -1 -1 -1 -1 -1 -1 -1 -1 -1
345 0.410306 0.249909 0.430763 0.402944 0.436053 0.407372 0.425472 0.398515 0.436053 0.407372 0.419087 0.520394 0.431877 0.642745 0.425472 0.398515 0.408646 0.513111 0.415388 0.623731
346 0.410182 0.250409 0.428249 0.405135 0.432950 0.410253 0.423548 0.400016 0.432950 0.410253 0.419187 0.525896 0.432244 0.645037 0.423548 0.400016 0.406203 0.516218 0.414860 0.622946
347 0.410573 0.251197 0.426034 0.407982 0.432675 0.413527 0.419393 0.402436 0.432675 0.413527 0.419158 0.532582 0.433332 0.646540 0.419393 0.402436 0.400923 0.518568 0.412783 0.621491
348 0.411036 0.251777 0.423970 0.408863 0.432723 0.414131 0.415216 0.403594 0.432723 0.414131 0.419201 0.535519 0.434298 0.647413 0.415216 0.403594 0.399275 0.519923 0.410304 0.620767
349 0.411939 0.251241 0.423430 0.409143 0.433239 0.413898 0.413621 0.404389 0.433239 0.413898 0.421290 0.534238 0.436268 0.648036 0.413621 0.404389 0.399322 0.522143 0.410881 0.623042
350 0.412502 0.251207 0.422501 0.409660 0.433407 0.413851 0.411594 0.405469 0.433407 0.413851 0.424291 0.534228 0.438427 0.648354 0.411594 0.405469 0.399048 0.523383 0.411796 0.624268
351 0.412625 0.251758 0.421984 0.410293 0.433531 0.414303 0.410438 0.406282 0.433531 0.414303 0.427091 0.534798 0.439264 0.648151 0.410438 0.406282 0.399235 0.523809 0.411629 0.624254
352 0.412205 0.252051 0.421992 0.410798 0.433753 0.414630 0.410230 0.406966 0.433753 0.414630 0.428303 0.535056 0.440079 0.647607 0.410230 0.406966 0.399991 0.524167 0.411759 0.624175
353 0.412796 0.252002 0.421889 0.412349 0.433941 0.415826 0.409837 0.408872 0.433941 0.415826 0.429331 0.536597 0.440540 0.647391 0.409837 0.408872 0.399712 0.524723 0.411933 0.623886
354 0.413598 0.251965 0.421722 0.414280 0.434136 0.417938 0.409308 0.410622 0.434136 0.417938 0.430738 0.537617 0.440940 0.646904 0.409308 0.410622 0.399775 0.526943 0.412190 0.623802
355 0.414268 0.251963 0.421475 0.413827 0.434217 0.417644 0.408734 0.410010 0.434217 0.417644 0.431036 0.536968 0.440762 0.645356 0.408734 0.410010 0.399705 0.526345 0.411763 0.623643
356 0.415167 0.252722 0.421478 0.413524 0.434571 0.417431 0.408384 0.409617 0.434571 0.417431 0.431473 0.536925 0.440607 0.644038 0.408384 0.409617 0.400037 0.525979 0.411745 0.623630
357 0.416082 0.253879 0.422077 0.413325 0.435471 0.417244 0.408683 0.409406 0.435471 0.417244 0.431801 0.536867 0.440486 0.643234 0.408683 0.409406 0.400308 0.525660 0.411776 0.623655
358 0.417405 0.254320 0.422636 0.413239 0.436146 0.417105 0.409126 0.409374 0.436146 0.417105 0.433208 0.535798 0.440401 0.642613 0.409126 0.409374 0.400374 0.525480 0.411922 0.623817
359 0.418762 0.256077 0.423732 0.413209 0.437966 0.417077 0.409498 0.409341 0.437966 0.417077 0.434777 0.536973 0.440654 0.642850 0.409498 0.409341 0.400834 0.526181 0.412644 0.624933
360 0.420140 0.257322 0.425094 0.412259 0.440499 0.416150 0.409689 0.408368 0.440499 0.416150 0.437572 0.536858 0.441070 0.643315 0.409689 0.408368 0.403429 0.525711 0.412662 0.625679
361 0.422122 0.257837 0.426303 0.407044 0.442682 0.411334 0.409923 0.402754 0.442682 0.411334 0.438893 0.535430 0.441337 0.642695 0.409923 0.402754 0.405230 0.523011 0.412533 0.625638
362 0.424202 0.258782 0.426953 0.406748 0.443755 0.411472 0.410150 0.402024 0.443755 0.411472 0.438833 0.535420 0.441322 0.642499 0.410150 0.402024 0.405895 0.522934 0.412509 0.625610
363 0.426545 0.260033 0.427512 0.406740 0.444570 0.411520 0.410453 0.401961 0.444570 0.411520 0.439122 0.536759 0.441388 0.642588 0.410453 0.401961 0.405907 0.523001 0.412696 0.625585
364 0.428813 0.261416 0.427961 0.410201 0.445290 0.415202 0.410631 0.405200 0.445290 0.415202 0.438868 0.541158 0.441475 0.642636 0.410631 0.405200 0.405847 0.524146 0.412702 0.625623
365 0.430739 0.261518 0.428876 0.410334 0.446890 0.415388 0.410861 0.405280 0.446890 0.415388 0.438837 0.540753 0.441626 0.642807 0.410861 0.405280 0.405223 0.524136 0.412976 0.625656
366 0.432842 0.260948 0.429859 0.411787 0.448435 0.416811 0.411282 0.406763 0.448435 0.416811 0.439997 0.541093 0.441708 0.642820 0.411282 0.406763 0.402916 0.524186 0.412961 0.625640
367 0.434310 0.261238 0.431063 0.412942 0.450141 0.418190 0.411985 0.407695 0.450141 0.418190 0.440739 0.542704 0.442151 0.642842 0.411985 0.407695 0.401170 0.525642 0.412839 0.625578
368 0.435333 0.261209 0.431976 0.413210 0.451290 0.418672 0.412662 0.407748 0.451290 0.418672 0.440814 0.543885 0.442269 0.643187 0.412662 0.407748 0.400447 0.525638 0.412815 0.625449
369 0.435639 0.260450 0.431756 0.413765 0.450804 0.419367 0.412708 0.408162 0.450804 0.419367 0.440610 0.543774 0.442311 0.643515 0.412708 0.408162 0.400204 0.526616 0.412660 0.625612
370 0.436552 0.259145 0.432520 0.412311 0.451748 0.417822 0.413291 0.406800 0.451748 0.417822 0.440668 0.543560 0.442365 0.643696 0.413291 0.406800 0.395303 0.525225 0.412304 0.627209
371 0.437118 0.258331 0.433063 0.409225 0.452234 0.413468 0.413892 0.404981 0.452234 0.413468 0.441292 0.538809 0.442358 0.643744 0.413892 0.404981 0.395693 0.521901 0.411255 0.630890
372 0.437289 0.257599 0.433027 0.408274 0.452222 0.411725 0.413832 0.404824 0.452222 0.411725 0.441906 0.535251 0.442159 0.644217 0.413832 0.404824 0.395806 0.522093 0.409312 0.635204
373 0.436919 0.257367 0.432884 0.407473 0.452124 0.410551 0.413643 0.404396 0.452124 0.410551 0.442646 0.531839 0.442144 0.644208 0.413643 0.404396 0.397099 0.520510 0.406392 0.638886
374 0.435905 0.257860 0.431973 0.410436 0.451900 0.412868 0.412046 0.408004 0.451900 0.412868 0.443272 0.532470 0.442125 0.644448 0.412046 0.408004 0.397263 0.525416 0.403209 0.642764
375 0.433643 0.259520 0.431096 0.413522 0.451845 0.415286 0.410347 0.411758 0.451845 0.415286 0.443245 0.532965 0.441991 0.645146 0.410347 0.411758 0.397323 0.530798 0.401897 0.647562
376 0.431644 0.260737 0.429549 0.413876 0.451061 0.415281 0.408037 0.412471 0.451061 0.415281 0.443127 0.533292 0.441964 0.646337 0.408037 0.412471 0.397660 0.534819 0.402084 0.653061
377 0.429880 0.262402 0.428288 0.414892 0.450126 0.416173 0.406451 0.413612 0.450126 0.416173 0.443062 0.533508 0.441944 0.647119 0.406451 0.413612 0.397772 0.535756 0.401439 0.655539
378 0.427317 0.263636 0.426826 0.420066 0.448331 0.421136 0.405321 0.418996 0.448331 0.421136 0.443042 0.541982 0.441940 0.648267 0.405321 0.418996 0.397882 0.546011 0.401080 0.656260
379 0.424494 0.264612 0.425836 0.423303 0.447323 0.424718 0.404350 0.421888 0.447323 0.424718 0.442868 0.547693 0.441936 0.650679 0.404350 0.421888 0.397959 0.548405 0.401152 0.657134
380 0.421805 0.265526 0.425136 0.423382 0.446669 0.425465 0.403603 0.421298 0.446669 0.425465 0.442394 0.550377 0.441938 0.653085 0.403603 0.421298 0.397732 0.546391 0.400618 0.658074
381 0.418624 0.265926 0.423296 0.423666 0.444696 0.426095 0.401895 0.421237 0.444696 0.426095 0.442105 0.550995 0.441935 0.654617 0.401895 0.421237 0.397223 0.544495 0.399762 0.656882
382 0.416710 0.266520 0.421591 0.425883 0.442768 0.428536 0.400414 0.423230 0.442768 0.428536 0.442082 0.552624 0.441938 0.654286 0.400414 0.423230 0.396857 0.545318 0.398680 0.656671
383 0.414946 0.267437 0.420667 0.425158 0.441634 0.427676 0.399699 0.422640 0.441634 0.427676 0.442128 0.551605 0.441869 0.653944 0.399699 0.422640 0.396852 0.544360 0.397894 0.656348
384 0.413527 0.267953 0.419842 0.424608 0.440951 0.427115 0.398733 0.422101 0.440951 0.427115 0.441882 0.549644 0.441727 0.653760 0.398733 0.422101 0.396866 0.543968 0.397617 0.656846
385 0.412414 0.267238 0.418994 0.424362 0.440091 0.426670 0.397896 0.422054 0.440091 0.426670 0.441622 0.549137 0.441798 0.653821 0.397896 0.422054 0.396912 0.544539 0.397631 0.657332
386 0.412391 0.266996 0.418715 0.424011 0.440187 0.426226 0.397243 0.421797 0.440187 0.426226 0.441543 0.548883 0.441831 0.656544 0.397243 0.421797 0.396850 0.545390 0.397798 0.658228
387 0.412249 0.266451 0.418633 0.423718 0.440313 0.425820 0.396953 0.421615 0.440313 0.425820 0.441406 0.549178 0.441842 0.659600 0.396953 0.421615 0.396851 0.547542 0.397932 0.659007
388 0.412164 0.265325 0.418659 0.423767 0.440394 0.425626 0.396924 0.421908 0.440394 0.425626 0.441380 0.551895 0.441845 0.661830 0.396924 0.421908 0.396694 0.548864 0.397922 0.658769
389 0.412315 0.264401 0.418745 0.423652 0.440532 0.425504 0.396958 0.421800 0.440532 0.425504 0.441327 0.552780 0.441773 0.664747 0.396958 0.421800 0.396705 0.549852 0.397944 0.659258
390 0.412702 0.263790 0.418862 0.423692 0.440621 0.425497 0.397102 0.421887 0.440621 0.425497 0.441274 0.554154 0.441776 0.667070 0.397102 0.421887 0.396677 0.551571 0.397996 0.660597
391 0.412981 0.261254 0.418863 0.423907 0.440655 0.425742 0.397070 0.422073 0.440655 0.425742 0.441173 0.556213 0.441776 0.669531 0.397070 0.422073 0.396762 0.552204 0.398034 0.661117
392 0.414532 0.260798 0.418939 0.424012 0.440714 0.425745 0.397164 0.422280 0.440714 0.425745 0.441165 0.556170 0.441746 0.670850 0.397164 0.422280 0.397016 0.551663 0.397844 0.660899
393 0.416455 0.260587 0.418959 0.423819 0.440755 0.425705 0.397163 0.421933 0.440755 0.425705 0.441232 0.555724 0.441668 0.671516 0.397163 0.421933 0.397274 0.549848 0.397727 0.660851
394 0.419066 0.260993 0.419003 0.423991 0.440790 0.426107 0.397216 0.421874 0.440790 0.426107 0.441287 0.556422 0.441542 0.672781 0.397216 0.421874 0.397396 0.549829 0.397748 0.660726
395 0.422004 0.261176 0.419151 0.424689 0.440995 0.427429 0.397307 0.421950 0.440995 0.427429 0.441713 0.557947 0.441539 0.674401 0.397307 0.421950 0.397558 0.550026 0.397820 0.660775
396 0.424876 0.261626 0.420984 0.424961 0.442894 0.427424 0.399075 0.422499 0.442894 0.427424 0.442335 0.557250 0.441614 0.674030 0.399075 0.422499 0.398383 0.550527 0.398601 0.661217
397 0.429001 0.262691 0.422525 0.425046 0.444129 0.427594 0.400921 0.422498 0.444129 0.427594 0.442568 0.554885 0.441589 0.673365 0.400921 0.422498 0.399854 0.549761 0.398983 0.657917
398 0.432140 0.264947 0.424403 0.425816 0.445707 0.428774 0.403099 0.422857 0.445707 0.428774 0.442760 0.554401 0.441275 0.672926 0.403099 0.422857 0.400861 0.548587 0.398701 0.656275
399 0.435226 0.265934 0.426249 0.427070 0.447345 0.430223 0.405153 0.423918 0.447345 0.430223 0.442991 0.555187 0.441239 0.673323 0.405153 0.423918 0.402714 0.548609 0.399053 0.657164
400 0.437737 0.267538 0.428087 0.427466 0.449231 0.430457 0.406944 0.424474 0.449231 0.430457 0.443824 0.554435 0.441253 0.673088 0.406944 0.424474 0.403208 0.550050 0.399797 0.659915
401 0.440539 0.267844 0.429598 0.427723 0.450832 0.430832 0.408364 0.424613 0.450832 0.430832 0.445007 0.553896 0.441537 0.672877 0.408364 0.424613 0.405877 0.545761 0.400136 0.659123
402 0.442580 0.268291 0.430480 0.427622 0.451621 0.430756 0.409339 0.424488 0.451621 0.430756 0.445768 0.553648 0.441766 0.672701 0.409339 0.424488 0.407607 0.540666 0.401959 0.656779
403 0.444166 0.268160 0.431636 0.426604 0.452693 0.429851 0.410579 0.423357 0.452693 0.429851 0.446815 0.553411 0.441967 0.672589 0.410579 0.423357 0.408559 0.534719 0.404652 0.654507
404 0.445577 0.268465 0.432615 0.422892 0.453651 0.426145 0.411579 0.419639 0.453651 0.426145 0.448451 0.551795 0.442075 0.672602 0.411579 0.419639 0.408552 0.532682 0.406261 0.654244
405 0.447185 0.268231 0.433450 0.422240 0.454438 0.425548 0.412461 0.418932 0.454438 0.425548 0.449464 0.551788 0.442095 0.673051 0.412461 0.418932 0.408945 0.532412 0.407621 0.653729
406 0.448422 0.268216 0.434050 0.421415 0.454958 0.424998 0.413142 0.417832 0.454958 0.424998 0.450104 0.551768 0.442260 0.673224 0.413142 0.417832 0.409321 0.533572 0.409340 0.653932
407 0.449292 0.268282 0.434405 0.421755 0.455237 0.425550 0.413572 0.417959 0.455237 0.425550 0.450075 0.556412 0.442343 0.674155 0.413572 0.417959 0.409096 0.548795 0.410636 0.664700
408 0.450005 0.268253 0.434676 0.422857 0.455568 0.426890 0.413783 0.418824 0.455568 0.426890 0.449923 0.559474 0.442282 0.675510 0.413783 0.418824 0.408919 0.554347 0.411369 0.671846
409 0.449915 0.268326 0.434836 0.422693 0.455767 0.426628 0.413905 0.418759 0.455767 0.426628 0.449784 0.559136 0.442243 0.676234 0.413905 0.418759 0.408788 0.555412 0.412494 0.675233
410 0.449569 0.268365 0.435173 0.423245 0.456208 0.426937 0.414139 0.419554 0.456208 0.426937 0.449739 0.558802 0.441887 0.676166 0.414139 0.419554 0.408334 0.559361 0.412993 0.675948
411 0.449359 0.268554 0.435575 0.426434 0.456593 0.429163 0.414557 0.423706 0.456593 0.429163 0.447240 0.558808 0.440193 0.676206 0.414557 0.423706 0.406986 0.564133 0.413299 0.677411
412 0.449209 0.268569 0.436552 0.425651 0.458435 0.427830 0.414668 0.423472 0.458435 0.427830 0.444891 0.553515 0.434920 0.671676 0.414668 0.423472 0.406980 0.561447 0.413268 0.676166
413 0.449644 0.267708 0.437341 0.425987 0.459447 0.427859 0.415235 0.424115 0.459447 0.427859 0.444047 0.552194 0.432288 0.669610 0.415235 0.424115 0.406977 0.559980 0.413440 0.675801
414 0.450859 0.266660 0.437439 0.431931 0.459285 0.434483 0.415592 0.429379 0.459285 0.434483 0.439496 0.552994 0.431552 0.669680 0.415592 0.429379 0.406976 0.559565 0.413721 0.675142
415 0.453675 0.265059 0.439452 0.435808 0.460389 0.438822 0.418515 0.432793 0.460389 0.438822 0.440306 0.555002 0.432404 0.669796 0.418515 0.432793 0.407706 0.560039 0.414040 0.674573
416 0.455748 0.266329 0.444207 0.437626 0.465093 0.440438 0.423321 0.434814 0.465093 0.440438 0.447825 0.557953 0.432771 0.672421 0.423321 0.434814 0.410811 0.559727 0.413939 0.674529
417 0.458081 0.269602 0.450578 0.444338 0.471962 0.447231 0.429194 0.441444 0.471962 0.447231 0.452915 0.565467 0.432891 0.675177 0.429194 0.441444 0.413395 0.562757 0.414333 0.674256
418 0.461404 0.274464 0.457399 0.447104 0.478078 0.449393 0.436720 0.444814 0.478078 0.449393 0.456808 0.564493 0.433290 0.675303 0.436720 0.444814 0.416450 0.563180 0.414333 0.674143
419 0.464735 0.278899 0.462783 0.446886 0.484219 0.448910 0.441347 0.444861 0.484219 0.448910 0.461235 0.566003 0.433557 0.676779 0.441347 0.444861 0.421232 0.564597 0.414313 0.674137
420 0.468753 0.287138 0.467375 0.452231 0.488718 0.454206 0.446033 0.450256 0.488718 0.454206 0.465230 0.572777 0.435376 0.679451 0.446033 0.450256 0.427007 0.569631 0.415062 0.674440
421 0.474930 0.296881 0.476511 0.463403 0.496785 0.465820 0.456237 0.460986 0.496785 0.465820 0.469234 0.583870 0.437768 0.680486 0.456237 0.460986 0.432833 0.577438 0.417053 0.676813
422 0.483569 0.306697 0.487934 0.471430 0.509039 0.474661 0.466829 0.468199 0.509039 0.474661 0.480214 0.589208 0.440350 0.684219 0.466829 0.468199 0.441522 0.580151 0.418977 0.678054
423 0.493669 0.317469 0.496729 0.486476 0.518400 0.491738 0.475058 0.481213 0.518400 0.491738 0.491493 0.600566 0.444957 0.689439 0.475058 0.481213 0.446489 0.585421 0.421776 0.679385
424 0.503241 0.331236 0.508263 0.494967 0.529736 0.500124 0.486790 0.489809 0.529736 0.500124 0.503026 0.604945 0.448028 0.690771 0.486790 0.489809 0.457628 0.586738 0.428554 0.679913
425 0.512612 0.347772 0.516631 0.513159 0.538165 0.518955 0.495097 0.507362 0.538165 0.518955 0.515116 0.608407 0.453105 0.691957 0.495097 0.507362 0.466649 0.592418 0.435612 0.685121
426 0.521425 0.364471 0.529141 0.525696 0.550613 0.529503 0.507668 0.521889 0.550613 0.529503 0.520940 0.635131 0.456157 0.712241 0.507668 0.521889 0.480096 0.616555 0.435416 0.692109
427 0.531036 0.388517 0.541463 0.547567 0.564216 0.553575 0.518710 0.541558 0.564216 0.553575 0.524803 0.675719 0.460384 0.741756 0.518710 0.541558 0.477720 0.658844 0.432703 0.699084
428 0.540498 0.416333 0.553795 0.573223 0.577378 0.578005 0.530212 0.568441 0.577378 0.578005 0.532638 0.708459 0.479301 0.738220 0.530212 0.568441 0.473152 0.675601 0.415922 0.701728
429 0.553976 0.451390 0.563674 0.609458 0.587185 0.617355 0.540163 0.601560 0.587185 0.617355 0.540524 0.753168 0.491822 0.752916 0.540163 0.601560 0.470035 0.702236 0.412170 0.699224
430 0.573990 0.495666 0.570741 0.656380 0.593590 0.666120 0.547892 0.646640 0.593590 0.666120 0.553289 0.796507 0.519681 0.781747 0.547892 0.646640 0.467863 0.711246 0.407896 0.698456
431 0.588656 0.534611 0.580643 0.677876 0.602234 0.691911 0.559052 0.663840 0.602234 0.691911 0.545657 0.816697 0.515562 0.790723 0.559052 0.663840 0.478679 0.747623 0.409849 0.700874
432 0.609595 0.593802 0.593808 0.709189 0.610648 0.726579 0.576969 0.691799 0.610648 0.726579 0.541124 0.823617 0.499307 0.779438 0.576969 0.691799 0.485096 0.754933 0.424629 0.738520
433 0.626044 0.643701 0.606962 0.739276 0.619741 0.762340 0.594184 0.716212 0.619741 0.762340 0.535978 0.808779 0.463883 0.773739 0.594184 0.716212 0.501648 0.752098 0.475628 0.757416
434 0.633999 0.689618 0.619766 0.768821 0.637545 0.791283 0.601986 0.746359 0.637545 0.791283 0.544806 0.798863 0.464935 0.777262 0.601986 0.746359 0.512701 0.744669 0.468941 0.751620
435 0.668834 0.730147 0.645703 0.780960 0.666735 0.803573 0.624671 0.758346 0.666735 0.803573 0.594408 0.774981 0.516139 0.720127 0.624671 0.758346 0.536291 0.739158 0.462123 0.740406
436 0.684989 0.738849 0.664630 0.743028 0.690728 0.763654 0.638532 0.722403 0.690728 0.763654 0.622545 0.772428 0.551031 0.722454 0.638532 0.722403 0.548322 0.737785 0.462277 0.732143
437 0.713369 0.731292 0.692963 0.749933 0.711622 0.779615 0.674304 0.720251 0.711622 0.779615 0.607836 0.781554 0.530157 0.747226 0.674304 0.720251 0.566610 0.731418 0.471269 0.724907
438 0.724419 0.732022 0.691039 0.751099 0.710783 0.780986 0.671295 0.721211 0.710783 0.780986 0.593405 0.773827 0.522316 0.738149 0.671295 0.721211 0.564560 0.728923 0.469818 0.689206
439 0.736390 0.752607 0.689021 0.765778 0.707190 0.786929 0.670853 0.744627 0.707190 0.786929 0.598857 0.777548 0.518995 0.731813 0.670853 0.744627 0.561234 0.726507 0.468120 0.655689
440 0.753012 0.773417 0.718979 0.781100 0.736970 0.808388 0.700988 0.753811 0.736970 0.808388 0.687334 0.806668 0.574591 0.819641 0.700988 0.753811 0.592656 0.724747 0.487597 0.634487
441 0.755006 0.770377 0.712118 0.775944 0.728230 0.801783 0.696005 0.750105 0.728230 0.801783 0.686641 0.827038 0.580523 0.824586 0.696005 0.750105 0.591864 0.720859 0.491765 0.618583
442 0.764970 0.766348 0.715068 0.791180 0.724840 0.816373 0.705296 0.765988 0.724840 0.816373 0.660114 0.845407 0.569542 0.823049 0.705296 0.765988 0.602814 0.714306 0.499107 0.608373
443 0.769420 0.771175 0.707625 0.799137 0.712907 0.827804 0.702343 0.770470 0.712907 0.827804 0.655444 0.827487 0.563920 0.727609 0.702343 0.770470 0.596158 0.709466 0.508190 0.599368
444 0.775245 0.769589 0.703215 0.797251 0.709122 0.823318 0.697307 0.771184 0.709122 0.823318 0.651081 0.840969 0.572131 0.740070 0.697307 0.771184 0.595412 0.705501 0.520968 0.614938
445 0.776748 0.763382 0.697956 0.788942 0.705804 0.813492 0.690108 0.764391 0.705804 0.813492 0.642583 0.830289 0.570050 0.743449 0.690108 0.764391 0.599437 0.706105 0.524764 0.611792
446 0.778580 0.764323 0.696252 0.786334 0.705240 0.812554 0.687264 0.760113 0.705240 0.812554 0.634252 0.844275 0.577375 0.755809 0.687264 0.760113 0.603300 0.715679 0.525593 0.616323
447 0.779117 0.765758 0.691974 0.783260 0.699243 0.809713 0.684705 0.756806 0.699243 0.809713 0.630918 0.845999 0.579746 0.759812 0.684705 0.756806 0.605912 0.722595 0.529929 0.621223
448 0.780511 0.770072 0.693253 0.782569 0.697207 0.809460 0.689298 0.755677 0.697207 0.809460 0.629611 0.850090 0.576038 0.759643 0.689298 0.755677 0.609710 0.739862 0.532984 0.653063
449 0.778633 0.773831 0.692000 0.782171 0.696361 0.809275 0.687639 0.755066 0.696361 0.809275 0.623304 0.852218 0.578560 0.756947 0.687639 0.755066 0.608461 0.766581 0.534673 0.689786
450 0.777605 0.773420 0.691159 0.782068 0.695609 0.810133 0.686710 0.754004 0.695609 0.810133 0.618196 0.853387 0.579595 0.759141 0.686710 0.754004 0.604317 0.774134 0.533642 0.717364
451 0.775195 0.772744 0.690134 0.782802 0.694117 0.812292 0.686151 0.753312 0.694117 0.812292 0.614970 0.854552 0.583342 0.767132 0.686151 0.753312 0.604073 0.779896 0.530016 0.739232
452 0.773234 0.770847 0.687359 0.783178 0.692575 0.813427 0.682144 0.752928 0.692575 0.813427 0.613783 0.854446 0.579180 0.768484 0.682144 0.752928 0.602468 0.792139 0.527501 0.746901
453 0.771709 0.769941 0.682333 0.784410 0.688790 0.815798 0.675876 0.753021 0.688790 0.815798 0.613299 0.859561 0.588021 0.771553 0.675876 0.753021 0.601278 0.800748 0.526930 0.747141
454 0.767133 0.770688 0.678477 0.785184 0.685228 0.815725 0.671725 0.754643 0.685228 0.815725 0.611058 0.856349 0.577676 0.770342 0.671725 0.754643 0.595369 0.805881 0.524280 0.745571
455 0.761190 0.769493 0.672668 0.786612 0.681101 0.815395 0.664235 0.757830 0.681101 0.815395 0.611236 0.855537 0.572178 0.769915 0.664235 0.757830 0.592984 0.806452 0.520661 0.745113
456 0.757096 0.766646 0.672672 0.785868 0.682811 0.814578 0.662533 0.757159 0.682811 0.814578 0.611035 0.854935 0.568477 0.768993 0.662533 0.757159 0.590742 0.804730 0.513797 0.746486
457 0.753366 0.763297 0.670056 0.784333 0.681278 0.811801 0.658833 0.756865 0.681278 0.811801 0.603568 0.851053 0.553654 0.769004 0.658833 0.756865 0.589535 0.808800 0.511087 0.752630
458 0.750027 0.760938 0.667945 0.783893 0.679247 0.811280 0.656644 0.756506 0.679247 0.811280 0.605592 0.850811 0.550966 0.773474 0.656644 0.756506 0.588911 0.802712 0.511009 0.758849
459 0.745851 0.759590 0.663204 0.781451 0.673365 0.806455 0.653042 0.756447 0.673365 0.806455 0.600481 0.829768 0.545817 0.773574 0.653042 0.756447 0.585347 0.798226 0.509050 0.761602
460 0.741238 0.755206 0.661208 0.778159 0.672641 0.800025 0.649776 0.756293 0.672641 0.800025 0.602710 0.832613 0.550770 0.779386 0.649776 0.756293 0.585570 0.795758 0.507868 0.761523
461 0.739125 0.754165 0.662237 0.777902 0.674512 0.799974 0.649962 0.755829 0.674512 0.799974 0.603961 0.846917 0.555539 0.778493 0.649962 0.755829 0.588814 0.805789 0.508757 0.760916
462 0.736976 0.753678 0.662560 0.778108 0.675877 0.800465 0.649244 0.755750 0.675877 0.800465 0.603805 0.842332 0.563226 0.777881 0.649244 0.755750 0.589289 0.803914 0.508849 0.759480
463 0.735758 0.753134 0.662814 0.778018 0.676648 0.800928 0.648979 0.755108 0.676648 0.800928 0.603375 0.841500 0.565309 0.777046 0.648979 0.755108 0.589325 0.802534 0.512275 0.757542
464 0.734073 0.752937 0.662401 0.778217 0.676839 0.801305 0.647963 0.755130 0.676839 0.801305 0.601266 0.833722 0.559910 0.776697 0.647963 0.755130 0.586839 0.795835 0.512339 0.756051
465 -1 -1 -1 -1 -1 -1 -1 -1 -1 -1 -1 -1 -1 -1 -1 -1 -1 -1 -1 -1
466 -1 -1 -1 -1 -1 -1 -1 -1 -1 -1 -1 -1 -1 -1 -1 -1 -1 -1 -1 -1
467 -1 -1 -1 -1 -1 -1 -1 -1 -1 -1 -1 -1 -1 -1 -1 -1 -1 -1 -1 -1
468 -1 -1 -1 -1 -1 -1 -1 -1 -1 -1 -1 -1 -1 -1 -1 -1 -1 -1 -1 -1
469 -1 -1 -1 -1 -1 -1 -1 -1 -1 -1 -1 -1 -1 -1 -1 -1 -1 -1 -1 -1
470 -1 -1 -1 -1 -1 -1 -1 -1 -1 -1 -1 -1 -1 -1 -1 -1 -1 -1 -1 -1
471 -1 -1 -1 -1 -1 -1 -1 -1 -1 -1 -1 -1 -1 -1 -1 -1 -1 -1 -1 -1
472 -1 -1 -1 -1 -1 -1 -1 -1 -1 -1 -1 -1 -1 -1 -1 -1 -1 -1 -1 -1
473 -1 -1 -1 -1 -1 -1 -1 -1 -1 -1 -1 -1 -1 -1 -1 -1 -1 -1 -1 -1
474 -1 -1 -1 -1 -1 -1 -1 -1 -1 -1 -1 -1 -1 -1 -1 -1 -1 -1 -1 -1
475 -1 -1 -1 -1 -1 -1 -1 -1 -1 -1 -1 -1 -1 -1 -1 -1 -1 -1 -1 -1
476 -1 -1 -1 -1 -1 -1 -1 -1 -1 -1 -1 -1 -1 -1 -1 -1 -1 -1 -1 -1
477 -1 -1 -1 -1 -1 -1 -1 -1 -1 -1 -1 -1 -1 -1 -1 -1 -1 -1 -1 -1
478 -1 -1 -1 -1 -1 -1 -1 -1 -1 -1 -1 -1 -1 -1 -1 -1 -1 -1 -1 -1
479 -1 -1 -1 -1 -1 -1 -1 -1 -1 -1 -1 -1 -1 -1 -1 -1 -1 -1 -1 -1
480 -1 -1 -1 -1 -1 -1 -1 -1 -1 -1 -1 -1 -1 -1 -1 -1 -1 -1 -1 -1
481 -1 -1 -1 -1 -1 -1 -1 -1 -1 -1 -1 -1 -1 -1 -1 -1 -1 -1 -1 -1
482 -1 -1 -1 -1 -1 -1 -1 -1 -1 -1 -1 -1 -1 -1 -1 -1 -1 -1 -1 -1
483 -1 -1 -1 -1 -1 -1 -1 -1 -1 -1 -1 -1 -1 -1 -1 -1 -1 -1 -1 -1
484 -1 -1 -1 -1 -1 -1 -1 -1 -1 -1 -1 -1 -1 -1 -1 -1 -1 -1 -1 -1
485 -1 -1 -1 -1 -1 -1 -1 -1 -1 -1 -1 -1 -1 -1 -1 -1 -1 -1 -1 -1
486 -1 -1 -1 -1 -1 -1 -1 -1 -1 -1 -1 -1 -1 -1 -1 -1 -1 -1 -1 -1
487 -1 -1 -1 -1 -1 -1 -1 -1 -1 -1 -1 -1 -1 -1 -1 -1 -1 -1 -1 -1
488 -1 -1 -1 -1 -1 -1 -1 -1 -1 -1 -1 -1 -1 -1 -1 -1 -1 -1 -1 -1
489 -1 -1 -1 -1 -1 -1 -1 -1 -1 -1 -1 -1 -1 -1 -1 -1 -1 -1 -1 -1
490 -1 -1 -1 -1 -1 -1 -1 -1 -1 -1 -1 -1 -1 -1 -1 -1 -1 -1 -1 -1
491 -1 -1 -1 -1 -1 -1 -1 -1 -1 -1 -1 -1 -1 -1 -1 -1 -1 -1 -1 -1
