87
99
0 -1 -1 -1 -1 -1 -1 -1 -1 -1 -1 -1 -1 -1 -1 -1 -1 -1 -1 -1 -1
1 -1 -1 -1 -1 -1 -1 -1 -1 -1 -1 -1 -1 -1 -1 -1 -1 -1 -1 -1 -1
2 -1 -1 -1 -1 -1 -1 -1 -1 -1 -1 -1 -1 -1 -1 -1 -1 -1 -1 -1 -1
3 -1 -1 -1 -1 -1 -1 -1 -1 -1 -1 -1 -1 -1 -1 -1 -1 -1 -1 -1 -1
4 -1 -1 -1 -1 -1 -1 -1 -1 -1 -1 -1 -1 -1 -1 -1 -1 -1 -1 -1 -1
5 -1 -1 -1 -1 -1 -1 -1 -1 -1 -1 -1 -1 -1 -1 -1 -1 -1 -1 -1 -1
6 -1 -1 -1 -1 -1 -1 -1 -1 -1 -1 -1 -1 -1 -1 -1 -1 -1 -1 -1 -1
7 -1 -1 -1 -1 -1 -1 -1 -1 -1 -1 -1 -1 -1 -1 -1 -1 -1 -1 -1 -1
8 -1 -1 -1 -1 -1 -1 -1 -1 -1 -1 -1 -1 -1 -1 -1 -1 -1 -1 -1 -1
9 -1 -1 -1 -1 -1 -1 -1 -1 -1 -1 -1 -1 -1 -1 -1 -1 -1 -1 -1 -1
10 -1 -1 -1 -1 -1 -1 -1 -1 -1 -1 -1 -1 -1 -1 -1 -1 -1 -1 -1 -1
11 -1 -1 -1 -1 -1 -1 -1 -1 -1 -1 -1 -1 -1 -1 -1 -1 -1 -1 -1 -1
12 0.739455 0.444783 0.739896 0.401671 0.754238 0.404030 0.725553 0.399313 0.754238 0.404030 0.759254 0.414916 0.753910 0.350225 0.725553 0.399313 0.737551 0.389903 0.738545 0.341796
13 0.739999 0.444057 0.741927 0.404296 0.756972 0.406356 0.726883 0.402235 0.756972 0.406356 0.759450 0.476129 0.755663 0.484267 0.726883 0.402235 0.728953 0.459660 0.737544 0.475916
14 0.740734 0.449038 0.742863 0.392214 0.756934 0.390683 0.728792 0.393745 0.756934 0.390683 0.776382 0.404885 0.777038 0.338445 0.728792 0.393745 0.742611 0.416046 0.749489 0.399310
15 0.740527 0.447773 0.742113 0.394124 0.757764 0.393829 0.726462 0.394420 0.757764 0.393829 0.770493 0.462053 0.768622 0.479174 0.726462 0.394420 0.738062 0.458522 0.746731 0.485010
16 0.737858 0.444007 0.741071 0.393207 0.757717 0.392471 0.724424 0.393943 0.757717 0.392471 0.763362 0.451665 0.761828 0.439192 0.724424 0.393943 0.733203 0.439094 0.734220 0.446462
17 -1 -1 -1 -1 -1 -1 -1 -1 -1 -1 -1 -1 -1 -1 -1 -1 -1 -1 -1 -1
18 -1 -1 -1 -1 -1 -1 -1 -1 -1 -1 -1 -1 -1 -1 -1 -1 -1 -1 -1 -1
19 -1 -1 -1 -1 -1 -1 -1 -1 -1 -1 -1 -1 -1 -1 -1 -1 -1 -1 -1 -1
20 -1 -1 -1 -1 -1 -1 -1 -1 -1 -1 -1 -1 -1 -1 -1 -1 -1 -1 -1 -1
21 -1 -1 -1 -1 -1 -1 -1 -1 -1 -1 -1 -1 -1 -1 -1 -1 -1 -1 -1 -1
22 -1 -1 -1 -1 -1 -1 -1 -1 -1 -1 -1 -1 -1 -1 -1 -1 -1 -1 -1 -1
23 -1 -1 -1 -1 -1 -1 -1 -1 -1 -1 -1 -1 -1 -1 -1 -1 -1 -1 -1 -1
24 -1 -1 -1 -1 -1 -1 -1 -1 -1 -1 -1 -1 -1 -1 -1 -1 -1 -1 -1 -1
25 -1 -1 -1 -1 -1 -1 -1 -1 -1 -1 -1 -1 -1 -1 -1 -1 -1 -1 -1 -1
26 -1 -1 -1 -1 -1 -1 -1 -1 -1 -1 -1 -1 -1 -1 -1 -1 -1 -1 -1 -1
27 -1 -1 -1 -1 -1 -1 -1 -1 -1 -1 -1 -1 -1 -1 -1 -1 -1 -1 -1 -1
28 -1 -1 -1 -1 -1 -1 -1 -1 -1 -1 -1 -1 -1 -1 -1 -1 -1 -1 -1 -1
29 -1 -1 -1 -1 -1 -1 -1 -1 -1 -1 -1 -1 -1 -1 -1 -1 -1 -1 -1 -1
30 -1 -1 -1 -1 -1 -1 -1 -1 -1 -1 -1 -1 -1 -1 -1 -1 -1 -1 -1 -1
31 -1 -1 -1 -1 -1 -1 -1 -1 -1 -1 -1 -1 -1 -1 -1 -1 -1 -1 -1 -1
32 -1 -1 -1 -1 -1 -1 -1 -1 -1 -1 -1 -1 -1 -1 -1 -1 -1 -1 -1 -1
33 -1 -1 -1 -1 -1 -1 -1 -1 -1 -1 -1 -1 -1 -1 -1 -1 -1 -1 -1 -1
34 -1 -1 -1 -1 -1 -1 -1 -1 -1 -1 -1 -1 -1 -1 -1 -1 -1 -1 -1 -1
35 -1 -1 -1 -1 -1 -1 -1 -1 -1 -1 -1 -1 -1 -1 -1 -1 -1 -1 -1 -1
36 -1 -1 -1 -1 -1 -1 -1 -1 -1 -1 -1 -1 -1 -1 -1 -1 -1 -1 -1 -1
37 -1 -1 -1 -1 -1 -1 -1 -1 -1 -1 -1 -1 -1 -1 -1 -1 -1 -1 -1 -1
38 -1 -1 -1 -1 -1 -1 -1 -1 -1 -1 -1 -1 -1 -1 -1 -1 -1 -1 -1 -1
39 -1 -1 -1 -1 -1 -1 -1 -1 -1 -1 -1 -1 -1 -1 -1 -1 -1 -1 -1 -1
40 -1 -1 -1 -1 -1 -1 -1 -1 -1 -1 -1 -1 -1 -1 -1 -1 -1 -1 -1 -1
41 -1 -1 -1 -1 -1 -1 -1 -1 -1 -1 -1 -1 -1 -1 -1 -1 -1 -1 -1 -1
42 -1 -1 -1 -1 -1 -1 -1 -1 -1 -1 -1 -1 -1 -1 -1 -1 -1 -1 -1 -1
43 -1 -1 -1 -1 -1 -1 -1 -1 -1 -1 -1 -1 -1 -1 -1 -1 -1 -1 -1 -1
44 -1 -1 -1 -1 -1 -1 -1 -1 -1 -1 -1 -1 -1 -1 -1 -1 -1 -1 -1 -1
45 -1 -1 -1 -1 -1 -1 -1 -1 -1 -1 -1 -1 -1 -1 -1 -1 -1 -1 -1 -1
46 -1 -1 -1 -1 -1 -1 -1 -1 -1 -1 -1 -1 -1 -1 -1 -1 -1 -1 -1 -1
47 -1 -1 -1 -1 -1 -1 -1 -1 -1 -1 -1 -1 -1 -1 -1 -1 -1 -1 -1 -1
48 -1 -1 -1 -1 -1 -1 -1 -1 -1 -1 -1 -1 -1 -1 -1 -1 -1 -1 -1 -1
49 -1 -1 -1 -1 -1 -1 -1 -1 -1 -1 -1 -1 -1 -1 -1 -1 -1 -1 -1 -1
50 -1 -1 -1 -1 -1 -1 -1 -1 -1 -1 -1 -1 -1 -1 -1 -1 -1 -1 -1 -1
51 -1 -1 -1 -1 -1 -1 -1 -1 -1 -1 -1 -1 -1 -1 -1 -1 -1 -1 -1 -1
52 -1 -1 -1 -1 -1 -1 -1 -1 -1 -1 -1 -1 -1 -1 -1 -1 -1 -1 -1 -1
53 -1 -1 -1 -1 -1 -1 -1 -1 -1 -1 -1 -1 -1 -1 -1 -1 -1 -1 -1 -1
54 -1 -1 -1 -1 -1 -1 -1 -1 -1 -1 -1 -1 -1 -1 -1 -1 -1 -1 -1 -1
55 -1 -1 -1 -1 -1 -1 -1 -1 -1 -1 -1 -1 -1 -1 -1 -1 -1 -1 -1 -1
56 -1 -1 -1 -1 -1 -1 -1 -1 -1 -1 -1 -1 -1 -1 -1 -1 -1 -1 -1 -1
57 -1 -1 -1 -1 -1 -1 -1 -1 -1 -1 -1 -1 -1 -1 -1 -1 -1 -1 -1 -1
58 -1 -1 -1 -1 -1 -1 -1 -1 -1 -1 -1 -1 -1 -1 -1 -1 -1 -1 -1 -1
59 -1 -1 -1 -1 -1 -1 -1 -1 -1 -1 -1 -1 -1 -1 -1 -1 -1 -1 -1 -1
60 -1 -1 -1 -1 -1 -1 -1 -1 -1 -1 -1 -1 -1 -1 -1 -1 -1 -1 -1 -1
61 -1 -1 -1 -1 -1 -1 -1 -1 -1 -1 -1 -1 -1 -1 -1 -1 -1 -1 -1 -1
62 -1 -1 -1 -1 -1 -1 -1 -1 -1 -1 -1 -1 -1 -1 -1 -1 -1 -1 -1 -1
63 -1 -1 -1 -1 -1 -1 -1 -1 -1 -1 -1 -1 -1 -1 -1 -1 -1 -1 -1 -1
64 -1 -1 -1 -1 -1 -1 -1 -1 -1 -1 -1 -1 -1 -1 -1 -1 -1 -1 -1 -1
65 -1 -1 -1 -1 -1 -1 -1 -1 -1 -1 -1 -1 -1 -1 -1 -1 -1 -1 -1 -1
66 -1 -1 -1 -1 -1 -1 -1 -1 -1 -1 -1 -1 -1 -1 -1 -1 -1 -1 -1 -1
67 -1 -1 -1 -1 -1 -1 -1 -1 -1 -1 -1 -1 -1 -1 -1 -1 -1 -1 -1 -1
68 -1 -1 -1 -1 -1 -1 -1 -1 -1 -1 -1 -1 -1 -1 -1 -1 -1 -1 -1 -1
69 -1 -1 -1 -1 -1 -1 -1 -1 -1 -1 -1 -1 -1 -1 -1 -1 -1 -1 -1 -1
70 -1 -1 -1 -1 -1 -1 -1 -1 -1 -1 -1 -1 -1 -1 -1 -1 -1 -1 -1 -1
71 -1 -1 -1 -1 -1 -1 -1 -1 -1 -1 -1 -1 -1 -1 -1 -1 -1 -1 -1 -1
72 -1 -1 -1 -1 -1 -1 -1 -1 -1 -1 -1 -1 -1 -1 -1 -1 -1 -1 -1 -1
73 -1 -1 -1 -1 -1 -1 -1 -1 -1 -1 -1 -1 -1 -1 -1 -1 -1 -1 -1 -1
74 -1 -1 -1 -1 -1 -1 -1 -1 -1 -1 -1 -1 -1 -1 -1 -1 -1 -1 -1 -1
75 -1 -1 -1 -1 -1 -1 -1 -1 -1 -1 -1 -1 -1 -1 -1 -1 -1 -1 -1 -1
76 -1 -1 -1 -1 -1 -1 -1 -1 -1 -1 -1 -1 -1 -1 -1 -1 -1 -1 -1 -1
77 -1 -1 -1 -1 -1 -1 -1 -1 -1 -1 -1 -1 -1 -1 -1 -1 -1 -1 -1 -1
78 -1 -1 -1 -1 -1 -1 -1 -1 -1 -1 -1 -1 -1 -1 -1 -1 -1 -1 -1 -1
79 -1 -1 -1 -1 -1 -1 -1 -1 -1 -1 -1 -1 -1 -1 -1 -1 -1 -1 -1 -1
80 -1 -1 -1 -1 -1 -1 -1 -1 -1 -1 -1 -1 -1 -1 -1 -1 -1 -1 -1 -1
81 -1 -1 -1 -1 -1 -1 -1 -1 -1 -1 -1 -1 -1 -1 -1 -1 -1 -1 -1 -1
82 -1 -1 -1 -1 -1 -1 -1 -1 -1 -1 -1 -1 -1 -1 -1 -1 -1 -1 -1 -1
83 -1 -1 -1 -1 -1 -1 -1 -1 -1 -1 -1 -1 -1 -1 -1 -1 -1 -1 -1 -1
84 -1 -1 -1 -1 -1 -1 -1 -1 -1 -1 -1 -1 -1 -1 -1 -1 -1 -1 -1 -1
85 -1 -1 -1 -1 -1 -1 -1 -1 -1 -1 -1 -1 -1 -1 -1 -1 -1 -1 -1 -1
86 -1 -1 -1 -1 -1 -1 -1 -1 -1 -1 -1 -1 -1 -1 -1 -1 -1 -1 -1 -1
87 -1 -1 -1 -1 -1 -1 -1 -1 -1 -1 -1 -1 -1 -1 -1 -1 -1 -1 -1 -1
88 -1 -1 -1 -1 -1 -1 -1 -1 -1 -1 -1 -1 -1 -1 -1 -1 -1 -1 -1 -1
89 -1 -1 -1 -1 -1 -1 -1 -1 -1 -1 -1 -1 -1 -1 -1 -1 -1 -1 -1 -1
90 -1 -1 -1 -1 -1 -1 -1 -1 -1 -1 -1 -1 -1 -1 -1 -1 -1 -1 -1 -1
91 -1 -1 -1 -1 -1 -1 -1 -1 -1 -1 -1 -1 -1 -1 -1 -1 -1 -1 -1 -1
92 -1 -1 -1 -1 -1 -1 -1 -1 -1 -1 -1 -1 -1 -1 -1 -1 -1 -1 -1 -1
93 -1 -1 -1 -1 -1 -1 -1 -1 -1 -1 -1 -1 -1 -1 -1 -1 -1 -1 -1 -1
94 -1 -1 -1 -1 -1 -1 -1 -1 -1 -1 -1 -1 -1 -1 -1 -1 -1 -1 -1 -1
95 -1 -1 -1 -1 -1 -1 -1 -1 -1 -1 -1 -1 -1 -1 -1 -1 -1 -1 -1 -1
96 -1 -1 -1 -1 -1 -1 -1 -1 -1 -1 -1 -1 -1 -1 -1 -1 -1 -1 -1 -1
97 -1 -1 -1 -1 -1 -1 -1 -1 -1 -1 -1 -1 -1 -1 -1 -1 -1 -1 -1 -1
98 -1 -1 -1 -1 -1 -1 -1 -1 -1 -1 -1 -1 -1 -1 -1 -1 -1 -1 -1 -1
99 -1 -1 -1 -1 -1 -1 -1 -1 -1 -1 -1 -1 -1 -1 -1 -1 -1 -1 -1 -1
100 -1 -1 -1 -1 -1 -1 -1 -1 -1 -1 -1 -1 -1 -1 -1 -1 -1 -1 -1 -1
101 0.346176 0.833935 0.428585 0.839498 0.436840 0.805757 0.420331 0.873238 0.436840 0.805757 0.529331 0.778689 0.591723 0.771683 0.420331 0.873238 0.503532 0.864650 0.573142 0.800376
102 0.344001 0.842890 0.412569 0.831897 0.413542 0.785483 0.411595 0.878311 0.413542 0.785483 0.503995 0.770935 0.582364 0.752685 0.411595 0.878311 0.504494 0.870188 0.566112 0.799592
103 0.324766 0.841065 0.394599 0.816940 0.400186 0.776527 0.389012 0.857352 0.400186 0.776527 0.483318 0.765098 0.574027 0.748404 0.389012 0.857352 0.486002 0.865177 0.556656 0.798882
104 0.316588 0.842272 0.390803 0.811857 0.393812 0.772776 0.387795 0.850938 0.393812 0.772776 0.493462 0.755585 0.568150 0.744608 0.387795 0.850938 0.480276 0.855747 0.542751 0.791372
105 0.310131 0.836646 0.390813 0.806777 0.391094 0.767262 0.390533 0.846291 0.391094 0.767262 0.477058 0.753303 0.560649 0.743689 0.390533 0.846291 0.472251 0.838264 0.529922 0.781212
106 0.301340 0.838210 0.396489 0.802929 0.395709 0.765801 0.397268 0.840056 0.395709 0.765801 0.469847 0.751391 0.553933 0.742462 0.397268 0.840056 0.468981 0.834409 0.509963 0.768470
107 0.295687 0.842267 0.389331 0.800778 0.388996 0.763295 0.389667 0.838261 0.388996 0.763295 0.467347 0.751229 0.552339 0.743106 0.389667 0.838261 0.463668 0.841237 0.495385 0.770034
108 0.292073 0.846871 0.385389 0.795788 0.385875 0.758912 0.384902 0.832663 0.385875 0.758912 0.468365 0.756136 0.549644 0.744932 0.384902 0.832663 0.459563 0.837656 0.485753 0.774656
109 0.291158 0.851151 0.382878 0.793447 0.385207 0.755895 0.380548 0.831000 0.385207 0.755895 0.473613 0.763035 0.547052 0.763188 0.380548 0.831000 0.452895 0.838347 0.465974 0.808487
110 0.288295 0.855080 0.381400 0.789191 0.386368 0.754033 0.376433 0.824350 0.386368 0.754033 0.476883 0.771705 0.548697 0.779563 0.376433 0.824350 0.410957 0.867545 0.459765 0.821680
111 0.290034 0.863613 0.379853 0.788628 0.384285 0.752653 0.375420 0.824602 0.384285 0.752653 0.466700 0.785054 0.541646 0.797748 0.375420 0.824602 0.439081 0.848419 0.484887 0.783760
112 0.289637 0.869998 0.378616 0.788745 0.382012 0.752579 0.375219 0.824911 0.382012 0.752579 0.470133 0.801279 0.475237 0.795970 0.375219 0.824911 0.456749 0.831758 0.535052 0.787050
113 0.292103 0.874134 0.378043 0.788613 0.380572 0.752609 0.375514 0.824618 0.380572 0.752609 0.465258 0.796625 0.475316 0.789014 0.375514 0.824618 0.458414 0.831749 0.538811 0.789063
114 0.293508 0.875184 0.380127 0.788223 0.382837 0.752863 0.377417 0.823583 0.382837 0.752863 0.469915 0.817015 0.507499 0.795714 0.377417 0.823583 0.461201 0.826442 0.498392 0.769667
115 0.296570 0.874915 0.382390 0.785708 0.385915 0.752890 0.378865 0.818526 0.385915 0.752890 0.467862 0.830655 0.514523 0.799982 0.378865 0.818526 0.459459 0.825095 0.502285 0.740642
116 0.298518 0.875496 0.383777 0.785529 0.387593 0.752935 0.379961 0.818123 0.387593 0.752935 0.464310 0.837778 0.510532 0.799611 0.379961 0.818123 0.459736 0.827100 0.510861 0.737355
117 0.301371 0.878309 0.384108 0.786576 0.388506 0.754436 0.379709 0.818715 0.388506 0.754436 0.465583 0.832188 0.509748 0.798661 0.379709 0.818715 0.459216 0.834307 0.514361 0.749125
118 0.303656 0.883324 0.383440 0.788292 0.388731 0.756382 0.378148 0.820202 0.388731 0.756382 0.468745 0.827968 0.548819 0.797524 0.378148 0.820202 0.445574 0.854334 0.501608 0.752207
119 0.305221 0.886728 0.383944 0.788460 0.389145 0.756609 0.378743 0.820311 0.389145 0.756609 0.468848 0.829175 0.540206 0.792636 0.378743 0.820311 0.449541 0.855330 0.510149 0.755472
120 0.305009 0.891417 0.384017 0.789561 0.389449 0.757195 0.378585 0.821927 0.389449 0.757195 0.469328 0.829397 0.536522 0.788297 0.378585 0.821927 0.451445 0.857471 0.507414 0.759308
121 0.307708 0.893892 0.384279 0.790801 0.389634 0.757748 0.378924 0.823854 0.389634 0.757748 0.473550 0.828157 0.547148 0.788101 0.378924 0.823854 0.451984 0.855112 0.503942 0.762945
122 0.309530 0.894907 0.384311 0.792331 0.389874 0.759201 0.378747 0.825461 0.389874 0.759201 0.477525 0.826057 0.551342 0.788564 0.378747 0.825461 0.453871 0.855453 0.508372 0.763094
123 0.310066 0.893826 0.384290 0.791835 0.390089 0.759129 0.378492 0.824542 0.390089 0.759129 0.476458 0.824016 0.552754 0.788428 0.378492 0.824542 0.453546 0.865704 0.509181 0.762345
124 0.310738 0.893563 0.383897 0.791097 0.389718 0.758337 0.378076 0.823856 0.389718 0.758337 0.472419 0.822836 0.549162 0.788297 0.378076 0.823856 0.453866 0.863303 0.513439 0.762793
125 0.310571 0.893232 0.383908 0.790853 0.389786 0.758213 0.378029 0.823493 0.389786 0.758213 0.471191 0.823224 0.547907 0.787700 0.378029 0.823493 0.453621 0.862525 0.513185 0.762788
126 0.308786 0.892262 0.383925 0.790835 0.389714 0.758175 0.378135 0.823494 0.389714 0.758175 0.473378 0.815239 0.551340 0.787628 0.378135 0.823494 0.452061 0.864888 0.500739 0.762839
127 0.307305 0.891777 0.383600 0.790429 0.389002 0.757026 0.378199 0.823833 0.389002 0.757026 0.473023 0.815489 0.552304 0.787583 0.378199 0.823833 0.450476 0.867034 0.497784 0.764033
128 0.305528 0.891187 0.383425 0.790442 0.388636 0.756659 0.378214 0.824225 0.388636 0.756659 0.472823 0.814784 0.552209 0.786635 0.378214 0.824225 0.450966 0.868650 0.505206 0.764091
129 0.304862 0.889378 0.383088 0.789622 0.388300 0.755925 0.377876 0.823319 0.388300 0.755925 0.472391 0.815034 0.551716 0.786695 0.377876 0.823319 0.449947 0.868889 0.503728 0.755378
130 0.304405 0.889323 0.382971 0.789379 0.388025 0.755431 0.377917 0.823328 0.388025 0.755431 0.472272 0.810428 0.550894 0.786944 0.377917 0.823328 0.448659 0.868662 0.504213 0.755764
131 0.303640 0.889252 0.382782 0.789711 0.387448 0.755075 0.378115 0.824347 0.387448 0.755075 0.471769 0.809013 0.547285 0.785787 0.378115 0.824347 0.449105 0.868747 0.503458 0.766387
132 0.303290 0.889165 0.382768 0.789381 0.387391 0.754667 0.378144 0.824095 0.387391 0.754667 0.471588 0.809499 0.545909 0.785749 0.378144 0.824095 0.449347 0.868278 0.509552 0.768052
133 0.303655 0.887229 0.382924 0.788577 0.387592 0.754599 0.378255 0.822554 0.387592 0.754599 0.470607 0.811505 0.547140 0.785884 0.378255 0.822554 0.449515 0.868763 0.512576 0.767893
134 0.303820 0.887103 0.382951 0.788500 0.387625 0.754596 0.378276 0.822404 0.387625 0.754596 0.469291 0.812488 0.546270 0.785420 0.378276 0.822404 0.449575 0.869356 0.516676 0.771507
135 0.303957 0.887145 0.383080 0.789020 0.387653 0.754565 0.378507 0.823474 0.387653 0.754565 0.469404 0.812341 0.541172 0.785295 0.378507 0.823474 0.447893 0.873885 0.516873 0.774809
136 0.304163 0.887405 0.383190 0.789478 0.387632 0.754275 0.378748 0.824681 0.387632 0.754275 0.471143 0.809113 0.539748 0.785028 0.378748 0.824681 0.443101 0.879679 0.517075 0.776596
137 0.304433 0.887512 0.383376 0.789479 0.387889 0.754214 0.378862 0.824743 0.387889 0.754214 0.472568 0.806397 0.543123 0.785284 0.378862 0.824743 0.441781 0.880706 0.506999 0.768316
138 0.304229 0.888044 0.383490 0.790131 0.387850 0.754188 0.379129 0.826074 0.387850 0.754188 0.473128 0.803419 0.544771 0.786000 0.379129 0.826074 0.442925 0.879294 0.500162 0.768331
139 0.304008 0.888875 0.383088 0.791114 0.387810 0.754140 0.378367 0.828088 0.387810 0.754140 0.473085 0.802917 0.545647 0.786564 0.378367 0.828088 0.440511 0.883027 0.496459 0.770187
140 0.303992 0.888921 0.383320 0.791257 0.387765 0.754103 0.378874 0.828411 0.387765 0.754103 0.473559 0.802028 0.549762 0.787855 0.378874 0.828411 0.441169 0.882066 0.495974 0.770798
141 0.304064 0.888903 0.383491 0.791333 0.387835 0.754201 0.379147 0.828466 0.387835 0.754201 0.474015 0.802134 0.545727 0.787827 0.379147 0.828466 0.441593 0.882917 0.497941 0.774311
142 0.304424 0.888770 0.383630 0.790864 0.387741 0.753822 0.379519 0.827906 0.387741 0.753822 0.474572 0.800888 0.548612 0.788644 0.379519 0.827906 0.442023 0.882356 0.496428 0.774104
143 0.304546 0.888355 0.383740 0.790801 0.387750 0.753840 0.379730 0.827761 0.387750 0.753840 0.474983 0.800497 0.549547 0.788711 0.379730 0.827761 0.442269 0.881636 0.497759 0.773945
144 0.304556 0.888447 0.383677 0.790785 0.387680 0.753848 0.379675 0.827722 0.387680 0.753848 0.474723 0.800668 0.549394 0.788248 0.379675 0.827722 0.442169 0.881592 0.498174 0.774556
145 0.304150 0.888694 0.382795 0.791234 0.387414 0.753861 0.378176 0.828607 0.387414 0.753861 0.474117 0.799533 0.549324 0.789368 0.378176 0.828607 0.439226 0.884691 0.498026 0.775127
146 0.304362 0.888093 0.382888 0.791251 0.387584 0.753947 0.378192 0.828555 0.387584 0.753947 0.474556 0.799907 0.548914 0.789347 0.378192 0.828555 0.439287 0.885026 0.505639 0.781016
147 0.304432 0.888241 0.382913 0.791640 0.387560 0.753983 0.378265 0.829297 0.387560 0.753983 0.474534 0.799778 0.549856 0.789451 0.378265 0.829297 0.439351 0.885727 0.502001 0.779952
148 0.305834 0.888111 0.383311 0.791641 0.387619 0.754016 0.379003 0.829266 0.387619 0.754016 0.474770 0.795347 0.549763 0.789813 0.379003 0.829266 0.437812 0.887015 0.503162 0.781851
149 0.305544 0.888058 0.383267 0.791864 0.387588 0.754003 0.378947 0.829725 0.387588 0.754003 0.474851 0.795723 0.550124 0.789995 0.378947 0.829725 0.438196 0.887902 0.502176 0.781313
150 0.306211 0.888206 0.383499 0.791871 0.387809 0.754219 0.379188 0.829524 0.387809 0.754219 0.474868 0.797910 0.547445 0.789898 0.379188 0.829524 0.438580 0.886560 0.502174 0.780868
151 0.305917 0.888529 0.383261 0.791984 0.387889 0.754239 0.378632 0.829728 0.387889 0.754239 0.474643 0.799201 0.547973 0.790157 0.378632 0.829728 0.437104 0.886621 0.501485 0.780765
152 0.306204 0.888479 0.383438 0.791910 0.387824 0.754146 0.379052 0.829673 0.387824 0.754146 0.474248 0.795246 0.548302 0.790294 0.379052 0.829673 0.436868 0.887005 0.501394 0.780554
153 0.306263 0.888416 0.383515 0.791903 0.387837 0.754147 0.379192 0.829660 0.387837 0.754147 0.474045 0.796581 0.547725 0.790169 0.379192 0.829660 0.437200 0.888030 0.501261 0.780101
154 0.306305 0.887336 0.383631 0.791643 0.387839 0.754018 0.379424 0.829268 0.387839 0.754018 0.474652 0.796816 0.548173 0.790221 0.379424 0.829268 0.438132 0.885484 0.500020 0.778794
155 0.306280 0.886904 0.383797 0.790986 0.387839 0.753655 0.379755 0.828317 0.387839 0.753655 0.473895 0.796934 0.544555 0.789509 0.379755 0.828317 0.438019 0.886965 0.501700 0.780364
156 0.306438 0.887026 0.383812 0.790955 0.387867 0.753656 0.379756 0.828254 0.387867 0.753656 0.473508 0.799767 0.542964 0.789138 0.379756 0.828254 0.438283 0.886405 0.510706 0.782229
157 0.306422 0.886449 0.383859 0.790811 0.387895 0.753659 0.379823 0.827963 0.387895 0.753659 0.473556 0.799125 0.547489 0.789731 0.379823 0.827963 0.436937 0.886402 0.506229 0.782013
158 0.306275 0.886059 0.383839 0.791044 0.387873 0.753681 0.379805 0.828408 0.387873 0.753681 0.471799 0.799166 0.545603 0.789190 0.379805 0.828408 0.439714 0.886346 0.505858 0.780424
159 0.306411 0.885873 0.383786 0.791017 0.387803 0.753677 0.379768 0.828356 0.387803 0.753677 0.471844 0.799228 0.533929 0.787079 0.379768 0.828356 0.440218 0.886087 0.508194 0.780830
160 0.306660 0.886066 0.384025 0.790886 0.387815 0.753630 0.380235 0.828142 0.387815 0.753630 0.471649 0.800892 0.535747 0.785682 0.380235 0.828142 0.440564 0.884909 0.509697 0.780819
161 0.306649 0.886150 0.383930 0.790912 0.387733 0.753686 0.380126 0.828137 0.387733 0.753686 0.471509 0.797621 0.538499 0.785745 0.380126 0.828137 0.435831 0.890873 0.513070 0.785479
162 0.305884 0.887375 0.382897 0.791715 0.386628 0.753871 0.379166 0.829559 0.386628 0.753871 0.470630 0.799226 0.539245 0.785830 0.379166 0.829559 0.436225 0.890477 0.512009 0.785052
163 0.305743 0.887164 0.383099 0.791523 0.386935 0.753909 0.379263 0.829138 0.386935 0.753909 0.471070 0.799494 0.541520 0.785895 0.379263 0.829138 0.437942 0.887449 0.508219 0.784828
164 0.305904 0.886661 0.383318 0.791175 0.387058 0.753894 0.379579 0.828455 0.387058 0.753894 0.471447 0.799464 0.541642 0.786341 0.379579 0.828455 0.437999 0.887463 0.508782 0.784745
165 0.306017 0.886393 0.383348 0.790784 0.387173 0.753894 0.379524 0.827675 0.387173 0.753894 0.471646 0.794949 0.541697 0.786440 0.379524 0.827675 0.435548 0.889640 0.513928 0.795008
166 0.305850 0.886463 0.383229 0.791144 0.387185 0.753895 0.379273 0.828393 0.387185 0.753895 0.472018 0.793032 0.534311 0.785662 0.379273 0.828393 0.435515 0.894647 0.520134 0.798457
167 0.305399 0.887200 0.383167 0.791367 0.387182 0.753889 0.379152 0.828844 0.387182 0.753889 0.473148 0.799675 0.535753 0.786642 0.379152 0.828844 0.439391 0.890757 0.515504 0.789815
168 0.305393 0.887042 0.382700 0.791466 0.387156 0.753871 0.378244 0.829062 0.387156 0.753871 0.473479 0.799640 0.542358 0.786679 0.378244 0.829062 0.438089 0.890650 0.510224 0.793829
169 0.305370 0.887035 0.382715 0.791571 0.387161 0.753903 0.378269 0.829240 0.387161 0.753903 0.473787 0.799261 0.545465 0.786810 0.378269 0.829240 0.435796 0.891744 0.506768 0.789940
170 0.305485 0.887038 0.382757 0.791434 0.387210 0.753981 0.378304 0.828887 0.387210 0.753981 0.474035 0.800130 0.545401 0.786868 0.378304 0.828887 0.436539 0.891982 0.510612 0.790469
171 0.305555 0.887664 0.382745 0.792157 0.387168 0.754282 0.378323 0.830032 0.387168 0.754282 0.473682 0.795824 0.545050 0.786926 0.378323 0.830032 0.436565 0.891327 0.510430 0.784498
172 0.305650 0.887817 0.382627 0.792211 0.387018 0.754255 0.378235 0.830167 0.387018 0.754255 0.472242 0.794365 0.544843 0.787134 0.378235 0.830167 0.436785 0.891188 0.506552 0.784595
173 0.305209 0.887615 0.382402 0.792139 0.386701 0.754111 0.378103 0.830168 0.386701 0.754111 0.472268 0.793716 0.548452 0.788521 0.378103 0.830168 0.437984 0.891027 0.502764 0.780561
174 0.305682 0.887653 0.382629 0.791878 0.386703 0.754028 0.378556 0.829728 0.386703 0.754028 0.472340 0.789220 0.537177 0.787329 0.378556 0.829728 0.435454 0.892716 0.503016 0.783896
175 0.305664 0.887970 0.382529 0.792118 0.386583 0.754027 0.378476 0.830209 0.386583 0.754027 0.471517 0.789818 0.539220 0.787419 0.378476 0.830209 0.436610 0.892720 0.503561 0.783749
176 0.305818 0.886802 0.382901 0.791940 0.386829 0.753981 0.378973 0.829900 0.386829 0.753981 0.471543 0.788980 0.539713 0.787490 0.378973 0.829900 0.436176 0.895445 0.509688 0.787919
177 0.305579 0.886880 0.382849 0.791944 0.386751 0.753953 0.378947 0.829935 0.386751 0.753953 0.470987 0.789194 0.540723 0.787579 0.378947 0.829935 0.436955 0.893733 0.509546 0.785340
178 0.306119 0.886883 0.383060 0.791598 0.386811 0.753949 0.379309 0.829246 0.386811 0.753949 0.471197 0.788151 0.535559 0.786280 0.379309 0.829246 0.436965 0.889440 0.519260 0.792489
179 0.306037 0.887112 0.383013 0.791609 0.386812 0.753929 0.379215 0.829288 0.386812 0.753929 0.471092 0.789470 0.542316 0.786315 0.379215 0.829288 0.436931 0.888989 0.509813 0.788643
180 0.306326 0.886826 0.383166 0.791572 0.387164 0.754015 0.379167 0.829128 0.387164 0.754015 0.471124 0.797542 0.542339 0.786350 0.379167 0.829128 0.439440 0.886943 0.509779 0.784191
181 0.306520 0.886109 0.383579 0.790550 0.387618 0.753951 0.379540 0.827148 0.387618 0.753951 0.471609 0.797514 0.542581 0.786347 0.379540 0.827148 0.439467 0.885241 0.515087 0.787004
182 0.306597 0.886445 0.383516 0.790625 0.387462 0.753906 0.379570 0.827345 0.387462 0.753906 0.469313 0.803481 0.543051 0.786411 0.379570 0.827345 0.439426 0.886749 0.508812 0.785636
183 0.306302 0.886447 0.383298 0.790598 0.387416 0.753835 0.379179 0.827361 0.387416 0.753835 0.468870 0.807328 0.543329 0.786431 0.379179 0.827361 0.440225 0.882392 0.509473 0.783088
184 0.306882 0.886434 0.383771 0.790533 0.387572 0.753728 0.379969 0.827338 0.387572 0.753728 0.469712 0.803732 0.536869 0.786250 0.379969 0.827338 0.442229 0.882592 0.518796 0.782964
185 0.307318 0.886167 0.383571 0.790571 0.387659 0.753781 0.379482 0.827362 0.387659 0.753781 0.469771 0.807191 0.523194 0.782479 0.379482 0.827362 0.445935 0.872861 0.526823 0.780675
186 0.306971 0.886283 0.383516 0.790867 0.387554 0.753763 0.379478 0.827972 0.387554 0.753763 0.469787 0.802471 0.535565 0.783808 0.379478 0.827972 0.445087 0.872969 0.518622 0.780455
187 0.306833 0.885778 0.383417 0.790756 0.387359 0.753375 0.379476 0.828138 0.387359 0.753375 0.469399 0.795232 0.539805 0.784543 0.379476 0.828138 0.441330 0.874758 0.513865 0.779816
188 0.306912 0.885796 0.382551 0.791189 0.386167 0.753307 0.378936 0.829071 0.386167 0.753307 0.469053 0.793669 0.541406 0.785140 0.378936 0.829071 0.441328 0.881864 0.513001 0.779799
189 0.307009 0.885281 0.382516 0.791552 0.386141 0.753291 0.378892 0.829813 0.386141 0.753291 0.469107 0.792505 0.541075 0.784869 0.378892 0.829813 0.440737 0.882370 0.512649 0.779767
190 0.307284 0.883559 0.382668 0.791392 0.386151 0.753283 0.379185 0.829501 0.386151 0.753283 0.469371 0.792780 0.542005 0.785945 0.379185 0.829501 0.440727 0.884931 0.508574 0.779893
191 0.307987 0.882341 0.382777 0.791235 0.386155 0.753001 0.379399 0.829468 0.386155 0.753001 0.469233 0.788488 0.542899 0.786026 0.379399 0.829468 0.440451 0.885735 0.506854 0.779941
