129
157
0 -1 -1 -1 -1 -1 -1 -1 -1 -1 -1 -1 -1 -1 -1 -1 -1 -1 -1 -1 -1
1 0.889743 0.468757 0.873557 0.754825 0.898183 0.760840 0.848930 0.748809 0.898183 0.760840 0.896876 0.940592 0.913752 1.102727 0.848930 0.748809 0.790594 0.926685 0.772708 1.067249
2 0.883856 0.469502 0.863212 0.759175 0.888893 0.766390 0.837532 0.751959 0.888893 0.766390 0.895144 0.954769 0.909696 1.131567 0.837532 0.751959 0.786095 0.936463 0.760513 1.079717
3 -1 -1 -1 -1 -1 -1 -1 -1 -1 -1 -1 -1 -1 -1 -1 -1 -1 -1 -1 -1
4 -1 -1 -1 -1 -1 -1 -1 -1 -1 -1 -1 -1 -1 -1 -1 -1 -1 -1 -1 -1
5 -1 -1 -1 -1 -1 -1 -1 -1 -1 -1 -1 -1 -1 -1 -1 -1 -1 -1 -1 -1
6 -1 -1 -1 -1 -1 -1 -1 -1 -1 -1 -1 -1 -1 -1 -1 -1 -1 -1 -1 -1
7 -1 -1 -1 -1 -1 -1 -1 -1 -1 -1 -1 -1 -1 -1 -1 -1 -1 -1 -1 -1
8 -1 -1 -1 -1 -1 -1 -1 -1 -1 -1 -1 -1 -1 -1 -1 -1 -1 -1 -1 -1
9 -1 -1 -1 -1 -1 -1 -1 -1 -1 -1 -1 -1 -1 -1 -1 -1 -1 -1 -1 -1
10 -1 -1 -1 -1 -1 -1 -1 -1 -1 -1 -1 -1 -1 -1 -1 -1 -1 -1 -1 -1
11 -1 -1 -1 -1 -1 -1 -1 -1 -1 -1 -1 -1 -1 -1 -1 -1 -1 -1 -1 -1
12 -1 -1 -1 -1 -1 -1 -1 -1 -1 -1 -1 -1 -1 -1 -1 -1 -1 -1 -1 -1
13 -1 -1 -1 -1 -1 -1 -1 -1 -1 -1 -1 -1 -1 -1 -1 -1 -1 -1 -1 -1
14 -1 -1 -1 -1 -1 -1 -1 -1 -1 -1 -1 -1 -1 -1 -1 -1 -1 -1 -1 -1
15 -1 -1 -1 -1 -1 -1 -1 -1 -1 -1 -1 -1 -1 -1 -1 -1 -1 -1 -1 -1
16 -1 -1 -1 -1 -1 -1 -1 -1 -1 -1 -1 -1 -1 -1 -1 -1 -1 -1 -1 -1
17 -1 -1 -1 -1 -1 -1 -1 -1 -1 -1 -1 -1 -1 -1 -1 -1 -1 -1 -1 -1
18 -1 -1 -1 -1 -1 -1 -1 -1 -1 -1 -1 -1 -1 -1 -1 -1 -1 -1 -1 -1
19 -1 -1 -1 -1 -1 -1 -1 -1 -1 -1 -1 -1 -1 -1 -1 -1 -1 -1 -1 -1
20 -1 -1 -1 -1 -1 -1 -1 -1 -1 -1 -1 -1 -1 -1 -1 -1 -1 -1 -1 -1
21 -1 -1 -1 -1 -1 -1 -1 -1 -1 -1 -1 -1 -1 -1 -1 -1 -1 -1 -1 -1
22 -1 -1 -1 -1 -1 -1 -1 -1 -1 -1 -1 -1 -1 -1 -1 -1 -1 -1 -1 -1
23 -1 -1 -1 -1 -1 -1 -1 -1 -1 -1 -1 -1 -1 -1 -1 -1 -1 -1 -1 -1
24 -1 -1 -1 -1 -1 -1 -1 -1 -1 -1 -1 -1 -1 -1 -1 -1 -1 -1 -1 -1
25 -1 -1 -1 -1 -1 -1 -1 -1 -1 -1 -1 -1 -1 -1 -1 -1 -1 -1 -1 -1
26 -1 -1 -1 -1 -1 -1 -1 -1 -1 -1 -1 -1 -1 -1 -1 -1 -1 -1 -1 -1
27 -1 -1 -1 -1 -1 -1 -1 -1 -1 -1 -1 -1 -1 -1 -1 -1 -1 -1 -1 -1
28 -1 -1 -1 -1 -1 -1 -1 -1 -1 -1 -1 -1 -1 -1 -1 -1 -1 -1 -1 -1
29 -1 -1 -1 -1 -1 -1 -1 -1 -1 -1 -1 -1 -1 -1 -1 -1 -1 -1 -1 -1
30 -1 -1 -1 -1 -1 -1 -1 -1 -1 -1 -1 -1 -1 -1 -1 -1 -1 -1 -1 -1
31 -1 -1 -1 -1 -1 -1 -1 -1 -1 -1 -1 -1 -1 -1 -1 -1 -1 -1 -1 -1
32 -1 -1 -1 -1 -1 -1 -1 -1 -1 -1 -1 -1 -1 -1 -1 -1 -1 -1 -1 -1
33 -1 -1 -1 -1 -1 -1 -1 -1 -1 -1 -1 -1 -1 -1 -1 -1 -1 -1 -1 -1
34 -1 -1 -1 -1 -1 -1 -1 -1 -1 -1 -1 -1 -1 -1 -1 -1 -1 -1 -1 -1
35 -1 -1 -1 -1 -1 -1 -1 -1 -1 -1 -1 -1 -1 -1 -1 -1 -1 -1 -1 -1
36 -1 -1 -1 -1 -1 -1 -1 -1 -1 -1 -1 -1 -1 -1 -1 -1 -1 -1 -1 -1
37 -1 -1 -1 -1 -1 -1 -1 -1 -1 -1 -1 -1 -1 -1 -1 -1 -1 -1 -1 -1
38 -1 -1 -1 -1 -1 -1 -1 -1 -1 -1 -1 -1 -1 -1 -1 -1 -1 -1 -1 -1
39 -1 -1 -1 -1 -1 -1 -1 -1 -1 -1 -1 -1 -1 -1 -1 -1 -1 -1 -1 -1
40 -1 -1 -1 -1 -1 -1 -1 -1 -1 -1 -1 -1 -1 -1 -1 -1 -1 -1 -1 -1
41 -1 -1 -1 -1 -1 -1 -1 -1 -1 -1 -1 -1 -1 -1 -1 -1 -1 -1 -1 -1
42 -1 -1 -1 -1 -1 -1 -1 -1 -1 -1 -1 -1 -1 -1 -1 -1 -1 -1 -1 -1
43 -1 -1 -1 -1 -1 -1 -1 -1 -1 -1 -1 -1 -1 -1 -1 -1 -1 -1 -1 -1
44 -1 -1 -1 -1 -1 -1 -1 -1 -1 -1 -1 -1 -1 -1 -1 -1 -1 -1 -1 -1
45 -1 -1 -1 -1 -1 -1 -1 -1 -1 -1 -1 -1 -1 -1 -1 -1 -1 -1 -1 -1
46 -1 -1 -1 -1 -1 -1 -1 -1 -1 -1 -1 -1 -1 -1 -1 -1 -1 -1 -1 -1
47 -1 -1 -1 -1 -1 -1 -1 -1 -1 -1 -1 -1 -1 -1 -1 -1 -1 -1 -1 -1
48 -1 -1 -1 -1 -1 -1 -1 -1 -1 -1 -1 -1 -1 -1 -1 -1 -1 -1 -1 -1
49 -1 -1 -1 -1 -1 -1 -1 -1 -1 -1 -1 -1 -1 -1 -1 -1 -1 -1 -1 -1
50 -1 -1 -1 -1 -1 -1 -1 -1 -1 -1 -1 -1 -1 -1 -1 -1 -1 -1 -1 -1
51 -1 -1 -1 -1 -1 -1 -1 -1 -1 -1 -1 -1 -1 -1 -1 -1 -1 -1 -1 -1
52 -1 -1 -1 -1 -1 -1 -1 -1 -1 -1 -1 -1 -1 -1 -1 -1 -1 -1 -1 -1
53 -1 -1 -1 -1 -1 -1 -1 -1 -1 -1 -1 -1 -1 -1 -1 -1 -1 -1 -1 -1
54 -1 -1 -1 -1 -1 -1 -1 -1 -1 -1 -1 -1 -1 -1 -1 -1 -1 -1 -1 -1
55 -1 -1 -1 -1 -1 -1 -1 -1 -1 -1 -1 -1 -1 -1 -1 -1 -1 -1 -1 -1
56 -1 -1 -1 -1 -1 -1 -1 -1 -1 -1 -1 -1 -1 -1 -1 -1 -1 -1 -1 -1
57 -1 -1 -1 -1 -1 -1 -1 -1 -1 -1 -1 -1 -1 -1 -1 -1 -1 -1 -1 -1
58 -1 -1 -1 -1 -1 -1 -1 -1 -1 -1 -1 -1 -1 -1 -1 -1 -1 -1 -1 -1
59 -1 -1 -1 -1 -1 -1 -1 -1 -1 -1 -1 -1 -1 -1 -1 -1 -1 -1 -1 -1
60 -1 -1 -1 -1 -1 -1 -1 -1 -1 -1 -1 -1 -1 -1 -1 -1 -1 -1 -1 -1
61 -1 -1 -1 -1 -1 -1 -1 -1 -1 -1 -1 -1 -1 -1 -1 -1 -1 -1 -1 -1
62 -1 -1 -1 -1 -1 -1 -1 -1 -1 -1 -1 -1 -1 -1 -1 -1 -1 -1 -1 -1
63 -1 -1 -1 -1 -1 -1 -1 -1 -1 -1 -1 -1 -1 -1 -1 -1 -1 -1 -1 -1
64 -1 -1 -1 -1 -1 -1 -1 -1 -1 -1 -1 -1 -1 -1 -1 -1 -1 -1 -1 -1
65 -1 -1 -1 -1 -1 -1 -1 -1 -1 -1 -1 -1 -1 -1 -1 -1 -1 -1 -1 -1
66 -1 -1 -1 -1 -1 -1 -1 -1 -1 -1 -1 -1 -1 -1 -1 -1 -1 -1 -1 -1
67 -1 -1 -1 -1 -1 -1 -1 -1 -1 -1 -1 -1 -1 -1 -1 -1 -1 -1 -1 -1
68 -1 -1 -1 -1 -1 -1 -1 -1 -1 -1 -1 -1 -1 -1 -1 -1 -1 -1 -1 -1
69 -1 -1 -1 -1 -1 -1 -1 -1 -1 -1 -1 -1 -1 -1 -1 -1 -1 -1 -1 -1
70 -1 -1 -1 -1 -1 -1 -1 -1 -1 -1 -1 -1 -1 -1 -1 -1 -1 -1 -1 -1
71 -1 -1 -1 -1 -1 -1 -1 -1 -1 -1 -1 -1 -1 -1 -1 -1 -1 -1 -1 -1
72 -1 -1 -1 -1 -1 -1 -1 -1 -1 -1 -1 -1 -1 -1 -1 -1 -1 -1 -1 -1
73 -1 -1 -1 -1 -1 -1 -1 -1 -1 -1 -1 -1 -1 -1 -1 -1 -1 -1 -1 -1
74 -1 -1 -1 -1 -1 -1 -1 -1 -1 -1 -1 -1 -1 -1 -1 -1 -1 -1 -1 -1
75 -1 -1 -1 -1 -1 -1 -1 -1 -1 -1 -1 -1 -1 -1 -1 -1 -1 -1 -1 -1
76 -1 -1 -1 -1 -1 -1 -1 -1 -1 -1 -1 -1 -1 -1 -1 -1 -1 -1 -1 -1
77 0.426557 0.408146 0.425487 0.687807 0.389529 0.686826 0.461446 0.688788 0.389529 0.686826 0.373901 0.861006 0.359101 0.982309 0.461446 0.688788 0.457536 0.890088 0.455513 1.095041
78 0.421713 0.404971 0.421823 0.681992 0.386835 0.681383 0.456810 0.682602 0.386835 0.681383 0.371931 0.862486 0.357917 0.985125 0.456810 0.682602 0.453233 0.884506 0.454089 1.092150
79 0.417010 0.401438 0.417211 0.673513 0.382981 0.672494 0.451441 0.674532 0.382981 0.672494 0.370494 0.859916 0.357848 0.986341 0.451441 0.674532 0.448428 0.875081 0.454847 1.079477
80 0.413495 0.397757 0.412271 0.664249 0.378469 0.663406 0.446074 0.665093 0.378469 0.663406 0.368453 0.849822 0.359326 0.987526 0.446074 0.665093 0.443874 0.860739 0.454899 1.064455
81 0.408368 0.393525 0.406834 0.656497 0.373099 0.656968 0.440570 0.656027 0.373099 0.656968 0.366911 0.838246 0.360740 0.987061 0.440570 0.656027 0.438706 0.848348 0.445163 1.022663
82 0.403425 0.388914 0.403311 0.651564 0.370326 0.652897 0.436295 0.650230 0.370326 0.652897 0.364744 0.828158 0.362212 0.976710 0.436295 0.650230 0.433875 0.837227 0.435898 0.998834
83 0.399240 0.384817 0.400618 0.644460 0.367352 0.645520 0.433883 0.643400 0.367352 0.645520 0.362867 0.814345 0.362393 0.970009 0.433883 0.643400 0.431498 0.820952 0.432821 0.983502
84 0.395006 0.381277 0.397872 0.641832 0.365052 0.643454 0.430691 0.640209 0.365052 0.643454 0.362867 0.806016 0.363233 0.966952 0.430691 0.640209 0.429633 0.808996 0.431688 0.975939
85 0.392170 0.378296 0.395875 0.635676 0.363439 0.637261 0.428310 0.634092 0.363439 0.637261 0.362435 0.800300 0.363758 0.965809 0.428310 0.634092 0.425368 0.796034 0.426297 0.958534
86 0.390095 0.375146 0.394024 0.631682 0.362210 0.632346 0.425838 0.631018 0.362210 0.632346 0.360411 0.801977 0.363983 0.967021 0.425838 0.631018 0.421808 0.790815 0.417723 0.962038
87 0.387698 0.368809 0.393499 0.614203 0.362174 0.614233 0.424825 0.614172 0.362174 0.614233 0.359772 0.787651 0.362402 0.969144 0.424825 0.614172 0.419695 0.780712 0.409225 0.962263
88 0.386838 0.364520 0.393852 0.616532 0.362997 0.616147 0.424708 0.616918 0.362997 0.616147 0.359613 0.789968 0.361983 0.968650 0.424708 0.616918 0.416673 0.785932 0.405221 0.961198
89 0.385586 0.359261 0.393482 0.607469 0.362830 0.607635 0.424134 0.607303 0.362830 0.607635 0.358053 0.782212 0.361848 0.966662 0.424134 0.607303 0.415876 0.766992 0.401334 0.940054
90 0.385200 0.356477 0.391943 0.604435 0.361890 0.604170 0.421996 0.604700 0.361890 0.604170 0.357346 0.781137 0.360281 0.965125 0.421996 0.604700 0.411999 0.755864 0.399686 0.913443
91 0.384536 0.355624 0.389295 0.601344 0.359743 0.601144 0.418847 0.601543 0.359743 0.601144 0.357421 0.780464 0.359393 0.963380 0.418847 0.601543 0.404562 0.761741 0.397224 0.915045
92 0.384094 0.355785 0.386561 0.601907 0.356745 0.601106 0.416377 0.602708 0.356745 0.601106 0.358762 0.768943 0.359683 0.947459 0.416377 0.602708 0.399561 0.761985 0.392446 0.911161
93 0.383570 0.353665 0.383950 0.599444 0.354797 0.598850 0.413103 0.600037 0.354797 0.598850 0.358920 0.768355 0.359854 0.947315 0.413103 0.600037 0.395314 0.757869 0.394205 0.909287
94 0.382478 0.350881 0.382997 0.597774 0.354161 0.598281 0.411834 0.597267 0.354161 0.598281 0.359150 0.766777 0.359836 0.945609 0.411834 0.597267 0.398846 0.740260 0.394547 0.891596
95 0.382942 0.350420 0.383587 0.598211 0.354499 0.599389 0.412675 0.597034 0.354499 0.599389 0.359298 0.768074 0.360126 0.946074 0.412675 0.597034 0.401279 0.728825 0.396708 0.862605
96 0.383578 0.349994 0.384180 0.595883 0.355130 0.597340 0.413231 0.594426 0.355130 0.597340 0.359416 0.766442 0.360487 0.943191 0.413231 0.594426 0.402063 0.728190 0.397950 0.868786
97 0.384194 0.349768 0.384570 0.595842 0.355533 0.597305 0.413608 0.594379 0.355533 0.597305 0.360470 0.763432 0.360605 0.938487 0.413608 0.594379 0.402547 0.730983 0.398163 0.874688
98 0.385554 0.348133 0.385879 0.589633 0.357626 0.590498 0.414133 0.588767 0.357626 0.590498 0.362388 0.757122 0.360079 0.930295 0.414133 0.588767 0.402011 0.733355 0.395618 0.880600
99 0.387212 0.346181 0.386891 0.585409 0.359314 0.586399 0.414469 0.584419 0.359314 0.586399 0.362692 0.752317 0.359911 0.924782 0.414469 0.584419 0.402468 0.729732 0.394416 0.874657
100 0.389401 0.342152 0.390102 0.578765 0.362725 0.579795 0.417478 0.577736 0.362725 0.579795 0.363327 0.744540 0.359358 0.917477 0.417478 0.577736 0.405906 0.727258 0.394172 0.868078
101 0.392816 0.339071 0.393557 0.575880 0.365914 0.576591 0.421199 0.575170 0.365914 0.576591 0.364164 0.735025 0.359378 0.898314 0.421199 0.575170 0.410645 0.725967 0.394248 0.865570
102 0.396616 0.337007 0.397487 0.570762 0.369007 0.570559 0.425968 0.570965 0.369007 0.570559 0.364318 0.725841 0.359378 0.888973 0.425968 0.570965 0.413235 0.720125 0.395409 0.851714
103 0.399603 0.335047 0.401052 0.562755 0.371849 0.560780 0.430255 0.564730 0.371849 0.560780 0.365121 0.716329 0.359798 0.880080 0.430255 0.564730 0.414632 0.718502 0.395640 0.854845
104 0.401675 0.333194 0.402664 0.558156 0.374074 0.555449 0.431253 0.560863 0.374074 0.555449 0.365459 0.702191 0.361759 0.856579 0.431253 0.560863 0.415226 0.711835 0.396181 0.853613
105 0.403201 0.331030 0.405031 0.551903 0.376408 0.549208 0.433655 0.554597 0.376408 0.549208 0.366961 0.684145 0.363773 0.834988 0.433655 0.554597 0.415871 0.703698 0.397587 0.849889
106 0.404775 0.328465 0.407390 0.547748 0.378474 0.546144 0.436305 0.549352 0.378474 0.546144 0.367366 0.676702 0.365176 0.821894 0.436305 0.549352 0.415775 0.692387 0.397650 0.830047
107 0.406690 0.326814 0.408757 0.542322 0.380314 0.540585 0.437201 0.544059 0.380314 0.540585 0.368184 0.667520 0.366100 0.813630 0.437201 0.544059 0.417071 0.684595 0.399227 0.822513
108 0.407769 0.324492 0.409090 0.538912 0.381020 0.536857 0.437159 0.540967 0.381020 0.536857 0.369139 0.662760 0.366236 0.805132 0.437159 0.540967 0.418387 0.683058 0.399484 0.822042
109 0.408811 0.322851 0.409145 0.535344 0.381346 0.532842 0.436945 0.537845 0.381346 0.532842 0.372530 0.652383 0.367170 0.792385 0.436945 0.537845 0.420206 0.676218 0.400231 0.815296
110 0.410057 0.321044 0.409656 0.528991 0.382569 0.526710 0.436743 0.531272 0.382569 0.526710 0.377986 0.651731 0.370904 0.788573 0.436743 0.531272 0.421235 0.673911 0.400951 0.812262
111 0.411159 0.319864 0.409899 0.526712 0.383393 0.523949 0.436406 0.529476 0.383393 0.523949 0.385260 0.651431 0.375456 0.781378 0.436406 0.529476 0.421295 0.672872 0.402041 0.810838
112 0.412225 0.318279 0.410684 0.525923 0.385067 0.523174 0.436301 0.528673 0.385067 0.523174 0.391662 0.641914 0.383652 0.783348 0.436301 0.528673 0.420966 0.666202 0.402109 0.800801
113 0.412613 0.317482 0.411122 0.524159 0.386132 0.521898 0.436112 0.526420 0.386132 0.521898 0.394644 0.635713 0.389651 0.764918 0.436112 0.526420 0.420737 0.660805 0.402145 0.791369
114 0.413045 0.317001 0.411054 0.521461 0.386955 0.519643 0.435153 0.523279 0.386955 0.519643 0.391810 0.641147 0.393899 0.759068 0.435153 0.523279 0.417901 0.661551 0.401938 0.787422
115 0.413282 0.316969 0.411334 0.520839 0.387723 0.519136 0.434945 0.522542 0.387723 0.519136 0.390761 0.641133 0.395903 0.754875 0.434945 0.522542 0.416773 0.662003 0.401930 0.784754
116 0.413668 0.316391 0.411385 0.520326 0.387906 0.518462 0.434864 0.522189 0.387906 0.518462 0.390708 0.638768 0.394361 0.756000 0.434864 0.522189 0.417664 0.655165 0.402151 0.781946
117 0.414209 0.315679 0.411426 0.519739 0.388064 0.517762 0.434788 0.521716 0.388064 0.517762 0.391141 0.638809 0.395300 0.756091 0.434788 0.521716 0.418941 0.655168 0.402716 0.783437
118 0.414966 0.314133 0.411169 0.516938 0.387802 0.514237 0.434535 0.519639 0.387802 0.514237 0.393655 0.625972 0.395169 0.748354 0.434535 0.519639 0.419451 0.652565 0.403299 0.783957
119 0.415677 0.311282 0.410730 0.512570 0.387694 0.509019 0.433766 0.516121 0.387694 0.509019 0.394442 0.620949 0.394062 0.743109 0.433766 0.516121 0.419797 0.646120 0.405348 0.779821
120 0.416791 0.309715 0.410280 0.505444 0.387402 0.502646 0.433157 0.508242 0.387402 0.502646 0.393856 0.622511 0.393182 0.744072 0.433157 0.508242 0.420292 0.642153 0.407700 0.773134
121 0.418182 0.307740 0.409857 0.500529 0.387308 0.498100 0.432406 0.502958 0.387308 0.498100 0.393026 0.613741 0.392697 0.735421 0.432406 0.502958 0.420736 0.627871 0.408960 0.751018
122 0.419276 0.307505 0.409843 0.501444 0.387278 0.498539 0.432408 0.504349 0.387278 0.498539 0.388355 0.603714 0.389127 0.728760 0.432408 0.504349 0.420833 0.614376 0.408622 0.737544
123 0.420890 0.307761 0.410740 0.498871 0.387744 0.495546 0.433737 0.502197 0.387744 0.495546 0.384608 0.596814 0.384953 0.718567 0.433737 0.502197 0.420916 0.601982 0.408767 0.718927
124 0.423051 0.308562 0.412036 0.496082 0.388413 0.492519 0.435658 0.499645 0.388413 0.492519 0.383649 0.590342 0.382957 0.711073 0.435658 0.499645 0.421799 0.592888 0.408707 0.712022
125 0.425791 0.310985 0.414247 0.495624 0.390048 0.491602 0.438447 0.499647 0.390048 0.491602 0.381994 0.585337 0.381439 0.700040 0.438447 0.499647 0.422141 0.589759 0.408550 0.700070
126 0.429191 0.318162 0.416263 0.496668 0.391962 0.493184 0.440564 0.500152 0.391962 0.493184 0.382042 0.579797 0.380577 0.689236 0.440564 0.500152 0.422283 0.588559 0.408812 0.692628
127 0.433269 0.329089 0.418737 0.503133 0.393739 0.498485 0.443735 0.507781 0.393739 0.498485 0.382914 0.566957 0.380901 0.672029 0.443735 0.507781 0.424695 0.572415 0.411741 0.672232
128 0.435794 0.347045 0.420091 0.517793 0.394813 0.514174 0.445369 0.521412 0.394813 0.514174 0.383562 0.566610 0.381238 0.667046 0.445369 0.521412 0.425582 0.569326 0.413458 0.659345
129 0.438247 0.370244 0.421161 0.534254 0.396439 0.529872 0.445883 0.538636 0.396439 0.529872 0.385103 0.561627 0.381625 0.660075 0.445883 0.538636 0.426895 0.565621 0.415209 0.646751
130 0.442128 0.393501 0.424952 0.551003 0.400380 0.544870 0.449523 0.557137 0.400380 0.544870 0.384580 0.555678 0.381837 0.659401 0.449523 0.557137 0.425337 0.574858 0.419564 0.637180
131 0.445314 0.413524 0.428872 0.562273 0.406199 0.553503 0.451546 0.571042 0.406199 0.553503 0.384571 0.548786 0.381745 0.658169 0.451546 0.571042 0.425242 0.576423 0.418649 0.634703
132 0.449263 0.433382 0.434235 0.584207 0.414173 0.582763 0.454297 0.585651 0.414173 0.582763 0.382867 0.539679 0.383947 0.661211 0.454297 0.585651 0.426764 0.513394 0.410848 0.577213
133 0.454752 0.459391 0.443050 0.601165 0.427718 0.599030 0.458382 0.603300 0.427718 0.599030 0.386262 0.546718 0.384059 0.665929 0.458382 0.603300 0.428549 0.503985 0.401529 0.565993
134 0.461898 0.487493 0.446636 0.625797 0.428352 0.621270 0.464921 0.630325 0.428352 0.621270 0.391165 0.551791 0.383993 0.668477 0.464921 0.630325 0.435983 0.520673 0.392773 0.537084
135 0.469454 0.513230 0.447988 0.644178 0.427576 0.635964 0.468401 0.652391 0.427576 0.635964 0.395313 0.547669 0.384415 0.663853 0.468401 0.652391 0.456692 0.521752 0.416338 0.510470
136 0.479399 0.550045 0.450307 0.665869 0.428188 0.657630 0.472425 0.674107 0.428188 0.657630 0.402768 0.549700 0.383732 0.665712 0.472425 0.674107 0.477634 0.526683 0.458855 0.521483
137 0.484289 0.570499 0.455570 0.687197 0.436520 0.674121 0.474621 0.700273 0.436520 0.674121 0.409487 0.566245 0.383489 0.667689 0.474621 0.700273 0.512524 0.574937 0.480671 0.626222
138 0.491878 0.581019 0.466878 0.692195 0.448052 0.688611 0.485705 0.695779 0.448052 0.688611 0.429670 0.591720 0.389726 0.666611 0.485705 0.695779 0.502561 0.565051 0.475937 0.548963
139 0.510620 0.589981 0.485950 0.705612 0.488375 0.709597 0.483525 0.701627 0.488375 0.709597 0.513674 0.585797 0.457972 0.604040 0.483525 0.701627 0.472940 0.574966 0.416634 0.620066
140 -1 -1 -1 -1 -1 -1 -1 -1 -1 -1 -1 -1 -1 -1 -1 -1 -1 -1 -1 -1
141 0.503514 0.615017 0.485757 0.694873 0.506447 0.710539 0.465066 0.679207 0.506447 0.710539 0.573364 0.652396 0.542923 0.703742 0.465066 0.679207 0.442976 0.556075 0.394212 0.655847
142 0.509858 0.633568 0.491286 0.697152 0.507010 0.710274 0.475561 0.684031 0.507010 0.710274 0.565775 0.641229 0.521660 0.686126 0.475561 0.684031 0.449466 0.559339 0.392919 0.648757
143 0.527043 0.658846 0.502943 0.705518 0.507100 0.707948 0.498787 0.703089 0.507100 0.707948 0.510304 0.582135 0.457227 0.643212 0.498787 0.703089 0.502712 0.571425 0.437255 0.642787
144 0.527878 0.689443 0.503247 0.715531 0.492868 0.704715 0.513625 0.726348 0.492868 0.704715 0.459735 0.557805 0.410043 0.603079 0.513625 0.726348 0.539978 0.584409 0.517820 0.637035
145 0.521842 0.691677 0.500354 0.718060 0.480339 0.705076 0.520368 0.731044 0.480339 0.705076 0.465991 0.560381 0.438727 0.609379 0.520368 0.731044 0.541349 0.587668 0.500088 0.630532
146 0.515674 0.706313 0.498449 0.711736 0.484389 0.704025 0.512510 0.719446 0.484389 0.704025 0.502901 0.585437 0.476847 0.628256 0.512510 0.719446 0.540403 0.592241 0.496588 0.633848
147 0.519230 0.716960 0.500979 0.709905 0.493728 0.706943 0.508230 0.712867 0.493728 0.706943 0.514367 0.631149 0.489334 0.651011 0.508230 0.712867 0.513449 0.611945 0.466634 0.634858
148 0.520315 0.734680 0.502896 0.718780 0.504300 0.721669 0.501491 0.715891 0.504300 0.721669 0.516458 0.680314 0.505018 0.680358 0.501491 0.715891 0.505018 0.656849 0.459024 0.636166
149 -1 -1 -1 -1 -1 -1 -1 -1 -1 -1 -1 -1 -1 -1 -1 -1 -1 -1 -1 -1
150 -1 -1 -1 -1 -1 -1 -1 -1 -1 -1 -1 -1 -1 -1 -1 -1 -1 -1 -1 -1
151 -1 -1 -1 -1 -1 -1 -1 -1 -1 -1 -1 -1 -1 -1 -1 -1 -1 -1 -1 -1
152 -1 -1 -1 -1 -1 -1 -1 -1 -1 -1 -1 -1 -1 -1 -1 -1 -1 -1 -1 -1
153 -1 -1 -1 -1 -1 -1 -1 -1 -1 -1 -1 -1 -1 -1 -1 -1 -1 -1 -1 -1
154 -1 -1 -1 -1 -1 -1 -1 -1 -1 -1 -1 -1 -1 -1 -1 -1 -1 -1 -1 -1
155 -1 -1 -1 -1 -1 -1 -1 -1 -1 -1 -1 -1 -1 -1 -1 -1 -1 -1 -1 -1
156 -1 -1 -1 -1 -1 -1 -1 -1 -1 -1 -1 -1 -1 -1 -1 -1 -1 -1 -1 -1
157 -1 -1 -1 -1 -1 -1 -1 -1 -1 -1 -1 -1 -1 -1 -1 -1 -1 -1 -1 -1
158 -1 -1 -1 -1 -1 -1 -1 -1 -1 -1 -1 -1 -1 -1 -1 -1 -1 -1 -1 -1
159 -1 -1 -1 -1 -1 -1 -1 -1 -1 -1 -1 -1 -1 -1 -1 -1 -1 -1 -1 -1
160 -1 -1 -1 -1 -1 -1 -1 -1 -1 -1 -1 -1 -1 -1 -1 -1 -1 -1 -1 -1
161 -1 -1 -1 -1 -1 -1 -1 -1 -1 -1 -1 -1 -1 -1 -1 -1 -1 -1 -1 -1
162 -1 -1 -1 -1 -1 -1 -1 -1 -1 -1 -1 -1 -1 -1 -1 -1 -1 -1 -1 -1
163 -1 -1 -1 -1 -1 -1 -1 -1 -1 -1 -1 -1 -1 -1 -1 -1 -1 -1 -1 -1
164 -1 -1 -1 -1 -1 -1 -1 -1 -1 -1 -1 -1 -1 -1 -1 -1 -1 -1 -1 -1
165 -1 -1 -1 -1 -1 -1 -1 -1 -1 -1 -1 -1 -1 -1 -1 -1 -1 -1 -1 -1
166 -1 -1 -1 -1 -1 -1 -1 -1 -1 -1 -1 -1 -1 -1 -1 -1 -1 -1 -1 -1
167 -1 -1 -1 -1 -1 -1 -1 -1 -1 -1 -1 -1 -1 -1 -1 -1 -1 -1 -1 -1
168 -1 -1 -1 -1 -1 -1 -1 -1 -1 -1 -1 -1 -1 -1 -1 -1 -1 -1 -1 -1
169 -1 -1 -1 -1 -1 -1 -1 -1 -1 -1 -1 -1 -1 -1 -1 -1 -1 -1 -1 -1
170 -1 -1 -1 -1 -1 -1 -1 -1 -1 -1 -1 -1 -1 -1 -1 -1 -1 -1 -1 -1
171 -1 -1 -1 -1 -1 -1 -1 -1 -1 -1 -1 -1 -1 -1 -1 -1 -1 -1 -1 -1
172 -1 -1 -1 -1 -1 -1 -1 -1 -1 -1 -1 -1 -1 -1 -1 -1 -1 -1 -1 -1
173 -1 -1 -1 -1 -1 -1 -1 -1 -1 -1 -1 -1 -1 -1 -1 -1 -1 -1 -1 -1
174 -1 -1 -1 -1 -1 -1 -1 -1 -1 -1 -1 -1 -1 -1 -1 -1 -1 -1 -1 -1
175 -1 -1 -1 -1 -1 -1 -1 -1 -1 -1 -1 -1 -1 -1 -1 -1 -1 -1 -1 -1
176 -1 -1 -1 -1 -1 -1 -1 -1 -1 -1 -1 -1 -1 -1 -1 -1 -1 -1 -1 -1
177 -1 -1 -1 -1 -1 -1 -1 -1 -1 -1 -1 -1 -1 -1 -1 -1 -1 -1 -1 -1
178 -1 -1 -1 -1 -1 -1 -1 -1 -1 -1 -1 -1 -1 -1 -1 -1 -1 -1 -1 -1
179 -1 -1 -1 -1 -1 -1 -1 -1 -1 -1 -1 -1 -1 -1 -1 -1 -1 -1 -1 -1
180 -1 -1 -1 -1 -1 -1 -1 -1 -1 -1 -1 -1 -1 -1 -1 -1 -1 -1 -1 -1
181 -1 -1 -1 -1 -1 -1 -1 -1 -1 -1 -1 -1 -1 -1 -1 -1 -1 -1 -1 -1
182 -1 -1 -1 -1 -1 -1 -1 -1 -1 -1 -1 -1 -1 -1 -1 -1 -1 -1 -1 -1
183 -1 -1 -1 -1 -1 -1 -1 -1 -1 -1 -1 -1 -1 -1 -1 -1 -1 -1 -1 -1
184 -1 -1 -1 -1 -1 -1 -1 -1 -1 -1 -1 -1 -1 -1 -1 -1 -1 -1 -1 -1
185 -1 -1 -1 -1 -1 -1 -1 -1 -1 -1 -1 -1 -1 -1 -1 -1 -1 -1 -1 -1
186 -1 -1 -1 -1 -1 -1 -1 -1 -1 -1 -1 -1 -1 -1 -1 -1 -1 -1 -1 -1
187 -1 -1 -1 -1 -1 -1 -1 -1 -1 -1 -1 -1 -1 -1 -1 -1 -1 -1 -1 -1
188 -1 -1 -1 -1 -1 -1 -1 -1 -1 -1 -1 -1 -1 -1 -1 -1 -1 -1 -1 -1
189 -1 -1 -1 -1 -1 -1 -1 -1 -1 -1 -1 -1 -1 -1 -1 -1 -1 -1 -1 -1
190 -1 -1 -1 -1 -1 -1 -1 -1 -1 -1 -1 -1 -1 -1 -1 -1 -1 -1 -1 -1
191 -1 -1 -1 -1 -1 -1 -1 -1 -1 -1 -1 -1 -1 -1 -1 -1 -1 -1 -1 -1
192 -1 -1 -1 -1 -1 -1 -1 -1 -1 -1 -1 -1 -1 -1 -1 -1 -1 -1 -1 -1
193 -1 -1 -1 -1 -1 -1 -1 -1 -1 -1 -1 -1 -1 -1 -1 -1 -1 -1 -1 -1
194 -1 -1 -1 -1 -1 -1 -1 -1 -1 -1 -1 -1 -1 -1 -1 -1 -1 -1 -1 -1
195 -1 -1 -1 -1 -1 -1 -1 -1 -1 -1 -1 -1 -1 -1 -1 -1 -1 -1 -1 -1
196 -1 -1 -1 -1 -1 -1 -1 -1 -1 -1 -1 -1 -1 -1 -1 -1 -1 -1 -1 -1
197 -1 -1 -1 -1 -1 -1 -1 -1 -1 -1 -1 -1 -1 -1 -1 -1 -1 -1 -1 -1
198 -1 -1 -1 -1 -1 -1 -1 -1 -1 -1 -1 -1 -1 -1 -1 -1 -1 -1 -1 -1
199 -1 -1 -1 -1 -1 -1 -1 -1 -1 -1 -1 -1 -1 -1 -1 -1 -1 -1 -1 -1
200 -1 -1 -1 -1 -1 -1 -1 -1 -1 -1 -1 -1 -1 -1 -1 -1 -1 -1 -1 -1
201 -1 -1 -1 -1 -1 -1 -1 -1 -1 -1 -1 -1 -1 -1 -1 -1 -1 -1 -1 -1
202 -1 -1 -1 -1 -1 -1 -1 -1 -1 -1 -1 -1 -1 -1 -1 -1 -1 -1 -1 -1
203 -1 -1 -1 -1 -1 -1 -1 -1 -1 -1 -1 -1 -1 -1 -1 -1 -1 -1 -1 -1
204 -1 -1 -1 -1 -1 -1 -1 -1 -1 -1 -1 -1 -1 -1 -1 -1 -1 -1 -1 -1
205 -1 -1 -1 -1 -1 -1 -1 -1 -1 -1 -1 -1 -1 -1 -1 -1 -1 -1 -1 -1
206 -1 -1 -1 -1 -1 -1 -1 -1 -1 -1 -1 -1 -1 -1 -1 -1 -1 -1 -1 -1
207 -1 -1 -1 -1 -1 -1 -1 -1 -1 -1 -1 -1 -1 -1 -1 -1 -1 -1 -1 -1
208 -1 -1 -1 -1 -1 -1 -1 -1 -1 -1 -1 -1 -1 -1 -1 -1 -1 -1 -1 -1
209 -1 -1 -1 -1 -1 -1 -1 -1 -1 -1 -1 -1 -1 -1 -1 -1 -1 -1 -1 -1
210 -1 -1 -1 -1 -1 -1 -1 -1 -1 -1 -1 -1 -1 -1 -1 -1 -1 -1 -1 -1
211 -1 -1 -1 -1 -1 -1 -1 -1 -1 -1 -1 -1 -1 -1 -1 -1 -1 -1 -1 -1
212 -1 -1 -1 -1 -1 -1 -1 -1 -1 -1 -1 -1 -1 -1 -1 -1 -1 -1 -1 -1
213 -1 -1 -1 -1 -1 -1 -1 -1 -1 -1 -1 -1 -1 -1 -1 -1 -1 -1 -1 -1
214 -1 -1 -1 -1 -1 -1 -1 -1 -1 -1 -1 -1 -1 -1 -1 -1 -1 -1 -1 -1
215 -1 -1 -1 -1 -1 -1 -1 -1 -1 -1 -1 -1 -1 -1 -1 -1 -1 -1 -1 -1
216 -1 -1 -1 -1 -1 -1 -1 -1 -1 -1 -1 -1 -1 -1 -1 -1 -1 -1 -1 -1
217 -1 -1 -1 -1 -1 -1 -1 -1 -1 -1 -1 -1 -1 -1 -1 -1 -1 -1 -1 -1
218 -1 -1 -1 -1 -1 -1 -1 -1 -1 -1 -1 -1 -1 -1 -1 -1 -1 -1 -1 -1
219 -1 -1 -1 -1 -1 -1 -1 -1 -1 -1 -1 -1 -1 -1 -1 -1 -1 -1 -1 -1
220 -1 -1 -1 -1 -1 -1 -1 -1 -1 -1 -1 -1 -1 -1 -1 -1 -1 -1 -1 -1
221 -1 -1 -1 -1 -1 -1 -1 -1 -1 -1 -1 -1 -1 -1 -1 -1 -1 -1 -1 -1
222 -1 -1 -1 -1 -1 -1 -1 -1 -1 -1 -1 -1 -1 -1 -1 -1 -1 -1 -1 -1
223 -1 -1 -1 -1 -1 -1 -1 -1 -1 -1 -1 -1 -1 -1 -1 -1 -1 -1 -1 -1
224 -1 -1 -1 -1 -1 -1 -1 -1 -1 -1 -1 -1 -1 -1 -1 -1 -1 -1 -1 -1
225 -1 -1 -1 -1 -1 -1 -1 -1 -1 -1 -1 -1 -1 -1 -1 -1 -1 -1 -1 -1
226 -1 -1 -1 -1 -1 -1 -1 -1 -1 -1 -1 -1 -1 -1 -1 -1 -1 -1 -1 -1
227 -1 -1 -1 -1 -1 -1 -1 -1 -1 -1 -1 -1 -1 -1 -1 -1 -1 -1 -1 -1
228 -1 -1 -1 -1 -1 -1 -1 -1 -1 -1 -1 -1 -1 -1 -1 -1 -1 -1 -1 -1
229 -1 -1 -1 -1 -1 -1 -1 -1 -1 -1 -1 -1 -1 -1 -1 -1 -1 -1 -1 -1
230 -1 -1 -1 -1 -1 -1 -1 -1 -1 -1 -1 -1 -1 -1 -1 -1 -1 -1 -1 -1
231 -1 -1 -1 -1 -1 -1 -1 -1 -1 -1 -1 -1 -1 -1 -1 -1 -1 -1 -1 -1
232 -1 -1 -1 -1 -1 -1 -1 -1 -1 -1 -1 -1 -1 -1 -1 -1 -1 -1 -1 -1
233 -1 -1 -1 -1 -1 -1 -1 -1 -1 -1 -1 -1 -1 -1 -1 -1 -1 -1 -1 -1
234 -1 -1 -1 -1 -1 -1 -1 -1 -1 -1 -1 -1 -1 -1 -1 -1 -1 -1 -1 -1
235 -1 -1 -1 -1 -1 -1 -1 -1 -1 -1 -1 -1 -1 -1 -1 -1 -1 -1 -1 -1
236 -1 -1 -1 -1 -1 -1 -1 -1 -1 -1 -1 -1 -1 -1 -1 -1 -1 -1 -1 -1
237 -1 -1 -1 -1 -1 -1 -1 -1 -1 -1 -1 -1 -1 -1 -1 -1 -1 -1 -1 -1
238 -1 -1 -1 -1 -1 -1 -1 -1 -1 -1 -1 -1 -1 -1 -1 -1 -1 -1 -1 -1
239 -1 -1 -1 -1 -1 -1 -1 -1 -1 -1 -1 -1 -1 -1 -1 -1 -1 -1 -1 -1
240 -1 -1 -1 -1 -1 -1 -1 -1 -1 -1 -1 -1 -1 -1 -1 -1 -1 -1 -1 -1
241 -1 -1 -1 -1 -1 -1 -1 -1 -1 -1 -1 -1 -1 -1 -1 -1 -1 -1 -1 -1
242 -1 -1 -1 -1 -1 -1 -1 -1 -1 -1 -1 -1 -1 -1 -1 -1 -1 -1 -1 -1
243 -1 -1 -1 -1 -1 -1 -1 -1 -1 -1 -1 -1 -1 -1 -1 -1 -1 -1 -1 -1
244 -1 -1 -1 -1 -1 -1 -1 -1 -1 -1 -1 -1 -1 -1 -1 -1 -1 -1 -1 -1
245 -1 -1 -1 -1 -1 -1 -1 -1 -1 -1 -1 -1 -1 -1 -1 -1 -1 -1 -1 -1
246 -1 -1 -1 -1 -1 -1 -1 -1 -1 -1 -1 -1 -1 -1 -1 -1 -1 -1 -1 -1
247 -1 -1 -1 -1 -1 -1 -1 -1 -1 -1 -1 -1 -1 -1 -1 -1 -1 -1 -1 -1
248 -1 -1 -1 -1 -1 -1 -1 -1 -1 -1 -1 -1 -1 -1 -1 -1 -1 -1 -1 -1
249 -1 -1 -1 -1 -1 -1 -1 -1 -1 -1 -1 -1 -1 -1 -1 -1 -1 -1 -1 -1
250 -1 -1 -1 -1 -1 -1 -1 -1 -1 -1 -1 -1 -1 -1 -1 -1 -1 -1 -1 -1
251 -1 -1 -1 -1 -1 -1 -1 -1 -1 -1 -1 -1 -1 -1 -1 -1 -1 -1 -1 -1
252 -1 -1 -1 -1 -1 -1 -1 -1 -1 -1 -1 -1 -1 -1 -1 -1 -1 -1 -1 -1
253 -1 -1 -1 -1 -1 -1 -1 -1 -1 -1 -1 -1 -1 -1 -1 -1 -1 -1 -1 -1
254 -1 -1 -1 -1 -1 -1 -1 -1 -1 -1 -1 -1 -1 -1 -1 -1 -1 -1 -1 -1
255 -1 -1 -1 -1 -1 -1 -1 -1 -1 -1 -1 -1 -1 -1 -1 -1 -1 -1 -1 -1
256 -1 -1 -1 -1 -1 -1 -1 -1 -1 -1 -1 -1 -1 -1 -1 -1 -1 -1 -1 -1
257 -1 -1 -1 -1 -1 -1 -1 -1 -1 -1 -1 -1 -1 -1 -1 -1 -1 -1 -1 -1
258 -1 -1 -1 -1 -1 -1 -1 -1 -1 -1 -1 -1 -1 -1 -1 -1 -1 -1 -1 -1
259 -1 -1 -1 -1 -1 -1 -1 -1 -1 -1 -1 -1 -1 -1 -1 -1 -1 -1 -1 -1
260 -1 -1 -1 -1 -1 -1 -1 -1 -1 -1 -1 -1 -1 -1 -1 -1 -1 -1 -1 -1
261 -1 -1 -1 -1 -1 -1 -1 -1 -1 -1 -1 -1 -1 -1 -1 -1 -1 -1 -1 -1
262 -1 -1 -1 -1 -1 -1 -1 -1 -1 -1 -1 -1 -1 -1 -1 -1 -1 -1 -1 -1
263 -1 -1 -1 -1 -1 -1 -1 -1 -1 -1 -1 -1 -1 -1 -1 -1 -1 -1 -1 -1
264 -1 -1 -1 -1 -1 -1 -1 -1 -1 -1 -1 -1 -1 -1 -1 -1 -1 -1 -1 -1
265 -1 -1 -1 -1 -1 -1 -1 -1 -1 -1 -1 -1 -1 -1 -1 -1 -1 -1 -1 -1
266 -1 -1 -1 -1 -1 -1 -1 -1 -1 -1 -1 -1 -1 -1 -1 -1 -1 -1 -1 -1
267 -1 -1 -1 -1 -1 -1 -1 -1 -1 -1 -1 -1 -1 -1 -1 -1 -1 -1 -1 -1
268 -1 -1 -1 -1 -1 -1 -1 -1 -1 -1 -1 -1 -1 -1 -1 -1 -1 -1 -1 -1
269 -1 -1 -1 -1 -1 -1 -1 -1 -1 -1 -1 -1 -1 -1 -1 -1 -1 -1 -1 -1
270 -1 -1 -1 -1 -1 -1 -1 -1 -1 -1 -1 -1 -1 -1 -1 -1 -1 -1 -1 -1
271 -1 -1 -1 -1 -1 -1 -1 -1 -1 -1 -1 -1 -1 -1 -1 -1 -1 -1 -1 -1
272 -1 -1 -1 -1 -1 -1 -1 -1 -1 -1 -1 -1 -1 -1 -1 -1 -1 -1 -1 -1
273 -1 -1 -1 -1 -1 -1 -1 -1 -1 -1 -1 -1 -1 -1 -1 -1 -1 -1 -1 -1
274 -1 -1 -1 -1 -1 -1 -1 -1 -1 -1 -1 -1 -1 -1 -1 -1 -1 -1 -1 -1
