125
140
0 -1 -1 -1 -1 -1 -1 -1 -1 -1 -1 -1 -1 -1 -1 -1 -1 -1 -1 -1 -1
1 0.147751 0.409201 0.140372 0.534412 0.149501 0.535095 0.131242 0.533730 0.149501 0.535095 0.233747 0.506310 0.280054 0.595128 0.131242 0.533730 0.147925 0.577749 0.131494 0.723358
2 0.147502 0.407471 0.139539 0.537364 0.147256 0.534525 0.131821 0.540203 0.147256 0.534525 0.242571 0.506488 0.270513 0.618640 0.131821 0.540203 0.194858 0.521461 0.248674 0.634210
3 0.147508 0.407188 0.138334 0.538425 0.144300 0.534154 0.132368 0.542697 0.144300 0.534154 0.233400 0.512656 0.266333 0.622319 0.132368 0.542697 0.210681 0.522108 0.270240 0.622146
4 0.147575 0.407046 0.139124 0.536584 0.144316 0.531309 0.133933 0.541859 0.144316 0.531309 0.230192 0.514828 0.266907 0.620513 0.133933 0.541859 0.200548 0.523584 0.256390 0.626773
5 0.147604 0.407307 0.139561 0.535300 0.144960 0.529392 0.134163 0.541209 0.144960 0.529392 0.230602 0.514235 0.278491 0.602085 0.134163 0.541209 0.189247 0.528317 0.227651 0.637966
6 0.147850 0.407289 0.141630 0.534619 0.148682 0.528419 0.134578 0.540819 0.148682 0.528419 0.234587 0.512874 0.284819 0.596821 0.134578 0.540819 0.179557 0.535065 0.212779 0.646187
7 0.148266 0.406745 0.144446 0.534029 0.153461 0.527632 0.135432 0.540426 0.153461 0.527632 0.236175 0.508626 0.286031 0.595302 0.135432 0.540426 0.181009 0.533840 0.218411 0.645148
8 0.148432 0.406753 0.145115 0.533360 0.154830 0.526348 0.135400 0.540372 0.154830 0.526348 0.245950 0.504851 0.286734 0.594969 0.135400 0.540372 0.148922 0.535481 0.159273 0.635095
9 0.148467 0.406783 0.145987 0.532801 0.157044 0.525390 0.134931 0.540213 0.157044 0.525390 0.253903 0.505168 0.287682 0.594579 0.134931 0.540213 0.131868 0.543680 0.132076 0.633425
10 0.148357 0.406790 0.145873 0.532748 0.157477 0.525315 0.134270 0.540182 0.157477 0.525315 0.253667 0.501698 0.287848 0.594478 0.134270 0.540182 0.128813 0.545665 0.127246 0.632311
11 0.148284 0.406983 0.145833 0.532655 0.157888 0.525202 0.133779 0.540107 0.157888 0.525202 0.254172 0.502274 0.287771 0.594208 0.133779 0.540107 0.125565 0.547480 0.123855 0.634246
12 0.148058 0.407288 0.145690 0.532635 0.157890 0.525345 0.133490 0.539924 0.157890 0.525345 0.254334 0.502726 0.287479 0.594292 0.133490 0.539924 0.126021 0.550414 0.125283 0.635982
13 0.147726 0.407896 0.145761 0.533115 0.158176 0.525492 0.133347 0.540737 0.158176 0.525492 0.255162 0.503056 0.287468 0.594327 0.133347 0.540737 0.127875 0.550942 0.128867 0.637039
14 0.147620 0.408298 0.146340 0.533152 0.159377 0.525580 0.133303 0.540724 0.159377 0.525580 0.257698 0.502199 0.288097 0.594219 0.133303 0.540724 0.129247 0.547928 0.126857 0.629525
15 0.150454 0.407030 0.146886 0.533288 0.160543 0.525731 0.133228 0.540845 0.160543 0.525731 0.258554 0.502411 0.288199 0.594063 0.133228 0.540845 0.130014 0.547459 0.130158 0.630284
16 0.149771 0.407484 0.146743 0.533357 0.160325 0.525827 0.133160 0.540886 0.160325 0.525827 0.257877 0.503444 0.288084 0.594282 0.133160 0.540886 0.130573 0.548571 0.130282 0.631453
17 0.149170 0.407848 0.146605 0.533427 0.160066 0.525922 0.133144 0.540932 0.160066 0.525922 0.257366 0.504773 0.287947 0.595062 0.133144 0.540932 0.129784 0.549217 0.125589 0.632326
18 0.148148 0.407894 0.146496 0.533588 0.159848 0.526016 0.133144 0.541161 0.159848 0.526016 0.256843 0.503388 0.287834 0.596004 0.133144 0.541161 0.131162 0.549843 0.130070 0.632847
19 0.149835 0.406115 0.146495 0.533692 0.159679 0.526049 0.133310 0.541335 0.159679 0.526049 0.256310 0.501888 0.287781 0.596535 0.133310 0.541335 0.134256 0.549817 0.135115 0.632410
20 0.148771 0.406191 0.146531 0.533734 0.159552 0.526112 0.133509 0.541357 0.159552 0.526112 0.256007 0.502054 0.287723 0.596893 0.133509 0.541357 0.139353 0.549802 0.139138 0.631053
21 0.148040 0.406218 0.146529 0.533847 0.159460 0.526152 0.133598 0.541542 0.159460 0.526152 0.255752 0.501972 0.287710 0.597247 0.133598 0.541542 0.139245 0.555664 0.141100 0.635171
22 0.147658 0.406258 0.146499 0.533888 0.159403 0.526228 0.133596 0.541547 0.159403 0.526228 0.255652 0.501524 0.287645 0.597461 0.133596 0.541547 0.138330 0.556947 0.140625 0.639275
23 0.147319 0.406286 0.146493 0.533942 0.159338 0.526270 0.133649 0.541614 0.159338 0.526270 0.254862 0.501595 0.287491 0.597475 0.133649 0.541614 0.139464 0.560566 0.155687 0.649228
24 0.147095 0.406408 0.146500 0.533998 0.159273 0.526319 0.133728 0.541677 0.159273 0.526319 0.254968 0.502821 0.287489 0.597480 0.133728 0.541677 0.139376 0.565831 0.153463 0.653932
25 0.147007 0.406273 0.146457 0.534049 0.159223 0.526353 0.133691 0.541745 0.159223 0.526353 0.254876 0.502102 0.287472 0.597594 0.133691 0.541745 0.139286 0.565376 0.151583 0.651850
26 0.146992 0.406318 0.146528 0.534557 0.159368 0.526800 0.133688 0.542314 0.159368 0.526800 0.255171 0.505328 0.287481 0.597626 0.133688 0.542314 0.134020 0.573431 0.145064 0.660092
27 0.146905 0.406419 0.146514 0.534736 0.159407 0.526914 0.133622 0.542558 0.159407 0.526914 0.255178 0.506293 0.287362 0.597782 0.133622 0.542558 0.131500 0.572778 0.142890 0.659039
28 0.146816 0.406297 0.146639 0.534749 0.159657 0.526945 0.133620 0.542554 0.159657 0.526945 0.254967 0.504118 0.287334 0.597787 0.133620 0.542554 0.129577 0.573015 0.136310 0.658470
29 0.146773 0.406177 0.146706 0.534849 0.159742 0.527087 0.133669 0.542611 0.159742 0.527087 0.254515 0.502579 0.287300 0.597784 0.133669 0.542611 0.130379 0.572962 0.136382 0.657962
30 0.146733 0.406140 0.146782 0.534891 0.159890 0.527153 0.133675 0.542629 0.159890 0.527153 0.254478 0.502244 0.287283 0.597793 0.133675 0.542629 0.129712 0.571655 0.137126 0.657054
31 0.146666 0.406114 0.146806 0.534975 0.159957 0.527265 0.133656 0.542685 0.159957 0.527265 0.254887 0.504642 0.287279 0.597794 0.133656 0.542685 0.127863 0.572335 0.137688 0.658714
32 0.146629 0.406353 0.146823 0.535273 0.159993 0.527432 0.133654 0.543113 0.159993 0.527432 0.255187 0.505667 0.287245 0.597790 0.133654 0.543113 0.128488 0.573566 0.145649 0.663439
33 0.146596 0.406661 0.146846 0.535351 0.160001 0.527534 0.133690 0.543167 0.160001 0.527534 0.255175 0.506175 0.287178 0.597733 0.133690 0.543167 0.129203 0.573357 0.146644 0.662541
34 0.146595 0.406821 0.146873 0.535463 0.160054 0.527629 0.133691 0.543297 0.160054 0.527629 0.255161 0.506376 0.287029 0.597653 0.133691 0.543297 0.129529 0.573308 0.145042 0.661550
35 0.146590 0.406935 0.146899 0.535499 0.160057 0.527699 0.133741 0.543299 0.160057 0.527699 0.253645 0.500917 0.286855 0.597564 0.133741 0.543299 0.129619 0.575256 0.144859 0.664231
36 0.146579 0.406862 0.146903 0.535449 0.160055 0.527748 0.133752 0.543149 0.160055 0.527748 0.253228 0.498362 0.286719 0.597522 0.133752 0.543149 0.130380 0.574773 0.143900 0.663500
37 0.146591 0.406787 0.146899 0.535484 0.160047 0.527803 0.133752 0.543165 0.160047 0.527803 0.252005 0.497985 0.286687 0.597417 0.133752 0.543165 0.130518 0.579400 0.141958 0.665486
38 0.146600 0.406950 0.146912 0.535704 0.160034 0.528189 0.133789 0.543218 0.160034 0.528189 0.251399 0.497618 0.286139 0.597424 0.133789 0.543218 0.130289 0.578582 0.141615 0.665713
39 0.146940 0.407080 0.146991 0.535652 0.160206 0.528142 0.133776 0.543161 0.160206 0.528142 0.251479 0.497989 0.286214 0.597228 0.133776 0.543161 0.128113 0.578327 0.137079 0.664404
40 0.147266 0.407123 0.147181 0.535428 0.160482 0.527714 0.133881 0.543143 0.160482 0.527714 0.252891 0.501577 0.286241 0.597130 0.133881 0.543143 0.129723 0.578038 0.146765 0.666354
41 0.148152 0.407044 0.148189 0.534755 0.162005 0.526794 0.134373 0.542715 0.162005 0.526794 0.253372 0.499299 0.286161 0.597182 0.134373 0.542715 0.130828 0.566523 0.146033 0.652385
42 0.149075 0.406277 0.149171 0.533957 0.162924 0.525836 0.135418 0.542078 0.162924 0.525836 0.255538 0.496120 0.285694 0.597619 0.135418 0.542078 0.136268 0.558803 0.144686 0.640620
43 0.150886 0.405262 0.151265 0.531030 0.164970 0.522815 0.137560 0.539245 0.164970 0.522815 0.259277 0.492321 0.285125 0.597724 0.137560 0.539245 0.138477 0.549914 0.144107 0.631694
44 0.153512 0.404902 0.152533 0.529451 0.167099 0.521584 0.137967 0.537318 0.167099 0.521584 0.262989 0.491929 0.283227 0.599426 0.137967 0.537318 0.137328 0.546209 0.127480 0.622031
45 0.156608 0.403390 0.154871 0.526092 0.168528 0.518778 0.141215 0.533406 0.168528 0.518778 0.263789 0.492006 0.281413 0.600909 0.141215 0.533406 0.141208 0.540146 0.133535 0.616886
46 0.160486 0.400999 0.157328 0.523339 0.172457 0.516169 0.142199 0.530509 0.172457 0.516169 0.265749 0.492458 0.281679 0.603576 0.142199 0.530509 0.138592 0.546228 0.124464 0.621670
47 0.164125 0.398983 0.159238 0.520505 0.173761 0.512429 0.144716 0.528582 0.173761 0.512429 0.266342 0.493365 0.275909 0.604163 0.144716 0.528582 0.141068 0.548814 0.127966 0.624808
48 0.168401 0.398141 0.161827 0.518975 0.175804 0.511629 0.147851 0.526321 0.175804 0.511629 0.265365 0.496348 0.271522 0.605371 0.147851 0.526321 0.141071 0.549391 0.126990 0.622606
49 0.173306 0.397227 0.165990 0.517153 0.178410 0.508671 0.153570 0.525636 0.178410 0.508671 0.265086 0.503171 0.269141 0.605807 0.153570 0.525636 0.159572 0.562267 0.132136 0.623269
50 0.178043 0.396282 0.170118 0.516198 0.182429 0.507508 0.157808 0.524887 0.182429 0.507508 0.261379 0.512792 0.266174 0.610484 0.157808 0.524887 0.169664 0.563723 0.146410 0.625055
51 0.185205 0.394873 0.174084 0.512259 0.187368 0.503196 0.160801 0.521321 0.187368 0.503196 0.260812 0.511194 0.264455 0.610985 0.160801 0.521321 0.163168 0.563620 0.137471 0.627201
52 0.192691 0.394447 0.177206 0.509524 0.192372 0.499887 0.162041 0.519162 0.192372 0.499887 0.259785 0.506107 0.264582 0.610143 0.162041 0.519162 0.170745 0.563464 0.148905 0.620939
53 0.199985 0.394403 0.181772 0.506874 0.196270 0.496208 0.167274 0.517541 0.196270 0.496208 0.259807 0.507134 0.263950 0.609594 0.167274 0.517541 0.184799 0.571482 0.170118 0.640610
54 0.208463 0.394670 0.187031 0.508006 0.199885 0.498569 0.174178 0.517443 0.199885 0.498569 0.259683 0.515335 0.261543 0.609944 0.174178 0.517443 0.173377 0.568645 0.161107 0.630512
55 0.217096 0.397765 0.188485 0.508763 0.204156 0.499533 0.172814 0.517993 0.204156 0.499533 0.259465 0.520565 0.260177 0.612558 0.172814 0.517993 0.172164 0.546586 0.146014 0.622032
56 0.223039 0.400684 0.189722 0.508766 0.205416 0.499647 0.174028 0.517885 0.205416 0.499647 0.259870 0.524199 0.259178 0.613529 0.174028 0.517885 0.176252 0.547560 0.166685 0.625011
57 0.229554 0.404026 0.191014 0.508995 0.204123 0.500509 0.177904 0.517482 0.204123 0.500509 0.261942 0.523419 0.259378 0.612797 0.177904 0.517482 0.206674 0.549610 0.198812 0.636063
58 0.233719 0.405785 0.191974 0.513828 0.201307 0.504891 0.182640 0.522765 0.201307 0.504891 0.262401 0.521022 0.259725 0.613366 0.182640 0.522765 0.222469 0.532376 0.223391 0.635193
59 0.240695 0.410056 0.191674 0.513468 0.203873 0.505647 0.179475 0.521289 0.203873 0.505647 0.264153 0.514961 0.259843 0.613479 0.179475 0.521289 0.234051 0.519210 0.241062 0.635198
60 0.247255 0.413096 0.194880 0.516972 0.203278 0.510111 0.186483 0.523834 0.203278 0.510111 0.263982 0.514796 0.260237 0.616267 0.186483 0.523834 0.244586 0.520025 0.253402 0.636335
61 0.254068 0.415212 0.196527 0.518219 0.201879 0.512505 0.191174 0.523932 0.201879 0.512505 0.263540 0.511907 0.260559 0.615714 0.191174 0.523932 0.249249 0.519365 0.260953 0.626586
62 0.260461 0.415624 0.197258 0.516998 0.201478 0.512145 0.193039 0.521851 0.201478 0.512145 0.264656 0.516425 0.260638 0.615796 0.193039 0.521851 0.258684 0.519563 0.260824 0.626750
63 0.265063 0.415935 0.197522 0.514976 0.199515 0.512129 0.195530 0.517822 0.199515 0.512129 0.264495 0.519816 0.260366 0.616526 0.195530 0.517822 0.261347 0.520312 0.260523 0.626693
64 0.269472 0.415011 0.198746 0.513549 0.199333 0.511926 0.198159 0.515173 0.199333 0.511926 0.264137 0.522868 0.260376 0.617495 0.198159 0.515173 0.262167 0.521766 0.260991 0.626503
65 0.272652 0.414017 0.200588 0.508192 0.199137 0.505638 0.202039 0.510747 0.199137 0.505638 0.264135 0.522385 0.260418 0.617221 0.202039 0.510747 0.271116 0.523618 0.261763 0.626699
66 0.275733 0.405898 0.201252 0.499534 0.199622 0.495726 0.202881 0.503343 0.199622 0.495726 0.264279 0.515437 0.260415 0.616980 0.202881 0.503343 0.273265 0.524584 0.261386 0.627489
67 0.277771 0.398927 0.201993 0.491887 0.199760 0.487814 0.204225 0.495961 0.199760 0.487814 0.264415 0.509604 0.260229 0.616894 0.204225 0.495961 0.272585 0.524860 0.260843 0.628347
68 -1 -1 -1 -1 -1 -1 -1 -1 -1 -1 -1 -1 -1 -1 -1 -1 -1 -1 -1 -1
69 -1 -1 -1 -1 -1 -1 -1 -1 -1 -1 -1 -1 -1 -1 -1 -1 -1 -1 -1 -1
70 -1 -1 -1 -1 -1 -1 -1 -1 -1 -1 -1 -1 -1 -1 -1 -1 -1 -1 -1 -1
71 -1 -1 -1 -1 -1 -1 -1 -1 -1 -1 -1 -1 -1 -1 -1 -1 -1 -1 -1 -1
72 -1 -1 -1 -1 -1 -1 -1 -1 -1 -1 -1 -1 -1 -1 -1 -1 -1 -1 -1 -1
73 -1 -1 -1 -1 -1 -1 -1 -1 -1 -1 -1 -1 -1 -1 -1 -1 -1 -1 -1 -1
74 -1 -1 -1 -1 -1 -1 -1 -1 -1 -1 -1 -1 -1 -1 -1 -1 -1 -1 -1 -1
75 -1 -1 -1 -1 -1 -1 -1 -1 -1 -1 -1 -1 -1 -1 -1 -1 -1 -1 -1 -1
76 -1 -1 -1 -1 -1 -1 -1 -1 -1 -1 -1 -1 -1 -1 -1 -1 -1 -1 -1 -1
77 -1 -1 -1 -1 -1 -1 -1 -1 -1 -1 -1 -1 -1 -1 -1 -1 -1 -1 -1 -1
78 -1 -1 -1 -1 -1 -1 -1 -1 -1 -1 -1 -1 -1 -1 -1 -1 -1 -1 -1 -1
79 -1 -1 -1 -1 -1 -1 -1 -1 -1 -1 -1 -1 -1 -1 -1 -1 -1 -1 -1 -1
80 -1 -1 -1 -1 -1 -1 -1 -1 -1 -1 -1 -1 -1 -1 -1 -1 -1 -1 -1 -1
81 -1 -1 -1 -1 -1 -1 -1 -1 -1 -1 -1 -1 -1 -1 -1 -1 -1 -1 -1 -1
82 -1 -1 -1 -1 -1 -1 -1 -1 -1 -1 -1 -1 -1 -1 -1 -1 -1 -1 -1 -1
83 -1 -1 -1 -1 -1 -1 -1 -1 -1 -1 -1 -1 -1 -1 -1 -1 -1 -1 -1 -1
84 -1 -1 -1 -1 -1 -1 -1 -1 -1 -1 -1 -1 -1 -1 -1 -1 -1 -1 -1 -1
85 -1 -1 -1 -1 -1 -1 -1 -1 -1 -1 -1 -1 -1 -1 -1 -1 -1 -1 -1 -1
86 -1 -1 -1 -1 -1 -1 -1 -1 -1 -1 -1 -1 -1 -1 -1 -1 -1 -1 -1 -1
87 -1 -1 -1 -1 -1 -1 -1 -1 -1 -1 -1 -1 -1 -1 -1 -1 -1 -1 -1 -1
88 -1 -1 -1 -1 -1 -1 -1 -1 -1 -1 -1 -1 -1 -1 -1 -1 -1 -1 -1 -1
89 -1 -1 -1 -1 -1 -1 -1 -1 -1 -1 -1 -1 -1 -1 -1 -1 -1 -1 -1 -1
90 -1 -1 -1 -1 -1 -1 -1 -1 -1 -1 -1 -1 -1 -1 -1 -1 -1 -1 -1 -1
91 -1 -1 -1 -1 -1 -1 -1 -1 -1 -1 -1 -1 -1 -1 -1 -1 -1 -1 -1 -1
92 -1 -1 -1 -1 -1 -1 -1 -1 -1 -1 -1 -1 -1 -1 -1 -1 -1 -1 -1 -1
93 -1 -1 -1 -1 -1 -1 -1 -1 -1 -1 -1 -1 -1 -1 -1 -1 -1 -1 -1 -1
94 -1 -1 -1 -1 -1 -1 -1 -1 -1 -1 -1 -1 -1 -1 -1 -1 -1 -1 -1 -1
95 -1 -1 -1 -1 -1 -1 -1 -1 -1 -1 -1 -1 -1 -1 -1 -1 -1 -1 -1 -1
96 -1 -1 -1 -1 -1 -1 -1 -1 -1 -1 -1 -1 -1 -1 -1 -1 -1 -1 -1 -1
97 -1 -1 -1 -1 -1 -1 -1 -1 -1 -1 -1 -1 -1 -1 -1 -1 -1 -1 -1 -1
98 -1 -1 -1 -1 -1 -1 -1 -1 -1 -1 -1 -1 -1 -1 -1 -1 -1 -1 -1 -1
99 -1 -1 -1 -1 -1 -1 -1 -1 -1 -1 -1 -1 -1 -1 -1 -1 -1 -1 -1 -1
100 -1 -1 -1 -1 -1 -1 -1 -1 -1 -1 -1 -1 -1 -1 -1 -1 -1 -1 -1 -1
101 -1 -1 -1 -1 -1 -1 -1 -1 -1 -1 -1 -1 -1 -1 -1 -1 -1 -1 -1 -1
102 -1 -1 -1 -1 -1 -1 -1 -1 -1 -1 -1 -1 -1 -1 -1 -1 -1 -1 -1 -1
103 -1 -1 -1 -1 -1 -1 -1 -1 -1 -1 -1 -1 -1 -1 -1 -1 -1 -1 -1 -1
104 0.350443 0.268894 0.315789 0.416313 0.324694 0.417509 0.306884 0.415117 0.324694 0.417509 0.334190 0.524289 0.328379 0.628097 0.306884 0.415117 0.300405 0.527333 0.259649 0.617269
105 0.354194 0.268587 0.319207 0.416311 0.328666 0.417706 0.309748 0.414915 0.328666 0.417706 0.336699 0.525514 0.328885 0.630036 0.309748 0.414915 0.300910 0.526505 0.258954 0.613455
106 0.358942 0.268696 0.321559 0.416143 0.331617 0.417733 0.311502 0.414553 0.331617 0.417733 0.336821 0.525507 0.329097 0.629210 0.311502 0.414553 0.303616 0.525981 0.259724 0.610587
107 0.363859 0.270310 0.323344 0.417052 0.332915 0.419379 0.313773 0.414724 0.332915 0.419379 0.338334 0.524564 0.329178 0.627300 0.313773 0.414724 0.306511 0.525714 0.260518 0.609521
108 0.368374 0.272717 0.324648 0.417920 0.333766 0.420340 0.315531 0.415500 0.333766 0.420340 0.338525 0.523760 0.329160 0.626142 0.315531 0.415500 0.311813 0.525412 0.260915 0.607798
109 0.373731 0.274865 0.325803 0.417989 0.335763 0.420486 0.315843 0.415492 0.335763 0.420486 0.341642 0.523604 0.330150 0.625516 0.315843 0.415492 0.312431 0.525296 0.260744 0.606466
110 0.378879 0.276864 0.327787 0.418388 0.337932 0.420879 0.317642 0.415897 0.337932 0.420879 0.339190 0.523161 0.328405 0.626155 0.317642 0.415897 0.315423 0.526035 0.260486 0.604916
111 0.383780 0.279818 0.330407 0.418286 0.340484 0.420604 0.320331 0.415968 0.340484 0.420604 0.346908 0.523970 0.328556 0.626342 0.320331 0.415968 0.319196 0.526349 0.259947 0.603571
112 0.388792 0.282446 0.332646 0.420642 0.341511 0.423020 0.323781 0.418265 0.341511 0.423020 0.343583 0.523668 0.328906 0.626044 0.323781 0.418265 0.322472 0.528495 0.260941 0.602910
113 0.393785 0.286366 0.334799 0.421494 0.344127 0.423945 0.325470 0.419044 0.344127 0.423945 0.346264 0.522829 0.330405 0.623996 0.325470 0.419044 0.324950 0.529075 0.265441 0.603593
114 0.399145 0.290696 0.337494 0.422277 0.348472 0.425074 0.326515 0.419480 0.348472 0.425074 0.349096 0.521553 0.329009 0.618328 0.326515 0.419480 0.333087 0.528962 0.276911 0.605670
115 0.404337 0.293860 0.342383 0.423567 0.354136 0.426045 0.330629 0.421089 0.354136 0.426045 0.347235 0.524032 0.322877 0.615187 0.330629 0.421089 0.338965 0.529039 0.308275 0.623743
116 0.409916 0.295788 0.350413 0.425628 0.362977 0.426810 0.337848 0.424446 0.362977 0.426810 0.360621 0.523828 0.324365 0.608416 0.337848 0.424446 0.343755 0.531161 0.313457 0.635163
117 0.415318 0.297085 0.354867 0.428097 0.366850 0.429997 0.342884 0.426196 0.366850 0.429997 0.361940 0.523693 0.325976 0.606712 0.342884 0.426196 0.347933 0.531410 0.315226 0.635324
118 0.420950 0.298205 0.361500 0.434542 0.371482 0.437534 0.351517 0.431550 0.371482 0.437534 0.365823 0.527728 0.325912 0.607543 0.351517 0.431550 0.350014 0.535074 0.314191 0.636034
119 0.427860 0.300971 0.370236 0.440740 0.382564 0.445826 0.357908 0.435654 0.382564 0.445826 0.375119 0.537187 0.329099 0.612056 0.357908 0.435654 0.346869 0.539238 0.313842 0.634501
120 0.437264 0.305532 0.375430 0.442249 0.389068 0.449373 0.361792 0.435125 0.389068 0.449373 0.389246 0.544724 0.336965 0.617825 0.361792 0.435125 0.344674 0.539430 0.310378 0.633240
121 0.448353 0.313586 0.380053 0.444157 0.392957 0.450939 0.367150 0.437375 0.392957 0.450939 0.406105 0.545042 0.348561 0.624016 0.367150 0.437375 0.348784 0.539503 0.310959 0.633490
122 0.460532 0.325275 0.386021 0.450165 0.393803 0.453350 0.378238 0.446980 0.393803 0.453350 0.387765 0.551180 0.326536 0.632893 0.378238 0.446980 0.398327 0.541092 0.362871 0.644050
123 0.469850 0.342481 0.393988 0.455864 0.406357 0.460830 0.381619 0.450899 0.406357 0.460830 0.419858 0.555390 0.385506 0.646928 0.381619 0.450899 0.372320 0.544514 0.345109 0.640573
124 0.482620 0.356106 0.404556 0.465357 0.413721 0.468528 0.395392 0.462186 0.413721 0.468528 0.425846 0.558945 0.393190 0.651710 0.395392 0.462186 0.368065 0.548528 0.340011 0.638677
125 0.493452 0.376006 0.412942 0.476225 0.425777 0.478049 0.400107 0.474401 0.425777 0.478049 0.430327 0.563170 0.396387 0.645607 0.400107 0.474401 0.368603 0.554366 0.332361 0.637627
126 0.508140 0.401868 0.422613 0.485273 0.438901 0.491418 0.406325 0.479128 0.438901 0.491418 0.436697 0.570998 0.396603 0.643614 0.406325 0.479128 0.369510 0.558472 0.324488 0.638858
127 0.525650 0.429775 0.432941 0.497187 0.450435 0.506654 0.415448 0.487721 0.450435 0.506654 0.441777 0.581420 0.400442 0.643677 0.415448 0.487721 0.369732 0.563975 0.322755 0.644739
128 0.536871 0.459778 0.441993 0.509857 0.459647 0.519206 0.424338 0.500509 0.459647 0.519206 0.443083 0.592040 0.400743 0.644458 0.424338 0.500509 0.377394 0.571366 0.327099 0.649019
129 0.552044 0.493094 0.454105 0.526200 0.472670 0.536314 0.435540 0.516087 0.472670 0.536314 0.439781 0.597167 0.402895 0.643774 0.435540 0.516087 0.382008 0.578303 0.330600 0.653552
130 0.569847 0.518339 0.466496 0.545581 0.482269 0.545310 0.450723 0.545851 0.482269 0.545310 0.444643 0.596518 0.408862 0.643654 0.450723 0.545851 0.392743 0.592325 0.338166 0.660642
131 0.586068 0.558154 0.481404 0.567640 0.496405 0.576372 0.466403 0.558909 0.496405 0.576372 0.456815 0.616044 0.424063 0.645991 0.466403 0.558909 0.409093 0.614030 0.346286 0.658186
132 0.602663 0.599451 0.486026 0.594308 0.499917 0.597846 0.472135 0.590770 0.499917 0.597846 0.471051 0.639774 0.420423 0.652106 0.472135 0.590770 0.416561 0.627237 0.350510 0.655445
133 0.615264 0.637829 0.496125 0.617192 0.504752 0.617159 0.487499 0.617225 0.504752 0.617159 0.461894 0.642590 0.414492 0.649920 0.487499 0.617225 0.426385 0.620333 0.351723 0.650694
134 0.629973 0.673202 0.520197 0.632758 0.529120 0.638375 0.511274 0.627142 0.529120 0.638375 0.465675 0.654746 0.412311 0.639846 0.511274 0.627142 0.445729 0.631764 0.365360 0.635788
135 0.640061 0.702978 0.535156 0.655678 0.548644 0.655333 0.521667 0.656022 0.548644 0.655333 0.478782 0.652465 0.413528 0.632680 0.521667 0.656022 0.455375 0.654746 0.379062 0.636550
136 0.650526 0.741628 0.544977 0.686010 0.555527 0.684616 0.534428 0.687403 0.555527 0.684616 0.490438 0.680139 0.428377 0.636294 0.534428 0.687403 0.465700 0.684336 0.387366 0.651485
137 0.660107 0.773386 0.552419 0.709754 0.563571 0.707060 0.541267 0.712448 0.563571 0.707060 0.494021 0.697351 0.429722 0.645315 0.541267 0.712448 0.471237 0.699678 0.395766 0.663616
138 0.661277 0.789486 0.562136 0.726689 0.575415 0.719950 0.548856 0.733428 0.575415 0.719950 0.500394 0.690420 0.440761 0.646831 0.548856 0.733428 0.472249 0.709025 0.402776 0.671954
139 0.667787 0.792027 0.570919 0.728516 0.583645 0.717911 0.558192 0.739120 0.583645 0.717911 0.502428 0.685633 0.440944 0.647169 0.558192 0.739120 0.478209 0.717517 0.407666 0.683154
140 0.671185 0.786906 0.565326 0.718574 0.577929 0.706653 0.552723 0.730495 0.577929 0.706653 0.501652 0.677877 0.441875 0.646647 0.552723 0.730495 0.475035 0.716144 0.408384 0.683362
141 0.670535 0.781356 0.561997 0.709939 0.576441 0.699446 0.547553 0.720433 0.576441 0.699446 0.499173 0.673743 0.442456 0.646119 0.547553 0.720433 0.472966 0.706117 0.409345 0.680692
142 -1 -1 -1 -1 -1 -1 -1 -1 -1 -1 -1 -1 -1 -1 -1 -1 -1 -1 -1 -1
143 -1 -1 -1 -1 -1 -1 -1 -1 -1 -1 -1 -1 -1 -1 -1 -1 -1 -1 -1 -1
144 -1 -1 -1 -1 -1 -1 -1 -1 -1 -1 -1 -1 -1 -1 -1 -1 -1 -1 -1 -1
145 -1 -1 -1 -1 -1 -1 -1 -1 -1 -1 -1 -1 -1 -1 -1 -1 -1 -1 -1 -1
146 -1 -1 -1 -1 -1 -1 -1 -1 -1 -1 -1 -1 -1 -1 -1 -1 -1 -1 -1 -1
147 -1 -1 -1 -1 -1 -1 -1 -1 -1 -1 -1 -1 -1 -1 -1 -1 -1 -1 -1 -1
148 -1 -1 -1 -1 -1 -1 -1 -1 -1 -1 -1 -1 -1 -1 -1 -1 -1 -1 -1 -1
149 -1 -1 -1 -1 -1 -1 -1 -1 -1 -1 -1 -1 -1 -1 -1 -1 -1 -1 -1 -1
150 -1 -1 -1 -1 -1 -1 -1 -1 -1 -1 -1 -1 -1 -1 -1 -1 -1 -1 -1 -1
151 -1 -1 -1 -1 -1 -1 -1 -1 -1 -1 -1 -1 -1 -1 -1 -1 -1 -1 -1 -1
152 -1 -1 -1 -1 -1 -1 -1 -1 -1 -1 -1 -1 -1 -1 -1 -1 -1 -1 -1 -1
153 -1 -1 -1 -1 -1 -1 -1 -1 -1 -1 -1 -1 -1 -1 -1 -1 -1 -1 -1 -1
154 -1 -1 -1 -1 -1 -1 -1 -1 -1 -1 -1 -1 -1 -1 -1 -1 -1 -1 -1 -1
155 -1 -1 -1 -1 -1 -1 -1 -1 -1 -1 -1 -1 -1 -1 -1 -1 -1 -1 -1 -1
156 -1 -1 -1 -1 -1 -1 -1 -1 -1 -1 -1 -1 -1 -1 -1 -1 -1 -1 -1 -1
157 -1 -1 -1 -1 -1 -1 -1 -1 -1 -1 -1 -1 -1 -1 -1 -1 -1 -1 -1 -1
158 -1 -1 -1 -1 -1 -1 -1 -1 -1 -1 -1 -1 -1 -1 -1 -1 -1 -1 -1 -1
159 -1 -1 -1 -1 -1 -1 -1 -1 -1 -1 -1 -1 -1 -1 -1 -1 -1 -1 -1 -1
160 -1 -1 -1 -1 -1 -1 -1 -1 -1 -1 -1 -1 -1 -1 -1 -1 -1 -1 -1 -1
161 -1 -1 -1 -1 -1 -1 -1 -1 -1 -1 -1 -1 -1 -1 -1 -1 -1 -1 -1 -1
162 -1 -1 -1 -1 -1 -1 -1 -1 -1 -1 -1 -1 -1 -1 -1 -1 -1 -1 -1 -1
163 -1 -1 -1 -1 -1 -1 -1 -1 -1 -1 -1 -1 -1 -1 -1 -1 -1 -1 -1 -1
164 -1 -1 -1 -1 -1 -1 -1 -1 -1 -1 -1 -1 -1 -1 -1 -1 -1 -1 -1 -1
165 -1 -1 -1 -1 -1 -1 -1 -1 -1 -1 -1 -1 -1 -1 -1 -1 -1 -1 -1 -1
166 -1 -1 -1 -1 -1 -1 -1 -1 -1 -1 -1 -1 -1 -1 -1 -1 -1 -1 -1 -1
167 -1 -1 -1 -1 -1 -1 -1 -1 -1 -1 -1 -1 -1 -1 -1 -1 -1 -1 -1 -1
168 -1 -1 -1 -1 -1 -1 -1 -1 -1 -1 -1 -1 -1 -1 -1 -1 -1 -1 -1 -1
169 -1 -1 -1 -1 -1 -1 -1 -1 -1 -1 -1 -1 -1 -1 -1 -1 -1 -1 -1 -1
170 -1 -1 -1 -1 -1 -1 -1 -1 -1 -1 -1 -1 -1 -1 -1 -1 -1 -1 -1 -1
171 -1 -1 -1 -1 -1 -1 -1 -1 -1 -1 -1 -1 -1 -1 -1 -1 -1 -1 -1 -1
172 -1 -1 -1 -1 -1 -1 -1 -1 -1 -1 -1 -1 -1 -1 -1 -1 -1 -1 -1 -1
173 -1 -1 -1 -1 -1 -1 -1 -1 -1 -1 -1 -1 -1 -1 -1 -1 -1 -1 -1 -1
174 -1 -1 -1 -1 -1 -1 -1 -1 -1 -1 -1 -1 -1 -1 -1 -1 -1 -1 -1 -1
175 -1 -1 -1 -1 -1 -1 -1 -1 -1 -1 -1 -1 -1 -1 -1 -1 -1 -1 -1 -1
176 -1 -1 -1 -1 -1 -1 -1 -1 -1 -1 -1 -1 -1 -1 -1 -1 -1 -1 -1 -1
177 -1 -1 -1 -1 -1 -1 -1 -1 -1 -1 -1 -1 -1 -1 -1 -1 -1 -1 -1 -1
178 -1 -1 -1 -1 -1 -1 -1 -1 -1 -1 -1 -1 -1 -1 -1 -1 -1 -1 -1 -1
179 -1 -1 -1 -1 -1 -1 -1 -1 -1 -1 -1 -1 -1 -1 -1 -1 -1 -1 -1 -1
180 -1 -1 -1 -1 -1 -1 -1 -1 -1 -1 -1 -1 -1 -1 -1 -1 -1 -1 -1 -1
181 -1 -1 -1 -1 -1 -1 -1 -1 -1 -1 -1 -1 -1 -1 -1 -1 -1 -1 -1 -1
182 -1 -1 -1 -1 -1 -1 -1 -1 -1 -1 -1 -1 -1 -1 -1 -1 -1 -1 -1 -1
183 -1 -1 -1 -1 -1 -1 -1 -1 -1 -1 -1 -1 -1 -1 -1 -1 -1 -1 -1 -1
184 -1 -1 -1 -1 -1 -1 -1 -1 -1 -1 -1 -1 -1 -1 -1 -1 -1 -1 -1 -1
185 -1 -1 -1 -1 -1 -1 -1 -1 -1 -1 -1 -1 -1 -1 -1 -1 -1 -1 -1 -1
186 -1 -1 -1 -1 -1 -1 -1 -1 -1 -1 -1 -1 -1 -1 -1 -1 -1 -1 -1 -1
187 -1 -1 -1 -1 -1 -1 -1 -1 -1 -1 -1 -1 -1 -1 -1 -1 -1 -1 -1 -1
188 -1 -1 -1 -1 -1 -1 -1 -1 -1 -1 -1 -1 -1 -1 -1 -1 -1 -1 -1 -1
189 -1 -1 -1 -1 -1 -1 -1 -1 -1 -1 -1 -1 -1 -1 -1 -1 -1 -1 -1 -1
190 -1 -1 -1 -1 -1 -1 -1 -1 -1 -1 -1 -1 -1 -1 -1 -1 -1 -1 -1 -1
191 -1 -1 -1 -1 -1 -1 -1 -1 -1 -1 -1 -1 -1 -1 -1 -1 -1 -1 -1 -1
192 -1 -1 -1 -1 -1 -1 -1 -1 -1 -1 -1 -1 -1 -1 -1 -1 -1 -1 -1 -1
193 -1 -1 -1 -1 -1 -1 -1 -1 -1 -1 -1 -1 -1 -1 -1 -1 -1 -1 -1 -1
194 -1 -1 -1 -1 -1 -1 -1 -1 -1 -1 -1 -1 -1 -1 -1 -1 -1 -1 -1 -1
195 -1 -1 -1 -1 -1 -1 -1 -1 -1 -1 -1 -1 -1 -1 -1 -1 -1 -1 -1 -1
196 -1 -1 -1 -1 -1 -1 -1 -1 -1 -1 -1 -1 -1 -1 -1 -1 -1 -1 -1 -1
197 -1 -1 -1 -1 -1 -1 -1 -1 -1 -1 -1 -1 -1 -1 -1 -1 -1 -1 -1 -1
198 -1 -1 -1 -1 -1 -1 -1 -1 -1 -1 -1 -1 -1 -1 -1 -1 -1 -1 -1 -1
199 -1 -1 -1 -1 -1 -1 -1 -1 -1 -1 -1 -1 -1 -1 -1 -1 -1 -1 -1 -1
200 -1 -1 -1 -1 -1 -1 -1 -1 -1 -1 -1 -1 -1 -1 -1 -1 -1 -1 -1 -1
201 -1 -1 -1 -1 -1 -1 -1 -1 -1 -1 -1 -1 -1 -1 -1 -1 -1 -1 -1 -1
202 -1 -1 -1 -1 -1 -1 -1 -1 -1 -1 -1 -1 -1 -1 -1 -1 -1 -1 -1 -1
203 -1 -1 -1 -1 -1 -1 -1 -1 -1 -1 -1 -1 -1 -1 -1 -1 -1 -1 -1 -1
204 -1 -1 -1 -1 -1 -1 -1 -1 -1 -1 -1 -1 -1 -1 -1 -1 -1 -1 -1 -1
205 -1 -1 -1 -1 -1 -1 -1 -1 -1 -1 -1 -1 -1 -1 -1 -1 -1 -1 -1 -1
206 -1 -1 -1 -1 -1 -1 -1 -1 -1 -1 -1 -1 -1 -1 -1 -1 -1 -1 -1 -1
207 -1 -1 -1 -1 -1 -1 -1 -1 -1 -1 -1 -1 -1 -1 -1 -1 -1 -1 -1 -1
208 -1 -1 -1 -1 -1 -1 -1 -1 -1 -1 -1 -1 -1 -1 -1 -1 -1 -1 -1 -1
209 -1 -1 -1 -1 -1 -1 -1 -1 -1 -1 -1 -1 -1 -1 -1 -1 -1 -1 -1 -1
210 -1 -1 -1 -1 -1 -1 -1 -1 -1 -1 -1 -1 -1 -1 -1 -1 -1 -1 -1 -1
211 -1 -1 -1 -1 -1 -1 -1 -1 -1 -1 -1 -1 -1 -1 -1 -1 -1 -1 -1 -1
212 -1 -1 -1 -1 -1 -1 -1 -1 -1 -1 -1 -1 -1 -1 -1 -1 -1 -1 -1 -1
213 -1 -1 -1 -1 -1 -1 -1 -1 -1 -1 -1 -1 -1 -1 -1 -1 -1 -1 -1 -1
214 -1 -1 -1 -1 -1 -1 -1 -1 -1 -1 -1 -1 -1 -1 -1 -1 -1 -1 -1 -1
215 -1 -1 -1 -1 -1 -1 -1 -1 -1 -1 -1 -1 -1 -1 -1 -1 -1 -1 -1 -1
216 -1 -1 -1 -1 -1 -1 -1 -1 -1 -1 -1 -1 -1 -1 -1 -1 -1 -1 -1 -1
217 -1 -1 -1 -1 -1 -1 -1 -1 -1 -1 -1 -1 -1 -1 -1 -1 -1 -1 -1 -1
218 -1 -1 -1 -1 -1 -1 -1 -1 -1 -1 -1 -1 -1 -1 -1 -1 -1 -1 -1 -1
219 -1 -1 -1 -1 -1 -1 -1 -1 -1 -1 -1 -1 -1 -1 -1 -1 -1 -1 -1 -1
220 -1 -1 -1 -1 -1 -1 -1 -1 -1 -1 -1 -1 -1 -1 -1 -1 -1 -1 -1 -1
221 -1 -1 -1 -1 -1 -1 -1 -1 -1 -1 -1 -1 -1 -1 -1 -1 -1 -1 -1 -1
222 -1 -1 -1 -1 -1 -1 -1 -1 -1 -1 -1 -1 -1 -1 -1 -1 -1 -1 -1 -1
223 -1 -1 -1 -1 -1 -1 -1 -1 -1 -1 -1 -1 -1 -1 -1 -1 -1 -1 -1 -1
224 -1 -1 -1 -1 -1 -1 -1 -1 -1 -1 -1 -1 -1 -1 -1 -1 -1 -1 -1 -1
225 -1 -1 -1 -1 -1 -1 -1 -1 -1 -1 -1 -1 -1 -1 -1 -1 -1 -1 -1 -1
226 -1 -1 -1 -1 -1 -1 -1 -1 -1 -1 -1 -1 -1 -1 -1 -1 -1 -1 -1 -1
227 -1 -1 -1 -1 -1 -1 -1 -1 -1 -1 -1 -1 -1 -1 -1 -1 -1 -1 -1 -1
228 -1 -1 -1 -1 -1 -1 -1 -1 -1 -1 -1 -1 -1 -1 -1 -1 -1 -1 -1 -1
