135
149
0 -1 -1 -1 -1 -1 -1 -1 -1 -1 -1 -1 -1 -1 -1 -1 -1 -1 -1 -1 -1
1 -1 -1 -1 -1 -1 -1 -1 -1 -1 -1 -1 -1 -1 -1 -1 -1 -1 -1 -1 -1
2 -1 -1 -1 -1 -1 -1 -1 -1 -1 -1 -1 -1 -1 -1 -1 -1 -1 -1 -1 -1
3 -1 -1 -1 -1 -1 -1 -1 -1 -1 -1 -1 -1 -1 -1 -1 -1 -1 -1 -1 -1
4 -1 -1 -1 -1 -1 -1 -1 -1 -1 -1 -1 -1 -1 -1 -1 -1 -1 -1 -1 -1
5 -1 -1 -1 -1 -1 -1 -1 -1 -1 -1 -1 -1 -1 -1 -1 -1 -1 -1 -1 -1
6 -1 -1 -1 -1 -1 -1 -1 -1 -1 -1 -1 -1 -1 -1 -1 -1 -1 -1 -1 -1
7 -1 -1 -1 -1 -1 -1 -1 -1 -1 -1 -1 -1 -1 -1 -1 -1 -1 -1 -1 -1
8 -1 -1 -1 -1 -1 -1 -1 -1 -1 -1 -1 -1 -1 -1 -1 -1 -1 -1 -1 -1
9 -1 -1 -1 -1 -1 -1 -1 -1 -1 -1 -1 -1 -1 -1 -1 -1 -1 -1 -1 -1
10 -1 -1 -1 -1 -1 -1 -1 -1 -1 -1 -1 -1 -1 -1 -1 -1 -1 -1 -1 -1
11 -1 -1 -1 -1 -1 -1 -1 -1 -1 -1 -1 -1 -1 -1 -1 -1 -1 -1 -1 -1
12 -1 -1 -1 -1 -1 -1 -1 -1 -1 -1 -1 -1 -1 -1 -1 -1 -1 -1 -1 -1
13 -1 -1 -1 -1 -1 -1 -1 -1 -1 -1 -1 -1 -1 -1 -1 -1 -1 -1 -1 -1
14 -1 -1 -1 -1 -1 -1 -1 -1 -1 -1 -1 -1 -1 -1 -1 -1 -1 -1 -1 -1
15 -1 -1 -1 -1 -1 -1 -1 -1 -1 -1 -1 -1 -1 -1 -1 -1 -1 -1 -1 -1
16 -1 -1 -1 -1 -1 -1 -1 -1 -1 -1 -1 -1 -1 -1 -1 -1 -1 -1 -1 -1
17 -1 -1 -1 -1 -1 -1 -1 -1 -1 -1 -1 -1 -1 -1 -1 -1 -1 -1 -1 -1
18 -1 -1 -1 -1 -1 -1 -1 -1 -1 -1 -1 -1 -1 -1 -1 -1 -1 -1 -1 -1
19 -1 -1 -1 -1 -1 -1 -1 -1 -1 -1 -1 -1 -1 -1 -1 -1 -1 -1 -1 -1
20 -1 -1 -1 -1 -1 -1 -1 -1 -1 -1 -1 -1 -1 -1 -1 -1 -1 -1 -1 -1
21 -1 -1 -1 -1 -1 -1 -1 -1 -1 -1 -1 -1 -1 -1 -1 -1 -1 -1 -1 -1
22 -1 -1 -1 -1 -1 -1 -1 -1 -1 -1 -1 -1 -1 -1 -1 -1 -1 -1 -1 -1
23 -1 -1 -1 -1 -1 -1 -1 -1 -1 -1 -1 -1 -1 -1 -1 -1 -1 -1 -1 -1
24 -1 -1 -1 -1 -1 -1 -1 -1 -1 -1 -1 -1 -1 -1 -1 -1 -1 -1 -1 -1
25 -1 -1 -1 -1 -1 -1 -1 -1 -1 -1 -1 -1 -1 -1 -1 -1 -1 -1 -1 -1
26 -1 -1 -1 -1 -1 -1 -1 -1 -1 -1 -1 -1 -1 -1 -1 -1 -1 -1 -1 -1
27 -1 -1 -1 -1 -1 -1 -1 -1 -1 -1 -1 -1 -1 -1 -1 -1 -1 -1 -1 -1
28 -1 -1 -1 -1 -1 -1 -1 -1 -1 -1 -1 -1 -1 -1 -1 -1 -1 -1 -1 -1
29 -1 -1 -1 -1 -1 -1 -1 -1 -1 -1 -1 -1 -1 -1 -1 -1 -1 -1 -1 -1
30 -1 -1 -1 -1 -1 -1 -1 -1 -1 -1 -1 -1 -1 -1 -1 -1 -1 -1 -1 -1
31 -1 -1 -1 -1 -1 -1 -1 -1 -1 -1 -1 -1 -1 -1 -1 -1 -1 -1 -1 -1
32 -1 -1 -1 -1 -1 -1 -1 -1 -1 -1 -1 -1 -1 -1 -1 -1 -1 -1 -1 -1
33 -1 -1 -1 -1 -1 -1 -1 -1 -1 -1 -1 -1 -1 -1 -1 -1 -1 -1 -1 -1
34 -1 -1 -1 -1 -1 -1 -1 -1 -1 -1 -1 -1 -1 -1 -1 -1 -1 -1 -1 -1
35 -1 -1 -1 -1 -1 -1 -1 -1 -1 -1 -1 -1 -1 -1 -1 -1 -1 -1 -1 -1
36 -1 -1 -1 -1 -1 -1 -1 -1 -1 -1 -1 -1 -1 -1 -1 -1 -1 -1 -1 -1
37 -1 -1 -1 -1 -1 -1 -1 -1 -1 -1 -1 -1 -1 -1 -1 -1 -1 -1 -1 -1
38 0.691801 0.357973 0.699947 0.249088 0.686677 0.246653 0.713217 0.251524 0.686677 0.246653 0.689915 0.172930 0.687374 0.117525 0.713217 0.251524 0.714745 0.180583 0.716831 0.121067
39 0.691861 0.359788 0.700116 0.256629 0.686534 0.254906 0.713698 0.258353 0.686534 0.254906 0.689399 0.182424 0.687406 0.126995 0.713698 0.258353 0.714652 0.190354 0.713403 0.127967
40 0.692675 0.359970 0.702045 0.259216 0.688194 0.256247 0.715896 0.262185 0.688194 0.256247 0.690711 0.190193 0.687352 0.142757 0.715896 0.262185 0.714736 0.194848 0.711612 0.144628
41 0.697644 0.357925 0.707444 0.257352 0.690451 0.253441 0.724436 0.261263 0.690451 0.253441 0.691639 0.183192 0.687495 0.141218 0.724436 0.261263 0.727284 0.194485 0.732506 0.145263
42 0.701366 0.355827 0.712221 0.259335 0.693919 0.253943 0.730523 0.264727 0.693919 0.253943 0.694686 0.189671 0.689428 0.150170 0.730523 0.264727 0.739037 0.206235 0.746969 0.159479
43 0.698263 0.356493 0.709416 0.257355 0.693461 0.252037 0.725370 0.262672 0.693461 0.252037 0.693539 0.186684 0.691087 0.148130 0.725370 0.262672 0.729619 0.201386 0.739412 0.158278
44 0.698420 0.357810 0.708736 0.256714 0.692107 0.251610 0.725365 0.261818 0.692107 0.251610 0.694261 0.182898 0.693812 0.142388 0.725365 0.261818 0.729258 0.198569 0.731050 0.155115
45 0.698027 0.357637 0.708392 0.256491 0.691542 0.251520 0.725241 0.261461 0.691542 0.251520 0.693652 0.187082 0.693331 0.143877 0.725241 0.261461 0.733474 0.202795 0.741779 0.158512
46 0.697742 0.358461 0.707930 0.254800 0.691271 0.250596 0.724588 0.259003 0.691271 0.250596 0.693392 0.182781 0.693381 0.141720 0.724588 0.259003 0.727248 0.196128 0.737486 0.150823
47 0.697306 0.359111 0.707490 0.258262 0.691197 0.254181 0.723783 0.262343 0.691197 0.254181 0.693163 0.186720 0.690471 0.145950 0.723783 0.262343 0.725249 0.198668 0.725136 0.154565
48 -1 -1 -1 -1 -1 -1 -1 -1 -1 -1 -1 -1 -1 -1 -1 -1 -1 -1 -1 -1
49 -1 -1 -1 -1 -1 -1 -1 -1 -1 -1 -1 -1 -1 -1 -1 -1 -1 -1 -1 -1
50 0.695684 0.364026 0.704449 0.258397 0.689738 0.253341 0.719160 0.263452 0.689738 0.253341 0.690117 0.190427 0.683736 0.149739 0.719160 0.263452 0.715192 0.200967 0.708109 0.156393
51 -1 -1 -1 -1 -1 -1 -1 -1 -1 -1 -1 -1 -1 -1 -1 -1 -1 -1 -1 -1
52 -1 -1 -1 -1 -1 -1 -1 -1 -1 -1 -1 -1 -1 -1 -1 -1 -1 -1 -1 -1
53 -1 -1 -1 -1 -1 -1 -1 -1 -1 -1 -1 -1 -1 -1 -1 -1 -1 -1 -1 -1
54 -1 -1 -1 -1 -1 -1 -1 -1 -1 -1 -1 -1 -1 -1 -1 -1 -1 -1 -1 -1
55 -1 -1 -1 -1 -1 -1 -1 -1 -1 -1 -1 -1 -1 -1 -1 -1 -1 -1 -1 -1
56 -1 -1 -1 -1 -1 -1 -1 -1 -1 -1 -1 -1 -1 -1 -1 -1 -1 -1 -1 -1
57 -1 -1 -1 -1 -1 -1 -1 -1 -1 -1 -1 -1 -1 -1 -1 -1 -1 -1 -1 -1
58 -1 -1 -1 -1 -1 -1 -1 -1 -1 -1 -1 -1 -1 -1 -1 -1 -1 -1 -1 -1
59 -1 -1 -1 -1 -1 -1 -1 -1 -1 -1 -1 -1 -1 -1 -1 -1 -1 -1 -1 -1
60 -1 -1 -1 -1 -1 -1 -1 -1 -1 -1 -1 -1 -1 -1 -1 -1 -1 -1 -1 -1
61 -1 -1 -1 -1 -1 -1 -1 -1 -1 -1 -1 -1 -1 -1 -1 -1 -1 -1 -1 -1
62 -1 -1 -1 -1 -1 -1 -1 -1 -1 -1 -1 -1 -1 -1 -1 -1 -1 -1 -1 -1
63 -1 -1 -1 -1 -1 -1 -1 -1 -1 -1 -1 -1 -1 -1 -1 -1 -1 -1 -1 -1
64 -1 -1 -1 -1 -1 -1 -1 -1 -1 -1 -1 -1 -1 -1 -1 -1 -1 -1 -1 -1
65 -1 -1 -1 -1 -1 -1 -1 -1 -1 -1 -1 -1 -1 -1 -1 -1 -1 -1 -1 -1
66 -1 -1 -1 -1 -1 -1 -1 -1 -1 -1 -1 -1 -1 -1 -1 -1 -1 -1 -1 -1
67 -1 -1 -1 -1 -1 -1 -1 -1 -1 -1 -1 -1 -1 -1 -1 -1 -1 -1 -1 -1
68 -1 -1 -1 -1 -1 -1 -1 -1 -1 -1 -1 -1 -1 -1 -1 -1 -1 -1 -1 -1
69 -1 -1 -1 -1 -1 -1 -1 -1 -1 -1 -1 -1 -1 -1 -1 -1 -1 -1 -1 -1
70 -1 -1 -1 -1 -1 -1 -1 -1 -1 -1 -1 -1 -1 -1 -1 -1 -1 -1 -1 -1
71 -1 -1 -1 -1 -1 -1 -1 -1 -1 -1 -1 -1 -1 -1 -1 -1 -1 -1 -1 -1
72 -1 -1 -1 -1 -1 -1 -1 -1 -1 -1 -1 -1 -1 -1 -1 -1 -1 -1 -1 -1
73 -1 -1 -1 -1 -1 -1 -1 -1 -1 -1 -1 -1 -1 -1 -1 -1 -1 -1 -1 -1
74 -1 -1 -1 -1 -1 -1 -1 -1 -1 -1 -1 -1 -1 -1 -1 -1 -1 -1 -1 -1
75 -1 -1 -1 -1 -1 -1 -1 -1 -1 -1 -1 -1 -1 -1 -1 -1 -1 -1 -1 -1
76 -1 -1 -1 -1 -1 -1 -1 -1 -1 -1 -1 -1 -1 -1 -1 -1 -1 -1 -1 -1
77 -1 -1 -1 -1 -1 -1 -1 -1 -1 -1 -1 -1 -1 -1 -1 -1 -1 -1 -1 -1
78 -1 -1 -1 -1 -1 -1 -1 -1 -1 -1 -1 -1 -1 -1 -1 -1 -1 -1 -1 -1
79 -1 -1 -1 -1 -1 -1 -1 -1 -1 -1 -1 -1 -1 -1 -1 -1 -1 -1 -1 -1
80 -1 -1 -1 -1 -1 -1 -1 -1 -1 -1 -1 -1 -1 -1 -1 -1 -1 -1 -1 -1
81 -1 -1 -1 -1 -1 -1 -1 -1 -1 -1 -1 -1 -1 -1 -1 -1 -1 -1 -1 -1
82 -1 -1 -1 -1 -1 -1 -1 -1 -1 -1 -1 -1 -1 -1 -1 -1 -1 -1 -1 -1
83 -1 -1 -1 -1 -1 -1 -1 -1 -1 -1 -1 -1 -1 -1 -1 -1 -1 -1 -1 -1
84 -1 -1 -1 -1 -1 -1 -1 -1 -1 -1 -1 -1 -1 -1 -1 -1 -1 -1 -1 -1
85 -1 -1 -1 -1 -1 -1 -1 -1 -1 -1 -1 -1 -1 -1 -1 -1 -1 -1 -1 -1
86 -1 -1 -1 -1 -1 -1 -1 -1 -1 -1 -1 -1 -1 -1 -1 -1 -1 -1 -1 -1
87 -1 -1 -1 -1 -1 -1 -1 -1 -1 -1 -1 -1 -1 -1 -1 -1 -1 -1 -1 -1
88 -1 -1 -1 -1 -1 -1 -1 -1 -1 -1 -1 -1 -1 -1 -1 -1 -1 -1 -1 -1
89 -1 -1 -1 -1 -1 -1 -1 -1 -1 -1 -1 -1 -1 -1 -1 -1 -1 -1 -1 -1
90 -1 -1 -1 -1 -1 -1 -1 -1 -1 -1 -1 -1 -1 -1 -1 -1 -1 -1 -1 -1
91 -1 -1 -1 -1 -1 -1 -1 -1 -1 -1 -1 -1 -1 -1 -1 -1 -1 -1 -1 -1
92 -1 -1 -1 -1 -1 -1 -1 -1 -1 -1 -1 -1 -1 -1 -1 -1 -1 -1 -1 -1
93 -1 -1 -1 -1 -1 -1 -1 -1 -1 -1 -1 -1 -1 -1 -1 -1 -1 -1 -1 -1
94 -1 -1 -1 -1 -1 -1 -1 -1 -1 -1 -1 -1 -1 -1 -1 -1 -1 -1 -1 -1
95 -1 -1 -1 -1 -1 -1 -1 -1 -1 -1 -1 -1 -1 -1 -1 -1 -1 -1 -1 -1
96 -1 -1 -1 -1 -1 -1 -1 -1 -1 -1 -1 -1 -1 -1 -1 -1 -1 -1 -1 -1
97 -1 -1 -1 -1 -1 -1 -1 -1 -1 -1 -1 -1 -1 -1 -1 -1 -1 -1 -1 -1
98 -1 -1 -1 -1 -1 -1 -1 -1 -1 -1 -1 -1 -1 -1 -1 -1 -1 -1 -1 -1
99 -1 -1 -1 -1 -1 -1 -1 -1 -1 -1 -1 -1 -1 -1 -1 -1 -1 -1 -1 -1
100 -1 -1 -1 -1 -1 -1 -1 -1 -1 -1 -1 -1 -1 -1 -1 -1 -1 -1 -1 -1
101 -1 -1 -1 -1 -1 -1 -1 -1 -1 -1 -1 -1 -1 -1 -1 -1 -1 -1 -1 -1
102 -1 -1 -1 -1 -1 -1 -1 -1 -1 -1 -1 -1 -1 -1 -1 -1 -1 -1 -1 -1
103 -1 -1 -1 -1 -1 -1 -1 -1 -1 -1 -1 -1 -1 -1 -1 -1 -1 -1 -1 -1
104 -1 -1 -1 -1 -1 -1 -1 -1 -1 -1 -1 -1 -1 -1 -1 -1 -1 -1 -1 -1
105 -1 -1 -1 -1 -1 -1 -1 -1 -1 -1 -1 -1 -1 -1 -1 -1 -1 -1 -1 -1
106 -1 -1 -1 -1 -1 -1 -1 -1 -1 -1 -1 -1 -1 -1 -1 -1 -1 -1 -1 -1
107 -1 -1 -1 -1 -1 -1 -1 -1 -1 -1 -1 -1 -1 -1 -1 -1 -1 -1 -1 -1
108 -1 -1 -1 -1 -1 -1 -1 -1 -1 -1 -1 -1 -1 -1 -1 -1 -1 -1 -1 -1
109 -1 -1 -1 -1 -1 -1 -1 -1 -1 -1 -1 -1 -1 -1 -1 -1 -1 -1 -1 -1
110 -1 -1 -1 -1 -1 -1 -1 -1 -1 -1 -1 -1 -1 -1 -1 -1 -1 -1 -1 -1
111 -1 -1 -1 -1 -1 -1 -1 -1 -1 -1 -1 -1 -1 -1 -1 -1 -1 -1 -1 -1
112 -1 -1 -1 -1 -1 -1 -1 -1 -1 -1 -1 -1 -1 -1 -1 -1 -1 -1 -1 -1
113 -1 -1 -1 -1 -1 -1 -1 -1 -1 -1 -1 -1 -1 -1 -1 -1 -1 -1 -1 -1
114 -1 -1 -1 -1 -1 -1 -1 -1 -1 -1 -1 -1 -1 -1 -1 -1 -1 -1 -1 -1
115 -1 -1 -1 -1 -1 -1 -1 -1 -1 -1 -1 -1 -1 -1 -1 -1 -1 -1 -1 -1
116 -1 -1 -1 -1 -1 -1 -1 -1 -1 -1 -1 -1 -1 -1 -1 -1 -1 -1 -1 -1
117 -1 -1 -1 -1 -1 -1 -1 -1 -1 -1 -1 -1 -1 -1 -1 -1 -1 -1 -1 -1
118 -1 -1 -1 -1 -1 -1 -1 -1 -1 -1 -1 -1 -1 -1 -1 -1 -1 -1 -1 -1
119 -1 -1 -1 -1 -1 -1 -1 -1 -1 -1 -1 -1 -1 -1 -1 -1 -1 -1 -1 -1
120 -1 -1 -1 -1 -1 -1 -1 -1 -1 -1 -1 -1 -1 -1 -1 -1 -1 -1 -1 -1
121 -1 -1 -1 -1 -1 -1 -1 -1 -1 -1 -1 -1 -1 -1 -1 -1 -1 -1 -1 -1
122 -1 -1 -1 -1 -1 -1 -1 -1 -1 -1 -1 -1 -1 -1 -1 -1 -1 -1 -1 -1
123 -1 -1 -1 -1 -1 -1 -1 -1 -1 -1 -1 -1 -1 -1 -1 -1 -1 -1 -1 -1
124 -1 -1 -1 -1 -1 -1 -1 -1 -1 -1 -1 -1 -1 -1 -1 -1 -1 -1 -1 -1
125 -1 -1 -1 -1 -1 -1 -1 -1 -1 -1 -1 -1 -1 -1 -1 -1 -1 -1 -1 -1
126 -1 -1 -1 -1 -1 -1 -1 -1 -1 -1 -1 -1 -1 -1 -1 -1 -1 -1 -1 -1
127 -1 -1 -1 -1 -1 -1 -1 -1 -1 -1 -1 -1 -1 -1 -1 -1 -1 -1 -1 -1
128 -1 -1 -1 -1 -1 -1 -1 -1 -1 -1 -1 -1 -1 -1 -1 -1 -1 -1 -1 -1
129 -1 -1 -1 -1 -1 -1 -1 -1 -1 -1 -1 -1 -1 -1 -1 -1 -1 -1 -1 -1
130 -1 -1 -1 -1 -1 -1 -1 -1 -1 -1 -1 -1 -1 -1 -1 -1 -1 -1 -1 -1
131 -1 -1 -1 -1 -1 -1 -1 -1 -1 -1 -1 -1 -1 -1 -1 -1 -1 -1 -1 -1
132 -1 -1 -1 -1 -1 -1 -1 -1 -1 -1 -1 -1 -1 -1 -1 -1 -1 -1 -1 -1
133 -1 -1 -1 -1 -1 -1 -1 -1 -1 -1 -1 -1 -1 -1 -1 -1 -1 -1 -1 -1
134 -1 -1 -1 -1 -1 -1 -1 -1 -1 -1 -1 -1 -1 -1 -1 -1 -1 -1 -1 -1
135 -1 -1 -1 -1 -1 -1 -1 -1 -1 -1 -1 -1 -1 -1 -1 -1 -1 -1 -1 -1
136 -1 -1 -1 -1 -1 -1 -1 -1 -1 -1 -1 -1 -1 -1 -1 -1 -1 -1 -1 -1
137 -1 -1 -1 -1 -1 -1 -1 -1 -1 -1 -1 -1 -1 -1 -1 -1 -1 -1 -1 -1
138 -1 -1 -1 -1 -1 -1 -1 -1 -1 -1 -1 -1 -1 -1 -1 -1 -1 -1 -1 -1
139 -1 -1 -1 -1 -1 -1 -1 -1 -1 -1 -1 -1 -1 -1 -1 -1 -1 -1 -1 -1
140 -1 -1 -1 -1 -1 -1 -1 -1 -1 -1 -1 -1 -1 -1 -1 -1 -1 -1 -1 -1
141 -1 -1 -1 -1 -1 -1 -1 -1 -1 -1 -1 -1 -1 -1 -1 -1 -1 -1 -1 -1
142 -1 -1 -1 -1 -1 -1 -1 -1 -1 -1 -1 -1 -1 -1 -1 -1 -1 -1 -1 -1
143 -1 -1 -1 -1 -1 -1 -1 -1 -1 -1 -1 -1 -1 -1 -1 -1 -1 -1 -1 -1
144 -1 -1 -1 -1 -1 -1 -1 -1 -1 -1 -1 -1 -1 -1 -1 -1 -1 -1 -1 -1
145 -1 -1 -1 -1 -1 -1 -1 -1 -1 -1 -1 -1 -1 -1 -1 -1 -1 -1 -1 -1
146 -1 -1 -1 -1 -1 -1 -1 -1 -1 -1 -1 -1 -1 -1 -1 -1 -1 -1 -1 -1
147 -1 -1 -1 -1 -1 -1 -1 -1 -1 -1 -1 -1 -1 -1 -1 -1 -1 -1 -1 -1
148 -1 -1 -1 -1 -1 -1 -1 -1 -1 -1 -1 -1 -1 -1 -1 -1 -1 -1 -1 -1
149 -1 -1 -1 -1 -1 -1 -1 -1 -1 -1 -1 -1 -1 -1 -1 -1 -1 -1 -1 -1
150 -1 -1 -1 -1 -1 -1 -1 -1 -1 -1 -1 -1 -1 -1 -1 -1 -1 -1 -1 -1
151 -1 -1 -1 -1 -1 -1 -1 -1 -1 -1 -1 -1 -1 -1 -1 -1 -1 -1 -1 -1
152 -1 -1 -1 -1 -1 -1 -1 -1 -1 -1 -1 -1 -1 -1 -1 -1 -1 -1 -1 -1
153 0.371326 0.764216 0.458759 0.715043 0.454614 0.693187 0.462904 0.736899 0.454614 0.693187 0.399082 0.745491 0.362278 0.875939 0.462904 0.736899 0.533187 0.780191 0.601469 0.823323
154 0.371649 0.760694 0.456818 0.713203 0.452394 0.691711 0.461243 0.734695 0.452394 0.691711 0.426911 0.752898 0.390477 0.895819 0.461243 0.734695 0.530882 0.775997 0.599459 0.825242
155 0.369193 0.755531 0.455376 0.710203 0.448836 0.690203 0.461916 0.730204 0.448836 0.690203 0.410768 0.753741 0.365727 0.899787 0.461916 0.730204 0.529516 0.765633 0.604096 0.823404
156 0.368170 0.756681 0.455069 0.711039 0.448454 0.689309 0.461684 0.732770 0.448454 0.689309 0.395765 0.753535 0.336800 0.896071 0.461684 0.732770 0.533116 0.762367 0.606377 0.814272
157 0.366128 0.754343 0.453825 0.710364 0.450087 0.688868 0.457563 0.731859 0.450087 0.688868 0.422115 0.746078 0.378148 0.889995 0.457563 0.731859 0.531930 0.760960 0.606825 0.810433
158 0.362585 0.754707 0.451863 0.709889 0.448236 0.688795 0.455490 0.730983 0.448236 0.688795 0.469712 0.729904 0.443867 0.887224 0.455490 0.730983 0.527801 0.760630 0.593479 0.835411
159 0.364899 0.754109 0.451767 0.709978 0.448558 0.688372 0.454976 0.731583 0.448558 0.688372 0.486687 0.732678 0.488915 0.873074 0.454976 0.731583 0.514907 0.762046 0.557573 0.860098
160 0.368010 0.752124 0.454179 0.709565 0.449849 0.687980 0.458509 0.731149 0.449849 0.687980 0.407841 0.734929 0.364619 0.881925 0.458509 0.731149 0.522341 0.759884 0.588127 0.823212
161 0.366341 0.751416 0.454053 0.709956 0.449205 0.687647 0.458901 0.732266 0.449205 0.687647 0.426250 0.738155 0.388745 0.886480 0.458901 0.732266 0.524485 0.756812 0.603487 0.813577
162 0.367871 0.749837 0.455088 0.709673 0.449865 0.687244 0.460312 0.732102 0.449865 0.687244 0.401765 0.751768 0.352225 0.888974 0.460312 0.732102 0.525929 0.751591 0.607017 0.797128
163 0.367448 0.747190 0.455963 0.709524 0.450951 0.687175 0.460976 0.731874 0.450951 0.687175 0.417843 0.747676 0.379373 0.886416 0.460976 0.731874 0.530210 0.752847 0.608462 0.801250
164 0.365770 0.747282 0.456582 0.709389 0.451686 0.687030 0.461479 0.731748 0.451686 0.687030 0.424951 0.727828 0.387522 0.877719 0.461479 0.731748 0.532501 0.753657 0.608109 0.830849
165 0.365175 0.747118 0.456112 0.709046 0.450903 0.686817 0.461321 0.731275 0.450903 0.686817 0.446610 0.736290 0.405337 0.888480 0.461321 0.731275 0.534333 0.754206 0.607480 0.828023
166 0.365237 0.745770 0.456240 0.708917 0.451016 0.686602 0.461464 0.731232 0.451016 0.686602 0.427620 0.737052 0.380428 0.886620 0.461464 0.731232 0.534293 0.752706 0.608942 0.806667
167 0.365376 0.745883 0.455891 0.708847 0.450938 0.686565 0.460845 0.731128 0.450938 0.686565 0.490386 0.729052 0.485614 0.873240 0.460845 0.731128 0.534396 0.752340 0.609668 0.805587
168 0.366234 0.744050 0.455732 0.707983 0.451145 0.686958 0.460318 0.729007 0.451145 0.686958 0.489064 0.730248 0.489477 0.858625 0.460318 0.729007 0.527599 0.752675 0.580190 0.827558
169 0.365940 0.744123 0.455364 0.707937 0.450622 0.686849 0.460105 0.729025 0.450622 0.686849 0.475240 0.743206 0.446000 0.883055 0.460105 0.729025 0.527978 0.751937 0.597591 0.802410
170 0.365644 0.743989 0.454621 0.707684 0.450605 0.686276 0.458637 0.729091 0.450605 0.686276 0.493203 0.741406 0.509944 0.853691 0.458637 0.729091 0.528092 0.749648 0.601877 0.796548
171 0.364154 0.743798 0.454566 0.708058 0.450221 0.685810 0.458911 0.730305 0.450221 0.685810 0.484266 0.741380 0.461678 0.873510 0.458911 0.730305 0.529653 0.749741 0.606005 0.795734
172 0.363711 0.743940 0.454874 0.708134 0.451744 0.685478 0.458005 0.730790 0.451744 0.685478 0.526809 0.740804 0.577167 0.828983 0.458005 0.730790 0.516303 0.748853 0.569504 0.818668
173 0.364048 0.744140 0.454970 0.707923 0.451566 0.685187 0.458373 0.730659 0.451566 0.685187 0.473900 0.747479 0.470749 0.861277 0.458373 0.730659 0.524644 0.747856 0.598436 0.797761
174 0.364261 0.744250 0.456074 0.707935 0.451386 0.685156 0.460763 0.730714 0.451386 0.685156 0.418295 0.750969 0.373096 0.872659 0.460763 0.730714 0.533979 0.748048 0.608463 0.805022
175 0.364751 0.744327 0.457004 0.707846 0.451402 0.685157 0.462605 0.730535 0.451402 0.685157 0.431956 0.757239 0.393467 0.887759 0.462605 0.730535 0.536651 0.748091 0.610077 0.808921
176 0.364622 0.745504 0.456669 0.707483 0.450790 0.685101 0.462548 0.729864 0.450790 0.685101 0.437114 0.761219 0.401278 0.897685 0.462548 0.729864 0.535988 0.747584 0.609700 0.804967
177 0.364715 0.746247 0.456664 0.707161 0.450847 0.685778 0.462481 0.728545 0.450847 0.685778 0.450585 0.759830 0.432280 0.892752 0.462481 0.728545 0.535551 0.748363 0.609569 0.799689
178 0.366058 0.746128 0.456501 0.706447 0.450564 0.685262 0.462438 0.727631 0.450564 0.685262 0.460683 0.753527 0.463655 0.881322 0.462438 0.727631 0.535276 0.747311 0.611012 0.793625
179 0.365465 0.747913 0.456307 0.706392 0.450202 0.685246 0.462411 0.727539 0.450202 0.685246 0.461253 0.748256 0.459267 0.874622 0.462411 0.727539 0.534313 0.746640 0.609942 0.793740
180 0.364706 0.747400 0.456307 0.705855 0.450222 0.685251 0.462391 0.726459 0.450222 0.685251 0.510069 0.743607 0.573639 0.811011 0.462391 0.726459 0.532913 0.743711 0.609578 0.786865
181 0.365612 0.747317 0.457179 0.705976 0.450427 0.685555 0.463930 0.726397 0.450427 0.685555 0.438347 0.752541 0.395476 0.869474 0.463930 0.726397 0.533291 0.744040 0.608981 0.789937
182 0.365856 0.747287 0.456997 0.706152 0.450505 0.685405 0.463488 0.726899 0.450505 0.685405 0.437111 0.753793 0.400854 0.878140 0.463488 0.726899 0.533266 0.743937 0.608284 0.791706
183 0.364083 0.749196 0.455077 0.706232 0.450517 0.685231 0.459637 0.727234 0.450517 0.685231 0.520070 0.738093 0.565375 0.818208 0.459637 0.727234 0.531035 0.742276 0.603614 0.789756
184 0.363864 0.748896 0.454956 0.706058 0.450140 0.684902 0.459773 0.727213 0.450140 0.684902 0.459814 0.745186 0.439635 0.869682 0.459773 0.727213 0.531441 0.742553 0.604422 0.787894
185 0.364467 0.748821 0.455093 0.705808 0.450064 0.684895 0.460121 0.726721 0.450064 0.684895 0.448044 0.746459 0.417372 0.881568 0.460121 0.726721 0.531610 0.742727 0.604714 0.788609
186 0.365867 0.748650 0.456242 0.705824 0.450075 0.684894 0.462408 0.726754 0.450075 0.684894 0.404608 0.752443 0.355554 0.880236 0.462408 0.726754 0.533707 0.742859 0.607948 0.789354
187 0.365886 0.748585 0.456208 0.706345 0.450082 0.684889 0.462335 0.727800 0.450082 0.684889 0.414117 0.754686 0.368907 0.881198 0.462335 0.727800 0.533693 0.742965 0.607949 0.789334
188 0.366150 0.748414 0.456448 0.706441 0.450565 0.685124 0.462330 0.727759 0.450565 0.685124 0.423727 0.754520 0.398729 0.885446 0.462330 0.727759 0.535091 0.746128 0.607675 0.794425
189 0.365411 0.748537 0.455548 0.706462 0.449066 0.685153 0.462029 0.727771 0.449066 0.685153 0.420919 0.756463 0.378316 0.885741 0.462029 0.727771 0.534665 0.745569 0.607650 0.794040
190 0.365307 0.748921 0.456137 0.706461 0.450273 0.685152 0.462000 0.727770 0.450273 0.685152 0.474096 0.744935 0.479580 0.852850 0.462000 0.727770 0.534613 0.745871 0.607518 0.793128
191 0.364861 0.749510 0.456216 0.706454 0.450135 0.685153 0.462298 0.727755 0.450135 0.685153 0.427120 0.747255 0.391623 0.864084 0.462298 0.727755 0.533988 0.745825 0.607242 0.792408
192 0.366964 0.747364 0.456477 0.706312 0.450164 0.684645 0.462790 0.727979 0.450164 0.684645 0.406838 0.757768 0.364193 0.881580 0.462790 0.727979 0.534061 0.745663 0.607926 0.792845
193 0.366454 0.747546 0.456428 0.706438 0.450126 0.684897 0.462731 0.727979 0.450126 0.684897 0.411338 0.758432 0.364882 0.881425 0.462731 0.727979 0.534721 0.745669 0.608353 0.792851
194 0.366265 0.747358 0.456611 0.706395 0.450165 0.684831 0.463058 0.727959 0.450165 0.684831 0.408586 0.759223 0.362168 0.882842 0.463058 0.727959 0.534677 0.745756 0.608489 0.795936
195 0.366439 0.747241 0.457460 0.706677 0.451037 0.684727 0.463884 0.728626 0.451037 0.684727 0.405024 0.754759 0.361299 0.881321 0.463884 0.728626 0.535792 0.747759 0.608984 0.808832
196 0.367360 0.747081 0.456725 0.706010 0.449180 0.686578 0.464270 0.725441 0.449180 0.686578 0.395518 0.755560 0.352503 0.877590 0.464270 0.725441 0.535186 0.747366 0.608934 0.799622
197 0.367513 0.747574 0.456702 0.706324 0.449149 0.686616 0.464256 0.726033 0.449149 0.686616 0.404227 0.761055 0.360479 0.882674 0.464256 0.726033 0.534879 0.747159 0.609989 0.799453
198 0.366521 0.749325 0.456745 0.706374 0.449096 0.686601 0.464395 0.726147 0.449096 0.686601 0.406866 0.760561 0.365829 0.882043 0.464395 0.726147 0.534849 0.747267 0.609895 0.799320
199 0.364343 0.751247 0.457596 0.706802 0.450868 0.687397 0.464323 0.726206 0.450868 0.687397 0.440033 0.760261 0.409724 0.880216 0.464323 0.726206 0.534831 0.747070 0.608839 0.798483
200 0.364972 0.750620 0.457617 0.706870 0.450850 0.687362 0.464384 0.726378 0.450850 0.687362 0.438389 0.764952 0.397706 0.885421 0.464384 0.726378 0.534869 0.746942 0.608866 0.801385
201 0.366415 0.748983 0.457680 0.706451 0.450530 0.687322 0.464831 0.725581 0.450530 0.687322 0.415254 0.771167 0.368759 0.894961 0.464831 0.725581 0.535891 0.746800 0.609056 0.797592
202 0.367468 0.748744 0.457930 0.706214 0.450524 0.688260 0.465336 0.724168 0.450524 0.688260 0.412784 0.772596 0.363478 0.892750 0.465336 0.724168 0.536427 0.748503 0.609389 0.800849
203 0.366572 0.748733 0.457663 0.706924 0.450545 0.687816 0.464780 0.726032 0.450545 0.687816 0.412340 0.761174 0.365989 0.883988 0.464780 0.726032 0.536369 0.748987 0.608665 0.804651
204 0.366334 0.748630 0.457306 0.706847 0.450063 0.687302 0.464548 0.726392 0.450063 0.687302 0.406895 0.763393 0.358589 0.885517 0.464548 0.726392 0.533881 0.747861 0.608239 0.796161
205 0.364911 0.750509 0.456871 0.706954 0.449876 0.687432 0.463866 0.726476 0.449876 0.687432 0.408251 0.762938 0.361191 0.877258 0.463866 0.726476 0.533780 0.747466 0.607418 0.795482
206 0.364914 0.748183 0.456899 0.706741 0.449932 0.686996 0.463866 0.726486 0.449932 0.686996 0.409145 0.762514 0.374676 0.877692 0.463866 0.726486 0.533255 0.746866 0.607419 0.789810
207 0.364234 0.748402 0.456863 0.706492 0.449991 0.686409 0.463735 0.726575 0.449991 0.686409 0.406145 0.761979 0.367064 0.877994 0.463735 0.726575 0.533431 0.746786 0.608719 0.790129
208 0.364821 0.746741 0.457678 0.706258 0.450224 0.686102 0.465132 0.726414 0.450224 0.686102 0.404532 0.761983 0.357352 0.879974 0.465132 0.726414 0.534914 0.746522 0.609034 0.793975
209 0.364432 0.747353 0.456658 0.706533 0.448903 0.686098 0.464413 0.726969 0.448903 0.686098 0.396699 0.760708 0.347618 0.877464 0.464413 0.726969 0.534266 0.746176 0.609478 0.794009
210 0.364550 0.748430 0.456429 0.706371 0.448725 0.685610 0.464133 0.727131 0.448725 0.685610 0.399169 0.760980 0.351782 0.877902 0.464133 0.727131 0.534237 0.745979 0.609461 0.792261
211 0.366581 0.747055 0.457524 0.705430 0.449123 0.683726 0.465924 0.727135 0.449123 0.683726 0.390961 0.757185 0.341184 0.873451 0.465924 0.727135 0.534629 0.745970 0.610596 0.793488
212 0.366544 0.747242 0.456991 0.705747 0.448127 0.684236 0.465855 0.727258 0.448127 0.684236 0.393744 0.759920 0.348078 0.873855 0.465855 0.727258 0.534292 0.745828 0.609571 0.784889
213 0.367455 0.747021 0.456280 0.704877 0.447032 0.683166 0.465529 0.726588 0.447032 0.683166 0.393251 0.759900 0.348431 0.874350 0.465529 0.726588 0.534099 0.745211 0.609564 0.782702
214 0.365418 0.747346 0.455975 0.705220 0.447179 0.683098 0.464770 0.727341 0.447179 0.683098 0.399744 0.757664 0.360229 0.873998 0.464770 0.727341 0.534022 0.745238 0.608159 0.784738
215 0.366587 0.746607 0.455538 0.705232 0.447228 0.683119 0.463849 0.727345 0.447228 0.683119 0.421945 0.759542 0.374838 0.888554 0.463849 0.727345 0.534039 0.745315 0.606903 0.785568
