148
156
0 -1 -1 -1 -1 -1 -1 -1 -1 -1 -1 -1 -1 -1 -1 -1 -1 -1 -1 -1 -1
1 0.730134 0.467325 0.726614 0.480785 0.726750 0.480988 0.726479 0.480581 0.726750 0.480988 0.723331 0.476180 0.722831 0.478572 0.726479 0.480581 0.723312 0.474117 0.722644 0.478959
2 -1 -1 -1 -1 -1 -1 -1 -1 -1 -1 -1 -1 -1 -1 -1 -1 -1 -1 -1 -1
3 -1 -1 -1 -1 -1 -1 -1 -1 -1 -1 -1 -1 -1 -1 -1 -1 -1 -1 -1 -1
4 -1 -1 -1 -1 -1 -1 -1 -1 -1 -1 -1 -1 -1 -1 -1 -1 -1 -1 -1 -1
5 0.733433 0.461759 0.740458 0.430360 0.751327 0.436234 0.729589 0.424486 0.751327 0.436234 0.746475 0.493516 0.747149 0.502782 0.729589 0.424486 0.720513 0.466168 0.729766 0.471224
6 0.732336 0.457527 0.739176 0.425584 0.751280 0.430909 0.727072 0.420258 0.751280 0.430909 0.747291 0.499153 0.747219 0.514467 0.727072 0.420258 0.719253 0.477322 0.730878 0.496779
7 -1 -1 -1 -1 -1 -1 -1 -1 -1 -1 -1 -1 -1 -1 -1 -1 -1 -1 -1 -1
8 -1 -1 -1 -1 -1 -1 -1 -1 -1 -1 -1 -1 -1 -1 -1 -1 -1 -1 -1 -1
9 -1 -1 -1 -1 -1 -1 -1 -1 -1 -1 -1 -1 -1 -1 -1 -1 -1 -1 -1 -1
10 -1 -1 -1 -1 -1 -1 -1 -1 -1 -1 -1 -1 -1 -1 -1 -1 -1 -1 -1 -1
11 -1 -1 -1 -1 -1 -1 -1 -1 -1 -1 -1 -1 -1 -1 -1 -1 -1 -1 -1 -1
12 -1 -1 -1 -1 -1 -1 -1 -1 -1 -1 -1 -1 -1 -1 -1 -1 -1 -1 -1 -1
13 -1 -1 -1 -1 -1 -1 -1 -1 -1 -1 -1 -1 -1 -1 -1 -1 -1 -1 -1 -1
14 -1 -1 -1 -1 -1 -1 -1 -1 -1 -1 -1 -1 -1 -1 -1 -1 -1 -1 -1 -1
15 -1 -1 -1 -1 -1 -1 -1 -1 -1 -1 -1 -1 -1 -1 -1 -1 -1 -1 -1 -1
16 -1 -1 -1 -1 -1 -1 -1 -1 -1 -1 -1 -1 -1 -1 -1 -1 -1 -1 -1 -1
17 -1 -1 -1 -1 -1 -1 -1 -1 -1 -1 -1 -1 -1 -1 -1 -1 -1 -1 -1 -1
18 -1 -1 -1 -1 -1 -1 -1 -1 -1 -1 -1 -1 -1 -1 -1 -1 -1 -1 -1 -1
19 -1 -1 -1 -1 -1 -1 -1 -1 -1 -1 -1 -1 -1 -1 -1 -1 -1 -1 -1 -1
20 -1 -1 -1 -1 -1 -1 -1 -1 -1 -1 -1 -1 -1 -1 -1 -1 -1 -1 -1 -1
21 -1 -1 -1 -1 -1 -1 -1 -1 -1 -1 -1 -1 -1 -1 -1 -1 -1 -1 -1 -1
22 -1 -1 -1 -1 -1 -1 -1 -1 -1 -1 -1 -1 -1 -1 -1 -1 -1 -1 -1 -1
23 -1 -1 -1 -1 -1 -1 -1 -1 -1 -1 -1 -1 -1 -1 -1 -1 -1 -1 -1 -1
24 -1 -1 -1 -1 -1 -1 -1 -1 -1 -1 -1 -1 -1 -1 -1 -1 -1 -1 -1 -1
25 -1 -1 -1 -1 -1 -1 -1 -1 -1 -1 -1 -1 -1 -1 -1 -1 -1 -1 -1 -1
26 -1 -1 -1 -1 -1 -1 -1 -1 -1 -1 -1 -1 -1 -1 -1 -1 -1 -1 -1 -1
27 -1 -1 -1 -1 -1 -1 -1 -1 -1 -1 -1 -1 -1 -1 -1 -1 -1 -1 -1 -1
28 -1 -1 -1 -1 -1 -1 -1 -1 -1 -1 -1 -1 -1 -1 -1 -1 -1 -1 -1 -1
29 -1 -1 -1 -1 -1 -1 -1 -1 -1 -1 -1 -1 -1 -1 -1 -1 -1 -1 -1 -1
30 -1 -1 -1 -1 -1 -1 -1 -1 -1 -1 -1 -1 -1 -1 -1 -1 -1 -1 -1 -1
31 -1 -1 -1 -1 -1 -1 -1 -1 -1 -1 -1 -1 -1 -1 -1 -1 -1 -1 -1 -1
32 -1 -1 -1 -1 -1 -1 -1 -1 -1 -1 -1 -1 -1 -1 -1 -1 -1 -1 -1 -1
33 -1 -1 -1 -1 -1 -1 -1 -1 -1 -1 -1 -1 -1 -1 -1 -1 -1 -1 -1 -1
34 -1 -1 -1 -1 -1 -1 -1 -1 -1 -1 -1 -1 -1 -1 -1 -1 -1 -1 -1 -1
35 -1 -1 -1 -1 -1 -1 -1 -1 -1 -1 -1 -1 -1 -1 -1 -1 -1 -1 -1 -1
36 -1 -1 -1 -1 -1 -1 -1 -1 -1 -1 -1 -1 -1 -1 -1 -1 -1 -1 -1 -1
37 -1 -1 -1 -1 -1 -1 -1 -1 -1 -1 -1 -1 -1 -1 -1 -1 -1 -1 -1 -1
38 -1 -1 -1 -1 -1 -1 -1 -1 -1 -1 -1 -1 -1 -1 -1 -1 -1 -1 -1 -1
39 -1 -1 -1 -1 -1 -1 -1 -1 -1 -1 -1 -1 -1 -1 -1 -1 -1 -1 -1 -1
40 -1 -1 -1 -1 -1 -1 -1 -1 -1 -1 -1 -1 -1 -1 -1 -1 -1 -1 -1 -1
41 -1 -1 -1 -1 -1 -1 -1 -1 -1 -1 -1 -1 -1 -1 -1 -1 -1 -1 -1 -1
42 -1 -1 -1 -1 -1 -1 -1 -1 -1 -1 -1 -1 -1 -1 -1 -1 -1 -1 -1 -1
43 -1 -1 -1 -1 -1 -1 -1 -1 -1 -1 -1 -1 -1 -1 -1 -1 -1 -1 -1 -1
44 -1 -1 -1 -1 -1 -1 -1 -1 -1 -1 -1 -1 -1 -1 -1 -1 -1 -1 -1 -1
45 -1 -1 -1 -1 -1 -1 -1 -1 -1 -1 -1 -1 -1 -1 -1 -1 -1 -1 -1 -1
46 -1 -1 -1 -1 -1 -1 -1 -1 -1 -1 -1 -1 -1 -1 -1 -1 -1 -1 -1 -1
47 -1 -1 -1 -1 -1 -1 -1 -1 -1 -1 -1 -1 -1 -1 -1 -1 -1 -1 -1 -1
48 -1 -1 -1 -1 -1 -1 -1 -1 -1 -1 -1 -1 -1 -1 -1 -1 -1 -1 -1 -1
49 -1 -1 -1 -1 -1 -1 -1 -1 -1 -1 -1 -1 -1 -1 -1 -1 -1 -1 -1 -1
50 -1 -1 -1 -1 -1 -1 -1 -1 -1 -1 -1 -1 -1 -1 -1 -1 -1 -1 -1 -1
51 -1 -1 -1 -1 -1 -1 -1 -1 -1 -1 -1 -1 -1 -1 -1 -1 -1 -1 -1 -1
52 -1 -1 -1 -1 -1 -1 -1 -1 -1 -1 -1 -1 -1 -1 -1 -1 -1 -1 -1 -1
53 -1 -1 -1 -1 -1 -1 -1 -1 -1 -1 -1 -1 -1 -1 -1 -1 -1 -1 -1 -1
54 -1 -1 -1 -1 -1 -1 -1 -1 -1 -1 -1 -1 -1 -1 -1 -1 -1 -1 -1 -1
55 -1 -1 -1 -1 -1 -1 -1 -1 -1 -1 -1 -1 -1 -1 -1 -1 -1 -1 -1 -1
56 -1 -1 -1 -1 -1 -1 -1 -1 -1 -1 -1 -1 -1 -1 -1 -1 -1 -1 -1 -1
57 -1 -1 -1 -1 -1 -1 -1 -1 -1 -1 -1 -1 -1 -1 -1 -1 -1 -1 -1 -1
58 -1 -1 -1 -1 -1 -1 -1 -1 -1 -1 -1 -1 -1 -1 -1 -1 -1 -1 -1 -1
59 -1 -1 -1 -1 -1 -1 -1 -1 -1 -1 -1 -1 -1 -1 -1 -1 -1 -1 -1 -1
60 -1 -1 -1 -1 -1 -1 -1 -1 -1 -1 -1 -1 -1 -1 -1 -1 -1 -1 -1 -1
61 -1 -1 -1 -1 -1 -1 -1 -1 -1 -1 -1 -1 -1 -1 -1 -1 -1 -1 -1 -1
62 -1 -1 -1 -1 -1 -1 -1 -1 -1 -1 -1 -1 -1 -1 -1 -1 -1 -1 -1 -1
63 -1 -1 -1 -1 -1 -1 -1 -1 -1 -1 -1 -1 -1 -1 -1 -1 -1 -1 -1 -1
64 -1 -1 -1 -1 -1 -1 -1 -1 -1 -1 -1 -1 -1 -1 -1 -1 -1 -1 -1 -1
65 -1 -1 -1 -1 -1 -1 -1 -1 -1 -1 -1 -1 -1 -1 -1 -1 -1 -1 -1 -1
66 -1 -1 -1 -1 -1 -1 -1 -1 -1 -1 -1 -1 -1 -1 -1 -1 -1 -1 -1 -1
67 -1 -1 -1 -1 -1 -1 -1 -1 -1 -1 -1 -1 -1 -1 -1 -1 -1 -1 -1 -1
68 -1 -1 -1 -1 -1 -1 -1 -1 -1 -1 -1 -1 -1 -1 -1 -1 -1 -1 -1 -1
69 -1 -1 -1 -1 -1 -1 -1 -1 -1 -1 -1 -1 -1 -1 -1 -1 -1 -1 -1 -1
70 -1 -1 -1 -1 -1 -1 -1 -1 -1 -1 -1 -1 -1 -1 -1 -1 -1 -1 -1 -1
71 -1 -1 -1 -1 -1 -1 -1 -1 -1 -1 -1 -1 -1 -1 -1 -1 -1 -1 -1 -1
72 -1 -1 -1 -1 -1 -1 -1 -1 -1 -1 -1 -1 -1 -1 -1 -1 -1 -1 -1 -1
73 -1 -1 -1 -1 -1 -1 -1 -1 -1 -1 -1 -1 -1 -1 -1 -1 -1 -1 -1 -1
74 -1 -1 -1 -1 -1 -1 -1 -1 -1 -1 -1 -1 -1 -1 -1 -1 -1 -1 -1 -1
75 -1 -1 -1 -1 -1 -1 -1 -1 -1 -1 -1 -1 -1 -1 -1 -1 -1 -1 -1 -1
76 -1 -1 -1 -1 -1 -1 -1 -1 -1 -1 -1 -1 -1 -1 -1 -1 -1 -1 -1 -1
77 -1 -1 -1 -1 -1 -1 -1 -1 -1 -1 -1 -1 -1 -1 -1 -1 -1 -1 -1 -1
78 -1 -1 -1 -1 -1 -1 -1 -1 -1 -1 -1 -1 -1 -1 -1 -1 -1 -1 -1 -1
79 -1 -1 -1 -1 -1 -1 -1 -1 -1 -1 -1 -1 -1 -1 -1 -1 -1 -1 -1 -1
80 -1 -1 -1 -1 -1 -1 -1 -1 -1 -1 -1 -1 -1 -1 -1 -1 -1 -1 -1 -1
81 -1 -1 -1 -1 -1 -1 -1 -1 -1 -1 -1 -1 -1 -1 -1 -1 -1 -1 -1 -1
82 -1 -1 -1 -1 -1 -1 -1 -1 -1 -1 -1 -1 -1 -1 -1 -1 -1 -1 -1 -1
83 -1 -1 -1 -1 -1 -1 -1 -1 -1 -1 -1 -1 -1 -1 -1 -1 -1 -1 -1 -1
84 -1 -1 -1 -1 -1 -1 -1 -1 -1 -1 -1 -1 -1 -1 -1 -1 -1 -1 -1 -1
85 -1 -1 -1 -1 -1 -1 -1 -1 -1 -1 -1 -1 -1 -1 -1 -1 -1 -1 -1 -1
86 -1 -1 -1 -1 -1 -1 -1 -1 -1 -1 -1 -1 -1 -1 -1 -1 -1 -1 -1 -1
87 -1 -1 -1 -1 -1 -1 -1 -1 -1 -1 -1 -1 -1 -1 -1 -1 -1 -1 -1 -1
88 -1 -1 -1 -1 -1 -1 -1 -1 -1 -1 -1 -1 -1 -1 -1 -1 -1 -1 -1 -1
89 -1 -1 -1 -1 -1 -1 -1 -1 -1 -1 -1 -1 -1 -1 -1 -1 -1 -1 -1 -1
90 -1 -1 -1 -1 -1 -1 -1 -1 -1 -1 -1 -1 -1 -1 -1 -1 -1 -1 -1 -1
91 -1 -1 -1 -1 -1 -1 -1 -1 -1 -1 -1 -1 -1 -1 -1 -1 -1 -1 -1 -1
92 -1 -1 -1 -1 -1 -1 -1 -1 -1 -1 -1 -1 -1 -1 -1 -1 -1 -1 -1 -1
93 -1 -1 -1 -1 -1 -1 -1 -1 -1 -1 -1 -1 -1 -1 -1 -1 -1 -1 -1 -1
94 -1 -1 -1 -1 -1 -1 -1 -1 -1 -1 -1 -1 -1 -1 -1 -1 -1 -1 -1 -1
95 -1 -1 -1 -1 -1 -1 -1 -1 -1 -1 -1 -1 -1 -1 -1 -1 -1 -1 -1 -1
96 -1 -1 -1 -1 -1 -1 -1 -1 -1 -1 -1 -1 -1 -1 -1 -1 -1 -1 -1 -1
97 -1 -1 -1 -1 -1 -1 -1 -1 -1 -1 -1 -1 -1 -1 -1 -1 -1 -1 -1 -1
98 -1 -1 -1 -1 -1 -1 -1 -1 -1 -1 -1 -1 -1 -1 -1 -1 -1 -1 -1 -1
99 -1 -1 -1 -1 -1 -1 -1 -1 -1 -1 -1 -1 -1 -1 -1 -1 -1 -1 -1 -1
100 -1 -1 -1 -1 -1 -1 -1 -1 -1 -1 -1 -1 -1 -1 -1 -1 -1 -1 -1 -1
101 -1 -1 -1 -1 -1 -1 -1 -1 -1 -1 -1 -1 -1 -1 -1 -1 -1 -1 -1 -1
102 -1 -1 -1 -1 -1 -1 -1 -1 -1 -1 -1 -1 -1 -1 -1 -1 -1 -1 -1 -1
103 -1 -1 -1 -1 -1 -1 -1 -1 -1 -1 -1 -1 -1 -1 -1 -1 -1 -1 -1 -1
104 -1 -1 -1 -1 -1 -1 -1 -1 -1 -1 -1 -1 -1 -1 -1 -1 -1 -1 -1 -1
105 -1 -1 -1 -1 -1 -1 -1 -1 -1 -1 -1 -1 -1 -1 -1 -1 -1 -1 -1 -1
106 -1 -1 -1 -1 -1 -1 -1 -1 -1 -1 -1 -1 -1 -1 -1 -1 -1 -1 -1 -1
107 -1 -1 -1 -1 -1 -1 -1 -1 -1 -1 -1 -1 -1 -1 -1 -1 -1 -1 -1 -1
108 -1 -1 -1 -1 -1 -1 -1 -1 -1 -1 -1 -1 -1 -1 -1 -1 -1 -1 -1 -1
109 -1 -1 -1 -1 -1 -1 -1 -1 -1 -1 -1 -1 -1 -1 -1 -1 -1 -1 -1 -1
110 -1 -1 -1 -1 -1 -1 -1 -1 -1 -1 -1 -1 -1 -1 -1 -1 -1 -1 -1 -1
111 -1 -1 -1 -1 -1 -1 -1 -1 -1 -1 -1 -1 -1 -1 -1 -1 -1 -1 -1 -1
112 -1 -1 -1 -1 -1 -1 -1 -1 -1 -1 -1 -1 -1 -1 -1 -1 -1 -1 -1 -1
113 -1 -1 -1 -1 -1 -1 -1 -1 -1 -1 -1 -1 -1 -1 -1 -1 -1 -1 -1 -1
114 -1 -1 -1 -1 -1 -1 -1 -1 -1 -1 -1 -1 -1 -1 -1 -1 -1 -1 -1 -1
115 -1 -1 -1 -1 -1 -1 -1 -1 -1 -1 -1 -1 -1 -1 -1 -1 -1 -1 -1 -1
116 -1 -1 -1 -1 -1 -1 -1 -1 -1 -1 -1 -1 -1 -1 -1 -1 -1 -1 -1 -1
117 -1 -1 -1 -1 -1 -1 -1 -1 -1 -1 -1 -1 -1 -1 -1 -1 -1 -1 -1 -1
118 -1 -1 -1 -1 -1 -1 -1 -1 -1 -1 -1 -1 -1 -1 -1 -1 -1 -1 -1 -1
119 -1 -1 -1 -1 -1 -1 -1 -1 -1 -1 -1 -1 -1 -1 -1 -1 -1 -1 -1 -1
120 -1 -1 -1 -1 -1 -1 -1 -1 -1 -1 -1 -1 -1 -1 -1 -1 -1 -1 -1 -1
121 -1 -1 -1 -1 -1 -1 -1 -1 -1 -1 -1 -1 -1 -1 -1 -1 -1 -1 -1 -1
122 -1 -1 -1 -1 -1 -1 -1 -1 -1 -1 -1 -1 -1 -1 -1 -1 -1 -1 -1 -1
123 -1 -1 -1 -1 -1 -1 -1 -1 -1 -1 -1 -1 -1 -1 -1 -1 -1 -1 -1 -1
124 -1 -1 -1 -1 -1 -1 -1 -1 -1 -1 -1 -1 -1 -1 -1 -1 -1 -1 -1 -1
125 -1 -1 -1 -1 -1 -1 -1 -1 -1 -1 -1 -1 -1 -1 -1 -1 -1 -1 -1 -1
126 -1 -1 -1 -1 -1 -1 -1 -1 -1 -1 -1 -1 -1 -1 -1 -1 -1 -1 -1 -1
127 -1 -1 -1 -1 -1 -1 -1 -1 -1 -1 -1 -1 -1 -1 -1 -1 -1 -1 -1 -1
128 -1 -1 -1 -1 -1 -1 -1 -1 -1 -1 -1 -1 -1 -1 -1 -1 -1 -1 -1 -1
129 -1 -1 -1 -1 -1 -1 -1 -1 -1 -1 -1 -1 -1 -1 -1 -1 -1 -1 -1 -1
130 -1 -1 -1 -1 -1 -1 -1 -1 -1 -1 -1 -1 -1 -1 -1 -1 -1 -1 -1 -1
131 -1 -1 -1 -1 -1 -1 -1 -1 -1 -1 -1 -1 -1 -1 -1 -1 -1 -1 -1 -1
132 -1 -1 -1 -1 -1 -1 -1 -1 -1 -1 -1 -1 -1 -1 -1 -1 -1 -1 -1 -1
133 -1 -1 -1 -1 -1 -1 -1 -1 -1 -1 -1 -1 -1 -1 -1 -1 -1 -1 -1 -1
134 -1 -1 -1 -1 -1 -1 -1 -1 -1 -1 -1 -1 -1 -1 -1 -1 -1 -1 -1 -1
135 -1 -1 -1 -1 -1 -1 -1 -1 -1 -1 -1 -1 -1 -1 -1 -1 -1 -1 -1 -1
136 -1 -1 -1 -1 -1 -1 -1 -1 -1 -1 -1 -1 -1 -1 -1 -1 -1 -1 -1 -1
137 -1 -1 -1 -1 -1 -1 -1 -1 -1 -1 -1 -1 -1 -1 -1 -1 -1 -1 -1 -1
138 -1 -1 -1 -1 -1 -1 -1 -1 -1 -1 -1 -1 -1 -1 -1 -1 -1 -1 -1 -1
139 -1 -1 -1 -1 -1 -1 -1 -1 -1 -1 -1 -1 -1 -1 -1 -1 -1 -1 -1 -1
140 -1 -1 -1 -1 -1 -1 -1 -1 -1 -1 -1 -1 -1 -1 -1 -1 -1 -1 -1 -1
141 -1 -1 -1 -1 -1 -1 -1 -1 -1 -1 -1 -1 -1 -1 -1 -1 -1 -1 -1 -1
142 -1 -1 -1 -1 -1 -1 -1 -1 -1 -1 -1 -1 -1 -1 -1 -1 -1 -1 -1 -1
143 -1 -1 -1 -1 -1 -1 -1 -1 -1 -1 -1 -1 -1 -1 -1 -1 -1 -1 -1 -1
144 -1 -1 -1 -1 -1 -1 -1 -1 -1 -1 -1 -1 -1 -1 -1 -1 -1 -1 -1 -1
145 -1 -1 -1 -1 -1 -1 -1 -1 -1 -1 -1 -1 -1 -1 -1 -1 -1 -1 -1 -1
146 -1 -1 -1 -1 -1 -1 -1 -1 -1 -1 -1 -1 -1 -1 -1 -1 -1 -1 -1 -1
147 -1 -1 -1 -1 -1 -1 -1 -1 -1 -1 -1 -1 -1 -1 -1 -1 -1 -1 -1 -1
148 -1 -1 -1 -1 -1 -1 -1 -1 -1 -1 -1 -1 -1 -1 -1 -1 -1 -1 -1 -1
149 -1 -1 -1 -1 -1 -1 -1 -1 -1 -1 -1 -1 -1 -1 -1 -1 -1 -1 -1 -1
150 -1 -1 -1 -1 -1 -1 -1 -1 -1 -1 -1 -1 -1 -1 -1 -1 -1 -1 -1 -1
151 -1 -1 -1 -1 -1 -1 -1 -1 -1 -1 -1 -1 -1 -1 -1 -1 -1 -1 -1 -1
152 -1 -1 -1 -1 -1 -1 -1 -1 -1 -1 -1 -1 -1 -1 -1 -1 -1 -1 -1 -1
153 -1 -1 -1 -1 -1 -1 -1 -1 -1 -1 -1 -1 -1 -1 -1 -1 -1 -1 -1 -1
154 -1 -1 -1 -1 -1 -1 -1 -1 -1 -1 -1 -1 -1 -1 -1 -1 -1 -1 -1 -1
155 -1 -1 -1 -1 -1 -1 -1 -1 -1 -1 -1 -1 -1 -1 -1 -1 -1 -1 -1 -1
156 -1 -1 -1 -1 -1 -1 -1 -1 -1 -1 -1 -1 -1 -1 -1 -1 -1 -1 -1 -1
157 -1 -1 -1 -1 -1 -1 -1 -1 -1 -1 -1 -1 -1 -1 -1 -1 -1 -1 -1 -1
158 -1 -1 -1 -1 -1 -1 -1 -1 -1 -1 -1 -1 -1 -1 -1 -1 -1 -1 -1 -1
159 -1 -1 -1 -1 -1 -1 -1 -1 -1 -1 -1 -1 -1 -1 -1 -1 -1 -1 -1 -1
160 -1 -1 -1 -1 -1 -1 -1 -1 -1 -1 -1 -1 -1 -1 -1 -1 -1 -1 -1 -1
161 -1 -1 -1 -1 -1 -1 -1 -1 -1 -1 -1 -1 -1 -1 -1 -1 -1 -1 -1 -1
162 -1 -1 -1 -1 -1 -1 -1 -1 -1 -1 -1 -1 -1 -1 -1 -1 -1 -1 -1 -1
163 -1 -1 -1 -1 -1 -1 -1 -1 -1 -1 -1 -1 -1 -1 -1 -1 -1 -1 -1 -1
164 0.318678 0.797820 0.390420 0.716948 0.392595 0.686558 0.388245 0.747338 0.392595 0.686558 0.465225 0.714190 0.555499 0.706761 0.388245 0.747338 0.459201 0.790737 0.544279 0.744437
165 0.311554 0.796852 0.386230 0.718569 0.389419 0.688750 0.383041 0.748389 0.389419 0.688750 0.464949 0.723362 0.548751 0.713648 0.383041 0.748389 0.458334 0.802011 0.528358 0.739833
166 0.312883 0.797878 0.380813 0.719947 0.387507 0.689840 0.374120 0.750054 0.387507 0.689840 0.467999 0.736620 0.521078 0.703029 0.374120 0.750054 0.438664 0.786610 0.504763 0.741716
167 0.312714 0.798155 0.377270 0.719456 0.383991 0.689760 0.370549 0.749153 0.383991 0.689760 0.468812 0.740518 0.538721 0.704466 0.370549 0.749153 0.427153 0.809510 0.505218 0.744935
168 0.308527 0.797370 0.373938 0.711930 0.381020 0.690003 0.366855 0.733857 0.381020 0.690003 0.461575 0.749646 0.535345 0.710201 0.366855 0.733857 0.419222 0.806422 0.459562 0.743280
169 0.304815 0.800563 0.373086 0.710640 0.378814 0.689960 0.367359 0.731321 0.378814 0.689960 0.453594 0.752569 0.527981 0.716656 0.367359 0.731321 0.432087 0.803790 0.499799 0.744362
170 0.303705 0.803299 0.370931 0.712112 0.375967 0.690855 0.365894 0.733369 0.375967 0.690855 0.445075 0.759492 0.494606 0.718687 0.365894 0.733369 0.442473 0.793091 0.522793 0.748363
171 0.298503 0.800639 0.369875 0.710485 0.377152 0.691040 0.362597 0.729929 0.377152 0.691040 0.449160 0.759992 0.504877 0.720710 0.362597 0.729929 0.445623 0.778024 0.523725 0.748051
172 0.300519 0.804103 0.369318 0.716459 0.375583 0.690437 0.363053 0.742482 0.375583 0.690437 0.447019 0.760876 0.515876 0.745245 0.363053 0.742482 0.447324 0.773692 0.503300 0.719335
173 0.300125 0.802873 0.367194 0.718039 0.375577 0.690350 0.358812 0.745729 0.375577 0.690350 0.449634 0.758302 0.505971 0.741048 0.358812 0.745729 0.446327 0.772600 0.506779 0.725464
174 0.301362 0.806468 0.367579 0.720314 0.375681 0.689907 0.359476 0.750720 0.375681 0.689907 0.448770 0.757893 0.514163 0.742139 0.359476 0.750720 0.444305 0.775432 0.502559 0.722859
175 0.299495 0.805063 0.367882 0.720500 0.376082 0.689459 0.359682 0.751541 0.376082 0.689459 0.451710 0.756645 0.514267 0.737904 0.359682 0.751541 0.445081 0.776668 0.510449 0.726327
176 0.301113 0.804893 0.369323 0.720621 0.377081 0.689411 0.361564 0.751831 0.377081 0.689411 0.452716 0.755807 0.524823 0.739847 0.361564 0.751831 0.446293 0.775497 0.512677 0.726510
177 0.300786 0.805831 0.369349 0.721670 0.378090 0.691463 0.360608 0.751877 0.378090 0.691463 0.453773 0.754560 0.530203 0.739326 0.360608 0.751877 0.444897 0.776329 0.510532 0.727958
178 0.300553 0.806140 0.369013 0.721631 0.377790 0.691699 0.360237 0.751563 0.377790 0.691699 0.453999 0.754158 0.536709 0.739515 0.360237 0.751563 0.443384 0.777023 0.507014 0.723123
179 0.297177 0.806694 0.369332 0.717917 0.378181 0.692650 0.360483 0.743185 0.378181 0.692650 0.454444 0.753867 0.535687 0.738629 0.360483 0.743185 0.443215 0.773034 0.502594 0.723665
180 0.296382 0.806245 0.369709 0.716083 0.378041 0.692521 0.361377 0.739646 0.378041 0.692521 0.453355 0.753659 0.534560 0.736628 0.361377 0.739646 0.443730 0.773927 0.502950 0.725255
181 0.296011 0.806485 0.369930 0.714885 0.378335 0.692919 0.361525 0.736851 0.378335 0.692919 0.453269 0.753575 0.533905 0.729658 0.361525 0.736851 0.443668 0.774207 0.505592 0.725961
182 0.298023 0.806775 0.369820 0.717476 0.377758 0.692403 0.361883 0.742548 0.377758 0.692403 0.453194 0.753254 0.534681 0.729758 0.361883 0.742548 0.443819 0.779736 0.513931 0.733588
183 0.297164 0.805742 0.369593 0.718964 0.377932 0.692366 0.361254 0.745562 0.377932 0.692366 0.454029 0.752083 0.535430 0.730460 0.361254 0.745562 0.444038 0.779233 0.514024 0.732326
184 0.300286 0.806508 0.369640 0.719509 0.377769 0.692245 0.361512 0.746774 0.377769 0.692245 0.453776 0.751658 0.534480 0.729391 0.361512 0.746774 0.447773 0.775313 0.519374 0.739127
185 0.300853 0.807592 0.369174 0.720579 0.377627 0.692213 0.360721 0.748944 0.377627 0.692213 0.452610 0.750481 0.530475 0.727306 0.360721 0.748944 0.446839 0.779144 0.518945 0.746191
186 0.297537 0.804918 0.369222 0.720432 0.377683 0.691907 0.360760 0.748956 0.377683 0.691907 0.452813 0.749899 0.533704 0.727702 0.360760 0.748956 0.447203 0.778893 0.520484 0.746511
187 0.300600 0.805142 0.369302 0.720423 0.377700 0.691894 0.360903 0.748952 0.377700 0.691894 0.452919 0.749891 0.534288 0.729695 0.360903 0.748952 0.446979 0.779156 0.520038 0.747104
188 0.301481 0.806952 0.369497 0.720685 0.377646 0.691592 0.361348 0.749779 0.377646 0.691592 0.452796 0.749850 0.535242 0.730546 0.361348 0.749779 0.446946 0.778757 0.519633 0.745599
189 0.298444 0.804403 0.369432 0.720628 0.377712 0.691580 0.361152 0.749676 0.377712 0.691580 0.452850 0.749915 0.535452 0.730574 0.361152 0.749676 0.446976 0.777021 0.520123 0.744997
190 0.298945 0.805344 0.369432 0.720723 0.377718 0.691564 0.361147 0.749882 0.377718 0.691564 0.452464 0.750075 0.535717 0.731218 0.361147 0.749882 0.446972 0.776359 0.518621 0.735815
191 0.300563 0.805885 0.369469 0.720544 0.377756 0.690944 0.361183 0.750144 0.377756 0.690944 0.452765 0.749523 0.539264 0.733916 0.361183 0.750144 0.447074 0.776044 0.518320 0.731854
192 0.298239 0.803777 0.369970 0.720467 0.378022 0.691083 0.361919 0.749850 0.378022 0.691083 0.452827 0.749547 0.527687 0.729173 0.361919 0.749850 0.450529 0.773467 0.524668 0.738376
193 0.300183 0.805739 0.370074 0.720676 0.378147 0.691245 0.362002 0.750107 0.378147 0.691245 0.452798 0.749483 0.531989 0.730663 0.362002 0.750107 0.450465 0.773580 0.523691 0.738837
194 0.300888 0.805692 0.370248 0.720315 0.378343 0.690900 0.362153 0.749729 0.378343 0.690900 0.453251 0.749483 0.533229 0.730714 0.362153 0.749729 0.450463 0.774511 0.523011 0.739352
195 0.301155 0.806799 0.370595 0.718689 0.378414 0.691814 0.362775 0.745563 0.378414 0.691814 0.453255 0.750129 0.530440 0.729968 0.362775 0.745563 0.450308 0.774959 0.522878 0.738875
196 0.296683 0.808191 0.370791 0.716964 0.378290 0.691817 0.363292 0.742111 0.378290 0.691817 0.452950 0.750209 0.524029 0.723695 0.363292 0.742111 0.450134 0.775042 0.526667 0.742390
197 0.298026 0.807884 0.370916 0.716680 0.378424 0.692011 0.363409 0.741349 0.378424 0.692011 0.452958 0.750069 0.523849 0.724274 0.363409 0.741349 0.450012 0.775091 0.527638 0.743409
198 0.295662 0.804924 0.370959 0.714644 0.378470 0.692021 0.363447 0.737267 0.378470 0.692021 0.452969 0.750202 0.524186 0.724653 0.363447 0.737267 0.448577 0.774164 0.526697 0.740137
199 0.297409 0.805116 0.371530 0.715083 0.378762 0.692081 0.364297 0.738085 0.378762 0.692081 0.451773 0.750824 0.523163 0.724588 0.364297 0.738085 0.450731 0.772705 0.526864 0.740132
200 0.299391 0.807613 0.371361 0.718338 0.378764 0.692086 0.363959 0.744590 0.378764 0.692086 0.451857 0.750820 0.523906 0.724759 0.363959 0.744590 0.450656 0.772728 0.526942 0.740160
201 0.296018 0.807574 0.371644 0.716435 0.378726 0.691615 0.364562 0.741254 0.378726 0.691615 0.451876 0.750362 0.525425 0.724929 0.364562 0.741254 0.450542 0.773595 0.527562 0.742430
202 0.298769 0.807481 0.371759 0.716441 0.378894 0.691699 0.364624 0.741184 0.378894 0.691699 0.451975 0.750177 0.529373 0.727980 0.364624 0.741184 0.449909 0.773670 0.525952 0.741139
203 0.297982 0.805663 0.371687 0.715981 0.379133 0.692675 0.364241 0.739286 0.379133 0.692675 0.452101 0.750525 0.528897 0.727380 0.364241 0.739286 0.449122 0.772725 0.525861 0.740991
204 0.301126 0.805775 0.371815 0.715605 0.379369 0.692701 0.364261 0.738508 0.379369 0.692701 0.452207 0.750520 0.528844 0.727337 0.364261 0.738508 0.448222 0.773730 0.523973 0.739039
205 0.298881 0.804074 0.371394 0.715444 0.379376 0.692756 0.363412 0.738131 0.379376 0.692756 0.452243 0.750566 0.527685 0.727400 0.363412 0.738131 0.447318 0.773083 0.519123 0.733703
206 0.301191 0.804849 0.372009 0.715463 0.379710 0.692766 0.364308 0.738161 0.379710 0.692766 0.452253 0.750579 0.523422 0.724209 0.364308 0.738161 0.449348 0.771829 0.523906 0.734983
207 0.301774 0.805881 0.372101 0.715400 0.379637 0.692568 0.364564 0.738232 0.379637 0.692568 0.452232 0.750521 0.523821 0.724108 0.364564 0.738232 0.449828 0.768757 0.525619 0.735792
208 0.303014 0.807177 0.372093 0.719484 0.379602 0.691590 0.364583 0.747377 0.379602 0.691590 0.451330 0.750642 0.521629 0.722789 0.364583 0.747377 0.449743 0.772326 0.526921 0.742579
209 0.303651 0.806998 0.372060 0.719468 0.379558 0.690815 0.364563 0.748122 0.379558 0.690815 0.450824 0.751172 0.522169 0.722701 0.364563 0.748122 0.450661 0.771938 0.526790 0.742550
210 0.302560 0.806988 0.371890 0.718864 0.379556 0.691631 0.364224 0.746098 0.379556 0.691631 0.450893 0.751452 0.522330 0.722730 0.364224 0.746098 0.450152 0.773202 0.526290 0.743072
211 0.303109 0.807364 0.372446 0.718399 0.379545 0.691402 0.365348 0.745396 0.379545 0.691402 0.450940 0.750138 0.524361 0.722834 0.365348 0.745396 0.449316 0.775263 0.526273 0.743782
212 0.302982 0.807492 0.372322 0.718126 0.379330 0.692037 0.365313 0.744215 0.379330 0.692037 0.451068 0.750171 0.524970 0.723165 0.365313 0.744215 0.448587 0.775456 0.525723 0.744148
213 0.299880 0.804294 0.372489 0.716334 0.379687 0.692734 0.365291 0.739934 0.379687 0.692734 0.451094 0.750735 0.523767 0.721242 0.365291 0.739934 0.448221 0.775444 0.526814 0.744095
214 0.301469 0.805088 0.372542 0.716143 0.379688 0.692545 0.365396 0.739740 0.379688 0.692545 0.451707 0.750627 0.524458 0.720462 0.365396 0.739740 0.448454 0.775805 0.526915 0.744569
215 0.302006 0.807037 0.372538 0.716414 0.379686 0.692451 0.365390 0.740378 0.379686 0.692451 0.451522 0.751201 0.523879 0.720879 0.365390 0.740378 0.448365 0.775691 0.524427 0.740924
