1,1,72,58,132,170
2,1,72,58,132,170
0 -1 -1 -1 -1 -1 -1 -1 -1 -1 -1 -1 -1 -1 -1 -1 -1 -1 -1 -1 -1
1 0.312625 0.349961 0.312665 0.462565 0.333693 0.462613 0.291638 0.462516 0.333693 0.462613 0.349093 0.514410 0.355212 0.631469 0.291638 0.462516 0.289242 0.489694 0.293894 0.598685
2 0.312614 0.349965 0.312744 0.463235 0.333826 0.462783 0.291663 0.463688 0.333826 0.462783 0.349269 0.521321 0.355194 0.631522 0.291663 0.463688 0.289265 0.496340 0.293350 0.599115
3 0.312533 0.349969 0.312871 0.463404 0.333876 0.462763 0.291867 0.464045 0.333876 0.462763 0.349192 0.521916 0.355219 0.631235 0.291867 0.464045 0.289411 0.499527 0.292914 0.600290
4 0.312365 0.349908 0.313139 0.463294 0.333966 0.462542 0.292312 0.464045 0.333966 0.462542 0.349169 0.522313 0.355218 0.630489 0.292312 0.464045 0.289425 0.499615 0.292830 0.600681
5 0.312208 0.350075 0.313211 0.463272 0.333966 0.462475 0.292456 0.464070 0.333966 0.462475 0.349194 0.522832 0.355071 0.629173 0.292456 0.464070 0.289424 0.499677 0.292689 0.600649
6 0.312095 0.350169 0.313281 0.463232 0.333968 0.462387 0.292595 0.464078 0.333968 0.462387 0.349211 0.522485 0.354991 0.628122 0.292595 0.464078 0.289451 0.499173 0.292562 0.600637
7 0.312085 0.350471 0.313375 0.463224 0.334024 0.462370 0.292726 0.464078 0.334024 0.462370 0.349097 0.522079 0.354942 0.627876 0.292726 0.464078 0.289441 0.498962 0.292349 0.600944
8 0.312101 0.350616 0.313481 0.463197 0.334103 0.462341 0.292858 0.464052 0.334103 0.462341 0.348825 0.521871 0.354915 0.627968 0.292858 0.464052 0.289422 0.498706 0.292059 0.601403
9 0.312147 0.350720 0.313674 0.463188 0.334260 0.462334 0.293088 0.464043 0.334260 0.462334 0.348602 0.520315 0.354912 0.627921 0.293088 0.464043 0.289685 0.496976 0.292051 0.601448
10 0.312179 0.350832 0.313808 0.463179 0.334354 0.462318 0.293263 0.464040 0.334354 0.462318 0.348402 0.516361 0.354905 0.627954 0.293263 0.464040 0.290050 0.496654 0.292058 0.601462
11 0.312215 0.350959 0.313952 0.463182 0.334458 0.462311 0.293446 0.464053 0.334458 0.462311 0.348682 0.518826 0.354910 0.627839 0.293446 0.464053 0.290303 0.496634 0.292039 0.601030
12 0.312206 0.351075 0.313949 0.463047 0.334442 0.462085 0.293456 0.464009 0.334442 0.462085 0.348247 0.519124 0.354952 0.627865 0.293456 0.464009 0.290594 0.496618 0.291995 0.601513
13 0.312182 0.351123 0.313942 0.463015 0.334421 0.461992 0.293462 0.464037 0.334421 0.461992 0.348050 0.520549 0.355010 0.628050 0.293462 0.464037 0.291520 0.498381 0.291943 0.601052
14 0.312155 0.351210 0.313951 0.463000 0.334422 0.461951 0.293481 0.464050 0.334422 0.461951 0.348011 0.521970 0.355006 0.628099 0.293481 0.464050 0.291962 0.498916 0.291989 0.600925
15 0.312133 0.351302 0.313965 0.463120 0.334451 0.461966 0.293480 0.464274 0.334451 0.461966 0.347430 0.521880 0.354985 0.628115 0.293480 0.464274 0.292094 0.499624 0.292521 0.601405
16 0.312130 0.351362 0.313979 0.463218 0.334469 0.461965 0.293489 0.464471 0.334469 0.461965 0.347153 0.521883 0.354844 0.628351 0.293489 0.464471 0.292148 0.504411 0.293147 0.602653
17 0.312101 0.351372 0.314067 0.463231 0.334639 0.461963 0.293495 0.464499 0.334639 0.461963 0.347032 0.520178 0.354278 0.628006 0.293495 0.464499 0.292834 0.503521 0.294827 0.603250
18 0.311978 0.351347 0.314064 0.463489 0.334648 0.462143 0.293480 0.464836 0.334648 0.462143 0.347374 0.516570 0.352461 0.624690 0.293480 0.464836 0.293691 0.503092 0.298134 0.603738
19 0.311684 0.351228 0.313534 0.463145 0.334257 0.461730 0.292811 0.464560 0.334257 0.461730 0.346705 0.501454 0.350690 0.621216 0.292811 0.464560 0.294376 0.498064 0.300356 0.602227
20 0.311300 0.350857 0.313021 0.461391 0.333637 0.459923 0.292404 0.462858 0.333637 0.459923 0.346537 0.505793 0.349645 0.620252 0.292404 0.462858 0.295418 0.498045 0.303410 0.600335
21 0.310929 0.350430 0.312963 0.460213 0.333323 0.458725 0.292603 0.461702 0.333323 0.458725 0.346536 0.516985 0.348334 0.620808 0.292603 0.461702 0.296343 0.503993 0.306463 0.599266
22 0.310740 0.349816 0.312969 0.460080 0.333126 0.458575 0.292811 0.461586 0.333126 0.458575 0.344992 0.517741 0.347778 0.619495 0.292811 0.461586 0.298095 0.506724 0.308715 0.594270
23 0.310643 0.349241 0.313140 0.459291 0.333107 0.457717 0.293174 0.460865 0.333107 0.457717 0.345104 0.518771 0.347672 0.612055 0.293174 0.460865 0.300778 0.505809 0.310928 0.590048
24 0.310618 0.348100 0.312981 0.458876 0.332784 0.457664 0.293178 0.460088 0.332784 0.457664 0.345365 0.523946 0.343536 0.607671 0.293178 0.460088 0.301212 0.503013 0.311948 0.584788
25 0.310603 0.347055 0.313037 0.457257 0.332800 0.456061 0.293273 0.458452 0.332800 0.456061 0.345469 0.523079 0.344629 0.581245 0.293273 0.458452 0.301246 0.492894 0.312710 0.581726
26 0.310703 0.346593 0.313410 0.456917 0.333153 0.455816 0.293667 0.458019 0.333153 0.455816 0.345656 0.522731 0.345224 0.571539 0.293667 0.458019 0.301542 0.488631 0.313573 0.580665
27 0.310931 0.346221 0.313534 0.454824 0.333297 0.454044 0.293770 0.455604 0.333297 0.454044 0.345673 0.516012 0.345612 0.570808 0.293770 0.455604 0.301095 0.485757 0.314618 0.578589
28 0.311145 0.346235 0.313531 0.454009 0.333302 0.453190 0.293760 0.454828 0.333302 0.453190 0.345851 0.515955 0.345795 0.570571 0.293760 0.454828 0.300799 0.487705 0.315009 0.577497
29 0.311315 0.346302 0.313602 0.453525 0.333439 0.452563 0.293764 0.454488 0.333439 0.452563 0.345758 0.517839 0.345961 0.566987 0.293764 0.454488 0.300621 0.487461 0.315194 0.576966
30 0.311649 0.346402 0.313517 0.453726 0.333340 0.452851 0.293694 0.454601 0.333340 0.452851 0.345758 0.523745 0.345656 0.568688 0.293694 0.454601 0.301102 0.488910 0.315191 0.577990
31 0.312119 0.346907 0.313135 0.453792 0.332787 0.452916 0.293482 0.454668 0.332787 0.452916 0.345776 0.529433 0.342258 0.573182 0.293482 0.454668 0.301432 0.495438 0.315182 0.578817
32 0.313393 0.348672 0.313140 0.453971 0.332771 0.453114 0.293509 0.454827 0.332771 0.453114 0.345213 0.533307 0.342856 0.601121 0.293509 0.454827 0.301880 0.505113 0.316040 0.579776
33 0.314731 0.352129 0.313175 0.454075 0.332803 0.453153 0.293547 0.454998 0.332803 0.453153 0.344918 0.536137 0.343186 0.615494 0.293547 0.454998 0.307620 0.532075 0.316642 0.584584
34 0.315722 0.358623 0.313374 0.454189 0.333032 0.453287 0.293715 0.455092 0.333032 0.453287 0.344830 0.542005 0.344911 0.623341 0.293715 0.455092 0.308496 0.535195 0.316657 0.587992
35 0.316391 0.363931 0.313875 0.453823 0.333234 0.452747 0.294515 0.454899 0.333234 0.452747 0.343921 0.538748 0.345333 0.627119 0.294515 0.454899 0.310615 0.538835 0.317460 0.589381
36 0.317147 0.367896 0.314536 0.452522 0.333586 0.450158 0.295487 0.454886 0.333586 0.450158 0.342632 0.541101 0.345366 0.627505 0.295487 0.454886 0.310277 0.542115 0.317688 0.589992
37 0.317522 0.369203 0.314885 0.452245 0.333828 0.449592 0.295941 0.454897 0.333828 0.449592 0.342666 0.538892 0.345047 0.627218 0.295941 0.454897 0.310137 0.539562 0.318051 0.590373
38 0.317938 0.369638 0.315048 0.450122 0.333910 0.447815 0.296185 0.452429 0.333910 0.447815 0.342527 0.538629 0.344994 0.627474 0.296185 0.452429 0.309907 0.538101 0.318123 0.590200
39 0.318177 0.368778 0.315441 0.442428 0.334546 0.441048 0.296337 0.443808 0.334546 0.441048 0.342610 0.526515 0.343718 0.623406 0.296337 0.443808 0.309523 0.534098 0.317979 0.589834
40 0.318521 0.368065 0.315521 0.431454 0.334747 0.430939 0.296295 0.431969 0.334747 0.430939 0.342671 0.521377 0.343341 0.621403 0.296295 0.431969 0.309267 0.529560 0.318003 0.589722
41 0.318751 0.367279 0.315504 0.425984 0.334744 0.425699 0.296265 0.426270 0.334744 0.425699 0.342725 0.519319 0.343407 0.621018 0.296265 0.426270 0.309518 0.522815 0.317808 0.589392
42 0.318973 0.364077 0.315694 0.420837 0.334910 0.420190 0.296479 0.421484 0.334910 0.420190 0.342710 0.513804 0.343468 0.616509 0.296479 0.421484 0.309500 0.514139 0.317737 0.587148
43 0.319157 0.357406 0.316226 0.417813 0.335678 0.416481 0.296775 0.419144 0.335678 0.416481 0.342728 0.510813 0.344165 0.611452 0.296775 0.419144 0.309404 0.508579 0.317681 0.586951
44 0.319302 0.348699 0.316705 0.414022 0.336437 0.413470 0.296973 0.414575 0.336437 0.413470 0.342745 0.509531 0.344171 0.607994 0.296973 0.414575 0.309146 0.505571 0.317639 0.587062
45 0.319165 0.336816 0.316660 0.407353 0.336429 0.406717 0.296891 0.407989 0.336429 0.406717 0.342518 0.505501 0.344157 0.605914 0.296891 0.407989 0.308270 0.504078 0.317604 0.587049
46 0.319073 0.327001 0.316563 0.402871 0.336378 0.401522 0.296748 0.404220 0.336378 0.401522 0.342504 0.505711 0.344085 0.604324 0.296748 0.404220 0.307878 0.502756 0.317585 0.586463
47 0.319153 0.317015 0.317427 0.401761 0.337974 0.400642 0.296880 0.402879 0.337974 0.400642 0.342807 0.506361 0.344217 0.605024 0.296880 0.402879 0.307860 0.502501 0.317494 0.586000
48 0.319497 0.304627 0.318902 0.400917 0.340315 0.400181 0.297489 0.401654 0.340315 0.400181 0.342942 0.504385 0.347026 0.605626 0.297489 0.401654 0.308304 0.499746 0.317485 0.585255
49 0.319965 0.291538 0.320428 0.395736 0.342430 0.395202 0.298426 0.396271 0.342430 0.395202 0.343193 0.503680 0.346921 0.605933 0.298426 0.396271 0.308787 0.499303 0.317039 0.584032
50 0.320563 0.278853 0.321782 0.390160 0.343901 0.389403 0.299663 0.390916 0.343901 0.389403 0.343351 0.502634 0.349501 0.608612 0.299663 0.390916 0.308828 0.498037 0.315891 0.581961
51 0.321183 0.264144 0.322639 0.390756 0.344971 0.390679 0.300308 0.390833 0.344971 0.390679 0.343393 0.502763 0.349348 0.619308 0.300308 0.390833 0.308824 0.496173 0.315467 0.579273
52 0.323798 0.252474 0.324256 0.389993 0.346117 0.391013 0.302395 0.388972 0.346117 0.391013 0.342853 0.504019 0.349015 0.625160 0.302395 0.388972 0.308845 0.496685 0.315476 0.575928
53 0.327220 0.241464 0.325785 0.387486 0.348181 0.389162 0.303388 0.385810 0.348181 0.389162 0.343438 0.504757 0.348896 0.629493 0.303388 0.385810 0.308786 0.494667 0.315442 0.572294
54 0.330989 0.231761 0.326380 0.384008 0.349250 0.385749 0.303510 0.382267 0.349250 0.385749 0.344593 0.506020 0.349057 0.636433 0.303510 0.382267 0.308846 0.496127 0.315452 0.573943
55 0.334615 0.223141 0.327243 0.380668 0.350425 0.383330 0.304060 0.378006 0.350425 0.383330 0.345136 0.507336 0.349488 0.639762 0.304060 0.378006 0.308493 0.497057 0.315421 0.574776
56 0.338538 0.216591 0.328350 0.378870 0.352080 0.382436 0.304621 0.375303 0.352080 0.382436 0.346088 0.507562 0.349739 0.641453 0.304621 0.375303 0.308530 0.495534 0.315433 0.575509
57 0.341701 0.214026 0.329387 0.379524 0.353646 0.383633 0.305127 0.375416 0.353646 0.383633 0.347022 0.507651 0.349816 0.641503 0.305127 0.375416 0.308520 0.494806 0.315439 0.577386
58 0.343812 0.212491 0.330646 0.381773 0.355194 0.385014 0.306098 0.378533 0.355194 0.385014 0.348687 0.510743 0.349767 0.642034 0.306098 0.378533 0.308001 0.494678 0.315176 0.578735
59 0.345593 0.214838 0.331968 0.384984 0.356883 0.389409 0.307052 0.380559 0.356883 0.389409 0.350212 0.518037 0.349727 0.643374 0.307052 0.380559 0.306829 0.496459 0.314664 0.579306
60 0.347364 0.217056 0.333292 0.389867 0.358181 0.396367 0.308403 0.383367 0.358181 0.396367 0.350903 0.525112 0.349676 0.643337 0.308403 0.383367 0.306254 0.505318 0.314521 0.585356
61 0.349374 0.219556 0.335541 0.396150 0.360711 0.402916 0.310371 0.389383 0.360711 0.402916 0.353242 0.526980 0.349607 0.642342 0.310371 0.389383 0.304675 0.513544 0.314544 0.587776
62 0.350503 0.220414 0.337173 0.401268 0.362283 0.407581 0.312063 0.394955 0.362283 0.407581 0.355391 0.530913 0.349552 0.641456 0.312063 0.394955 0.303672 0.518102 0.315441 0.594549
63 0.351340 0.220255 0.337767 0.404151 0.363072 0.409636 0.312463 0.398666 0.363072 0.409636 0.356454 0.536160 0.349638 0.640730 0.312463 0.398666 0.303197 0.520934 0.315744 0.613430
64 0.351791 0.218343 0.337829 0.406132 0.363243 0.410864 0.312415 0.401401 0.363243 0.410864 0.356005 0.540763 0.349639 0.642418 0.312415 0.401401 0.302125 0.525348 0.315469 0.632745
65 0.351868 0.216405 0.337839 0.407646 0.363489 0.411971 0.312190 0.403321 0.363489 0.411971 0.355565 0.545181 0.349665 0.649350 0.312190 0.403321 0.302028 0.533434 0.313707 0.651657
66 0.351628 0.215560 0.338194 0.411456 0.364113 0.415205 0.312275 0.407708 0.364113 0.415205 0.355665 0.548175 0.349682 0.650139 0.312275 0.407708 0.302236 0.547587 0.308849 0.677620
67 0.351286 0.216103 0.339079 0.414630 0.364880 0.417618 0.313278 0.411641 0.364880 0.417618 0.356159 0.545817 0.349873 0.648762 0.313278 0.411641 0.304175 0.553358 0.305595 0.691159
68 0.350903 0.217518 0.340598 0.420495 0.366388 0.422981 0.314808 0.418010 0.366388 0.422981 0.356676 0.545644 0.349863 0.647271 0.314808 0.418010 0.306582 0.560133 0.304477 0.700776
69 0.350211 0.220991 0.341627 0.427142 0.367655 0.429249 0.315600 0.425034 0.367655 0.429249 0.356800 0.547569 0.349856 0.646586 0.315600 0.425034 0.307735 0.567834 0.304568 0.713866
70 0.348582 0.227542 0.341646 0.431037 0.367938 0.432344 0.315354 0.429731 0.367938 0.432344 0.357724 0.549721 0.349828 0.646191 0.315354 0.429731 0.309151 0.572509 0.305281 0.716631
71 0.346758 0.233679 0.341344 0.435621 0.367564 0.436666 0.315124 0.434576 0.367564 0.436666 0.357925 0.554852 0.349075 0.646236 0.315124 0.434576 0.310650 0.582250 0.306956 0.727934
72 0.344353 0.237260 0.341117 0.439431 0.367249 0.439758 0.314985 0.439104 0.367249 0.439758 0.357790 0.560367 0.349040 0.645798 0.314985 0.439104 0.312475 0.585240 0.313389 0.731934
73 0.341444 0.239600 0.340252 0.440134 0.366554 0.440556 0.313950 0.439712 0.366554 0.440556 0.357899 0.558125 0.349019 0.645143 0.313950 0.439712 0.314548 0.582553 0.318658 0.733727
74 0.338518 0.240796 0.339578 0.439919 0.365959 0.440118 0.313196 0.439720 0.365959 0.440118 0.357554 0.561164 0.348199 0.647014 0.313196 0.439720 0.315371 0.585110 0.321686 0.736694
75 0.335875 0.242258 0.338881 0.444192 0.365879 0.444441 0.311882 0.443944 0.365879 0.444441 0.357498 0.569642 0.347788 0.650246 0.311882 0.443944 0.315407 0.593139 0.322232 0.738080
76 0.333161 0.243432 0.338066 0.449734 0.365683 0.449825 0.310448 0.449642 0.365683 0.449825 0.357971 0.589130 0.347797 0.651720 0.310448 0.449642 0.315256 0.607986 0.322738 0.745457
77 0.330873 0.244839 0.336411 0.453868 0.364306 0.453840 0.308515 0.453896 0.364306 0.453840 0.360115 0.588190 0.349160 0.650024 0.308515 0.453896 0.315735 0.615043 0.323006 0.750130
78 0.329077 0.245293 0.334192 0.454020 0.361743 0.453383 0.306641 0.454658 0.361743 0.453383 0.363024 0.585846 0.352864 0.643758 0.306641 0.454658 0.315559 0.614908 0.323146 0.749851
79 0.327863 0.245131 0.332731 0.455556 0.360577 0.454864 0.304885 0.456248 0.360577 0.454864 0.364167 0.588461 0.356031 0.643467 0.304885 0.456248 0.313553 0.616287 0.323297 0.753161
80 0.327337 0.244456 0.331705 0.455402 0.359902 0.454973 0.303508 0.455832 0.359902 0.454973 0.364716 0.596780 0.357633 0.657948 0.303508 0.455832 0.311390 0.618139 0.323304 0.752886
81 0.326657 0.244245 0.330840 0.456933 0.359382 0.456754 0.302298 0.457111 0.359382 0.456754 0.364356 0.609468 0.357767 0.685198 0.302298 0.457111 0.310230 0.621023 0.323195 0.750137
82 0.326487 0.244102 0.330112 0.462676 0.358981 0.463410 0.301244 0.461941 0.358981 0.463410 0.364185 0.625355 0.357262 0.722501 0.301244 0.461941 0.309651 0.625503 0.323767 0.754801
83 0.326212 0.244495 0.328580 0.469103 0.358238 0.469604 0.298922 0.468602 0.358238 0.469604 0.363217 0.639385 0.356907 0.760154 0.298922 0.468602 0.309041 0.632589 0.323782 0.755153
84 0.326041 0.247157 0.327387 0.474171 0.357604 0.475300 0.297170 0.473042 0.357604 0.475300 0.360877 0.643665 0.356581 0.777720 0.297170 0.473042 0.307888 0.631638 0.324984 0.753976
85 0.326337 0.251281 0.326042 0.479803 0.356679 0.481786 0.295405 0.477820 0.356679 0.481786 0.357891 0.654065 0.356179 0.793605 0.295405 0.477820 0.305916 0.634285 0.327180 0.759976
86 0.326710 0.256014 0.325767 0.487563 0.356396 0.489688 0.295137 0.485438 0.356396 0.489688 0.352431 0.665494 0.354763 0.816338 0.295137 0.485438 0.305166 0.640543 0.330650 0.778723
87 0.327293 0.259057 0.326053 0.488866 0.356507 0.491720 0.295598 0.486012 0.356507 0.491720 0.348017 0.662800 0.349228 0.810580 0.295598 0.486012 0.304946 0.638652 0.334275 0.778388
88 0.328033 0.263818 0.325895 0.492083 0.356572 0.494952 0.295218 0.489214 0.356572 0.494952 0.345889 0.665652 0.345880 0.819894 0.295218 0.489214 0.304762 0.645547 0.334005 0.779251
89 0.328826 0.269054 0.325495 0.497644 0.356525 0.500665 0.294465 0.494624 0.356525 0.500665 0.344597 0.675521 0.341060 0.836743 0.294465 0.494624 0.304865 0.660329 0.333420 0.786002
90 0.329387 0.273560 0.325407 0.504239 0.356564 0.506551 0.294250 0.501928 0.356564 0.506551 0.345725 0.682420 0.335469 0.848286 0.294250 0.501928 0.305535 0.678651 0.331586 0.780587
91 0.330087 0.277986 0.325253 0.515273 0.356586 0.518229 0.293921 0.512317 0.356586 0.518229 0.346429 0.695325 0.332265 0.861576 0.293921 0.512317 0.305636 0.691842 0.326658 0.785018
92 0.330805 0.280896 0.325232 0.520817 0.356612 0.523287 0.293852 0.518347 0.356612 0.523287 0.346362 0.699380 0.332955 0.860973 0.293852 0.518347 0.305571 0.693147 0.323651 0.791208
93 0.331489 0.283912 0.325027 0.525348 0.356636 0.527293 0.293419 0.523403 0.356636 0.527293 0.346743 0.705673 0.333509 0.867369 0.293419 0.523403 0.303005 0.695329 0.321477 0.794427
94 0.332490 0.286295 0.324557 0.531507 0.356651 0.532882 0.292463 0.530132 0.356651 0.532882 0.346307 0.718420 0.333804 0.875303 0.292463 0.530132 0.299700 0.711497 0.324634 0.809200
95 0.332929 0.286840 0.324017 0.534463 0.356495 0.536940 0.291538 0.531987 0.356495 0.536940 0.346542 0.722606 0.333672 0.874349 0.291538 0.531987 0.294452 0.715565 0.320502 0.812568
96 0.333544 0.285004 0.323081 0.537084 0.356302 0.538913 0.289860 0.535254 0.356302 0.538913 0.346684 0.727621 0.333256 0.874734 0.289860 0.535254 0.291482 0.723753 0.310965 0.814104
97 0.333596 0.283812 0.323097 0.534398 0.356206 0.535666 0.289989 0.533131 0.356206 0.535666 0.346802 0.724943 0.333535 0.875091 0.289989 0.533131 0.289804 0.722354 0.306422 0.833401
98 0.333415 0.283315 0.323264 0.531406 0.356366 0.532485 0.290162 0.530328 0.356366 0.532485 0.346931 0.722384 0.333783 0.873482 0.290162 0.530328 0.289264 0.718040 0.303884 0.837969
99 0.333106 0.283687 0.323167 0.532910 0.356467 0.533700 0.289868 0.532120 0.356467 0.533700 0.347019 0.730696 0.335157 0.877415 0.289868 0.532120 0.288686 0.725802 0.299566 0.869336
100 0.331725 0.285601 0.321663 0.540440 0.356036 0.540871 0.287291 0.540009 0.356036 0.540871 0.346673 0.741437 0.335448 0.882833 0.287291 0.540009 0.286980 0.742311 0.295102 0.893922
101 0.329668 0.288955 0.320445 0.556056 0.355554 0.556970 0.285337 0.555143 0.355554 0.556970 0.345491 0.750853 0.335506 0.879330 0.285337 0.555143 0.286233 0.760750 0.298020 0.928169
102 0.327151 0.293198 0.320087 0.564807 0.355450 0.565576 0.284725 0.564038 0.355450 0.565576 0.344995 0.755234 0.335550 0.880789 0.284725 0.564038 0.286787 0.765339 0.297992 0.932121
103 0.323472 0.297126 0.319435 0.570839 0.355435 0.571235 0.283436 0.570442 0.355435 0.571235 0.344385 0.760021 0.335585 0.880806 0.283436 0.570442 0.285036 0.772437 0.287153 0.917753
104 0.319431 0.301709 0.319041 0.577291 0.355633 0.576566 0.282450 0.578015 0.355633 0.576566 0.344418 0.766568 0.335828 0.880211 0.282450 0.578015 0.281216 0.781131 0.282543 0.944565
105 0.315424 0.307747 0.318072 0.586293 0.355638 0.585144 0.280506 0.587443 0.355638 0.585144 0.344442 0.771639 0.335979 0.880492 0.280506 0.587443 0.277856 0.786516 0.282417 0.946163
106 0.311788 0.311844 0.316729 0.590965 0.355146 0.589590 0.278312 0.592341 0.355146 0.589590 0.345254 0.773592 0.336140 0.879372 0.278312 0.592341 0.275352 0.791093 0.272986 0.939637
107 0.307161 0.315507 0.315097 0.594097 0.353666 0.591989 0.276529 0.596204 0.353666 0.591989 0.345586 0.773301 0.336163 0.879036 0.276529 0.596204 0.272206 0.796782 0.277443 0.943428
108 0.302655 0.319259 0.312532 0.602102 0.351778 0.600119 0.273287 0.604085 0.351778 0.600119 0.346150 0.777508 0.336181 0.877139 0.273287 0.604085 0.269714 0.805215 0.270836 0.944429
109 0.298090 0.322663 0.309692 0.607745 0.349022 0.606179 0.270361 0.609312 0.349022 0.606179 0.346072 0.784775 0.335354 0.871189 0.270361 0.609312 0.266050 0.811482 0.266820 0.950301
110 0.293497 0.325466 0.306422 0.615555 0.346318 0.613939 0.266527 0.617171 0.346318 0.613939 0.345775 0.803990 0.332272 0.869610 0.266527 0.617171 0.260454 0.825878 0.265477 0.966540
111 0.289382 0.328961 0.301936 0.624128 0.341771 0.622335 0.262100 0.625921 0.341771 0.622335 0.348154 0.816060 0.326594 0.869626 0.262100 0.625921 0.256315 0.840186 0.264022 0.979477
112 0.285601 0.331524 0.299961 0.629333 0.339820 0.627577 0.260103 0.631090 0.339820 0.627577 0.353028 0.828880 0.318399 0.871184 0.260103 0.631090 0.252843 0.842184 0.262634 0.976508
113 0.283753 0.331467 0.298518 0.628673 0.338753 0.627657 0.258284 0.629690 0.338753 0.627657 0.353164 0.849128 0.307991 0.892192 0.258284 0.629690 0.252370 0.856259 0.265066 0.971509
114 0.281340 0.330478 0.296791 0.632763 0.337410 0.631404 0.256171 0.634122 0.337410 0.631404 0.353219 0.858677 0.296395 0.931567 0.256171 0.634122 0.254223 0.868580 0.266369 0.970215
115 0.280293 0.330176 0.293758 0.638730 0.335425 0.636789 0.252091 0.640670 0.335425 0.636789 0.352995 0.869613 0.293760 0.962160 0.252091 0.640670 0.255749 0.883613 0.267140 0.987534
116 0.280386 0.330849 0.292979 0.646646 0.334863 0.645193 0.251095 0.648099 0.334863 0.645193 0.352180 0.879998 0.291210 1.004544 0.251095 0.648099 0.256867 0.900253 0.267906 1.031985
117 0.280748 0.333287 0.292150 0.655472 0.334632 0.654556 0.249669 0.656387 0.334632 0.654556 0.348551 0.895156 0.294829 1.052583 0.249669 0.656387 0.257463 0.918496 0.260242 1.094613
118 0.281458 0.336066 0.290928 0.663539 0.333256 0.662804 0.248600 0.664273 0.333256 0.662804 0.343495 0.916293 0.314432 1.113424 0.248600 0.664273 0.258704 0.940725 0.259377 1.120232
119 0.282269 0.338855 0.289236 0.669217 0.331537 0.667648 0.246936 0.670786 0.331537 0.667648 0.337478 0.928170 0.335433 1.127282 0.246936 0.670786 0.258776 0.943350 0.260858 1.127653
120 0.283431 0.342512 0.288494 0.672214 0.330221 0.669658 0.246768 0.674770 0.330221 0.669658 0.332210 0.929713 0.342541 1.132706 0.246768 0.674770 0.259128 0.940843 0.263930 1.130190
121 0.286049 0.345436 0.288680 0.679115 0.330826 0.677118 0.246535 0.681113 0.330826 0.677118 0.327043 0.942299 0.340221 1.147428 0.246535 0.681113 0.259320 0.952774 0.264351 1.148872
122 0.290851 0.351367 0.288341 0.688300 0.330998 0.687196 0.245685 0.689404 0.330998 0.687196 0.326966 0.950178 0.339032 1.156105 0.245685 0.689404 0.259205 0.961811 0.263146 1.157519
123 0.298051 0.358230 0.288502 0.696126 0.331232 0.695991 0.245771 0.696260 0.331232 0.695991 0.328213 0.963275 0.337996 1.177370 0.245771 0.696260 0.259329 0.974954 0.261805 1.179385
124 -1 -1 -1 -1 -1 -1 -1 -1 -1 -1 -1 -1 -1 -1 -1 -1 -1 -1 -1 -1
125 -1 -1 -1 -1 -1 -1 -1 -1 -1 -1 -1 -1 -1 -1 -1 -1 -1 -1 -1 -1
126 -1 -1 -1 -1 -1 -1 -1 -1 -1 -1 -1 -1 -1 -1 -1 -1 -1 -1 -1 -1
127 -1 -1 -1 -1 -1 -1 -1 -1 -1 -1 -1 -1 -1 -1 -1 -1 -1 -1 -1 -1
128 -1 -1 -1 -1 -1 -1 -1 -1 -1 -1 -1 -1 -1 -1 -1 -1 -1 -1 -1 -1
129 -1 -1 -1 -1 -1 -1 -1 -1 -1 -1 -1 -1 -1 -1 -1 -1 -1 -1 -1 -1
130 -1 -1 -1 -1 -1 -1 -1 -1 -1 -1 -1 -1 -1 -1 -1 -1 -1 -1 -1 -1
131 -1 -1 -1 -1 -1 -1 -1 -1 -1 -1 -1 -1 -1 -1 -1 -1 -1 -1 -1 -1
132 -1 -1 -1 -1 -1 -1 -1 -1 -1 -1 -1 -1 -1 -1 -1 -1 -1 -1 -1 -1
133 -1 -1 -1 -1 -1 -1 -1 -1 -1 -1 -1 -1 -1 -1 -1 -1 -1 -1 -1 -1
134 -1 -1 -1 -1 -1 -1 -1 -1 -1 -1 -1 -1 -1 -1 -1 -1 -1 -1 -1 -1
135 -1 -1 -1 -1 -1 -1 -1 -1 -1 -1 -1 -1 -1 -1 -1 -1 -1 -1 -1 -1
136 -1 -1 -1 -1 -1 -1 -1 -1 -1 -1 -1 -1 -1 -1 -1 -1 -1 -1 -1 -1
137 -1 -1 -1 -1 -1 -1 -1 -1 -1 -1 -1 -1 -1 -1 -1 -1 -1 -1 -1 -1
138 -1 -1 -1 -1 -1 -1 -1 -1 -1 -1 -1 -1 -1 -1 -1 -1 -1 -1 -1 -1
139 -1 -1 -1 -1 -1 -1 -1 -1 -1 -1 -1 -1 -1 -1 -1 -1 -1 -1 -1 -1
140 -1 -1 -1 -1 -1 -1 -1 -1 -1 -1 -1 -1 -1 -1 -1 -1 -1 -1 -1 -1
141 -1 -1 -1 -1 -1 -1 -1 -1 -1 -1 -1 -1 -1 -1 -1 -1 -1 -1 -1 -1
142 -1 -1 -1 -1 -1 -1 -1 -1 -1 -1 -1 -1 -1 -1 -1 -1 -1 -1 -1 -1
143 -1 -1 -1 -1 -1 -1 -1 -1 -1 -1 -1 -1 -1 -1 -1 -1 -1 -1 -1 -1
144 -1 -1 -1 -1 -1 -1 -1 -1 -1 -1 -1 -1 -1 -1 -1 -1 -1 -1 -1 -1
145 -1 -1 -1 -1 -1 -1 -1 -1 -1 -1 -1 -1 -1 -1 -1 -1 -1 -1 -1 -1
146 -1 -1 -1 -1 -1 -1 -1 -1 -1 -1 -1 -1 -1 -1 -1 -1 -1 -1 -1 -1
147 -1 -1 -1 -1 -1 -1 -1 -1 -1 -1 -1 -1 -1 -1 -1 -1 -1 -1 -1 -1
148 -1 -1 -1 -1 -1 -1 -1 -1 -1 -1 -1 -1 -1 -1 -1 -1 -1 -1 -1 -1
149 -1 -1 -1 -1 -1 -1 -1 -1 -1 -1 -1 -1 -1 -1 -1 -1 -1 -1 -1 -1
150 -1 -1 -1 -1 -1 -1 -1 -1 -1 -1 -1 -1 -1 -1 -1 -1 -1 -1 -1 -1
151 -1 -1 -1 -1 -1 -1 -1 -1 -1 -1 -1 -1 -1 -1 -1 -1 -1 -1 -1 -1
152 -1 -1 -1 -1 -1 -1 -1 -1 -1 -1 -1 -1 -1 -1 -1 -1 -1 -1 -1 -1
153 -1 -1 -1 -1 -1 -1 -1 -1 -1 -1 -1 -1 -1 -1 -1 -1 -1 -1 -1 -1
154 -1 -1 -1 -1 -1 -1 -1 -1 -1 -1 -1 -1 -1 -1 -1 -1 -1 -1 -1 -1
155 -1 -1 -1 -1 -1 -1 -1 -1 -1 -1 -1 -1 -1 -1 -1 -1 -1 -1 -1 -1
156 -1 -1 -1 -1 -1 -1 -1 -1 -1 -1 -1 -1 -1 -1 -1 -1 -1 -1 -1 -1
157 -1 -1 -1 -1 -1 -1 -1 -1 -1 -1 -1 -1 -1 -1 -1 -1 -1 -1 -1 -1
158 -1 -1 -1 -1 -1 -1 -1 -1 -1 -1 -1 -1 -1 -1 -1 -1 -1 -1 -1 -1
159 -1 -1 -1 -1 -1 -1 -1 -1 -1 -1 -1 -1 -1 -1 -1 -1 -1 -1 -1 -1
160 -1 -1 -1 -1 -1 -1 -1 -1 -1 -1 -1 -1 -1 -1 -1 -1 -1 -1 -1 -1
161 -1 -1 -1 -1 -1 -1 -1 -1 -1 -1 -1 -1 -1 -1 -1 -1 -1 -1 -1 -1
162 -1 -1 -1 -1 -1 -1 -1 -1 -1 -1 -1 -1 -1 -1 -1 -1 -1 -1 -1 -1
163 -1 -1 -1 -1 -1 -1 -1 -1 -1 -1 -1 -1 -1 -1 -1 -1 -1 -1 -1 -1
164 -1 -1 -1 -1 -1 -1 -1 -1 -1 -1 -1 -1 -1 -1 -1 -1 -1 -1 -1 -1
165 -1 -1 -1 -1 -1 -1 -1 -1 -1 -1 -1 -1 -1 -1 -1 -1 -1 -1 -1 -1
166 -1 -1 -1 -1 -1 -1 -1 -1 -1 -1 -1 -1 -1 -1 -1 -1 -1 -1 -1 -1
167 -1 -1 -1 -1 -1 -1 -1 -1 -1 -1 -1 -1 -1 -1 -1 -1 -1 -1 -1 -1
168 -1 -1 -1 -1 -1 -1 -1 -1 -1 -1 -1 -1 -1 -1 -1 -1 -1 -1 -1 -1
169 -1 -1 -1 -1 -1 -1 -1 -1 -1 -1 -1 -1 -1 -1 -1 -1 -1 -1 -1 -1
170 -1 -1 -1 -1 -1 -1 -1 -1 -1 -1 -1 -1 -1 -1 -1 -1 -1 -1 -1 -1
171 0.503354 0.343653 0.509182 0.652159 0.469930 0.649498 0.548434 0.654819 0.469930 0.649498 0.463174 0.839732 0.471567 1.003131 0.548434 0.654819 0.532349 0.859850 0.518467 1.017624
172 0.499086 0.336732 0.507255 0.641871 0.468574 0.640197 0.545935 0.643545 0.468574 0.640197 0.462002 0.829682 0.471428 0.997168 0.545935 0.643545 0.536530 0.842870 0.521757 0.998695
173 0.495939 0.330568 0.505364 0.633059 0.467628 0.631391 0.543100 0.634726 0.467628 0.631391 0.460673 0.825902 0.471198 0.998953 0.543100 0.634726 0.539697 0.833509 0.526909 1.026282
174 0.493090 0.324933 0.503455 0.623373 0.466956 0.621190 0.539955 0.625557 0.466956 0.621190 0.460564 0.814323 0.471018 0.997793 0.539955 0.625557 0.539627 0.828939 0.534089 1.032299
175 0.491780 0.321703 0.499971 0.614872 0.463621 0.611804 0.536320 0.617939 0.463621 0.611804 0.460561 0.805249 0.468730 0.994969 0.536320 0.617939 0.538827 0.821302 0.533151 1.001996
176 0.489664 0.319056 0.497693 0.613574 0.461081 0.611440 0.534304 0.615708 0.461081 0.611440 0.462860 0.812060 0.468729 0.997366 0.534304 0.615708 0.538207 0.825539 0.532759 1.009421
177 0.489098 0.317736 0.496039 0.617256 0.460024 0.615864 0.532054 0.618649 0.460024 0.615864 0.463559 0.816366 0.468681 1.002593 0.532054 0.618649 0.535775 0.833383 0.529493 1.014169
178 0.489113 0.315638 0.494358 0.614366 0.458780 0.613467 0.529936 0.615265 0.458780 0.613467 0.463411 0.816835 0.468834 1.006783 0.529936 0.615265 0.531471 0.835370 0.529049 1.016978
179 0.488986 0.313598 0.493260 0.608478 0.457784 0.608150 0.528737 0.608806 0.457784 0.608150 0.462069 0.820844 0.468807 1.008694 0.528737 0.608806 0.525738 0.830149 0.523103 1.012814
180 0.489160 0.311618 0.491841 0.600923 0.456632 0.599992 0.527049 0.601855 0.456632 0.599992 0.455173 0.820698 0.468059 1.008879 0.527049 0.601855 0.517194 0.815387 0.509388 0.998957
181 0.489345 0.309525 0.491389 0.590757 0.456214 0.588982 0.526563 0.592531 0.456214 0.588982 0.447800 0.801542 0.465198 0.991708 0.526563 0.592531 0.513251 0.780607 0.503689 0.961396
182 0.489941 0.306627 0.490223 0.581755 0.456216 0.579314 0.524230 0.584196 0.456216 0.579314 0.447498 0.778551 0.463407 0.960175 0.524230 0.584196 0.508558 0.759452 0.499352 0.929877
183 0.491659 0.304552 0.489416 0.581727 0.456319 0.578431 0.522514 0.585024 0.456319 0.578431 0.447367 0.780134 0.461615 0.968472 0.522514 0.585024 0.501868 0.766604 0.490925 0.938857
184 0.493559 0.303510 0.488903 0.580992 0.456353 0.576889 0.521453 0.585094 0.456353 0.576889 0.447658 0.780736 0.458899 0.970619 0.521453 0.585094 0.495637 0.768037 0.484791 0.944367
185 0.495511 0.302334 0.488994 0.581891 0.456432 0.577725 0.521557 0.586056 0.456432 0.577725 0.448177 0.782212 0.458634 0.975139 0.521557 0.586056 0.492532 0.762206 0.489795 0.953088
186 0.497500 0.301356 0.488410 0.581432 0.456483 0.576946 0.520337 0.585918 0.456483 0.576946 0.448501 0.780733 0.458815 0.976519 0.520337 0.585918 0.486937 0.756419 0.476827 0.935031
187 0.500823 0.300727 0.488197 0.579603 0.456959 0.573975 0.519435 0.585232 0.456959 0.573975 0.448560 0.777450 0.457606 0.976641 0.519435 0.585232 0.487339 0.754598 0.462775 0.930456
188 0.503814 0.300617 0.487497 0.576946 0.456869 0.570369 0.518125 0.583522 0.456869 0.570369 0.446407 0.768129 0.455391 0.965204 0.518125 0.583522 0.478714 0.746538 0.461075 0.928133
189 0.508063 0.300356 0.487068 0.565438 0.456757 0.556277 0.517378 0.574599 0.456757 0.556277 0.443715 0.732506 0.448202 0.923476 0.517378 0.574599 0.480838 0.712113 0.461434 0.867068
190 0.513550 0.300209 0.487590 0.550833 0.457479 0.540695 0.517702 0.560972 0.457479 0.540695 0.437446 0.711638 0.436397 0.891240 0.517702 0.560972 0.481366 0.705873 0.455208 0.870922
191 0.518661 0.301422 0.487991 0.548230 0.457499 0.537112 0.518483 0.559348 0.457499 0.537112 0.430959 0.695913 0.429304 0.864490 0.518483 0.559348 0.482622 0.703591 0.449800 0.869010
192 0.524106 0.301551 0.488334 0.541879 0.457726 0.530614 0.518942 0.553144 0.457726 0.530614 0.429815 0.684763 0.426374 0.849415 0.518942 0.553144 0.483750 0.698217 0.448786 0.860984
193 0.529778 0.300855 0.490216 0.541432 0.459337 0.529718 0.521095 0.553147 0.459337 0.529718 0.430231 0.672345 0.428837 0.838093 0.521095 0.553147 0.487055 0.692201 0.451108 0.847425
194 0.537193 0.299144 0.495360 0.531499 0.464512 0.519425 0.526208 0.543572 0.464512 0.519425 0.430958 0.660519 0.429587 0.837463 0.526208 0.543572 0.491720 0.683189 0.453410 0.834526
195 0.545171 0.298478 0.500401 0.526669 0.469768 0.513896 0.531033 0.539442 0.469768 0.513896 0.436079 0.652310 0.439485 0.822592 0.531033 0.539442 0.495037 0.679643 0.454311 0.833880
196 0.550651 0.301935 0.502807 0.527141 0.472677 0.515286 0.532937 0.538995 0.472677 0.515286 0.443090 0.650025 0.448944 0.813983 0.532937 0.538995 0.497329 0.680505 0.454587 0.838995
197 0.556253 0.315799 0.506114 0.528168 0.476053 0.515644 0.536175 0.540691 0.476053 0.515644 0.452758 0.656798 0.454169 0.815764 0.536175 0.540691 0.500976 0.681660 0.459019 0.835404
198 0.559960 0.336434 0.508285 0.530204 0.478930 0.519298 0.537640 0.541109 0.478930 0.519298 0.460628 0.657773 0.457353 0.812758 0.537640 0.541109 0.505778 0.683352 0.464179 0.832929
199 0.563603 0.367392 0.512240 0.536629 0.483786 0.524704 0.540695 0.548555 0.483786 0.524704 0.468336 0.661865 0.459606 0.812316 0.540695 0.548555 0.507132 0.686375 0.465037 0.826601
200 0.568802 0.393667 0.515518 0.553346 0.488322 0.542538 0.542715 0.564154 0.488322 0.542538 0.473060 0.665557 0.460810 0.814353 0.542715 0.564154 0.506701 0.693114 0.464982 0.833176
201 0.576730 0.420038 0.530687 0.541712 0.505656 0.529576 0.555717 0.553849 0.505656 0.529576 0.474621 0.665321 0.462613 0.812732 0.555717 0.553849 0.510164 0.693248 0.465773 0.827899
202 0.583636 0.447199 0.540221 0.541289 0.519857 0.528764 0.560585 0.553814 0.519857 0.528764 0.480980 0.665890 0.466231 0.815719 0.560585 0.553814 0.513384 0.693303 0.466316 0.829105
203 0.585576 0.465796 0.550050 0.541172 0.527150 0.528885 0.572950 0.553458 0.527150 0.528885 0.486782 0.666645 0.467673 0.816432 0.572950 0.553458 0.518940 0.691805 0.466879 0.828034
204 0.589894 0.484709 0.555977 0.552377 0.531328 0.538567 0.580625 0.566187 0.531328 0.538567 0.488776 0.667090 0.466841 0.817194 0.580625 0.566187 0.524205 0.693348 0.466786 0.827882
205 0.585855 0.534988 0.568226 0.564103 0.555062 0.554196 0.581389 0.574010 0.555062 0.554196 0.514181 0.681519 0.467177 0.817994 0.581389 0.574010 0.521604 0.698204 0.466727 0.825121
206 0.604621 0.528009 0.568552 0.607438 0.544009 0.593927 0.593094 0.620950 0.544009 0.593927 0.504514 0.701454 0.456928 0.815874 0.593094 0.620950 0.525160 0.734857 0.466537 0.835236
207 0.630952 0.534912 0.579772 0.622276 0.555875 0.603360 0.603668 0.641192 0.555875 0.603360 0.506242 0.712453 0.453961 0.816550 0.603668 0.641192 0.534917 0.745732 0.476156 0.855423
208 0.640647 0.548381 0.581853 0.648877 0.561476 0.628982 0.602229 0.668772 0.561476 0.628982 0.511911 0.725301 0.452566 0.816701 0.602229 0.668772 0.541510 0.763367 0.483530 0.864597
209 0.642986 0.561251 0.589809 0.670483 0.570434 0.652154 0.609184 0.688811 0.570434 0.652154 0.513716 0.733747 0.453710 0.822499 0.609184 0.688811 0.556167 0.792676 0.496490 0.888851
210 0.646336 0.571808 0.600136 0.680574 0.580262 0.664826 0.620010 0.696321 0.580262 0.664826 0.525334 0.746679 0.459197 0.830859 0.620010 0.696321 0.565117 0.796182 0.505343 0.894575
211 0.651749 0.583178 0.611556 0.687294 0.592366 0.669315 0.630746 0.705274 0.592366 0.669315 0.533134 0.754553 0.475026 0.841387 0.630746 0.705274 0.567458 0.798482 0.502029 0.881259
212 0.655898 0.594253 0.618661 0.692215 0.599499 0.674713 0.637824 0.709717 0.599499 0.674713 0.528531 0.749295 0.477529 0.843186 0.637824 0.709717 0.571732 0.797108 0.505153 0.875399
213 0.660651 0.621381 0.616921 0.704072 0.609787 0.696734 0.624055 0.711410 0.609787 0.696734 0.552737 0.750063 0.494021 0.842658 0.624055 0.711410 0.562422 0.783015 0.501705 0.858594
214 0.660576 0.634190 0.615957 0.711243 0.633192 0.723327 0.598721 0.699159 0.633192 0.723327 0.581702 0.771016 0.498270 0.845000 0.598721 0.699159 0.558602 0.731522 0.500553 0.822124
215 0.658180 0.641193 0.618311 0.706543 0.638407 0.720179 0.598215 0.692907 0.638407 0.720179 0.574312 0.779315 0.499180 0.842245 0.598215 0.692907 0.553674 0.728088 0.495744 0.798311
216 0.660011 0.641801 0.615652 0.705368 0.632752 0.722113 0.598551 0.688623 0.632752 0.722113 0.573207 0.786768 0.516415 0.789131 0.598551 0.688623 0.546079 0.727892 0.495162 0.768383
217 0.658359 0.642898 0.606146 0.716815 0.622725 0.735460 0.589567 0.698171 0.622725 0.735460 0.552676 0.776209 0.549334 0.749932 0.589567 0.698171 0.521068 0.724833 0.523805 0.726005
218 0.655755 0.648110 0.601415 0.713300 0.619131 0.732178 0.583700 0.694423 0.619131 0.732178 0.571413 0.734799 0.523212 0.759254 0.583700 0.694423 0.553803 0.689926 0.515079 0.750973
219 0.651414 0.649058 0.599184 0.710220 0.616453 0.726314 0.581916 0.694126 0.616453 0.726314 0.579660 0.724156 0.516773 0.754869 0.581916 0.694126 0.554789 0.682099 0.504595 0.750718
220 0.651136 0.647262 0.598828 0.709193 0.615567 0.725547 0.582090 0.692838 0.615567 0.725547 0.576895 0.719491 0.512493 0.738485 0.582090 0.692838 0.553093 0.684844 0.495802 0.737031
221 -1 -1 -1 -1 -1 -1 -1 -1 -1 -1 -1 -1 -1 -1 -1 -1 -1 -1 -1 -1
222 -1 -1 -1 -1 -1 -1 -1 -1 -1 -1 -1 -1 -1 -1 -1 -1 -1 -1 -1 -1
223 -1 -1 -1 -1 -1 -1 -1 -1 -1 -1 -1 -1 -1 -1 -1 -1 -1 -1 -1 -1
224 -1 -1 -1 -1 -1 -1 -1 -1 -1 -1 -1 -1 -1 -1 -1 -1 -1 -1 -1 -1
225 -1 -1 -1 -1 -1 -1 -1 -1 -1 -1 -1 -1 -1 -1 -1 -1 -1 -1 -1 -1
226 -1 -1 -1 -1 -1 -1 -1 -1 -1 -1 -1 -1 -1 -1 -1 -1 -1 -1 -1 -1
227 -1 -1 -1 -1 -1 -1 -1 -1 -1 -1 -1 -1 -1 -1 -1 -1 -1 -1 -1 -1
228 0.662548 0.633316 0.612074 0.700593 0.598677 0.685792 0.625472 0.715394 0.598677 0.685792 0.536820 0.739076 0.487453 0.806899 0.625472 0.715394 0.567513 0.805255 0.499492 0.856542
229 0.663602 0.632589 0.613966 0.699316 0.601780 0.687284 0.626152 0.711348 0.601780 0.687284 0.541542 0.739087 0.487477 0.804741 0.626152 0.711348 0.566484 0.783432 0.499220 0.841106
230 0.664306 0.634164 0.616031 0.697469 0.600411 0.682911 0.631651 0.712027 0.600411 0.682911 0.541778 0.735127 0.485184 0.803341 0.631651 0.712027 0.571541 0.780804 0.499009 0.838283
231 -1 -1 -1 -1 -1 -1 -1 -1 -1 -1 -1 -1 -1 -1 -1 -1 -1 -1 -1 -1
232 -1 -1 -1 -1 -1 -1 -1 -1 -1 -1 -1 -1 -1 -1 -1 -1 -1 -1 -1 -1
233 -1 -1 -1 -1 -1 -1 -1 -1 -1 -1 -1 -1 -1 -1 -1 -1 -1 -1 -1 -1
234 -1 -1 -1 -1 -1 -1 -1 -1 -1 -1 -1 -1 -1 -1 -1 -1 -1 -1 -1 -1
235 -1 -1 -1 -1 -1 -1 -1 -1 -1 -1 -1 -1 -1 -1 -1 -1 -1 -1 -1 -1
236 -1 -1 -1 -1 -1 -1 -1 -1 -1 -1 -1 -1 -1 -1 -1 -1 -1 -1 -1 -1
237 -1 -1 -1 -1 -1 -1 -1 -1 -1 -1 -1 -1 -1 -1 -1 -1 -1 -1 -1 -1
238 -1 -1 -1 -1 -1 -1 -1 -1 -1 -1 -1 -1 -1 -1 -1 -1 -1 -1 -1 -1
239 -1 -1 -1 -1 -1 -1 -1 -1 -1 -1 -1 -1 -1 -1 -1 -1 -1 -1 -1 -1
240 -1 -1 -1 -1 -1 -1 -1 -1 -1 -1 -1 -1 -1 -1 -1 -1 -1 -1 -1 -1
241 -1 -1 -1 -1 -1 -1 -1 -1 -1 -1 -1 -1 -1 -1 -1 -1 -1 -1 -1 -1
242 -1 -1 -1 -1 -1 -1 -1 -1 -1 -1 -1 -1 -1 -1 -1 -1 -1 -1 -1 -1
243 0.655325 0.645375 0.614035 0.699410 0.605084 0.685960 0.622986 0.712861 0.605084 0.685960 0.548896 0.732854 0.487192 0.801823 0.622986 0.712861 0.572948 0.796658 0.497522 0.847244
244 0.657024 0.647381 0.614396 0.698459 0.605713 0.684817 0.623079 0.712101 0.605713 0.684817 0.548047 0.734859 0.485960 0.801300 0.623079 0.712101 0.572529 0.794463 0.496563 0.846041
245 0.655987 0.644204 0.614500 0.696884 0.604797 0.681920 0.624203 0.711848 0.604797 0.681920 0.547932 0.733574 0.485907 0.800004 0.624203 0.711848 0.572136 0.792966 0.496398 0.844587
246 0.654163 0.644311 0.614297 0.696548 0.605243 0.684469 0.623351 0.708627 0.605243 0.684469 0.549967 0.733029 0.485280 0.797284 0.623351 0.708627 0.572536 0.782515 0.495711 0.837896
247 0.653037 0.643090 0.614855 0.696282 0.605587 0.683977 0.624122 0.708587 0.605587 0.683977 0.550306 0.727511 0.485409 0.793343 0.624122 0.708587 0.572882 0.781100 0.496059 0.834989
248 0.654202 0.642313 0.616112 0.694501 0.605723 0.680580 0.626501 0.708421 0.605723 0.680580 0.548905 0.727972 0.487522 0.794140 0.626501 0.708421 0.572781 0.781048 0.496241 0.835032
249 0.655209 0.642569 0.616122 0.694020 0.605133 0.678949 0.627111 0.709090 0.605133 0.678949 0.545758 0.730426 0.488414 0.794534 0.627111 0.709090 0.569007 0.784778 0.496559 0.835598
250 0.655404 0.642909 0.615510 0.694280 0.603956 0.677635 0.627063 0.710925 0.603956 0.677635 0.542867 0.730725 0.489307 0.794808 0.627063 0.710925 0.566490 0.790289 0.497046 0.836877
251 0.655456 0.642781 0.615693 0.693907 0.604230 0.677220 0.627155 0.710595 0.604230 0.677220 0.544084 0.730950 0.491699 0.792378 0.627155 0.710595 0.566707 0.789145 0.497390 0.836676
252 0.654825 0.643277 0.613208 0.698031 0.600275 0.681048 0.626141 0.715015 0.600275 0.681048 0.542189 0.730332 0.488969 0.792955 0.626141 0.715015 0.567197 0.792118 0.497826 0.837269
253 0.655829 0.643298 0.612590 0.698440 0.598900 0.681077 0.626280 0.715802 0.598900 0.681077 0.540949 0.728629 0.486157 0.793129 0.626280 0.715802 0.566742 0.792969 0.497781 0.838828
254 0.659424 0.642906 0.613997 0.697262 0.599196 0.680410 0.628798 0.714113 0.599196 0.680410 0.542014 0.730189 0.484872 0.794828 0.628798 0.714113 0.566049 0.785752 0.497456 0.838976
255 0.660050 0.642767 0.615557 0.695357 0.601999 0.680350 0.629115 0.710364 0.601999 0.680350 0.543655 0.728892 0.488292 0.796383 0.629115 0.710364 0.566090 0.778174 0.496775 0.838248
256 0.661357 0.642213 0.615883 0.694759 0.601338 0.677532 0.630428 0.711986 0.601338 0.677532 0.543917 0.728427 0.490659 0.791941 0.630428 0.711986 0.566196 0.779170 0.497035 0.836100
257 0.661928 0.642005 0.616366 0.694684 0.601041 0.675454 0.631691 0.713913 0.601041 0.675454 0.544046 0.728536 0.491458 0.791070 0.631691 0.713913 0.565977 0.782253 0.497257 0.835504
258 0.662205 0.641863 0.616991 0.693428 0.601105 0.673053 0.632877 0.713803 0.601105 0.673053 0.544148 0.728553 0.491660 0.790647 0.632877 0.713803 0.566060 0.782944 0.497254 0.835526
259 0.662369 0.641649 0.616835 0.693685 0.601149 0.673339 0.632520 0.714030 0.601149 0.673339 0.544123 0.728600 0.491502 0.791114 0.632520 0.714030 0.565841 0.783773 0.497235 0.835067
260 0.662851 0.641278 0.616904 0.693036 0.601008 0.671903 0.632800 0.714170 0.601008 0.671903 0.544138 0.728641 0.491902 0.791021 0.632800 0.714170 0.566488 0.784777 0.497558 0.835096
261 0.662875 0.641230 0.616460 0.693890 0.600250 0.672483 0.632670 0.715297 0.600250 0.672483 0.544171 0.728411 0.491790 0.791854 0.632670 0.715297 0.566582 0.786486 0.498131 0.835384
262 0.662787 0.641236 0.616413 0.694113 0.600362 0.672677 0.632465 0.715549 0.600362 0.672677 0.542850 0.728829 0.491470 0.792602 0.632465 0.715549 0.566807 0.787670 0.498285 0.835672
263 0.662787 0.641272 0.616759 0.694181 0.600501 0.672848 0.633016 0.715514 0.600501 0.672848 0.544146 0.729155 0.491484 0.793550 0.633016 0.715514 0.567068 0.786995 0.498667 0.835688
264 0.660412 0.641609 0.615241 0.695789 0.599901 0.675849 0.630582 0.715729 0.599901 0.675849 0.541456 0.728921 0.486872 0.795779 0.630582 0.715729 0.566894 0.788519 0.497175 0.835860
265 0.661524 0.641684 0.615165 0.695688 0.599685 0.675648 0.630645 0.715728 0.599685 0.675648 0.541439 0.729337 0.485155 0.796125 0.630645 0.715728 0.566995 0.790305 0.497444 0.838401
266 0.661893 0.641722 0.615055 0.695525 0.599403 0.675329 0.630706 0.715721 0.599403 0.675329 0.541228 0.729608 0.484232 0.796722 0.630706 0.715721 0.569396 0.792631 0.497593 0.840543
267 0.663084 0.641397 0.615402 0.695127 0.599325 0.674539 0.631480 0.715714 0.599325 0.674539 0.541187 0.729744 0.486703 0.796685 0.631480 0.715714 0.570642 0.792169 0.498265 0.840366
268 0.663567 0.641248 0.615921 0.694241 0.599452 0.673177 0.632390 0.715304 0.599452 0.673177 0.541086 0.730146 0.488266 0.797270 0.632390 0.715304 0.570553 0.791856 0.498294 0.840991
269 0.663466 0.641580 0.616104 0.693871 0.600205 0.673400 0.632003 0.714342 0.600205 0.673400 0.541442 0.731427 0.489519 0.797846 0.632003 0.714342 0.567550 0.789158 0.498095 0.839847
270 0.663054 0.641858 0.615792 0.693959 0.600040 0.673489 0.631543 0.714428 0.600040 0.673489 0.541316 0.731403 0.490155 0.797791 0.631543 0.714428 0.567074 0.790164 0.497990 0.839681
271 0.663049 0.641899 0.616222 0.693666 0.600907 0.673530 0.631538 0.713802 0.600907 0.673530 0.543302 0.731390 0.490676 0.797758 0.631538 0.713802 0.566462 0.785183 0.497628 0.839240
272 0.662833 0.642134 0.616153 0.693591 0.600959 0.673542 0.631348 0.713639 0.600959 0.673542 0.544174 0.731301 0.490820 0.797585 0.631348 0.713639 0.566142 0.783324 0.497573 0.838761
273 0.662651 0.642426 0.615278 0.693704 0.600640 0.673824 0.629917 0.713584 0.600640 0.673824 0.543870 0.731894 0.490777 0.797391 0.629917 0.713584 0.566059 0.783407 0.497234 0.838283
274 0.662177 0.642002 0.614783 0.693727 0.600650 0.674437 0.628915 0.713018 0.600650 0.674437 0.543795 0.732291 0.490868 0.797536 0.628915 0.713018 0.566082 0.783835 0.496605 0.837813
275 0.658450 0.641402 0.614211 0.694546 0.600643 0.676152 0.627779 0.712941 0.600643 0.676152 0.543759 0.732686 0.489918 0.800550 0.627779 0.712941 0.566086 0.784085 0.495771 0.837631
276 0.658589 0.641346 0.615095 0.694904 0.602257 0.677649 0.627932 0.712158 0.602257 0.677649 0.543727 0.732746 0.490174 0.800302 0.627932 0.712158 0.566239 0.781585 0.495684 0.836779
277 0.660447 0.641607 0.615661 0.694950 0.602028 0.677237 0.629295 0.712663 0.602028 0.677237 0.543697 0.732738 0.490358 0.799908 0.629295 0.712663 0.567487 0.784658 0.497800 0.837901
