129
139
0 -1 -1 -1 -1 -1 -1 -1 -1 -1 -1 -1 -1 -1 -1 -1 -1 -1 -1 -1 -1
1 0.732407 0.458327 0.750785 0.391690 0.764304 0.399437 0.737266 0.383943 0.764304 0.399437 0.774717 0.418503 0.784857 0.363307 0.737266 0.383943 0.748971 0.374824 0.760302 0.350084
2 0.730661 0.453968 0.751932 0.366772 0.764160 0.371601 0.739705 0.361944 0.764160 0.371601 0.785467 0.339575 0.801782 0.286639 0.739705 0.361944 0.750812 0.310407 0.760291 0.242441
3 0.734313 0.452108 0.753514 0.370116 0.767970 0.377081 0.739058 0.363150 0.767970 0.377081 0.774961 0.370247 0.777536 0.318048 0.739058 0.363150 0.750699 0.330361 0.757647 0.288386
4 0.732684 0.452118 0.752302 0.360366 0.767986 0.366297 0.736618 0.354435 0.767986 0.366297 0.778338 0.344602 0.780367 0.277539 0.736618 0.354435 0.751136 0.299757 0.761208 0.236221
5 0.732012 0.456712 0.750968 0.362963 0.767925 0.367253 0.734011 0.358673 0.767925 0.367253 0.774494 0.337776 0.771313 0.271530 0.734011 0.358673 0.737456 0.305966 0.733914 0.271725
6 0.731689 0.455257 0.750563 0.357867 0.766791 0.357207 0.734336 0.358527 0.766791 0.357207 0.775685 0.336677 0.790955 0.291506 0.734336 0.358527 0.744866 0.319899 0.758955 0.279224
7 -1 -1 -1 -1 -1 -1 -1 -1 -1 -1 -1 -1 -1 -1 -1 -1 -1 -1 -1 -1
8 -1 -1 -1 -1 -1 -1 -1 -1 -1 -1 -1 -1 -1 -1 -1 -1 -1 -1 -1 -1
9 -1 -1 -1 -1 -1 -1 -1 -1 -1 -1 -1 -1 -1 -1 -1 -1 -1 -1 -1 -1
10 -1 -1 -1 -1 -1 -1 -1 -1 -1 -1 -1 -1 -1 -1 -1 -1 -1 -1 -1 -1
11 -1 -1 -1 -1 -1 -1 -1 -1 -1 -1 -1 -1 -1 -1 -1 -1 -1 -1 -1 -1
12 -1 -1 -1 -1 -1 -1 -1 -1 -1 -1 -1 -1 -1 -1 -1 -1 -1 -1 -1 -1
13 -1 -1 -1 -1 -1 -1 -1 -1 -1 -1 -1 -1 -1 -1 -1 -1 -1 -1 -1 -1
14 -1 -1 -1 -1 -1 -1 -1 -1 -1 -1 -1 -1 -1 -1 -1 -1 -1 -1 -1 -1
15 -1 -1 -1 -1 -1 -1 -1 -1 -1 -1 -1 -1 -1 -1 -1 -1 -1 -1 -1 -1
16 -1 -1 -1 -1 -1 -1 -1 -1 -1 -1 -1 -1 -1 -1 -1 -1 -1 -1 -1 -1
17 -1 -1 -1 -1 -1 -1 -1 -1 -1 -1 -1 -1 -1 -1 -1 -1 -1 -1 -1 -1
18 -1 -1 -1 -1 -1 -1 -1 -1 -1 -1 -1 -1 -1 -1 -1 -1 -1 -1 -1 -1
19 -1 -1 -1 -1 -1 -1 -1 -1 -1 -1 -1 -1 -1 -1 -1 -1 -1 -1 -1 -1
20 -1 -1 -1 -1 -1 -1 -1 -1 -1 -1 -1 -1 -1 -1 -1 -1 -1 -1 -1 -1
21 -1 -1 -1 -1 -1 -1 -1 -1 -1 -1 -1 -1 -1 -1 -1 -1 -1 -1 -1 -1
22 -1 -1 -1 -1 -1 -1 -1 -1 -1 -1 -1 -1 -1 -1 -1 -1 -1 -1 -1 -1
23 -1 -1 -1 -1 -1 -1 -1 -1 -1 -1 -1 -1 -1 -1 -1 -1 -1 -1 -1 -1
24 -1 -1 -1 -1 -1 -1 -1 -1 -1 -1 -1 -1 -1 -1 -1 -1 -1 -1 -1 -1
25 -1 -1 -1 -1 -1 -1 -1 -1 -1 -1 -1 -1 -1 -1 -1 -1 -1 -1 -1 -1
26 -1 -1 -1 -1 -1 -1 -1 -1 -1 -1 -1 -1 -1 -1 -1 -1 -1 -1 -1 -1
27 -1 -1 -1 -1 -1 -1 -1 -1 -1 -1 -1 -1 -1 -1 -1 -1 -1 -1 -1 -1
28 -1 -1 -1 -1 -1 -1 -1 -1 -1 -1 -1 -1 -1 -1 -1 -1 -1 -1 -1 -1
29 -1 -1 -1 -1 -1 -1 -1 -1 -1 -1 -1 -1 -1 -1 -1 -1 -1 -1 -1 -1
30 -1 -1 -1 -1 -1 -1 -1 -1 -1 -1 -1 -1 -1 -1 -1 -1 -1 -1 -1 -1
31 -1 -1 -1 -1 -1 -1 -1 -1 -1 -1 -1 -1 -1 -1 -1 -1 -1 -1 -1 -1
32 -1 -1 -1 -1 -1 -1 -1 -1 -1 -1 -1 -1 -1 -1 -1 -1 -1 -1 -1 -1
33 -1 -1 -1 -1 -1 -1 -1 -1 -1 -1 -1 -1 -1 -1 -1 -1 -1 -1 -1 -1
34 -1 -1 -1 -1 -1 -1 -1 -1 -1 -1 -1 -1 -1 -1 -1 -1 -1 -1 -1 -1
35 -1 -1 -1 -1 -1 -1 -1 -1 -1 -1 -1 -1 -1 -1 -1 -1 -1 -1 -1 -1
36 -1 -1 -1 -1 -1 -1 -1 -1 -1 -1 -1 -1 -1 -1 -1 -1 -1 -1 -1 -1
37 -1 -1 -1 -1 -1 -1 -1 -1 -1 -1 -1 -1 -1 -1 -1 -1 -1 -1 -1 -1
38 -1 -1 -1 -1 -1 -1 -1 -1 -1 -1 -1 -1 -1 -1 -1 -1 -1 -1 -1 -1
39 -1 -1 -1 -1 -1 -1 -1 -1 -1 -1 -1 -1 -1 -1 -1 -1 -1 -1 -1 -1
40 -1 -1 -1 -1 -1 -1 -1 -1 -1 -1 -1 -1 -1 -1 -1 -1 -1 -1 -1 -1
41 -1 -1 -1 -1 -1 -1 -1 -1 -1 -1 -1 -1 -1 -1 -1 -1 -1 -1 -1 -1
42 -1 -1 -1 -1 -1 -1 -1 -1 -1 -1 -1 -1 -1 -1 -1 -1 -1 -1 -1 -1
43 -1 -1 -1 -1 -1 -1 -1 -1 -1 -1 -1 -1 -1 -1 -1 -1 -1 -1 -1 -1
44 -1 -1 -1 -1 -1 -1 -1 -1 -1 -1 -1 -1 -1 -1 -1 -1 -1 -1 -1 -1
45 -1 -1 -1 -1 -1 -1 -1 -1 -1 -1 -1 -1 -1 -1 -1 -1 -1 -1 -1 -1
46 -1 -1 -1 -1 -1 -1 -1 -1 -1 -1 -1 -1 -1 -1 -1 -1 -1 -1 -1 -1
47 -1 -1 -1 -1 -1 -1 -1 -1 -1 -1 -1 -1 -1 -1 -1 -1 -1 -1 -1 -1
48 -1 -1 -1 -1 -1 -1 -1 -1 -1 -1 -1 -1 -1 -1 -1 -1 -1 -1 -1 -1
49 -1 -1 -1 -1 -1 -1 -1 -1 -1 -1 -1 -1 -1 -1 -1 -1 -1 -1 -1 -1
50 -1 -1 -1 -1 -1 -1 -1 -1 -1 -1 -1 -1 -1 -1 -1 -1 -1 -1 -1 -1
51 -1 -1 -1 -1 -1 -1 -1 -1 -1 -1 -1 -1 -1 -1 -1 -1 -1 -1 -1 -1
52 -1 -1 -1 -1 -1 -1 -1 -1 -1 -1 -1 -1 -1 -1 -1 -1 -1 -1 -1 -1
53 -1 -1 -1 -1 -1 -1 -1 -1 -1 -1 -1 -1 -1 -1 -1 -1 -1 -1 -1 -1
54 -1 -1 -1 -1 -1 -1 -1 -1 -1 -1 -1 -1 -1 -1 -1 -1 -1 -1 -1 -1
55 -1 -1 -1 -1 -1 -1 -1 -1 -1 -1 -1 -1 -1 -1 -1 -1 -1 -1 -1 -1
56 -1 -1 -1 -1 -1 -1 -1 -1 -1 -1 -1 -1 -1 -1 -1 -1 -1 -1 -1 -1
57 -1 -1 -1 -1 -1 -1 -1 -1 -1 -1 -1 -1 -1 -1 -1 -1 -1 -1 -1 -1
58 -1 -1 -1 -1 -1 -1 -1 -1 -1 -1 -1 -1 -1 -1 -1 -1 -1 -1 -1 -1
59 -1 -1 -1 -1 -1 -1 -1 -1 -1 -1 -1 -1 -1 -1 -1 -1 -1 -1 -1 -1
60 -1 -1 -1 -1 -1 -1 -1 -1 -1 -1 -1 -1 -1 -1 -1 -1 -1 -1 -1 -1
61 -1 -1 -1 -1 -1 -1 -1 -1 -1 -1 -1 -1 -1 -1 -1 -1 -1 -1 -1 -1
62 -1 -1 -1 -1 -1 -1 -1 -1 -1 -1 -1 -1 -1 -1 -1 -1 -1 -1 -1 -1
63 -1 -1 -1 -1 -1 -1 -1 -1 -1 -1 -1 -1 -1 -1 -1 -1 -1 -1 -1 -1
64 -1 -1 -1 -1 -1 -1 -1 -1 -1 -1 -1 -1 -1 -1 -1 -1 -1 -1 -1 -1
65 -1 -1 -1 -1 -1 -1 -1 -1 -1 -1 -1 -1 -1 -1 -1 -1 -1 -1 -1 -1
66 -1 -1 -1 -1 -1 -1 -1 -1 -1 -1 -1 -1 -1 -1 -1 -1 -1 -1 -1 -1
67 -1 -1 -1 -1 -1 -1 -1 -1 -1 -1 -1 -1 -1 -1 -1 -1 -1 -1 -1 -1
68 -1 -1 -1 -1 -1 -1 -1 -1 -1 -1 -1 -1 -1 -1 -1 -1 -1 -1 -1 -1
69 -1 -1 -1 -1 -1 -1 -1 -1 -1 -1 -1 -1 -1 -1 -1 -1 -1 -1 -1 -1
70 -1 -1 -1 -1 -1 -1 -1 -1 -1 -1 -1 -1 -1 -1 -1 -1 -1 -1 -1 -1
71 -1 -1 -1 -1 -1 -1 -1 -1 -1 -1 -1 -1 -1 -1 -1 -1 -1 -1 -1 -1
72 -1 -1 -1 -1 -1 -1 -1 -1 -1 -1 -1 -1 -1 -1 -1 -1 -1 -1 -1 -1
73 -1 -1 -1 -1 -1 -1 -1 -1 -1 -1 -1 -1 -1 -1 -1 -1 -1 -1 -1 -1
74 -1 -1 -1 -1 -1 -1 -1 -1 -1 -1 -1 -1 -1 -1 -1 -1 -1 -1 -1 -1
75 -1 -1 -1 -1 -1 -1 -1 -1 -1 -1 -1 -1 -1 -1 -1 -1 -1 -1 -1 -1
76 -1 -1 -1 -1 -1 -1 -1 -1 -1 -1 -1 -1 -1 -1 -1 -1 -1 -1 -1 -1
77 -1 -1 -1 -1 -1 -1 -1 -1 -1 -1 -1 -1 -1 -1 -1 -1 -1 -1 -1 -1
78 -1 -1 -1 -1 -1 -1 -1 -1 -1 -1 -1 -1 -1 -1 -1 -1 -1 -1 -1 -1
79 -1 -1 -1 -1 -1 -1 -1 -1 -1 -1 -1 -1 -1 -1 -1 -1 -1 -1 -1 -1
80 -1 -1 -1 -1 -1 -1 -1 -1 -1 -1 -1 -1 -1 -1 -1 -1 -1 -1 -1 -1
81 -1 -1 -1 -1 -1 -1 -1 -1 -1 -1 -1 -1 -1 -1 -1 -1 -1 -1 -1 -1
82 -1 -1 -1 -1 -1 -1 -1 -1 -1 -1 -1 -1 -1 -1 -1 -1 -1 -1 -1 -1
83 -1 -1 -1 -1 -1 -1 -1 -1 -1 -1 -1 -1 -1 -1 -1 -1 -1 -1 -1 -1
84 -1 -1 -1 -1 -1 -1 -1 -1 -1 -1 -1 -1 -1 -1 -1 -1 -1 -1 -1 -1
85 -1 -1 -1 -1 -1 -1 -1 -1 -1 -1 -1 -1 -1 -1 -1 -1 -1 -1 -1 -1
86 -1 -1 -1 -1 -1 -1 -1 -1 -1 -1 -1 -1 -1 -1 -1 -1 -1 -1 -1 -1
87 -1 -1 -1 -1 -1 -1 -1 -1 -1 -1 -1 -1 -1 -1 -1 -1 -1 -1 -1 -1
88 -1 -1 -1 -1 -1 -1 -1 -1 -1 -1 -1 -1 -1 -1 -1 -1 -1 -1 -1 -1
89 -1 -1 -1 -1 -1 -1 -1 -1 -1 -1 -1 -1 -1 -1 -1 -1 -1 -1 -1 -1
90 -1 -1 -1 -1 -1 -1 -1 -1 -1 -1 -1 -1 -1 -1 -1 -1 -1 -1 -1 -1
91 -1 -1 -1 -1 -1 -1 -1 -1 -1 -1 -1 -1 -1 -1 -1 -1 -1 -1 -1 -1
92 -1 -1 -1 -1 -1 -1 -1 -1 -1 -1 -1 -1 -1 -1 -1 -1 -1 -1 -1 -1
93 -1 -1 -1 -1 -1 -1 -1 -1 -1 -1 -1 -1 -1 -1 -1 -1 -1 -1 -1 -1
94 -1 -1 -1 -1 -1 -1 -1 -1 -1 -1 -1 -1 -1 -1 -1 -1 -1 -1 -1 -1
95 -1 -1 -1 -1 -1 -1 -1 -1 -1 -1 -1 -1 -1 -1 -1 -1 -1 -1 -1 -1
96 -1 -1 -1 -1 -1 -1 -1 -1 -1 -1 -1 -1 -1 -1 -1 -1 -1 -1 -1 -1
97 -1 -1 -1 -1 -1 -1 -1 -1 -1 -1 -1 -1 -1 -1 -1 -1 -1 -1 -1 -1
98 -1 -1 -1 -1 -1 -1 -1 -1 -1 -1 -1 -1 -1 -1 -1 -1 -1 -1 -1 -1
99 -1 -1 -1 -1 -1 -1 -1 -1 -1 -1 -1 -1 -1 -1 -1 -1 -1 -1 -1 -1
100 -1 -1 -1 -1 -1 -1 -1 -1 -1 -1 -1 -1 -1 -1 -1 -1 -1 -1 -1 -1
101 -1 -1 -1 -1 -1 -1 -1 -1 -1 -1 -1 -1 -1 -1 -1 -1 -1 -1 -1 -1
102 -1 -1 -1 -1 -1 -1 -1 -1 -1 -1 -1 -1 -1 -1 -1 -1 -1 -1 -1 -1
103 -1 -1 -1 -1 -1 -1 -1 -1 -1 -1 -1 -1 -1 -1 -1 -1 -1 -1 -1 -1
104 -1 -1 -1 -1 -1 -1 -1 -1 -1 -1 -1 -1 -1 -1 -1 -1 -1 -1 -1 -1
105 -1 -1 -1 -1 -1 -1 -1 -1 -1 -1 -1 -1 -1 -1 -1 -1 -1 -1 -1 -1
106 -1 -1 -1 -1 -1 -1 -1 -1 -1 -1 -1 -1 -1 -1 -1 -1 -1 -1 -1 -1
107 -1 -1 -1 -1 -1 -1 -1 -1 -1 -1 -1 -1 -1 -1 -1 -1 -1 -1 -1 -1
108 -1 -1 -1 -1 -1 -1 -1 -1 -1 -1 -1 -1 -1 -1 -1 -1 -1 -1 -1 -1
109 -1 -1 -1 -1 -1 -1 -1 -1 -1 -1 -1 -1 -1 -1 -1 -1 -1 -1 -1 -1
110 -1 -1 -1 -1 -1 -1 -1 -1 -1 -1 -1 -1 -1 -1 -1 -1 -1 -1 -1 -1
111 -1 -1 -1 -1 -1 -1 -1 -1 -1 -1 -1 -1 -1 -1 -1 -1 -1 -1 -1 -1
112 -1 -1 -1 -1 -1 -1 -1 -1 -1 -1 -1 -1 -1 -1 -1 -1 -1 -1 -1 -1
113 -1 -1 -1 -1 -1 -1 -1 -1 -1 -1 -1 -1 -1 -1 -1 -1 -1 -1 -1 -1
114 -1 -1 -1 -1 -1 -1 -1 -1 -1 -1 -1 -1 -1 -1 -1 -1 -1 -1 -1 -1
115 -1 -1 -1 -1 -1 -1 -1 -1 -1 -1 -1 -1 -1 -1 -1 -1 -1 -1 -1 -1
116 -1 -1 -1 -1 -1 -1 -1 -1 -1 -1 -1 -1 -1 -1 -1 -1 -1 -1 -1 -1
117 -1 -1 -1 -1 -1 -1 -1 -1 -1 -1 -1 -1 -1 -1 -1 -1 -1 -1 -1 -1
118 -1 -1 -1 -1 -1 -1 -1 -1 -1 -1 -1 -1 -1 -1 -1 -1 -1 -1 -1 -1
119 -1 -1 -1 -1 -1 -1 -1 -1 -1 -1 -1 -1 -1 -1 -1 -1 -1 -1 -1 -1
120 -1 -1 -1 -1 -1 -1 -1 -1 -1 -1 -1 -1 -1 -1 -1 -1 -1 -1 -1 -1
121 -1 -1 -1 -1 -1 -1 -1 -1 -1 -1 -1 -1 -1 -1 -1 -1 -1 -1 -1 -1
122 -1 -1 -1 -1 -1 -1 -1 -1 -1 -1 -1 -1 -1 -1 -1 -1 -1 -1 -1 -1
123 -1 -1 -1 -1 -1 -1 -1 -1 -1 -1 -1 -1 -1 -1 -1 -1 -1 -1 -1 -1
124 -1 -1 -1 -1 -1 -1 -1 -1 -1 -1 -1 -1 -1 -1 -1 -1 -1 -1 -1 -1
125 -1 -1 -1 -1 -1 -1 -1 -1 -1 -1 -1 -1 -1 -1 -1 -1 -1 -1 -1 -1
126 -1 -1 -1 -1 -1 -1 -1 -1 -1 -1 -1 -1 -1 -1 -1 -1 -1 -1 -1 -1
127 -1 -1 -1 -1 -1 -1 -1 -1 -1 -1 -1 -1 -1 -1 -1 -1 -1 -1 -1 -1
128 -1 -1 -1 -1 -1 -1 -1 -1 -1 -1 -1 -1 -1 -1 -1 -1 -1 -1 -1 -1
129 -1 -1 -1 -1 -1 -1 -1 -1 -1 -1 -1 -1 -1 -1 -1 -1 -1 -1 -1 -1
130 -1 -1 -1 -1 -1 -1 -1 -1 -1 -1 -1 -1 -1 -1 -1 -1 -1 -1 -1 -1
131 -1 -1 -1 -1 -1 -1 -1 -1 -1 -1 -1 -1 -1 -1 -1 -1 -1 -1 -1 -1
132 -1 -1 -1 -1 -1 -1 -1 -1 -1 -1 -1 -1 -1 -1 -1 -1 -1 -1 -1 -1
133 -1 -1 -1 -1 -1 -1 -1 -1 -1 -1 -1 -1 -1 -1 -1 -1 -1 -1 -1 -1
134 -1 -1 -1 -1 -1 -1 -1 -1 -1 -1 -1 -1 -1 -1 -1 -1 -1 -1 -1 -1
135 -1 -1 -1 -1 -1 -1 -1 -1 -1 -1 -1 -1 -1 -1 -1 -1 -1 -1 -1 -1
136 -1 -1 -1 -1 -1 -1 -1 -1 -1 -1 -1 -1 -1 -1 -1 -1 -1 -1 -1 -1
137 -1 -1 -1 -1 -1 -1 -1 -1 -1 -1 -1 -1 -1 -1 -1 -1 -1 -1 -1 -1
138 -1 -1 -1 -1 -1 -1 -1 -1 -1 -1 -1 -1 -1 -1 -1 -1 -1 -1 -1 -1
139 -1 -1 -1 -1 -1 -1 -1 -1 -1 -1 -1 -1 -1 -1 -1 -1 -1 -1 -1 -1
140 -1 -1 -1 -1 -1 -1 -1 -1 -1 -1 -1 -1 -1 -1 -1 -1 -1 -1 -1 -1
141 -1 -1 -1 -1 -1 -1 -1 -1 -1 -1 -1 -1 -1 -1 -1 -1 -1 -1 -1 -1
142 0.383720 0.776485 0.469403 0.719144 0.464499 0.681182 0.474308 0.757105 0.464499 0.681182 0.526405 0.689505 0.589385 0.709508 0.474308 0.757105 0.545469 0.792574 0.621317 0.789452
143 0.373564 0.769296 0.459234 0.711276 0.453664 0.672805 0.464803 0.749746 0.453664 0.672805 0.514228 0.670669 0.564404 0.703948 0.464803 0.749746 0.537803 0.781985 0.606246 0.795081
144 0.363311 0.770552 0.446432 0.706927 0.440420 0.669541 0.452444 0.744314 0.440420 0.669541 0.467732 0.642264 0.531908 0.689683 0.452444 0.744314 0.522569 0.756250 0.595130 0.748470
145 0.357281 0.770639 0.437655 0.705837 0.431081 0.670036 0.444230 0.741638 0.431081 0.670036 0.445595 0.626739 0.512882 0.677418 0.444230 0.741638 0.512323 0.731420 0.586032 0.721583
146 0.350318 0.769293 0.429862 0.705101 0.422537 0.669872 0.437187 0.740330 0.422537 0.669872 0.428798 0.616730 0.501474 0.663980 0.437187 0.740330 0.506083 0.721767 0.573798 0.701713
147 0.345759 0.766437 0.424892 0.701020 0.416429 0.667907 0.433355 0.734132 0.416429 0.667907 0.413624 0.605218 0.489794 0.649308 0.433355 0.734132 0.497123 0.703073 0.557318 0.685216
148 0.336244 0.765285 0.417166 0.697647 0.408194 0.666427 0.426138 0.728866 0.408194 0.666427 0.403231 0.588651 0.476931 0.631991 0.426138 0.728866 0.484108 0.691519 0.544831 0.666539
149 0.328833 0.760509 0.409752 0.688744 0.401638 0.658675 0.417865 0.718813 0.401638 0.658675 0.396381 0.574453 0.472095 0.616231 0.417865 0.718813 0.460062 0.699102 0.526107 0.650704
150 0.321553 0.755507 0.403494 0.683042 0.395560 0.654689 0.411427 0.711394 0.395560 0.654689 0.389112 0.565090 0.462709 0.602657 0.411427 0.711394 0.443244 0.687975 0.511761 0.637310
151 0.317045 0.752238 0.400887 0.681197 0.393046 0.654281 0.408728 0.708113 0.393046 0.654281 0.384119 0.563417 0.458436 0.595466 0.408728 0.708113 0.446212 0.670817 0.505099 0.618074
152 0.311801 0.752278 0.396137 0.680284 0.388685 0.653048 0.403589 0.707521 0.388685 0.653048 0.380948 0.558272 0.456845 0.593021 0.403589 0.707521 0.419780 0.671641 0.492875 0.612585
153 0.306580 0.750657 0.391206 0.679396 0.383365 0.653272 0.399047 0.705520 0.383365 0.653272 0.377863 0.554734 0.457189 0.589617 0.399047 0.705520 0.403142 0.661892 0.483185 0.603812
154 0.303009 0.746481 0.388556 0.677145 0.381148 0.653588 0.395964 0.700703 0.381148 0.653588 0.391661 0.568051 0.460772 0.595940 0.395964 0.700703 0.407610 0.610033 0.477374 0.584821
155 0.302019 0.744950 0.387522 0.672165 0.380946 0.653015 0.394099 0.691314 0.380946 0.653015 0.396905 0.571237 0.463430 0.596131 0.394099 0.691314 0.387500 0.573603 0.462823 0.579517
156 0.298700 0.744235 0.383772 0.671959 0.376695 0.653090 0.390848 0.690828 0.376695 0.653090 0.381704 0.552298 0.446874 0.590774 0.390848 0.690828 0.413158 0.593751 0.473103 0.591482
157 0.297979 0.743848 0.382031 0.672768 0.375388 0.652948 0.388674 0.692588 0.375388 0.652948 0.382483 0.547711 0.447365 0.594505 0.388674 0.692588 0.402725 0.597821 0.466432 0.596194
158 0.298011 0.742989 0.382392 0.671011 0.375882 0.650494 0.388901 0.691529 0.375882 0.650494 0.384510 0.541824 0.444478 0.593697 0.388901 0.691529 0.398871 0.603376 0.456802 0.604109
159 0.298288 0.742308 0.384144 0.669346 0.378374 0.646782 0.389913 0.691910 0.378374 0.646782 0.387321 0.537380 0.443780 0.592037 0.389913 0.691910 0.389174 0.592673 0.449533 0.608368
160 0.298093 0.740820 0.385853 0.667806 0.380028 0.643592 0.391677 0.692021 0.380028 0.643592 0.390299 0.532533 0.439747 0.582943 0.391677 0.692021 0.390653 0.598622 0.452104 0.610279
161 0.298295 0.740943 0.386149 0.668255 0.379172 0.643701 0.393126 0.692808 0.379172 0.643701 0.391208 0.531552 0.440486 0.587635 0.393126 0.692808 0.400542 0.606051 0.457228 0.616227
162 0.298867 0.740976 0.386618 0.668443 0.378898 0.643763 0.394338 0.693122 0.378898 0.643763 0.400665 0.532155 0.443831 0.590361 0.394338 0.693122 0.419798 0.605489 0.460250 0.623172
163 0.299747 0.741649 0.388131 0.668721 0.380155 0.644028 0.396108 0.693414 0.380155 0.644028 0.408403 0.535069 0.446748 0.598497 0.396108 0.693414 0.441801 0.618632 0.458311 0.648108
164 0.299989 0.741795 0.390255 0.669052 0.381618 0.644356 0.398893 0.693748 0.381618 0.644356 0.417562 0.536733 0.449603 0.612938 0.398893 0.693748 0.450723 0.621283 0.460165 0.646731
165 0.300476 0.741911 0.393827 0.668738 0.385731 0.643569 0.401923 0.693907 0.385731 0.643569 0.428985 0.538664 0.464474 0.626913 0.401923 0.693907 0.455519 0.640449 0.473073 0.649595
166 0.300700 0.742080 0.396082 0.668420 0.387759 0.642849 0.404404 0.693991 0.387759 0.642849 0.437725 0.539851 0.474226 0.638787 0.404404 0.693991 0.458782 0.651258 0.476309 0.652242
167 0.301845 0.742870 0.400490 0.668456 0.391728 0.642670 0.409251 0.694243 0.391728 0.642670 0.442251 0.543981 0.479922 0.643063 0.409251 0.694243 0.467726 0.645795 0.489522 0.661162
168 0.302925 0.743011 0.403607 0.668412 0.395060 0.642118 0.412154 0.694707 0.395060 0.642118 0.449736 0.550624 0.484103 0.636820 0.412154 0.694707 0.483448 0.658958 0.513744 0.635767
169 0.303890 0.743934 0.404878 0.669294 0.396876 0.642175 0.412880 0.696412 0.396876 0.642175 0.455021 0.562394 0.486486 0.637007 0.412880 0.696412 0.483076 0.663689 0.528379 0.621438
170 0.303962 0.744912 0.405650 0.670703 0.397997 0.642233 0.413303 0.699173 0.397997 0.642233 0.461949 0.573154 0.496170 0.634471 0.413303 0.699173 0.483862 0.663896 0.532095 0.616115
171 0.304670 0.745827 0.407228 0.670740 0.399600 0.642310 0.414857 0.699170 0.399600 0.642310 0.466455 0.580129 0.501483 0.633788 0.414857 0.699170 0.484354 0.659708 0.536976 0.614321
172 0.304922 0.746321 0.408595 0.670774 0.400982 0.642371 0.416209 0.699176 0.400982 0.642371 0.467717 0.589018 0.502670 0.628144 0.416209 0.699176 0.484388 0.657308 0.540944 0.615256
173 0.305220 0.746627 0.408785 0.670834 0.401097 0.642441 0.416472 0.699226 0.401097 0.642441 0.467861 0.596095 0.502294 0.622039 0.416472 0.699226 0.484106 0.655818 0.542283 0.617221
174 0.305100 0.746907 0.408874 0.671033 0.401223 0.642485 0.416524 0.699580 0.401223 0.642485 0.469433 0.598331 0.504434 0.618142 0.416524 0.699580 0.485218 0.655466 0.545829 0.618360
175 0.304931 0.747013 0.409011 0.671085 0.401260 0.642531 0.416763 0.699640 0.401260 0.642531 0.468689 0.596278 0.502299 0.614296 0.416763 0.699640 0.486500 0.654855 0.548188 0.619114
176 0.304447 0.747171 0.408804 0.670918 0.400941 0.642381 0.416666 0.699456 0.400941 0.642381 0.467199 0.592970 0.499704 0.613577 0.416666 0.699456 0.487441 0.654473 0.548658 0.619177
177 0.304260 0.747127 0.408617 0.670935 0.400709 0.642403 0.416525 0.699467 0.400709 0.642403 0.465321 0.590326 0.498138 0.612184 0.416525 0.699467 0.487936 0.654637 0.551232 0.622214
178 0.303909 0.747428 0.408395 0.670848 0.400475 0.642416 0.416314 0.699280 0.400475 0.642416 0.463736 0.589627 0.497254 0.611738 0.416314 0.699280 0.487399 0.655459 0.551516 0.624698
179 0.303836 0.747301 0.408252 0.670769 0.400367 0.642418 0.416138 0.699121 0.400367 0.642418 0.462860 0.588088 0.496881 0.611022 0.416138 0.699121 0.486908 0.656599 0.551535 0.626125
180 0.303941 0.747491 0.408006 0.670691 0.400003 0.642352 0.416009 0.699030 0.400003 0.642352 0.462723 0.585363 0.496442 0.610483 0.416009 0.699030 0.487095 0.658078 0.551409 0.629380
181 0.303958 0.747551 0.407145 0.670524 0.398629 0.642200 0.415662 0.698848 0.398629 0.642200 0.461253 0.582774 0.493420 0.610067 0.415662 0.698848 0.486585 0.658337 0.553333 0.631335
182 0.303974 0.747690 0.406924 0.670507 0.398252 0.642180 0.415596 0.698834 0.398252 0.642180 0.459882 0.579750 0.493066 0.610285 0.415596 0.698834 0.487226 0.658579 0.555174 0.633023
183 0.303590 0.747592 0.406836 0.670481 0.398122 0.642111 0.415550 0.698850 0.398122 0.642111 0.458848 0.578364 0.491763 0.610450 0.415550 0.698850 0.487011 0.658570 0.555324 0.635423
184 0.303445 0.747399 0.406369 0.670465 0.397557 0.642072 0.415181 0.698858 0.397557 0.642072 0.456907 0.577160 0.489981 0.610498 0.415181 0.698858 0.486758 0.658523 0.555277 0.636610
185 0.303384 0.747427 0.406313 0.670413 0.397458 0.641970 0.415167 0.698856 0.397458 0.641970 0.455761 0.575879 0.489044 0.610601 0.415167 0.698856 0.487203 0.658199 0.556550 0.636222
186 0.303258 0.747437 0.405958 0.670393 0.397008 0.641932 0.414908 0.698853 0.397008 0.641932 0.455071 0.574990 0.487475 0.610347 0.414908 0.698853 0.487148 0.658117 0.556475 0.635899
187 0.303594 0.747430 0.405845 0.670080 0.396856 0.641618 0.414835 0.698542 0.396856 0.641618 0.454793 0.574206 0.487221 0.610035 0.414835 0.698542 0.487018 0.657684 0.556086 0.635682
188 0.303214 0.747429 0.405670 0.670080 0.396644 0.641618 0.414696 0.698542 0.396644 0.641618 0.454411 0.573679 0.487463 0.609829 0.414696 0.698542 0.486871 0.657545 0.555564 0.635589
189 0.303377 0.747471 0.405491 0.670089 0.396449 0.641634 0.414534 0.698545 0.396449 0.641634 0.454196 0.572667 0.487524 0.609693 0.414534 0.698545 0.486780 0.657502 0.555532 0.635414
190 0.303500 0.747247 0.405484 0.670077 0.396441 0.641627 0.414526 0.698526 0.396441 0.641627 0.454003 0.572439 0.487126 0.609689 0.414526 0.698526 0.486683 0.657452 0.555755 0.635266
191 0.303653 0.747123 0.405456 0.670047 0.396407 0.641592 0.414505 0.698501 0.396407 0.641592 0.454061 0.572497 0.487101 0.609546 0.414505 0.698501 0.486616 0.657436 0.556196 0.635198
