96
115
0 -1 -1 -1 -1 -1 -1 -1 -1 -1 -1 -1 -1 -1 -1 -1 -1 -1 -1 -1 -1
1 -1 -1 -1 -1 -1 -1 -1 -1 -1 -1 -1 -1 -1 -1 -1 -1 -1 -1 -1 -1
2 -1 -1 -1 -1 -1 -1 -1 -1 -1 -1 -1 -1 -1 -1 -1 -1 -1 -1 -1 -1
3 -1 -1 -1 -1 -1 -1 -1 -1 -1 -1 -1 -1 -1 -1 -1 -1 -1 -1 -1 -1
4 0.403546 0.357937 0.401738 0.459373 0.421179 0.460630 0.382296 0.458116 0.421179 0.460630 0.446242 0.483529 0.432909 0.570906 0.382296 0.458116 0.359962 0.469372 0.371556 0.562621
5 0.403493 0.357862 0.401691 0.457968 0.421082 0.459111 0.382300 0.456825 0.421082 0.459111 0.446815 0.487302 0.431833 0.572583 0.382300 0.456825 0.359962 0.475350 0.371626 0.565782
6 0.403429 0.357134 0.401577 0.454587 0.420894 0.455656 0.382259 0.453517 0.420894 0.455656 0.446851 0.489931 0.431325 0.572454 0.382259 0.453517 0.359670 0.477340 0.371705 0.565620
7 0.403136 0.356965 0.401338 0.454096 0.420622 0.455358 0.382054 0.452834 0.420622 0.455358 0.447435 0.490296 0.431174 0.572245 0.382054 0.452834 0.359442 0.479303 0.371718 0.566584
8 0.402947 0.356348 0.401341 0.453161 0.420627 0.454329 0.382055 0.451993 0.420627 0.454329 0.447621 0.490370 0.431319 0.572547 0.382055 0.451993 0.359067 0.480642 0.371761 0.566231
9 0.402732 0.355648 0.401179 0.453248 0.420631 0.454274 0.381728 0.452223 0.420631 0.454274 0.447606 0.490546 0.430888 0.573658 0.381728 0.452223 0.359072 0.482443 0.371756 0.566761
10 0.402600 0.355305 0.401166 0.453495 0.420852 0.454518 0.381480 0.452472 0.420852 0.454518 0.447507 0.491191 0.430433 0.575264 0.381480 0.452472 0.360104 0.483592 0.371725 0.567528
11 0.402608 0.355064 0.400808 0.454218 0.420853 0.455117 0.380762 0.453320 0.420853 0.455117 0.446949 0.490521 0.429947 0.575326 0.380762 0.453320 0.361336 0.483027 0.371756 0.567735
12 0.402640 0.354825 0.400524 0.454604 0.420760 0.455306 0.380288 0.453901 0.420760 0.455306 0.445662 0.490304 0.429990 0.575470 0.380288 0.453901 0.361643 0.483268 0.371745 0.567537
13 0.402831 0.354491 0.400527 0.455026 0.420770 0.455795 0.380284 0.454256 0.420770 0.455795 0.445468 0.489892 0.429772 0.576016 0.380284 0.454256 0.361609 0.482466 0.371725 0.568185
14 0.403031 0.354373 0.400723 0.455180 0.421082 0.455897 0.380365 0.454463 0.421082 0.455897 0.445467 0.489560 0.429658 0.576544 0.380365 0.454463 0.361591 0.481930 0.371715 0.568785
15 0.403060 0.354362 0.400802 0.455213 0.421211 0.455977 0.380393 0.454448 0.421211 0.455977 0.445132 0.489493 0.429566 0.576923 0.380393 0.454448 0.361589 0.482714 0.371704 0.569684
16 0.403099 0.354426 0.400900 0.455250 0.421393 0.456038 0.380406 0.454463 0.421393 0.456038 0.444981 0.489300 0.429590 0.576795 0.380406 0.454463 0.361563 0.482385 0.371700 0.569676
17 0.403135 0.355119 0.400983 0.456158 0.421425 0.456742 0.380541 0.455574 0.421425 0.456742 0.444960 0.489226 0.429873 0.576636 0.380541 0.455574 0.361491 0.482226 0.371696 0.570083
18 0.403326 0.357005 0.401182 0.456925 0.421500 0.457198 0.380863 0.456652 0.421500 0.457198 0.444934 0.489151 0.430226 0.576257 0.380863 0.456652 0.361476 0.482085 0.371695 0.570212
19 0.403651 0.358927 0.401461 0.457494 0.421540 0.457665 0.381382 0.457323 0.421540 0.457665 0.444753 0.488352 0.430300 0.576109 0.381382 0.457323 0.361766 0.481962 0.371665 0.570786
20 0.403798 0.361575 0.401683 0.458439 0.421630 0.458439 0.381736 0.458438 0.421630 0.458439 0.444259 0.486713 0.430443 0.575808 0.381736 0.458438 0.361995 0.481742 0.371676 0.570673
21 0.403895 0.364598 0.401871 0.459503 0.421644 0.459385 0.382099 0.459620 0.421644 0.459385 0.444027 0.485028 0.430562 0.575539 0.382099 0.459620 0.362664 0.481428 0.371677 0.571255
22 0.404041 0.367882 0.402008 0.461228 0.421610 0.461155 0.382406 0.461300 0.421610 0.461155 0.443666 0.484398 0.430598 0.575479 0.382406 0.461300 0.363055 0.480385 0.371734 0.571213
23 0.404068 0.371546 0.401862 0.462113 0.421323 0.462036 0.382400 0.462190 0.421323 0.462036 0.443000 0.484319 0.430667 0.575761 0.382400 0.462190 0.363279 0.480377 0.371678 0.570958
24 0.404147 0.375913 0.401802 0.464562 0.421175 0.464463 0.382429 0.464660 0.421175 0.464463 0.443111 0.484004 0.431200 0.575720 0.382429 0.464660 0.363489 0.480328 0.371690 0.570786
25 0.404082 0.378869 0.401280 0.465045 0.420169 0.465058 0.382392 0.465033 0.420169 0.465058 0.443332 0.484016 0.431757 0.576221 0.382392 0.465033 0.363547 0.480717 0.371674 0.570934
26 0.403887 0.380421 0.401029 0.464541 0.419644 0.464614 0.382414 0.464467 0.419644 0.464614 0.444239 0.484558 0.431932 0.576909 0.382414 0.464467 0.363568 0.481404 0.371646 0.572267
27 0.403824 0.380591 0.401047 0.461184 0.419686 0.461278 0.382407 0.461090 0.419686 0.461278 0.444919 0.485174 0.431977 0.577643 0.382407 0.461090 0.363949 0.483964 0.371588 0.575062
28 0.403153 0.379709 0.400870 0.454601 0.419722 0.454978 0.382019 0.454224 0.419722 0.454978 0.445736 0.485738 0.432101 0.578191 0.382019 0.454224 0.364103 0.485129 0.371431 0.576188
29 0.402923 0.378841 0.400871 0.447678 0.419735 0.448338 0.382007 0.447017 0.419735 0.448338 0.445586 0.485730 0.432427 0.578999 0.382007 0.447017 0.364091 0.484703 0.371392 0.575690
30 0.402325 0.377784 0.401042 0.441344 0.420093 0.441922 0.381991 0.440766 0.420093 0.441922 0.443578 0.487948 0.432405 0.579241 0.381991 0.440766 0.364224 0.484791 0.371369 0.576233
31 0.401780 0.372716 0.401174 0.437487 0.420460 0.438290 0.381889 0.436684 0.420460 0.438290 0.443600 0.489350 0.432397 0.579226 0.381889 0.436684 0.364463 0.484590 0.371368 0.575938
32 0.401928 0.364315 0.401062 0.432387 0.420462 0.433509 0.381661 0.431264 0.420462 0.433509 0.443416 0.489193 0.432393 0.578954 0.381661 0.431264 0.364670 0.484439 0.371392 0.575725
33 0.401517 0.355573 0.401044 0.429318 0.420532 0.429982 0.381556 0.428654 0.420532 0.429982 0.443445 0.489253 0.432113 0.576760 0.381556 0.428654 0.364761 0.484418 0.371649 0.575335
34 0.401164 0.347771 0.401040 0.423635 0.420534 0.424142 0.381545 0.423128 0.420534 0.424142 0.443407 0.489673 0.431864 0.576330 0.381545 0.423128 0.364963 0.484332 0.372110 0.574767
35 0.400632 0.339875 0.401058 0.417440 0.420528 0.417457 0.381589 0.417423 0.420528 0.417457 0.442547 0.489258 0.431497 0.576119 0.381589 0.417423 0.365693 0.485354 0.372453 0.574815
36 0.400089 0.331050 0.401123 0.412003 0.420546 0.411984 0.381701 0.412023 0.420546 0.411984 0.442826 0.489355 0.431506 0.576928 0.381701 0.412023 0.366141 0.486154 0.372556 0.574890
37 0.399875 0.323492 0.401190 0.405544 0.420559 0.405431 0.381821 0.405657 0.420559 0.405431 0.440396 0.489178 0.431277 0.579232 0.381821 0.405657 0.366782 0.485982 0.372566 0.574988
38 0.399075 0.315057 0.401166 0.399908 0.420508 0.399718 0.381824 0.400097 0.420508 0.399718 0.439008 0.486748 0.430980 0.579174 0.381824 0.400097 0.367365 0.485296 0.372587 0.575385
39 0.398707 0.306521 0.400679 0.395961 0.419974 0.395991 0.381385 0.395930 0.419974 0.395991 0.439001 0.486779 0.430493 0.579097 0.381385 0.395930 0.368448 0.485241 0.372661 0.575442
40 0.397846 0.298256 0.400312 0.392943 0.419745 0.393344 0.380878 0.392542 0.419745 0.393344 0.436796 0.486698 0.430220 0.578547 0.380878 0.392542 0.369224 0.485206 0.372616 0.575426
41 0.397468 0.290581 0.400106 0.387645 0.419617 0.388363 0.380596 0.386927 0.419617 0.388363 0.433921 0.484056 0.430208 0.577668 0.380596 0.386927 0.369762 0.482971 0.372542 0.574854
42 0.396740 0.285506 0.399548 0.387027 0.419201 0.388079 0.379895 0.385974 0.419201 0.388079 0.431382 0.483075 0.430029 0.577285 0.379895 0.385974 0.370565 0.482842 0.372361 0.574718
43 0.395322 0.278277 0.398705 0.387018 0.418529 0.387289 0.378882 0.386746 0.418529 0.387289 0.429537 0.478105 0.429297 0.575856 0.378882 0.386746 0.371149 0.481126 0.372353 0.574620
44 0.394156 0.271754 0.398294 0.388307 0.418365 0.388198 0.378223 0.388417 0.418365 0.388198 0.427104 0.477928 0.428158 0.575488 0.378223 0.388417 0.371398 0.480817 0.372397 0.574019
45 0.392873 0.264857 0.396851 0.389817 0.416945 0.388928 0.376757 0.390706 0.416945 0.388928 0.425369 0.478847 0.428057 0.575470 0.376757 0.390706 0.371190 0.483788 0.372543 0.574050
46 0.391233 0.259509 0.395601 0.388216 0.415673 0.386439 0.375529 0.389993 0.415673 0.386439 0.424696 0.479279 0.427569 0.575084 0.375529 0.389993 0.371105 0.486772 0.372522 0.574307
47 0.389472 0.255392 0.394002 0.384594 0.414290 0.382674 0.373713 0.386514 0.414290 0.382674 0.423944 0.479464 0.427286 0.575075 0.373713 0.386514 0.371080 0.488152 0.372305 0.574803
48 0.387889 0.252055 0.392313 0.381957 0.412854 0.379952 0.371771 0.383962 0.412854 0.379952 0.421868 0.479832 0.426499 0.574873 0.371771 0.383962 0.371139 0.488162 0.372304 0.574834
49 0.386327 0.248221 0.390465 0.382037 0.411170 0.379949 0.369760 0.384126 0.411170 0.379949 0.420429 0.480102 0.425994 0.574892 0.369760 0.384126 0.371102 0.488514 0.372321 0.575579
50 0.384962 0.246162 0.389102 0.382291 0.409870 0.380135 0.368333 0.384447 0.409870 0.380135 0.419951 0.482185 0.425533 0.574772 0.368333 0.384447 0.371049 0.489061 0.372320 0.575603
51 0.383208 0.244487 0.388295 0.382177 0.409082 0.379806 0.367509 0.384549 0.409082 0.379806 0.420054 0.482486 0.425208 0.573705 0.367509 0.384549 0.371025 0.489005 0.372268 0.575232
52 0.381527 0.243044 0.387002 0.382024 0.407799 0.379639 0.366206 0.384409 0.407799 0.379639 0.417868 0.482528 0.423107 0.573040 0.366206 0.384409 0.370989 0.488936 0.372113 0.575014
53 0.380192 0.242217 0.386272 0.382094 0.407129 0.379757 0.365415 0.384431 0.407129 0.379757 0.416543 0.481739 0.419494 0.571258 0.365415 0.384431 0.370964 0.487134 0.372335 0.574063
54 0.379148 0.241769 0.385880 0.382567 0.406844 0.380449 0.364916 0.384686 0.406844 0.380449 0.415004 0.481767 0.416631 0.571411 0.364916 0.384686 0.370897 0.486236 0.372334 0.573519
55 0.378377 0.241963 0.385671 0.382807 0.406746 0.380754 0.364596 0.384859 0.406746 0.380754 0.413606 0.481799 0.414058 0.571858 0.364596 0.384859 0.370892 0.485996 0.372439 0.573422
56 0.377545 0.242135 0.385461 0.382996 0.406585 0.380951 0.364337 0.385041 0.406585 0.380951 0.412710 0.483357 0.411540 0.576645 0.364337 0.385041 0.371003 0.485947 0.372609 0.573359
57 0.377000 0.242818 0.385108 0.383929 0.406205 0.381768 0.364011 0.386090 0.406205 0.381768 0.410990 0.486012 0.408096 0.581159 0.364011 0.386090 0.371335 0.486276 0.372727 0.573682
58 0.376451 0.243217 0.384802 0.386512 0.405856 0.384331 0.363748 0.388693 0.405856 0.384331 0.408708 0.492104 0.405844 0.586493 0.363748 0.388693 0.371723 0.488303 0.372723 0.573810
59 0.376110 0.243796 0.384602 0.387689 0.405592 0.385694 0.363611 0.389684 0.405592 0.385694 0.407029 0.494245 0.403843 0.591774 0.363611 0.389684 0.371809 0.488672 0.372598 0.573994
60 0.376063 0.244362 0.384517 0.389337 0.405469 0.387796 0.363564 0.390878 0.405469 0.387796 0.405592 0.497647 0.402535 0.597854 0.363564 0.390878 0.371866 0.490159 0.372582 0.575046
61 0.375927 0.244757 0.384532 0.390952 0.405418 0.389502 0.363646 0.392402 0.405418 0.389502 0.403529 0.500218 0.401871 0.599919 0.363646 0.392402 0.371912 0.491354 0.372412 0.575050
62 0.375968 0.245598 0.384625 0.392915 0.405510 0.391423 0.363740 0.394406 0.405510 0.391423 0.402859 0.501024 0.400953 0.602001 0.363740 0.394406 0.372067 0.492243 0.372369 0.575051
63 0.376143 0.247224 0.384634 0.394686 0.405474 0.393645 0.363795 0.395726 0.405474 0.393645 0.401750 0.501061 0.398888 0.602205 0.363795 0.395726 0.372251 0.493848 0.372871 0.576716
64 0.377052 0.248272 0.384510 0.394709 0.405309 0.393964 0.363710 0.395453 0.405309 0.393964 0.401582 0.501104 0.396542 0.601673 0.363710 0.395453 0.372304 0.494505 0.373086 0.577413
65 0.378304 0.249180 0.384275 0.395955 0.404922 0.395790 0.363627 0.396120 0.404922 0.395790 0.400727 0.502760 0.394829 0.601014 0.363627 0.396120 0.372667 0.496956 0.373087 0.578407
66 0.380264 0.249706 0.383992 0.396623 0.404629 0.397053 0.363355 0.396194 0.404629 0.397053 0.400956 0.503690 0.395538 0.601048 0.363355 0.396194 0.372662 0.497240 0.373085 0.577573
67 0.382188 0.249922 0.383791 0.396952 0.404427 0.397617 0.363155 0.396287 0.404427 0.397617 0.401567 0.504869 0.396667 0.601266 0.363155 0.396287 0.371911 0.496866 0.373000 0.575076
68 0.384631 0.249962 0.383936 0.399068 0.404638 0.400156 0.363234 0.397980 0.404638 0.400156 0.401953 0.509257 0.397389 0.602706 0.363234 0.397980 0.370969 0.497942 0.372686 0.573738
69 0.387166 0.250115 0.384560 0.400639 0.405339 0.402187 0.363782 0.399090 0.405339 0.402187 0.402165 0.510077 0.397781 0.602641 0.363782 0.399090 0.370047 0.498194 0.372368 0.573296
70 0.390471 0.250589 0.386419 0.401710 0.407483 0.403583 0.365356 0.399836 0.407483 0.403583 0.403038 0.511209 0.397750 0.603256 0.365356 0.399836 0.369411 0.499365 0.371975 0.573432
71 0.392827 0.251374 0.388570 0.402444 0.410027 0.404186 0.367113 0.400701 0.410027 0.404186 0.404230 0.511762 0.397893 0.604114 0.367113 0.400701 0.369373 0.500030 0.371706 0.573520
72 0.395330 0.252181 0.390039 0.404610 0.411736 0.406644 0.368342 0.402576 0.411736 0.406644 0.405222 0.514560 0.398140 0.605269 0.368342 0.402576 0.369174 0.501994 0.370976 0.573825
73 0.397788 0.253051 0.391788 0.407134 0.413592 0.409441 0.369984 0.404827 0.413592 0.409441 0.405998 0.515835 0.398168 0.606176 0.369984 0.404827 0.368854 0.503226 0.369837 0.574589
74 0.399892 0.253966 0.393321 0.408293 0.415139 0.410926 0.371502 0.405659 0.415139 0.410926 0.406674 0.515949 0.398233 0.607252 0.371502 0.405659 0.368205 0.504497 0.368066 0.574775
75 0.401723 0.255214 0.394670 0.409963 0.416604 0.412918 0.372737 0.407008 0.416604 0.412918 0.407109 0.517455 0.398341 0.608561 0.372737 0.407008 0.367093 0.504924 0.366839 0.576012
76 0.403047 0.256991 0.396117 0.412328 0.418053 0.415387 0.374181 0.409270 0.418053 0.415387 0.407829 0.518134 0.398428 0.609328 0.374181 0.409270 0.366486 0.505927 0.365107 0.577071
77 0.404351 0.259160 0.398139 0.414961 0.420148 0.417761 0.376131 0.412160 0.420148 0.417761 0.409073 0.519610 0.398489 0.610187 0.376131 0.412160 0.366608 0.508259 0.365049 0.577730
78 0.405663 0.260391 0.400246 0.415898 0.422307 0.418515 0.378185 0.413280 0.422307 0.418515 0.410089 0.519428 0.398547 0.610046 0.378185 0.413280 0.367054 0.509403 0.364527 0.580528
79 0.406691 0.260914 0.402010 0.416561 0.424039 0.418936 0.379981 0.414186 0.424039 0.418936 0.410788 0.519288 0.397948 0.610199 0.379981 0.414186 0.369145 0.512590 0.364266 0.588543
80 0.407934 0.261991 0.403802 0.418813 0.425757 0.421123 0.381847 0.416504 0.425757 0.421123 0.411721 0.520228 0.397719 0.609983 0.381847 0.416504 0.371948 0.516310 0.364508 0.592940
81 0.409012 0.263710 0.405259 0.421300 0.426927 0.423500 0.383591 0.419100 0.426927 0.423500 0.412225 0.522732 0.397502 0.609865 0.383591 0.419100 0.376577 0.520528 0.365901 0.599800
82 0.409794 0.265473 0.406439 0.423819 0.427874 0.425983 0.385003 0.421655 0.427874 0.425983 0.412611 0.526452 0.397067 0.610942 0.385003 0.421655 0.380177 0.526239 0.368514 0.604163
83 0.410370 0.268255 0.406928 0.427940 0.428439 0.430010 0.385418 0.425870 0.428439 0.430010 0.412989 0.528320 0.397117 0.612382 0.385418 0.425870 0.381817 0.528391 0.370670 0.606947
84 0.410529 0.271595 0.407613 0.432722 0.429050 0.434491 0.386176 0.430953 0.429050 0.434491 0.413239 0.531048 0.397444 0.613729 0.386176 0.430953 0.383181 0.532204 0.371905 0.614051
85 0.410829 0.274934 0.408941 0.435132 0.430134 0.436146 0.387748 0.434118 0.430134 0.436146 0.414314 0.533383 0.397409 0.614631 0.387748 0.434118 0.386226 0.532556 0.373091 0.611383
86 0.411171 0.279979 0.409968 0.440229 0.431205 0.441077 0.388730 0.439382 0.431205 0.441077 0.416852 0.535889 0.397593 0.614488 0.388730 0.439382 0.388822 0.534419 0.374493 0.609580
87 0.411805 0.285822 0.410834 0.447641 0.432010 0.447741 0.389658 0.447541 0.432010 0.447741 0.418872 0.542628 0.397769 0.614615 0.389658 0.447541 0.389211 0.541005 0.375715 0.610282
88 0.412429 0.292598 0.411699 0.454786 0.432951 0.454422 0.390448 0.455150 0.432951 0.454422 0.421416 0.551451 0.397781 0.615809 0.390448 0.455150 0.389102 0.550104 0.375185 0.610703
89 0.412916 0.300488 0.413117 0.461573 0.434179 0.460575 0.392055 0.462571 0.434179 0.460575 0.423226 0.561767 0.396503 0.618645 0.392055 0.462571 0.389184 0.561259 0.374914 0.615606
90 0.413251 0.309622 0.415395 0.471322 0.436522 0.469701 0.394268 0.472943 0.436522 0.469701 0.429622 0.565777 0.396815 0.622684 0.394268 0.472943 0.393480 0.568480 0.374133 0.624498
91 0.413935 0.320993 0.416328 0.482078 0.437055 0.479930 0.395602 0.484227 0.437055 0.479930 0.436367 0.568778 0.398118 0.625848 0.395602 0.484227 0.394673 0.575763 0.373952 0.627440
92 0.414663 0.333240 0.415747 0.495867 0.436474 0.493933 0.395019 0.497801 0.436474 0.493933 0.439695 0.582899 0.398465 0.626074 0.395019 0.497801 0.399756 0.574357 0.375351 0.623469
93 0.416238 0.347708 0.415986 0.506230 0.436459 0.503689 0.395513 0.508771 0.436459 0.503689 0.441838 0.595969 0.398548 0.617049 0.395513 0.508771 0.404317 0.580187 0.377428 0.623747
94 0.418868 0.363498 0.416164 0.516849 0.436278 0.514368 0.396049 0.519329 0.436278 0.514368 0.444892 0.609010 0.395766 0.605340 0.396049 0.519329 0.404100 0.614809 0.371084 0.618581
95 0.420521 0.388872 0.415791 0.537805 0.435760 0.532281 0.395822 0.543330 0.435760 0.532281 0.447196 0.619968 0.396059 0.602627 0.395822 0.543330 0.407525 0.640138 0.367472 0.611724
96 0.426162 0.418587 0.415705 0.559110 0.435692 0.552687 0.395718 0.565533 0.435692 0.552687 0.455857 0.622278 0.394786 0.602186 0.395718 0.565533 0.411580 0.668400 0.361368 0.621663
97 0.433708 0.450923 0.414308 0.573818 0.433719 0.565564 0.394897 0.582071 0.433719 0.565564 0.476457 0.608472 0.403554 0.611386 0.394897 0.582071 0.423629 0.672847 0.361729 0.637586
98 0.437746 0.491176 0.412875 0.596941 0.433071 0.586315 0.392679 0.607568 0.433071 0.586315 0.467384 0.637544 0.402747 0.630383 0.392679 0.607568 0.417621 0.684225 0.359713 0.647036
99 0.439761 0.532883 0.410092 0.616818 0.431370 0.604194 0.388813 0.629441 0.431370 0.604194 0.474111 0.647432 0.427100 0.655758 0.388813 0.629441 0.415307 0.694257 0.355036 0.655372
100 0.440322 0.564049 0.401270 0.650190 0.413356 0.644115 0.389184 0.656265 0.413356 0.644115 0.461767 0.648810 0.446355 0.692901 0.389184 0.656265 0.440905 0.689499 0.418882 0.731044
101 -1 -1 -1 -1 -1 -1 -1 -1 -1 -1 -1 -1 -1 -1 -1 -1 -1 -1 -1 -1
102 -1 -1 -1 -1 -1 -1 -1 -1 -1 -1 -1 -1 -1 -1 -1 -1 -1 -1 -1 -1
103 -1 -1 -1 -1 -1 -1 -1 -1 -1 -1 -1 -1 -1 -1 -1 -1 -1 -1 -1 -1
104 -1 -1 -1 -1 -1 -1 -1 -1 -1 -1 -1 -1 -1 -1 -1 -1 -1 -1 -1 -1
105 -1 -1 -1 -1 -1 -1 -1 -1 -1 -1 -1 -1 -1 -1 -1 -1 -1 -1 -1 -1
106 -1 -1 -1 -1 -1 -1 -1 -1 -1 -1 -1 -1 -1 -1 -1 -1 -1 -1 -1 -1
107 -1 -1 -1 -1 -1 -1 -1 -1 -1 -1 -1 -1 -1 -1 -1 -1 -1 -1 -1 -1
108 -1 -1 -1 -1 -1 -1 -1 -1 -1 -1 -1 -1 -1 -1 -1 -1 -1 -1 -1 -1
109 -1 -1 -1 -1 -1 -1 -1 -1 -1 -1 -1 -1 -1 -1 -1 -1 -1 -1 -1 -1
110 -1 -1 -1 -1 -1 -1 -1 -1 -1 -1 -1 -1 -1 -1 -1 -1 -1 -1 -1 -1
111 -1 -1 -1 -1 -1 -1 -1 -1 -1 -1 -1 -1 -1 -1 -1 -1 -1 -1 -1 -1
112 -1 -1 -1 -1 -1 -1 -1 -1 -1 -1 -1 -1 -1 -1 -1 -1 -1 -1 -1 -1
113 -1 -1 -1 -1 -1 -1 -1 -1 -1 -1 -1 -1 -1 -1 -1 -1 -1 -1 -1 -1
114 -1 -1 -1 -1 -1 -1 -1 -1 -1 -1 -1 -1 -1 -1 -1 -1 -1 -1 -1 -1
115 -1 -1 -1 -1 -1 -1 -1 -1 -1 -1 -1 -1 -1 -1 -1 -1 -1 -1 -1 -1
116 -1 -1 -1 -1 -1 -1 -1 -1 -1 -1 -1 -1 -1 -1 -1 -1 -1 -1 -1 -1
117 -1 -1 -1 -1 -1 -1 -1 -1 -1 -1 -1 -1 -1 -1 -1 -1 -1 -1 -1 -1
118 -1 -1 -1 -1 -1 -1 -1 -1 -1 -1 -1 -1 -1 -1 -1 -1 -1 -1 -1 -1
119 -1 -1 -1 -1 -1 -1 -1 -1 -1 -1 -1 -1 -1 -1 -1 -1 -1 -1 -1 -1
120 -1 -1 -1 -1 -1 -1 -1 -1 -1 -1 -1 -1 -1 -1 -1 -1 -1 -1 -1 -1
121 -1 -1 -1 -1 -1 -1 -1 -1 -1 -1 -1 -1 -1 -1 -1 -1 -1 -1 -1 -1
122 -1 -1 -1 -1 -1 -1 -1 -1 -1 -1 -1 -1 -1 -1 -1 -1 -1 -1 -1 -1
123 -1 -1 -1 -1 -1 -1 -1 -1 -1 -1 -1 -1 -1 -1 -1 -1 -1 -1 -1 -1
124 -1 -1 -1 -1 -1 -1 -1 -1 -1 -1 -1 -1 -1 -1 -1 -1 -1 -1 -1 -1
125 -1 -1 -1 -1 -1 -1 -1 -1 -1 -1 -1 -1 -1 -1 -1 -1 -1 -1 -1 -1
126 -1 -1 -1 -1 -1 -1 -1 -1 -1 -1 -1 -1 -1 -1 -1 -1 -1 -1 -1 -1
127 -1 -1 -1 -1 -1 -1 -1 -1 -1 -1 -1 -1 -1 -1 -1 -1 -1 -1 -1 -1
128 -1 -1 -1 -1 -1 -1 -1 -1 -1 -1 -1 -1 -1 -1 -1 -1 -1 -1 -1 -1
129 -1 -1 -1 -1 -1 -1 -1 -1 -1 -1 -1 -1 -1 -1 -1 -1 -1 -1 -1 -1
130 -1 -1 -1 -1 -1 -1 -1 -1 -1 -1 -1 -1 -1 -1 -1 -1 -1 -1 -1 -1
131 -1 -1 -1 -1 -1 -1 -1 -1 -1 -1 -1 -1 -1 -1 -1 -1 -1 -1 -1 -1
132 -1 -1 -1 -1 -1 -1 -1 -1 -1 -1 -1 -1 -1 -1 -1 -1 -1 -1 -1 -1
133 -1 -1 -1 -1 -1 -1 -1 -1 -1 -1 -1 -1 -1 -1 -1 -1 -1 -1 -1 -1
134 -1 -1 -1 -1 -1 -1 -1 -1 -1 -1 -1 -1 -1 -1 -1 -1 -1 -1 -1 -1
135 -1 -1 -1 -1 -1 -1 -1 -1 -1 -1 -1 -1 -1 -1 -1 -1 -1 -1 -1 -1
136 -1 -1 -1 -1 -1 -1 -1 -1 -1 -1 -1 -1 -1 -1 -1 -1 -1 -1 -1 -1
137 -1 -1 -1 -1 -1 -1 -1 -1 -1 -1 -1 -1 -1 -1 -1 -1 -1 -1 -1 -1
138 -1 -1 -1 -1 -1 -1 -1 -1 -1 -1 -1 -1 -1 -1 -1 -1 -1 -1 -1 -1
139 -1 -1 -1 -1 -1 -1 -1 -1 -1 -1 -1 -1 -1 -1 -1 -1 -1 -1 -1 -1
140 -1 -1 -1 -1 -1 -1 -1 -1 -1 -1 -1 -1 -1 -1 -1 -1 -1 -1 -1 -1
141 -1 -1 -1 -1 -1 -1 -1 -1 -1 -1 -1 -1 -1 -1 -1 -1 -1 -1 -1 -1
142 -1 -1 -1 -1 -1 -1 -1 -1 -1 -1 -1 -1 -1 -1 -1 -1 -1 -1 -1 -1
143 -1 -1 -1 -1 -1 -1 -1 -1 -1 -1 -1 -1 -1 -1 -1 -1 -1 -1 -1 -1
144 -1 -1 -1 -1 -1 -1 -1 -1 -1 -1 -1 -1 -1 -1 -1 -1 -1 -1 -1 -1
145 -1 -1 -1 -1 -1 -1 -1 -1 -1 -1 -1 -1 -1 -1 -1 -1 -1 -1 -1 -1
146 -1 -1 -1 -1 -1 -1 -1 -1 -1 -1 -1 -1 -1 -1 -1 -1 -1 -1 -1 -1
147 -1 -1 -1 -1 -1 -1 -1 -1 -1 -1 -1 -1 -1 -1 -1 -1 -1 -1 -1 -1
148 -1 -1 -1 -1 -1 -1 -1 -1 -1 -1 -1 -1 -1 -1 -1 -1 -1 -1 -1 -1
149 -1 -1 -1 -1 -1 -1 -1 -1 -1 -1 -1 -1 -1 -1 -1 -1 -1 -1 -1 -1
150 -1 -1 -1 -1 -1 -1 -1 -1 -1 -1 -1 -1 -1 -1 -1 -1 -1 -1 -1 -1
151 -1 -1 -1 -1 -1 -1 -1 -1 -1 -1 -1 -1 -1 -1 -1 -1 -1 -1 -1 -1
152 -1 -1 -1 -1 -1 -1 -1 -1 -1 -1 -1 -1 -1 -1 -1 -1 -1 -1 -1 -1
153 -1 -1 -1 -1 -1 -1 -1 -1 -1 -1 -1 -1 -1 -1 -1 -1 -1 -1 -1 -1
154 -1 -1 -1 -1 -1 -1 -1 -1 -1 -1 -1 -1 -1 -1 -1 -1 -1 -1 -1 -1
155 -1 -1 -1 -1 -1 -1 -1 -1 -1 -1 -1 -1 -1 -1 -1 -1 -1 -1 -1 -1
156 -1 -1 -1 -1 -1 -1 -1 -1 -1 -1 -1 -1 -1 -1 -1 -1 -1 -1 -1 -1
157 -1 -1 -1 -1 -1 -1 -1 -1 -1 -1 -1 -1 -1 -1 -1 -1 -1 -1 -1 -1
158 -1 -1 -1 -1 -1 -1 -1 -1 -1 -1 -1 -1 -1 -1 -1 -1 -1 -1 -1 -1
159 -1 -1 -1 -1 -1 -1 -1 -1 -1 -1 -1 -1 -1 -1 -1 -1 -1 -1 -1 -1
160 -1 -1 -1 -1 -1 -1 -1 -1 -1 -1 -1 -1 -1 -1 -1 -1 -1 -1 -1 -1
161 -1 -1 -1 -1 -1 -1 -1 -1 -1 -1 -1 -1 -1 -1 -1 -1 -1 -1 -1 -1
162 -1 -1 -1 -1 -1 -1 -1 -1 -1 -1 -1 -1 -1 -1 -1 -1 -1 -1 -1 -1
163 -1 -1 -1 -1 -1 -1 -1 -1 -1 -1 -1 -1 -1 -1 -1 -1 -1 -1 -1 -1
164 -1 -1 -1 -1 -1 -1 -1 -1 -1 -1 -1 -1 -1 -1 -1 -1 -1 -1 -1 -1
165 -1 -1 -1 -1 -1 -1 -1 -1 -1 -1 -1 -1 -1 -1 -1 -1 -1 -1 -1 -1
166 -1 -1 -1 -1 -1 -1 -1 -1 -1 -1 -1 -1 -1 -1 -1 -1 -1 -1 -1 -1
167 -1 -1 -1 -1 -1 -1 -1 -1 -1 -1 -1 -1 -1 -1 -1 -1 -1 -1 -1 -1
168 -1 -1 -1 -1 -1 -1 -1 -1 -1 -1 -1 -1 -1 -1 -1 -1 -1 -1 -1 -1
169 -1 -1 -1 -1 -1 -1 -1 -1 -1 -1 -1 -1 -1 -1 -1 -1 -1 -1 -1 -1
170 -1 -1 -1 -1 -1 -1 -1 -1 -1 -1 -1 -1 -1 -1 -1 -1 -1 -1 -1 -1
171 -1 -1 -1 -1 -1 -1 -1 -1 -1 -1 -1 -1 -1 -1 -1 -1 -1 -1 -1 -1
172 -1 -1 -1 -1 -1 -1 -1 -1 -1 -1 -1 -1 -1 -1 -1 -1 -1 -1 -1 -1
173 -1 -1 -1 -1 -1 -1 -1 -1 -1 -1 -1 -1 -1 -1 -1 -1 -1 -1 -1 -1
174 -1 -1 -1 -1 -1 -1 -1 -1 -1 -1 -1 -1 -1 -1 -1 -1 -1 -1 -1 -1
175 -1 -1 -1 -1 -1 -1 -1 -1 -1 -1 -1 -1 -1 -1 -1 -1 -1 -1 -1 -1
176 -1 -1 -1 -1 -1 -1 -1 -1 -1 -1 -1 -1 -1 -1 -1 -1 -1 -1 -1 -1
177 -1 -1 -1 -1 -1 -1 -1 -1 -1 -1 -1 -1 -1 -1 -1 -1 -1 -1 -1 -1
178 -1 -1 -1 -1 -1 -1 -1 -1 -1 -1 -1 -1 -1 -1 -1 -1 -1 -1 -1 -1
179 -1 -1 -1 -1 -1 -1 -1 -1 -1 -1 -1 -1 -1 -1 -1 -1 -1 -1 -1 -1
180 -1 -1 -1 -1 -1 -1 -1 -1 -1 -1 -1 -1 -1 -1 -1 -1 -1 -1 -1 -1
181 -1 -1 -1 -1 -1 -1 -1 -1 -1 -1 -1 -1 -1 -1 -1 -1 -1 -1 -1 -1
182 -1 -1 -1 -1 -1 -1 -1 -1 -1 -1 -1 -1 -1 -1 -1 -1 -1 -1 -1 -1
183 -1 -1 -1 -1 -1 -1 -1 -1 -1 -1 -1 -1 -1 -1 -1 -1 -1 -1 -1 -1
184 -1 -1 -1 -1 -1 -1 -1 -1 -1 -1 -1 -1 -1 -1 -1 -1 -1 -1 -1 -1
185 -1 -1 -1 -1 -1 -1 -1 -1 -1 -1 -1 -1 -1 -1 -1 -1 -1 -1 -1 -1
186 -1 -1 -1 -1 -1 -1 -1 -1 -1 -1 -1 -1 -1 -1 -1 -1 -1 -1 -1 -1
187 -1 -1 -1 -1 -1 -1 -1 -1 -1 -1 -1 -1 -1 -1 -1 -1 -1 -1 -1 -1
188 -1 -1 -1 -1 -1 -1 -1 -1 -1 -1 -1 -1 -1 -1 -1 -1 -1 -1 -1 -1
189 -1 -1 -1 -1 -1 -1 -1 -1 -1 -1 -1 -1 -1 -1 -1 -1 -1 -1 -1 -1
190 -1 -1 -1 -1 -1 -1 -1 -1 -1 -1 -1 -1 -1 -1 -1 -1 -1 -1 -1 -1
191 -1 -1 -1 -1 -1 -1 -1 -1 -1 -1 -1 -1 -1 -1 -1 -1 -1 -1 -1 -1
192 -1 -1 -1 -1 -1 -1 -1 -1 -1 -1 -1 -1 -1 -1 -1 -1 -1 -1 -1 -1
193 -1 -1 -1 -1 -1 -1 -1 -1 -1 -1 -1 -1 -1 -1 -1 -1 -1 -1 -1 -1
194 -1 -1 -1 -1 -1 -1 -1 -1 -1 -1 -1 -1 -1 -1 -1 -1 -1 -1 -1 -1
195 -1 -1 -1 -1 -1 -1 -1 -1 -1 -1 -1 -1 -1 -1 -1 -1 -1 -1 -1 -1
196 -1 -1 -1 -1 -1 -1 -1 -1 -1 -1 -1 -1 -1 -1 -1 -1 -1 -1 -1 -1
197 -1 -1 -1 -1 -1 -1 -1 -1 -1 -1 -1 -1 -1 -1 -1 -1 -1 -1 -1 -1
198 -1 -1 -1 -1 -1 -1 -1 -1 -1 -1 -1 -1 -1 -1 -1 -1 -1 -1 -1 -1
199 -1 -1 -1 -1 -1 -1 -1 -1 -1 -1 -1 -1 -1 -1 -1 -1 -1 -1 -1 -1
200 -1 -1 -1 -1 -1 -1 -1 -1 -1 -1 -1 -1 -1 -1 -1 -1 -1 -1 -1 -1
201 -1 -1 -1 -1 -1 -1 -1 -1 -1 -1 -1 -1 -1 -1 -1 -1 -1 -1 -1 -1
202 -1 -1 -1 -1 -1 -1 -1 -1 -1 -1 -1 -1 -1 -1 -1 -1 -1 -1 -1 -1
203 -1 -1 -1 -1 -1 -1 -1 -1 -1 -1 -1 -1 -1 -1 -1 -1 -1 -1 -1 -1
204 -1 -1 -1 -1 -1 -1 -1 -1 -1 -1 -1 -1 -1 -1 -1 -1 -1 -1 -1 -1
205 -1 -1 -1 -1 -1 -1 -1 -1 -1 -1 -1 -1 -1 -1 -1 -1 -1 -1 -1 -1
206 -1 -1 -1 -1 -1 -1 -1 -1 -1 -1 -1 -1 -1 -1 -1 -1 -1 -1 -1 -1
207 -1 -1 -1 -1 -1 -1 -1 -1 -1 -1 -1 -1 -1 -1 -1 -1 -1 -1 -1 -1
208 -1 -1 -1 -1 -1 -1 -1 -1 -1 -1 -1 -1 -1 -1 -1 -1 -1 -1 -1 -1
209 -1 -1 -1 -1 -1 -1 -1 -1 -1 -1 -1 -1 -1 -1 -1 -1 -1 -1 -1 -1
210 -1 -1 -1 -1 -1 -1 -1 -1 -1 -1 -1 -1 -1 -1 -1 -1 -1 -1 -1 -1
211 -1 -1 -1 -1 -1 -1 -1 -1 -1 -1 -1 -1 -1 -1 -1 -1 -1 -1 -1 -1
212 -1 -1 -1 -1 -1 -1 -1 -1 -1 -1 -1 -1 -1 -1 -1 -1 -1 -1 -1 -1
213 -1 -1 -1 -1 -1 -1 -1 -1 -1 -1 -1 -1 -1 -1 -1 -1 -1 -1 -1 -1
214 -1 -1 -1 -1 -1 -1 -1 -1 -1 -1 -1 -1 -1 -1 -1 -1 -1 -1 -1 -1
215 -1 -1 -1 -1 -1 -1 -1 -1 -1 -1 -1 -1 -1 -1 -1 -1 -1 -1 -1 -1
216 -1 -1 -1 -1 -1 -1 -1 -1 -1 -1 -1 -1 -1 -1 -1 -1 -1 -1 -1 -1
217 -1 -1 -1 -1 -1 -1 -1 -1 -1 -1 -1 -1 -1 -1 -1 -1 -1 -1 -1 -1
218 -1 -1 -1 -1 -1 -1 -1 -1 -1 -1 -1 -1 -1 -1 -1 -1 -1 -1 -1 -1
219 -1 -1 -1 -1 -1 -1 -1 -1 -1 -1 -1 -1 -1 -1 -1 -1 -1 -1 -1 -1
220 -1 -1 -1 -1 -1 -1 -1 -1 -1 -1 -1 -1 -1 -1 -1 -1 -1 -1 -1 -1
221 -1 -1 -1 -1 -1 -1 -1 -1 -1 -1 -1 -1 -1 -1 -1 -1 -1 -1 -1 -1
222 -1 -1 -1 -1 -1 -1 -1 -1 -1 -1 -1 -1 -1 -1 -1 -1 -1 -1 -1 -1
223 -1 -1 -1 -1 -1 -1 -1 -1 -1 -1 -1 -1 -1 -1 -1 -1 -1 -1 -1 -1
224 -1 -1 -1 -1 -1 -1 -1 -1 -1 -1 -1 -1 -1 -1 -1 -1 -1 -1 -1 -1
225 -1 -1 -1 -1 -1 -1 -1 -1 -1 -1 -1 -1 -1 -1 -1 -1 -1 -1 -1 -1
226 -1 -1 -1 -1 -1 -1 -1 -1 -1 -1 -1 -1 -1 -1 -1 -1 -1 -1 -1 -1
227 -1 -1 -1 -1 -1 -1 -1 -1 -1 -1 -1 -1 -1 -1 -1 -1 -1 -1 -1 -1
228 -1 -1 -1 -1 -1 -1 -1 -1 -1 -1 -1 -1 -1 -1 -1 -1 -1 -1 -1 -1
229 -1 -1 -1 -1 -1 -1 -1 -1 -1 -1 -1 -1 -1 -1 -1 -1 -1 -1 -1 -1
230 -1 -1 -1 -1 -1 -1 -1 -1 -1 -1 -1 -1 -1 -1 -1 -1 -1 -1 -1 -1
231 -1 -1 -1 -1 -1 -1 -1 -1 -1 -1 -1 -1 -1 -1 -1 -1 -1 -1 -1 -1
232 -1 -1 -1 -1 -1 -1 -1 -1 -1 -1 -1 -1 -1 -1 -1 -1 -1 -1 -1 -1
233 -1 -1 -1 -1 -1 -1 -1 -1 -1 -1 -1 -1 -1 -1 -1 -1 -1 -1 -1 -1
234 -1 -1 -1 -1 -1 -1 -1 -1 -1 -1 -1 -1 -1 -1 -1 -1 -1 -1 -1 -1
235 -1 -1 -1 -1 -1 -1 -1 -1 -1 -1 -1 -1 -1 -1 -1 -1 -1 -1 -1 -1
236 -1 -1 -1 -1 -1 -1 -1 -1 -1 -1 -1 -1 -1 -1 -1 -1 -1 -1 -1 -1
237 -1 -1 -1 -1 -1 -1 -1 -1 -1 -1 -1 -1 -1 -1 -1 -1 -1 -1 -1 -1
238 -1 -1 -1 -1 -1 -1 -1 -1 -1 -1 -1 -1 -1 -1 -1 -1 -1 -1 -1 -1
239 -1 -1 -1 -1 -1 -1 -1 -1 -1 -1 -1 -1 -1 -1 -1 -1 -1 -1 -1 -1
240 -1 -1 -1 -1 -1 -1 -1 -1 -1 -1 -1 -1 -1 -1 -1 -1 -1 -1 -1 -1
241 -1 -1 -1 -1 -1 -1 -1 -1 -1 -1 -1 -1 -1 -1 -1 -1 -1 -1 -1 -1
242 -1 -1 -1 -1 -1 -1 -1 -1 -1 -1 -1 -1 -1 -1 -1 -1 -1 -1 -1 -1
243 -1 -1 -1 -1 -1 -1 -1 -1 -1 -1 -1 -1 -1 -1 -1 -1 -1 -1 -1 -1
