186
199
0 -1 -1 -1 -1 -1 -1 -1 -1 -1 -1 -1 -1 -1 -1 -1 -1 -1 -1 -1 -1
1 -1 -1 -1 -1 -1 -1 -1 -1 -1 -1 -1 -1 -1 -1 -1 -1 -1 -1 -1 -1
2 -1 -1 -1 -1 -1 -1 -1 -1 -1 -1 -1 -1 -1 -1 -1 -1 -1 -1 -1 -1
3 -1 -1 -1 -1 -1 -1 -1 -1 -1 -1 -1 -1 -1 -1 -1 -1 -1 -1 -1 -1
4 -1 -1 -1 -1 -1 -1 -1 -1 -1 -1 -1 -1 -1 -1 -1 -1 -1 -1 -1 -1
5 -1 -1 -1 -1 -1 -1 -1 -1 -1 -1 -1 -1 -1 -1 -1 -1 -1 -1 -1 -1
6 -1 -1 -1 -1 -1 -1 -1 -1 -1 -1 -1 -1 -1 -1 -1 -1 -1 -1 -1 -1
7 -1 -1 -1 -1 -1 -1 -1 -1 -1 -1 -1 -1 -1 -1 -1 -1 -1 -1 -1 -1
8 -1 -1 -1 -1 -1 -1 -1 -1 -1 -1 -1 -1 -1 -1 -1 -1 -1 -1 -1 -1
9 -1 -1 -1 -1 -1 -1 -1 -1 -1 -1 -1 -1 -1 -1 -1 -1 -1 -1 -1 -1
10 -1 -1 -1 -1 -1 -1 -1 -1 -1 -1 -1 -1 -1 -1 -1 -1 -1 -1 -1 -1
11 -1 -1 -1 -1 -1 -1 -1 -1 -1 -1 -1 -1 -1 -1 -1 -1 -1 -1 -1 -1
12 -1 -1 -1 -1 -1 -1 -1 -1 -1 -1 -1 -1 -1 -1 -1 -1 -1 -1 -1 -1
13 -1 -1 -1 -1 -1 -1 -1 -1 -1 -1 -1 -1 -1 -1 -1 -1 -1 -1 -1 -1
14 -1 -1 -1 -1 -1 -1 -1 -1 -1 -1 -1 -1 -1 -1 -1 -1 -1 -1 -1 -1
15 -1 -1 -1 -1 -1 -1 -1 -1 -1 -1 -1 -1 -1 -1 -1 -1 -1 -1 -1 -1
16 -1 -1 -1 -1 -1 -1 -1 -1 -1 -1 -1 -1 -1 -1 -1 -1 -1 -1 -1 -1
17 -1 -1 -1 -1 -1 -1 -1 -1 -1 -1 -1 -1 -1 -1 -1 -1 -1 -1 -1 -1
18 -1 -1 -1 -1 -1 -1 -1 -1 -1 -1 -1 -1 -1 -1 -1 -1 -1 -1 -1 -1
19 -1 -1 -1 -1 -1 -1 -1 -1 -1 -1 -1 -1 -1 -1 -1 -1 -1 -1 -1 -1
20 -1 -1 -1 -1 -1 -1 -1 -1 -1 -1 -1 -1 -1 -1 -1 -1 -1 -1 -1 -1
21 -1 -1 -1 -1 -1 -1 -1 -1 -1 -1 -1 -1 -1 -1 -1 -1 -1 -1 -1 -1
22 -1 -1 -1 -1 -1 -1 -1 -1 -1 -1 -1 -1 -1 -1 -1 -1 -1 -1 -1 -1
23 -1 -1 -1 -1 -1 -1 -1 -1 -1 -1 -1 -1 -1 -1 -1 -1 -1 -1 -1 -1
24 -1 -1 -1 -1 -1 -1 -1 -1 -1 -1 -1 -1 -1 -1 -1 -1 -1 -1 -1 -1
25 -1 -1 -1 -1 -1 -1 -1 -1 -1 -1 -1 -1 -1 -1 -1 -1 -1 -1 -1 -1
26 -1 -1 -1 -1 -1 -1 -1 -1 -1 -1 -1 -1 -1 -1 -1 -1 -1 -1 -1 -1
27 -1 -1 -1 -1 -1 -1 -1 -1 -1 -1 -1 -1 -1 -1 -1 -1 -1 -1 -1 -1
28 -1 -1 -1 -1 -1 -1 -1 -1 -1 -1 -1 -1 -1 -1 -1 -1 -1 -1 -1 -1
29 -1 -1 -1 -1 -1 -1 -1 -1 -1 -1 -1 -1 -1 -1 -1 -1 -1 -1 -1 -1
30 -1 -1 -1 -1 -1 -1 -1 -1 -1 -1 -1 -1 -1 -1 -1 -1 -1 -1 -1 -1
31 -1 -1 -1 -1 -1 -1 -1 -1 -1 -1 -1 -1 -1 -1 -1 -1 -1 -1 -1 -1
32 -1 -1 -1 -1 -1 -1 -1 -1 -1 -1 -1 -1 -1 -1 -1 -1 -1 -1 -1 -1
33 -1 -1 -1 -1 -1 -1 -1 -1 -1 -1 -1 -1 -1 -1 -1 -1 -1 -1 -1 -1
34 -1 -1 -1 -1 -1 -1 -1 -1 -1 -1 -1 -1 -1 -1 -1 -1 -1 -1 -1 -1
35 -1 -1 -1 -1 -1 -1 -1 -1 -1 -1 -1 -1 -1 -1 -1 -1 -1 -1 -1 -1
36 -1 -1 -1 -1 -1 -1 -1 -1 -1 -1 -1 -1 -1 -1 -1 -1 -1 -1 -1 -1
37 -1 -1 -1 -1 -1 -1 -1 -1 -1 -1 -1 -1 -1 -1 -1 -1 -1 -1 -1 -1
38 -1 -1 -1 -1 -1 -1 -1 -1 -1 -1 -1 -1 -1 -1 -1 -1 -1 -1 -1 -1
39 -1 -1 -1 -1 -1 -1 -1 -1 -1 -1 -1 -1 -1 -1 -1 -1 -1 -1 -1 -1
40 -1 -1 -1 -1 -1 -1 -1 -1 -1 -1 -1 -1 -1 -1 -1 -1 -1 -1 -1 -1
41 -1 -1 -1 -1 -1 -1 -1 -1 -1 -1 -1 -1 -1 -1 -1 -1 -1 -1 -1 -1
42 -1 -1 -1 -1 -1 -1 -1 -1 -1 -1 -1 -1 -1 -1 -1 -1 -1 -1 -1 -1
43 -1 -1 -1 -1 -1 -1 -1 -1 -1 -1 -1 -1 -1 -1 -1 -1 -1 -1 -1 -1
44 -1 -1 -1 -1 -1 -1 -1 -1 -1 -1 -1 -1 -1 -1 -1 -1 -1 -1 -1 -1
45 -1 -1 -1 -1 -1 -1 -1 -1 -1 -1 -1 -1 -1 -1 -1 -1 -1 -1 -1 -1
46 -1 -1 -1 -1 -1 -1 -1 -1 -1 -1 -1 -1 -1 -1 -1 -1 -1 -1 -1 -1
47 -1 -1 -1 -1 -1 -1 -1 -1 -1 -1 -1 -1 -1 -1 -1 -1 -1 -1 -1 -1
48 -1 -1 -1 -1 -1 -1 -1 -1 -1 -1 -1 -1 -1 -1 -1 -1 -1 -1 -1 -1
49 -1 -1 -1 -1 -1 -1 -1 -1 -1 -1 -1 -1 -1 -1 -1 -1 -1 -1 -1 -1
50 -1 -1 -1 -1 -1 -1 -1 -1 -1 -1 -1 -1 -1 -1 -1 -1 -1 -1 -1 -1
51 -1 -1 -1 -1 -1 -1 -1 -1 -1 -1 -1 -1 -1 -1 -1 -1 -1 -1 -1 -1
52 -1 -1 -1 -1 -1 -1 -1 -1 -1 -1 -1 -1 -1 -1 -1 -1 -1 -1 -1 -1
53 -1 -1 -1 -1 -1 -1 -1 -1 -1 -1 -1 -1 -1 -1 -1 -1 -1 -1 -1 -1
54 -1 -1 -1 -1 -1 -1 -1 -1 -1 -1 -1 -1 -1 -1 -1 -1 -1 -1 -1 -1
55 -1 -1 -1 -1 -1 -1 -1 -1 -1 -1 -1 -1 -1 -1 -1 -1 -1 -1 -1 -1
56 -1 -1 -1 -1 -1 -1 -1 -1 -1 -1 -1 -1 -1 -1 -1 -1 -1 -1 -1 -1
57 -1 -1 -1 -1 -1 -1 -1 -1 -1 -1 -1 -1 -1 -1 -1 -1 -1 -1 -1 -1
58 -1 -1 -1 -1 -1 -1 -1 -1 -1 -1 -1 -1 -1 -1 -1 -1 -1 -1 -1 -1
59 -1 -1 -1 -1 -1 -1 -1 -1 -1 -1 -1 -1 -1 -1 -1 -1 -1 -1 -1 -1
60 -1 -1 -1 -1 -1 -1 -1 -1 -1 -1 -1 -1 -1 -1 -1 -1 -1 -1 -1 -1
61 -1 -1 -1 -1 -1 -1 -1 -1 -1 -1 -1 -1 -1 -1 -1 -1 -1 -1 -1 -1
62 -1 -1 -1 -1 -1 -1 -1 -1 -1 -1 -1 -1 -1 -1 -1 -1 -1 -1 -1 -1
63 -1 -1 -1 -1 -1 -1 -1 -1 -1 -1 -1 -1 -1 -1 -1 -1 -1 -1 -1 -1
64 -1 -1 -1 -1 -1 -1 -1 -1 -1 -1 -1 -1 -1 -1 -1 -1 -1 -1 -1 -1
65 -1 -1 -1 -1 -1 -1 -1 -1 -1 -1 -1 -1 -1 -1 -1 -1 -1 -1 -1 -1
66 -1 -1 -1 -1 -1 -1 -1 -1 -1 -1 -1 -1 -1 -1 -1 -1 -1 -1 -1 -1
67 -1 -1 -1 -1 -1 -1 -1 -1 -1 -1 -1 -1 -1 -1 -1 -1 -1 -1 -1 -1
68 -1 -1 -1 -1 -1 -1 -1 -1 -1 -1 -1 -1 -1 -1 -1 -1 -1 -1 -1 -1
69 -1 -1 -1 -1 -1 -1 -1 -1 -1 -1 -1 -1 -1 -1 -1 -1 -1 -1 -1 -1
70 -1 -1 -1 -1 -1 -1 -1 -1 -1 -1 -1 -1 -1 -1 -1 -1 -1 -1 -1 -1
71 -1 -1 -1 -1 -1 -1 -1 -1 -1 -1 -1 -1 -1 -1 -1 -1 -1 -1 -1 -1
72 -1 -1 -1 -1 -1 -1 -1 -1 -1 -1 -1 -1 -1 -1 -1 -1 -1 -1 -1 -1
73 -1 -1 -1 -1 -1 -1 -1 -1 -1 -1 -1 -1 -1 -1 -1 -1 -1 -1 -1 -1
74 -1 -1 -1 -1 -1 -1 -1 -1 -1 -1 -1 -1 -1 -1 -1 -1 -1 -1 -1 -1
75 -1 -1 -1 -1 -1 -1 -1 -1 -1 -1 -1 -1 -1 -1 -1 -1 -1 -1 -1 -1
76 -1 -1 -1 -1 -1 -1 -1 -1 -1 -1 -1 -1 -1 -1 -1 -1 -1 -1 -1 -1
77 -1 -1 -1 -1 -1 -1 -1 -1 -1 -1 -1 -1 -1 -1 -1 -1 -1 -1 -1 -1
78 -1 -1 -1 -1 -1 -1 -1 -1 -1 -1 -1 -1 -1 -1 -1 -1 -1 -1 -1 -1
79 -1 -1 -1 -1 -1 -1 -1 -1 -1 -1 -1 -1 -1 -1 -1 -1 -1 -1 -1 -1
80 -1 -1 -1 -1 -1 -1 -1 -1 -1 -1 -1 -1 -1 -1 -1 -1 -1 -1 -1 -1
81 -1 -1 -1 -1 -1 -1 -1 -1 -1 -1 -1 -1 -1 -1 -1 -1 -1 -1 -1 -1
82 -1 -1 -1 -1 -1 -1 -1 -1 -1 -1 -1 -1 -1 -1 -1 -1 -1 -1 -1 -1
83 -1 -1 -1 -1 -1 -1 -1 -1 -1 -1 -1 -1 -1 -1 -1 -1 -1 -1 -1 -1
84 -1 -1 -1 -1 -1 -1 -1 -1 -1 -1 -1 -1 -1 -1 -1 -1 -1 -1 -1 -1
85 -1 -1 -1 -1 -1 -1 -1 -1 -1 -1 -1 -1 -1 -1 -1 -1 -1 -1 -1 -1
86 -1 -1 -1 -1 -1 -1 -1 -1 -1 -1 -1 -1 -1 -1 -1 -1 -1 -1 -1 -1
87 -1 -1 -1 -1 -1 -1 -1 -1 -1 -1 -1 -1 -1 -1 -1 -1 -1 -1 -1 -1
88 -1 -1 -1 -1 -1 -1 -1 -1 -1 -1 -1 -1 -1 -1 -1 -1 -1 -1 -1 -1
89 -1 -1 -1 -1 -1 -1 -1 -1 -1 -1 -1 -1 -1 -1 -1 -1 -1 -1 -1 -1
90 -1 -1 -1 -1 -1 -1 -1 -1 -1 -1 -1 -1 -1 -1 -1 -1 -1 -1 -1 -1
91 -1 -1 -1 -1 -1 -1 -1 -1 -1 -1 -1 -1 -1 -1 -1 -1 -1 -1 -1 -1
92 -1 -1 -1 -1 -1 -1 -1 -1 -1 -1 -1 -1 -1 -1 -1 -1 -1 -1 -1 -1
93 -1 -1 -1 -1 -1 -1 -1 -1 -1 -1 -1 -1 -1 -1 -1 -1 -1 -1 -1 -1
94 -1 -1 -1 -1 -1 -1 -1 -1 -1 -1 -1 -1 -1 -1 -1 -1 -1 -1 -1 -1
95 -1 -1 -1 -1 -1 -1 -1 -1 -1 -1 -1 -1 -1 -1 -1 -1 -1 -1 -1 -1
96 -1 -1 -1 -1 -1 -1 -1 -1 -1 -1 -1 -1 -1 -1 -1 -1 -1 -1 -1 -1
97 -1 -1 -1 -1 -1 -1 -1 -1 -1 -1 -1 -1 -1 -1 -1 -1 -1 -1 -1 -1
98 -1 -1 -1 -1 -1 -1 -1 -1 -1 -1 -1 -1 -1 -1 -1 -1 -1 -1 -1 -1
99 -1 -1 -1 -1 -1 -1 -1 -1 -1 -1 -1 -1 -1 -1 -1 -1 -1 -1 -1 -1
100 -1 -1 -1 -1 -1 -1 -1 -1 -1 -1 -1 -1 -1 -1 -1 -1 -1 -1 -1 -1
101 -1 -1 -1 -1 -1 -1 -1 -1 -1 -1 -1 -1 -1 -1 -1 -1 -1 -1 -1 -1
102 -1 -1 -1 -1 -1 -1 -1 -1 -1 -1 -1 -1 -1 -1 -1 -1 -1 -1 -1 -1
103 -1 -1 -1 -1 -1 -1 -1 -1 -1 -1 -1 -1 -1 -1 -1 -1 -1 -1 -1 -1
104 -1 -1 -1 -1 -1 -1 -1 -1 -1 -1 -1 -1 -1 -1 -1 -1 -1 -1 -1 -1
105 -1 -1 -1 -1 -1 -1 -1 -1 -1 -1 -1 -1 -1 -1 -1 -1 -1 -1 -1 -1
106 -1 -1 -1 -1 -1 -1 -1 -1 -1 -1 -1 -1 -1 -1 -1 -1 -1 -1 -1 -1
107 -1 -1 -1 -1 -1 -1 -1 -1 -1 -1 -1 -1 -1 -1 -1 -1 -1 -1 -1 -1
108 -1 -1 -1 -1 -1 -1 -1 -1 -1 -1 -1 -1 -1 -1 -1 -1 -1 -1 -1 -1
109 -1 -1 -1 -1 -1 -1 -1 -1 -1 -1 -1 -1 -1 -1 -1 -1 -1 -1 -1 -1
110 -1 -1 -1 -1 -1 -1 -1 -1 -1 -1 -1 -1 -1 -1 -1 -1 -1 -1 -1 -1
111 -1 -1 -1 -1 -1 -1 -1 -1 -1 -1 -1 -1 -1 -1 -1 -1 -1 -1 -1 -1
112 -1 -1 -1 -1 -1 -1 -1 -1 -1 -1 -1 -1 -1 -1 -1 -1 -1 -1 -1 -1
113 -1 -1 -1 -1 -1 -1 -1 -1 -1 -1 -1 -1 -1 -1 -1 -1 -1 -1 -1 -1
114 -1 -1 -1 -1 -1 -1 -1 -1 -1 -1 -1 -1 -1 -1 -1 -1 -1 -1 -1 -1
115 -1 -1 -1 -1 -1 -1 -1 -1 -1 -1 -1 -1 -1 -1 -1 -1 -1 -1 -1 -1
116 -1 -1 -1 -1 -1 -1 -1 -1 -1 -1 -1 -1 -1 -1 -1 -1 -1 -1 -1 -1
117 -1 -1 -1 -1 -1 -1 -1 -1 -1 -1 -1 -1 -1 -1 -1 -1 -1 -1 -1 -1
118 -1 -1 -1 -1 -1 -1 -1 -1 -1 -1 -1 -1 -1 -1 -1 -1 -1 -1 -1 -1
119 -1 -1 -1 -1 -1 -1 -1 -1 -1 -1 -1 -1 -1 -1 -1 -1 -1 -1 -1 -1
120 0.423141 0.106164 0.423010 0.220333 0.433486 0.221215 0.412534 0.219451 0.433486 0.221215 0.429541 0.304763 0.428721 0.383941 0.412534 0.219451 0.407344 0.237876 0.431815 0.317375
121 0.424921 0.105939 0.424051 0.222890 0.432791 0.224249 0.415310 0.221531 0.432791 0.224249 0.431811 0.310221 0.430564 0.362048 0.415310 0.221531 0.409205 0.270343 0.430946 0.334284
122 0.425746 0.106008 0.425814 0.221295 0.433931 0.223330 0.417697 0.219261 0.433931 0.223330 0.435405 0.317703 0.443551 0.387493 0.417697 0.219261 0.409443 0.238472 0.422006 0.277417
123 0.426359 0.106432 0.428097 0.225862 0.433492 0.227381 0.422702 0.224343 0.433492 0.227381 0.436838 0.315887 0.440774 0.353962 0.422702 0.224343 0.432224 0.289362 0.442256 0.336933
124 0.427109 0.111390 0.430243 0.230455 0.435486 0.228846 0.425000 0.232065 0.435486 0.228846 0.440528 0.318721 0.439403 0.372995 0.425000 0.232065 0.437762 0.300009 0.440988 0.342186
125 0.427155 0.115994 0.430566 0.232065 0.438596 0.230567 0.422537 0.233564 0.438596 0.230567 0.445335 0.320847 0.444867 0.397773 0.422537 0.233564 0.430484 0.256190 0.435495 0.335702
126 0.427042 0.123642 0.433103 0.251124 0.443335 0.254315 0.422870 0.247934 0.443335 0.254315 0.454261 0.358556 0.448259 0.442484 0.422870 0.247934 0.412645 0.239709 0.428319 0.318978
127 0.428560 0.128546 0.433106 0.249934 0.442456 0.253865 0.423757 0.246003 0.442456 0.253865 0.455250 0.340300 0.452234 0.425738 0.423757 0.246003 0.426867 0.238662 0.426252 0.317230
128 0.429754 0.135117 0.433913 0.251346 0.443005 0.250550 0.424822 0.252142 0.443005 0.250550 0.458415 0.337045 0.449624 0.387639 0.424822 0.252142 0.438378 0.262148 0.439362 0.345745
129 0.431570 0.138151 0.435169 0.251671 0.444458 0.250238 0.425881 0.253104 0.444458 0.250238 0.460524 0.331959 0.447859 0.391406 0.425881 0.253104 0.446366 0.303877 0.447818 0.382433
130 0.433019 0.141725 0.435938 0.254387 0.445321 0.253197 0.426556 0.255578 0.445321 0.253197 0.461415 0.331027 0.451465 0.401222 0.426556 0.255578 0.452999 0.301814 0.450421 0.390425
131 0.434464 0.142172 0.438184 0.258328 0.447361 0.255983 0.429007 0.260674 0.447361 0.255983 0.461835 0.334135 0.452368 0.421282 0.429007 0.260674 0.465152 0.318335 0.458404 0.410386
132 0.436614 0.144888 0.439694 0.262451 0.449446 0.260664 0.429942 0.264238 0.449446 0.260664 0.462731 0.338149 0.457914 0.432459 0.429942 0.264238 0.460545 0.330955 0.463992 0.423710
133 0.439131 0.146398 0.440740 0.262861 0.451338 0.261634 0.430141 0.264088 0.451338 0.261634 0.463375 0.341690 0.454752 0.431806 0.430141 0.264088 0.456106 0.339559 0.471159 0.429809
134 0.441311 0.147744 0.442148 0.265139 0.452962 0.264403 0.431334 0.265876 0.452962 0.264403 0.461957 0.345809 0.460312 0.439466 0.431334 0.265876 0.452410 0.325639 0.461611 0.423164
135 0.444928 0.152982 0.444508 0.276011 0.454964 0.276471 0.434051 0.275552 0.454964 0.276471 0.461805 0.376262 0.470843 0.473952 0.434051 0.275552 0.452290 0.338554 0.461865 0.434374
136 0.447547 0.160929 0.445671 0.281100 0.456477 0.282445 0.434865 0.279755 0.456477 0.282445 0.460948 0.383540 0.467824 0.474389 0.434865 0.279755 0.442465 0.333211 0.457160 0.424257
137 0.450327 0.168968 0.447308 0.285927 0.458483 0.288454 0.436133 0.283401 0.458483 0.288454 0.460444 0.383443 0.469922 0.475812 0.436133 0.283401 0.425300 0.301524 0.445868 0.383017
138 0.453192 0.177757 0.448354 0.291529 0.459738 0.295551 0.436970 0.287506 0.459738 0.295551 0.460079 0.385310 0.468621 0.481875 0.436970 0.287506 0.411593 0.271862 0.441069 0.359272
139 0.456002 0.183650 0.450812 0.296769 0.462164 0.297701 0.439460 0.295837 0.462164 0.297701 0.459653 0.385659 0.468656 0.473791 0.439460 0.295837 0.441150 0.376148 0.451605 0.458173
140 0.456134 0.188172 0.453588 0.302242 0.464566 0.300330 0.442609 0.304154 0.464566 0.300330 0.465253 0.389975 0.472037 0.473360 0.442609 0.304154 0.448256 0.390234 0.452823 0.472109
141 0.457356 0.187993 0.454753 0.306341 0.465966 0.305058 0.443540 0.307623 0.465966 0.305058 0.463760 0.395182 0.473449 0.476761 0.443540 0.307623 0.452609 0.398761 0.459401 0.478326
142 0.458682 0.187240 0.456672 0.301497 0.467788 0.301227 0.445556 0.301767 0.467788 0.301227 0.464511 0.393291 0.472004 0.472238 0.445556 0.301767 0.451838 0.390725 0.457432 0.467641
143 0.460145 0.186558 0.457145 0.302499 0.468417 0.303157 0.445874 0.301841 0.468417 0.303157 0.464693 0.393377 0.471001 0.472927 0.445874 0.301841 0.453516 0.392880 0.456914 0.473610
144 0.460513 0.188620 0.458461 0.304585 0.469777 0.304985 0.447145 0.304186 0.469777 0.304985 0.465812 0.393109 0.471101 0.475134 0.447145 0.304186 0.455343 0.393637 0.457121 0.478011
145 0.461474 0.189327 0.459720 0.306430 0.470884 0.307458 0.448556 0.305402 0.470884 0.307458 0.466125 0.398812 0.469403 0.480456 0.448556 0.305402 0.455472 0.389799 0.456680 0.471969
146 0.462216 0.194125 0.460897 0.313819 0.472530 0.313133 0.449263 0.314505 0.472530 0.313133 0.468752 0.405513 0.470331 0.490634 0.449263 0.314505 0.453538 0.404073 0.456539 0.497365
147 0.462649 0.199221 0.462276 0.318688 0.473657 0.317175 0.450895 0.320201 0.473657 0.317175 0.473423 0.412040 0.474931 0.496511 0.450895 0.320201 0.455068 0.417291 0.460297 0.505531
148 0.462924 0.204677 0.463544 0.326774 0.475105 0.324850 0.451983 0.328698 0.475105 0.324850 0.475187 0.420026 0.476180 0.504943 0.451983 0.328698 0.455882 0.424819 0.460925 0.512424
149 0.462981 0.209557 0.463462 0.331221 0.475378 0.329613 0.451546 0.332830 0.475378 0.329613 0.477818 0.424697 0.482446 0.505782 0.451546 0.332830 0.455440 0.431548 0.461292 0.521849
150 0.463210 0.215442 0.464477 0.339222 0.475981 0.336792 0.452972 0.341652 0.475981 0.336792 0.481951 0.430774 0.486449 0.519742 0.452972 0.341652 0.458271 0.438770 0.462100 0.531043
151 0.463314 0.221998 0.465036 0.347529 0.476784 0.343586 0.453288 0.351472 0.476784 0.343586 0.483818 0.428476 0.488231 0.511761 0.453288 0.351472 0.459064 0.442968 0.461423 0.527805
152 0.463794 0.228736 0.465938 0.355367 0.477714 0.350702 0.454162 0.360031 0.477714 0.350702 0.487359 0.429889 0.486424 0.508336 0.454162 0.360031 0.462052 0.445175 0.465309 0.522444
153 0.463872 0.234234 0.466630 0.359107 0.478675 0.355132 0.454585 0.363081 0.478675 0.355132 0.489337 0.430905 0.484329 0.480938 0.454585 0.363081 0.461760 0.448049 0.466692 0.526992
154 0.464006 0.237781 0.466699 0.358840 0.478721 0.354896 0.454678 0.362783 0.478721 0.354896 0.491046 0.429481 0.483572 0.471581 0.454678 0.362783 0.462791 0.446536 0.468551 0.526653
155 0.464397 0.241200 0.467162 0.364276 0.479430 0.360275 0.454893 0.368278 0.479430 0.360275 0.490939 0.433535 0.483179 0.485006 0.454893 0.368278 0.465186 0.446451 0.472183 0.522446
156 0.464372 0.242021 0.467841 0.364831 0.480161 0.361204 0.455521 0.368459 0.480161 0.361204 0.494480 0.441794 0.485444 0.504600 0.455521 0.368459 0.466676 0.451439 0.471535 0.520787
157 0.465029 0.240906 0.468552 0.364542 0.480984 0.360690 0.456120 0.368393 0.480984 0.360690 0.494603 0.450490 0.502300 0.529684 0.456120 0.368393 0.467350 0.462760 0.471005 0.524767
158 0.466131 0.240600 0.468603 0.364154 0.481127 0.360701 0.456079 0.367607 0.481127 0.360701 0.494219 0.455936 0.505351 0.546506 0.456079 0.367607 0.467242 0.463093 0.470905 0.539624
159 0.467419 0.241148 0.468365 0.366678 0.480822 0.363855 0.455909 0.369501 0.480822 0.363855 0.492336 0.460412 0.501589 0.552267 0.455909 0.369501 0.466673 0.465775 0.471449 0.549058
160 0.468074 0.244737 0.469190 0.370321 0.481608 0.367340 0.456771 0.373303 0.481608 0.367340 0.491294 0.463845 0.502799 0.553903 0.456771 0.373303 0.467430 0.465218 0.472050 0.546870
161 0.468976 0.249639 0.469979 0.379356 0.482225 0.376996 0.457734 0.381716 0.482225 0.376996 0.490652 0.473951 0.503778 0.561961 0.457734 0.381716 0.467224 0.476487 0.474715 0.554518
162 0.471008 0.254261 0.470850 0.381417 0.483099 0.379794 0.458600 0.383040 0.483099 0.379794 0.488482 0.475109 0.500777 0.565994 0.458600 0.383040 0.467789 0.474073 0.474129 0.550235
163 0.472380 0.260946 0.471696 0.386608 0.484021 0.385683 0.459371 0.387534 0.484021 0.385683 0.486957 0.477761 0.497238 0.570485 0.459371 0.387534 0.467826 0.479039 0.473622 0.557227
164 0.473961 0.264289 0.473403 0.392250 0.485470 0.391786 0.461336 0.392713 0.485470 0.391786 0.485004 0.481683 0.490316 0.570843 0.461336 0.392713 0.469197 0.478676 0.475382 0.558940
165 0.475430 0.270130 0.474642 0.397698 0.486650 0.397355 0.462634 0.398041 0.486650 0.397355 0.485052 0.485242 0.490809 0.571763 0.462634 0.398041 0.472800 0.484926 0.482577 0.565378
166 0.477230 0.274867 0.477221 0.403834 0.488763 0.402830 0.465679 0.404837 0.488763 0.402830 0.485115 0.486392 0.490848 0.571972 0.465679 0.404837 0.473411 0.487066 0.486589 0.565012
167 0.478247 0.279871 0.478636 0.407567 0.490453 0.406582 0.466819 0.408552 0.490453 0.406582 0.487874 0.491867 0.490235 0.571681 0.466819 0.408552 0.477459 0.492502 0.488014 0.566608
168 0.479292 0.283569 0.480747 0.410797 0.492309 0.410044 0.469185 0.411550 0.492309 0.410044 0.488586 0.495305 0.490205 0.576911 0.469185 0.411550 0.476016 0.495745 0.484754 0.570082
169 0.480476 0.287730 0.484008 0.417666 0.495452 0.416945 0.472565 0.418387 0.495452 0.416945 0.489871 0.498946 0.476606 0.579928 0.472565 0.418387 0.480271 0.498271 0.492743 0.572966
170 0.481400 0.292758 0.486149 0.421962 0.498279 0.421013 0.474019 0.422911 0.498279 0.421013 0.492227 0.503092 0.471132 0.582467 0.474019 0.422911 0.483539 0.500975 0.496995 0.573838
171 0.483259 0.299526 0.487294 0.426227 0.498977 0.425364 0.475611 0.427091 0.498977 0.425364 0.494284 0.505219 0.488780 0.570638 0.475611 0.427091 0.481216 0.501100 0.482685 0.573629
172 0.485088 0.303979 0.488065 0.430458 0.499841 0.429855 0.476289 0.431060 0.499841 0.429855 0.496174 0.510163 0.478370 0.577593 0.476289 0.431060 0.483993 0.508784 0.482697 0.577138
173 0.487126 0.309804 0.490416 0.437793 0.502100 0.437160 0.478732 0.438425 0.502100 0.437160 0.499059 0.516556 0.478538 0.589506 0.478732 0.438425 0.492225 0.515119 0.502565 0.576461
174 0.488945 0.316171 0.491216 0.445584 0.503231 0.445086 0.479201 0.446081 0.503231 0.445086 0.498349 0.528691 0.480371 0.613980 0.479201 0.446081 0.490997 0.522458 0.500215 0.586490
175 0.491084 0.324595 0.492172 0.456552 0.504027 0.456053 0.480317 0.457050 0.504027 0.456053 0.499564 0.546175 0.488934 0.637335 0.480317 0.457050 0.496546 0.529670 0.506107 0.602977
176 0.492657 0.335034 0.491551 0.468051 0.503729 0.467868 0.479372 0.468235 0.503729 0.467868 0.498960 0.550593 0.492884 0.629571 0.479372 0.468235 0.497496 0.553115 0.505636 0.641040
177 0.494656 0.349015 0.493269 0.482273 0.505103 0.481182 0.481435 0.483365 0.505103 0.481182 0.503348 0.575339 0.501357 0.651802 0.481435 0.483365 0.497554 0.573099 0.504920 0.676587
178 0.496437 0.366924 0.493953 0.491129 0.506312 0.490035 0.481593 0.492223 0.506312 0.490035 0.503745 0.588873 0.506120 0.692071 0.481593 0.492223 0.497331 0.562422 0.502147 0.618910
179 0.499377 0.388612 0.495471 0.507415 0.507464 0.508781 0.483479 0.506049 0.507464 0.508781 0.503809 0.597641 0.506686 0.697824 0.483479 0.506049 0.486584 0.550395 0.500493 0.583791
180 0.502028 0.408787 0.496809 0.520716 0.508965 0.520727 0.484652 0.520706 0.508965 0.520727 0.504083 0.602448 0.506250 0.694868 0.484652 0.520706 0.488038 0.574777 0.510902 0.587591
181 0.504014 0.435967 0.497792 0.528669 0.510145 0.527256 0.485439 0.530083 0.510145 0.527256 0.506988 0.610336 0.506860 0.689207 0.485439 0.530083 0.493900 0.594260 0.506525 0.644520
182 0.506069 0.453562 0.498577 0.535785 0.511638 0.536154 0.485516 0.535416 0.511638 0.536154 0.510587 0.619277 0.507076 0.689068 0.485516 0.535416 0.492691 0.584826 0.499263 0.626380
183 0.507693 0.473388 0.502613 0.550600 0.516751 0.549592 0.488475 0.551609 0.516751 0.549592 0.515375 0.628088 0.509042 0.683380 0.488475 0.551609 0.493028 0.611616 0.498681 0.635021
184 0.509964 0.499047 0.505771 0.574859 0.519825 0.572046 0.491717 0.577673 0.519825 0.572046 0.516360 0.633203 0.509119 0.677326 0.491717 0.577673 0.494941 0.630935 0.496976 0.663648
185 0.513183 0.522552 0.508150 0.599181 0.523421 0.594509 0.492878 0.603852 0.523421 0.594509 0.526008 0.640892 0.508319 0.673444 0.492878 0.603852 0.500736 0.661631 0.495823 0.682834
186 0.516231 0.553718 0.508630 0.621641 0.524406 0.613455 0.492854 0.629826 0.524406 0.613455 0.528546 0.636220 0.504409 0.669413 0.492854 0.629826 0.503390 0.698031 0.496159 0.707386
187 0.520773 0.585069 0.509874 0.639970 0.525584 0.636018 0.494164 0.643923 0.525584 0.636018 0.524396 0.689632 0.504348 0.678018 0.494164 0.643923 0.501283 0.695042 0.492673 0.695426
188 -1 -1 -1 -1 -1 -1 -1 -1 -1 -1 -1 -1 -1 -1 -1 -1 -1 -1 -1 -1
189 -1 -1 -1 -1 -1 -1 -1 -1 -1 -1 -1 -1 -1 -1 -1 -1 -1 -1 -1 -1
190 -1 -1 -1 -1 -1 -1 -1 -1 -1 -1 -1 -1 -1 -1 -1 -1 -1 -1 -1 -1
191 -1 -1 -1 -1 -1 -1 -1 -1 -1 -1 -1 -1 -1 -1 -1 -1 -1 -1 -1 -1
192 -1 -1 -1 -1 -1 -1 -1 -1 -1 -1 -1 -1 -1 -1 -1 -1 -1 -1 -1 -1
193 -1 -1 -1 -1 -1 -1 -1 -1 -1 -1 -1 -1 -1 -1 -1 -1 -1 -1 -1 -1
194 -1 -1 -1 -1 -1 -1 -1 -1 -1 -1 -1 -1 -1 -1 -1 -1 -1 -1 -1 -1
195 -1 -1 -1 -1 -1 -1 -1 -1 -1 -1 -1 -1 -1 -1 -1 -1 -1 -1 -1 -1
196 -1 -1 -1 -1 -1 -1 -1 -1 -1 -1 -1 -1 -1 -1 -1 -1 -1 -1 -1 -1
197 -1 -1 -1 -1 -1 -1 -1 -1 -1 -1 -1 -1 -1 -1 -1 -1 -1 -1 -1 -1
198 -1 -1 -1 -1 -1 -1 -1 -1 -1 -1 -1 -1 -1 -1 -1 -1 -1 -1 -1 -1
199 -1 -1 -1 -1 -1 -1 -1 -1 -1 -1 -1 -1 -1 -1 -1 -1 -1 -1 -1 -1
200 -1 -1 -1 -1 -1 -1 -1 -1 -1 -1 -1 -1 -1 -1 -1 -1 -1 -1 -1 -1
201 -1 -1 -1 -1 -1 -1 -1 -1 -1 -1 -1 -1 -1 -1 -1 -1 -1 -1 -1 -1
202 -1 -1 -1 -1 -1 -1 -1 -1 -1 -1 -1 -1 -1 -1 -1 -1 -1 -1 -1 -1
203 -1 -1 -1 -1 -1 -1 -1 -1 -1 -1 -1 -1 -1 -1 -1 -1 -1 -1 -1 -1
204 -1 -1 -1 -1 -1 -1 -1 -1 -1 -1 -1 -1 -1 -1 -1 -1 -1 -1 -1 -1
205 -1 -1 -1 -1 -1 -1 -1 -1 -1 -1 -1 -1 -1 -1 -1 -1 -1 -1 -1 -1
206 -1 -1 -1 -1 -1 -1 -1 -1 -1 -1 -1 -1 -1 -1 -1 -1 -1 -1 -1 -1
207 -1 -1 -1 -1 -1 -1 -1 -1 -1 -1 -1 -1 -1 -1 -1 -1 -1 -1 -1 -1
208 -1 -1 -1 -1 -1 -1 -1 -1 -1 -1 -1 -1 -1 -1 -1 -1 -1 -1 -1 -1
209 -1 -1 -1 -1 -1 -1 -1 -1 -1 -1 -1 -1 -1 -1 -1 -1 -1 -1 -1 -1
210 -1 -1 -1 -1 -1 -1 -1 -1 -1 -1 -1 -1 -1 -1 -1 -1 -1 -1 -1 -1
211 -1 -1 -1 -1 -1 -1 -1 -1 -1 -1 -1 -1 -1 -1 -1 -1 -1 -1 -1 -1
212 -1 -1 -1 -1 -1 -1 -1 -1 -1 -1 -1 -1 -1 -1 -1 -1 -1 -1 -1 -1
213 -1 -1 -1 -1 -1 -1 -1 -1 -1 -1 -1 -1 -1 -1 -1 -1 -1 -1 -1 -1
214 -1 -1 -1 -1 -1 -1 -1 -1 -1 -1 -1 -1 -1 -1 -1 -1 -1 -1 -1 -1
215 -1 -1 -1 -1 -1 -1 -1 -1 -1 -1 -1 -1 -1 -1 -1 -1 -1 -1 -1 -1
216 -1 -1 -1 -1 -1 -1 -1 -1 -1 -1 -1 -1 -1 -1 -1 -1 -1 -1 -1 -1
217 -1 -1 -1 -1 -1 -1 -1 -1 -1 -1 -1 -1 -1 -1 -1 -1 -1 -1 -1 -1
218 -1 -1 -1 -1 -1 -1 -1 -1 -1 -1 -1 -1 -1 -1 -1 -1 -1 -1 -1 -1
219 -1 -1 -1 -1 -1 -1 -1 -1 -1 -1 -1 -1 -1 -1 -1 -1 -1 -1 -1 -1
220 -1 -1 -1 -1 -1 -1 -1 -1 -1 -1 -1 -1 -1 -1 -1 -1 -1 -1 -1 -1
221 -1 -1 -1 -1 -1 -1 -1 -1 -1 -1 -1 -1 -1 -1 -1 -1 -1 -1 -1 -1
222 -1 -1 -1 -1 -1 -1 -1 -1 -1 -1 -1 -1 -1 -1 -1 -1 -1 -1 -1 -1
223 -1 -1 -1 -1 -1 -1 -1 -1 -1 -1 -1 -1 -1 -1 -1 -1 -1 -1 -1 -1
224 -1 -1 -1 -1 -1 -1 -1 -1 -1 -1 -1 -1 -1 -1 -1 -1 -1 -1 -1 -1
225 -1 -1 -1 -1 -1 -1 -1 -1 -1 -1 -1 -1 -1 -1 -1 -1 -1 -1 -1 -1
226 -1 -1 -1 -1 -1 -1 -1 -1 -1 -1 -1 -1 -1 -1 -1 -1 -1 -1 -1 -1
227 -1 -1 -1 -1 -1 -1 -1 -1 -1 -1 -1 -1 -1 -1 -1 -1 -1 -1 -1 -1
228 -1 -1 -1 -1 -1 -1 -1 -1 -1 -1 -1 -1 -1 -1 -1 -1 -1 -1 -1 -1
229 -1 -1 -1 -1 -1 -1 -1 -1 -1 -1 -1 -1 -1 -1 -1 -1 -1 -1 -1 -1
230 -1 -1 -1 -1 -1 -1 -1 -1 -1 -1 -1 -1 -1 -1 -1 -1 -1 -1 -1 -1
231 -1 -1 -1 -1 -1 -1 -1 -1 -1 -1 -1 -1 -1 -1 -1 -1 -1 -1 -1 -1
232 -1 -1 -1 -1 -1 -1 -1 -1 -1 -1 -1 -1 -1 -1 -1 -1 -1 -1 -1 -1
233 -1 -1 -1 -1 -1 -1 -1 -1 -1 -1 -1 -1 -1 -1 -1 -1 -1 -1 -1 -1
234 -1 -1 -1 -1 -1 -1 -1 -1 -1 -1 -1 -1 -1 -1 -1 -1 -1 -1 -1 -1
235 -1 -1 -1 -1 -1 -1 -1 -1 -1 -1 -1 -1 -1 -1 -1 -1 -1 -1 -1 -1
236 -1 -1 -1 -1 -1 -1 -1 -1 -1 -1 -1 -1 -1 -1 -1 -1 -1 -1 -1 -1
237 -1 -1 -1 -1 -1 -1 -1 -1 -1 -1 -1 -1 -1 -1 -1 -1 -1 -1 -1 -1
238 -1 -1 -1 -1 -1 -1 -1 -1 -1 -1 -1 -1 -1 -1 -1 -1 -1 -1 -1 -1
239 -1 -1 -1 -1 -1 -1 -1 -1 -1 -1 -1 -1 -1 -1 -1 -1 -1 -1 -1 -1
240 -1 -1 -1 -1 -1 -1 -1 -1 -1 -1 -1 -1 -1 -1 -1 -1 -1 -1 -1 -1
241 -1 -1 -1 -1 -1 -1 -1 -1 -1 -1 -1 -1 -1 -1 -1 -1 -1 -1 -1 -1
242 -1 -1 -1 -1 -1 -1 -1 -1 -1 -1 -1 -1 -1 -1 -1 -1 -1 -1 -1 -1
243 -1 -1 -1 -1 -1 -1 -1 -1 -1 -1 -1 -1 -1 -1 -1 -1 -1 -1 -1 -1
244 -1 -1 -1 -1 -1 -1 -1 -1 -1 -1 -1 -1 -1 -1 -1 -1 -1 -1 -1 -1
245 -1 -1 -1 -1 -1 -1 -1 -1 -1 -1 -1 -1 -1 -1 -1 -1 -1 -1 -1 -1
246 -1 -1 -1 -1 -1 -1 -1 -1 -1 -1 -1 -1 -1 -1 -1 -1 -1 -1 -1 -1
247 -1 -1 -1 -1 -1 -1 -1 -1 -1 -1 -1 -1 -1 -1 -1 -1 -1 -1 -1 -1
248 -1 -1 -1 -1 -1 -1 -1 -1 -1 -1 -1 -1 -1 -1 -1 -1 -1 -1 -1 -1
249 -1 -1 -1 -1 -1 -1 -1 -1 -1 -1 -1 -1 -1 -1 -1 -1 -1 -1 -1 -1
250 -1 -1 -1 -1 -1 -1 -1 -1 -1 -1 -1 -1 -1 -1 -1 -1 -1 -1 -1 -1
251 -1 -1 -1 -1 -1 -1 -1 -1 -1 -1 -1 -1 -1 -1 -1 -1 -1 -1 -1 -1
252 -1 -1 -1 -1 -1 -1 -1 -1 -1 -1 -1 -1 -1 -1 -1 -1 -1 -1 -1 -1
253 -1 -1 -1 -1 -1 -1 -1 -1 -1 -1 -1 -1 -1 -1 -1 -1 -1 -1 -1 -1
254 -1 -1 -1 -1 -1 -1 -1 -1 -1 -1 -1 -1 -1 -1 -1 -1 -1 -1 -1 -1
255 -1 -1 -1 -1 -1 -1 -1 -1 -1 -1 -1 -1 -1 -1 -1 -1 -1 -1 -1 -1
256 -1 -1 -1 -1 -1 -1 -1 -1 -1 -1 -1 -1 -1 -1 -1 -1 -1 -1 -1 -1
257 -1 -1 -1 -1 -1 -1 -1 -1 -1 -1 -1 -1 -1 -1 -1 -1 -1 -1 -1 -1
258 -1 -1 -1 -1 -1 -1 -1 -1 -1 -1 -1 -1 -1 -1 -1 -1 -1 -1 -1 -1
259 -1 -1 -1 -1 -1 -1 -1 -1 -1 -1 -1 -1 -1 -1 -1 -1 -1 -1 -1 -1
260 -1 -1 -1 -1 -1 -1 -1 -1 -1 -1 -1 -1 -1 -1 -1 -1 -1 -1 -1 -1
261 -1 -1 -1 -1 -1 -1 -1 -1 -1 -1 -1 -1 -1 -1 -1 -1 -1 -1 -1 -1
262 -1 -1 -1 -1 -1 -1 -1 -1 -1 -1 -1 -1 -1 -1 -1 -1 -1 -1 -1 -1
263 -1 -1 -1 -1 -1 -1 -1 -1 -1 -1 -1 -1 -1 -1 -1 -1 -1 -1 -1 -1
264 -1 -1 -1 -1 -1 -1 -1 -1 -1 -1 -1 -1 -1 -1 -1 -1 -1 -1 -1 -1
265 -1 -1 -1 -1 -1 -1 -1 -1 -1 -1 -1 -1 -1 -1 -1 -1 -1 -1 -1 -1
266 -1 -1 -1 -1 -1 -1 -1 -1 -1 -1 -1 -1 -1 -1 -1 -1 -1 -1 -1 -1
267 -1 -1 -1 -1 -1 -1 -1 -1 -1 -1 -1 -1 -1 -1 -1 -1 -1 -1 -1 -1
268 -1 -1 -1 -1 -1 -1 -1 -1 -1 -1 -1 -1 -1 -1 -1 -1 -1 -1 -1 -1
269 -1 -1 -1 -1 -1 -1 -1 -1 -1 -1 -1 -1 -1 -1 -1 -1 -1 -1 -1 -1
270 -1 -1 -1 -1 -1 -1 -1 -1 -1 -1 -1 -1 -1 -1 -1 -1 -1 -1 -1 -1
271 -1 -1 -1 -1 -1 -1 -1 -1 -1 -1 -1 -1 -1 -1 -1 -1 -1 -1 -1 -1
272 -1 -1 -1 -1 -1 -1 -1 -1 -1 -1 -1 -1 -1 -1 -1 -1 -1 -1 -1 -1
273 -1 -1 -1 -1 -1 -1 -1 -1 -1 -1 -1 -1 -1 -1 -1 -1 -1 -1 -1 -1
274 -1 -1 -1 -1 -1 -1 -1 -1 -1 -1 -1 -1 -1 -1 -1 -1 -1 -1 -1 -1
275 -1 -1 -1 -1 -1 -1 -1 -1 -1 -1 -1 -1 -1 -1 -1 -1 -1 -1 -1 -1
276 -1 -1 -1 -1 -1 -1 -1 -1 -1 -1 -1 -1 -1 -1 -1 -1 -1 -1 -1 -1
277 -1 -1 -1 -1 -1 -1 -1 -1 -1 -1 -1 -1 -1 -1 -1 -1 -1 -1 -1 -1
278 -1 -1 -1 -1 -1 -1 -1 -1 -1 -1 -1 -1 -1 -1 -1 -1 -1 -1 -1 -1
279 -1 -1 -1 -1 -1 -1 -1 -1 -1 -1 -1 -1 -1 -1 -1 -1 -1 -1 -1 -1
280 -1 -1 -1 -1 -1 -1 -1 -1 -1 -1 -1 -1 -1 -1 -1 -1 -1 -1 -1 -1
281 -1 -1 -1 -1 -1 -1 -1 -1 -1 -1 -1 -1 -1 -1 -1 -1 -1 -1 -1 -1
282 -1 -1 -1 -1 -1 -1 -1 -1 -1 -1 -1 -1 -1 -1 -1 -1 -1 -1 -1 -1
283 -1 -1 -1 -1 -1 -1 -1 -1 -1 -1 -1 -1 -1 -1 -1 -1 -1 -1 -1 -1
284 -1 -1 -1 -1 -1 -1 -1 -1 -1 -1 -1 -1 -1 -1 -1 -1 -1 -1 -1 -1
285 -1 -1 -1 -1 -1 -1 -1 -1 -1 -1 -1 -1 -1 -1 -1 -1 -1 -1 -1 -1
286 -1 -1 -1 -1 -1 -1 -1 -1 -1 -1 -1 -1 -1 -1 -1 -1 -1 -1 -1 -1
287 -1 -1 -1 -1 -1 -1 -1 -1 -1 -1 -1 -1 -1 -1 -1 -1 -1 -1 -1 -1
