123
138
0 -1 -1 -1 -1 -1 -1 -1 -1 -1 -1 -1 -1 -1 -1 -1 -1 -1 -1 -1 -1
1 0.707897 0.432859 0.703873 0.512472 0.723389 0.513789 0.684357 0.511155 0.723389 0.513789 0.727253 0.508197 0.723648 0.496451 0.684357 0.511155 0.678235 0.488525 0.681639 0.477889
2 0.707808 0.432283 0.703774 0.509644 0.723387 0.513351 0.684160 0.505936 0.723387 0.513351 0.724405 0.512041 0.721839 0.498161 0.684160 0.505936 0.678425 0.488542 0.688554 0.471593
3 -1 -1 -1 -1 -1 -1 -1 -1 -1 -1 -1 -1 -1 -1 -1 -1 -1 -1 -1 -1
4 -1 -1 -1 -1 -1 -1 -1 -1 -1 -1 -1 -1 -1 -1 -1 -1 -1 -1 -1 -1
5 -1 -1 -1 -1 -1 -1 -1 -1 -1 -1 -1 -1 -1 -1 -1 -1 -1 -1 -1 -1
6 -1 -1 -1 -1 -1 -1 -1 -1 -1 -1 -1 -1 -1 -1 -1 -1 -1 -1 -1 -1
7 -1 -1 -1 -1 -1 -1 -1 -1 -1 -1 -1 -1 -1 -1 -1 -1 -1 -1 -1 -1
8 -1 -1 -1 -1 -1 -1 -1 -1 -1 -1 -1 -1 -1 -1 -1 -1 -1 -1 -1 -1
9 -1 -1 -1 -1 -1 -1 -1 -1 -1 -1 -1 -1 -1 -1 -1 -1 -1 -1 -1 -1
10 -1 -1 -1 -1 -1 -1 -1 -1 -1 -1 -1 -1 -1 -1 -1 -1 -1 -1 -1 -1
11 -1 -1 -1 -1 -1 -1 -1 -1 -1 -1 -1 -1 -1 -1 -1 -1 -1 -1 -1 -1
12 -1 -1 -1 -1 -1 -1 -1 -1 -1 -1 -1 -1 -1 -1 -1 -1 -1 -1 -1 -1
13 -1 -1 -1 -1 -1 -1 -1 -1 -1 -1 -1 -1 -1 -1 -1 -1 -1 -1 -1 -1
14 -1 -1 -1 -1 -1 -1 -1 -1 -1 -1 -1 -1 -1 -1 -1 -1 -1 -1 -1 -1
15 -1 -1 -1 -1 -1 -1 -1 -1 -1 -1 -1 -1 -1 -1 -1 -1 -1 -1 -1 -1
16 -1 -1 -1 -1 -1 -1 -1 -1 -1 -1 -1 -1 -1 -1 -1 -1 -1 -1 -1 -1
17 -1 -1 -1 -1 -1 -1 -1 -1 -1 -1 -1 -1 -1 -1 -1 -1 -1 -1 -1 -1
18 -1 -1 -1 -1 -1 -1 -1 -1 -1 -1 -1 -1 -1 -1 -1 -1 -1 -1 -1 -1
19 -1 -1 -1 -1 -1 -1 -1 -1 -1 -1 -1 -1 -1 -1 -1 -1 -1 -1 -1 -1
20 -1 -1 -1 -1 -1 -1 -1 -1 -1 -1 -1 -1 -1 -1 -1 -1 -1 -1 -1 -1
21 -1 -1 -1 -1 -1 -1 -1 -1 -1 -1 -1 -1 -1 -1 -1 -1 -1 -1 -1 -1
22 -1 -1 -1 -1 -1 -1 -1 -1 -1 -1 -1 -1 -1 -1 -1 -1 -1 -1 -1 -1
23 -1 -1 -1 -1 -1 -1 -1 -1 -1 -1 -1 -1 -1 -1 -1 -1 -1 -1 -1 -1
24 -1 -1 -1 -1 -1 -1 -1 -1 -1 -1 -1 -1 -1 -1 -1 -1 -1 -1 -1 -1
25 -1 -1 -1 -1 -1 -1 -1 -1 -1 -1 -1 -1 -1 -1 -1 -1 -1 -1 -1 -1
26 -1 -1 -1 -1 -1 -1 -1 -1 -1 -1 -1 -1 -1 -1 -1 -1 -1 -1 -1 -1
27 -1 -1 -1 -1 -1 -1 -1 -1 -1 -1 -1 -1 -1 -1 -1 -1 -1 -1 -1 -1
28 -1 -1 -1 -1 -1 -1 -1 -1 -1 -1 -1 -1 -1 -1 -1 -1 -1 -1 -1 -1
29 -1 -1 -1 -1 -1 -1 -1 -1 -1 -1 -1 -1 -1 -1 -1 -1 -1 -1 -1 -1
30 -1 -1 -1 -1 -1 -1 -1 -1 -1 -1 -1 -1 -1 -1 -1 -1 -1 -1 -1 -1
31 -1 -1 -1 -1 -1 -1 -1 -1 -1 -1 -1 -1 -1 -1 -1 -1 -1 -1 -1 -1
32 -1 -1 -1 -1 -1 -1 -1 -1 -1 -1 -1 -1 -1 -1 -1 -1 -1 -1 -1 -1
33 -1 -1 -1 -1 -1 -1 -1 -1 -1 -1 -1 -1 -1 -1 -1 -1 -1 -1 -1 -1
34 -1 -1 -1 -1 -1 -1 -1 -1 -1 -1 -1 -1 -1 -1 -1 -1 -1 -1 -1 -1
35 -1 -1 -1 -1 -1 -1 -1 -1 -1 -1 -1 -1 -1 -1 -1 -1 -1 -1 -1 -1
36 -1 -1 -1 -1 -1 -1 -1 -1 -1 -1 -1 -1 -1 -1 -1 -1 -1 -1 -1 -1
37 -1 -1 -1 -1 -1 -1 -1 -1 -1 -1 -1 -1 -1 -1 -1 -1 -1 -1 -1 -1
38 -1 -1 -1 -1 -1 -1 -1 -1 -1 -1 -1 -1 -1 -1 -1 -1 -1 -1 -1 -1
39 -1 -1 -1 -1 -1 -1 -1 -1 -1 -1 -1 -1 -1 -1 -1 -1 -1 -1 -1 -1
40 -1 -1 -1 -1 -1 -1 -1 -1 -1 -1 -1 -1 -1 -1 -1 -1 -1 -1 -1 -1
41 -1 -1 -1 -1 -1 -1 -1 -1 -1 -1 -1 -1 -1 -1 -1 -1 -1 -1 -1 -1
42 -1 -1 -1 -1 -1 -1 -1 -1 -1 -1 -1 -1 -1 -1 -1 -1 -1 -1 -1 -1
43 -1 -1 -1 -1 -1 -1 -1 -1 -1 -1 -1 -1 -1 -1 -1 -1 -1 -1 -1 -1
44 -1 -1 -1 -1 -1 -1 -1 -1 -1 -1 -1 -1 -1 -1 -1 -1 -1 -1 -1 -1
45 -1 -1 -1 -1 -1 -1 -1 -1 -1 -1 -1 -1 -1 -1 -1 -1 -1 -1 -1 -1
46 -1 -1 -1 -1 -1 -1 -1 -1 -1 -1 -1 -1 -1 -1 -1 -1 -1 -1 -1 -1
47 -1 -1 -1 -1 -1 -1 -1 -1 -1 -1 -1 -1 -1 -1 -1 -1 -1 -1 -1 -1
48 -1 -1 -1 -1 -1 -1 -1 -1 -1 -1 -1 -1 -1 -1 -1 -1 -1 -1 -1 -1
49 -1 -1 -1 -1 -1 -1 -1 -1 -1 -1 -1 -1 -1 -1 -1 -1 -1 -1 -1 -1
50 -1 -1 -1 -1 -1 -1 -1 -1 -1 -1 -1 -1 -1 -1 -1 -1 -1 -1 -1 -1
51 -1 -1 -1 -1 -1 -1 -1 -1 -1 -1 -1 -1 -1 -1 -1 -1 -1 -1 -1 -1
52 -1 -1 -1 -1 -1 -1 -1 -1 -1 -1 -1 -1 -1 -1 -1 -1 -1 -1 -1 -1
53 -1 -1 -1 -1 -1 -1 -1 -1 -1 -1 -1 -1 -1 -1 -1 -1 -1 -1 -1 -1
54 -1 -1 -1 -1 -1 -1 -1 -1 -1 -1 -1 -1 -1 -1 -1 -1 -1 -1 -1 -1
55 -1 -1 -1 -1 -1 -1 -1 -1 -1 -1 -1 -1 -1 -1 -1 -1 -1 -1 -1 -1
56 -1 -1 -1 -1 -1 -1 -1 -1 -1 -1 -1 -1 -1 -1 -1 -1 -1 -1 -1 -1
57 -1 -1 -1 -1 -1 -1 -1 -1 -1 -1 -1 -1 -1 -1 -1 -1 -1 -1 -1 -1
58 -1 -1 -1 -1 -1 -1 -1 -1 -1 -1 -1 -1 -1 -1 -1 -1 -1 -1 -1 -1
59 -1 -1 -1 -1 -1 -1 -1 -1 -1 -1 -1 -1 -1 -1 -1 -1 -1 -1 -1 -1
60 -1 -1 -1 -1 -1 -1 -1 -1 -1 -1 -1 -1 -1 -1 -1 -1 -1 -1 -1 -1
61 -1 -1 -1 -1 -1 -1 -1 -1 -1 -1 -1 -1 -1 -1 -1 -1 -1 -1 -1 -1
62 -1 -1 -1 -1 -1 -1 -1 -1 -1 -1 -1 -1 -1 -1 -1 -1 -1 -1 -1 -1
63 -1 -1 -1 -1 -1 -1 -1 -1 -1 -1 -1 -1 -1 -1 -1 -1 -1 -1 -1 -1
64 -1 -1 -1 -1 -1 -1 -1 -1 -1 -1 -1 -1 -1 -1 -1 -1 -1 -1 -1 -1
65 -1 -1 -1 -1 -1 -1 -1 -1 -1 -1 -1 -1 -1 -1 -1 -1 -1 -1 -1 -1
66 -1 -1 -1 -1 -1 -1 -1 -1 -1 -1 -1 -1 -1 -1 -1 -1 -1 -1 -1 -1
67 -1 -1 -1 -1 -1 -1 -1 -1 -1 -1 -1 -1 -1 -1 -1 -1 -1 -1 -1 -1
68 -1 -1 -1 -1 -1 -1 -1 -1 -1 -1 -1 -1 -1 -1 -1 -1 -1 -1 -1 -1
69 -1 -1 -1 -1 -1 -1 -1 -1 -1 -1 -1 -1 -1 -1 -1 -1 -1 -1 -1 -1
70 -1 -1 -1 -1 -1 -1 -1 -1 -1 -1 -1 -1 -1 -1 -1 -1 -1 -1 -1 -1
71 -1 -1 -1 -1 -1 -1 -1 -1 -1 -1 -1 -1 -1 -1 -1 -1 -1 -1 -1 -1
72 -1 -1 -1 -1 -1 -1 -1 -1 -1 -1 -1 -1 -1 -1 -1 -1 -1 -1 -1 -1
73 -1 -1 -1 -1 -1 -1 -1 -1 -1 -1 -1 -1 -1 -1 -1 -1 -1 -1 -1 -1
74 -1 -1 -1 -1 -1 -1 -1 -1 -1 -1 -1 -1 -1 -1 -1 -1 -1 -1 -1 -1
75 -1 -1 -1 -1 -1 -1 -1 -1 -1 -1 -1 -1 -1 -1 -1 -1 -1 -1 -1 -1
76 -1 -1 -1 -1 -1 -1 -1 -1 -1 -1 -1 -1 -1 -1 -1 -1 -1 -1 -1 -1
77 -1 -1 -1 -1 -1 -1 -1 -1 -1 -1 -1 -1 -1 -1 -1 -1 -1 -1 -1 -1
78 -1 -1 -1 -1 -1 -1 -1 -1 -1 -1 -1 -1 -1 -1 -1 -1 -1 -1 -1 -1
79 -1 -1 -1 -1 -1 -1 -1 -1 -1 -1 -1 -1 -1 -1 -1 -1 -1 -1 -1 -1
80 -1 -1 -1 -1 -1 -1 -1 -1 -1 -1 -1 -1 -1 -1 -1 -1 -1 -1 -1 -1
81 -1 -1 -1 -1 -1 -1 -1 -1 -1 -1 -1 -1 -1 -1 -1 -1 -1 -1 -1 -1
82 -1 -1 -1 -1 -1 -1 -1 -1 -1 -1 -1 -1 -1 -1 -1 -1 -1 -1 -1 -1
83 -1 -1 -1 -1 -1 -1 -1 -1 -1 -1 -1 -1 -1 -1 -1 -1 -1 -1 -1 -1
84 -1 -1 -1 -1 -1 -1 -1 -1 -1 -1 -1 -1 -1 -1 -1 -1 -1 -1 -1 -1
85 -1 -1 -1 -1 -1 -1 -1 -1 -1 -1 -1 -1 -1 -1 -1 -1 -1 -1 -1 -1
86 -1 -1 -1 -1 -1 -1 -1 -1 -1 -1 -1 -1 -1 -1 -1 -1 -1 -1 -1 -1
87 -1 -1 -1 -1 -1 -1 -1 -1 -1 -1 -1 -1 -1 -1 -1 -1 -1 -1 -1 -1
88 -1 -1 -1 -1 -1 -1 -1 -1 -1 -1 -1 -1 -1 -1 -1 -1 -1 -1 -1 -1
89 -1 -1 -1 -1 -1 -1 -1 -1 -1 -1 -1 -1 -1 -1 -1 -1 -1 -1 -1 -1
90 -1 -1 -1 -1 -1 -1 -1 -1 -1 -1 -1 -1 -1 -1 -1 -1 -1 -1 -1 -1
91 -1 -1 -1 -1 -1 -1 -1 -1 -1 -1 -1 -1 -1 -1 -1 -1 -1 -1 -1 -1
92 -1 -1 -1 -1 -1 -1 -1 -1 -1 -1 -1 -1 -1 -1 -1 -1 -1 -1 -1 -1
93 -1 -1 -1 -1 -1 -1 -1 -1 -1 -1 -1 -1 -1 -1 -1 -1 -1 -1 -1 -1
94 0.551679 0.360839 0.594478 0.516383 0.611789 0.520528 0.577166 0.512237 0.611789 0.520528 0.590023 0.656030 0.613265 0.791522 0.577166 0.512237 0.567141 0.630638 0.597775 0.750563
95 0.548260 0.358151 0.592136 0.518847 0.609874 0.525307 0.574397 0.512387 0.609874 0.525307 0.590082 0.657721 0.597345 0.792433 0.574397 0.512387 0.562514 0.630446 0.589474 0.739508
96 0.543685 0.356787 0.589575 0.521537 0.606612 0.529488 0.572538 0.513586 0.606612 0.529488 0.590410 0.661029 0.595119 0.800957 0.572538 0.513586 0.560723 0.628111 0.581749 0.741455
97 0.538853 0.354914 0.586461 0.521868 0.604560 0.529444 0.568361 0.514292 0.604560 0.529444 0.586681 0.660682 0.595077 0.796907 0.568361 0.514292 0.554802 0.620115 0.571225 0.735892
98 0.534856 0.354270 0.583311 0.521523 0.600717 0.528994 0.565906 0.514053 0.600717 0.528994 0.583665 0.659888 0.592616 0.789200 0.565906 0.514053 0.550252 0.622636 0.558220 0.732648
99 0.530527 0.354887 0.580094 0.522869 0.595915 0.531615 0.564273 0.514123 0.595915 0.531615 0.581591 0.660143 0.589134 0.787866 0.564273 0.514123 0.546719 0.623172 0.553363 0.731087
100 0.524586 0.356038 0.577877 0.528469 0.591345 0.539431 0.564410 0.517506 0.591345 0.539431 0.578446 0.659974 0.591151 0.787631 0.564410 0.517506 0.550134 0.623504 0.554685 0.732232
101 0.520498 0.356403 0.573768 0.530446 0.587817 0.542702 0.559719 0.518191 0.587817 0.542702 0.576737 0.661712 0.584533 0.781077 0.559719 0.518191 0.546066 0.624437 0.550179 0.733872
102 0.513527 0.359066 0.572464 0.531440 0.588413 0.542561 0.556514 0.520319 0.588413 0.542561 0.575840 0.661898 0.582888 0.778839 0.556514 0.520319 0.541099 0.624707 0.544041 0.734224
103 0.508471 0.360306 0.568644 0.531296 0.584925 0.541889 0.552364 0.520704 0.584925 0.541889 0.575814 0.665033 0.583042 0.778778 0.552364 0.520704 0.540069 0.627157 0.545283 0.734669
104 -1 -1 -1 -1 -1 -1 -1 -1 -1 -1 -1 -1 -1 -1 -1 -1 -1 -1 -1 -1
105 -1 -1 -1 -1 -1 -1 -1 -1 -1 -1 -1 -1 -1 -1 -1 -1 -1 -1 -1 -1
106 -1 -1 -1 -1 -1 -1 -1 -1 -1 -1 -1 -1 -1 -1 -1 -1 -1 -1 -1 -1
107 0.484262 0.364010 0.568491 0.524673 0.587003 0.527088 0.549980 0.522257 0.587003 0.527088 0.570938 0.644377 0.583807 0.778143 0.549980 0.522257 0.533716 0.607933 0.548188 0.736963
108 0.477195 0.362197 0.563368 0.518139 0.582769 0.515943 0.543966 0.520334 0.582769 0.515943 0.578877 0.646264 0.584824 0.778658 0.543966 0.520334 0.531299 0.610540 0.548398 0.737120
109 0.469680 0.362046 0.557112 0.517833 0.576044 0.515381 0.538180 0.520284 0.576044 0.515381 0.574227 0.647318 0.588216 0.782127 0.538180 0.520284 0.530202 0.619847 0.548390 0.737267
110 0.462610 0.362304 0.547627 0.512181 0.565448 0.507759 0.529807 0.516604 0.565448 0.507759 0.564338 0.648023 0.587734 0.782121 0.529807 0.516604 0.525514 0.622122 0.549213 0.737055
111 0.458227 0.362367 0.538392 0.508739 0.554030 0.504977 0.522753 0.512501 0.554030 0.504977 0.545711 0.648619 0.580945 0.773046 0.522753 0.512501 0.521087 0.623077 0.548049 0.731848
112 0.455224 0.365569 0.536356 0.506923 0.548531 0.507856 0.524182 0.505989 0.548531 0.507856 0.532690 0.652245 0.577594 0.773583 0.524182 0.505989 0.517448 0.625203 0.548170 0.732402
113 0.450832 0.370419 0.528827 0.504895 0.539547 0.508680 0.518107 0.501110 0.539547 0.508680 0.505350 0.643029 0.542909 0.757178 0.518107 0.501110 0.496151 0.609828 0.528215 0.715235
114 0.445376 0.375752 0.519861 0.502276 0.533056 0.506987 0.506666 0.497565 0.533056 0.506987 0.487846 0.636848 0.534962 0.751228 0.506666 0.497565 0.465933 0.605021 0.513041 0.708807
115 0.438631 0.386628 0.510577 0.503613 0.524068 0.508085 0.497087 0.499141 0.524068 0.508085 0.473554 0.633873 0.515875 0.735838 0.497087 0.499141 0.452428 0.607534 0.501099 0.713875
116 0.431736 0.390955 0.500606 0.504997 0.514909 0.508513 0.486302 0.501482 0.514909 0.508513 0.468891 0.635608 0.491126 0.739773 0.486302 0.501482 0.457506 0.608285 0.497937 0.730298
117 0.427135 0.392634 0.492346 0.507541 0.504653 0.512825 0.480038 0.502258 0.504653 0.512825 0.460310 0.636474 0.489000 0.742957 0.480038 0.502258 0.452882 0.626272 0.493731 0.743084
118 0.417953 0.403809 0.483421 0.514589 0.494771 0.520732 0.472071 0.508447 0.494771 0.520732 0.456482 0.649170 0.513828 0.723755 0.472071 0.508447 0.452954 0.639310 0.485915 0.755774
119 0.413443 0.408887 0.479085 0.521611 0.484871 0.530962 0.473299 0.512261 0.484871 0.530962 0.446472 0.660258 0.491704 0.759969 0.473299 0.512261 0.462178 0.642485 0.519467 0.723806
120 0.403528 0.414072 0.469926 0.531327 0.470874 0.545659 0.468979 0.516995 0.470874 0.545659 0.439636 0.668320 0.469993 0.782530 0.468979 0.516995 0.456208 0.645290 0.523900 0.712816
121 0.392244 0.415423 0.458356 0.536345 0.456598 0.553637 0.460115 0.519053 0.456598 0.553637 0.431093 0.679301 0.471821 0.788324 0.460115 0.519053 0.445893 0.642243 0.523098 0.702646
122 0.379879 0.412441 0.446170 0.543411 0.444093 0.561157 0.448247 0.525665 0.444093 0.561157 0.420394 0.696341 0.475414 0.790212 0.448247 0.525665 0.433286 0.649237 0.513097 0.700846
123 0.370501 0.420359 0.438047 0.558622 0.437044 0.575450 0.439051 0.541794 0.437044 0.575450 0.416725 0.712916 0.481836 0.789607 0.439051 0.541794 0.430177 0.678042 0.504674 0.702722
124 0.361030 0.433536 0.427499 0.577004 0.426588 0.592218 0.428410 0.561790 0.426588 0.592218 0.415077 0.733988 0.488580 0.786982 0.428410 0.561790 0.418305 0.702400 0.489259 0.711874
125 0.349721 0.450281 0.420234 0.598601 0.421375 0.607365 0.419094 0.589836 0.421375 0.607365 0.413689 0.748716 0.491064 0.807707 0.419094 0.589836 0.404834 0.715378 0.479003 0.728703
126 0.339622 0.463762 0.414279 0.611136 0.417273 0.615543 0.411284 0.606729 0.417273 0.615543 0.412650 0.754038 0.492460 0.812611 0.411284 0.606729 0.390413 0.722871 0.464894 0.732867
127 0.327789 0.485090 0.409146 0.624809 0.409588 0.625588 0.408704 0.624030 0.409588 0.625588 0.381848 0.733819 0.459023 0.751931 0.408704 0.624030 0.413073 0.746714 0.493738 0.820105
128 0.316267 0.506005 0.400212 0.629743 0.401988 0.630641 0.398437 0.628846 0.401988 0.630641 0.396282 0.762772 0.502061 0.822521 0.398437 0.628846 0.364322 0.718655 0.429181 0.815575
129 0.306172 0.520954 0.392901 0.633333 0.393582 0.636691 0.392221 0.629976 0.393582 0.636691 0.407147 0.764158 0.508766 0.833419 0.392221 0.629976 0.362192 0.716385 0.419269 0.809610
130 0.298340 0.530487 0.386492 0.638262 0.385397 0.644662 0.387588 0.631862 0.385397 0.644662 0.414281 0.757096 0.501504 0.821782 0.387588 0.631862 0.375949 0.710555 0.446754 0.783660
131 0.291954 0.540151 0.381142 0.634566 0.380635 0.639167 0.381648 0.629965 0.380635 0.639167 0.411631 0.752798 0.467827 0.800400 0.381648 0.629965 0.387567 0.718501 0.450971 0.787550
132 0.289115 0.540415 0.375805 0.631201 0.376499 0.631811 0.375111 0.630592 0.376499 0.631811 0.374173 0.733224 0.426757 0.764314 0.375111 0.630592 0.392426 0.721471 0.456974 0.795002
133 0.286937 0.540260 0.370196 0.632142 0.373629 0.628118 0.366764 0.636166 0.373629 0.628118 0.368835 0.710803 0.400109 0.751457 0.366764 0.636166 0.394057 0.730233 0.471021 0.805549
134 0.278325 0.540195 0.364069 0.625068 0.370293 0.614680 0.357845 0.635457 0.370293 0.614680 0.382555 0.717328 0.433683 0.769069 0.357845 0.635457 0.334971 0.725022 0.416194 0.796970
135 0.273288 0.543032 0.361057 0.623616 0.365542 0.610317 0.356572 0.636914 0.365542 0.610317 0.359989 0.717601 0.427231 0.775020 0.356572 0.636914 0.332421 0.732709 0.418724 0.790911
136 0.268777 0.548421 0.355256 0.624749 0.361592 0.610930 0.348921 0.638569 0.361592 0.610930 0.345775 0.717802 0.410661 0.781171 0.348921 0.638569 0.321250 0.744998 0.395476 0.783578
137 0.269616 0.545908 0.353730 0.635266 0.358999 0.619925 0.348461 0.650606 0.358999 0.619925 0.330805 0.713325 0.402483 0.774805 0.348461 0.650606 0.325562 0.755056 0.395629 0.777913
138 0.270205 0.551606 0.349774 0.643894 0.353763 0.632974 0.345786 0.654815 0.353763 0.632974 0.325937 0.744213 0.395793 0.774405 0.345786 0.654815 0.328131 0.751343 0.399166 0.766738
139 0.266919 0.556367 0.347284 0.643459 0.348533 0.630236 0.346035 0.656681 0.348533 0.630236 0.324071 0.748715 0.390766 0.769489 0.346035 0.656681 0.326792 0.768999 0.391170 0.770867
140 0.268051 0.561571 0.345029 0.643903 0.343038 0.629189 0.347020 0.658618 0.343038 0.629189 0.327050 0.747476 0.386298 0.769884 0.347020 0.658618 0.325064 0.766947 0.384806 0.770839
141 0.267210 0.567737 0.342059 0.642927 0.340779 0.626013 0.343339 0.659840 0.340779 0.626013 0.327330 0.730427 0.387697 0.762415 0.343339 0.659840 0.319662 0.763521 0.376978 0.770255
142 0.256876 0.560232 0.337896 0.638681 0.337737 0.621584 0.338054 0.655778 0.337737 0.621584 0.325916 0.730286 0.383877 0.753561 0.338054 0.655778 0.317602 0.759521 0.376640 0.764808
143 0.255753 0.562984 0.337175 0.637082 0.338860 0.619433 0.335490 0.654731 0.338860 0.619433 0.325220 0.727725 0.380229 0.753996 0.335490 0.654731 0.315939 0.757360 0.376568 0.754664
144 0.255517 0.558083 0.333776 0.634506 0.330554 0.618081 0.336999 0.650931 0.330554 0.618081 0.319646 0.728253 0.376132 0.757428 0.336999 0.650931 0.321136 0.755719 0.381438 0.753425
145 0.255914 0.550717 0.335626 0.628689 0.332379 0.617538 0.338873 0.639841 0.332379 0.617538 0.318435 0.727988 0.371778 0.774227 0.338873 0.639841 0.319101 0.751256 0.382815 0.749017
146 0.255955 0.548732 0.335166 0.627800 0.333171 0.616392 0.337161 0.639208 0.333171 0.616392 0.320150 0.726122 0.371279 0.790758 0.337161 0.639208 0.318734 0.749059 0.383758 0.743161
147 0.256983 0.548827 0.335135 0.627066 0.334814 0.616124 0.335456 0.638008 0.334814 0.616124 0.323561 0.727980 0.374559 0.813498 0.335456 0.638008 0.321083 0.745806 0.386311 0.739320
148 0.257834 0.548670 0.335484 0.627240 0.335011 0.616034 0.335957 0.638446 0.335011 0.616034 0.322959 0.727979 0.375289 0.813391 0.335957 0.638446 0.321741 0.745145 0.387624 0.741334
149 0.255715 0.546662 0.335631 0.627483 0.334818 0.616183 0.336444 0.638783 0.334818 0.616183 0.322138 0.727997 0.374908 0.808607 0.336444 0.638783 0.322332 0.743987 0.387664 0.742090
150 0.256999 0.548734 0.335853 0.628494 0.334414 0.616644 0.337292 0.640344 0.334414 0.616644 0.321575 0.728932 0.376368 0.802877 0.337292 0.640344 0.323096 0.744194 0.387843 0.776844
151 0.257277 0.548765 0.336133 0.628782 0.334545 0.616650 0.337721 0.640915 0.334545 0.616650 0.321686 0.730569 0.377518 0.803308 0.337721 0.640915 0.323899 0.745663 0.386775 0.771209
152 0.259077 0.548422 0.336027 0.628906 0.334183 0.616839 0.337871 0.640973 0.334183 0.616839 0.320984 0.733046 0.378076 0.808657 0.337871 0.640973 0.327061 0.745606 0.387123 0.770185
153 0.259251 0.549445 0.336387 0.630081 0.334616 0.617340 0.338157 0.642822 0.334616 0.617340 0.321679 0.733603 0.378683 0.815560 0.338157 0.642822 0.327967 0.745726 0.387462 0.768331
154 0.260331 0.549719 0.336480 0.630680 0.334680 0.618869 0.338280 0.642492 0.334680 0.618869 0.322069 0.734196 0.378810 0.816861 0.338280 0.642492 0.329094 0.745234 0.387828 0.764401
155 0.260093 0.550421 0.336646 0.631506 0.334866 0.620584 0.338426 0.642429 0.334866 0.620584 0.322365 0.736615 0.379035 0.814660 0.338426 0.642429 0.329257 0.745259 0.388001 0.763696
156 0.256659 0.550414 0.336629 0.631607 0.334693 0.620740 0.338565 0.642474 0.334693 0.620740 0.322417 0.736399 0.379763 0.815551 0.338565 0.642474 0.329195 0.745306 0.387558 0.763125
157 0.256674 0.550439 0.336306 0.631432 0.334189 0.620681 0.338423 0.642182 0.334189 0.620681 0.322589 0.735803 0.381529 0.815548 0.338423 0.642182 0.329245 0.745390 0.396450 0.763375
158 0.257277 0.551377 0.336134 0.631341 0.334239 0.620570 0.338030 0.642113 0.334239 0.620570 0.322554 0.735559 0.383199 0.814954 0.338030 0.642113 0.329016 0.745460 0.397746 0.763944
159 0.256979 0.550907 0.335698 0.631216 0.333966 0.620538 0.337430 0.641893 0.333966 0.620538 0.322629 0.735443 0.383233 0.814619 0.337430 0.641893 0.327426 0.745331 0.392296 0.762974
160 0.256138 0.549019 0.335615 0.630495 0.333701 0.620516 0.337529 0.640474 0.333701 0.620516 0.321879 0.736004 0.382811 0.814139 0.337529 0.640474 0.328263 0.744738 0.389938 0.762405
161 0.256258 0.548752 0.335570 0.630282 0.333730 0.619896 0.337410 0.640667 0.333730 0.619896 0.321778 0.734819 0.381788 0.814775 0.337410 0.640667 0.328253 0.744754 0.389794 0.757202
162 0.256170 0.549083 0.335418 0.630304 0.333648 0.619931 0.337188 0.640678 0.333648 0.619931 0.321333 0.735129 0.381688 0.814670 0.337188 0.640678 0.326360 0.744121 0.388925 0.757288
163 0.256322 0.548753 0.335739 0.630314 0.334321 0.619935 0.337157 0.640693 0.334321 0.619935 0.321440 0.734580 0.381657 0.815124 0.337157 0.640693 0.325673 0.744121 0.388665 0.756202
164 0.256526 0.547821 0.335334 0.630001 0.333162 0.620214 0.337506 0.639788 0.333162 0.620214 0.321462 0.736168 0.380801 0.815159 0.337506 0.639788 0.326533 0.744560 0.388412 0.758629
165 0.256846 0.547875 0.335183 0.630082 0.332921 0.620218 0.337444 0.639946 0.332921 0.620218 0.321601 0.736407 0.380838 0.815002 0.337444 0.639946 0.326889 0.744637 0.388004 0.759059
166 0.256030 0.546894 0.335206 0.630085 0.332956 0.620170 0.337455 0.639999 0.332956 0.620170 0.321499 0.736350 0.381049 0.812701 0.337455 0.639999 0.326908 0.744645 0.387915 0.759278
167 0.256141 0.546850 0.335300 0.629880 0.332968 0.620257 0.337632 0.639502 0.332968 0.620257 0.321983 0.736735 0.381069 0.812167 0.337632 0.639502 0.327980 0.744116 0.395427 0.759392
168 0.255809 0.546629 0.335083 0.629844 0.332999 0.620155 0.337166 0.639532 0.332999 0.620155 0.321915 0.736418 0.381581 0.812882 0.337166 0.639532 0.326538 0.744038 0.394417 0.757778
169 0.255249 0.547936 0.334741 0.630472 0.333634 0.620103 0.335849 0.640841 0.333634 0.620103 0.325055 0.733046 0.381729 0.817097 0.335849 0.640841 0.325434 0.743954 0.393785 0.756688
170 0.256128 0.547935 0.334725 0.630445 0.333515 0.620075 0.335935 0.640815 0.333515 0.620075 0.324923 0.734573 0.381778 0.816759 0.335935 0.640815 0.326832 0.743857 0.393642 0.756033
171 0.256519 0.549770 0.334934 0.630130 0.332519 0.620140 0.337348 0.640120 0.332519 0.620140 0.323303 0.735570 0.384716 0.793563 0.337348 0.640120 0.327241 0.743932 0.393444 0.797114
172 0.257328 0.550973 0.334906 0.630461 0.332381 0.620154 0.337432 0.640769 0.332381 0.620154 0.323748 0.734716 0.385305 0.795621 0.337432 0.640769 0.327265 0.744124 0.392948 0.790064
173 0.257542 0.549471 0.334975 0.630120 0.332395 0.620017 0.337556 0.640223 0.332395 0.620017 0.323544 0.735135 0.384009 0.804706 0.337556 0.640223 0.327311 0.744235 0.390683 0.775387
174 0.256290 0.551205 0.334730 0.630286 0.332409 0.619928 0.337051 0.640644 0.332409 0.619928 0.324067 0.734605 0.383345 0.812442 0.337051 0.640644 0.327313 0.744296 0.390572 0.762459
175 0.256519 0.550120 0.334570 0.630085 0.332135 0.619700 0.337006 0.640471 0.332135 0.619700 0.323807 0.734882 0.383152 0.812892 0.337006 0.640471 0.327271 0.744489 0.390182 0.762798
176 0.257667 0.550050 0.335030 0.629950 0.332257 0.619823 0.337803 0.640078 0.332257 0.619823 0.323178 0.734885 0.382726 0.814678 0.337803 0.640078 0.327692 0.743618 0.389869 0.761186
177 0.257351 0.549852 0.334963 0.629989 0.332259 0.619885 0.337667 0.640094 0.332259 0.619885 0.323173 0.735929 0.382018 0.814505 0.337667 0.640094 0.327554 0.744264 0.388906 0.760692
178 0.256527 0.549455 0.334897 0.629903 0.332256 0.619711 0.337539 0.640095 0.332256 0.619711 0.322787 0.735741 0.382748 0.811717 0.337539 0.640095 0.327288 0.744441 0.392061 0.765554
179 0.256872 0.550473 0.335176 0.629741 0.332280 0.620187 0.338072 0.639296 0.332280 0.620187 0.322760 0.736170 0.382010 0.811871 0.338072 0.639296 0.327651 0.743811 0.394576 0.761502
180 0.256495 0.551326 0.334822 0.630271 0.332488 0.619898 0.337157 0.640645 0.332488 0.619898 0.323711 0.734289 0.383227 0.806464 0.337157 0.640645 0.326891 0.744065 0.394365 0.766060
181 0.256491 0.550888 0.334771 0.630361 0.332386 0.620194 0.337155 0.640528 0.332386 0.620194 0.323624 0.735409 0.382798 0.807762 0.337155 0.640528 0.327362 0.744274 0.391345 0.764585
182 0.255900 0.550763 0.334712 0.630505 0.333222 0.620430 0.336201 0.640581 0.333222 0.620430 0.323454 0.735111 0.382693 0.817066 0.336201 0.640581 0.325463 0.743999 0.390607 0.756505
183 0.256901 0.549073 0.334805 0.630080 0.332746 0.619798 0.336864 0.640362 0.332746 0.619798 0.323389 0.735279 0.382744 0.808828 0.336864 0.640362 0.326561 0.744291 0.392692 0.767911
184 0.256626 0.548580 0.334694 0.630081 0.332671 0.619697 0.336716 0.640465 0.332671 0.619697 0.323384 0.734857 0.382670 0.813002 0.336716 0.640465 0.326576 0.744081 0.391168 0.764347
185 0.256795 0.547865 0.334823 0.630098 0.332933 0.619513 0.336713 0.640682 0.332933 0.619513 0.323930 0.734340 0.383069 0.813303 0.336713 0.640682 0.326625 0.744084 0.390358 0.762793
186 0.257657 0.547772 0.334789 0.629908 0.332858 0.619212 0.336719 0.640604 0.332858 0.619212 0.323792 0.734540 0.383116 0.809879 0.336719 0.640604 0.326696 0.744352 0.393512 0.762880
187 0.257245 0.547229 0.334781 0.629782 0.332879 0.619046 0.336683 0.640517 0.332879 0.619046 0.324308 0.733822 0.383124 0.808504 0.336683 0.640517 0.325124 0.744131 0.393817 0.761678
188 0.257242 0.546593 0.334653 0.629625 0.332655 0.618754 0.336651 0.640496 0.332655 0.618754 0.323270 0.733717 0.383099 0.809508 0.336651 0.640496 0.325225 0.744161 0.396855 0.758595
189 0.256692 0.546102 0.334535 0.628560 0.332318 0.618489 0.336752 0.638631 0.332318 0.618489 0.323270 0.734119 0.382945 0.810042 0.336752 0.638631 0.326239 0.743552 0.396853 0.758670
190 0.255687 0.545848 0.334443 0.629078 0.332514 0.618475 0.336373 0.639681 0.332514 0.618475 0.324415 0.733819 0.382905 0.811776 0.336373 0.639681 0.326691 0.743609 0.392425 0.758494
191 0.254944 0.545695 0.334616 0.629095 0.332916 0.618482 0.336316 0.639708 0.332916 0.618482 0.324443 0.733521 0.383148 0.807524 0.336316 0.639708 0.325317 0.743098 0.393181 0.758657
