447
492
0 -1 -1 -1 -1 -1 -1 -1 -1 -1 -1 -1 -1 -1 -1 -1 -1 -1 -1 -1 -1
1 -1 -1 -1 -1 -1 -1 -1 -1 -1 -1 -1 -1 -1 -1 -1 -1 -1 -1 -1 -1
2 -1 -1 -1 -1 -1 -1 -1 -1 -1 -1 -1 -1 -1 -1 -1 -1 -1 -1 -1 -1
3 -1 -1 -1 -1 -1 -1 -1 -1 -1 -1 -1 -1 -1 -1 -1 -1 -1 -1 -1 -1
4 -1 -1 -1 -1 -1 -1 -1 -1 -1 -1 -1 -1 -1 -1 -1 -1 -1 -1 -1 -1
5 -1 -1 -1 -1 -1 -1 -1 -1 -1 -1 -1 -1 -1 -1 -1 -1 -1 -1 -1 -1
6 -1 -1 -1 -1 -1 -1 -1 -1 -1 -1 -1 -1 -1 -1 -1 -1 -1 -1 -1 -1
7 -1 -1 -1 -1 -1 -1 -1 -1 -1 -1 -1 -1 -1 -1 -1 -1 -1 -1 -1 -1
8 -1 -1 -1 -1 -1 -1 -1 -1 -1 -1 -1 -1 -1 -1 -1 -1 -1 -1 -1 -1
9 -1 -1 -1 -1 -1 -1 -1 -1 -1 -1 -1 -1 -1 -1 -1 -1 -1 -1 -1 -1
10 -1 -1 -1 -1 -1 -1 -1 -1 -1 -1 -1 -1 -1 -1 -1 -1 -1 -1 -1 -1
11 -1 -1 -1 -1 -1 -1 -1 -1 -1 -1 -1 -1 -1 -1 -1 -1 -1 -1 -1 -1
12 -1 -1 -1 -1 -1 -1 -1 -1 -1 -1 -1 -1 -1 -1 -1 -1 -1 -1 -1 -1
13 -1 -1 -1 -1 -1 -1 -1 -1 -1 -1 -1 -1 -1 -1 -1 -1 -1 -1 -1 -1
14 -1 -1 -1 -1 -1 -1 -1 -1 -1 -1 -1 -1 -1 -1 -1 -1 -1 -1 -1 -1
15 -1 -1 -1 -1 -1 -1 -1 -1 -1 -1 -1 -1 -1 -1 -1 -1 -1 -1 -1 -1
16 -1 -1 -1 -1 -1 -1 -1 -1 -1 -1 -1 -1 -1 -1 -1 -1 -1 -1 -1 -1
17 0.089184 0.608143 0.177305 0.786603 0.181277 0.759618 0.173334 0.813587 0.181277 0.759618 0.300459 0.674199 0.296464 0.838807 0.173334 0.813587 0.315085 0.750436 0.320103 0.915161
18 0.088563 0.607794 0.177301 0.786666 0.181205 0.759673 0.173398 0.813659 0.181205 0.759673 0.300000 0.674084 0.296445 0.838107 0.173398 0.813659 0.315265 0.750436 0.319903 0.915056
19 0.087982 0.607345 0.177212 0.786678 0.181120 0.759716 0.173304 0.813641 0.181120 0.759716 0.299726 0.674059 0.296642 0.838215 0.173304 0.813641 0.315359 0.750426 0.319447 0.914783
20 0.087677 0.606898 0.177247 0.786863 0.181195 0.760050 0.173298 0.813677 0.181195 0.760050 0.299826 0.674073 0.296913 0.838285 0.173298 0.813677 0.315500 0.750394 0.318699 0.914112
21 0.087277 0.606830 0.177359 0.786948 0.181260 0.760204 0.173458 0.813691 0.181260 0.760204 0.299857 0.674117 0.299261 0.839067 0.173458 0.813691 0.315574 0.750450 0.318628 0.913890
22 0.086918 0.606766 0.177749 0.786986 0.181475 0.760231 0.174023 0.813740 0.181475 0.760231 0.299907 0.673581 0.299236 0.838532 0.174023 0.813740 0.315742 0.750547 0.317993 0.912586
23 0.086552 0.606391 0.178029 0.786973 0.181654 0.760250 0.174405 0.813697 0.181654 0.760250 0.300019 0.673289 0.299245 0.837976 0.174405 0.813697 0.315872 0.751228 0.317983 0.912870
24 0.085709 0.606126 0.178017 0.786559 0.181643 0.759710 0.174391 0.813407 0.181643 0.759710 0.299999 0.671264 0.299346 0.835560 0.174391 0.813407 0.316074 0.751936 0.318103 0.913207
25 0.085171 0.605869 0.178051 0.786523 0.181666 0.759645 0.174437 0.813402 0.181666 0.759645 0.300035 0.670769 0.299713 0.835322 0.174437 0.813402 0.316264 0.753208 0.317970 0.913193
26 0.084839 0.605646 0.178084 0.786508 0.181659 0.759658 0.174510 0.813359 0.181659 0.759658 0.300047 0.670129 0.299944 0.835388 0.174510 0.813359 0.316607 0.754129 0.317988 0.913307
27 0.084725 0.605269 0.178249 0.786272 0.181798 0.759350 0.174700 0.813194 0.181798 0.759350 0.300060 0.669554 0.299956 0.835343 0.174700 0.813194 0.317737 0.758818 0.318089 0.913835
28 0.084561 0.604985 0.178396 0.786185 0.181911 0.759181 0.174882 0.813188 0.181911 0.759181 0.300052 0.669113 0.299993 0.835331 0.174882 0.813188 0.318510 0.761169 0.318418 0.914512
29 0.084418 0.604869 0.178437 0.786143 0.181910 0.759099 0.174963 0.813186 0.181910 0.759099 0.300047 0.668513 0.299989 0.835296 0.174963 0.813186 0.318840 0.762176 0.318502 0.915122
30 0.084268 0.604650 0.178569 0.786019 0.182044 0.758855 0.175095 0.813182 0.182044 0.758855 0.300027 0.668316 0.299975 0.835318 0.175095 0.813182 0.318971 0.762424 0.318486 0.915147
31 0.084128 0.604427 0.178716 0.785842 0.182124 0.758621 0.175307 0.813063 0.182124 0.758621 0.299943 0.668190 0.299892 0.835149 0.175307 0.813063 0.319234 0.762493 0.318596 0.915434
32 0.084010 0.604221 0.178825 0.785857 0.182230 0.758617 0.175420 0.813096 0.182230 0.758617 0.299898 0.667928 0.298701 0.835343 0.175420 0.813096 0.319476 0.762790 0.318486 0.915763
33 0.084008 0.603732 0.179168 0.785757 0.182529 0.758419 0.175807 0.813094 0.182529 0.758419 0.299768 0.667262 0.297990 0.835374 0.175807 0.813094 0.319774 0.763804 0.318546 0.915926
34 0.083892 0.603688 0.179733 0.785601 0.182987 0.758256 0.176479 0.812946 0.182987 0.758256 0.299161 0.666362 0.298371 0.834644 0.176479 0.812946 0.319957 0.765499 0.318988 0.915898
35 0.083868 0.603510 0.180058 0.785537 0.183486 0.758184 0.176630 0.812889 0.183486 0.758184 0.298673 0.665789 0.298263 0.834699 0.176630 0.812889 0.319948 0.766289 0.319029 0.915664
36 0.083604 0.603564 0.179964 0.785616 0.183537 0.758164 0.176391 0.813068 0.183537 0.758164 0.297472 0.665537 0.296076 0.833066 0.176391 0.813068 0.319741 0.766701 0.319083 0.915230
37 0.083285 0.603707 0.179869 0.785497 0.183555 0.757915 0.176184 0.813079 0.183555 0.757915 0.296507 0.665060 0.295127 0.831471 0.176184 0.813079 0.319735 0.767025 0.319084 0.915144
38 0.082987 0.603722 0.179933 0.785405 0.183687 0.757733 0.176179 0.813077 0.183687 0.757733 0.296088 0.664546 0.294814 0.830295 0.176179 0.813077 0.319731 0.767630 0.319063 0.915117
39 0.082821 0.603375 0.179937 0.785304 0.183701 0.757530 0.176174 0.813078 0.183701 0.757530 0.294782 0.663174 0.294491 0.829066 0.176174 0.813078 0.319724 0.768063 0.319074 0.915215
40 0.082710 0.603004 0.179953 0.784949 0.183723 0.756848 0.176184 0.813050 0.183723 0.756848 0.294005 0.662069 0.294116 0.827739 0.176184 0.813050 0.320696 0.771377 0.319085 0.915620
41 0.082537 0.602771 0.180411 0.784316 0.184041 0.755843 0.176781 0.812788 0.184041 0.755843 0.293767 0.661288 0.293925 0.827054 0.176781 0.812788 0.320663 0.770997 0.319086 0.915621
42 0.082376 0.602665 0.180571 0.783583 0.184059 0.754531 0.177083 0.812635 0.184059 0.754531 0.293687 0.661249 0.293796 0.826592 0.177083 0.812635 0.321453 0.772431 0.319164 0.916040
43 0.082263 0.602463 0.180960 0.782959 0.184118 0.753689 0.177802 0.812229 0.184118 0.753689 0.293531 0.661008 0.293526 0.826021 0.177802 0.812229 0.322361 0.772862 0.319348 0.916432
44 0.082071 0.602448 0.181083 0.782792 0.184118 0.753373 0.178049 0.812212 0.184118 0.753373 0.293162 0.660614 0.293544 0.822586 0.178049 0.812212 0.323354 0.772846 0.319348 0.916527
45 0.081708 0.602431 0.181102 0.782919 0.184122 0.753583 0.178083 0.812254 0.184122 0.753583 0.292307 0.660155 0.291396 0.818817 0.178083 0.812254 0.323573 0.772674 0.319561 0.917521
46 0.081432 0.602608 0.181155 0.783288 0.184191 0.754115 0.178120 0.812461 0.184191 0.754115 0.291956 0.659916 0.290976 0.818049 0.178120 0.812461 0.323762 0.772576 0.319570 0.917839
47 0.080731 0.602668 0.181363 0.783349 0.184193 0.754270 0.178532 0.812428 0.184193 0.754270 0.291104 0.659724 0.290591 0.818094 0.178532 0.812428 0.323848 0.772535 0.319616 0.919253
48 0.080554 0.602756 0.181439 0.783162 0.184165 0.754283 0.178713 0.812041 0.184165 0.754283 0.290710 0.659616 0.290614 0.817454 0.178713 0.812041 0.323875 0.772543 0.320573 0.921735
49 0.080377 0.603014 0.181818 0.782540 0.184165 0.753743 0.179471 0.811337 0.184165 0.753743 0.290293 0.659423 0.290710 0.816736 0.179471 0.811337 0.323919 0.772506 0.321223 0.923040
50 0.080138 0.603264 0.181952 0.781723 0.184099 0.752957 0.179805 0.810489 0.184099 0.752957 0.289909 0.659098 0.291361 0.813594 0.179805 0.810489 0.323907 0.772477 0.321832 0.923515
51 0.080125 0.603371 0.181973 0.781549 0.184046 0.752860 0.179900 0.810238 0.184046 0.752860 0.289402 0.658635 0.291457 0.811627 0.179900 0.810238 0.323901 0.771872 0.321882 0.923395
52 0.080188 0.603414 0.181962 0.781043 0.183958 0.752065 0.179966 0.810022 0.183958 0.752065 0.288928 0.658034 0.291476 0.810556 0.179966 0.810022 0.323927 0.771590 0.321927 0.923279
53 0.080166 0.603373 0.181978 0.780547 0.183912 0.751344 0.180045 0.809750 0.183912 0.751344 0.288467 0.657418 0.291490 0.809672 0.180045 0.809750 0.324015 0.771313 0.322069 0.923188
54 0.080333 0.603236 0.182148 0.780349 0.183910 0.751046 0.180386 0.809651 0.183910 0.751046 0.287830 0.656615 0.290820 0.810074 0.180386 0.809651 0.324192 0.770822 0.322111 0.923116
55 0.080389 0.603224 0.182231 0.780340 0.183871 0.751053 0.180591 0.809627 0.183871 0.751053 0.287141 0.655766 0.288541 0.807918 0.180591 0.809627 0.324301 0.770134 0.322220 0.923023
56 0.080303 0.603201 0.182180 0.780283 0.183734 0.750964 0.180625 0.809601 0.183734 0.750964 0.286409 0.655306 0.288709 0.804311 0.180625 0.809601 0.324371 0.770045 0.322320 0.923003
57 0.080136 0.603374 0.181967 0.780327 0.183311 0.750987 0.180622 0.809666 0.183311 0.750987 0.285299 0.654949 0.286849 0.803725 0.180622 0.809666 0.324371 0.769749 0.322417 0.922927
58 0.080233 0.603360 0.182000 0.780345 0.183158 0.751023 0.180841 0.809666 0.183158 0.751023 0.284299 0.654657 0.287062 0.802222 0.180841 0.809666 0.324468 0.769665 0.322734 0.922970
59 0.080396 0.603344 0.181983 0.780387 0.183058 0.751038 0.180909 0.809737 0.183058 0.751038 0.283331 0.654639 0.287217 0.801988 0.180909 0.809737 0.324683 0.769507 0.322837 0.923013
60 0.080664 0.603037 0.182046 0.780397 0.183053 0.751052 0.181038 0.809741 0.183053 0.751052 0.282538 0.654437 0.289566 0.802224 0.181038 0.809741 0.324738 0.768857 0.322719 0.922794
61 0.080721 0.602911 0.182021 0.780494 0.183030 0.751149 0.181013 0.809839 0.183030 0.751149 0.281935 0.654341 0.291184 0.802281 0.181013 0.809839 0.324858 0.768553 0.322509 0.922482
62 0.080792 0.602762 0.182024 0.780550 0.183022 0.751257 0.181026 0.809843 0.183022 0.751257 0.281482 0.654333 0.291059 0.802267 0.181026 0.809843 0.325086 0.768211 0.322394 0.922423
63 0.080891 0.602557 0.182053 0.780559 0.183018 0.751270 0.181089 0.809849 0.183018 0.751270 0.281525 0.654523 0.290552 0.805939 0.181089 0.809849 0.325444 0.768185 0.321830 0.922293
64 0.080499 0.602348 0.182125 0.780645 0.183019 0.751424 0.181231 0.809866 0.183019 0.751424 0.281631 0.655767 0.289505 0.809559 0.181231 0.809866 0.325748 0.768041 0.320808 0.921918
65 0.080353 0.602255 0.182008 0.780717 0.182868 0.751485 0.181148 0.809949 0.182868 0.751485 0.281725 0.658529 0.288323 0.812300 0.181148 0.809949 0.325841 0.767809 0.319758 0.920596
66 0.080239 0.602214 0.181907 0.781272 0.182847 0.752110 0.180967 0.810435 0.182847 0.752110 0.282040 0.662851 0.288986 0.821563 0.180967 0.810435 0.325858 0.767804 0.319256 0.920153
67 0.080104 0.602260 0.181880 0.781532 0.182805 0.752518 0.180954 0.810546 0.182805 0.752518 0.282495 0.664150 0.288382 0.820085 0.180954 0.810546 0.326017 0.767810 0.318736 0.919945
68 0.080014 0.602286 0.181669 0.781862 0.182581 0.752914 0.180758 0.810809 0.182581 0.752914 0.282932 0.665021 0.285684 0.820558 0.180758 0.810809 0.326177 0.767928 0.318493 0.919929
69 0.079944 0.602251 0.181654 0.781992 0.182568 0.753159 0.180740 0.810824 0.182568 0.753159 0.283576 0.665521 0.284276 0.821137 0.180740 0.810824 0.326311 0.767957 0.318118 0.919948
70 0.079850 0.602332 0.181579 0.782794 0.182567 0.754534 0.180592 0.811055 0.182567 0.754534 0.283855 0.666889 0.284591 0.827084 0.180592 0.811055 0.326347 0.767933 0.317879 0.919928
71 0.079516 0.602725 0.181613 0.783702 0.182635 0.755904 0.180590 0.811499 0.182635 0.755904 0.284095 0.667706 0.287543 0.827197 0.180590 0.811499 0.326069 0.765801 0.317464 0.919707
72 0.079494 0.602539 0.181607 0.783849 0.182658 0.756209 0.180556 0.811488 0.182658 0.756209 0.284644 0.668335 0.290857 0.827191 0.180556 0.811488 0.326174 0.765833 0.317471 0.918533
73 0.079347 0.602421 0.181609 0.783719 0.182663 0.756005 0.180555 0.811433 0.182663 0.756005 0.285541 0.668163 0.292096 0.826647 0.180555 0.811433 0.326357 0.765902 0.317487 0.918182
74 0.079172 0.602343 0.181584 0.783709 0.182619 0.755970 0.180549 0.811448 0.182619 0.755970 0.286385 0.668053 0.292324 0.826242 0.180549 0.811448 0.326468 0.766099 0.317399 0.918247
75 0.079095 0.602333 0.181545 0.783738 0.182608 0.755956 0.180482 0.811521 0.182608 0.755956 0.286849 0.668337 0.292962 0.826979 0.180482 0.811521 0.326471 0.766281 0.317297 0.918097
76 0.079046 0.602293 0.181530 0.783335 0.182599 0.755170 0.180461 0.811501 0.182599 0.755170 0.287109 0.668487 0.293495 0.826884 0.180461 0.811501 0.326487 0.766834 0.317322 0.918048
77 0.078772 0.602303 0.181511 0.783353 0.182568 0.755200 0.180454 0.811506 0.182568 0.755200 0.287366 0.668628 0.293989 0.827263 0.180454 0.811506 0.326560 0.767228 0.317346 0.918044
78 0.078770 0.602253 0.181556 0.783488 0.182618 0.755468 0.180493 0.811507 0.182618 0.755468 0.287588 0.668621 0.294679 0.827488 0.180493 0.811507 0.326638 0.767688 0.317350 0.918046
79 0.078763 0.602199 0.181557 0.783549 0.182623 0.755595 0.180492 0.811503 0.182623 0.755595 0.287769 0.668583 0.294896 0.827375 0.180492 0.811503 0.326666 0.767835 0.317342 0.918048
80 0.078579 0.602108 0.181524 0.783695 0.182593 0.755851 0.180454 0.811539 0.182593 0.755851 0.287775 0.668591 0.294954 0.827279 0.180454 0.811539 0.326692 0.767945 0.317331 0.918050
81 0.078568 0.602058 0.181519 0.783895 0.182592 0.756233 0.180447 0.811557 0.182592 0.756233 0.287764 0.668566 0.295140 0.827195 0.180447 0.811557 0.326230 0.766098 0.317328 0.918043
82 0.078526 0.602058 0.181100 0.783952 0.182396 0.756256 0.179803 0.811648 0.182396 0.756256 0.287695 0.668715 0.297202 0.830133 0.179803 0.811648 0.326238 0.766701 0.317355 0.918134
83 0.078515 0.602072 0.180992 0.784089 0.182254 0.756411 0.179730 0.811768 0.182254 0.756411 0.287265 0.668812 0.296415 0.829950 0.179730 0.811768 0.326348 0.766740 0.317356 0.918227
84 0.078504 0.602258 0.180875 0.783688 0.182018 0.755656 0.179732 0.811720 0.182018 0.755656 0.286458 0.668882 0.288905 0.825049 0.179732 0.811720 0.326508 0.766703 0.317380 0.918149
85 0.078486 0.602317 0.180744 0.783642 0.181785 0.755558 0.179703 0.811727 0.181785 0.755558 0.286143 0.668876 0.286880 0.823073 0.179703 0.811727 0.326701 0.766667 0.317383 0.918100
86 0.078434 0.602474 0.180646 0.783837 0.181622 0.755924 0.179671 0.811749 0.181622 0.755924 0.286003 0.668966 0.287452 0.824206 0.179671 0.811749 0.326452 0.764450 0.317373 0.917865
87 0.078628 0.602586 0.180650 0.783706 0.181624 0.755664 0.179677 0.811749 0.181624 0.755664 0.285961 0.668963 0.285660 0.824211 0.179677 0.811749 0.326577 0.764757 0.317376 0.917817
88 0.078626 0.602592 0.180626 0.783632 0.181576 0.755548 0.179675 0.811716 0.181576 0.755548 0.285957 0.668997 0.284956 0.822612 0.179675 0.811716 0.326638 0.765177 0.317431 0.917877
89 0.078675 0.602653 0.180615 0.783681 0.181555 0.755546 0.179676 0.811817 0.181555 0.755546 0.285938 0.669105 0.285287 0.824571 0.179676 0.811817 0.326716 0.765613 0.317433 0.917890
90 0.078665 0.602805 0.180588 0.784172 0.181538 0.756269 0.179637 0.812074 0.181538 0.756269 0.285937 0.669291 0.285434 0.828814 0.179637 0.812074 0.326003 0.764636 0.317454 0.917824
91 0.078446 0.602889 0.180702 0.784276 0.181611 0.756442 0.179793 0.812110 0.181611 0.756442 0.285966 0.669334 0.285675 0.830129 0.179793 0.812110 0.325658 0.764327 0.317464 0.917812
92 0.078412 0.602969 0.180836 0.784308 0.181679 0.756556 0.179994 0.812059 0.181679 0.756556 0.286022 0.669345 0.286560 0.830910 0.179994 0.812059 0.325571 0.764173 0.317505 0.917567
93 0.078393 0.603434 0.181067 0.784415 0.181696 0.756880 0.180437 0.811951 0.181696 0.756880 0.286114 0.669338 0.287447 0.830733 0.180437 0.811951 0.325522 0.764050 0.317618 0.917269
94 0.078184 0.603450 0.181382 0.784230 0.181813 0.756804 0.180950 0.811656 0.181813 0.756804 0.286361 0.669292 0.289826 0.829288 0.180950 0.811656 0.325801 0.765965 0.317739 0.917178
95 0.078131 0.603456 0.181579 0.784265 0.181918 0.756913 0.181240 0.811616 0.181918 0.756913 0.286512 0.669219 0.289941 0.829234 0.181240 0.811616 0.326155 0.766826 0.317877 0.917050
96 0.078032 0.603613 0.181751 0.784193 0.181923 0.756912 0.181580 0.811473 0.181923 0.756912 0.286395 0.669220 0.290047 0.829184 0.181580 0.811473 0.326516 0.766920 0.317882 0.917092
97 0.077742 0.603687 0.181753 0.784361 0.181900 0.757134 0.181606 0.811588 0.181900 0.757134 0.286323 0.669238 0.290048 0.829387 0.181606 0.811588 0.326439 0.765370 0.317886 0.917091
98 0.077626 0.603965 0.181793 0.785140 0.181900 0.758355 0.181685 0.811925 0.181900 0.758355 0.285985 0.669447 0.287713 0.829423 0.181685 0.811925 0.326425 0.764326 0.317897 0.917068
99 0.077229 0.604030 0.181445 0.785582 0.181297 0.759139 0.181592 0.812024 0.181297 0.759139 0.285531 0.669555 0.286367 0.829415 0.181592 0.812024 0.326451 0.763156 0.317889 0.917070
100 0.076920 0.604078 0.181340 0.785862 0.181088 0.759604 0.181592 0.812120 0.181088 0.759604 0.284941 0.669118 0.285562 0.824698 0.181592 0.812120 0.326495 0.762420 0.317809 0.917158
101 0.076862 0.603996 0.181201 0.786052 0.180925 0.759746 0.181477 0.812359 0.180925 0.759746 0.284707 0.668714 0.284751 0.822127 0.181477 0.812359 0.326519 0.762043 0.317615 0.917205
102 0.076789 0.603956 0.180811 0.785861 0.180438 0.759363 0.181185 0.812359 0.180438 0.759363 0.284686 0.668351 0.284562 0.822204 0.181185 0.812359 0.326528 0.761616 0.317350 0.917250
103 0.076727 0.603921 0.180693 0.785727 0.180278 0.759107 0.181109 0.812347 0.180278 0.759107 0.284586 0.668426 0.284509 0.821230 0.181109 0.812347 0.326582 0.761485 0.317057 0.917325
104 0.076710 0.603829 0.180736 0.785838 0.180366 0.759284 0.181107 0.812392 0.180366 0.759284 0.284581 0.668477 0.288447 0.821358 0.181107 0.812392 0.326584 0.761404 0.316827 0.917329
105 0.076708 0.603848 0.180763 0.785897 0.180419 0.759401 0.181107 0.812394 0.180419 0.759401 0.284549 0.668577 0.290101 0.821616 0.181107 0.812394 0.326604 0.761017 0.316679 0.917131
106 0.076665 0.603826 0.180769 0.785876 0.180429 0.759398 0.181108 0.812355 0.180429 0.759398 0.284803 0.668527 0.289976 0.824301 0.181108 0.812355 0.326662 0.761020 0.316587 0.917006
107 0.076661 0.603912 0.180771 0.785903 0.180452 0.759412 0.181090 0.812393 0.180452 0.759412 0.284812 0.668637 0.290433 0.827710 0.181090 0.812393 0.327204 0.763187 0.316589 0.917176
108 0.076775 0.604366 0.180801 0.786309 0.180510 0.759487 0.181092 0.813130 0.180510 0.759487 0.284813 0.668657 0.290408 0.829021 0.181092 0.813130 0.327028 0.762489 0.316684 0.917130
109 0.076845 0.604681 0.180814 0.786384 0.180536 0.759486 0.181091 0.813282 0.180536 0.759486 0.284804 0.668661 0.290406 0.829333 0.181091 0.813282 0.326971 0.762278 0.316859 0.917300
110 0.076900 0.604928 0.180897 0.786656 0.180760 0.759635 0.181035 0.813676 0.180760 0.759635 0.284869 0.668714 0.290846 0.830215 0.181035 0.813676 0.326897 0.762153 0.316997 0.917300
111 0.076946 0.605184 0.180862 0.786663 0.180779 0.759629 0.180946 0.813698 0.180779 0.759629 0.284878 0.668721 0.290853 0.830497 0.180946 0.813698 0.327273 0.762946 0.317066 0.917233
112 0.077024 0.605415 0.180801 0.786665 0.180784 0.759623 0.180819 0.813707 0.180784 0.759623 0.284880 0.668746 0.291184 0.831082 0.180819 0.813707 0.327447 0.763493 0.317297 0.917273
113 0.077025 0.605432 0.180701 0.786734 0.180789 0.759719 0.180612 0.813750 0.180789 0.759719 0.284911 0.668760 0.291306 0.831240 0.180612 0.813750 0.327271 0.762810 0.317372 0.917281
114 0.076988 0.605449 0.180632 0.786877 0.180784 0.759956 0.180480 0.813798 0.180784 0.759956 0.284897 0.668765 0.291291 0.831252 0.180480 0.813798 0.327157 0.762014 0.317419 0.917296
115 0.076921 0.605476 0.180309 0.787090 0.180405 0.760304 0.180213 0.813877 0.180405 0.760304 0.284891 0.668835 0.291273 0.831325 0.180213 0.813877 0.327057 0.761480 0.317422 0.917299
116 0.076883 0.605455 0.179822 0.787496 0.179907 0.760811 0.179737 0.814181 0.179907 0.760811 0.284783 0.668897 0.291186 0.831360 0.179737 0.814181 0.327006 0.761007 0.317409 0.916942
117 0.076754 0.605488 0.179771 0.787356 0.179813 0.760462 0.179729 0.814249 0.179813 0.760462 0.284778 0.668825 0.291160 0.831346 0.179729 0.814249 0.326988 0.760681 0.317495 0.916702
118 0.076508 0.605506 0.179711 0.787123 0.179624 0.760008 0.179798 0.814239 0.179624 0.760008 0.284781 0.668764 0.288627 0.826498 0.179798 0.814239 0.327317 0.761997 0.317541 0.916771
119 0.076386 0.605517 0.179576 0.787013 0.179354 0.759788 0.179798 0.814238 0.179354 0.759788 0.284772 0.668766 0.286846 0.824172 0.179798 0.814238 0.327108 0.761743 0.317605 0.916849
120 0.076257 0.605644 0.179486 0.787371 0.179192 0.760346 0.179780 0.814396 0.179192 0.760346 0.284721 0.668839 0.286473 0.823226 0.179780 0.814396 0.326765 0.761373 0.317917 0.916789
121 0.076206 0.605862 0.179343 0.787450 0.179081 0.760290 0.179604 0.814611 0.179081 0.760290 0.284636 0.668860 0.286050 0.822596 0.179604 0.814611 0.326414 0.760778 0.317934 0.916774
122 0.076197 0.605845 0.179290 0.787379 0.178965 0.760221 0.179616 0.814537 0.178965 0.760221 0.284630 0.668818 0.285649 0.821841 0.179616 0.814537 0.326365 0.760600 0.317949 0.916776
123 0.076124 0.605835 0.179507 0.787367 0.179152 0.760247 0.179861 0.814487 0.179152 0.760247 0.284747 0.668843 0.288164 0.825435 0.179861 0.814487 0.326331 0.760587 0.318082 0.916578
124 0.076041 0.605829 0.179477 0.787558 0.179115 0.760245 0.179839 0.814871 0.179115 0.760245 0.284740 0.668844 0.286592 0.824049 0.179839 0.814871 0.326329 0.760422 0.318079 0.916356
125 0.076021 0.605809 0.179441 0.787414 0.179060 0.759998 0.179821 0.814831 0.179060 0.759998 0.284752 0.668853 0.286308 0.824677 0.179821 0.814831 0.326281 0.760355 0.318001 0.916198
126 0.075963 0.605861 0.179436 0.787290 0.179049 0.759790 0.179823 0.814790 0.179049 0.759790 0.284754 0.668864 0.286348 0.825344 0.179823 0.814790 0.326216 0.760292 0.317979 0.916009
127 0.075910 0.605766 0.179264 0.787185 0.178994 0.759576 0.179535 0.814793 0.178994 0.759576 0.284749 0.668873 0.286679 0.825935 0.179535 0.814793 0.326153 0.760248 0.317971 0.915937
128 0.075805 0.605770 0.179175 0.787111 0.178964 0.759435 0.179386 0.814786 0.178964 0.759435 0.284840 0.669004 0.286060 0.824273 0.179386 0.814786 0.326294 0.761658 0.317975 0.916029
129 0.075778 0.605766 0.179196 0.786879 0.178995 0.759050 0.179397 0.814709 0.178995 0.759050 0.284949 0.669021 0.285971 0.825379 0.179397 0.814709 0.326287 0.761431 0.317971 0.916025
130 0.075781 0.605748 0.179149 0.786686 0.178991 0.758670 0.179307 0.814702 0.178991 0.758670 0.284959 0.669030 0.285278 0.824210 0.179307 0.814702 0.326415 0.762064 0.317974 0.915958
131 0.075792 0.605767 0.179141 0.786765 0.179014 0.758670 0.179268 0.814859 0.179014 0.758670 0.284983 0.669030 0.285186 0.825524 0.179268 0.814859 0.326285 0.761449 0.318079 0.915850
132 0.075738 0.605756 0.179114 0.787361 0.179026 0.759785 0.179201 0.814937 0.179026 0.759785 0.284343 0.668959 0.284881 0.827730 0.179201 0.814937 0.326104 0.760294 0.317917 0.915776
133 0.075730 0.605752 0.179133 0.787355 0.179056 0.759772 0.179209 0.814938 0.179056 0.759772 0.284306 0.669052 0.285014 0.828961 0.179209 0.814938 0.325996 0.759597 0.317894 0.915615
134 0.075584 0.605707 0.178891 0.787966 0.178736 0.760814 0.179045 0.815119 0.178736 0.760814 0.284114 0.669186 0.284955 0.829454 0.179045 0.815119 0.325896 0.759071 0.317895 0.915424
135 0.075582 0.605826 0.178888 0.788368 0.178734 0.761507 0.179042 0.815228 0.178734 0.761507 0.283562 0.669082 0.284779 0.829558 0.179042 0.815228 0.325779 0.758802 0.317772 0.915198
136 0.075603 0.605833 0.178916 0.788368 0.178776 0.761480 0.179056 0.815255 0.178776 0.761480 0.283050 0.668963 0.284286 0.829357 0.179056 0.815255 0.325762 0.758468 0.317753 0.914903
137 0.075645 0.605922 0.178925 0.788047 0.178795 0.760853 0.179055 0.815241 0.178795 0.760853 0.282922 0.668789 0.284235 0.829329 0.179055 0.815241 0.325728 0.758432 0.317777 0.914768
138 0.075850 0.605997 0.179053 0.787653 0.178967 0.760175 0.179139 0.815131 0.178967 0.760175 0.282981 0.668892 0.284241 0.829126 0.179139 0.815131 0.325733 0.758395 0.317814 0.914758
139 0.075910 0.605969 0.179108 0.787450 0.179010 0.759856 0.179206 0.815044 0.179010 0.759856 0.283007 0.668924 0.284876 0.829052 0.179206 0.815044 0.325733 0.758287 0.317741 0.913493
140 0.076019 0.605698 0.179207 0.786950 0.179040 0.759106 0.179373 0.814795 0.179040 0.759106 0.283278 0.668916 0.284825 0.827102 0.179373 0.814795 0.326021 0.759780 0.317835 0.913610
141 0.076186 0.605638 0.179302 0.786648 0.179020 0.758762 0.179584 0.814534 0.179020 0.758762 0.283228 0.668533 0.284694 0.826470 0.179584 0.814534 0.326024 0.759597 0.317871 0.913622
142 0.076400 0.605477 0.179367 0.786058 0.179014 0.757945 0.179719 0.814172 0.179014 0.757945 0.283232 0.666811 0.284692 0.821618 0.179719 0.814172 0.326013 0.759420 0.318561 0.913729
143 0.076799 0.604939 0.179443 0.785161 0.179013 0.756494 0.179873 0.813827 0.179013 0.756494 0.283341 0.664792 0.285450 0.819819 0.179873 0.813827 0.326249 0.759492 0.319951 0.913906
144 0.077067 0.604284 0.179268 0.784793 0.178668 0.755946 0.179867 0.813640 0.178668 0.755946 0.283497 0.663397 0.296522 0.820153 0.179867 0.813640 0.325633 0.759171 0.320991 0.913912
145 0.077692 0.602850 0.178885 0.784571 0.178663 0.755527 0.179108 0.813615 0.178663 0.755527 0.284636 0.662940 0.306536 0.827026 0.179108 0.813615 0.324405 0.758870 0.321334 0.913917
146 0.078506 0.602919 0.179411 0.784980 0.179817 0.755539 0.179006 0.814421 0.179817 0.755539 0.285650 0.662076 0.319347 0.827742 0.179006 0.814421 0.323387 0.758848 0.322366 0.912085
147 0.079886 0.602578 0.179662 0.786595 0.180983 0.756585 0.178341 0.816605 0.180983 0.756585 0.287619 0.660897 0.327013 0.827438 0.178341 0.816605 0.321765 0.756839 0.322432 0.911823
148 0.080762 0.601890 0.179291 0.787209 0.181685 0.756730 0.176896 0.817689 0.181685 0.756730 0.289906 0.660727 0.335175 0.825851 0.176896 0.817689 0.319180 0.754810 0.322412 0.911779
149 0.081869 0.600711 0.179958 0.787804 0.183172 0.757780 0.176745 0.817828 0.183172 0.757780 0.291687 0.660186 0.341617 0.823181 0.176745 0.817828 0.318111 0.751188 0.322528 0.909636
150 0.084174 0.600465 0.180110 0.787371 0.183470 0.757228 0.176750 0.817513 0.183470 0.757228 0.292195 0.658657 0.342850 0.818577 0.176750 0.817513 0.317829 0.749397 0.323260 0.908509
151 0.086738 0.599610 0.180246 0.787022 0.183735 0.756750 0.176758 0.817294 0.183735 0.756750 0.293422 0.657228 0.343399 0.814285 0.176758 0.817294 0.318071 0.747799 0.324035 0.908227
152 0.089822 0.597739 0.180732 0.785838 0.184340 0.756040 0.177123 0.815636 0.184340 0.756040 0.294155 0.655466 0.344923 0.812297 0.177123 0.815636 0.318810 0.745468 0.324613 0.907751
153 0.093607 0.596681 0.182185 0.785057 0.185986 0.756043 0.178383 0.814071 0.185986 0.756043 0.295948 0.655185 0.348616 0.811368 0.178383 0.814071 0.318896 0.740904 0.325831 0.905987
154 0.096304 0.595089 0.182243 0.783714 0.185837 0.756001 0.178649 0.811427 0.185837 0.756001 0.297077 0.655462 0.346059 0.814310 0.178649 0.811427 0.316663 0.728994 0.327106 0.901544
155 0.098613 0.594276 0.182233 0.781691 0.185752 0.755694 0.178715 0.807689 0.185752 0.755694 0.297468 0.655656 0.343390 0.818422 0.178715 0.807689 0.313985 0.721632 0.328132 0.898479
156 0.101008 0.593431 0.181310 0.780839 0.184577 0.755542 0.178043 0.806137 0.184577 0.755542 0.297518 0.656729 0.342002 0.825643 0.178043 0.806137 0.308680 0.712798 0.329783 0.895325
157 0.104035 0.592264 0.179542 0.780675 0.182528 0.755739 0.176556 0.805612 0.182528 0.755739 0.297391 0.658748 0.332639 0.833920 0.176556 0.805612 0.305440 0.706853 0.329973 0.891540
158 0.106883 0.589890 0.177855 0.782301 0.181375 0.758650 0.174335 0.805952 0.181375 0.758650 0.297550 0.664195 0.326615 0.844987 0.174335 0.805952 0.303036 0.704554 0.329816 0.889996
159 0.110020 0.588517 0.176328 0.784039 0.180178 0.761938 0.172479 0.806140 0.180178 0.761938 0.297838 0.669457 0.319445 0.853517 0.172479 0.806140 0.302529 0.704011 0.327955 0.890768
160 0.114436 0.586310 0.175563 0.786550 0.180124 0.766444 0.171003 0.806655 0.180124 0.766444 0.298229 0.675675 0.311795 0.861138 0.171003 0.806655 0.302260 0.705020 0.322797 0.891239
161 0.117157 0.585916 0.173575 0.787944 0.178513 0.768277 0.168638 0.807610 0.178513 0.768277 0.298184 0.681529 0.300099 0.864375 0.168638 0.807610 0.302052 0.707703 0.315434 0.891877
162 0.120095 0.584238 0.171861 0.790645 0.176855 0.772276 0.166867 0.809014 0.176855 0.772276 0.298108 0.687478 0.289571 0.869700 0.166867 0.809014 0.301140 0.709383 0.306159 0.894272
163 0.122953 0.581464 0.170361 0.794058 0.173608 0.778290 0.167115 0.809825 0.173608 0.778290 0.297883 0.694261 0.285011 0.873994 0.167115 0.809825 0.300141 0.710095 0.302200 0.897180
164 0.126753 0.579318 0.168209 0.794446 0.170451 0.778678 0.165967 0.810215 0.170451 0.778678 0.297830 0.699647 0.283978 0.877575 0.165967 0.810215 0.299766 0.710816 0.298190 0.899871
165 0.130608 0.577515 0.167210 0.793579 0.169109 0.776935 0.165310 0.810223 0.169109 0.776935 0.297796 0.703346 0.277037 0.877765 0.165310 0.810223 0.300124 0.715794 0.293933 0.904623
166 0.135126 0.576763 0.167893 0.793034 0.170096 0.775858 0.165690 0.810211 0.170096 0.775858 0.298115 0.706041 0.275392 0.877266 0.165690 0.810211 0.300418 0.720734 0.290983 0.906229
167 0.140731 0.576088 0.168211 0.792321 0.170673 0.775503 0.165748 0.809138 0.170673 0.775503 0.298053 0.709323 0.270985 0.878435 0.165748 0.809138 0.300565 0.723227 0.290736 0.907626
168 0.146338 0.575202 0.168485 0.792090 0.171068 0.775049 0.165902 0.809131 0.171068 0.775049 0.297862 0.710299 0.268939 0.876242 0.165902 0.809131 0.301073 0.724517 0.293372 0.908507
169 0.152049 0.573199 0.168911 0.791533 0.171884 0.775072 0.165938 0.807993 0.171884 0.775072 0.299281 0.717643 0.273100 0.882593 0.165938 0.807993 0.303606 0.726812 0.294983 0.910014
170 -1 -1 -1 -1 -1 -1 -1 -1 -1 -1 -1 -1 -1 -1 -1 -1 -1 -1 -1 -1
171 -1 -1 -1 -1 -1 -1 -1 -1 -1 -1 -1 -1 -1 -1 -1 -1 -1 -1 -1 -1
172 -1 -1 -1 -1 -1 -1 -1 -1 -1 -1 -1 -1 -1 -1 -1 -1 -1 -1 -1 -1
173 -1 -1 -1 -1 -1 -1 -1 -1 -1 -1 -1 -1 -1 -1 -1 -1 -1 -1 -1 -1
174 -1 -1 -1 -1 -1 -1 -1 -1 -1 -1 -1 -1 -1 -1 -1 -1 -1 -1 -1 -1
175 -1 -1 -1 -1 -1 -1 -1 -1 -1 -1 -1 -1 -1 -1 -1 -1 -1 -1 -1 -1
176 -1 -1 -1 -1 -1 -1 -1 -1 -1 -1 -1 -1 -1 -1 -1 -1 -1 -1 -1 -1
177 -1 -1 -1 -1 -1 -1 -1 -1 -1 -1 -1 -1 -1 -1 -1 -1 -1 -1 -1 -1
178 -1 -1 -1 -1 -1 -1 -1 -1 -1 -1 -1 -1 -1 -1 -1 -1 -1 -1 -1 -1
179 -1 -1 -1 -1 -1 -1 -1 -1 -1 -1 -1 -1 -1 -1 -1 -1 -1 -1 -1 -1
180 -1 -1 -1 -1 -1 -1 -1 -1 -1 -1 -1 -1 -1 -1 -1 -1 -1 -1 -1 -1
181 -1 -1 -1 -1 -1 -1 -1 -1 -1 -1 -1 -1 -1 -1 -1 -1 -1 -1 -1 -1
182 -1 -1 -1 -1 -1 -1 -1 -1 -1 -1 -1 -1 -1 -1 -1 -1 -1 -1 -1 -1
183 -1 -1 -1 -1 -1 -1 -1 -1 -1 -1 -1 -1 -1 -1 -1 -1 -1 -1 -1 -1
184 -1 -1 -1 -1 -1 -1 -1 -1 -1 -1 -1 -1 -1 -1 -1 -1 -1 -1 -1 -1
185 -1 -1 -1 -1 -1 -1 -1 -1 -1 -1 -1 -1 -1 -1 -1 -1 -1 -1 -1 -1
186 -1 -1 -1 -1 -1 -1 -1 -1 -1 -1 -1 -1 -1 -1 -1 -1 -1 -1 -1 -1
187 -1 -1 -1 -1 -1 -1 -1 -1 -1 -1 -1 -1 -1 -1 -1 -1 -1 -1 -1 -1
188 -1 -1 -1 -1 -1 -1 -1 -1 -1 -1 -1 -1 -1 -1 -1 -1 -1 -1 -1 -1
189 -1 -1 -1 -1 -1 -1 -1 -1 -1 -1 -1 -1 -1 -1 -1 -1 -1 -1 -1 -1
190 -1 -1 -1 -1 -1 -1 -1 -1 -1 -1 -1 -1 -1 -1 -1 -1 -1 -1 -1 -1
191 -1 -1 -1 -1 -1 -1 -1 -1 -1 -1 -1 -1 -1 -1 -1 -1 -1 -1 -1 -1
192 -1 -1 -1 -1 -1 -1 -1 -1 -1 -1 -1 -1 -1 -1 -1 -1 -1 -1 -1 -1
193 -1 -1 -1 -1 -1 -1 -1 -1 -1 -1 -1 -1 -1 -1 -1 -1 -1 -1 -1 -1
194 -1 -1 -1 -1 -1 -1 -1 -1 -1 -1 -1 -1 -1 -1 -1 -1 -1 -1 -1 -1
195 -1 -1 -1 -1 -1 -1 -1 -1 -1 -1 -1 -1 -1 -1 -1 -1 -1 -1 -1 -1
196 -1 -1 -1 -1 -1 -1 -1 -1 -1 -1 -1 -1 -1 -1 -1 -1 -1 -1 -1 -1
197 -1 -1 -1 -1 -1 -1 -1 -1 -1 -1 -1 -1 -1 -1 -1 -1 -1 -1 -1 -1
198 -1 -1 -1 -1 -1 -1 -1 -1 -1 -1 -1 -1 -1 -1 -1 -1 -1 -1 -1 -1
199 -1 -1 -1 -1 -1 -1 -1 -1 -1 -1 -1 -1 -1 -1 -1 -1 -1 -1 -1 -1
200 -1 -1 -1 -1 -1 -1 -1 -1 -1 -1 -1 -1 -1 -1 -1 -1 -1 -1 -1 -1
201 -1 -1 -1 -1 -1 -1 -1 -1 -1 -1 -1 -1 -1 -1 -1 -1 -1 -1 -1 -1
202 -1 -1 -1 -1 -1 -1 -1 -1 -1 -1 -1 -1 -1 -1 -1 -1 -1 -1 -1 -1
203 -1 -1 -1 -1 -1 -1 -1 -1 -1 -1 -1 -1 -1 -1 -1 -1 -1 -1 -1 -1
204 -1 -1 -1 -1 -1 -1 -1 -1 -1 -1 -1 -1 -1 -1 -1 -1 -1 -1 -1 -1
205 -1 -1 -1 -1 -1 -1 -1 -1 -1 -1 -1 -1 -1 -1 -1 -1 -1 -1 -1 -1
206 -1 -1 -1 -1 -1 -1 -1 -1 -1 -1 -1 -1 -1 -1 -1 -1 -1 -1 -1 -1
207 -1 -1 -1 -1 -1 -1 -1 -1 -1 -1 -1 -1 -1 -1 -1 -1 -1 -1 -1 -1
208 -1 -1 -1 -1 -1 -1 -1 -1 -1 -1 -1 -1 -1 -1 -1 -1 -1 -1 -1 -1
209 -1 -1 -1 -1 -1 -1 -1 -1 -1 -1 -1 -1 -1 -1 -1 -1 -1 -1 -1 -1
210 -1 -1 -1 -1 -1 -1 -1 -1 -1 -1 -1 -1 -1 -1 -1 -1 -1 -1 -1 -1
211 -1 -1 -1 -1 -1 -1 -1 -1 -1 -1 -1 -1 -1 -1 -1 -1 -1 -1 -1 -1
212 -1 -1 -1 -1 -1 -1 -1 -1 -1 -1 -1 -1 -1 -1 -1 -1 -1 -1 -1 -1
213 -1 -1 -1 -1 -1 -1 -1 -1 -1 -1 -1 -1 -1 -1 -1 -1 -1 -1 -1 -1
214 -1 -1 -1 -1 -1 -1 -1 -1 -1 -1 -1 -1 -1 -1 -1 -1 -1 -1 -1 -1
215 -1 -1 -1 -1 -1 -1 -1 -1 -1 -1 -1 -1 -1 -1 -1 -1 -1 -1 -1 -1
216 -1 -1 -1 -1 -1 -1 -1 -1 -1 -1 -1 -1 -1 -1 -1 -1 -1 -1 -1 -1
217 -1 -1 -1 -1 -1 -1 -1 -1 -1 -1 -1 -1 -1 -1 -1 -1 -1 -1 -1 -1
218 -1 -1 -1 -1 -1 -1 -1 -1 -1 -1 -1 -1 -1 -1 -1 -1 -1 -1 -1 -1
219 -1 -1 -1 -1 -1 -1 -1 -1 -1 -1 -1 -1 -1 -1 -1 -1 -1 -1 -1 -1
220 -1 -1 -1 -1 -1 -1 -1 -1 -1 -1 -1 -1 -1 -1 -1 -1 -1 -1 -1 -1
221 -1 -1 -1 -1 -1 -1 -1 -1 -1 -1 -1 -1 -1 -1 -1 -1 -1 -1 -1 -1
222 -1 -1 -1 -1 -1 -1 -1 -1 -1 -1 -1 -1 -1 -1 -1 -1 -1 -1 -1 -1
223 0.334398 0.311175 0.273499 0.533332 0.248272 0.530974 0.298726 0.535690 0.248272 0.530974 0.281253 0.694546 0.280060 0.881884 0.298726 0.535690 0.365994 0.654817 0.361639 0.815172
224 0.335882 0.305387 0.281254 0.530827 0.255645 0.526510 0.306862 0.535143 0.255645 0.526510 0.282000 0.691725 0.280838 0.882773 0.306862 0.535143 0.364536 0.656223 0.364908 0.812270
225 0.337890 0.300650 0.288449 0.527929 0.261263 0.522794 0.315635 0.533064 0.261263 0.522794 0.282102 0.696173 0.279489 0.885875 0.315635 0.533064 0.365111 0.657600 0.367228 0.812295
226 0.339758 0.296326 0.295967 0.527172 0.267302 0.521980 0.324632 0.532364 0.267302 0.521980 0.281929 0.700901 0.278862 0.885094 0.324632 0.532364 0.364424 0.659718 0.371247 0.808796
227 0.341893 0.292598 0.303455 0.527758 0.274142 0.522700 0.332768 0.532816 0.274142 0.522700 0.283369 0.703141 0.278791 0.884973 0.332768 0.532816 0.359816 0.664738 0.371931 0.806562
228 0.344000 0.289793 0.308183 0.527966 0.279115 0.522676 0.337251 0.533255 0.279115 0.522676 0.285290 0.701806 0.278572 0.883226 0.337251 0.533255 0.356045 0.670278 0.372267 0.804865
229 0.347358 0.287483 0.314838 0.525775 0.285793 0.520926 0.343883 0.530623 0.285793 0.520926 0.288148 0.699938 0.279382 0.880872 0.343883 0.530623 0.353985 0.679246 0.369192 0.807723
230 0.352715 0.285931 0.320194 0.524326 0.290364 0.519442 0.350023 0.529209 0.290364 0.519442 0.292526 0.698739 0.279433 0.879657 0.350023 0.529209 0.354144 0.678705 0.368114 0.807536
231 0.358090 0.283972 0.326681 0.521613 0.296915 0.516451 0.356447 0.526776 0.296915 0.516451 0.296539 0.693592 0.279212 0.878288 0.356447 0.526776 0.354361 0.678533 0.366473 0.807350
232 0.362766 0.279473 0.333321 0.515209 0.304489 0.509979 0.362152 0.520439 0.304489 0.509979 0.303478 0.685465 0.278902 0.874320 0.362152 0.520439 0.358734 0.676636 0.364062 0.807945
233 0.366812 0.274189 0.339429 0.510245 0.311424 0.504828 0.367434 0.515663 0.311424 0.504828 0.309567 0.673660 0.279749 0.852684 0.367434 0.515663 0.364403 0.673759 0.363510 0.808382
234 0.370989 0.270300 0.344745 0.501308 0.317264 0.495261 0.372226 0.507355 0.317264 0.495261 0.317564 0.660585 0.284893 0.839689 0.372226 0.507355 0.369892 0.668526 0.363101 0.809357
235 0.374432 0.267272 0.350289 0.493262 0.322542 0.486918 0.378036 0.499607 0.322542 0.486918 0.326095 0.649125 0.293179 0.823792 0.378036 0.499607 0.374752 0.662872 0.362486 0.809776
236 0.377391 0.264330 0.355868 0.493005 0.328286 0.486591 0.383451 0.499418 0.328286 0.486591 0.333120 0.644396 0.299561 0.812127 0.383451 0.499418 0.380935 0.660583 0.362691 0.809974
237 0.380753 0.261540 0.360018 0.490230 0.333297 0.483866 0.386739 0.496593 0.333297 0.483866 0.339255 0.641375 0.308773 0.807479 0.386739 0.496593 0.383747 0.657312 0.363842 0.810314
238 0.384231 0.259384 0.364483 0.484033 0.337411 0.476829 0.391555 0.491238 0.337411 0.476829 0.345907 0.633920 0.319094 0.792591 0.391555 0.491238 0.386593 0.650947 0.366063 0.810296
239 0.387501 0.257052 0.368511 0.479571 0.342233 0.472942 0.394789 0.486200 0.342233 0.472942 0.354788 0.628754 0.330355 0.782164 0.394789 0.486200 0.390762 0.645774 0.369083 0.803949
240 0.389831 0.254185 0.372104 0.475247 0.346445 0.469039 0.397763 0.481454 0.346445 0.469039 0.357822 0.621461 0.337046 0.779411 0.397763 0.481454 0.393766 0.641444 0.368587 0.802438
241 0.391789 0.252612 0.375282 0.474274 0.350042 0.468339 0.400522 0.480209 0.350042 0.468339 0.364230 0.618036 0.345060 0.773771 0.400522 0.480209 0.397085 0.636235 0.368995 0.798785
242 0.393873 0.251687 0.378993 0.472127 0.353785 0.466435 0.404201 0.477820 0.353785 0.466435 0.368840 0.616297 0.357417 0.773898 0.404201 0.477820 0.398986 0.633060 0.373006 0.798508
243 0.396009 0.250802 0.382914 0.472791 0.357956 0.467067 0.407871 0.478515 0.357956 0.467067 0.373471 0.614883 0.368203 0.772153 0.407871 0.478515 0.401165 0.633368 0.376840 0.796712
244 0.398125 0.250392 0.386693 0.471405 0.361535 0.465458 0.411851 0.477351 0.361535 0.465458 0.376414 0.608535 0.374560 0.762567 0.411851 0.477351 0.403871 0.633209 0.379251 0.791416
245 0.400154 0.250610 0.390077 0.473307 0.364613 0.467317 0.415541 0.479296 0.364613 0.467317 0.374842 0.611876 0.378627 0.765850 0.415541 0.479296 0.407354 0.634616 0.380302 0.792929
246 0.402067 0.250006 0.392877 0.472355 0.367818 0.467185 0.417937 0.477525 0.367818 0.467185 0.382129 0.606246 0.388542 0.739749 0.417937 0.477525 0.410751 0.635238 0.381486 0.792237
247 0.403874 0.250448 0.395276 0.472032 0.370442 0.467100 0.420110 0.476963 0.370442 0.467100 0.391955 0.596206 0.399576 0.713217 0.420110 0.476963 0.412730 0.635553 0.381111 0.792020
248 0.405346 0.250543 0.397761 0.468963 0.373229 0.464211 0.422293 0.473714 0.373229 0.464211 0.396089 0.594248 0.403368 0.713772 0.422293 0.473714 0.415160 0.634916 0.381958 0.790897
249 0.406964 0.250849 0.400638 0.467964 0.377335 0.463298 0.423940 0.472629 0.377335 0.463298 0.400902 0.585608 0.410367 0.699556 0.423940 0.472629 0.414968 0.631898 0.382341 0.784819
250 0.408630 0.251360 0.404821 0.466188 0.382556 0.461364 0.427086 0.471012 0.382556 0.461364 0.407453 0.575403 0.413173 0.692266 0.427086 0.471012 0.417096 0.628387 0.382314 0.782330
251 0.410564 0.250685 0.408921 0.463918 0.387198 0.459305 0.430645 0.468530 0.387198 0.459305 0.411815 0.573148 0.414439 0.691731 0.430645 0.468530 0.421256 0.624191 0.384048 0.776668
252 0.412231 0.248678 0.412364 0.456834 0.389578 0.452404 0.435149 0.461263 0.389578 0.452404 0.411248 0.559545 0.416053 0.679646 0.435149 0.461263 0.429098 0.614917 0.385751 0.773341
253 0.413480 0.246284 0.414635 0.441112 0.391378 0.437258 0.437891 0.444966 0.391378 0.437258 0.413438 0.558195 0.414607 0.687724 0.437891 0.444966 0.439460 0.588706 0.396736 0.744914
254 0.415383 0.244081 0.416949 0.441783 0.393878 0.439136 0.440020 0.444430 0.393878 0.439136 0.417268 0.558510 0.414933 0.690634 0.440020 0.444430 0.447814 0.582166 0.406874 0.730320
255 0.417113 0.241832 0.419220 0.442833 0.396020 0.441365 0.442419 0.444300 0.396020 0.441365 0.418089 0.564425 0.412991 0.695926 0.442419 0.444300 0.458728 0.586500 0.413672 0.726671
256 0.418297 0.237788 0.419803 0.440822 0.396593 0.440648 0.443013 0.440996 0.396593 0.440648 0.417618 0.567354 0.413976 0.707485 0.443013 0.440996 0.465324 0.578419 0.425309 0.715638
257 0.419357 0.234073 0.421596 0.439656 0.398214 0.440409 0.444978 0.438904 0.398214 0.440409 0.416768 0.568535 0.416547 0.710108 0.444978 0.438904 0.467213 0.573857 0.434877 0.714857
258 0.420610 0.232055 0.423975 0.441584 0.400356 0.441738 0.447593 0.441430 0.400356 0.441738 0.416429 0.569716 0.417257 0.711509 0.447593 0.441430 0.467292 0.577863 0.442601 0.721158
259 0.422688 0.232095 0.427594 0.442348 0.403825 0.442623 0.451363 0.442072 0.403825 0.442623 0.416912 0.571133 0.417905 0.712464 0.451363 0.442072 0.469377 0.579330 0.451772 0.723223
260 0.424777 0.232055 0.430434 0.441819 0.406290 0.442967 0.454578 0.440671 0.406290 0.442967 0.419148 0.570794 0.421170 0.708948 0.454578 0.440671 0.471712 0.574374 0.462851 0.718333
261 0.427468 0.231134 0.433675 0.441967 0.409120 0.443306 0.458229 0.440629 0.409120 0.443306 0.421355 0.571210 0.423164 0.708299 0.458229 0.440629 0.472841 0.571878 0.470337 0.712594
262 0.429682 0.230128 0.435308 0.441100 0.411020 0.442831 0.459595 0.439369 0.411020 0.442831 0.422278 0.570680 0.423783 0.706738 0.459595 0.439369 0.472433 0.563357 0.475500 0.698600
263 0.432097 0.229580 0.435980 0.439907 0.412140 0.441987 0.459819 0.437827 0.412140 0.441987 0.422750 0.570807 0.422991 0.708845 0.459819 0.437827 0.472607 0.563712 0.478613 0.696399
264 0.434710 0.229570 0.437092 0.439576 0.413516 0.441537 0.460668 0.437615 0.413516 0.441537 0.422646 0.570913 0.422635 0.711172 0.460668 0.437615 0.473276 0.564940 0.476383 0.694179
265 0.438297 0.228855 0.438597 0.436975 0.414943 0.438324 0.462251 0.435625 0.414943 0.438324 0.422154 0.569971 0.422038 0.710963 0.462251 0.435625 0.473172 0.559386 0.477361 0.678085
266 0.441531 0.228625 0.440051 0.435199 0.416272 0.436677 0.463829 0.433720 0.416272 0.436677 0.422027 0.569828 0.421956 0.710194 0.463829 0.433720 0.472797 0.558586 0.475605 0.677038
267 0.445293 0.228513 0.441741 0.432101 0.417902 0.432769 0.465581 0.431433 0.417902 0.432769 0.421918 0.567379 0.421901 0.706327 0.465581 0.431433 0.472080 0.552283 0.475361 0.665683
268 0.449109 0.228214 0.444265 0.428919 0.420224 0.429041 0.468306 0.428796 0.420224 0.429041 0.422708 0.564612 0.421821 0.705558 0.468306 0.428796 0.471539 0.550722 0.473948 0.670735
269 0.453520 0.227706 0.447103 0.427770 0.423129 0.427052 0.471078 0.428488 0.423129 0.427052 0.424254 0.562695 0.421765 0.703732 0.471078 0.428488 0.471462 0.552498 0.472454 0.674647
270 0.457237 0.227275 0.450422 0.426614 0.426399 0.425529 0.474445 0.427699 0.426399 0.425529 0.426747 0.558846 0.421857 0.699615 0.474445 0.427699 0.471108 0.551478 0.471426 0.673865
271 0.461386 0.226026 0.453505 0.423807 0.429604 0.422644 0.477406 0.424971 0.429604 0.422644 0.428898 0.556934 0.422556 0.699939 0.477406 0.424971 0.471673 0.550728 0.470784 0.676685
272 0.465057 0.224347 0.455804 0.419571 0.431852 0.418049 0.479757 0.421094 0.431852 0.418049 0.431094 0.551569 0.423377 0.697273 0.479757 0.421094 0.472664 0.549360 0.470422 0.678086
273 0.469265 0.223606 0.457509 0.417415 0.433864 0.416276 0.481153 0.418554 0.433864 0.416276 0.432765 0.548678 0.425037 0.690322 0.481153 0.418554 0.472779 0.548041 0.470121 0.674710
274 0.472618 0.222704 0.458958 0.415780 0.435478 0.414841 0.482438 0.416718 0.435478 0.414841 0.435020 0.547302 0.427559 0.685726 0.482438 0.416718 0.474002 0.544902 0.470602 0.666200
275 0.474641 0.221774 0.460747 0.414476 0.437353 0.413923 0.484141 0.415030 0.437353 0.413923 0.437717 0.543288 0.432572 0.667841 0.484141 0.415030 0.476209 0.543021 0.470962 0.664077
276 0.476352 0.219241 0.463296 0.409024 0.440112 0.408227 0.486479 0.409820 0.440112 0.408227 0.437339 0.531907 0.437755 0.657252 0.486479 0.409820 0.478237 0.532530 0.471320 0.650968
277 0.478503 0.217362 0.464423 0.405344 0.441395 0.404309 0.487451 0.406379 0.441395 0.404309 0.438063 0.529282 0.440640 0.653696 0.487451 0.406379 0.480029 0.529938 0.471677 0.651448
278 0.479919 0.215652 0.465684 0.401860 0.442877 0.400643 0.488491 0.403078 0.442877 0.400643 0.440063 0.529097 0.442969 0.652440 0.488491 0.403078 0.481079 0.528874 0.472592 0.653161
279 0.481221 0.214505 0.466731 0.400356 0.444182 0.399089 0.489280 0.401622 0.444182 0.399089 0.442091 0.528225 0.444261 0.649713 0.489280 0.401622 0.482188 0.528200 0.473027 0.652335
280 0.481782 0.213367 0.467599 0.395176 0.445339 0.393794 0.489859 0.396557 0.445339 0.393794 0.444164 0.522692 0.444304 0.643493 0.489859 0.396557 0.483299 0.523079 0.473433 0.647825
281 0.482149 0.213010 0.468588 0.391560 0.446814 0.390595 0.490363 0.392525 0.446814 0.390595 0.445751 0.517672 0.443402 0.633572 0.490363 0.392525 0.483555 0.518882 0.473617 0.640881
282 0.482246 0.213274 0.469690 0.389349 0.448321 0.388135 0.491059 0.390563 0.448321 0.388135 0.447182 0.515989 0.442474 0.630592 0.491059 0.390563 0.484215 0.520330 0.473590 0.636758
283 0.482283 0.213465 0.470219 0.390476 0.449326 0.389392 0.491112 0.391560 0.449326 0.389392 0.449444 0.516647 0.441891 0.625205 0.491112 0.391560 0.486046 0.522221 0.473797 0.639316
284 0.482004 0.213462 0.470255 0.391118 0.449443 0.390085 0.491067 0.392152 0.449443 0.390085 0.450770 0.512365 0.442825 0.620722 0.491067 0.392152 0.487427 0.521882 0.474453 0.639314
285 0.481907 0.213494 0.470294 0.390278 0.449662 0.389022 0.490927 0.391535 0.449662 0.389022 0.451125 0.509179 0.447639 0.618831 0.490927 0.391535 0.487768 0.518341 0.475453 0.637543
286 0.481339 0.212834 0.470530 0.384348 0.450231 0.382483 0.490829 0.386214 0.450231 0.382483 0.451014 0.504551 0.449594 0.615756 0.490829 0.386214 0.487923 0.513703 0.475713 0.635949
287 0.479805 0.212345 0.470376 0.383881 0.449986 0.382161 0.490766 0.385602 0.449986 0.382161 0.450652 0.505579 0.450078 0.617102 0.490766 0.385602 0.487971 0.515139 0.475936 0.637485
288 0.477862 0.211477 0.469966 0.381268 0.449764 0.379691 0.490168 0.382844 0.449764 0.379691 0.450349 0.502810 0.449066 0.613918 0.490168 0.382844 0.487834 0.515006 0.475870 0.638124
289 0.476380 0.211572 0.469251 0.376950 0.449522 0.374969 0.488980 0.378930 0.449522 0.374969 0.450211 0.495898 0.448596 0.606101 0.488980 0.378930 0.487663 0.508919 0.475887 0.637242
290 0.474311 0.211466 0.467995 0.374820 0.449382 0.372871 0.486608 0.376768 0.449382 0.372871 0.450134 0.490253 0.447904 0.600455 0.486608 0.376768 0.487610 0.504634 0.475852 0.633698
291 0.472728 0.212237 0.466567 0.374798 0.448949 0.373701 0.484185 0.375894 0.448949 0.373701 0.450510 0.487375 0.447702 0.600659 0.484185 0.375894 0.487201 0.500009 0.476038 0.632922
292 0.471834 0.214421 0.464372 0.375311 0.447456 0.374876 0.481287 0.375746 0.447456 0.374876 0.450476 0.486744 0.447473 0.603394 0.481287 0.375746 0.486846 0.499625 0.475690 0.633741
293 0.473247 0.215584 0.461194 0.374622 0.445186 0.374528 0.477202 0.374715 0.445186 0.374528 0.450757 0.485419 0.445927 0.605363 0.477202 0.374715 0.486353 0.499314 0.473831 0.634311
294 0.475634 0.216260 0.457243 0.371483 0.442575 0.371526 0.471910 0.371440 0.442575 0.371526 0.450918 0.483994 0.445161 0.605743 0.471910 0.371440 0.483757 0.497753 0.470375 0.634675
295 0.477711 0.217505 0.453687 0.368589 0.439629 0.368779 0.467746 0.368399 0.439629 0.368779 0.450830 0.482997 0.444116 0.605911 0.467746 0.368399 0.480849 0.496111 0.468501 0.634900
296 0.478070 0.220605 0.450134 0.368022 0.437866 0.368483 0.462402 0.367560 0.437866 0.368483 0.450817 0.483355 0.443875 0.607137 0.462402 0.367560 0.475678 0.497137 0.465640 0.633577
297 0.480475 0.223692 0.448667 0.369030 0.438513 0.369467 0.458821 0.368592 0.438513 0.369467 0.453788 0.484676 0.449987 0.607758 0.458821 0.368592 0.471551 0.498108 0.461959 0.632601
298 0.482663 0.228354 0.446836 0.368707 0.438509 0.369871 0.455163 0.367542 0.438509 0.369871 0.453500 0.484554 0.451151 0.608904 0.455163 0.367542 0.469538 0.495827 0.463393 0.630172
299 0.485085 0.232041 0.443925 0.368126 0.438755 0.369766 0.449095 0.366487 0.438755 0.369766 0.453254 0.485163 0.451049 0.608661 0.449095 0.366487 0.465126 0.492588 0.461792 0.627634
300 0.485495 0.237010 0.441232 0.370222 0.437350 0.372809 0.445114 0.367635 0.437350 0.372809 0.450380 0.490153 0.450514 0.612375 0.445114 0.367635 0.459543 0.493691 0.459573 0.627876
301 0.486294 0.242876 0.439321 0.371264 0.435945 0.374484 0.442697 0.368045 0.435945 0.374484 0.448314 0.490210 0.452141 0.612368 0.442697 0.368045 0.455932 0.491500 0.459535 0.624089
302 0.488967 0.246655 0.438354 0.371564 0.435637 0.374718 0.441071 0.368410 0.435637 0.374718 0.444694 0.490367 0.452434 0.611394 0.441071 0.368410 0.450351 0.488420 0.456368 0.620812
303 0.490165 0.251684 0.437050 0.372373 0.434618 0.376208 0.439482 0.368537 0.434618 0.376208 0.439469 0.491272 0.450682 0.612457 0.439482 0.368537 0.445973 0.488597 0.449313 0.618965
304 0.490965 0.256695 0.435957 0.376095 0.433770 0.379421 0.438143 0.372768 0.433770 0.379421 0.439581 0.492906 0.448490 0.612255 0.438143 0.372768 0.445165 0.492333 0.440820 0.620200
305 0.490397 0.261362 0.434497 0.377465 0.432341 0.380082 0.436653 0.374848 0.432341 0.380082 0.439810 0.492612 0.448342 0.601317 0.436653 0.374848 0.443513 0.498772 0.429014 0.620861
306 -1 -1 -1 -1 -1 -1 -1 -1 -1 -1 -1 -1 -1 -1 -1 -1 -1 -1 -1 -1
307 -1 -1 -1 -1 -1 -1 -1 -1 -1 -1 -1 -1 -1 -1 -1 -1 -1 -1 -1 -1
308 -1 -1 -1 -1 -1 -1 -1 -1 -1 -1 -1 -1 -1 -1 -1 -1 -1 -1 -1 -1
309 -1 -1 -1 -1 -1 -1 -1 -1 -1 -1 -1 -1 -1 -1 -1 -1 -1 -1 -1 -1
310 -1 -1 -1 -1 -1 -1 -1 -1 -1 -1 -1 -1 -1 -1 -1 -1 -1 -1 -1 -1
311 -1 -1 -1 -1 -1 -1 -1 -1 -1 -1 -1 -1 -1 -1 -1 -1 -1 -1 -1 -1
312 -1 -1 -1 -1 -1 -1 -1 -1 -1 -1 -1 -1 -1 -1 -1 -1 -1 -1 -1 -1
313 -1 -1 -1 -1 -1 -1 -1 -1 -1 -1 -1 -1 -1 -1 -1 -1 -1 -1 -1 -1
314 -1 -1 -1 -1 -1 -1 -1 -1 -1 -1 -1 -1 -1 -1 -1 -1 -1 -1 -1 -1
315 -1 -1 -1 -1 -1 -1 -1 -1 -1 -1 -1 -1 -1 -1 -1 -1 -1 -1 -1 -1
316 -1 -1 -1 -1 -1 -1 -1 -1 -1 -1 -1 -1 -1 -1 -1 -1 -1 -1 -1 -1
317 -1 -1 -1 -1 -1 -1 -1 -1 -1 -1 -1 -1 -1 -1 -1 -1 -1 -1 -1 -1
318 -1 -1 -1 -1 -1 -1 -1 -1 -1 -1 -1 -1 -1 -1 -1 -1 -1 -1 -1 -1
319 -1 -1 -1 -1 -1 -1 -1 -1 -1 -1 -1 -1 -1 -1 -1 -1 -1 -1 -1 -1
320 -1 -1 -1 -1 -1 -1 -1 -1 -1 -1 -1 -1 -1 -1 -1 -1 -1 -1 -1 -1
321 -1 -1 -1 -1 -1 -1 -1 -1 -1 -1 -1 -1 -1 -1 -1 -1 -1 -1 -1 -1
322 -1 -1 -1 -1 -1 -1 -1 -1 -1 -1 -1 -1 -1 -1 -1 -1 -1 -1 -1 -1
323 -1 -1 -1 -1 -1 -1 -1 -1 -1 -1 -1 -1 -1 -1 -1 -1 -1 -1 -1 -1
324 -1 -1 -1 -1 -1 -1 -1 -1 -1 -1 -1 -1 -1 -1 -1 -1 -1 -1 -1 -1
325 -1 -1 -1 -1 -1 -1 -1 -1 -1 -1 -1 -1 -1 -1 -1 -1 -1 -1 -1 -1
326 -1 -1 -1 -1 -1 -1 -1 -1 -1 -1 -1 -1 -1 -1 -1 -1 -1 -1 -1 -1
327 -1 -1 -1 -1 -1 -1 -1 -1 -1 -1 -1 -1 -1 -1 -1 -1 -1 -1 -1 -1
328 -1 -1 -1 -1 -1 -1 -1 -1 -1 -1 -1 -1 -1 -1 -1 -1 -1 -1 -1 -1
329 -1 -1 -1 -1 -1 -1 -1 -1 -1 -1 -1 -1 -1 -1 -1 -1 -1 -1 -1 -1
330 -1 -1 -1 -1 -1 -1 -1 -1 -1 -1 -1 -1 -1 -1 -1 -1 -1 -1 -1 -1
331 -1 -1 -1 -1 -1 -1 -1 -1 -1 -1 -1 -1 -1 -1 -1 -1 -1 -1 -1 -1
332 -1 -1 -1 -1 -1 -1 -1 -1 -1 -1 -1 -1 -1 -1 -1 -1 -1 -1 -1 -1
333 -1 -1 -1 -1 -1 -1 -1 -1 -1 -1 -1 -1 -1 -1 -1 -1 -1 -1 -1 -1
334 -1 -1 -1 -1 -1 -1 -1 -1 -1 -1 -1 -1 -1 -1 -1 -1 -1 -1 -1 -1
335 -1 -1 -1 -1 -1 -1 -1 -1 -1 -1 -1 -1 -1 -1 -1 -1 -1 -1 -1 -1
336 -1 -1 -1 -1 -1 -1 -1 -1 -1 -1 -1 -1 -1 -1 -1 -1 -1 -1 -1 -1
337 -1 -1 -1 -1 -1 -1 -1 -1 -1 -1 -1 -1 -1 -1 -1 -1 -1 -1 -1 -1
338 -1 -1 -1 -1 -1 -1 -1 -1 -1 -1 -1 -1 -1 -1 -1 -1 -1 -1 -1 -1
339 -1 -1 -1 -1 -1 -1 -1 -1 -1 -1 -1 -1 -1 -1 -1 -1 -1 -1 -1 -1
340 -1 -1 -1 -1 -1 -1 -1 -1 -1 -1 -1 -1 -1 -1 -1 -1 -1 -1 -1 -1
341 -1 -1 -1 -1 -1 -1 -1 -1 -1 -1 -1 -1 -1 -1 -1 -1 -1 -1 -1 -1
342 -1 -1 -1 -1 -1 -1 -1 -1 -1 -1 -1 -1 -1 -1 -1 -1 -1 -1 -1 -1
343 -1 -1 -1 -1 -1 -1 -1 -1 -1 -1 -1 -1 -1 -1 -1 -1 -1 -1 -1 -1
344 -1 -1 -1 -1 -1 -1 -1 -1 -1 -1 -1 -1 -1 -1 -1 -1 -1 -1 -1 -1
345 -1 -1 -1 -1 -1 -1 -1 -1 -1 -1 -1 -1 -1 -1 -1 -1 -1 -1 -1 -1
346 -1 -1 -1 -1 -1 -1 -1 -1 -1 -1 -1 -1 -1 -1 -1 -1 -1 -1 -1 -1
347 -1 -1 -1 -1 -1 -1 -1 -1 -1 -1 -1 -1 -1 -1 -1 -1 -1 -1 -1 -1
348 -1 -1 -1 -1 -1 -1 -1 -1 -1 -1 -1 -1 -1 -1 -1 -1 -1 -1 -1 -1
349 0.459634 0.224295 0.453334 0.385430 0.469760 0.386108 0.436908 0.384752 0.469760 0.386108 0.470811 0.501860 0.429258 0.604293 0.436908 0.384752 0.445755 0.507006 0.430799 0.623703
350 0.460513 0.223782 0.455229 0.386063 0.472567 0.386522 0.437891 0.385603 0.472567 0.386522 0.473209 0.506800 0.438059 0.607722 0.437891 0.385603 0.443999 0.509809 0.430812 0.624011
351 0.462114 0.223882 0.456624 0.386820 0.474624 0.386924 0.438624 0.386716 0.474624 0.386924 0.474472 0.508872 0.444628 0.613736 0.438624 0.386716 0.442991 0.511088 0.431079 0.624564
352 0.463578 0.223740 0.458505 0.388193 0.477185 0.387921 0.439824 0.388464 0.477185 0.387921 0.478014 0.510868 0.451348 0.619093 0.439824 0.388464 0.443047 0.511729 0.432527 0.625271
353 0.465460 0.223376 0.459590 0.388652 0.479157 0.388057 0.440024 0.389247 0.479157 0.388057 0.482024 0.511025 0.457201 0.621984 0.440024 0.389247 0.443158 0.511871 0.435210 0.625801
354 0.466975 0.223351 0.460430 0.391588 0.481105 0.390958 0.439755 0.392219 0.481105 0.390958 0.483527 0.519429 0.469627 0.627242 0.439755 0.392219 0.441922 0.517280 0.435603 0.628939
355 0.468671 0.223430 0.460695 0.394169 0.481786 0.394352 0.439604 0.393987 0.481786 0.394352 0.486079 0.523688 0.475911 0.631430 0.439604 0.393987 0.441337 0.518158 0.435474 0.628929
356 0.470210 0.223414 0.461584 0.396309 0.483321 0.396851 0.439847 0.395767 0.483321 0.396851 0.488404 0.526524 0.482204 0.638166 0.439847 0.395767 0.440837 0.519857 0.435335 0.629162
357 0.471645 0.223574 0.463065 0.400820 0.485606 0.401449 0.440524 0.400191 0.485606 0.401449 0.489984 0.533101 0.485332 0.647894 0.440524 0.400191 0.440294 0.524796 0.435222 0.631055
358 0.473369 0.223935 0.464027 0.404111 0.487009 0.405013 0.441045 0.403209 0.487009 0.405013 0.490562 0.538540 0.486731 0.654227 0.441045 0.403209 0.440154 0.530093 0.435168 0.632124
359 0.475983 0.224657 0.465344 0.407814 0.488579 0.409284 0.442110 0.406344 0.488579 0.409284 0.491379 0.543830 0.485833 0.659640 0.442110 0.406344 0.439988 0.532579 0.435546 0.632707
360 0.479263 0.226127 0.466914 0.410279 0.490515 0.412712 0.443312 0.407845 0.490515 0.412712 0.491661 0.545658 0.483503 0.660392 0.443312 0.407845 0.439885 0.533927 0.436072 0.633006
361 0.482747 0.227620 0.468467 0.412218 0.492361 0.415228 0.444573 0.409209 0.492361 0.415228 0.491201 0.547770 0.483137 0.660723 0.444573 0.409209 0.440323 0.536267 0.436465 0.631150
362 0.486138 0.229340 0.470475 0.414545 0.494642 0.417726 0.446308 0.411364 0.494642 0.417726 0.491063 0.550857 0.483195 0.662721 0.446308 0.411364 0.440805 0.539959 0.437312 0.630319
363 0.489123 0.231410 0.472909 0.415307 0.496967 0.418819 0.448851 0.411794 0.496967 0.418819 0.491564 0.551875 0.482710 0.664400 0.448851 0.411794 0.442271 0.539833 0.438979 0.630069
364 0.492117 0.233749 0.475131 0.417550 0.499332 0.421701 0.450930 0.413398 0.499332 0.421701 0.493120 0.553304 0.482806 0.665727 0.450930 0.413398 0.443674 0.540964 0.442219 0.630669
365 0.494657 0.235778 0.477355 0.419555 0.501334 0.423854 0.453376 0.415256 0.501334 0.423854 0.496432 0.556926 0.483191 0.667430 0.453376 0.415256 0.446933 0.544552 0.448108 0.631641
366 0.497121 0.237466 0.479796 0.420992 0.503731 0.425696 0.455861 0.416287 0.503731 0.425696 0.500237 0.560601 0.483241 0.667816 0.455861 0.416287 0.449792 0.549254 0.453395 0.632560
367 0.499596 0.238310 0.481824 0.420596 0.505850 0.425394 0.457799 0.415798 0.505850 0.425394 0.501504 0.560087 0.483214 0.667232 0.457799 0.415798 0.452023 0.548361 0.455551 0.635864
368 0.501700 0.238441 0.483413 0.420013 0.507841 0.424728 0.458984 0.415298 0.507841 0.424728 0.502017 0.558189 0.485244 0.666007 0.458984 0.415298 0.454472 0.548261 0.459731 0.638602
369 0.503322 0.238504 0.484502 0.420840 0.509044 0.425350 0.459961 0.416331 0.509044 0.425350 0.501881 0.558832 0.486693 0.665134 0.459961 0.416331 0.455551 0.550080 0.459896 0.644444
370 0.504298 0.238682 0.485313 0.420924 0.509634 0.425167 0.460991 0.416681 0.509634 0.425167 0.501330 0.562678 0.487203 0.666457 0.460991 0.416681 0.457066 0.553743 0.458580 0.654433
371 0.505586 0.239113 0.486209 0.421765 0.510114 0.425705 0.462304 0.417824 0.510114 0.425705 0.500753 0.564422 0.486792 0.670622 0.462304 0.417824 0.458540 0.557462 0.458233 0.671284
372 0.506694 0.239683 0.487177 0.425502 0.510539 0.430077 0.463815 0.420927 0.510539 0.430077 0.499115 0.565437 0.486521 0.677199 0.463815 0.420927 0.461045 0.560881 0.457837 0.682163
373 0.506878 0.241800 0.488123 0.432091 0.511809 0.436907 0.464437 0.427275 0.511809 0.436907 0.496035 0.569670 0.484670 0.682299 0.464437 0.427275 0.462730 0.567226 0.463859 0.705064
374 0.506756 0.245609 0.489866 0.438310 0.513969 0.442419 0.465764 0.434201 0.513969 0.442419 0.495854 0.573547 0.483785 0.687615 0.465764 0.434201 0.465157 0.576224 0.465300 0.724978
375 0.506588 0.248639 0.490843 0.440740 0.515099 0.444043 0.466587 0.437438 0.515099 0.444043 0.496189 0.575745 0.479450 0.709498 0.466587 0.437438 0.470952 0.586409 0.465739 0.733687
376 0.506426 0.252293 0.491752 0.445718 0.516336 0.448508 0.467168 0.442928 0.516336 0.448508 0.497170 0.582101 0.478560 0.723656 0.467168 0.442928 0.472057 0.594325 0.466662 0.737216
377 0.506418 0.255626 0.492583 0.452238 0.517572 0.456149 0.467593 0.448327 0.517572 0.456149 0.497806 0.594613 0.478190 0.733470 0.467593 0.448327 0.472653 0.599894 0.467699 0.740390
378 0.506115 0.257669 0.493663 0.460521 0.519211 0.464422 0.468116 0.456620 0.519211 0.464422 0.499860 0.608642 0.476968 0.741795 0.468116 0.456620 0.472257 0.606176 0.470576 0.745129
379 0.505891 0.258131 0.495506 0.459626 0.521513 0.462180 0.469499 0.457073 0.521513 0.462180 0.507010 0.602499 0.477020 0.726804 0.469499 0.457073 0.478712 0.612081 0.473664 0.755094
380 0.505715 0.258227 0.496840 0.460436 0.523089 0.461936 0.470590 0.458937 0.523089 0.461936 0.520424 0.606340 0.477364 0.713084 0.470590 0.458937 0.477056 0.614794 0.475843 0.758472
381 0.505626 0.258159 0.497461 0.461491 0.523981 0.462438 0.470942 0.460544 0.523981 0.462438 0.532131 0.607875 0.479377 0.682788 0.470942 0.460544 0.476286 0.618050 0.478536 0.756869
382 0.505763 0.257907 0.498707 0.461758 0.525499 0.462205 0.471916 0.461311 0.525499 0.462205 0.539801 0.606620 0.482104 0.673940 0.471916 0.461311 0.476353 0.617526 0.478646 0.756779
383 0.506276 0.257300 0.500487 0.461992 0.528003 0.462160 0.472971 0.461824 0.528003 0.462160 0.542105 0.604874 0.482021 0.676277 0.472971 0.461824 0.477656 0.615098 0.479171 0.755049
384 0.507144 0.256794 0.502311 0.461104 0.530083 0.461105 0.474539 0.461103 0.530083 0.461105 0.545078 0.603511 0.487809 0.677639 0.474539 0.461103 0.478201 0.614268 0.480020 0.751942
385 0.508317 0.256541 0.504557 0.462367 0.533008 0.461106 0.476106 0.463627 0.533008 0.461106 0.551216 0.604415 0.500941 0.680086 0.476106 0.463627 0.477716 0.628472 0.479007 0.755897
386 0.510027 0.256294 0.507573 0.464920 0.536796 0.463042 0.478350 0.466798 0.536796 0.463042 0.551488 0.613121 0.510289 0.698558 0.478350 0.466798 0.477342 0.636756 0.478284 0.760850
387 0.511735 0.256548 0.509846 0.468984 0.539626 0.467449 0.480065 0.470520 0.539626 0.467449 0.549882 0.625237 0.515599 0.742044 0.480065 0.470520 0.478616 0.637099 0.477787 0.762213
388 0.513899 0.257294 0.511068 0.475213 0.541257 0.475017 0.480880 0.475410 0.541257 0.475017 0.549362 0.635907 0.520066 0.772193 0.480880 0.475410 0.480234 0.639711 0.477655 0.770716
389 0.517135 0.258919 0.512273 0.484083 0.542532 0.485779 0.482014 0.482388 0.542532 0.485779 0.547530 0.654195 0.522748 0.818927 0.482014 0.482388 0.481207 0.642305 0.479309 0.770969
390 0.521250 0.261632 0.513928 0.491961 0.544418 0.493789 0.483437 0.490132 0.544418 0.493789 0.546279 0.668778 0.535797 0.829102 0.483437 0.490132 0.481233 0.650269 0.480439 0.768990
391 0.525330 0.265246 0.515484 0.501365 0.546574 0.504600 0.484395 0.498129 0.546574 0.504600 0.545373 0.679460 0.540850 0.851543 0.484395 0.498129 0.481152 0.657800 0.480938 0.769700
392 0.529869 0.270408 0.517368 0.508983 0.549368 0.512763 0.485368 0.505203 0.549368 0.512763 0.546558 0.687439 0.540936 0.847227 0.485368 0.505203 0.481389 0.663035 0.481911 0.767838
393 0.535305 0.273307 0.519517 0.511398 0.551370 0.516144 0.487664 0.506652 0.551370 0.516144 0.547911 0.686868 0.539792 0.841707 0.487664 0.506652 0.481195 0.658792 0.481654 0.767026
394 0.540792 0.274868 0.521274 0.511397 0.553279 0.516941 0.489269 0.505853 0.553279 0.516941 0.548096 0.691877 0.539575 0.848827 0.489269 0.505853 0.480458 0.657122 0.481448 0.760074
395 0.546424 0.276159 0.523451 0.513552 0.555734 0.519494 0.491167 0.507611 0.555734 0.519494 0.549167 0.693443 0.539284 0.851437 0.491167 0.507611 0.479846 0.659608 0.481282 0.759407
396 0.550403 0.276755 0.526755 0.515165 0.559246 0.521243 0.494263 0.509087 0.559246 0.521243 0.552198 0.695913 0.538936 0.853874 0.494263 0.509087 0.478472 0.663929 0.481180 0.759382
397 0.553980 0.277595 0.528883 0.515732 0.561356 0.521440 0.496409 0.510024 0.561356 0.521440 0.554761 0.696298 0.538790 0.851122 0.496409 0.510024 0.478013 0.668534 0.481084 0.759277
398 0.556990 0.278010 0.530761 0.518537 0.563684 0.525726 0.497838 0.511347 0.563684 0.525726 0.555319 0.699783 0.538997 0.854913 0.497838 0.511347 0.477608 0.669813 0.481010 0.758294
399 0.560166 0.278470 0.532072 0.519531 0.565349 0.527117 0.498795 0.511946 0.565349 0.527117 0.554998 0.701094 0.539405 0.853164 0.498795 0.511946 0.477850 0.667452 0.480961 0.755138
400 0.562645 0.279520 0.532932 0.521816 0.566486 0.529802 0.499379 0.513830 0.566486 0.529802 0.554506 0.703656 0.540182 0.856609 0.499379 0.513830 0.477885 0.670472 0.479948 0.755882
401 0.564817 0.281020 0.534102 0.523720 0.567977 0.531542 0.500227 0.515897 0.567977 0.531542 0.554139 0.705162 0.540949 0.854099 0.500227 0.515897 0.477999 0.679964 0.477720 0.778333
402 0.567181 0.282087 0.535086 0.525138 0.569077 0.533164 0.501096 0.517113 0.569077 0.533164 0.553873 0.708234 0.541149 0.857765 0.501096 0.517113 0.478046 0.687232 0.474592 0.806722
403 0.568417 0.283397 0.535922 0.528031 0.570058 0.535456 0.501785 0.520605 0.570058 0.535456 0.554060 0.710486 0.541356 0.857009 0.501785 0.520605 0.477975 0.694844 0.472757 0.830924
404 0.569289 0.284436 0.537269 0.528609 0.571532 0.535589 0.503005 0.521629 0.571532 0.535589 0.554471 0.711761 0.541532 0.856466 0.503005 0.521629 0.478146 0.702752 0.471726 0.852474
405 0.569103 0.286227 0.537881 0.528883 0.571981 0.535559 0.503782 0.522208 0.571981 0.535559 0.554696 0.711313 0.541571 0.854885 0.503782 0.522208 0.478782 0.705694 0.472062 0.858063
406 0.569006 0.287879 0.538376 0.531764 0.572327 0.538402 0.504425 0.525125 0.572327 0.538402 0.554599 0.713055 0.541496 0.854780 0.504425 0.525125 0.480173 0.707621 0.472896 0.863055
407 0.568652 0.289632 0.537884 0.533718 0.571650 0.540384 0.504117 0.527052 0.571650 0.540384 0.554361 0.716370 0.541398 0.856498 0.504117 0.527052 0.481594 0.711555 0.475068 0.869797
408 0.568130 0.291782 0.537536 0.534155 0.571231 0.540807 0.503840 0.527503 0.571231 0.540807 0.554311 0.715897 0.541308 0.856310 0.503840 0.527503 0.482780 0.712162 0.478316 0.870220
409 0.567641 0.292818 0.536999 0.534772 0.570649 0.541590 0.503350 0.527954 0.570649 0.541590 0.554200 0.716079 0.541246 0.855645 0.503350 0.527954 0.484390 0.715062 0.480959 0.873463
410 0.567257 0.293170 0.536116 0.535659 0.569650 0.542279 0.502581 0.529039 0.569650 0.542279 0.553937 0.717335 0.541285 0.855255 0.502581 0.529039 0.486024 0.717592 0.482697 0.874193
411 0.566286 0.294077 0.535034 0.536656 0.568329 0.543019 0.501738 0.530294 0.568329 0.543019 0.553124 0.719078 0.541312 0.854989 0.501738 0.530294 0.487314 0.721151 0.484784 0.877469
412 0.561720 0.295085 0.534137 0.536779 0.567127 0.542867 0.501147 0.530690 0.567127 0.542867 0.552958 0.718924 0.541445 0.855212 0.501147 0.530690 0.488542 0.720267 0.486663 0.875877
413 0.556524 0.296122 0.533498 0.537356 0.566197 0.542810 0.500798 0.531902 0.566197 0.542810 0.552854 0.718696 0.541468 0.855166 0.500798 0.531902 0.488357 0.720428 0.486861 0.875917
414 0.551178 0.297054 0.532211 0.539197 0.564877 0.543899 0.499546 0.534495 0.564877 0.543899 0.552838 0.720095 0.541398 0.854775 0.499546 0.534495 0.488166 0.723647 0.487364 0.874975
415 0.546416 0.298362 0.530445 0.542641 0.563180 0.546910 0.497710 0.538373 0.563180 0.546910 0.552822 0.724149 0.541436 0.856428 0.497710 0.538373 0.488102 0.725811 0.487396 0.876291
416 0.541813 0.298488 0.528301 0.542288 0.561225 0.546593 0.495377 0.537984 0.561225 0.546593 0.552804 0.724680 0.541236 0.862920 0.495377 0.537984 0.487914 0.724562 0.487249 0.876398
417 0.538103 0.298301 0.526513 0.542859 0.559634 0.546931 0.493391 0.538787 0.559634 0.546931 0.552808 0.725346 0.541210 0.864623 0.493391 0.538787 0.487838 0.725469 0.488354 0.874980
418 0.534274 0.298092 0.524782 0.543188 0.558078 0.546900 0.491486 0.539476 0.558078 0.546900 0.553375 0.724849 0.540981 0.864551 0.491486 0.539476 0.487807 0.724941 0.490608 0.874877
419 0.530799 0.297408 0.524367 0.543148 0.557793 0.546755 0.490941 0.539542 0.557793 0.546755 0.554589 0.724555 0.540261 0.864565 0.490941 0.539542 0.487755 0.724697 0.494047 0.871655
420 0.527699 0.296916 0.523315 0.542943 0.556956 0.546679 0.489674 0.539208 0.556956 0.546679 0.555249 0.722734 0.538566 0.860957 0.489674 0.539208 0.485605 0.723954 0.493581 0.870169
421 0.525131 0.296330 0.522188 0.543052 0.555880 0.546599 0.488496 0.539506 0.555880 0.546599 0.555689 0.721671 0.536676 0.856572 0.488496 0.539506 0.483852 0.722522 0.492924 0.868200
422 0.523628 0.295735 0.521593 0.543669 0.555348 0.546646 0.487838 0.540691 0.555348 0.546646 0.555773 0.721562 0.536091 0.855576 0.487838 0.540691 0.482688 0.722489 0.492696 0.865643
423 0.522299 0.295589 0.520626 0.544577 0.554505 0.547492 0.486747 0.541662 0.554505 0.547492 0.555349 0.721532 0.535385 0.858728 0.486747 0.541662 0.481054 0.719755 0.491945 0.864947
424 0.521445 0.295278 0.519310 0.545180 0.553467 0.548207 0.485153 0.542154 0.553467 0.548207 0.552087 0.725311 0.533046 0.870888 0.485153 0.542154 0.479516 0.719732 0.488487 0.865691
425 0.521322 0.295014 0.518009 0.546499 0.552264 0.549398 0.483754 0.543601 0.552264 0.549398 0.549148 0.734623 0.531092 0.885685 0.483754 0.543601 0.478943 0.726161 0.486865 0.868984
426 0.521785 0.294993 0.517600 0.547432 0.551697 0.550580 0.483502 0.544284 0.551697 0.550580 0.546509 0.737392 0.529031 0.892030 0.483502 0.544284 0.478875 0.730221 0.486610 0.869122
427 0.522353 0.295311 0.517591 0.547420 0.551571 0.550743 0.483611 0.544097 0.551571 0.550743 0.543950 0.738922 0.524166 0.893352 0.483611 0.544097 0.478916 0.730593 0.488685 0.868490
428 0.522951 0.295839 0.517405 0.547298 0.551210 0.550748 0.483599 0.543848 0.551210 0.550748 0.541108 0.738056 0.520391 0.892141 0.483599 0.543848 0.478961 0.729867 0.490069 0.866988
429 0.523293 0.295930 0.517473 0.547296 0.551198 0.550866 0.483747 0.543726 0.551198 0.550866 0.539862 0.738729 0.519176 0.892325 0.483747 0.543726 0.479258 0.730293 0.491769 0.866657
430 0.523784 0.296065 0.517561 0.547123 0.551309 0.550840 0.483813 0.543407 0.551309 0.550840 0.540246 0.737884 0.518630 0.891630 0.483813 0.543407 0.479882 0.730007 0.492941 0.866194
431 0.525181 0.295903 0.517838 0.546938 0.551400 0.550819 0.484275 0.543056 0.551400 0.550819 0.540859 0.737760 0.519641 0.890382 0.484275 0.543056 0.480500 0.729874 0.492357 0.866153
432 0.526948 0.295897 0.518572 0.546879 0.552100 0.550743 0.485044 0.543015 0.552100 0.550743 0.541743 0.737283 0.520143 0.890185 0.485044 0.543015 0.481940 0.730198 0.491101 0.866979
433 0.529712 0.295883 0.520770 0.545255 0.554278 0.548836 0.487263 0.541674 0.554278 0.548836 0.543275 0.737215 0.520589 0.889932 0.487263 0.541674 0.483776 0.730052 0.491042 0.869407
434 0.532979 0.295892 0.522473 0.542788 0.555441 0.546273 0.489505 0.539303 0.555441 0.546273 0.544284 0.735553 0.521000 0.889727 0.489505 0.539303 0.484978 0.729289 0.491720 0.869312
435 0.535767 0.296106 0.524580 0.542770 0.557034 0.546231 0.492126 0.539308 0.557034 0.546231 0.545421 0.735493 0.521233 0.889578 0.492126 0.539308 0.486251 0.729290 0.491723 0.869307
436 0.538860 0.296760 0.527127 0.542021 0.559224 0.544929 0.495030 0.539113 0.559224 0.544929 0.546980 0.735422 0.522728 0.889373 0.495030 0.539113 0.487438 0.729233 0.491696 0.869911
437 0.542516 0.298577 0.529445 0.541848 0.561659 0.544583 0.497231 0.539113 0.561659 0.544583 0.548861 0.735244 0.524115 0.889329 0.497231 0.539113 0.488317 0.729202 0.491663 0.870732
438 0.547386 0.301235 0.531161 0.541922 0.563383 0.544599 0.498940 0.539245 0.563383 0.544599 0.550834 0.734298 0.524616 0.889930 0.498940 0.539245 0.488672 0.729186 0.491853 0.871635
439 0.552622 0.304103 0.533439 0.541958 0.565339 0.544667 0.501540 0.539249 0.565339 0.544667 0.552086 0.733636 0.524635 0.889984 0.501540 0.539249 0.490185 0.728517 0.491589 0.873299
440 0.558270 0.309590 0.535833 0.542411 0.567504 0.545494 0.504161 0.539329 0.567504 0.545494 0.553204 0.730525 0.524594 0.889909 0.504161 0.539329 0.492073 0.726227 0.491485 0.872152
441 0.563729 0.318389 0.538134 0.547676 0.569453 0.552400 0.506815 0.542952 0.569453 0.552400 0.553531 0.730109 0.524401 0.890726 0.506815 0.542952 0.494505 0.723146 0.490083 0.871587
442 0.566660 0.334868 0.538705 0.556464 0.569649 0.562141 0.507760 0.550786 0.569649 0.562141 0.553546 0.733260 0.523125 0.894365 0.507760 0.550786 0.497584 0.723437 0.490952 0.868944
443 0.570649 0.354590 0.539278 0.568305 0.569121 0.574068 0.509435 0.562542 0.569121 0.574068 0.554300 0.734743 0.519642 0.901426 0.509435 0.562542 0.503256 0.726482 0.508340 0.866887
444 0.576329 0.377203 0.540668 0.586792 0.569320 0.592888 0.512017 0.580695 0.569320 0.592888 0.554447 0.749543 0.517699 0.914249 0.512017 0.580695 0.511758 0.745663 0.523049 0.866813
445 0.581456 0.401201 0.542051 0.602298 0.568580 0.609899 0.515521 0.594698 0.568580 0.609899 0.553912 0.763847 0.515541 0.917263 0.515521 0.594698 0.513158 0.756245 0.518478 0.876373
446 0.586724 0.420237 0.542342 0.613632 0.567324 0.622996 0.517360 0.604267 0.567324 0.622996 0.550591 0.775844 0.515228 0.924247 0.517360 0.604267 0.514079 0.764104 0.515439 0.877424
447 0.593725 0.438683 0.542120 0.617167 0.565500 0.629029 0.518740 0.605306 0.565500 0.629029 0.548884 0.782110 0.515246 0.934736 0.518740 0.605306 0.512386 0.764061 0.513386 0.860542
448 0.598883 0.461526 0.544542 0.625268 0.565412 0.637999 0.523672 0.612537 0.565412 0.637999 0.548169 0.779211 0.515562 0.935842 0.523672 0.612537 0.520922 0.754262 0.512337 0.877849
449 0.601182 0.484721 0.545986 0.629032 0.566499 0.644425 0.525473 0.613639 0.566499 0.644425 0.548946 0.786655 0.516210 0.943171 0.525473 0.613639 0.521095 0.724043 0.511071 0.849411
450 0.604321 0.503063 0.548454 0.638267 0.569904 0.654177 0.527003 0.622357 0.569904 0.654177 0.548889 0.788688 0.518047 0.940585 0.527003 0.622357 0.518913 0.756309 0.517942 0.885933
451 0.612540 0.521656 0.551477 0.662024 0.572394 0.676527 0.530559 0.647520 0.572394 0.676527 0.549937 0.807725 0.526432 0.938323 0.530559 0.647520 0.517859 0.788752 0.527299 0.885489
452 0.617468 0.548142 0.555041 0.683219 0.575431 0.701064 0.534651 0.665374 0.575431 0.701064 0.553529 0.814742 0.528789 0.943061 0.534651 0.665374 0.525173 0.755741 0.524348 0.860787
453 0.621733 0.573790 0.557167 0.705781 0.577216 0.724200 0.537119 0.687362 0.577216 0.724200 0.563382 0.817500 0.530986 0.944713 0.537119 0.687362 0.530808 0.757190 0.523002 0.862098
454 0.625819 0.594900 0.557933 0.730977 0.580430 0.752633 0.535437 0.709320 0.580430 0.752633 0.575115 0.808801 0.538501 0.943688 0.535437 0.709320 0.546249 0.674397 0.518728 0.823058
455 0.627821 0.621029 0.563932 0.748833 0.585430 0.772081 0.542435 0.725584 0.585430 0.772081 0.581465 0.802950 0.547132 0.930540 0.542435 0.725584 0.559179 0.660275 0.511611 0.812486
456 0.634240 0.629520 0.568697 0.758722 0.585969 0.784686 0.551425 0.732757 0.585969 0.784686 0.580994 0.807486 0.556407 0.917767 0.551425 0.732757 0.560109 0.635866 0.525267 0.779305
457 0.633304 0.627632 0.571075 0.740599 0.591990 0.762841 0.550159 0.718357 0.591990 0.762841 0.591813 0.778566 0.551615 0.891649 0.550159 0.718357 0.569206 0.613115 0.595243 0.721707
458 0.632755 0.632370 0.580987 0.726481 0.596359 0.747537 0.565616 0.705426 0.596359 0.747537 0.601781 0.695136 0.548356 0.793152 0.565616 0.705426 0.577314 0.594630 0.591096 0.712605
459 0.634993 0.627632 0.585744 0.722008 0.601382 0.743492 0.570105 0.700524 0.601382 0.743492 0.662412 0.687985 0.585129 0.772496 0.570105 0.700524 0.606917 0.612650 0.602854 0.735574
460 0.626348 0.623671 0.581897 0.715468 0.599353 0.738171 0.564442 0.692765 0.599353 0.738171 0.667111 0.698121 0.609183 0.739076 0.564442 0.692765 0.617568 0.634903 0.581511 0.636273
461 0.620962 0.621176 0.579543 0.712139 0.597953 0.736201 0.561132 0.688077 0.597953 0.736201 0.679613 0.673387 0.642705 0.708564 0.561132 0.688077 0.595247 0.592870 0.576061 0.501250
462 0.614641 0.623757 0.577956 0.711869 0.596696 0.735774 0.559216 0.687964 0.596696 0.735774 0.647289 0.613308 0.666310 0.539064 0.559216 0.687964 0.611923 0.563264 0.618509 0.465110
463 0.618208 0.626103 0.580057 0.709641 0.596484 0.733992 0.563631 0.685290 0.596484 0.733992 0.654233 0.614016 0.664289 0.540767 0.563631 0.685290 0.619283 0.567542 0.630697 0.478623
464 0.613837 0.622583 0.580822 0.706902 0.597986 0.729010 0.563657 0.684794 0.597986 0.729010 0.644504 0.603097 0.645707 0.492450 0.563657 0.684794 0.616253 0.568151 0.635868 0.476503
465 0.605400 0.617149 0.579958 0.696945 0.596938 0.717736 0.562978 0.676154 0.596938 0.717736 0.642161 0.590217 0.655700 0.470076 0.562978 0.676154 0.619421 0.563213 0.647055 0.457394
466 0.609455 0.602449 0.576232 0.696091 0.574865 0.698647 0.577599 0.693535 0.574865 0.698647 0.634912 0.566623 0.647566 0.446002 0.577599 0.693535 0.630006 0.625763 0.646647 0.541572
467 0.607739 0.596977 0.578245 0.697413 0.585258 0.706962 0.571232 0.687864 0.585258 0.706962 0.646092 0.601136 0.644373 0.515773 0.571232 0.687864 0.617316 0.572547 0.645659 0.484505
468 0.615827 0.572081 0.581502 0.689543 0.580734 0.691423 0.582270 0.687663 0.580734 0.691423 0.643785 0.562721 0.636855 0.458451 0.582270 0.687663 0.630812 0.573818 0.632327 0.528898
469 -1 -1 -1 -1 -1 -1 -1 -1 -1 -1 -1 -1 -1 -1 -1 -1 -1 -1 -1 -1
470 -1 -1 -1 -1 -1 -1 -1 -1 -1 -1 -1 -1 -1 -1 -1 -1 -1 -1 -1 -1
471 -1 -1 -1 -1 -1 -1 -1 -1 -1 -1 -1 -1 -1 -1 -1 -1 -1 -1 -1 -1
472 0.620142 0.715752 0.592263 0.643511 0.588327 0.656614 0.596199 0.630408 0.588327 0.656614 0.597928 0.549289 0.594377 0.418115 0.596199 0.630408 0.644159 0.554974 0.667732 0.460085
473 0.615839 0.719580 0.591571 0.654388 0.587655 0.658098 0.595487 0.650678 0.587655 0.658098 0.598338 0.549707 0.589764 0.424883 0.595487 0.650678 0.637818 0.572573 0.664563 0.467063
474 0.610621 0.717085 0.589203 0.659180 0.591304 0.661929 0.587102 0.656432 0.591304 0.661929 0.600105 0.548410 0.600802 0.428531 0.587102 0.656432 0.608830 0.569893 0.620757 0.465290
475 0.604217 0.728714 0.577639 0.662530 0.591523 0.664797 0.563755 0.660263 0.591523 0.664797 0.606502 0.553497 0.581180 0.465997 0.563755 0.660263 0.579907 0.558295 0.556441 0.456432
476 0.600094 0.730199 0.577957 0.673164 0.587133 0.666519 0.568782 0.679809 0.587133 0.666519 0.605957 0.590046 0.613043 0.570917 0.568782 0.679809 0.584640 0.584052 0.583232 0.507247
477 0.600101 0.735738 0.576606 0.685968 0.589839 0.687425 0.563373 0.684510 0.589839 0.687425 0.606165 0.605365 0.614355 0.526319 0.563373 0.684510 0.567067 0.589069 0.557678 0.497375
478 0.594479 0.765853 0.570159 0.689912 0.587781 0.690439 0.552537 0.689384 0.587781 0.690439 0.605648 0.592562 0.610705 0.500828 0.552537 0.689384 0.550439 0.589538 0.526000 0.492090
479 0.594935 0.783373 0.567905 0.697676 0.586967 0.696321 0.548843 0.699031 0.586967 0.696321 0.606354 0.642297 0.620525 0.538146 0.548843 0.699031 0.532196 0.599204 0.513174 0.489271
480 -1 -1 -1 -1 -1 -1 -1 -1 -1 -1 -1 -1 -1 -1 -1 -1 -1 -1 -1 -1
481 0.625054 0.642231 0.586389 0.728268 0.600629 0.739070 0.572150 0.717467 0.600629 0.739070 0.618586 0.637000 0.563981 0.723666 0.572150 0.717467 0.553561 0.591612 0.548199 0.718317
482 0.624511 0.643188 0.582312 0.724553 0.599407 0.740998 0.565217 0.708107 0.599407 0.740998 0.600649 0.716332 0.569512 0.809247 0.565217 0.708107 0.551082 0.621294 0.533130 0.723325
483 0.622133 0.643626 0.577675 0.728735 0.596134 0.747712 0.559215 0.709758 0.596134 0.747712 0.580063 0.747886 0.564043 0.850310 0.559215 0.709758 0.543601 0.628252 0.522378 0.762368
484 0.621029 0.643720 0.573904 0.730877 0.593032 0.750536 0.554777 0.711217 0.593032 0.750536 0.576993 0.761156 0.543542 0.889418 0.554777 0.711217 0.537841 0.639827 0.523612 0.794872
485 0.620660 0.644414 0.568909 0.740215 0.587595 0.760045 0.550222 0.720386 0.587595 0.760045 0.566789 0.806915 0.531012 0.923855 0.550222 0.720386 0.529715 0.653837 0.501276 0.813168
486 0.621006 0.644609 0.571691 0.741522 0.588360 0.760463 0.555023 0.722582 0.588360 0.760463 0.559497 0.801802 0.529821 0.917422 0.555023 0.722582 0.519228 0.666607 0.491290 0.828041
487 0.620742 0.644707 0.567781 0.741854 0.588265 0.759276 0.547297 0.724432 0.588265 0.759276 0.573278 0.782180 0.534103 0.926878 0.547297 0.724432 0.512242 0.674979 0.496109 0.851359
488 0.620591 0.645727 0.567654 0.741809 0.589245 0.757316 0.546064 0.726302 0.589245 0.757316 0.575524 0.782370 0.536883 0.928368 0.546064 0.726302 0.508588 0.682229 0.489168 0.855286
489 0.620586 0.648197 0.567963 0.741612 0.589816 0.756569 0.546110 0.726654 0.589816 0.756569 0.575769 0.785400 0.537449 0.931912 0.546110 0.726654 0.507184 0.683446 0.486418 0.858005
490 0.619531 0.653306 0.567448 0.741631 0.590011 0.756120 0.544885 0.727143 0.590011 0.756120 0.575359 0.794682 0.539526 0.929168 0.544885 0.727143 0.505548 0.678914 0.487295 0.848092
491 0.618417 0.656769 0.567239 0.741440 0.589448 0.756306 0.545030 0.726575 0.589448 0.756306 0.571537 0.805787 0.540580 0.928442 0.545030 0.726575 0.503644 0.680315 0.487098 0.846341
492 0.618087 0.661713 0.567744 0.742449 0.589484 0.758017 0.546005 0.726881 0.589484 0.758017 0.573234 0.799694 0.539554 0.929461 0.546005 0.726881 0.506808 0.679663 0.489528 0.847628
493 0.618412 0.664158 0.567649 0.744508 0.589374 0.761373 0.545925 0.727642 0.589374 0.761373 0.574642 0.798553 0.539786 0.927503 0.545925 0.727642 0.507570 0.680911 0.487126 0.848682
494 0.618912 0.662853 0.567992 0.745183 0.589339 0.762000 0.546645 0.728367 0.589339 0.762000 0.572202 0.802281 0.538646 0.928696 0.546645 0.728367 0.506741 0.686068 0.485875 0.851769
495 0.619554 0.662060 0.567901 0.744637 0.589442 0.761197 0.546360 0.728076 0.589442 0.761197 0.573366 0.805613 0.538754 0.930118 0.546360 0.728076 0.507526 0.684926 0.485169 0.854836
496 0.620221 0.661367 0.567995 0.744273 0.589509 0.760697 0.546481 0.727850 0.589509 0.760697 0.573961 0.807377 0.539896 0.932149 0.546481 0.727850 0.507367 0.684152 0.485129 0.852668
497 0.620951 0.661317 0.568009 0.745277 0.589565 0.762222 0.546452 0.728333 0.589565 0.762222 0.574381 0.810675 0.537183 0.930919 0.546452 0.728333 0.506659 0.683391 0.485291 0.850628
498 0.621542 0.660794 0.568329 0.745815 0.590020 0.762242 0.546637 0.729387 0.590020 0.762242 0.574634 0.806009 0.537682 0.932390 0.546637 0.729387 0.505186 0.684871 0.485852 0.850693
499 0.621850 0.660538 0.568726 0.745827 0.590700 0.761966 0.546752 0.729688 0.590700 0.761966 0.574843 0.803303 0.536532 0.932017 0.546752 0.729688 0.505249 0.684960 0.486178 0.852221
500 0.621874 0.661370 0.568881 0.746790 0.590871 0.762259 0.546890 0.731321 0.590871 0.762259 0.574958 0.804967 0.536727 0.931162 0.546890 0.731321 0.504367 0.686280 0.486043 0.853238
501 0.621793 0.661963 0.568915 0.746802 0.590874 0.762297 0.546956 0.731306 0.590874 0.762297 0.575050 0.808151 0.537012 0.932411 0.546956 0.731306 0.504604 0.685619 0.485813 0.855283
502 0.621662 0.662166 0.568936 0.746810 0.590876 0.762188 0.546995 0.731432 0.590876 0.762188 0.575131 0.809155 0.541564 0.938548 0.546995 0.731432 0.503673 0.687337 0.484813 0.857525
503 0.621588 0.662341 0.568842 0.746719 0.590877 0.762154 0.546808 0.731285 0.590877 0.762154 0.574760 0.807875 0.543600 0.939500 0.546808 0.731285 0.503012 0.687808 0.485092 0.861848
504 0.621553 0.662989 0.568742 0.746741 0.590746 0.762290 0.546738 0.731192 0.590746 0.762290 0.576236 0.807994 0.544286 0.939427 0.546738 0.731192 0.500910 0.687102 0.484965 0.860372
505 0.621544 0.663308 0.568665 0.746676 0.590613 0.762240 0.546718 0.731113 0.590613 0.762240 0.576778 0.808279 0.544884 0.939394 0.546718 0.731113 0.499191 0.687577 0.484817 0.859985
506 0.621610 0.663666 0.568678 0.746473 0.590628 0.761886 0.546727 0.731060 0.590628 0.761886 0.576882 0.809771 0.544989 0.939866 0.546727 0.731060 0.498257 0.687556 0.484338 0.860059
507 0.621577 0.663823 0.568611 0.746322 0.590584 0.761604 0.546638 0.731040 0.590584 0.761604 0.576210 0.809073 0.541567 0.938773 0.546638 0.731040 0.498020 0.687714 0.483523 0.859406
508 0.621561 0.664131 0.568607 0.746195 0.590545 0.761386 0.546668 0.731004 0.590545 0.761386 0.575715 0.810657 0.540869 0.938141 0.546668 0.731004 0.496668 0.690967 0.483457 0.859417
509 0.621564 0.664233 0.568521 0.746083 0.590425 0.761336 0.546617 0.730830 0.590425 0.761336 0.575924 0.811013 0.541857 0.940177 0.546617 0.730830 0.497215 0.691600 0.483594 0.863533
510 0.621361 0.664193 0.568335 0.745983 0.590321 0.761175 0.546349 0.730792 0.590321 0.761175 0.576128 0.810644 0.542831 0.939613 0.546349 0.730792 0.497437 0.691200 0.482636 0.863867
511 0.621042 0.664158 0.568239 0.745697 0.590321 0.760754 0.546157 0.730640 0.590321 0.760754 0.575992 0.809939 0.543067 0.939700 0.546157 0.730640 0.497596 0.691329 0.482777 0.864306
512 0.620872 0.664148 0.568187 0.745550 0.590348 0.760486 0.546027 0.730613 0.590348 0.760486 0.574420 0.809829 0.544038 0.939422 0.546027 0.730613 0.497682 0.691446 0.485488 0.864143
513 0.620838 0.664121 0.568140 0.745459 0.590326 0.760354 0.545955 0.730564 0.590326 0.760354 0.573758 0.809665 0.544650 0.939259 0.545955 0.730564 0.497733 0.691538 0.485974 0.864855
514 0.620836 0.664060 0.568058 0.745224 0.590278 0.760084 0.545837 0.730363 0.590278 0.760084 0.573214 0.809568 0.542030 0.937167 0.545837 0.730363 0.497871 0.691490 0.485928 0.865173
515 0.620884 0.663954 0.568202 0.744390 0.590288 0.759452 0.546117 0.729329 0.590288 0.759452 0.571992 0.810480 0.541337 0.936012 0.546117 0.729329 0.498035 0.691498 0.485898 0.865084
516 0.620937 0.663939 0.568417 0.743877 0.590450 0.758951 0.546385 0.728803 0.590450 0.758951 0.571944 0.810314 0.540889 0.935675 0.546385 0.728803 0.495967 0.691650 0.485726 0.862146
517 0.620935 0.663973 0.568544 0.743988 0.590482 0.758900 0.546605 0.729076 0.590482 0.758900 0.571570 0.809762 0.540665 0.935244 0.546605 0.729076 0.495099 0.691690 0.485281 0.862333
518 0.620730 0.663995 0.568573 0.743822 0.590530 0.758623 0.546616 0.729021 0.590530 0.758623 0.571237 0.809059 0.540305 0.934583 0.546616 0.729021 0.494465 0.691794 0.484708 0.862419
519 0.620623 0.663919 0.568549 0.743790 0.590521 0.758559 0.546577 0.729021 0.590521 0.758559 0.571185 0.808420 0.543079 0.936271 0.546577 0.729021 0.494180 0.691765 0.484456 0.862630
520 0.620481 0.664009 0.568483 0.743793 0.590440 0.758559 0.546525 0.729027 0.590440 0.758559 0.571176 0.808373 0.542085 0.934227 0.546525 0.729027 0.494063 0.691737 0.484264 0.860476
521 0.620407 0.664075 0.568388 0.743712 0.590410 0.758468 0.546366 0.728956 0.590410 0.758468 0.571265 0.808372 0.540987 0.933785 0.546366 0.728956 0.494038 0.691729 0.483969 0.860181
522 0.620396 0.664206 0.568336 0.743718 0.590376 0.758466 0.546296 0.728969 0.590376 0.758466 0.571303 0.808871 0.540778 0.933386 0.546296 0.728969 0.494151 0.691651 0.483811 0.860070
523 0.620389 0.664323 0.568341 0.743771 0.590381 0.758467 0.546302 0.729074 0.590381 0.758467 0.571322 0.808924 0.542895 0.935041 0.546302 0.729074 0.494186 0.691643 0.483198 0.861364
524 0.620380 0.664369 0.568354 0.743861 0.590411 0.758588 0.546297 0.729134 0.590411 0.758588 0.571371 0.809058 0.540851 0.934172 0.546297 0.729134 0.494230 0.691630 0.482906 0.862740
525 0.620365 0.664382 0.568346 0.743749 0.590421 0.758590 0.546270 0.728908 0.590421 0.758590 0.571444 0.809060 0.540449 0.933125 0.546270 0.728908 0.494294 0.691606 0.482865 0.863330
526 0.620276 0.664364 0.568318 0.743698 0.590424 0.758573 0.546212 0.728823 0.590424 0.758573 0.571530 0.809169 0.539700 0.933145 0.546212 0.728823 0.494334 0.691559 0.482871 0.864462
527 0.620331 0.664361 0.568309 0.743789 0.590428 0.758749 0.546189 0.728828 0.590428 0.758749 0.572376 0.807576 0.539674 0.932559 0.546189 0.728828 0.494363 0.691493 0.483138 0.864569
528 0.620527 0.664274 0.568872 0.743374 0.590848 0.758218 0.546897 0.728529 0.590848 0.758218 0.571870 0.806216 0.543555 0.933696 0.546897 0.728529 0.495006 0.690490 0.483214 0.864292
529 0.620588 0.663918 0.568965 0.742844 0.590939 0.757757 0.546991 0.727932 0.590939 0.757757 0.571796 0.804437 0.542083 0.933002 0.546991 0.727932 0.495551 0.689806 0.483231 0.862203
530 0.620808 0.663692 0.568997 0.742834 0.590965 0.757731 0.547029 0.727937 0.590965 0.757731 0.571379 0.804383 0.544148 0.934691 0.547029 0.727937 0.495497 0.690668 0.482678 0.862718
531 0.620810 0.663513 0.568963 0.742799 0.590915 0.757679 0.547011 0.727918 0.590915 0.757679 0.571168 0.804394 0.543015 0.934252 0.547011 0.727918 0.495447 0.691263 0.482864 0.860637
532 0.620794 0.663477 0.568942 0.742775 0.590912 0.757681 0.546971 0.727868 0.590912 0.757681 0.571211 0.804740 0.544401 0.935724 0.546971 0.727868 0.495894 0.690207 0.482208 0.861843
533 0.620818 0.663180 0.568939 0.742403 0.590911 0.757650 0.546967 0.727157 0.590911 0.757650 0.570939 0.804631 0.542375 0.935045 0.546967 0.727157 0.495741 0.690748 0.482406 0.859857
534 0.620828 0.663076 0.568899 0.742351 0.590910 0.757662 0.546889 0.727039 0.590910 0.757662 0.570953 0.806197 0.540951 0.933766 0.546889 0.727039 0.495607 0.691151 0.482418 0.859492
535 0.620850 0.663013 0.568901 0.741893 0.590920 0.757527 0.546883 0.726258 0.590920 0.757527 0.570624 0.806113 0.540290 0.933038 0.546883 0.726258 0.495541 0.691244 0.482426 0.859098
536 0.620790 0.663042 0.568876 0.741885 0.590920 0.757490 0.546833 0.726281 0.590920 0.757490 0.570638 0.805926 0.539838 0.932987 0.546833 0.726281 0.495433 0.691236 0.481861 0.862212
537 0.620790 0.663046 0.568880 0.741875 0.590910 0.757481 0.546849 0.726269 0.590910 0.757481 0.570664 0.805320 0.539489 0.932380 0.546849 0.726269 0.495364 0.691208 0.481959 0.860572
538 0.620828 0.663008 0.568868 0.741641 0.590889 0.757357 0.546847 0.725925 0.590889 0.757357 0.570673 0.804668 0.538870 0.931969 0.546847 0.725925 0.495300 0.691145 0.481992 0.858926
539 0.620899 0.662912 0.568752 0.741623 0.590801 0.757354 0.546703 0.725893 0.590801 0.757354 0.570519 0.805122 0.538498 0.931941 0.546703 0.725893 0.495002 0.690516 0.481758 0.858039
540 0.620821 0.663026 0.568555 0.742682 0.590669 0.758145 0.546441 0.727218 0.590669 0.758145 0.569994 0.805937 0.542634 0.935135 0.546441 0.727218 0.494428 0.693847 0.482023 0.858119
541 0.620815 0.663082 0.568493 0.742834 0.590660 0.758187 0.546327 0.727482 0.590660 0.758187 0.570585 0.808354 0.544082 0.936635 0.546327 0.727482 0.494088 0.695781 0.482102 0.861236
542 0.620816 0.663113 0.568440 0.743322 0.590628 0.758672 0.546252 0.727971 0.590628 0.758672 0.572024 0.808104 0.544775 0.937183 0.546252 0.727971 0.494262 0.694719 0.481939 0.862400
543 0.620831 0.663156 0.568409 0.743457 0.590569 0.758853 0.546250 0.728062 0.590569 0.758853 0.571941 0.807937 0.544881 0.938390 0.546250 0.728062 0.494388 0.693525 0.481979 0.863047
544 0.620911 0.663139 0.568390 0.743404 0.590532 0.758798 0.546248 0.728010 0.590532 0.758798 0.571946 0.809013 0.545259 0.938776 0.546248 0.728010 0.494567 0.693071 0.482358 0.864159
545 0.620909 0.663137 0.568367 0.743339 0.590534 0.758729 0.546201 0.727950 0.590534 0.758729 0.571981 0.809284 0.545118 0.938956 0.546201 0.727950 0.494775 0.692383 0.482046 0.864309
546 0.620976 0.663144 0.568383 0.743425 0.590539 0.758799 0.546228 0.728051 0.590539 0.758799 0.571968 0.809992 0.545544 0.939105 0.546228 0.728051 0.496032 0.693043 0.483929 0.864192
547 0.621091 0.663141 0.568479 0.743496 0.590573 0.758849 0.546386 0.728142 0.590573 0.758849 0.571987 0.810149 0.545688 0.939165 0.546386 0.728142 0.496002 0.692255 0.483878 0.864138
548 0.621135 0.663149 0.568466 0.743648 0.590550 0.759021 0.546382 0.728274 0.590550 0.759021 0.572123 0.810063 0.545584 0.939210 0.546382 0.728274 0.495983 0.691428 0.482622 0.863634
549 0.621157 0.663138 0.568416 0.743938 0.590479 0.759272 0.546352 0.728603 0.590479 0.759272 0.572210 0.810132 0.542097 0.935388 0.546352 0.728603 0.495855 0.690975 0.482337 0.863472
550 0.621231 0.663165 0.568208 0.744636 0.590198 0.760394 0.546218 0.728879 0.590198 0.760394 0.572236 0.810556 0.542768 0.937174 0.546218 0.728879 0.495739 0.690683 0.482361 0.863294
551 0.621215 0.663169 0.568181 0.744650 0.590175 0.760365 0.546187 0.728936 0.590175 0.760365 0.572055 0.811179 0.543041 0.938484 0.546187 0.728936 0.495732 0.690538 0.482299 0.863059
552 0.621367 0.662917 0.567995 0.744264 0.590199 0.759901 0.545791 0.728626 0.590199 0.759901 0.571995 0.811122 0.543453 0.938728 0.545791 0.728626 0.495712 0.690553 0.482306 0.863029
553 0.621616 0.662670 0.567939 0.743855 0.590261 0.759347 0.545618 0.728364 0.590261 0.759347 0.571973 0.810997 0.543704 0.938759 0.545618 0.728364 0.495696 0.690698 0.482067 0.862878
554 0.621613 0.662559 0.567859 0.743665 0.590261 0.759097 0.545457 0.728233 0.590261 0.759097 0.572025 0.810866 0.544020 0.938939 0.545457 0.728233 0.495673 0.690710 0.482403 0.861157
555 0.621612 0.662496 0.567782 0.743568 0.590252 0.758982 0.545311 0.728154 0.590252 0.758982 0.572023 0.810888 0.544234 0.939336 0.545311 0.728154 0.495658 0.690704 0.482424 0.861334
556 0.621593 0.662414 0.567480 0.743759 0.589976 0.759271 0.544984 0.728247 0.589976 0.759271 0.572039 0.810656 0.544379 0.939309 0.544984 0.728247 0.495643 0.690626 0.482089 0.861399
557 0.621516 0.662409 0.567300 0.743810 0.589784 0.759395 0.544815 0.728225 0.589784 0.759395 0.572057 0.810749 0.544353 0.939387 0.544815 0.728225 0.495635 0.690618 0.482272 0.861618
558 0.621398 0.662409 0.567152 0.743944 0.589637 0.759663 0.544666 0.728225 0.589637 0.759663 0.572071 0.810342 0.544223 0.939383 0.544666 0.728225 0.495586 0.690602 0.482271 0.859821
559 0.621316 0.662404 0.567050 0.744000 0.589598 0.759773 0.544502 0.728228 0.589598 0.759773 0.573310 0.808227 0.544031 0.939385 0.544502 0.728228 0.495563 0.690573 0.482381 0.857043
560 0.621224 0.662479 0.566956 0.744090 0.589554 0.759948 0.544357 0.728232 0.589554 0.759948 0.573295 0.808182 0.543806 0.939465 0.544357 0.728232 0.495540 0.690560 0.480825 0.859779
561 0.621121 0.662509 0.566747 0.744396 0.589356 0.760343 0.544137 0.728450 0.589356 0.760343 0.573333 0.808431 0.543702 0.939442 0.544137 0.728450 0.495465 0.690522 0.480865 0.857901
562 0.621069 0.662572 0.566742 0.744454 0.589346 0.760410 0.544138 0.728499 0.589346 0.760410 0.573317 0.808578 0.543714 0.939270 0.544138 0.728499 0.495459 0.690539 0.480969 0.857767
