237
260
0 -1 -1 -1 -1 -1 -1 -1 -1 -1 -1 -1 -1 -1 -1 -1 -1 -1 -1 -1 -1
1 -1 -1 -1 -1 -1 -1 -1 -1 -1 -1 -1 -1 -1 -1 -1 -1 -1 -1 -1 -1
2 0.426635 0.364835 0.423483 0.465034 0.441661 0.467142 0.405305 0.462927 0.441661 0.467142 0.460046 0.483767 0.455882 0.561571 0.405305 0.462927 0.407812 0.485217 0.401618 0.587089
3 0.426071 0.364663 0.421681 0.462500 0.439694 0.463810 0.403667 0.461189 0.439694 0.463810 0.461260 0.481214 0.455332 0.562116 0.403667 0.461189 0.407552 0.484383 0.401177 0.586762
4 0.425357 0.364097 0.420879 0.461261 0.438658 0.462005 0.403099 0.460517 0.438658 0.462005 0.461531 0.482216 0.453968 0.562071 0.403099 0.460517 0.406617 0.484408 0.400768 0.583982
5 0.424294 0.363175 0.419421 0.460874 0.436914 0.461199 0.401928 0.460548 0.436914 0.461199 0.463202 0.479961 0.453884 0.562664 0.401928 0.460548 0.406383 0.483061 0.400300 0.580630
6 0.423088 0.362945 0.418051 0.461266 0.434925 0.461311 0.401177 0.461220 0.434925 0.461311 0.465480 0.477675 0.453543 0.562121 0.401177 0.461220 0.406430 0.479533 0.399910 0.579451
7 0.422536 0.363437 0.416992 0.460612 0.433664 0.460059 0.400320 0.461166 0.433664 0.460059 0.465184 0.478966 0.453638 0.568041 0.400320 0.461166 0.405823 0.479943 0.399265 0.579764
8 0.422664 0.364588 0.416393 0.460614 0.432874 0.459802 0.399912 0.461426 0.432874 0.459802 0.465124 0.479910 0.453519 0.568947 0.399912 0.461426 0.405202 0.481011 0.399090 0.580811
9 0.423830 0.365164 0.416070 0.460809 0.432427 0.459968 0.399714 0.461650 0.432427 0.459968 0.464906 0.480460 0.453698 0.570047 0.399714 0.461650 0.405029 0.481247 0.398715 0.581560
10 0.425420 0.364637 0.416181 0.460736 0.432461 0.459929 0.399901 0.461543 0.432461 0.459929 0.465077 0.480731 0.454183 0.569665 0.399901 0.461543 0.404960 0.481442 0.398174 0.582118
11 0.426707 0.364603 0.416186 0.459480 0.432305 0.458508 0.400068 0.460452 0.432305 0.458508 0.465357 0.481403 0.454377 0.569455 0.400068 0.460452 0.403697 0.493996 0.397404 0.584378
12 0.428698 0.364561 0.416256 0.456822 0.432302 0.456451 0.400210 0.457193 0.432302 0.456451 0.465871 0.481045 0.454361 0.568764 0.400210 0.457193 0.402685 0.491764 0.396255 0.585642
13 0.430800 0.364574 0.416525 0.456478 0.432517 0.456212 0.400533 0.456744 0.432517 0.456212 0.466832 0.479434 0.454372 0.566592 0.400533 0.456744 0.402678 0.488594 0.396395 0.585702
14 0.433055 0.364820 0.417330 0.455143 0.433351 0.455340 0.401310 0.454946 0.433351 0.455340 0.468015 0.479578 0.454385 0.564097 0.401310 0.454946 0.402781 0.487584 0.396474 0.586208
15 0.435351 0.364768 0.418487 0.453403 0.434350 0.453699 0.402625 0.453108 0.434350 0.453699 0.468060 0.481938 0.454252 0.564151 0.402625 0.453108 0.402870 0.487361 0.396708 0.586231
16 0.436616 0.364763 0.419041 0.452578 0.434909 0.452887 0.403173 0.452269 0.434909 0.452887 0.468884 0.484323 0.454381 0.565747 0.403173 0.452269 0.402899 0.487255 0.396769 0.585317
17 0.438120 0.364718 0.419658 0.452170 0.435754 0.452431 0.403563 0.451909 0.435754 0.452431 0.469707 0.485331 0.454611 0.566327 0.403563 0.451909 0.406521 0.488674 0.396919 0.584631
18 0.438957 0.364873 0.420267 0.451949 0.436539 0.451974 0.403996 0.451925 0.436539 0.451974 0.470248 0.487038 0.456029 0.566312 0.403996 0.451925 0.406118 0.488805 0.396935 0.583750
19 0.439711 0.365174 0.420572 0.451763 0.437106 0.451679 0.404039 0.451846 0.437106 0.451679 0.470295 0.487174 0.456045 0.566831 0.404039 0.451846 0.406806 0.490081 0.396749 0.582457
20 0.440460 0.365344 0.421537 0.451976 0.438805 0.452066 0.404269 0.451886 0.438805 0.452066 0.470361 0.486912 0.456173 0.567125 0.404269 0.451886 0.406721 0.490027 0.396705 0.582572
21 0.440813 0.365518 0.421543 0.452228 0.438838 0.452338 0.404249 0.452118 0.438838 0.452338 0.470468 0.486758 0.456274 0.567281 0.404249 0.452118 0.406672 0.487129 0.396661 0.582648
22 0.440831 0.365832 0.421427 0.452833 0.438720 0.453450 0.404133 0.452216 0.438720 0.453450 0.470357 0.485997 0.456251 0.566771 0.404133 0.452216 0.406678 0.486797 0.396672 0.583780
23 0.440810 0.366078 0.421320 0.453064 0.438589 0.453760 0.404052 0.452367 0.438589 0.453760 0.470238 0.485934 0.456201 0.566793 0.404052 0.452367 0.406654 0.484985 0.396661 0.583874
24 0.440632 0.366205 0.421274 0.453155 0.438516 0.453908 0.404031 0.452401 0.438516 0.453908 0.470251 0.486340 0.456020 0.566425 0.404031 0.452401 0.406724 0.482599 0.396671 0.582249
25 0.440450 0.366202 0.420969 0.453019 0.438042 0.453897 0.403896 0.452141 0.438042 0.453897 0.469936 0.487131 0.455716 0.566021 0.403896 0.452141 0.406699 0.482869 0.396711 0.582910
26 0.440279 0.366263 0.420955 0.453038 0.438031 0.453880 0.403880 0.452196 0.438031 0.453880 0.469981 0.487043 0.455713 0.564494 0.403880 0.452196 0.406561 0.483007 0.396972 0.583132
27 0.439554 0.366521 0.420996 0.451128 0.438127 0.451495 0.403866 0.450760 0.438127 0.451495 0.469984 0.487055 0.455749 0.564924 0.403866 0.450760 0.406550 0.482355 0.397096 0.583266
28 0.438764 0.366347 0.421178 0.448555 0.438382 0.448450 0.403975 0.448660 0.438382 0.448450 0.469972 0.486383 0.455747 0.564049 0.403975 0.448660 0.406471 0.482507 0.397113 0.583066
29 0.437955 0.365572 0.422158 0.446723 0.439507 0.446631 0.404810 0.446815 0.439507 0.446631 0.470639 0.482618 0.455803 0.562250 0.404810 0.446815 0.406448 0.481785 0.397118 0.581790
30 0.437431 0.365107 0.423337 0.445284 0.440537 0.445392 0.406137 0.445177 0.440537 0.445392 0.470827 0.477869 0.456393 0.560949 0.406137 0.445177 0.406435 0.478693 0.397151 0.579203
31 0.436858 0.364689 0.423546 0.446098 0.440695 0.446300 0.406398 0.445896 0.440695 0.446300 0.470829 0.480265 0.456531 0.561569 0.406398 0.445896 0.406333 0.479318 0.397154 0.578626
32 0.436205 0.364320 0.423775 0.448118 0.441003 0.448206 0.406547 0.448030 0.441003 0.448206 0.471306 0.481631 0.456399 0.561806 0.406547 0.448030 0.405846 0.479753 0.397301 0.578237
33 0.435573 0.364106 0.424593 0.448353 0.441952 0.448357 0.407235 0.448348 0.441952 0.448357 0.471280 0.481845 0.455521 0.561525 0.407235 0.448348 0.405368 0.479910 0.397539 0.578358
34 0.434769 0.363806 0.424567 0.448488 0.441900 0.448541 0.407233 0.448434 0.441900 0.448541 0.471066 0.482937 0.455144 0.560776 0.407233 0.448434 0.403865 0.480469 0.398086 0.579133
35 0.434062 0.363577 0.425092 0.451536 0.442390 0.452130 0.407793 0.450943 0.442390 0.452130 0.470725 0.483846 0.454477 0.560859 0.407793 0.450943 0.402925 0.479721 0.398145 0.579907
36 0.432766 0.363469 0.425428 0.453652 0.442580 0.454213 0.408276 0.453091 0.442580 0.454213 0.470109 0.484490 0.454273 0.561356 0.408276 0.453091 0.402548 0.479457 0.398145 0.580576
37 0.431528 0.363476 0.425679 0.455326 0.442837 0.455958 0.408521 0.454694 0.442837 0.455958 0.469094 0.485228 0.454305 0.562598 0.408521 0.454694 0.402261 0.479478 0.397984 0.580600
38 0.430904 0.363506 0.426416 0.455914 0.443523 0.456339 0.409308 0.455490 0.443523 0.456339 0.468924 0.485687 0.454480 0.563696 0.409308 0.455490 0.402066 0.479631 0.397876 0.580608
39 0.430181 0.363531 0.426444 0.456568 0.443520 0.456800 0.409368 0.456335 0.443520 0.456800 0.466898 0.485632 0.455028 0.563723 0.409368 0.456335 0.401540 0.479697 0.397304 0.579641
40 0.429405 0.363439 0.426136 0.456254 0.443137 0.456511 0.409134 0.455998 0.443137 0.456511 0.466296 0.486632 0.456159 0.565892 0.409134 0.455998 0.400123 0.478394 0.396757 0.579150
41 0.429162 0.363912 0.425999 0.456765 0.442916 0.457322 0.409083 0.456208 0.442916 0.457322 0.465468 0.486760 0.456400 0.566213 0.409083 0.456208 0.399285 0.478549 0.396390 0.579193
42 0.429040 0.364219 0.425788 0.457306 0.442648 0.457823 0.408928 0.456790 0.442648 0.457823 0.464984 0.486175 0.456309 0.565226 0.408928 0.456790 0.398374 0.478307 0.396059 0.577514
43 0.428785 0.364362 0.425309 0.457211 0.442357 0.457595 0.408261 0.456826 0.442357 0.457595 0.464262 0.485047 0.455554 0.565089 0.408261 0.456826 0.396989 0.478070 0.396067 0.575670
44 0.428683 0.364425 0.424747 0.457319 0.441641 0.457513 0.407852 0.457124 0.441641 0.457513 0.463456 0.483107 0.455161 0.564917 0.407852 0.457124 0.396732 0.477325 0.396018 0.574975
45 0.428172 0.364424 0.424090 0.458076 0.440925 0.458323 0.407255 0.457829 0.440925 0.458323 0.463525 0.483151 0.454966 0.564732 0.407255 0.457829 0.396694 0.476266 0.395997 0.574262
46 0.428008 0.364448 0.423843 0.458360 0.440570 0.458508 0.407116 0.458212 0.440570 0.458508 0.463447 0.482528 0.454936 0.563898 0.407116 0.458212 0.396857 0.476303 0.395905 0.574624
47 0.427869 0.364418 0.423732 0.458246 0.440484 0.458420 0.406980 0.458072 0.440484 0.458420 0.463480 0.482632 0.454948 0.563897 0.406980 0.458072 0.396880 0.475900 0.395761 0.574689
48 0.427665 0.364418 0.423151 0.458397 0.439888 0.458513 0.406415 0.458281 0.439888 0.458513 0.463330 0.482767 0.454966 0.564067 0.406415 0.458281 0.397023 0.475960 0.395646 0.574729
49 0.427602 0.364414 0.422965 0.458535 0.439751 0.458799 0.406179 0.458271 0.439751 0.458799 0.463191 0.482781 0.454969 0.564367 0.406179 0.458271 0.397011 0.476035 0.395571 0.575736
50 0.427600 0.364407 0.422976 0.458768 0.439767 0.459146 0.406186 0.458389 0.439767 0.459146 0.463265 0.482853 0.454983 0.564365 0.406186 0.458389 0.396990 0.474848 0.395612 0.576721
51 0.427655 0.364402 0.423005 0.458745 0.439816 0.459141 0.406193 0.458349 0.439816 0.459141 0.463229 0.482572 0.455087 0.564301 0.406193 0.458349 0.397021 0.473908 0.395620 0.577089
52 0.427683 0.364400 0.423150 0.458715 0.440084 0.459089 0.406216 0.458341 0.440084 0.459089 0.463143 0.482092 0.455086 0.564253 0.406216 0.458341 0.397067 0.473229 0.395602 0.577105
53 0.427701 0.364404 0.423257 0.458832 0.440219 0.459326 0.406295 0.458338 0.440219 0.459326 0.463153 0.481873 0.455037 0.564159 0.406295 0.458338 0.396807 0.473120 0.395551 0.577540
54 0.427717 0.364377 0.423619 0.459110 0.440591 0.459808 0.406648 0.458413 0.440591 0.459808 0.463221 0.480953 0.455067 0.563751 0.406648 0.458413 0.396545 0.472842 0.395480 0.577945
55 0.427895 0.364325 0.424274 0.459212 0.441225 0.460014 0.407323 0.458410 0.441225 0.460014 0.463267 0.480694 0.455053 0.563608 0.407323 0.458410 0.396483 0.472968 0.395459 0.578257
56 0.428022 0.364291 0.424525 0.459498 0.441501 0.460380 0.407549 0.458616 0.441501 0.460380 0.463692 0.480358 0.455048 0.563518 0.407549 0.458616 0.396509 0.473107 0.395354 0.578368
57 0.428194 0.364201 0.424649 0.459477 0.441687 0.460343 0.407610 0.458610 0.441687 0.460343 0.464155 0.480226 0.454869 0.563573 0.407610 0.458610 0.396517 0.473145 0.395343 0.578887
58 0.428352 0.364159 0.424652 0.459447 0.441699 0.460308 0.407605 0.458586 0.441699 0.460308 0.464418 0.480238 0.454861 0.563570 0.407605 0.458586 0.396487 0.473280 0.395326 0.579047
59 0.428470 0.364149 0.424665 0.459242 0.441701 0.460060 0.407629 0.458425 0.441701 0.460060 0.464600 0.480298 0.454885 0.563569 0.407629 0.458425 0.396485 0.473731 0.395323 0.579519
60 0.428747 0.364167 0.424732 0.459361 0.441727 0.460253 0.407736 0.458468 0.441727 0.460253 0.464804 0.480678 0.454846 0.563584 0.407736 0.458468 0.396419 0.474136 0.395322 0.579709
61 0.429021 0.364165 0.424775 0.459346 0.441759 0.460238 0.407791 0.458453 0.441759 0.460238 0.464907 0.481094 0.454808 0.562602 0.407791 0.458453 0.396410 0.474165 0.395322 0.579701
62 0.429238 0.364168 0.424906 0.459259 0.441894 0.460224 0.407918 0.458293 0.441894 0.460224 0.465210 0.481515 0.454798 0.561963 0.407918 0.458293 0.396394 0.474630 0.395316 0.579895
63 0.429402 0.364169 0.425333 0.459295 0.442351 0.460302 0.408315 0.458288 0.442351 0.460302 0.465364 0.482076 0.454958 0.562294 0.408315 0.458288 0.396400 0.474638 0.395315 0.579993
64 0.429641 0.364160 0.425424 0.458771 0.442470 0.459823 0.408378 0.457720 0.442470 0.459823 0.465511 0.482075 0.455148 0.562355 0.408378 0.457720 0.396376 0.474448 0.395311 0.579979
65 0.429813 0.364140 0.425622 0.458078 0.442742 0.459019 0.408502 0.457138 0.442742 0.459019 0.465515 0.481931 0.455136 0.561323 0.408502 0.457138 0.396361 0.474330 0.395351 0.579791
66 0.429889 0.363988 0.425627 0.457201 0.442743 0.457969 0.408512 0.456434 0.442743 0.457969 0.465513 0.481874 0.454977 0.560978 0.408512 0.456434 0.396314 0.474334 0.395320 0.579201
67 0.429901 0.363927 0.425611 0.455514 0.442734 0.456395 0.408488 0.454633 0.442734 0.456395 0.465325 0.481861 0.455233 0.561036 0.408488 0.454633 0.396313 0.474339 0.395337 0.579566
68 0.430000 0.364030 0.425515 0.454748 0.442616 0.455674 0.408413 0.453822 0.442616 0.455674 0.465321 0.482735 0.454982 0.561014 0.408413 0.453822 0.396302 0.475697 0.395427 0.579999
69 0.430203 0.364175 0.425484 0.454802 0.442589 0.455777 0.408379 0.453827 0.442589 0.455777 0.465259 0.482752 0.454925 0.561041 0.408379 0.453827 0.396292 0.475678 0.395450 0.579962
70 0.430427 0.364342 0.425458 0.454913 0.442539 0.455899 0.408376 0.453927 0.442539 0.455899 0.465269 0.482741 0.454740 0.561072 0.408376 0.453927 0.396321 0.475748 0.395451 0.579967
71 0.430497 0.364450 0.425324 0.454726 0.442423 0.455736 0.408225 0.453715 0.442423 0.455736 0.464941 0.482139 0.454621 0.561101 0.408225 0.453715 0.396415 0.475720 0.395480 0.579929
72 0.430503 0.364840 0.425321 0.454430 0.442373 0.455339 0.408269 0.453521 0.442373 0.455339 0.464166 0.482139 0.454636 0.561320 0.408269 0.453521 0.396511 0.477327 0.395509 0.580401
73 0.430523 0.365176 0.425334 0.454485 0.442383 0.455389 0.408284 0.453582 0.442383 0.455389 0.463951 0.481734 0.454919 0.561652 0.408284 0.453582 0.396561 0.477457 0.395457 0.580843
74 0.430538 0.365392 0.425379 0.454563 0.442435 0.455423 0.408323 0.453702 0.442435 0.455423 0.463971 0.481498 0.454704 0.561584 0.408323 0.453702 0.396627 0.477721 0.395479 0.580809
75 0.430543 0.365612 0.425278 0.455180 0.442328 0.456014 0.408228 0.454347 0.442328 0.456014 0.463912 0.481063 0.454578 0.560655 0.408228 0.454347 0.396637 0.478397 0.395489 0.580806
76 0.430591 0.365596 0.425208 0.455417 0.442230 0.456300 0.408185 0.454534 0.442230 0.456300 0.463915 0.480992 0.454577 0.560365 0.408185 0.454534 0.396676 0.478301 0.395501 0.580773
77 0.430612 0.365648 0.425030 0.455823 0.441981 0.456757 0.408079 0.454888 0.441981 0.456757 0.463898 0.480816 0.454398 0.560329 0.408079 0.454888 0.396676 0.478239 0.395514 0.580762
78 0.430659 0.365599 0.424900 0.456058 0.441833 0.457080 0.407967 0.455037 0.441833 0.457080 0.463901 0.480792 0.454204 0.560389 0.407967 0.455037 0.396724 0.478181 0.395636 0.580757
79 0.430674 0.365589 0.424708 0.456209 0.441664 0.457251 0.407752 0.455167 0.441664 0.457251 0.463478 0.480718 0.454203 0.560413 0.407752 0.455167 0.396747 0.478154 0.395636 0.581061
80 0.430712 0.365626 0.424708 0.456190 0.441666 0.457242 0.407750 0.455139 0.441666 0.457242 0.463471 0.480728 0.454228 0.560430 0.407750 0.455139 0.396775 0.478125 0.395553 0.581908
81 0.430758 0.365660 0.424646 0.456137 0.441621 0.457161 0.407670 0.455113 0.441621 0.457161 0.462800 0.480795 0.454287 0.560443 0.407670 0.455113 0.396910 0.478096 0.395548 0.581884
82 0.430764 0.365614 0.424631 0.456158 0.441606 0.457177 0.407656 0.455138 0.441606 0.457177 0.463177 0.481336 0.454283 0.560093 0.407656 0.455138 0.397019 0.478078 0.395605 0.581864
83 0.430766 0.365579 0.424589 0.456148 0.441600 0.457170 0.407578 0.455126 0.441600 0.457170 0.463185 0.482110 0.454332 0.560177 0.407578 0.455126 0.397128 0.478146 0.395605 0.581849
84 0.430800 0.365356 0.424420 0.455233 0.441568 0.456563 0.407272 0.453903 0.441568 0.456563 0.463103 0.485020 0.456021 0.561829 0.407272 0.453903 0.397391 0.480069 0.395616 0.581837
85 0.430836 0.365160 0.424262 0.455077 0.441478 0.456535 0.407045 0.453619 0.441478 0.456535 0.463109 0.486367 0.455964 0.562909 0.407045 0.453619 0.397443 0.480162 0.395676 0.581831
86 0.430891 0.364996 0.424217 0.454992 0.441472 0.456505 0.406963 0.453480 0.441472 0.456505 0.463026 0.486049 0.455914 0.563474 0.406963 0.453480 0.397444 0.480128 0.395764 0.581747
87 0.430965 0.364971 0.424219 0.455002 0.441488 0.456503 0.406950 0.453501 0.441488 0.456503 0.462776 0.484732 0.455932 0.563357 0.406950 0.453501 0.397463 0.480074 0.395859 0.581534
88 0.431048 0.365000 0.424155 0.455251 0.441472 0.456776 0.406838 0.453727 0.441472 0.456776 0.462621 0.484430 0.455892 0.563338 0.406838 0.453727 0.397630 0.479613 0.395855 0.580901
89 0.431164 0.364749 0.424127 0.455264 0.441472 0.456781 0.406782 0.453746 0.441472 0.456781 0.462638 0.484383 0.455876 0.563281 0.406782 0.453746 0.397686 0.479505 0.395845 0.580725
90 0.431272 0.364508 0.424167 0.455109 0.441551 0.456544 0.406782 0.453674 0.441551 0.456544 0.462663 0.484323 0.455793 0.563250 0.406782 0.453674 0.397712 0.479490 0.395841 0.580661
91 0.431312 0.364380 0.424004 0.455050 0.441483 0.456462 0.406524 0.453639 0.441483 0.456462 0.462866 0.484284 0.455484 0.562892 0.406524 0.453639 0.397807 0.479551 0.395830 0.580449
92 0.431381 0.364220 0.423997 0.454944 0.441469 0.456281 0.406526 0.453607 0.441469 0.456281 0.462933 0.483808 0.455471 0.562615 0.406526 0.453607 0.397840 0.479518 0.395834 0.579648
93 0.431475 0.364138 0.423995 0.454696 0.441456 0.455940 0.406535 0.453453 0.441456 0.455940 0.462673 0.483780 0.455460 0.562587 0.406535 0.453453 0.397914 0.479810 0.395788 0.579655
94 0.431605 0.364124 0.423959 0.454703 0.441417 0.455905 0.406501 0.453501 0.441417 0.455905 0.463073 0.483840 0.455417 0.562357 0.406501 0.453501 0.397926 0.480039 0.395825 0.579264
95 0.431744 0.364049 0.423855 0.454739 0.441270 0.455938 0.406439 0.453540 0.441270 0.455938 0.462955 0.484158 0.455341 0.562480 0.406439 0.453540 0.398036 0.479697 0.395825 0.579001
96 0.431872 0.364061 0.423606 0.454851 0.441049 0.455955 0.406163 0.453748 0.441049 0.455955 0.462876 0.484312 0.455791 0.564179 0.406163 0.453748 0.398343 0.479525 0.395831 0.579014
97 0.431894 0.364131 0.422990 0.454120 0.440548 0.455004 0.405433 0.453236 0.440548 0.455004 0.462247 0.482769 0.455642 0.564051 0.405433 0.453236 0.398403 0.478982 0.395809 0.578899
98 0.432019 0.364137 0.422553 0.453455 0.440184 0.454371 0.404922 0.452539 0.440184 0.454371 0.462102 0.482012 0.455501 0.563999 0.404922 0.452539 0.398406 0.477974 0.395770 0.578911
99 0.432110 0.364160 0.422135 0.453244 0.439812 0.454142 0.404458 0.452345 0.439812 0.454142 0.461957 0.481831 0.455240 0.563911 0.404458 0.452345 0.398463 0.477906 0.395756 0.578995
100 0.432177 0.364164 0.422279 0.453140 0.440012 0.453911 0.404547 0.452369 0.440012 0.453911 0.461895 0.481297 0.455132 0.563875 0.404547 0.452369 0.398591 0.477881 0.395771 0.579003
101 0.432209 0.364231 0.422609 0.453164 0.440414 0.453935 0.404804 0.452394 0.440414 0.453935 0.461880 0.481335 0.455129 0.563808 0.404804 0.452394 0.398886 0.477385 0.395771 0.578759
102 0.432225 0.364262 0.422957 0.453638 0.440868 0.454407 0.405045 0.452870 0.440868 0.454407 0.461960 0.481513 0.455150 0.564087 0.405045 0.452870 0.399288 0.477262 0.395787 0.579346
103 0.432272 0.364375 0.423915 0.453994 0.441964 0.454704 0.405867 0.453285 0.441964 0.454704 0.462209 0.481879 0.455342 0.564046 0.405867 0.453285 0.399559 0.476443 0.395863 0.579253
104 0.432284 0.364525 0.424196 0.454324 0.442332 0.455087 0.406061 0.453562 0.442332 0.455087 0.462723 0.483728 0.455368 0.564026 0.406061 0.453562 0.399814 0.476454 0.395888 0.579253
105 0.432327 0.364604 0.424290 0.453983 0.442448 0.454666 0.406133 0.453299 0.442448 0.454666 0.462739 0.482942 0.455349 0.564006 0.406133 0.453299 0.399985 0.476256 0.395888 0.579015
106 0.432369 0.364640 0.424256 0.453345 0.442427 0.454001 0.406085 0.452690 0.442427 0.454001 0.462706 0.482377 0.455258 0.564008 0.406085 0.452690 0.400015 0.476401 0.395890 0.579002
107 0.432436 0.364631 0.424249 0.452554 0.442419 0.452942 0.406079 0.452165 0.442419 0.452942 0.462636 0.481964 0.455258 0.563872 0.406079 0.452165 0.400034 0.478017 0.395885 0.579292
108 0.432531 0.364606 0.424194 0.452219 0.442341 0.452597 0.406047 0.451841 0.442341 0.452597 0.462245 0.481937 0.455241 0.563861 0.406047 0.451841 0.400104 0.483148 0.395909 0.579398
109 0.432528 0.364597 0.424112 0.451917 0.442253 0.452284 0.405971 0.451549 0.442253 0.452284 0.462172 0.481931 0.455233 0.561099 0.405971 0.451549 0.400144 0.484062 0.396004 0.579523
110 0.432555 0.364469 0.424121 0.450899 0.442251 0.451242 0.405992 0.450556 0.442251 0.451242 0.462078 0.480756 0.455445 0.560077 0.405992 0.450556 0.400126 0.483705 0.396055 0.579173
111 0.432541 0.364312 0.424085 0.450532 0.442243 0.450833 0.405927 0.450230 0.442243 0.450833 0.461943 0.480230 0.455450 0.559457 0.405927 0.450230 0.400094 0.483395 0.396060 0.579103
112 0.432551 0.364200 0.423960 0.449686 0.442163 0.450020 0.405756 0.449353 0.442163 0.450020 0.461770 0.478393 0.455477 0.559453 0.405756 0.449353 0.400035 0.483033 0.396103 0.579586
113 0.432536 0.363923 0.423672 0.449791 0.441782 0.450136 0.405562 0.449446 0.441782 0.450136 0.461771 0.478562 0.455432 0.559162 0.405562 0.449446 0.400037 0.482299 0.396108 0.579613
114 0.432540 0.363655 0.423556 0.449597 0.441568 0.450026 0.405544 0.449168 0.441568 0.450026 0.461788 0.478682 0.455386 0.559276 0.405544 0.449168 0.400041 0.481617 0.396157 0.579615
115 0.432479 0.363477 0.423472 0.449372 0.441411 0.449741 0.405532 0.449003 0.441411 0.449741 0.462001 0.478801 0.455223 0.559149 0.405532 0.449003 0.400038 0.481505 0.396215 0.579463
116 0.432422 0.363371 0.423449 0.449428 0.441365 0.449813 0.405532 0.449043 0.441365 0.449813 0.462001 0.478889 0.455160 0.559195 0.405532 0.449043 0.399998 0.481468 0.396256 0.579377
117 0.432287 0.363114 0.423405 0.449380 0.441264 0.449712 0.405547 0.449049 0.441264 0.449712 0.461997 0.478931 0.455226 0.559353 0.405547 0.449049 0.399919 0.480931 0.396338 0.579116
118 0.432057 0.362974 0.423135 0.449231 0.440930 0.449529 0.405340 0.448932 0.440930 0.449529 0.461752 0.478957 0.455227 0.559610 0.405340 0.448932 0.399837 0.481056 0.396343 0.579060
119 0.431680 0.362801 0.423008 0.448745 0.440719 0.449196 0.405296 0.448294 0.440719 0.449196 0.461352 0.479051 0.454611 0.560935 0.405296 0.448294 0.399761 0.480950 0.396358 0.578926
120 0.431419 0.362681 0.422653 0.447953 0.440245 0.448673 0.405062 0.447232 0.440245 0.448673 0.461044 0.479086 0.454184 0.563388 0.405062 0.447232 0.399812 0.480641 0.396341 0.578924
121 0.431285 0.362545 0.422561 0.447767 0.440127 0.448525 0.404995 0.447009 0.440127 0.448525 0.460779 0.478939 0.453700 0.564259 0.404995 0.447009 0.399809 0.480035 0.396257 0.578718
122 0.431201 0.362480 0.422456 0.448077 0.440060 0.448896 0.404851 0.447258 0.440060 0.448896 0.460788 0.478541 0.453360 0.564185 0.404851 0.447258 0.399711 0.479244 0.396242 0.578527
123 0.431100 0.362359 0.422453 0.448103 0.440088 0.448921 0.404818 0.447286 0.440088 0.448921 0.460799 0.478485 0.453311 0.565206 0.404818 0.447286 0.399711 0.476751 0.396265 0.578030
124 0.431033 0.362328 0.422442 0.448135 0.440092 0.448975 0.404793 0.447295 0.440092 0.448975 0.460648 0.478484 0.453231 0.565217 0.404793 0.447295 0.399700 0.476922 0.396223 0.578019
125 0.430898 0.362327 0.422641 0.448198 0.440376 0.449069 0.404906 0.447328 0.440376 0.449069 0.460603 0.478172 0.453251 0.566895 0.404906 0.447328 0.399689 0.476608 0.396205 0.577708
126 0.430882 0.362328 0.422974 0.448647 0.440813 0.449539 0.405136 0.447755 0.440813 0.449539 0.460612 0.478199 0.453327 0.568189 0.405136 0.447755 0.399710 0.476571 0.396204 0.577710
127 0.430876 0.362322 0.423275 0.448672 0.441170 0.449568 0.405381 0.447777 0.441170 0.449568 0.460615 0.478213 0.453479 0.567772 0.405381 0.447777 0.399714 0.476625 0.396162 0.577857
128 0.430919 0.362323 0.423558 0.448682 0.441508 0.449573 0.405608 0.447792 0.441508 0.449573 0.460712 0.477732 0.453545 0.567558 0.405608 0.447792 0.399660 0.476142 0.396062 0.577723
129 0.430949 0.362319 0.423847 0.448784 0.441817 0.449659 0.405878 0.447908 0.441817 0.449659 0.460800 0.477239 0.453694 0.566633 0.405878 0.447908 0.399621 0.476109 0.395957 0.577724
130 0.430963 0.362306 0.423878 0.449485 0.441837 0.450265 0.405919 0.448705 0.441837 0.450265 0.461187 0.477233 0.453594 0.564966 0.405919 0.448705 0.399630 0.475882 0.395922 0.577646
131 0.430975 0.362393 0.423993 0.449983 0.441881 0.450414 0.406105 0.449551 0.441881 0.450414 0.460990 0.476390 0.453631 0.564596 0.406105 0.449551 0.399721 0.475898 0.395919 0.577636
132 0.430973 0.362412 0.424054 0.450480 0.441997 0.450857 0.406111 0.450102 0.441997 0.450857 0.464259 0.483012 0.453635 0.564617 0.406111 0.450102 0.399735 0.476926 0.395996 0.577861
133 0.430915 0.362833 0.424453 0.451708 0.442341 0.452361 0.406565 0.451056 0.442341 0.452361 0.463994 0.482453 0.453573 0.564916 0.406565 0.451056 0.399935 0.476928 0.395999 0.578222
134 0.430908 0.363431 0.424686 0.452476 0.442600 0.453275 0.406771 0.451676 0.442600 0.453275 0.463791 0.483574 0.453578 0.566804 0.406771 0.451676 0.400017 0.477260 0.396142 0.578706
135 0.430884 0.363881 0.424686 0.452406 0.442591 0.453189 0.406782 0.451622 0.442591 0.453189 0.463732 0.485035 0.453632 0.567760 0.406782 0.451622 0.400115 0.478914 0.396152 0.579069
136 0.430905 0.364305 0.424712 0.451405 0.442608 0.451844 0.406816 0.450966 0.442608 0.451844 0.463134 0.485375 0.453852 0.568548 0.406816 0.450966 0.400155 0.479806 0.396261 0.579421
137 0.430912 0.365426 0.424645 0.451264 0.442515 0.451588 0.406775 0.450940 0.442515 0.451588 0.462996 0.485854 0.453868 0.568565 0.406775 0.450940 0.400223 0.479765 0.396261 0.579404
138 0.430893 0.366400 0.424596 0.451363 0.442476 0.451582 0.406716 0.451144 0.442476 0.451582 0.462273 0.485485 0.453844 0.568526 0.406716 0.451144 0.400304 0.480435 0.396270 0.579901
139 0.430687 0.366955 0.424646 0.452643 0.442485 0.452657 0.406807 0.452630 0.442485 0.452657 0.461704 0.484733 0.453865 0.568390 0.406807 0.452630 0.400440 0.480234 0.396273 0.579701
140 0.430187 0.367701 0.424610 0.454464 0.442417 0.454123 0.406802 0.454805 0.442417 0.454123 0.461723 0.484502 0.453867 0.567434 0.406802 0.454805 0.400822 0.479875 0.396326 0.579670
141 0.429110 0.368588 0.424343 0.455165 0.441993 0.454425 0.406694 0.455906 0.441993 0.454425 0.461720 0.482184 0.453961 0.564978 0.406694 0.455906 0.401447 0.479490 0.396349 0.580331
142 0.428170 0.368823 0.424157 0.458221 0.441772 0.457496 0.406541 0.458946 0.441772 0.457496 0.461728 0.482108 0.453966 0.563536 0.406541 0.458946 0.401602 0.478242 0.396372 0.580468
143 0.427758 0.368901 0.424115 0.459165 0.441740 0.459106 0.406489 0.459223 0.441740 0.459106 0.462001 0.480703 0.453982 0.562133 0.406489 0.459223 0.401807 0.475460 0.396419 0.580531
144 0.427581 0.368963 0.424056 0.458690 0.441631 0.458712 0.406482 0.458667 0.441631 0.458712 0.461997 0.479204 0.453984 0.562290 0.406482 0.458667 0.402098 0.472713 0.396473 0.580515
145 0.427627 0.368986 0.424242 0.458781 0.441808 0.458925 0.406676 0.458637 0.441808 0.458925 0.461955 0.480326 0.453982 0.563855 0.406676 0.458637 0.402667 0.472389 0.396470 0.580443
146 0.427655 0.368872 0.424141 0.459277 0.441627 0.459444 0.406655 0.459109 0.441627 0.459444 0.461856 0.478722 0.453949 0.563878 0.406655 0.459109 0.402768 0.471800 0.396471 0.580169
147 0.427577 0.368777 0.424095 0.457955 0.441564 0.457937 0.406626 0.457973 0.441564 0.457937 0.461853 0.476712 0.453991 0.563799 0.406626 0.457973 0.402734 0.471988 0.396200 0.579993
148 0.427263 0.369143 0.423598 0.457821 0.441163 0.457792 0.406033 0.457851 0.441163 0.457792 0.461850 0.474241 0.454167 0.563800 0.406033 0.457851 0.402719 0.472058 0.396198 0.579959
149 0.427050 0.369734 0.422652 0.458145 0.440375 0.458284 0.404928 0.458007 0.440375 0.458284 0.461400 0.474798 0.454146 0.565030 0.404928 0.458007 0.402690 0.471987 0.396271 0.580379
150 0.427164 0.370955 0.421703 0.459030 0.439276 0.459140 0.404131 0.458920 0.439276 0.459140 0.461656 0.475029 0.454108 0.565019 0.404131 0.458920 0.402716 0.471551 0.396271 0.580413
151 0.427326 0.371890 0.421191 0.459528 0.438766 0.459740 0.403615 0.459317 0.438766 0.459740 0.461669 0.474897 0.454098 0.564883 0.403615 0.459317 0.402624 0.471687 0.396192 0.580284
152 0.427627 0.373507 0.420318 0.460836 0.437439 0.461262 0.403197 0.460410 0.437439 0.461262 0.461705 0.474446 0.454063 0.563791 0.403197 0.460410 0.402516 0.471791 0.396184 0.580500
153 0.427923 0.374540 0.419395 0.461618 0.436002 0.462103 0.402788 0.461133 0.436002 0.462103 0.461492 0.474659 0.453989 0.563583 0.402788 0.461133 0.402511 0.472878 0.395897 0.580510
154 0.428261 0.375667 0.418835 0.462543 0.435216 0.463131 0.402453 0.461954 0.435216 0.463131 0.461881 0.473341 0.453988 0.563298 0.402453 0.461954 0.402381 0.472724 0.395874 0.580575
155 0.429067 0.378289 0.419041 0.463246 0.435662 0.464150 0.402420 0.462341 0.435662 0.464150 0.461818 0.472123 0.453424 0.563295 0.402420 0.462341 0.401597 0.473015 0.395924 0.581053
156 0.429701 0.381100 0.419132 0.464728 0.435762 0.466041 0.402501 0.463414 0.435762 0.466041 0.462462 0.472340 0.453292 0.566110 0.402501 0.463414 0.401157 0.472956 0.397774 0.580761
157 0.430078 0.384780 0.417807 0.464572 0.433453 0.465636 0.402161 0.463509 0.433453 0.465636 0.462189 0.472907 0.453294 0.565963 0.402161 0.463509 0.401135 0.473264 0.399812 0.580745
158 0.431028 0.389139 0.417990 0.465099 0.433762 0.465894 0.402217 0.464304 0.433762 0.465894 0.462207 0.474524 0.453474 0.565524 0.402217 0.464304 0.401154 0.473871 0.401609 0.579085
159 0.431591 0.393300 0.418059 0.463308 0.433860 0.462501 0.402258 0.464114 0.433860 0.462501 0.462602 0.476053 0.458592 0.567074 0.402258 0.464114 0.400991 0.475023 0.403592 0.577440
160 0.434410 0.399030 0.418477 0.463912 0.434224 0.463016 0.402729 0.464809 0.434224 0.463016 0.462751 0.476043 0.458481 0.567302 0.402729 0.464809 0.400975 0.477464 0.404960 0.575791
161 0.436839 0.404717 0.420771 0.449810 0.436333 0.446070 0.405209 0.453550 0.436333 0.446070 0.462454 0.478085 0.460323 0.567048 0.405209 0.453550 0.401186 0.481474 0.406423 0.572612
162 0.439891 0.411181 0.422066 0.444322 0.437357 0.442270 0.406774 0.446374 0.437357 0.442270 0.461881 0.479128 0.456545 0.567237 0.406774 0.446374 0.401183 0.491924 0.406443 0.573483
163 0.441373 0.413131 0.428571 0.447887 0.446157 0.447320 0.410984 0.448455 0.446157 0.447320 0.464678 0.490354 0.459172 0.568568 0.410984 0.448455 0.401885 0.496840 0.406620 0.573592
164 0.442106 0.413011 0.428440 0.450040 0.445923 0.449997 0.410957 0.450083 0.445923 0.449997 0.466534 0.487269 0.460209 0.568877 0.410957 0.450083 0.403633 0.494618 0.407319 0.573955
165 0.441102 0.414577 0.428268 0.446573 0.446173 0.447436 0.410362 0.445710 0.446173 0.447436 0.465988 0.485590 0.462041 0.568728 0.410362 0.445710 0.407244 0.497313 0.407376 0.574290
166 0.442601 0.417067 0.428458 0.446033 0.446657 0.446985 0.410260 0.445081 0.446657 0.446985 0.465804 0.490394 0.462300 0.568806 0.410260 0.445081 0.406324 0.501137 0.407399 0.574341
167 0.443330 0.416867 0.428849 0.443460 0.447395 0.445960 0.410303 0.440960 0.447395 0.445960 0.462547 0.492940 0.461670 0.564946 0.410303 0.440960 0.406053 0.502864 0.407155 0.574245
168 0.443068 0.415827 0.428606 0.439285 0.446877 0.442517 0.410335 0.436054 0.446877 0.442517 0.461378 0.496703 0.461388 0.565055 0.410335 0.436054 0.405648 0.500834 0.407320 0.573213
169 0.442442 0.413739 0.428229 0.435459 0.446206 0.438172 0.410252 0.432745 0.446206 0.438172 0.459856 0.493775 0.461137 0.564687 0.410252 0.432745 0.408890 0.501200 0.407306 0.573425
170 0.442748 0.412508 0.428852 0.432256 0.447646 0.434546 0.410058 0.429966 0.447646 0.434546 0.460700 0.496277 0.463180 0.564752 0.410058 0.429966 0.409214 0.501412 0.407362 0.571480
171 0.441783 0.407362 0.428810 0.427116 0.447623 0.426806 0.409996 0.427425 0.447623 0.426806 0.460495 0.494466 0.464016 0.567130 0.409996 0.427425 0.410721 0.500906 0.407365 0.571840
172 0.440710 0.403689 0.428526 0.418341 0.447171 0.417135 0.409880 0.419548 0.447171 0.417135 0.459087 0.490893 0.465552 0.567750 0.409880 0.419548 0.413107 0.500777 0.407762 0.571358
173 0.438051 0.390671 0.427302 0.413367 0.444750 0.410303 0.409854 0.416431 0.444750 0.410303 0.458896 0.482277 0.464784 0.564600 0.409854 0.416431 0.415905 0.497029 0.407768 0.571359
174 0.438575 0.385282 0.427552 0.408217 0.444721 0.405670 0.410384 0.410764 0.444721 0.405670 0.459619 0.482710 0.460226 0.564577 0.410384 0.410764 0.414960 0.494268 0.407752 0.571166
175 0.436502 0.380142 0.425988 0.400862 0.443542 0.399906 0.408434 0.401818 0.443542 0.399906 0.458782 0.482645 0.457856 0.564675 0.408434 0.401818 0.414390 0.489768 0.407903 0.571292
176 0.435801 0.372794 0.424535 0.397656 0.442067 0.395832 0.407002 0.399480 0.442067 0.395832 0.458439 0.478894 0.460185 0.564744 0.407002 0.399480 0.413682 0.489042 0.407869 0.571377
177 0.435200 0.365421 0.423657 0.398218 0.441238 0.395631 0.406075 0.400805 0.441238 0.395631 0.458299 0.478654 0.462781 0.564686 0.406075 0.400805 0.413250 0.487721 0.408044 0.572192
178 0.434343 0.360312 0.423385 0.393905 0.441594 0.392340 0.405176 0.395471 0.441594 0.392340 0.457234 0.475945 0.463954 0.562848 0.405176 0.395471 0.413470 0.482393 0.408161 0.571680
179 0.433476 0.351924 0.422541 0.392980 0.439746 0.388079 0.405336 0.397881 0.439746 0.388079 0.457462 0.470993 0.465668 0.560813 0.405336 0.397881 0.413452 0.480125 0.408149 0.572037
180 0.433553 0.340602 0.422570 0.394987 0.439764 0.390334 0.405375 0.399641 0.439764 0.390334 0.456281 0.473361 0.456654 0.560869 0.405375 0.399641 0.413294 0.482257 0.408179 0.572427
181 0.433608 0.336379 0.422331 0.388434 0.439179 0.384239 0.405483 0.392629 0.439179 0.384239 0.454912 0.474744 0.454362 0.560798 0.405483 0.392629 0.412560 0.481355 0.408175 0.568681
182 0.433082 0.328951 0.421937 0.385183 0.438277 0.379563 0.405597 0.390804 0.438277 0.379563 0.451528 0.474389 0.452803 0.559512 0.405597 0.390804 0.410484 0.482409 0.407791 0.567511
183 0.433062 0.312267 0.421991 0.387115 0.438348 0.382847 0.405635 0.391384 0.438348 0.382847 0.449141 0.474080 0.450583 0.559361 0.405635 0.391384 0.411074 0.477869 0.407577 0.566171
184 0.432727 0.303442 0.421785 0.387551 0.438305 0.384132 0.405265 0.390970 0.438305 0.384132 0.448704 0.476110 0.450125 0.561654 0.405265 0.390970 0.411078 0.479146 0.407036 0.566712
185 0.432672 0.296208 0.421194 0.386762 0.437541 0.383590 0.404846 0.389935 0.437541 0.383590 0.448798 0.478080 0.449903 0.563570 0.404846 0.389935 0.411082 0.479434 0.406876 0.566870
186 0.432125 0.286536 0.420888 0.386386 0.437246 0.383157 0.404530 0.389615 0.437246 0.383157 0.448299 0.480184 0.448780 0.563596 0.404530 0.389615 0.410399 0.479990 0.406717 0.567169
187 0.431670 0.276852 0.420436 0.384556 0.437405 0.381361 0.403468 0.387751 0.437405 0.381361 0.447587 0.481915 0.449092 0.563136 0.403468 0.387751 0.409733 0.482843 0.406720 0.568367
188 0.431792 0.271933 0.420288 0.384740 0.437516 0.382419 0.403061 0.387061 0.437516 0.382419 0.448119 0.483512 0.449815 0.565206 0.403061 0.387061 0.409530 0.485346 0.408553 0.570517
189 0.432255 0.264528 0.420440 0.381892 0.437750 0.380492 0.403129 0.383292 0.437750 0.380492 0.448562 0.483223 0.450085 0.567851 0.403129 0.383292 0.409275 0.485681 0.408534 0.570616
190 0.433234 0.259839 0.420895 0.379625 0.438533 0.378587 0.403256 0.380663 0.438533 0.378587 0.448637 0.483107 0.450207 0.570657 0.403256 0.380663 0.409391 0.487852 0.408906 0.570661
191 0.434102 0.254341 0.422791 0.379810 0.441101 0.378944 0.404482 0.380677 0.441101 0.378944 0.449144 0.485427 0.449795 0.577880 0.404482 0.380677 0.410236 0.491116 0.408947 0.572446
192 0.436093 0.250496 0.426455 0.378548 0.445263 0.378300 0.407646 0.378796 0.445263 0.378300 0.452123 0.488004 0.451230 0.587220 0.407646 0.378796 0.411841 0.491259 0.409070 0.573018
193 0.437644 0.246541 0.429515 0.378535 0.448739 0.378585 0.410291 0.378485 0.448739 0.378585 0.454377 0.491426 0.454855 0.596109 0.410291 0.378485 0.412149 0.490974 0.409050 0.574464
194 0.439720 0.243761 0.432215 0.379252 0.451199 0.379167 0.413232 0.379337 0.451199 0.379167 0.456234 0.493280 0.458972 0.599137 0.413232 0.379337 0.412342 0.491017 0.408820 0.575878
195 0.442437 0.242079 0.434434 0.380791 0.453232 0.381481 0.415637 0.380100 0.453232 0.381481 0.457383 0.496087 0.463727 0.603349 0.415637 0.380100 0.412452 0.491675 0.408586 0.576338
196 0.446146 0.242523 0.437325 0.384790 0.456025 0.386556 0.418626 0.383023 0.456025 0.386556 0.458464 0.499625 0.468752 0.609762 0.418626 0.383023 0.412819 0.493348 0.408272 0.576736
197 0.449307 0.244679 0.439931 0.386659 0.458970 0.388723 0.420892 0.384595 0.458970 0.388723 0.460526 0.501612 0.468735 0.611672 0.420892 0.384595 0.413402 0.494253 0.408032 0.576549
198 0.452490 0.246109 0.443205 0.387553 0.461966 0.389945 0.424444 0.385162 0.461966 0.389945 0.463751 0.503865 0.473038 0.614201 0.424444 0.385162 0.415473 0.493931 0.408049 0.572574
199 0.456128 0.245581 0.447587 0.388169 0.466014 0.390953 0.429159 0.385384 0.466014 0.390953 0.467326 0.504133 0.471922 0.614880 0.429159 0.385384 0.418107 0.493932 0.407981 0.572503
200 0.460093 0.244550 0.451731 0.390120 0.469506 0.393399 0.433956 0.386842 0.469506 0.393399 0.470360 0.506093 0.474338 0.614632 0.433956 0.386842 0.422467 0.493778 0.408000 0.570060
201 0.463876 0.244095 0.455189 0.392609 0.473595 0.396139 0.436783 0.389079 0.473595 0.396139 0.472017 0.507856 0.473001 0.614072 0.436783 0.389079 0.425287 0.497481 0.407879 0.570051
202 0.467774 0.244442 0.458895 0.394679 0.477490 0.398204 0.440300 0.391153 0.477490 0.398204 0.474000 0.508731 0.471881 0.613094 0.440300 0.391153 0.428365 0.500470 0.408289 0.569490
203 0.471369 0.244766 0.462146 0.397032 0.480736 0.400770 0.443557 0.393294 0.480736 0.400770 0.474141 0.510646 0.471447 0.615761 0.443557 0.393294 0.432074 0.503432 0.410241 0.568017
204 0.474552 0.245684 0.464040 0.399939 0.481883 0.403854 0.446196 0.396024 0.481883 0.403854 0.474429 0.513358 0.471618 0.618773 0.446196 0.396024 0.438764 0.505737 0.413312 0.568229
205 0.477250 0.246258 0.466863 0.401907 0.485209 0.405783 0.448516 0.398031 0.485209 0.405783 0.475717 0.517370 0.471537 0.618662 0.448516 0.398031 0.442947 0.508565 0.416456 0.569218
206 0.480125 0.246934 0.470710 0.403471 0.489101 0.406584 0.452319 0.400357 0.489101 0.406584 0.478717 0.519078 0.471961 0.619687 0.452319 0.400357 0.449120 0.513313 0.422098 0.580043
207 0.482799 0.247388 0.473274 0.403846 0.491823 0.406576 0.454724 0.401117 0.491823 0.406576 0.479851 0.519333 0.471915 0.619847 0.454724 0.401117 0.455235 0.516234 0.432390 0.591169
208 0.485305 0.247767 0.477046 0.403602 0.495562 0.405923 0.458530 0.401281 0.495562 0.405923 0.483532 0.519822 0.472382 0.618895 0.458530 0.401281 0.463006 0.517570 0.439968 0.599322
209 0.487531 0.249095 0.479716 0.404764 0.497916 0.406619 0.461517 0.402909 0.497916 0.406619 0.486566 0.520285 0.474326 0.618710 0.461517 0.402909 0.468475 0.518853 0.446324 0.610071
210 0.489493 0.250450 0.480809 0.405605 0.498703 0.406908 0.462915 0.404301 0.498703 0.406908 0.487591 0.519330 0.476227 0.617059 0.462915 0.404301 0.473641 0.519048 0.454470 0.619486
211 0.491335 0.252355 0.482709 0.406173 0.500220 0.407164 0.465199 0.405183 0.500220 0.407164 0.489796 0.516236 0.477936 0.600465 0.465199 0.405183 0.478748 0.518631 0.465594 0.624150
212 0.493208 0.254081 0.484852 0.406774 0.501858 0.407432 0.467847 0.406116 0.501858 0.407432 0.489790 0.515374 0.477214 0.600076 0.467847 0.406116 0.482659 0.518858 0.471656 0.627380
213 0.495483 0.255433 0.487405 0.408431 0.504363 0.408812 0.470446 0.408050 0.504363 0.408812 0.489799 0.515590 0.473468 0.601872 0.470446 0.408050 0.487373 0.520462 0.483956 0.636966
214 0.498029 0.256307 0.489513 0.409362 0.505280 0.409689 0.473746 0.409036 0.505280 0.409689 0.488982 0.515547 0.470383 0.602185 0.473746 0.409036 0.494032 0.521800 0.491357 0.646187
215 0.500497 0.257167 0.491984 0.411260 0.507404 0.411376 0.476563 0.411143 0.507404 0.411376 0.488725 0.516227 0.469408 0.603602 0.476563 0.411143 0.497454 0.524828 0.500684 0.654543
216 0.503013 0.259110 0.495757 0.414122 0.511257 0.413761 0.480258 0.414484 0.511257 0.413761 0.489343 0.516472 0.469228 0.604136 0.480258 0.414484 0.502318 0.527150 0.507016 0.655597
217 0.506065 0.261033 0.499509 0.419037 0.514696 0.418528 0.484323 0.419547 0.514696 0.418528 0.489976 0.519239 0.469263 0.604828 0.484323 0.419547 0.506536 0.531026 0.510913 0.657649
218 0.509570 0.262820 0.501310 0.419482 0.514992 0.419139 0.487628 0.419826 0.514992 0.419139 0.490797 0.520932 0.469347 0.607318 0.487628 0.419826 0.509055 0.532489 0.512628 0.658874
219 0.512668 0.264199 0.504334 0.421738 0.516805 0.420865 0.491863 0.422611 0.516805 0.420865 0.492459 0.525555 0.469369 0.611575 0.491863 0.422611 0.514295 0.536226 0.513688 0.659971
220 0.515813 0.266132 0.507790 0.422273 0.520973 0.422103 0.494606 0.422443 0.520973 0.422103 0.497614 0.528104 0.469851 0.614561 0.494606 0.422443 0.516943 0.535323 0.512497 0.656439
221 0.518896 0.269039 0.509549 0.424896 0.523927 0.425745 0.495172 0.424048 0.523927 0.425745 0.502955 0.531428 0.471099 0.614553 0.495172 0.424048 0.519013 0.538200 0.510592 0.655047
222 0.521667 0.272362 0.511773 0.427569 0.527864 0.429503 0.495682 0.425634 0.527864 0.429503 0.513271 0.536574 0.475217 0.615056 0.495682 0.425634 0.519104 0.540715 0.506843 0.653000
223 0.525407 0.275549 0.515726 0.432050 0.533488 0.434136 0.497964 0.429965 0.533488 0.434136 0.525146 0.539711 0.486216 0.623806 0.497964 0.429965 0.518623 0.544847 0.498243 0.629540
224 0.529236 0.277948 0.519203 0.434645 0.537536 0.437082 0.500870 0.432208 0.537536 0.437082 0.532157 0.542598 0.503781 0.647482 0.500870 0.432208 0.521477 0.545221 0.491433 0.608721
225 0.532849 0.281713 0.523466 0.441229 0.541771 0.443621 0.505161 0.438836 0.541771 0.443621 0.535803 0.547183 0.508604 0.654687 0.505161 0.438836 0.524734 0.552153 0.490791 0.606350
226 0.536797 0.286746 0.529415 0.449915 0.546205 0.451527 0.512625 0.448303 0.546205 0.451527 0.539456 0.553982 0.512001 0.655744 0.512625 0.448303 0.528150 0.557705 0.490965 0.604727
227 0.540566 0.291726 0.534019 0.459782 0.548973 0.460548 0.519065 0.459016 0.548973 0.460548 0.543187 0.560132 0.512708 0.657574 0.519065 0.459016 0.529634 0.565283 0.491319 0.610992
228 0.543918 0.296382 0.540403 0.465349 0.554796 0.465231 0.526011 0.465467 0.554796 0.465231 0.548500 0.567658 0.513597 0.659878 0.526011 0.465467 0.531907 0.566382 0.492180 0.610565
229 0.547854 0.302961 0.545803 0.472574 0.560297 0.472464 0.531309 0.472685 0.560297 0.472464 0.550157 0.575333 0.512752 0.655588 0.531309 0.472685 0.529021 0.562252 0.497210 0.613697
230 0.551366 0.310302 0.551533 0.482397 0.565871 0.481000 0.537194 0.483794 0.565871 0.481000 0.558069 0.580406 0.514533 0.646678 0.537194 0.483794 0.537026 0.582027 0.507850 0.646092
231 0.556673 0.318623 0.558646 0.494367 0.572457 0.492724 0.544836 0.496010 0.572457 0.492724 0.567271 0.585355 0.524914 0.646173 0.544836 0.496010 0.541158 0.591149 0.511029 0.667529
232 0.562436 0.324717 0.565098 0.496741 0.579162 0.495286 0.551034 0.498197 0.579162 0.495286 0.585841 0.589895 0.524161 0.645957 0.551034 0.498197 0.556132 0.601620 0.512601 0.669762
233 0.567080 0.333667 0.576167 0.504415 0.590153 0.500327 0.562181 0.508502 0.590153 0.500327 0.613356 0.591934 0.551361 0.642510 0.562181 0.508502 0.570092 0.615886 0.515844 0.665974
234 0.574012 0.340085 0.583029 0.510058 0.596911 0.506339 0.569147 0.513777 0.596911 0.506339 0.638454 0.588142 0.573618 0.644880 0.569147 0.513777 0.585435 0.629320 0.525250 0.665176
235 0.580588 0.353125 0.588576 0.520983 0.602630 0.515849 0.574522 0.526117 0.602630 0.515849 0.666061 0.584755 0.609984 0.648118 0.574522 0.526117 0.607929 0.645985 0.531886 0.661234
236 0.585216 0.369739 0.597737 0.539272 0.610989 0.534277 0.584484 0.544266 0.610989 0.534277 0.676782 0.583371 0.636759 0.681602 0.584484 0.544266 0.626949 0.670713 0.542836 0.665987
237 0.589996 0.392428 0.603665 0.561090 0.613892 0.555603 0.593437 0.566576 0.613892 0.555603 0.686902 0.589108 0.665514 0.704081 0.593437 0.566576 0.638021 0.693182 0.550517 0.689768
238 0.593621 0.417414 0.609494 0.583897 0.621392 0.575432 0.597597 0.592362 0.621392 0.575432 0.696865 0.600705 0.671570 0.701310 0.597597 0.592362 0.658078 0.718621 0.564070 0.710284
239 0.594503 0.443431 0.610242 0.612422 0.620233 0.601432 0.600251 0.623412 0.620233 0.601432 0.704329 0.606931 0.673532 0.706618 0.600251 0.623412 0.672281 0.733481 0.580762 0.712653
240 0.596837 0.474962 0.610827 0.648343 0.620652 0.634688 0.601001 0.661997 0.620652 0.634688 0.708492 0.622459 0.668984 0.711394 0.601001 0.661997 0.683506 0.747383 0.605816 0.715814
241 0.598525 0.504817 0.610668 0.663228 0.616289 0.648179 0.605047 0.678276 0.616289 0.648179 0.702185 0.633930 0.682099 0.719890 0.605047 0.678276 0.697003 0.711560 0.646114 0.737141
242 0.598023 0.537070 0.614691 0.693646 0.619078 0.675107 0.610303 0.712186 0.619078 0.675107 0.698790 0.653182 0.680911 0.733859 0.610303 0.712186 0.711958 0.720840 0.675612 0.750821
243 0.594892 0.575765 0.613304 0.723252 0.619005 0.701787 0.607603 0.744717 0.619005 0.701787 0.700166 0.672526 0.674173 0.730109 0.607603 0.744717 0.706712 0.745584 0.675935 0.747073
244 0.594574 0.608128 0.612895 0.750945 0.617076 0.729068 0.608713 0.772822 0.617076 0.729068 0.704423 0.681025 0.672468 0.736752 0.608713 0.772822 0.708083 0.777028 0.641373 0.804554
245 0.589977 0.640364 0.609598 0.777393 0.615412 0.754887 0.603785 0.799900 0.615412 0.754887 0.689859 0.684318 0.670820 0.731628 0.603785 0.799900 0.708269 0.774093 0.660368 0.785200
246 0.574002 0.671669 0.602984 0.780251 0.604539 0.756470 0.601430 0.804032 0.604539 0.756470 0.669468 0.695369 0.697833 0.732777 0.601430 0.804032 0.687438 0.785810 0.679610 0.788809
247 0.562445 0.692168 0.585025 0.782149 0.593165 0.751639 0.576886 0.812658 0.593165 0.751639 0.655034 0.689254 0.725979 0.730121 0.576886 0.812658 0.648691 0.766479 0.708670 0.782300
248 0.559772 0.706331 0.579516 0.791229 0.595629 0.762447 0.563403 0.820011 0.595629 0.762447 0.649611 0.694762 0.701669 0.731612 0.563403 0.820011 0.609965 0.766940 0.672567 0.786738
249 0.574857 0.726659 0.590652 0.760100 0.615641 0.739181 0.565663 0.781018 0.615641 0.739181 0.674319 0.725021 0.696067 0.727567 0.565663 0.781018 0.624954 0.785134 0.661180 0.785789
250 -1 -1 -1 -1 -1 -1 -1 -1 -1 -1 -1 -1 -1 -1 -1 -1 -1 -1 -1 -1
251 -1 -1 -1 -1 -1 -1 -1 -1 -1 -1 -1 -1 -1 -1 -1 -1 -1 -1 -1 -1
252 -1 -1 -1 -1 -1 -1 -1 -1 -1 -1 -1 -1 -1 -1 -1 -1 -1 -1 -1 -1
253 -1 -1 -1 -1 -1 -1 -1 -1 -1 -1 -1 -1 -1 -1 -1 -1 -1 -1 -1 -1
254 -1 -1 -1 -1 -1 -1 -1 -1 -1 -1 -1 -1 -1 -1 -1 -1 -1 -1 -1 -1
255 -1 -1 -1 -1 -1 -1 -1 -1 -1 -1 -1 -1 -1 -1 -1 -1 -1 -1 -1 -1
256 -1 -1 -1 -1 -1 -1 -1 -1 -1 -1 -1 -1 -1 -1 -1 -1 -1 -1 -1 -1
257 -1 -1 -1 -1 -1 -1 -1 -1 -1 -1 -1 -1 -1 -1 -1 -1 -1 -1 -1 -1
258 -1 -1 -1 -1 -1 -1 -1 -1 -1 -1 -1 -1 -1 -1 -1 -1 -1 -1 -1 -1
259 -1 -1 -1 -1 -1 -1 -1 -1 -1 -1 -1 -1 -1 -1 -1 -1 -1 -1 -1 -1
260 -1 -1 -1 -1 -1 -1 -1 -1 -1 -1 -1 -1 -1 -1 -1 -1 -1 -1 -1 -1
261 -1 -1 -1 -1 -1 -1 -1 -1 -1 -1 -1 -1 -1 -1 -1 -1 -1 -1 -1 -1
262 -1 -1 -1 -1 -1 -1 -1 -1 -1 -1 -1 -1 -1 -1 -1 -1 -1 -1 -1 -1
263 -1 -1 -1 -1 -1 -1 -1 -1 -1 -1 -1 -1 -1 -1 -1 -1 -1 -1 -1 -1
264 -1 -1 -1 -1 -1 -1 -1 -1 -1 -1 -1 -1 -1 -1 -1 -1 -1 -1 -1 -1
265 -1 -1 -1 -1 -1 -1 -1 -1 -1 -1 -1 -1 -1 -1 -1 -1 -1 -1 -1 -1
266 -1 -1 -1 -1 -1 -1 -1 -1 -1 -1 -1 -1 -1 -1 -1 -1 -1 -1 -1 -1
267 -1 -1 -1 -1 -1 -1 -1 -1 -1 -1 -1 -1 -1 -1 -1 -1 -1 -1 -1 -1
268 -1 -1 -1 -1 -1 -1 -1 -1 -1 -1 -1 -1 -1 -1 -1 -1 -1 -1 -1 -1
269 -1 -1 -1 -1 -1 -1 -1 -1 -1 -1 -1 -1 -1 -1 -1 -1 -1 -1 -1 -1
270 -1 -1 -1 -1 -1 -1 -1 -1 -1 -1 -1 -1 -1 -1 -1 -1 -1 -1 -1 -1
271 -1 -1 -1 -1 -1 -1 -1 -1 -1 -1 -1 -1 -1 -1 -1 -1 -1 -1 -1 -1
272 -1 -1 -1 -1 -1 -1 -1 -1 -1 -1 -1 -1 -1 -1 -1 -1 -1 -1 -1 -1
273 -1 -1 -1 -1 -1 -1 -1 -1 -1 -1 -1 -1 -1 -1 -1 -1 -1 -1 -1 -1
274 -1 -1 -1 -1 -1 -1 -1 -1 -1 -1 -1 -1 -1 -1 -1 -1 -1 -1 -1 -1
275 -1 -1 -1 -1 -1 -1 -1 -1 -1 -1 -1 -1 -1 -1 -1 -1 -1 -1 -1 -1
276 -1 -1 -1 -1 -1 -1 -1 -1 -1 -1 -1 -1 -1 -1 -1 -1 -1 -1 -1 -1
277 -1 -1 -1 -1 -1 -1 -1 -1 -1 -1 -1 -1 -1 -1 -1 -1 -1 -1 -1 -1
278 -1 -1 -1 -1 -1 -1 -1 -1 -1 -1 -1 -1 -1 -1 -1 -1 -1 -1 -1 -1
279 -1 -1 -1 -1 -1 -1 -1 -1 -1 -1 -1 -1 -1 -1 -1 -1 -1 -1 -1 -1
280 -1 -1 -1 -1 -1 -1 -1 -1 -1 -1 -1 -1 -1 -1 -1 -1 -1 -1 -1 -1
281 -1 -1 -1 -1 -1 -1 -1 -1 -1 -1 -1 -1 -1 -1 -1 -1 -1 -1 -1 -1
282 -1 -1 -1 -1 -1 -1 -1 -1 -1 -1 -1 -1 -1 -1 -1 -1 -1 -1 -1 -1
283 -1 -1 -1 -1 -1 -1 -1 -1 -1 -1 -1 -1 -1 -1 -1 -1 -1 -1 -1 -1
284 -1 -1 -1 -1 -1 -1 -1 -1 -1 -1 -1 -1 -1 -1 -1 -1 -1 -1 -1 -1
285 -1 -1 -1 -1 -1 -1 -1 -1 -1 -1 -1 -1 -1 -1 -1 -1 -1 -1 -1 -1
286 -1 -1 -1 -1 -1 -1 -1 -1 -1 -1 -1 -1 -1 -1 -1 -1 -1 -1 -1 -1
287 -1 -1 -1 -1 -1 -1 -1 -1 -1 -1 -1 -1 -1 -1 -1 -1 -1 -1 -1 -1
288 -1 -1 -1 -1 -1 -1 -1 -1 -1 -1 -1 -1 -1 -1 -1 -1 -1 -1 -1 -1
289 -1 -1 -1 -1 -1 -1 -1 -1 -1 -1 -1 -1 -1 -1 -1 -1 -1 -1 -1 -1
290 -1 -1 -1 -1 -1 -1 -1 -1 -1 -1 -1 -1 -1 -1 -1 -1 -1 -1 -1 -1
291 -1 -1 -1 -1 -1 -1 -1 -1 -1 -1 -1 -1 -1 -1 -1 -1 -1 -1 -1 -1
292 -1 -1 -1 -1 -1 -1 -1 -1 -1 -1 -1 -1 -1 -1 -1 -1 -1 -1 -1 -1
293 -1 -1 -1 -1 -1 -1 -1 -1 -1 -1 -1 -1 -1 -1 -1 -1 -1 -1 -1 -1
294 -1 -1 -1 -1 -1 -1 -1 -1 -1 -1 -1 -1 -1 -1 -1 -1 -1 -1 -1 -1
295 -1 -1 -1 -1 -1 -1 -1 -1 -1 -1 -1 -1 -1 -1 -1 -1 -1 -1 -1 -1
296 -1 -1 -1 -1 -1 -1 -1 -1 -1 -1 -1 -1 -1 -1 -1 -1 -1 -1 -1 -1
297 -1 -1 -1 -1 -1 -1 -1 -1 -1 -1 -1 -1 -1 -1 -1 -1 -1 -1 -1 -1
298 -1 -1 -1 -1 -1 -1 -1 -1 -1 -1 -1 -1 -1 -1 -1 -1 -1 -1 -1 -1
299 -1 -1 -1 -1 -1 -1 -1 -1 -1 -1 -1 -1 -1 -1 -1 -1 -1 -1 -1 -1
300 -1 -1 -1 -1 -1 -1 -1 -1 -1 -1 -1 -1 -1 -1 -1 -1 -1 -1 -1 -1
301 -1 -1 -1 -1 -1 -1 -1 -1 -1 -1 -1 -1 -1 -1 -1 -1 -1 -1 -1 -1
302 -1 -1 -1 -1 -1 -1 -1 -1 -1 -1 -1 -1 -1 -1 -1 -1 -1 -1 -1 -1
303 -1 -1 -1 -1 -1 -1 -1 -1 -1 -1 -1 -1 -1 -1 -1 -1 -1 -1 -1 -1
304 -1 -1 -1 -1 -1 -1 -1 -1 -1 -1 -1 -1 -1 -1 -1 -1 -1 -1 -1 -1
305 -1 -1 -1 -1 -1 -1 -1 -1 -1 -1 -1 -1 -1 -1 -1 -1 -1 -1 -1 -1
306 -1 -1 -1 -1 -1 -1 -1 -1 -1 -1 -1 -1 -1 -1 -1 -1 -1 -1 -1 -1
307 -1 -1 -1 -1 -1 -1 -1 -1 -1 -1 -1 -1 -1 -1 -1 -1 -1 -1 -1 -1
308 -1 -1 -1 -1 -1 -1 -1 -1 -1 -1 -1 -1 -1 -1 -1 -1 -1 -1 -1 -1
309 -1 -1 -1 -1 -1 -1 -1 -1 -1 -1 -1 -1 -1 -1 -1 -1 -1 -1 -1 -1
310 -1 -1 -1 -1 -1 -1 -1 -1 -1 -1 -1 -1 -1 -1 -1 -1 -1 -1 -1 -1
311 -1 -1 -1 -1 -1 -1 -1 -1 -1 -1 -1 -1 -1 -1 -1 -1 -1 -1 -1 -1
312 -1 -1 -1 -1 -1 -1 -1 -1 -1 -1 -1 -1 -1 -1 -1 -1 -1 -1 -1 -1
313 -1 -1 -1 -1 -1 -1 -1 -1 -1 -1 -1 -1 -1 -1 -1 -1 -1 -1 -1 -1
314 -1 -1 -1 -1 -1 -1 -1 -1 -1 -1 -1 -1 -1 -1 -1 -1 -1 -1 -1 -1
315 -1 -1 -1 -1 -1 -1 -1 -1 -1 -1 -1 -1 -1 -1 -1 -1 -1 -1 -1 -1
316 -1 -1 -1 -1 -1 -1 -1 -1 -1 -1 -1 -1 -1 -1 -1 -1 -1 -1 -1 -1
317 -1 -1 -1 -1 -1 -1 -1 -1 -1 -1 -1 -1 -1 -1 -1 -1 -1 -1 -1 -1
318 -1 -1 -1 -1 -1 -1 -1 -1 -1 -1 -1 -1 -1 -1 -1 -1 -1 -1 -1 -1
319 -1 -1 -1 -1 -1 -1 -1 -1 -1 -1 -1 -1 -1 -1 -1 -1 -1 -1 -1 -1
320 -1 -1 -1 -1 -1 -1 -1 -1 -1 -1 -1 -1 -1 -1 -1 -1 -1 -1 -1 -1
321 -1 -1 -1 -1 -1 -1 -1 -1 -1 -1 -1 -1 -1 -1 -1 -1 -1 -1 -1 -1
322 -1 -1 -1 -1 -1 -1 -1 -1 -1 -1 -1 -1 -1 -1 -1 -1 -1 -1 -1 -1
323 -1 -1 -1 -1 -1 -1 -1 -1 -1 -1 -1 -1 -1 -1 -1 -1 -1 -1 -1 -1
324 -1 -1 -1 -1 -1 -1 -1 -1 -1 -1 -1 -1 -1 -1 -1 -1 -1 -1 -1 -1
325 -1 -1 -1 -1 -1 -1 -1 -1 -1 -1 -1 -1 -1 -1 -1 -1 -1 -1 -1 -1
326 -1 -1 -1 -1 -1 -1 -1 -1 -1 -1 -1 -1 -1 -1 -1 -1 -1 -1 -1 -1
327 -1 -1 -1 -1 -1 -1 -1 -1 -1 -1 -1 -1 -1 -1 -1 -1 -1 -1 -1 -1
328 -1 -1 -1 -1 -1 -1 -1 -1 -1 -1 -1 -1 -1 -1 -1 -1 -1 -1 -1 -1
329 -1 -1 -1 -1 -1 -1 -1 -1 -1 -1 -1 -1 -1 -1 -1 -1 -1 -1 -1 -1
330 -1 -1 -1 -1 -1 -1 -1 -1 -1 -1 -1 -1 -1 -1 -1 -1 -1 -1 -1 -1
331 -1 -1 -1 -1 -1 -1 -1 -1 -1 -1 -1 -1 -1 -1 -1 -1 -1 -1 -1 -1
332 -1 -1 -1 -1 -1 -1 -1 -1 -1 -1 -1 -1 -1 -1 -1 -1 -1 -1 -1 -1
333 -1 -1 -1 -1 -1 -1 -1 -1 -1 -1 -1 -1 -1 -1 -1 -1 -1 -1 -1 -1
334 -1 -1 -1 -1 -1 -1 -1 -1 -1 -1 -1 -1 -1 -1 -1 -1 -1 -1 -1 -1
335 -1 -1 -1 -1 -1 -1 -1 -1 -1 -1 -1 -1 -1 -1 -1 -1 -1 -1 -1 -1
336 -1 -1 -1 -1 -1 -1 -1 -1 -1 -1 -1 -1 -1 -1 -1 -1 -1 -1 -1 -1
337 -1 -1 -1 -1 -1 -1 -1 -1 -1 -1 -1 -1 -1 -1 -1 -1 -1 -1 -1 -1
338 -1 -1 -1 -1 -1 -1 -1 -1 -1 -1 -1 -1 -1 -1 -1 -1 -1 -1 -1 -1
339 -1 -1 -1 -1 -1 -1 -1 -1 -1 -1 -1 -1 -1 -1 -1 -1 -1 -1 -1 -1
340 -1 -1 -1 -1 -1 -1 -1 -1 -1 -1 -1 -1 -1 -1 -1 -1 -1 -1 -1 -1
341 -1 -1 -1 -1 -1 -1 -1 -1 -1 -1 -1 -1 -1 -1 -1 -1 -1 -1 -1 -1
342 -1 -1 -1 -1 -1 -1 -1 -1 -1 -1 -1 -1 -1 -1 -1 -1 -1 -1 -1 -1
343 -1 -1 -1 -1 -1 -1 -1 -1 -1 -1 -1 -1 -1 -1 -1 -1 -1 -1 -1 -1
344 -1 -1 -1 -1 -1 -1 -1 -1 -1 -1 -1 -1 -1 -1 -1 -1 -1 -1 -1 -1
345 -1 -1 -1 -1 -1 -1 -1 -1 -1 -1 -1 -1 -1 -1 -1 -1 -1 -1 -1 -1
346 -1 -1 -1 -1 -1 -1 -1 -1 -1 -1 -1 -1 -1 -1 -1 -1 -1 -1 -1 -1
347 -1 -1 -1 -1 -1 -1 -1 -1 -1 -1 -1 -1 -1 -1 -1 -1 -1 -1 -1 -1
348 -1 -1 -1 -1 -1 -1 -1 -1 -1 -1 -1 -1 -1 -1 -1 -1 -1 -1 -1 -1
349 -1 -1 -1 -1 -1 -1 -1 -1 -1 -1 -1 -1 -1 -1 -1 -1 -1 -1 -1 -1
350 -1 -1 -1 -1 -1 -1 -1 -1 -1 -1 -1 -1 -1 -1 -1 -1 -1 -1 -1 -1
351 -1 -1 -1 -1 -1 -1 -1 -1 -1 -1 -1 -1 -1 -1 -1 -1 -1 -1 -1 -1
