157
182
0 -1 -1 -1 -1 -1 -1 -1 -1 -1 -1 -1 -1 -1 -1 -1 -1 -1 -1 -1 -1
1 0.850845 0.425060 0.833243 0.637391 0.808852 0.635880 0.857633 0.638901 0.808852 0.635880 0.779398 0.760886 0.797505 0.908255 0.857633 0.638901 0.832686 0.773631 0.818009 0.918882
2 0.849033 0.422752 0.831855 0.632777 0.807191 0.630440 0.856518 0.635113 0.807191 0.630440 0.779023 0.754580 0.789205 0.897741 0.856518 0.635113 0.832337 0.767771 0.817725 0.915594
3 0.846354 0.421913 0.829219 0.626551 0.804782 0.623240 0.853656 0.629862 0.804782 0.623240 0.776895 0.736514 0.773183 0.875138 0.853656 0.629862 0.829790 0.759484 0.817073 0.907755
4 0.841247 0.418964 0.827537 0.619461 0.803616 0.616136 0.851458 0.622786 0.803616 0.616136 0.774709 0.714989 0.762110 0.849056 0.851458 0.622786 0.827742 0.752409 0.816593 0.904708
5 0.835358 0.415695 0.826310 0.615922 0.802346 0.612001 0.850273 0.619842 0.802346 0.612001 0.773563 0.698321 0.749832 0.819111 0.850273 0.619842 0.825287 0.746910 0.816682 0.902971
6 0.830612 0.414815 0.822755 0.616587 0.799271 0.612195 0.846239 0.620980 0.799271 0.612195 0.759669 0.690109 0.738559 0.806675 0.846239 0.620980 0.822085 0.746617 0.816967 0.903299
7 0.824284 0.414575 0.817614 0.616705 0.793889 0.612175 0.841339 0.621235 0.793889 0.612175 0.761304 0.690264 0.732482 0.788413 0.841339 0.621235 0.817512 0.740707 0.817521 0.901022
8 0.817280 0.413356 0.811784 0.611553 0.788162 0.607139 0.835406 0.615968 0.788162 0.607139 0.748910 0.685570 0.730730 0.786796 0.835406 0.615968 0.813523 0.734035 0.817713 0.898581
9 0.806957 0.411128 0.804154 0.606992 0.781194 0.604170 0.827113 0.609814 0.781194 0.604170 0.743268 0.681208 0.731459 0.785348 0.827113 0.609814 0.809044 0.729546 0.817559 0.889611
10 0.794989 0.405960 0.797935 0.603787 0.775251 0.601262 0.820619 0.606311 0.775251 0.601262 0.747661 0.680387 0.730211 0.788147 0.820619 0.606311 0.802821 0.726196 0.816609 0.878023
11 0.788542 0.399803 0.789411 0.595332 0.767719 0.594892 0.811104 0.595773 0.767719 0.594892 0.750811 0.685384 0.731780 0.791864 0.811104 0.595773 0.787199 0.709738 0.805516 0.844665
12 0.784518 0.395459 0.781206 0.585811 0.759839 0.585973 0.802573 0.585649 0.759839 0.585973 0.752328 0.686500 0.735771 0.798977 0.802573 0.585649 0.774634 0.697840 0.784254 0.827105
13 0.783953 0.391361 0.773844 0.573097 0.751672 0.573442 0.796015 0.572752 0.751672 0.573442 0.748739 0.683944 0.737081 0.798884 0.796015 0.572752 0.764974 0.680841 0.770275 0.807797
14 0.781976 0.387865 0.767714 0.571358 0.743703 0.571944 0.791724 0.570772 0.743703 0.571944 0.740720 0.677903 0.733066 0.795486 0.791724 0.570772 0.764050 0.673433 0.774516 0.795516
15 0.779699 0.381353 0.765210 0.563840 0.741911 0.566267 0.788508 0.561412 0.741911 0.566267 0.738076 0.671670 0.734874 0.793487 0.788508 0.561412 0.758621 0.649978 0.764053 0.773490
16 0.775849 0.377681 0.760658 0.563889 0.739408 0.567410 0.781909 0.560368 0.739408 0.567410 0.736250 0.676048 0.734655 0.793234 0.781909 0.560368 0.752330 0.641698 0.757708 0.756997
17 0.769800 0.375447 0.754334 0.563635 0.733626 0.567431 0.775042 0.559839 0.733626 0.567431 0.734846 0.676118 0.735675 0.789295 0.775042 0.559839 0.746071 0.621028 0.748304 0.718421
18 0.765051 0.373259 0.747916 0.558491 0.727419 0.560067 0.768414 0.556915 0.727419 0.560067 0.729825 0.675511 0.733536 0.790028 0.768414 0.556915 0.738054 0.628880 0.733485 0.730589
19 0.760226 0.371952 0.741785 0.556322 0.722256 0.556697 0.761315 0.555948 0.722256 0.556697 0.727213 0.672493 0.733169 0.788196 0.761315 0.555948 0.731547 0.634903 0.729805 0.745843
20 0.755397 0.370825 0.737859 0.552504 0.717351 0.552061 0.758368 0.552946 0.717351 0.552061 0.724940 0.668463 0.732601 0.786807 0.758368 0.552946 0.729494 0.625853 0.718595 0.730062
21 0.750487 0.370393 0.734393 0.550898 0.713786 0.551044 0.755000 0.550752 0.713786 0.551044 0.724727 0.669661 0.731012 0.787573 0.755000 0.550752 0.726175 0.618106 0.703443 0.703324
22 0.745366 0.369834 0.730072 0.547185 0.709536 0.547472 0.750608 0.546897 0.709536 0.547472 0.723019 0.668936 0.730415 0.788315 0.750608 0.546897 0.723660 0.615670 0.694904 0.694724
23 0.741323 0.367996 0.723325 0.542775 0.703355 0.542171 0.743295 0.543378 0.703355 0.542171 0.719459 0.664894 0.728425 0.786819 0.743295 0.543378 0.718494 0.616101 0.688126 0.699212
24 0.737774 0.366206 0.718425 0.538714 0.697847 0.538233 0.739002 0.539195 0.697847 0.538233 0.713860 0.659155 0.726884 0.783348 0.739002 0.539195 0.713868 0.619330 0.682896 0.703188
25 0.734068 0.361562 0.716244 0.531721 0.695747 0.531551 0.736740 0.531891 0.695747 0.531551 0.706496 0.654599 0.722977 0.772361 0.736740 0.531891 0.707528 0.613731 0.685121 0.703195
26 0.730769 0.356666 0.714033 0.524962 0.694099 0.524414 0.733967 0.525509 0.694099 0.524414 0.700005 0.642514 0.720021 0.753979 0.733967 0.525509 0.704056 0.606301 0.687812 0.702380
27 0.726824 0.351879 0.711413 0.518328 0.691497 0.517666 0.731330 0.518990 0.691497 0.517666 0.694080 0.637522 0.716342 0.736615 0.731330 0.518990 0.702350 0.606462 0.687006 0.705228
28 0.722959 0.347456 0.708694 0.515712 0.688617 0.516363 0.728770 0.515061 0.688617 0.516363 0.687795 0.628521 0.708188 0.724852 0.728770 0.515061 0.702604 0.609800 0.688850 0.704540
29 0.719959 0.342969 0.706737 0.506052 0.686891 0.504841 0.726583 0.507262 0.686891 0.504841 0.672996 0.603629 0.699113 0.693013 0.726583 0.507262 0.703515 0.605411 0.689432 0.701172
30 0.717150 0.338898 0.704954 0.503200 0.685259 0.502825 0.724649 0.503575 0.685259 0.502825 0.666135 0.590993 0.687923 0.684927 0.724649 0.503575 0.702769 0.595684 0.691764 0.684259
31 0.714853 0.335385 0.700779 0.497953 0.682272 0.496386 0.719287 0.499519 0.682272 0.496386 0.659899 0.581878 0.677046 0.680845 0.719287 0.499519 0.702102 0.594124 0.690066 0.687028
32 0.711417 0.334293 0.698008 0.493376 0.679166 0.490296 0.716850 0.496457 0.679166 0.490296 0.652924 0.574425 0.664200 0.682206 0.716850 0.496457 0.700114 0.591606 0.688269 0.690945
33 0.707917 0.331560 0.695602 0.488282 0.676754 0.484735 0.714450 0.491828 0.676754 0.484735 0.649120 0.573329 0.652124 0.678479 0.714450 0.491828 0.697868 0.593515 0.686065 0.693694
34 0.703596 0.329231 0.692427 0.484426 0.674340 0.479859 0.710514 0.488992 0.674340 0.479859 0.643581 0.566643 0.638234 0.666435 0.710514 0.488992 0.695910 0.592112 0.685050 0.694343
35 0.698836 0.329145 0.689329 0.483159 0.671857 0.478202 0.706802 0.488115 0.671857 0.478202 0.642450 0.560165 0.625029 0.653748 0.706802 0.488115 0.690848 0.587296 0.684556 0.692758
36 0.694157 0.328033 0.686835 0.483009 0.670112 0.478720 0.703559 0.487298 0.670112 0.478720 0.642166 0.561269 0.618927 0.648476 0.703559 0.487298 0.685847 0.584731 0.684421 0.693634
37 0.689221 0.327338 0.682295 0.482787 0.665739 0.479205 0.698851 0.486369 0.665739 0.479205 0.640312 0.563245 0.618755 0.648751 0.698851 0.486369 0.681754 0.583838 0.684632 0.694217
38 0.684992 0.326456 0.678070 0.480803 0.661574 0.477502 0.694567 0.484104 0.661574 0.477502 0.638273 0.557411 0.620194 0.646212 0.694567 0.484104 0.677962 0.580254 0.684465 0.694426
39 0.680488 0.325327 0.673457 0.479644 0.656864 0.476174 0.690051 0.483114 0.656864 0.476174 0.632561 0.554930 0.619392 0.647879 0.690051 0.483114 0.675231 0.581014 0.684363 0.694267
40 0.675360 0.324142 0.667692 0.474897 0.651334 0.470744 0.684050 0.479049 0.651334 0.470744 0.628089 0.549671 0.618686 0.645195 0.684050 0.479049 0.669308 0.575910 0.683416 0.686960
41 0.670586 0.322101 0.661116 0.468149 0.644594 0.464274 0.677637 0.472025 0.644594 0.464274 0.624714 0.547779 0.617778 0.644706 0.677637 0.472025 0.662651 0.568656 0.681470 0.676084
42 0.666180 0.321311 0.654201 0.471166 0.637872 0.467958 0.670530 0.474375 0.637872 0.467958 0.622973 0.550609 0.615653 0.646559 0.670530 0.474375 0.655189 0.565259 0.678948 0.664844
43 0.661735 0.319374 0.650361 0.466987 0.634943 0.464923 0.665778 0.469051 0.634943 0.464923 0.619908 0.549796 0.617729 0.648519 0.665778 0.469051 0.642781 0.555086 0.667751 0.646959
44 0.657604 0.317136 0.645670 0.462122 0.630804 0.459435 0.660535 0.464810 0.630804 0.459435 0.617103 0.546485 0.617650 0.647679 0.660535 0.464810 0.632391 0.543930 0.657216 0.633860
45 0.653751 0.315461 0.641527 0.459574 0.626940 0.457256 0.656115 0.461892 0.626940 0.457256 0.616706 0.541993 0.622723 0.637281 0.656115 0.461892 0.627816 0.538792 0.632806 0.642700
46 0.650664 0.311913 0.640556 0.450348 0.625780 0.447556 0.655332 0.453139 0.625780 0.447556 0.614642 0.536933 0.623258 0.634567 0.655332 0.453139 0.625212 0.530069 0.634219 0.637725
47 0.647179 0.309355 0.635953 0.446061 0.621117 0.443802 0.650788 0.448321 0.621117 0.443802 0.613518 0.538350 0.622472 0.637978 0.650788 0.448321 0.623014 0.520333 0.629624 0.617351
48 0.644439 0.306392 0.633429 0.441523 0.618865 0.440153 0.647993 0.442894 0.618865 0.440153 0.609705 0.534459 0.620144 0.639410 0.647993 0.442894 0.620745 0.516204 0.624965 0.612817
49 0.641622 0.305347 0.629030 0.442543 0.614675 0.440736 0.643385 0.444349 0.614675 0.440736 0.608535 0.537366 0.616497 0.640320 0.643385 0.444349 0.615425 0.524135 0.616279 0.626791
50 0.639107 0.302148 0.628540 0.435819 0.614283 0.434914 0.642796 0.436723 0.614283 0.434914 0.603846 0.529335 0.614716 0.637439 0.642796 0.436723 0.621530 0.527729 0.614948 0.624907
51 0.634954 0.301053 0.624707 0.435422 0.611296 0.434213 0.638118 0.436632 0.611296 0.434213 0.607824 0.530227 0.612540 0.637815 0.638118 0.436632 0.608615 0.525075 0.605865 0.620636
52 0.630920 0.298315 0.621997 0.432929 0.609744 0.432278 0.634250 0.433579 0.609744 0.432278 0.609185 0.532661 0.613142 0.638713 0.634250 0.433579 0.607309 0.527166 0.605669 0.621324
53 0.627376 0.295395 0.621417 0.427717 0.609126 0.427895 0.633708 0.427540 0.609126 0.427895 0.603060 0.524171 0.613438 0.635892 0.633708 0.427540 0.608146 0.522931 0.606772 0.617471
54 0.623958 0.293185 0.618406 0.424463 0.606335 0.424583 0.630477 0.424343 0.606335 0.424583 0.604293 0.527331 0.613817 0.636615 0.630477 0.424343 0.607533 0.520815 0.604918 0.618599
55 0.619783 0.291391 0.616270 0.422151 0.605134 0.420967 0.627406 0.423334 0.605134 0.420967 0.600567 0.523600 0.613529 0.636817 0.627406 0.423334 0.605086 0.518301 0.600443 0.617230
56 0.616981 0.289104 0.614653 0.424885 0.604216 0.423139 0.625091 0.426632 0.604216 0.423139 0.599918 0.524128 0.612502 0.637541 0.625091 0.426632 0.604972 0.520570 0.602388 0.614810
57 0.613742 0.286788 0.613423 0.422855 0.604818 0.422536 0.622027 0.423174 0.604818 0.422536 0.599793 0.526318 0.611061 0.637729 0.622027 0.423174 0.604936 0.520682 0.604668 0.614676
58 0.610345 0.286270 0.612373 0.421959 0.605809 0.422771 0.618938 0.421148 0.605809 0.422771 0.599551 0.527506 0.610167 0.638011 0.618938 0.421148 0.604370 0.521677 0.604986 0.615904
59 0.608590 0.287231 0.610668 0.423812 0.603115 0.424237 0.618221 0.423388 0.603115 0.424237 0.598255 0.527769 0.610186 0.638134 0.618221 0.423388 0.603999 0.522297 0.604639 0.616611
60 0.605714 0.287473 0.609574 0.424918 0.604578 0.425795 0.614570 0.424040 0.604578 0.425795 0.597002 0.527911 0.610371 0.638234 0.614570 0.424040 0.601501 0.523250 0.604566 0.617379
61 0.603173 0.287203 0.607399 0.425044 0.605326 0.426300 0.609472 0.423788 0.605326 0.426300 0.596308 0.528031 0.610535 0.638364 0.609472 0.423788 0.599165 0.523511 0.603843 0.617611
62 0.600671 0.287735 0.605955 0.425408 0.605228 0.426698 0.606683 0.424118 0.605228 0.426698 0.595362 0.528560 0.610268 0.637703 0.606683 0.424118 0.598359 0.524997 0.603838 0.617935
63 0.600350 0.288018 0.606439 0.425443 0.603550 0.426654 0.609327 0.424232 0.603550 0.426654 0.594410 0.529018 0.609881 0.637641 0.609327 0.424232 0.598798 0.525078 0.604245 0.618059
64 0.598555 0.287937 0.606184 0.424256 0.604017 0.425603 0.608351 0.422910 0.604017 0.425603 0.594494 0.528766 0.609965 0.637526 0.608351 0.422910 0.599115 0.523805 0.604647 0.618271
65 0.597377 0.288211 0.606117 0.421957 0.604094 0.423642 0.608141 0.420271 0.604094 0.423642 0.594485 0.526911 0.609913 0.636293 0.608141 0.420271 0.599070 0.520645 0.604892 0.615808
66 0.596519 0.289099 0.605954 0.422218 0.604180 0.424081 0.607728 0.420355 0.604180 0.424081 0.594726 0.526978 0.609885 0.635716 0.607728 0.420355 0.599197 0.520433 0.605001 0.614275
67 -1 -1 -1 -1 -1 -1 -1 -1 -1 -1 -1 -1 -1 -1 -1 -1 -1 -1 -1 -1
68 -1 -1 -1 -1 -1 -1 -1 -1 -1 -1 -1 -1 -1 -1 -1 -1 -1 -1 -1 -1
69 -1 -1 -1 -1 -1 -1 -1 -1 -1 -1 -1 -1 -1 -1 -1 -1 -1 -1 -1 -1
70 -1 -1 -1 -1 -1 -1 -1 -1 -1 -1 -1 -1 -1 -1 -1 -1 -1 -1 -1 -1
71 -1 -1 -1 -1 -1 -1 -1 -1 -1 -1 -1 -1 -1 -1 -1 -1 -1 -1 -1 -1
72 -1 -1 -1 -1 -1 -1 -1 -1 -1 -1 -1 -1 -1 -1 -1 -1 -1 -1 -1 -1
73 -1 -1 -1 -1 -1 -1 -1 -1 -1 -1 -1 -1 -1 -1 -1 -1 -1 -1 -1 -1
74 -1 -1 -1 -1 -1 -1 -1 -1 -1 -1 -1 -1 -1 -1 -1 -1 -1 -1 -1 -1
75 -1 -1 -1 -1 -1 -1 -1 -1 -1 -1 -1 -1 -1 -1 -1 -1 -1 -1 -1 -1
76 -1 -1 -1 -1 -1 -1 -1 -1 -1 -1 -1 -1 -1 -1 -1 -1 -1 -1 -1 -1
77 -1 -1 -1 -1 -1 -1 -1 -1 -1 -1 -1 -1 -1 -1 -1 -1 -1 -1 -1 -1
78 -1 -1 -1 -1 -1 -1 -1 -1 -1 -1 -1 -1 -1 -1 -1 -1 -1 -1 -1 -1
79 -1 -1 -1 -1 -1 -1 -1 -1 -1 -1 -1 -1 -1 -1 -1 -1 -1 -1 -1 -1
80 -1 -1 -1 -1 -1 -1 -1 -1 -1 -1 -1 -1 -1 -1 -1 -1 -1 -1 -1 -1
81 -1 -1 -1 -1 -1 -1 -1 -1 -1 -1 -1 -1 -1 -1 -1 -1 -1 -1 -1 -1
82 -1 -1 -1 -1 -1 -1 -1 -1 -1 -1 -1 -1 -1 -1 -1 -1 -1 -1 -1 -1
83 -1 -1 -1 -1 -1 -1 -1 -1 -1 -1 -1 -1 -1 -1 -1 -1 -1 -1 -1 -1
84 -1 -1 -1 -1 -1 -1 -1 -1 -1 -1 -1 -1 -1 -1 -1 -1 -1 -1 -1 -1
85 -1 -1 -1 -1 -1 -1 -1 -1 -1 -1 -1 -1 -1 -1 -1 -1 -1 -1 -1 -1
86 -1 -1 -1 -1 -1 -1 -1 -1 -1 -1 -1 -1 -1 -1 -1 -1 -1 -1 -1 -1
87 -1 -1 -1 -1 -1 -1 -1 -1 -1 -1 -1 -1 -1 -1 -1 -1 -1 -1 -1 -1
88 0.576039 0.342967 0.616992 0.457478 0.626874 0.455445 0.607110 0.459510 0.626874 0.455445 0.614095 0.537982 0.611983 0.632369 0.607110 0.459510 0.598156 0.535120 0.607093 0.618884
89 0.576044 0.343828 0.617071 0.457729 0.626810 0.455675 0.607331 0.459784 0.626810 0.455675 0.614706 0.538017 0.612284 0.632445 0.607331 0.459784 0.598241 0.535180 0.607794 0.620628
90 0.576042 0.344167 0.617266 0.457127 0.627023 0.455456 0.607509 0.458799 0.627023 0.455456 0.614960 0.538257 0.612311 0.631929 0.607509 0.458799 0.598526 0.535067 0.607942 0.620543
91 0.577525 0.346102 0.617985 0.456564 0.628464 0.454908 0.607506 0.458221 0.628464 0.454908 0.615644 0.538207 0.612304 0.631804 0.607506 0.458221 0.596379 0.533904 0.607924 0.620403
92 0.577765 0.346856 0.618184 0.456159 0.628857 0.454598 0.607511 0.457721 0.628857 0.454598 0.615709 0.538108 0.612369 0.631316 0.607511 0.457721 0.596255 0.533112 0.607160 0.620002
93 0.577478 0.347482 0.617983 0.455726 0.628527 0.453799 0.607439 0.457652 0.628527 0.453799 0.615397 0.536501 0.612140 0.629618 0.607439 0.457652 0.593933 0.531544 0.606406 0.619447
94 0.577387 0.347308 0.618144 0.455400 0.628883 0.453257 0.607406 0.457543 0.628883 0.453257 0.615208 0.536519 0.612088 0.629204 0.607406 0.457543 0.593584 0.531553 0.605842 0.619404
95 0.577098 0.347122 0.618073 0.455020 0.628739 0.452553 0.607408 0.457487 0.628739 0.452553 0.615062 0.536506 0.611853 0.628676 0.607408 0.457487 0.592626 0.530990 0.605213 0.619509
96 0.576982 0.346931 0.617942 0.454730 0.628693 0.452310 0.607190 0.457149 0.628693 0.452310 0.614958 0.535649 0.611504 0.628301 0.607190 0.457149 0.592599 0.530957 0.604688 0.620125
97 0.576931 0.346580 0.618079 0.454444 0.629042 0.451907 0.607115 0.456981 0.629042 0.451907 0.614793 0.534634 0.610604 0.627968 0.607115 0.456981 0.590665 0.529401 0.604601 0.620089
98 0.576567 0.345906 0.618106 0.453975 0.629182 0.451354 0.607031 0.456597 0.629182 0.451354 0.614730 0.533911 0.610371 0.627691 0.607031 0.456597 0.591187 0.528878 0.604641 0.620070
99 0.576514 0.345512 0.618230 0.453768 0.629370 0.451184 0.607089 0.456352 0.629370 0.451184 0.614689 0.533752 0.609666 0.627734 0.607089 0.456352 0.591478 0.528944 0.604565 0.620319
100 0.576025 0.343793 0.618218 0.452452 0.629335 0.450816 0.607101 0.454088 0.629335 0.450816 0.614650 0.533792 0.609588 0.627754 0.607101 0.454088 0.591619 0.528969 0.604568 0.620324
101 0.575690 0.341125 0.618097 0.450745 0.628758 0.449837 0.607436 0.451653 0.628758 0.449837 0.614277 0.533761 0.609502 0.627808 0.607436 0.451653 0.591753 0.527038 0.604145 0.619770
102 0.575863 0.341396 0.618183 0.451305 0.628827 0.450360 0.607540 0.452250 0.628827 0.450360 0.614070 0.533951 0.609516 0.627849 0.607540 0.452250 0.589596 0.527254 0.604161 0.619941
103 0.576299 0.341143 0.617742 0.451316 0.627790 0.450731 0.607695 0.451900 0.627790 0.450731 0.614066 0.534627 0.609732 0.628501 0.607695 0.451900 0.592019 0.529237 0.605221 0.620158
104 0.576409 0.340922 0.617638 0.451721 0.627267 0.451104 0.608010 0.452339 0.627267 0.451104 0.614059 0.535205 0.609739 0.629130 0.608010 0.452339 0.592608 0.530670 0.605582 0.620540
105 0.576471 0.339984 0.617624 0.451554 0.627243 0.451187 0.608005 0.451922 0.627243 0.451187 0.614064 0.535449 0.610359 0.629453 0.608005 0.451922 0.592863 0.530714 0.606100 0.620712
106 0.576515 0.339713 0.617593 0.451259 0.627192 0.451156 0.607995 0.451362 0.627192 0.451156 0.614374 0.535464 0.610714 0.629608 0.607995 0.451362 0.593771 0.530429 0.606260 0.620894
107 0.576539 0.338964 0.617608 0.450454 0.627243 0.449489 0.607972 0.451419 0.627243 0.449489 0.614848 0.535347 0.611232 0.629647 0.607972 0.451419 0.595130 0.528943 0.606438 0.621006
108 0.576637 0.339105 0.617997 0.449195 0.628024 0.448689 0.607969 0.449700 0.628024 0.448689 0.615818 0.535227 0.611720 0.630115 0.607969 0.449700 0.595094 0.527794 0.606435 0.621162
109 0.576602 0.338936 0.618015 0.448621 0.628053 0.448085 0.607976 0.449157 0.628053 0.448085 0.616198 0.535106 0.611906 0.630180 0.607976 0.449157 0.595056 0.526778 0.606384 0.621244
110 0.576647 0.338752 0.618156 0.448563 0.628053 0.448171 0.608258 0.448955 0.628053 0.448171 0.616408 0.535198 0.612033 0.630423 0.608258 0.448955 0.596107 0.526886 0.606397 0.621324
111 0.576605 0.338099 0.618422 0.448625 0.628145 0.448195 0.608700 0.449055 0.628145 0.448195 0.616837 0.535014 0.612215 0.630248 0.608700 0.449055 0.596162 0.526733 0.606353 0.621379
112 0.576531 0.337497 0.618717 0.448287 0.628384 0.447921 0.609049 0.448652 0.628384 0.447921 0.616816 0.534545 0.612388 0.629939 0.609049 0.448652 0.596617 0.526406 0.606364 0.621347
113 0.576167 0.336995 0.618717 0.448280 0.628290 0.447885 0.609144 0.448675 0.628290 0.447885 0.616768 0.534409 0.612381 0.629456 0.609144 0.448675 0.596539 0.526405 0.606399 0.621372
114 0.576145 0.337179 0.618636 0.448872 0.628140 0.447905 0.609133 0.449839 0.628140 0.447905 0.616695 0.534315 0.612371 0.629198 0.609133 0.449839 0.595143 0.527034 0.606368 0.621361
115 0.576262 0.338190 0.618355 0.450019 0.627602 0.448750 0.609109 0.451288 0.627602 0.448750 0.614744 0.535269 0.612367 0.629245 0.609109 0.451288 0.595161 0.528983 0.606510 0.621399
116 0.576308 0.339584 0.618259 0.450764 0.627575 0.449571 0.608943 0.451958 0.627575 0.449571 0.614122 0.535461 0.612359 0.629273 0.608943 0.451958 0.593980 0.529344 0.606445 0.621376
117 0.576348 0.339969 0.617985 0.450795 0.627557 0.449695 0.608412 0.451895 0.627557 0.449695 0.613587 0.535528 0.612142 0.629269 0.608412 0.451895 0.591985 0.529369 0.605821 0.620101
118 0.576450 0.340312 0.617871 0.450405 0.627641 0.449486 0.608102 0.451324 0.627641 0.449486 0.613360 0.535384 0.611180 0.629264 0.608102 0.451324 0.592142 0.529350 0.605576 0.620286
119 0.576369 0.340408 0.617948 0.449972 0.627798 0.449269 0.608098 0.450674 0.627798 0.449269 0.612896 0.535382 0.610893 0.629291 0.608098 0.450674 0.590799 0.528971 0.604962 0.619401
120 0.575764 0.340274 0.617904 0.448666 0.627782 0.447880 0.608025 0.449451 0.627782 0.447880 0.611947 0.534655 0.610600 0.629264 0.608025 0.449451 0.590598 0.528023 0.604944 0.618966
121 0.575670 0.340034 0.617955 0.448211 0.627867 0.447404 0.608043 0.449019 0.627867 0.447404 0.611564 0.534696 0.610486 0.629306 0.608043 0.449019 0.590853 0.528025 0.604925 0.619742
122 0.575469 0.339026 0.617979 0.448070 0.627837 0.447444 0.608121 0.448696 0.627837 0.447444 0.610613 0.535376 0.610360 0.630166 0.608121 0.448696 0.590964 0.527064 0.602111 0.615529
123 0.575100 0.338633 0.617885 0.448129 0.627642 0.447538 0.608128 0.448719 0.627642 0.447538 0.609374 0.535608 0.610260 0.630268 0.608128 0.448719 0.591084 0.526932 0.599813 0.613035
124 0.574806 0.337351 0.617916 0.448118 0.627556 0.447551 0.608276 0.448685 0.627556 0.447551 0.608172 0.535606 0.610215 0.630307 0.608276 0.448685 0.591117 0.526846 0.600013 0.612999
125 0.574685 0.337165 0.617898 0.448568 0.627433 0.448288 0.608364 0.448848 0.627433 0.448288 0.607579 0.536003 0.609836 0.630676 0.608364 0.448848 0.591733 0.527218 0.599333 0.613598
126 0.574296 0.336878 0.618380 0.448188 0.627424 0.447680 0.609337 0.448696 0.627424 0.447680 0.606250 0.535915 0.608936 0.630669 0.609337 0.448696 0.593361 0.527707 0.599502 0.613992
127 0.573669 0.335951 0.617849 0.445771 0.626342 0.445451 0.609356 0.446092 0.626342 0.445451 0.605135 0.535303 0.608511 0.630708 0.609356 0.446092 0.596778 0.527767 0.601429 0.617723
128 0.573563 0.335989 0.617306 0.445639 0.625513 0.444995 0.609099 0.446282 0.625513 0.444995 0.604417 0.535236 0.607885 0.630713 0.609099 0.446282 0.596635 0.527879 0.601698 0.618427
129 0.572836 0.333743 0.616010 0.442917 0.623563 0.442006 0.608457 0.443828 0.623563 0.442006 0.603114 0.531242 0.607193 0.630311 0.608457 0.443828 0.596504 0.527576 0.601899 0.618403
130 0.572586 0.333297 0.615377 0.441886 0.622306 0.441463 0.608447 0.442308 0.622306 0.441463 0.599983 0.528687 0.606567 0.629514 0.608447 0.442308 0.596535 0.525980 0.603001 0.612130
131 0.572568 0.332309 0.615186 0.441479 0.621430 0.441279 0.608942 0.441679 0.621430 0.441279 0.596670 0.527735 0.605490 0.629359 0.608942 0.441679 0.596935 0.525695 0.603657 0.608998
132 0.571906 0.330972 0.614466 0.440056 0.620396 0.440040 0.608535 0.440071 0.620396 0.440040 0.595949 0.525922 0.603771 0.629224 0.608535 0.440071 0.596793 0.525137 0.602142 0.608469
133 0.571607 0.329399 0.612887 0.440038 0.618593 0.439884 0.607181 0.440193 0.618593 0.439884 0.594762 0.525813 0.600493 0.629512 0.607181 0.440193 0.595709 0.524985 0.600194 0.612391
134 0.570843 0.328551 0.610475 0.440352 0.616591 0.440209 0.604359 0.440495 0.616591 0.440209 0.592540 0.526417 0.595411 0.630461 0.604359 0.440495 0.591200 0.525789 0.596371 0.614651
135 0.570444 0.327781 0.608565 0.440603 0.614980 0.440433 0.602150 0.440774 0.614980 0.440433 0.589985 0.529365 0.588077 0.635828 0.602150 0.440774 0.585291 0.528136 0.591594 0.618607
136 0.569252 0.326436 0.605114 0.440905 0.612098 0.440852 0.598130 0.440958 0.612098 0.440852 0.588385 0.535885 0.581189 0.640122 0.598130 0.440958 0.581289 0.531067 0.574487 0.626249
137 -1 -1 -1 -1 -1 -1 -1 -1 -1 -1 -1 -1 -1 -1 -1 -1 -1 -1 -1 -1
138 0.567449 0.324110 0.596593 0.439945 0.605736 0.441296 0.587450 0.438594 0.605736 0.441296 0.572633 0.536554 0.557437 0.641678 0.587450 0.438594 0.586627 0.532281 0.590936 0.623330
139 -1 -1 -1 -1 -1 -1 -1 -1 -1 -1 -1 -1 -1 -1 -1 -1 -1 -1 -1 -1
140 -1 -1 -1 -1 -1 -1 -1 -1 -1 -1 -1 -1 -1 -1 -1 -1 -1 -1 -1 -1
141 -1 -1 -1 -1 -1 -1 -1 -1 -1 -1 -1 -1 -1 -1 -1 -1 -1 -1 -1 -1
142 -1 -1 -1 -1 -1 -1 -1 -1 -1 -1 -1 -1 -1 -1 -1 -1 -1 -1 -1 -1
143 -1 -1 -1 -1 -1 -1 -1 -1 -1 -1 -1 -1 -1 -1 -1 -1 -1 -1 -1 -1
144 -1 -1 -1 -1 -1 -1 -1 -1 -1 -1 -1 -1 -1 -1 -1 -1 -1 -1 -1 -1
145 -1 -1 -1 -1 -1 -1 -1 -1 -1 -1 -1 -1 -1 -1 -1 -1 -1 -1 -1 -1
146 -1 -1 -1 -1 -1 -1 -1 -1 -1 -1 -1 -1 -1 -1 -1 -1 -1 -1 -1 -1
147 0.560690 0.320890 0.565183 0.457629 0.580367 0.459366 0.550000 0.455891 0.580367 0.459366 0.554392 0.564517 0.543417 0.665013 0.550000 0.455891 0.547923 0.550915 0.577101 0.609197
148 0.561092 0.319631 0.562041 0.458379 0.577747 0.460137 0.546336 0.456621 0.577747 0.460137 0.551401 0.564422 0.541738 0.663551 0.546336 0.456621 0.543258 0.553241 0.563690 0.616290
149 0.560956 0.318853 0.557469 0.459233 0.573707 0.460757 0.541231 0.457709 0.573707 0.460757 0.549303 0.567577 0.542451 0.661508 0.541231 0.457709 0.536604 0.560922 0.553608 0.623984
150 0.561257 0.320686 0.552419 0.465456 0.569106 0.468935 0.535732 0.461977 0.569106 0.468935 0.545724 0.574236 0.539455 0.665555 0.535732 0.461977 0.527684 0.565598 0.545455 0.630931
151 0.562040 0.324479 0.549127 0.470827 0.566733 0.476346 0.531520 0.465309 0.566733 0.476346 0.544739 0.577754 0.541521 0.664797 0.531520 0.465309 0.521225 0.570401 0.533010 0.642042
152 0.562732 0.330752 0.545414 0.477018 0.561822 0.483368 0.529007 0.470667 0.561822 0.483368 0.543642 0.584030 0.542493 0.666375 0.529007 0.470667 0.516268 0.575979 0.527093 0.651520
153 0.562819 0.339274 0.543637 0.483252 0.561299 0.490430 0.525976 0.476074 0.561299 0.490430 0.541307 0.589047 0.542756 0.667689 0.525976 0.476074 0.511099 0.577575 0.524692 0.655667
154 0.561950 0.349817 0.541399 0.491812 0.560102 0.498905 0.522696 0.484718 0.560102 0.498905 0.538474 0.595437 0.542108 0.672007 0.522696 0.484718 0.501786 0.583722 0.521410 0.657291
155 0.561466 0.362508 0.539022 0.501874 0.557645 0.509231 0.520400 0.494517 0.557645 0.509231 0.534245 0.602106 0.541186 0.674259 0.520400 0.494517 0.495426 0.591030 0.519619 0.658527
156 0.560480 0.372920 0.537063 0.505660 0.555359 0.513403 0.518766 0.497918 0.555359 0.513403 0.526024 0.603417 0.540243 0.673740 0.518766 0.497918 0.489465 0.598553 0.521038 0.655518
157 0.559423 0.385667 0.533540 0.513732 0.552544 0.521318 0.514535 0.506146 0.552544 0.521318 0.525812 0.604695 0.537665 0.672420 0.514535 0.506146 0.487357 0.603597 0.522546 0.652969
158 0.558396 0.401033 0.529420 0.524575 0.548295 0.531835 0.510545 0.517315 0.548295 0.531835 0.512246 0.609640 0.528854 0.670831 0.510545 0.517315 0.482658 0.622248 0.521799 0.655190
159 0.556926 0.418074 0.528624 0.542790 0.548819 0.549957 0.508429 0.535623 0.548819 0.549957 0.504700 0.633543 0.530356 0.670155 0.508429 0.535623 0.478398 0.640056 0.522868 0.654075
160 0.554553 0.435879 0.525934 0.562398 0.546549 0.567731 0.505320 0.557065 0.546549 0.567731 0.511699 0.635373 0.531011 0.664407 0.505320 0.557065 0.474108 0.662063 0.515198 0.650534
161 0.552461 0.456711 0.523616 0.579236 0.544311 0.585857 0.502922 0.572615 0.544311 0.585857 0.511839 0.659944 0.532679 0.662516 0.502922 0.572615 0.472216 0.666335 0.490906 0.644941
162 0.547285 0.484192 0.517954 0.605759 0.539362 0.613662 0.496547 0.597855 0.539362 0.613662 0.512445 0.687311 0.521321 0.664285 0.496547 0.597855 0.474492 0.684223 0.473982 0.647719
163 0.543474 0.503577 0.515019 0.632487 0.535968 0.642945 0.494069 0.622029 0.535968 0.642945 0.497254 0.726084 0.510300 0.673335 0.494069 0.622029 0.462445 0.706688 0.474635 0.662389
164 0.540918 0.524258 0.514478 0.648734 0.535212 0.661344 0.493744 0.636123 0.535212 0.661344 0.496674 0.720911 0.504559 0.669561 0.493744 0.636123 0.460115 0.708543 0.472777 0.663544
165 -1 -1 -1 -1 -1 -1 -1 -1 -1 -1 -1 -1 -1 -1 -1 -1 -1 -1 -1 -1
166 -1 -1 -1 -1 -1 -1 -1 -1 -1 -1 -1 -1 -1 -1 -1 -1 -1 -1 -1 -1
167 -1 -1 -1 -1 -1 -1 -1 -1 -1 -1 -1 -1 -1 -1 -1 -1 -1 -1 -1 -1
168 -1 -1 -1 -1 -1 -1 -1 -1 -1 -1 -1 -1 -1 -1 -1 -1 -1 -1 -1 -1
169 -1 -1 -1 -1 -1 -1 -1 -1 -1 -1 -1 -1 -1 -1 -1 -1 -1 -1 -1 -1
170 -1 -1 -1 -1 -1 -1 -1 -1 -1 -1 -1 -1 -1 -1 -1 -1 -1 -1 -1 -1
171 -1 -1 -1 -1 -1 -1 -1 -1 -1 -1 -1 -1 -1 -1 -1 -1 -1 -1 -1 -1
172 -1 -1 -1 -1 -1 -1 -1 -1 -1 -1 -1 -1 -1 -1 -1 -1 -1 -1 -1 -1
173 -1 -1 -1 -1 -1 -1 -1 -1 -1 -1 -1 -1 -1 -1 -1 -1 -1 -1 -1 -1
174 -1 -1 -1 -1 -1 -1 -1 -1 -1 -1 -1 -1 -1 -1 -1 -1 -1 -1 -1 -1
175 -1 -1 -1 -1 -1 -1 -1 -1 -1 -1 -1 -1 -1 -1 -1 -1 -1 -1 -1 -1
176 -1 -1 -1 -1 -1 -1 -1 -1 -1 -1 -1 -1 -1 -1 -1 -1 -1 -1 -1 -1
177 -1 -1 -1 -1 -1 -1 -1 -1 -1 -1 -1 -1 -1 -1 -1 -1 -1 -1 -1 -1
178 -1 -1 -1 -1 -1 -1 -1 -1 -1 -1 -1 -1 -1 -1 -1 -1 -1 -1 -1 -1
179 -1 -1 -1 -1 -1 -1 -1 -1 -1 -1 -1 -1 -1 -1 -1 -1 -1 -1 -1 -1
180 -1 -1 -1 -1 -1 -1 -1 -1 -1 -1 -1 -1 -1 -1 -1 -1 -1 -1 -1 -1
181 -1 -1 -1 -1 -1 -1 -1 -1 -1 -1 -1 -1 -1 -1 -1 -1 -1 -1 -1 -1
182 -1 -1 -1 -1 -1 -1 -1 -1 -1 -1 -1 -1 -1 -1 -1 -1 -1 -1 -1 -1
183 -1 -1 -1 -1 -1 -1 -1 -1 -1 -1 -1 -1 -1 -1 -1 -1 -1 -1 -1 -1
184 -1 -1 -1 -1 -1 -1 -1 -1 -1 -1 -1 -1 -1 -1 -1 -1 -1 -1 -1 -1
185 -1 -1 -1 -1 -1 -1 -1 -1 -1 -1 -1 -1 -1 -1 -1 -1 -1 -1 -1 -1
186 -1 -1 -1 -1 -1 -1 -1 -1 -1 -1 -1 -1 -1 -1 -1 -1 -1 -1 -1 -1
187 -1 -1 -1 -1 -1 -1 -1 -1 -1 -1 -1 -1 -1 -1 -1 -1 -1 -1 -1 -1
188 -1 -1 -1 -1 -1 -1 -1 -1 -1 -1 -1 -1 -1 -1 -1 -1 -1 -1 -1 -1
189 -1 -1 -1 -1 -1 -1 -1 -1 -1 -1 -1 -1 -1 -1 -1 -1 -1 -1 -1 -1
190 -1 -1 -1 -1 -1 -1 -1 -1 -1 -1 -1 -1 -1 -1 -1 -1 -1 -1 -1 -1
191 -1 -1 -1 -1 -1 -1 -1 -1 -1 -1 -1 -1 -1 -1 -1 -1 -1 -1 -1 -1
192 -1 -1 -1 -1 -1 -1 -1 -1 -1 -1 -1 -1 -1 -1 -1 -1 -1 -1 -1 -1
193 -1 -1 -1 -1 -1 -1 -1 -1 -1 -1 -1 -1 -1 -1 -1 -1 -1 -1 -1 -1
194 -1 -1 -1 -1 -1 -1 -1 -1 -1 -1 -1 -1 -1 -1 -1 -1 -1 -1 -1 -1
195 -1 -1 -1 -1 -1 -1 -1 -1 -1 -1 -1 -1 -1 -1 -1 -1 -1 -1 -1 -1
196 -1 -1 -1 -1 -1 -1 -1 -1 -1 -1 -1 -1 -1 -1 -1 -1 -1 -1 -1 -1
197 -1 -1 -1 -1 -1 -1 -1 -1 -1 -1 -1 -1 -1 -1 -1 -1 -1 -1 -1 -1
198 -1 -1 -1 -1 -1 -1 -1 -1 -1 -1 -1 -1 -1 -1 -1 -1 -1 -1 -1 -1
199 -1 -1 -1 -1 -1 -1 -1 -1 -1 -1 -1 -1 -1 -1 -1 -1 -1 -1 -1 -1
200 -1 -1 -1 -1 -1 -1 -1 -1 -1 -1 -1 -1 -1 -1 -1 -1 -1 -1 -1 -1
201 -1 -1 -1 -1 -1 -1 -1 -1 -1 -1 -1 -1 -1 -1 -1 -1 -1 -1 -1 -1
202 -1 -1 -1 -1 -1 -1 -1 -1 -1 -1 -1 -1 -1 -1 -1 -1 -1 -1 -1 -1
203 -1 -1 -1 -1 -1 -1 -1 -1 -1 -1 -1 -1 -1 -1 -1 -1 -1 -1 -1 -1
204 -1 -1 -1 -1 -1 -1 -1 -1 -1 -1 -1 -1 -1 -1 -1 -1 -1 -1 -1 -1
205 -1 -1 -1 -1 -1 -1 -1 -1 -1 -1 -1 -1 -1 -1 -1 -1 -1 -1 -1 -1
206 -1 -1 -1 -1 -1 -1 -1 -1 -1 -1 -1 -1 -1 -1 -1 -1 -1 -1 -1 -1
207 -1 -1 -1 -1 -1 -1 -1 -1 -1 -1 -1 -1 -1 -1 -1 -1 -1 -1 -1 -1
208 -1 -1 -1 -1 -1 -1 -1 -1 -1 -1 -1 -1 -1 -1 -1 -1 -1 -1 -1 -1
209 -1 -1 -1 -1 -1 -1 -1 -1 -1 -1 -1 -1 -1 -1 -1 -1 -1 -1 -1 -1
210 -1 -1 -1 -1 -1 -1 -1 -1 -1 -1 -1 -1 -1 -1 -1 -1 -1 -1 -1 -1
211 -1 -1 -1 -1 -1 -1 -1 -1 -1 -1 -1 -1 -1 -1 -1 -1 -1 -1 -1 -1
212 -1 -1 -1 -1 -1 -1 -1 -1 -1 -1 -1 -1 -1 -1 -1 -1 -1 -1 -1 -1
213 -1 -1 -1 -1 -1 -1 -1 -1 -1 -1 -1 -1 -1 -1 -1 -1 -1 -1 -1 -1
214 -1 -1 -1 -1 -1 -1 -1 -1 -1 -1 -1 -1 -1 -1 -1 -1 -1 -1 -1 -1
215 -1 -1 -1 -1 -1 -1 -1 -1 -1 -1 -1 -1 -1 -1 -1 -1 -1 -1 -1 -1
216 -1 -1 -1 -1 -1 -1 -1 -1 -1 -1 -1 -1 -1 -1 -1 -1 -1 -1 -1 -1
217 -1 -1 -1 -1 -1 -1 -1 -1 -1 -1 -1 -1 -1 -1 -1 -1 -1 -1 -1 -1
218 -1 -1 -1 -1 -1 -1 -1 -1 -1 -1 -1 -1 -1 -1 -1 -1 -1 -1 -1 -1
219 -1 -1 -1 -1 -1 -1 -1 -1 -1 -1 -1 -1 -1 -1 -1 -1 -1 -1 -1 -1
220 -1 -1 -1 -1 -1 -1 -1 -1 -1 -1 -1 -1 -1 -1 -1 -1 -1 -1 -1 -1
221 -1 -1 -1 -1 -1 -1 -1 -1 -1 -1 -1 -1 -1 -1 -1 -1 -1 -1 -1 -1
222 -1 -1 -1 -1 -1 -1 -1 -1 -1 -1 -1 -1 -1 -1 -1 -1 -1 -1 -1 -1
223 -1 -1 -1 -1 -1 -1 -1 -1 -1 -1 -1 -1 -1 -1 -1 -1 -1 -1 -1 -1
224 -1 -1 -1 -1 -1 -1 -1 -1 -1 -1 -1 -1 -1 -1 -1 -1 -1 -1 -1 -1
225 -1 -1 -1 -1 -1 -1 -1 -1 -1 -1 -1 -1 -1 -1 -1 -1 -1 -1 -1 -1
226 -1 -1 -1 -1 -1 -1 -1 -1 -1 -1 -1 -1 -1 -1 -1 -1 -1 -1 -1 -1
227 -1 -1 -1 -1 -1 -1 -1 -1 -1 -1 -1 -1 -1 -1 -1 -1 -1 -1 -1 -1
228 -1 -1 -1 -1 -1 -1 -1 -1 -1 -1 -1 -1 -1 -1 -1 -1 -1 -1 -1 -1
229 -1 -1 -1 -1 -1 -1 -1 -1 -1 -1 -1 -1 -1 -1 -1 -1 -1 -1 -1 -1
230 -1 -1 -1 -1 -1 -1 -1 -1 -1 -1 -1 -1 -1 -1 -1 -1 -1 -1 -1 -1
231 -1 -1 -1 -1 -1 -1 -1 -1 -1 -1 -1 -1 -1 -1 -1 -1 -1 -1 -1 -1
232 -1 -1 -1 -1 -1 -1 -1 -1 -1 -1 -1 -1 -1 -1 -1 -1 -1 -1 -1 -1
233 -1 -1 -1 -1 -1 -1 -1 -1 -1 -1 -1 -1 -1 -1 -1 -1 -1 -1 -1 -1
234 -1 -1 -1 -1 -1 -1 -1 -1 -1 -1 -1 -1 -1 -1 -1 -1 -1 -1 -1 -1
235 -1 -1 -1 -1 -1 -1 -1 -1 -1 -1 -1 -1 -1 -1 -1 -1 -1 -1 -1 -1
236 -1 -1 -1 -1 -1 -1 -1 -1 -1 -1 -1 -1 -1 -1 -1 -1 -1 -1 -1 -1
237 -1 -1 -1 -1 -1 -1 -1 -1 -1 -1 -1 -1 -1 -1 -1 -1 -1 -1 -1 -1
238 -1 -1 -1 -1 -1 -1 -1 -1 -1 -1 -1 -1 -1 -1 -1 -1 -1 -1 -1 -1
239 -1 -1 -1 -1 -1 -1 -1 -1 -1 -1 -1 -1 -1 -1 -1 -1 -1 -1 -1 -1
240 -1 -1 -1 -1 -1 -1 -1 -1 -1 -1 -1 -1 -1 -1 -1 -1 -1 -1 -1 -1
241 -1 -1 -1 -1 -1 -1 -1 -1 -1 -1 -1 -1 -1 -1 -1 -1 -1 -1 -1 -1
242 -1 -1 -1 -1 -1 -1 -1 -1 -1 -1 -1 -1 -1 -1 -1 -1 -1 -1 -1 -1
243 -1 -1 -1 -1 -1 -1 -1 -1 -1 -1 -1 -1 -1 -1 -1 -1 -1 -1 -1 -1
244 -1 -1 -1 -1 -1 -1 -1 -1 -1 -1 -1 -1 -1 -1 -1 -1 -1 -1 -1 -1
245 -1 -1 -1 -1 -1 -1 -1 -1 -1 -1 -1 -1 -1 -1 -1 -1 -1 -1 -1 -1
246 -1 -1 -1 -1 -1 -1 -1 -1 -1 -1 -1 -1 -1 -1 -1 -1 -1 -1 -1 -1
247 -1 -1 -1 -1 -1 -1 -1 -1 -1 -1 -1 -1 -1 -1 -1 -1 -1 -1 -1 -1
248 -1 -1 -1 -1 -1 -1 -1 -1 -1 -1 -1 -1 -1 -1 -1 -1 -1 -1 -1 -1
249 -1 -1 -1 -1 -1 -1 -1 -1 -1 -1 -1 -1 -1 -1 -1 -1 -1 -1 -1 -1
250 -1 -1 -1 -1 -1 -1 -1 -1 -1 -1 -1 -1 -1 -1 -1 -1 -1 -1 -1 -1
251 -1 -1 -1 -1 -1 -1 -1 -1 -1 -1 -1 -1 -1 -1 -1 -1 -1 -1 -1 -1
252 -1 -1 -1 -1 -1 -1 -1 -1 -1 -1 -1 -1 -1 -1 -1 -1 -1 -1 -1 -1
253 -1 -1 -1 -1 -1 -1 -1 -1 -1 -1 -1 -1 -1 -1 -1 -1 -1 -1 -1 -1
254 -1 -1 -1 -1 -1 -1 -1 -1 -1 -1 -1 -1 -1 -1 -1 -1 -1 -1 -1 -1
255 -1 -1 -1 -1 -1 -1 -1 -1 -1 -1 -1 -1 -1 -1 -1 -1 -1 -1 -1 -1
256 -1 -1 -1 -1 -1 -1 -1 -1 -1 -1 -1 -1 -1 -1 -1 -1 -1 -1 -1 -1
257 -1 -1 -1 -1 -1 -1 -1 -1 -1 -1 -1 -1 -1 -1 -1 -1 -1 -1 -1 -1
