74
106
0 -1 -1 -1 -1 -1 -1 -1 -1 -1 -1 -1 -1 -1 -1 -1 -1 -1 -1 -1 -1
1 0.525470 0.472157 0.509605 0.771218 0.469395 0.768746 0.549814 0.773690 0.469395 0.768746 0.480493 0.904234 0.485966 1.017709 0.549814 0.773690 0.545908 0.940086 0.550601 1.098574
2 0.524369 0.469906 0.510617 0.774164 0.469998 0.771568 0.551237 0.776760 0.469998 0.771568 0.480377 0.914248 0.486633 1.023032 0.551237 0.776760 0.545110 0.940249 0.546327 1.099373
3 0.522073 0.466779 0.510672 0.774517 0.470116 0.772243 0.551227 0.776792 0.470116 0.772243 0.479953 0.913696 0.487834 1.022621 0.551227 0.776792 0.545421 0.928965 0.542296 1.083183
4 0.518748 0.462732 0.510564 0.773131 0.470095 0.771378 0.551032 0.774884 0.470095 0.771378 0.479289 0.910823 0.487927 1.022350 0.551032 0.774884 0.547426 0.914921 0.540486 1.077746
5 0.514009 0.459165 0.509451 0.772729 0.469027 0.771155 0.549874 0.774303 0.469027 0.771155 0.478473 0.906875 0.488044 1.017460 0.549874 0.774303 0.551881 0.900644 0.541214 1.021433
6 0.509604 0.455499 0.508373 0.771170 0.468107 0.770347 0.548640 0.771993 0.468107 0.770347 0.477565 0.900421 0.488312 1.013741 0.548640 0.771993 0.556919 0.890388 0.541855 1.037031
7 0.507484 0.452247 0.507816 0.770030 0.467592 0.770014 0.548040 0.770046 0.467592 0.770014 0.476178 0.902378 0.488362 1.016842 0.548040 0.770046 0.559283 0.887078 0.546594 1.048083
8 0.504176 0.449082 0.507366 0.768056 0.466923 0.768827 0.547809 0.767285 0.466923 0.768827 0.475785 0.902849 0.488704 1.021329 0.547809 0.767285 0.559435 0.886915 0.546611 1.053143
9 0.502347 0.444869 0.506949 0.764751 0.466329 0.765823 0.547569 0.763680 0.466329 0.765823 0.475347 0.903051 0.488743 1.024282 0.547569 0.763680 0.558679 0.886929 0.544935 1.064179
10 0.501650 0.440594 0.506193 0.758589 0.465517 0.758905 0.546870 0.758274 0.465517 0.758905 0.474682 0.905583 0.488413 1.027724 0.546870 0.758274 0.554864 0.889317 0.543460 1.066675
11 0.501868 0.435593 0.505073 0.753734 0.464516 0.753940 0.545630 0.753529 0.464516 0.753940 0.473896 0.910556 0.487173 1.031950 0.545630 0.753529 0.548042 0.892233 0.540491 1.091308
12 0.502261 0.431393 0.503801 0.750999 0.463368 0.751162 0.544235 0.750836 0.463368 0.751162 0.472354 0.913096 0.477874 1.067908 0.544235 0.750836 0.542834 0.902402 0.540550 1.114268
13 0.502614 0.429256 0.503276 0.747865 0.463244 0.747721 0.543308 0.748008 0.463244 0.747721 0.472347 0.921732 0.475042 1.090035 0.543308 0.748008 0.540262 0.920204 0.540697 1.136830
14 0.504035 0.427957 0.502996 0.743766 0.463270 0.743375 0.542722 0.744158 0.463270 0.743375 0.472285 0.920441 0.476087 1.085260 0.542722 0.744158 0.538932 0.918626 0.540466 1.122408
15 0.505518 0.426273 0.502887 0.737418 0.463340 0.737459 0.542434 0.737376 0.463340 0.737459 0.471503 0.911323 0.477774 1.039592 0.542434 0.737376 0.539091 0.902966 0.535765 1.033152
16 0.508772 0.425559 0.503178 0.731808 0.463888 0.731075 0.542468 0.732542 0.463888 0.731075 0.470380 0.902172 0.478152 1.021674 0.542468 0.732542 0.538217 0.893707 0.531322 1.016242
17 0.510953 0.424045 0.504703 0.723514 0.466388 0.722983 0.543017 0.724045 0.466388 0.722983 0.470198 0.890981 0.478640 1.014318 0.543017 0.724045 0.538313 0.876687 0.528921 1.005948
18 0.512946 0.422448 0.506736 0.711808 0.469331 0.711575 0.544141 0.712042 0.469331 0.711575 0.470217 0.879240 0.479566 1.010594 0.544141 0.712042 0.538360 0.857349 0.528881 0.998046
19 0.515736 0.418586 0.509833 0.702676 0.472609 0.701787 0.547056 0.703566 0.472609 0.701787 0.470386 0.871363 0.480449 1.003414 0.547056 0.703566 0.540824 0.847994 0.528914 0.991719
20 0.517442 0.410465 0.512624 0.693798 0.475536 0.691219 0.549713 0.696377 0.475536 0.691219 0.470417 0.858294 0.480516 0.998291 0.549713 0.696377 0.542825 0.839593 0.528751 0.990083
21 0.519425 0.405511 0.515567 0.684314 0.479734 0.681740 0.551401 0.686888 0.479734 0.681740 0.470192 0.848079 0.480959 0.998460 0.551401 0.686888 0.543610 0.830180 0.528350 0.985649
22 0.522055 0.402891 0.517019 0.682161 0.481489 0.678856 0.552548 0.685466 0.481489 0.678856 0.469668 0.843773 0.482516 0.997333 0.552548 0.685466 0.544563 0.828522 0.527921 0.982112
23 0.523666 0.401226 0.517703 0.680438 0.482340 0.676770 0.553065 0.684107 0.482340 0.676770 0.467498 0.835310 0.489578 0.998131 0.553065 0.684107 0.545720 0.824599 0.527957 0.973946
24 0.525376 0.400434 0.517770 0.679944 0.482280 0.675921 0.553260 0.683966 0.482280 0.675921 0.466056 0.830087 0.493560 0.997243 0.553260 0.683966 0.546100 0.822350 0.528132 0.975327
25 0.526823 0.399486 0.517761 0.679666 0.482298 0.675515 0.553224 0.683818 0.482298 0.675515 0.464311 0.820645 0.494451 0.991953 0.553224 0.683818 0.545953 0.819446 0.528287 0.974683
26 0.528478 0.398675 0.517790 0.678661 0.482366 0.674102 0.553214 0.683220 0.482366 0.674102 0.461682 0.809551 0.493680 0.987710 0.553214 0.683220 0.544821 0.817020 0.528476 0.974273
27 0.529176 0.397750 0.517244 0.676799 0.482128 0.671568 0.552361 0.682030 0.482128 0.671568 0.459514 0.802487 0.488859 0.972417 0.552361 0.682030 0.543100 0.813088 0.528190 0.971996
28 0.528853 0.395436 0.516419 0.670175 0.482051 0.665208 0.550788 0.675141 0.482051 0.665208 0.458316 0.800523 0.477937 0.967250 0.550788 0.675141 0.541665 0.815823 0.526188 0.975469
29 0.527017 0.393681 0.515882 0.664502 0.481878 0.660680 0.549886 0.668324 0.481878 0.660680 0.457559 0.792859 0.468546 0.954159 0.549886 0.668324 0.539760 0.814609 0.525024 0.973504
30 0.524246 0.392776 0.515184 0.658618 0.481697 0.655341 0.548671 0.661894 0.481697 0.655341 0.456685 0.786010 0.459702 0.938561 0.548671 0.661894 0.536637 0.812745 0.525145 0.973390
31 0.521394 0.391252 0.513597 0.652232 0.479948 0.649403 0.547247 0.655060 0.479948 0.649403 0.454971 0.771455 0.444746 0.914556 0.547247 0.655060 0.535110 0.808485 0.524960 0.969873
32 0.517460 0.390183 0.509309 0.648025 0.474608 0.645677 0.544010 0.650372 0.474608 0.645677 0.454558 0.764877 0.437726 0.898685 0.544010 0.650372 0.533793 0.804593 0.525049 0.967899
33 0.512821 0.389332 0.505413 0.645836 0.470502 0.643759 0.540323 0.647914 0.470502 0.643759 0.454948 0.763104 0.435016 0.890944 0.540323 0.647914 0.530432 0.802690 0.525153 0.969209
34 0.508198 0.387794 0.501985 0.643673 0.467481 0.641638 0.536489 0.645707 0.467481 0.641638 0.454832 0.756514 0.434446 0.883537 0.536489 0.645707 0.527884 0.801324 0.525147 0.969765
35 0.502789 0.386909 0.497329 0.639883 0.462505 0.638608 0.532153 0.641157 0.462505 0.638608 0.452419 0.750331 0.434364 0.882074 0.532153 0.641157 0.526068 0.794880 0.524612 0.961270
36 0.497901 0.384591 0.491086 0.634682 0.456151 0.633519 0.526022 0.635845 0.456151 0.633519 0.447480 0.749841 0.433178 0.882743 0.526022 0.635845 0.521821 0.789840 0.524519 0.955810
37 0.492031 0.382046 0.486239 0.630452 0.450982 0.630296 0.521495 0.630608 0.450982 0.630296 0.443016 0.752189 0.433801 0.884276 0.521495 0.630608 0.516165 0.785042 0.524356 0.949471
38 0.486928 0.379899 0.482493 0.628479 0.448305 0.629576 0.516681 0.627382 0.448305 0.629576 0.438273 0.750329 0.433819 0.883347 0.516681 0.627382 0.511120 0.774854 0.525986 0.923539
39 0.480755 0.377733 0.477541 0.625082 0.443761 0.626900 0.511320 0.623264 0.443761 0.626900 0.434637 0.748549 0.433252 0.881981 0.511320 0.623264 0.506739 0.764869 0.526242 0.915719
40 0.475993 0.374592 0.473590 0.621315 0.441135 0.623614 0.506045 0.619016 0.441135 0.623614 0.433616 0.749708 0.434594 0.884013 0.506045 0.619016 0.503200 0.755280 0.526252 0.904947
41 0.470939 0.371611 0.469216 0.617260 0.437453 0.619747 0.500979 0.614774 0.437453 0.619747 0.432474 0.750609 0.435461 0.884808 0.500979 0.614774 0.497655 0.747888 0.524871 0.896519
42 0.466566 0.369710 0.464313 0.612029 0.434521 0.614995 0.494105 0.609064 0.434521 0.614995 0.429329 0.748925 0.435760 0.884136 0.494105 0.609064 0.488849 0.741674 0.518678 0.886074
43 0.463214 0.366784 0.460333 0.608493 0.432804 0.612507 0.487862 0.604478 0.432804 0.612507 0.427577 0.744035 0.436834 0.884288 0.487862 0.604478 0.479222 0.732016 0.506932 0.874264
44 0.459827 0.364848 0.458936 0.603802 0.433114 0.609038 0.484758 0.598565 0.433114 0.609038 0.427838 0.740577 0.439310 0.882850 0.484758 0.598565 0.471895 0.720040 0.491924 0.860567
45 0.457762 0.362891 0.457019 0.598453 0.432265 0.603376 0.481774 0.593529 0.432265 0.603376 0.427400 0.735122 0.440966 0.879297 0.481774 0.593529 0.464133 0.707729 0.476101 0.842998
46 0.455739 0.361686 0.456885 0.592837 0.433559 0.598428 0.480212 0.587246 0.433559 0.598428 0.428377 0.726071 0.442917 0.871291 0.480212 0.587246 0.453725 0.690485 0.466597 0.824484
47 0.454594 0.359827 0.455626 0.588471 0.433860 0.593719 0.477392 0.583224 0.433860 0.593719 0.428238 0.721057 0.442642 0.867047 0.477392 0.583224 0.443171 0.689062 0.451636 0.825563
48 0.453802 0.358812 0.454726 0.587634 0.433990 0.593140 0.475461 0.582128 0.433990 0.593140 0.428123 0.721894 0.440450 0.864551 0.475461 0.582128 0.437992 0.685419 0.430936 0.819223
49 0.452977 0.357445 0.453958 0.586067 0.434264 0.591252 0.473653 0.580882 0.434264 0.591252 0.427606 0.725102 0.438422 0.867055 0.473653 0.580882 0.430907 0.687749 0.421829 0.813230
50 0.451547 0.356448 0.452724 0.585057 0.434525 0.590390 0.470924 0.579723 0.434525 0.590390 0.427742 0.726773 0.437454 0.868605 0.470924 0.579723 0.428552 0.690513 0.418705 0.812043
51 0.449659 0.354422 0.450808 0.581951 0.434659 0.586718 0.466957 0.577184 0.434659 0.586718 0.427911 0.727671 0.437086 0.869412 0.466957 0.577184 0.427952 0.690677 0.416286 0.810035
52 0.448548 0.351570 0.449291 0.578231 0.434789 0.581520 0.463794 0.574942 0.434789 0.581520 0.428063 0.727773 0.436811 0.870010 0.463794 0.574942 0.426618 0.693423 0.417626 0.810538
53 0.448253 0.347757 0.447745 0.573013 0.434838 0.577103 0.460652 0.568924 0.434838 0.577103 0.428174 0.725669 0.436889 0.869528 0.460652 0.568924 0.427104 0.693023 0.420149 0.807422
54 0.447766 0.347493 0.446827 0.573696 0.434885 0.579410 0.458769 0.567981 0.434885 0.579410 0.428246 0.726034 0.436017 0.869829 0.458769 0.567981 0.427335 0.694718 0.421946 0.807597
55 0.447351 0.347508 0.446493 0.575238 0.435937 0.581231 0.457050 0.569245 0.435937 0.581231 0.428291 0.726363 0.435460 0.870377 0.457050 0.569245 0.426615 0.694838 0.423507 0.810488
56 0.447783 0.345666 0.447346 0.575427 0.448047 0.581673 0.446645 0.569181 0.448047 0.581673 0.430932 0.726625 0.436135 0.871136 0.446645 0.569181 0.422993 0.695560 0.423701 0.812890
57 0.449180 0.343970 0.451229 0.575390 0.455422 0.581509 0.447036 0.569271 0.455422 0.581509 0.433777 0.726800 0.439257 0.870965 0.447036 0.569271 0.421187 0.696033 0.423505 0.813646
58 0.448598 0.342265 0.454405 0.572995 0.462232 0.578815 0.446578 0.567176 0.462232 0.578815 0.439204 0.724893 0.445630 0.869805 0.446578 0.567176 0.418014 0.693234 0.423016 0.813272
59 0.447098 0.342532 0.454026 0.571291 0.466504 0.576551 0.441548 0.566031 0.466504 0.576551 0.449498 0.724353 0.458683 0.868271 0.441548 0.566031 0.414305 0.693247 0.421986 0.812846
60 0.448971 0.342500 0.455862 0.570577 0.470286 0.575249 0.441438 0.565905 0.470286 0.575249 0.457445 0.724126 0.466351 0.864984 0.441438 0.565905 0.410929 0.690461 0.421510 0.810636
61 0.450153 0.343070 0.457733 0.570025 0.473667 0.574833 0.441799 0.565217 0.473667 0.574833 0.464020 0.721984 0.474208 0.860135 0.441799 0.565217 0.411406 0.688905 0.422431 0.810402
62 0.450325 0.343919 0.459651 0.567279 0.476857 0.572082 0.442446 0.562476 0.476857 0.572082 0.468424 0.714495 0.483180 0.856143 0.442446 0.562476 0.412130 0.687277 0.422583 0.810429
63 0.452022 0.345812 0.460629 0.566334 0.478580 0.570706 0.442678 0.561962 0.478580 0.570706 0.474470 0.712433 0.492056 0.851697 0.442678 0.561962 0.412863 0.687319 0.424164 0.810656
64 0.455888 0.348368 0.464114 0.563175 0.484699 0.566427 0.443528 0.559924 0.484699 0.566427 0.480204 0.704156 0.502043 0.845630 0.443528 0.559924 0.412975 0.684631 0.425033 0.810777
65 0.459876 0.353152 0.466993 0.562551 0.489844 0.565636 0.444143 0.559467 0.489844 0.565636 0.484929 0.701930 0.510045 0.839881 0.444143 0.559467 0.413661 0.683602 0.425067 0.811109
66 0.463608 0.359838 0.470868 0.561009 0.496643 0.563391 0.445093 0.558627 0.496643 0.563391 0.491031 0.700326 0.517452 0.839914 0.445093 0.558627 0.414087 0.681354 0.424911 0.810936
67 0.468733 0.367862 0.474919 0.560931 0.502050 0.563465 0.447789 0.558397 0.502050 0.563465 0.495184 0.700562 0.522312 0.839374 0.447789 0.558397 0.414961 0.679981 0.424820 0.809772
68 0.473582 0.375861 0.479620 0.561448 0.507298 0.564281 0.451942 0.558616 0.507298 0.564281 0.498459 0.701517 0.526792 0.826756 0.451942 0.558616 0.417377 0.680269 0.424809 0.808054
69 0.479250 0.386188 0.484858 0.565773 0.512784 0.568306 0.456932 0.563240 0.512784 0.568306 0.500763 0.702315 0.531526 0.824183 0.456932 0.563240 0.419057 0.680332 0.424618 0.808342
70 0.486786 0.397046 0.487433 0.576864 0.515080 0.580435 0.459786 0.573292 0.515080 0.580435 0.504222 0.703960 0.534134 0.828921 0.459786 0.573292 0.420768 0.680118 0.424453 0.809942
71 0.494963 0.410976 0.491788 0.585338 0.519266 0.589703 0.464310 0.580974 0.519266 0.589703 0.505726 0.705876 0.533385 0.829088 0.464310 0.580974 0.423298 0.680374 0.424366 0.810898
72 0.503009 0.427230 0.495303 0.597233 0.521145 0.602403 0.469461 0.592063 0.521145 0.602403 0.506625 0.710016 0.534079 0.827326 0.469461 0.592063 0.426397 0.680470 0.424490 0.811220
73 0.511651 0.448593 0.498482 0.605575 0.523527 0.610564 0.473436 0.600586 0.523527 0.610564 0.505423 0.707686 0.536270 0.830447 0.473436 0.600586 0.430816 0.680199 0.425650 0.810551
74 0.517708 0.470432 0.503253 0.619730 0.527676 0.625714 0.478830 0.613746 0.527676 0.625714 0.506070 0.709166 0.537407 0.829744 0.478830 0.613746 0.436451 0.675677 0.426008 0.810305
75 0.521769 0.491762 0.504547 0.637616 0.528578 0.643824 0.480516 0.631407 0.528578 0.643824 0.504268 0.699577 0.534795 0.814258 0.480516 0.631407 0.441700 0.664576 0.425802 0.808232
76 0.530011 0.511797 0.509239 0.657843 0.532528 0.663667 0.485951 0.652019 0.532528 0.663667 0.503923 0.673634 0.532986 0.803680 0.485951 0.652019 0.443105 0.661871 0.421416 0.808256
77 0.535234 0.525047 0.515031 0.671570 0.537825 0.676409 0.492237 0.666732 0.537825 0.676409 0.503088 0.672535 0.532291 0.795707 0.492237 0.666732 0.440254 0.664982 0.413645 0.810417
78 0.541990 0.535828 0.519993 0.687078 0.543179 0.690793 0.496807 0.683363 0.543179 0.690793 0.506071 0.667481 0.531964 0.792755 0.496807 0.683363 0.439050 0.677342 0.401398 0.810663
79 0.547987 0.551693 0.526302 0.702348 0.549012 0.704366 0.503591 0.700330 0.549012 0.704366 0.512120 0.661077 0.531631 0.795428 0.503591 0.700330 0.439378 0.695654 0.383703 0.808473
80 0.551992 0.562214 0.532601 0.715853 0.554100 0.720285 0.511101 0.711420 0.554100 0.720285 0.518087 0.659798 0.526488 0.800486 0.511101 0.711420 0.450478 0.722814 0.369641 0.788903
81 0.554101 0.575174 0.533662 0.725689 0.555659 0.728144 0.511665 0.723234 0.555659 0.728144 0.525259 0.654680 0.519377 0.792457 0.511665 0.723234 0.450654 0.725735 0.360130 0.772458
82 0.558294 0.577889 0.534438 0.714320 0.557274 0.717754 0.511602 0.710885 0.557274 0.717754 0.528026 0.661507 0.502171 0.787134 0.511602 0.710885 0.450005 0.719915 0.363768 0.762585
83 0.566591 0.584125 0.541288 0.708719 0.562729 0.711482 0.519846 0.705955 0.562729 0.711482 0.532971 0.663077 0.485058 0.746512 0.519846 0.705955 0.455150 0.714007 0.367778 0.747498
84 0.572005 0.589938 0.546338 0.706644 0.566430 0.708436 0.526247 0.704852 0.566430 0.708436 0.533687 0.651870 0.482238 0.732495 0.526247 0.704852 0.459774 0.696754 0.369746 0.724826
85 0.573420 0.596620 0.545806 0.711932 0.567652 0.709740 0.523959 0.714124 0.567652 0.709740 0.539758 0.623763 0.486195 0.711089 0.523959 0.714124 0.464937 0.682211 0.373746 0.703024
86 0.576476 0.606238 0.547561 0.708155 0.566032 0.707087 0.529090 0.709224 0.566032 0.707087 0.567693 0.600890 0.499943 0.559791 0.529090 0.709224 0.471033 0.672837 0.383518 0.686072
87 0.580213 0.615540 0.548088 0.705705 0.567917 0.707101 0.528259 0.704310 0.567917 0.707101 0.563124 0.593545 0.496776 0.664844 0.528259 0.704310 0.490728 0.620815 0.392812 0.651304
88 0.584311 0.622166 0.550325 0.704107 0.569591 0.708790 0.531060 0.699424 0.569591 0.708790 0.557900 0.600153 0.486486 0.634900 0.531060 0.699424 0.499336 0.579082 0.400730 0.616970
89 0.586994 0.622121 0.549061 0.702995 0.568667 0.708245 0.529455 0.697745 0.568667 0.708245 0.553802 0.590154 0.469724 0.594601 0.529455 0.697745 0.496365 0.612476 0.405872 0.604213
90 0.588163 0.620104 0.549356 0.699657 0.568174 0.702596 0.530538 0.696717 0.568174 0.702596 0.553226 0.571797 0.472690 0.522849 0.530538 0.696717 0.507965 0.594869 0.414704 0.578661
91 0.590593 0.619166 0.549265 0.699621 0.567429 0.702540 0.531101 0.696703 0.567429 0.702540 0.553148 0.579607 0.477544 0.521466 0.531101 0.696703 0.501734 0.609202 0.420978 0.571523
92 0.591787 0.620521 0.549573 0.699796 0.567397 0.702935 0.531749 0.696656 0.567397 0.702935 0.561234 0.582582 0.482082 0.513782 0.531749 0.696656 0.503281 0.600780 0.425687 0.560716
93 0.593641 0.621392 0.549611 0.700022 0.567640 0.702381 0.531583 0.697664 0.567640 0.702381 0.567443 0.584510 0.507177 0.498199 0.531583 0.697664 0.503158 0.601174 0.432584 0.530604
94 0.592939 0.624018 0.548998 0.699527 0.567413 0.700526 0.530583 0.698528 0.567413 0.700526 0.572344 0.582419 0.509723 0.495199 0.530583 0.698528 0.501545 0.600467 0.429514 0.535091
95 0.594365 0.627956 0.549006 0.699434 0.567579 0.699308 0.530434 0.699559 0.567579 0.699308 0.573386 0.580567 0.506089 0.500190 0.530434 0.699559 0.498873 0.603170 0.431746 0.541372
96 0.595243 0.628371 0.549707 0.699569 0.567442 0.699852 0.531972 0.699285 0.567442 0.699852 0.575437 0.577099 0.507586 0.489346 0.531972 0.699285 0.498762 0.597088 0.432591 0.539269
97 0.594366 0.626684 0.549365 0.697375 0.567284 0.696122 0.531446 0.698628 0.567284 0.696122 0.588800 0.580352 0.538194 0.502379 0.531446 0.698628 0.482070 0.605563 0.428310 0.545175
98 0.593623 0.627341 0.549214 0.695790 0.567178 0.693223 0.531250 0.698357 0.567178 0.693223 0.579847 0.583059 0.523450 0.514155 0.531250 0.698357 0.479129 0.607639 0.425023 0.550117
99 0.593231 0.628013 0.549098 0.695685 0.567235 0.693841 0.530961 0.697528 0.567235 0.693841 0.577354 0.584371 0.515408 0.529297 0.530961 0.697528 0.481014 0.608876 0.424100 0.563841
100 0.593965 0.628931 0.549783 0.695123 0.567181 0.694023 0.532384 0.696222 0.567181 0.694023 0.561466 0.585313 0.485654 0.620956 0.532384 0.696222 0.484619 0.607715 0.412654 0.577624
101 0.596221 0.628127 0.547712 0.697607 0.562762 0.698966 0.532663 0.696249 0.562762 0.698966 0.544373 0.585643 0.463411 0.649467 0.532663 0.696249 0.489668 0.612211 0.410889 0.622117
102 0.595300 0.630234 0.547848 0.707748 0.562442 0.709183 0.533253 0.706313 0.562442 0.709183 0.548334 0.607362 0.480048 0.692850 0.533253 0.706313 0.484982 0.646487 0.404899 0.665630
103 0.595950 0.631448 0.548306 0.706420 0.563501 0.708097 0.533111 0.704743 0.563501 0.708097 0.518287 0.646775 0.485308 0.758305 0.533111 0.704743 0.473332 0.665916 0.399334 0.706948
104 0.595898 0.632451 0.549771 0.705663 0.566231 0.706527 0.533311 0.704799 0.566231 0.706527 0.519712 0.650586 0.465411 0.762941 0.533311 0.704799 0.475462 0.688216 0.402244 0.742849
105 0.595545 0.633548 0.544585 0.709012 0.564364 0.713756 0.524805 0.704268 0.564364 0.713756 0.525833 0.686325 0.466660 0.794200 0.524805 0.704268 0.468655 0.718023 0.400259 0.785330
106 0.594914 0.635149 0.542048 0.707880 0.563724 0.714868 0.520371 0.700893 0.563724 0.714868 0.530649 0.704087 0.487394 0.810365 0.520371 0.700893 0.462961 0.736914 0.398628 0.824341
107 0.593388 0.636773 0.539917 0.708375 0.562578 0.716072 0.517257 0.700677 0.562578 0.716072 0.529869 0.715380 0.495651 0.823928 0.517257 0.700677 0.466162 0.743722 0.394546 0.827017
108 0.592775 0.639784 0.540015 0.708782 0.562676 0.716677 0.517353 0.700888 0.562676 0.716677 0.527308 0.743033 0.497180 0.852512 0.517353 0.700888 0.466477 0.752117 0.395372 0.827146
109 0.592665 0.643241 0.539659 0.712990 0.562485 0.724409 0.516833 0.701571 0.562485 0.724409 0.526503 0.755504 0.496780 0.853032 0.516833 0.701571 0.467369 0.754198 0.392953 0.830795
110 0.592084 0.645564 0.539539 0.718759 0.561922 0.728016 0.517156 0.709502 0.561922 0.728016 0.525040 0.759812 0.496302 0.855333 0.517156 0.709502 0.467896 0.747432 0.393355 0.831714
111 0.592144 0.649193 0.540017 0.718369 0.562049 0.728642 0.517985 0.708097 0.562049 0.728642 0.525554 0.765241 0.493991 0.863049 0.517985 0.708097 0.467587 0.744397 0.393476 0.831144
112 0.592347 0.650608 0.539603 0.717333 0.560998 0.729428 0.518209 0.705239 0.560998 0.729428 0.526900 0.759811 0.492968 0.862023 0.518209 0.705239 0.468007 0.744632 0.393247 0.831442
113 0.592674 0.651569 0.539814 0.715180 0.561073 0.728647 0.518555 0.701713 0.561073 0.728647 0.526293 0.762187 0.493017 0.859997 0.518555 0.701713 0.468029 0.746724 0.393925 0.831339
114 0.593583 0.650828 0.541258 0.713833 0.563893 0.727248 0.518624 0.700419 0.563893 0.727248 0.526220 0.757325 0.494675 0.856290 0.518624 0.700419 0.468166 0.748151 0.394221 0.830072
115 0.594774 0.650680 0.542893 0.712617 0.566153 0.726178 0.519632 0.699056 0.566153 0.726178 0.526469 0.754231 0.497102 0.852219 0.519632 0.699056 0.469149 0.745479 0.397440 0.827535
116 0.595042 0.650081 0.542986 0.711493 0.566179 0.724452 0.519792 0.698535 0.566179 0.724452 0.526981 0.750239 0.498837 0.852155 0.519792 0.698535 0.469164 0.743176 0.398765 0.825890
117 0.595082 0.649874 0.544069 0.711384 0.567277 0.724197 0.520860 0.698571 0.567277 0.724197 0.527273 0.749650 0.499539 0.852054 0.520860 0.698571 0.469843 0.741733 0.399150 0.824937
118 0.595218 0.650179 0.544416 0.710875 0.567488 0.723177 0.521344 0.698573 0.567488 0.723177 0.527392 0.747506 0.500356 0.850230 0.521344 0.698573 0.469406 0.740495 0.399275 0.824179
119 0.595455 0.650137 0.544660 0.710497 0.567454 0.722401 0.521867 0.698592 0.567454 0.722401 0.527561 0.746098 0.500897 0.849401 0.521867 0.698592 0.468489 0.740144 0.399217 0.823075
120 0.595426 0.650236 0.544599 0.710443 0.567341 0.722261 0.521858 0.698626 0.567341 0.722261 0.527657 0.746554 0.500706 0.850919 0.521858 0.698626 0.467638 0.740170 0.398870 0.822707
121 0.595485 0.650333 0.544679 0.710537 0.567240 0.722266 0.522117 0.698807 0.567240 0.722266 0.527713 0.751325 0.500483 0.852535 0.522117 0.698807 0.466338 0.741714 0.397363 0.823767
122 0.595471 0.650252 0.544653 0.710709 0.567189 0.722584 0.522116 0.698833 0.567189 0.722584 0.527246 0.752204 0.500512 0.852685 0.522116 0.698833 0.466526 0.742435 0.396360 0.824520
123 0.595595 0.650196 0.544711 0.711648 0.567135 0.723707 0.522286 0.699589 0.567135 0.723707 0.527015 0.755142 0.500382 0.852227 0.522286 0.699589 0.466681 0.743720 0.395760 0.824897
124 0.595609 0.650177 0.544483 0.711690 0.567023 0.723791 0.521944 0.699588 0.567023 0.723791 0.526435 0.754375 0.500309 0.853085 0.521944 0.699588 0.466718 0.743999 0.395320 0.824865
125 0.595683 0.650045 0.544329 0.711650 0.566837 0.723732 0.521821 0.699568 0.566837 0.723732 0.526358 0.754223 0.500245 0.852857 0.521821 0.699568 0.466777 0.744010 0.395253 0.824697
126 0.595724 0.650149 0.543036 0.712246 0.564346 0.725724 0.521726 0.698769 0.564346 0.725724 0.526417 0.754340 0.499380 0.853466 0.521726 0.698769 0.466796 0.743848 0.394793 0.824429
127 0.595722 0.650085 0.543056 0.711517 0.564388 0.724478 0.521724 0.698555 0.564388 0.724478 0.526385 0.754422 0.499275 0.852905 0.521724 0.698555 0.466679 0.743958 0.394759 0.824181
128 0.595748 0.650044 0.543070 0.711188 0.564415 0.723981 0.521725 0.698395 0.564415 0.723981 0.526385 0.754989 0.499168 0.852628 0.521725 0.698395 0.466623 0.744231 0.394682 0.824017
129 0.595809 0.650033 0.543176 0.710905 0.564590 0.723581 0.521763 0.698229 0.564590 0.723581 0.526400 0.754860 0.499287 0.852701 0.521763 0.698229 0.466628 0.744156 0.394578 0.823961
130 0.595791 0.650045 0.543269 0.709780 0.564738 0.722276 0.521800 0.697283 0.564738 0.722276 0.526418 0.755188 0.499195 0.852561 0.521800 0.697283 0.466630 0.744188 0.394515 0.823914
131 0.595748 0.650014 0.543941 0.708474 0.566090 0.720663 0.521792 0.696286 0.566090 0.720663 0.526427 0.756046 0.499154 0.852440 0.521792 0.696286 0.466646 0.744155 0.394464 0.823852
132 0.595802 0.650018 0.544214 0.707943 0.566633 0.719568 0.521796 0.696318 0.566633 0.719568 0.526441 0.756281 0.499318 0.852407 0.521796 0.696318 0.466637 0.744119 0.394474 0.823815
133 0.595733 0.650001 0.544272 0.707465 0.566759 0.718952 0.521785 0.695978 0.566759 0.718952 0.526446 0.756369 0.499245 0.852214 0.521785 0.695978 0.466598 0.744086 0.394619 0.823933
134 0.595540 0.649854 0.544118 0.707213 0.566751 0.718669 0.521484 0.695758 0.566751 0.718669 0.526436 0.756243 0.499063 0.851914 0.521484 0.695758 0.466605 0.743797 0.394742 0.823978
135 0.595471 0.649851 0.544170 0.707272 0.566883 0.718752 0.521457 0.695791 0.566883 0.718752 0.526368 0.756148 0.498574 0.851846 0.521457 0.695791 0.466648 0.743647 0.394746 0.824068
136 0.595486 0.649620 0.544235 0.706936 0.567005 0.718324 0.521466 0.695548 0.567005 0.718324 0.526355 0.756401 0.498357 0.852979 0.521466 0.695548 0.466687 0.743603 0.394332 0.823852
137 0.595462 0.649412 0.544249 0.706572 0.567018 0.717749 0.521481 0.695396 0.567018 0.717749 0.526305 0.756340 0.498380 0.851606 0.521481 0.695396 0.466693 0.743583 0.394374 0.823853
138 0.595421 0.648928 0.544197 0.706535 0.566899 0.717766 0.521494 0.695304 0.566899 0.717766 0.526304 0.755950 0.498042 0.851398 0.521494 0.695304 0.466702 0.743217 0.394397 0.823885
139 0.595400 0.648782 0.544023 0.706517 0.566707 0.717792 0.521339 0.695242 0.566707 0.717792 0.526298 0.755426 0.497600 0.851171 0.521339 0.695242 0.466823 0.742775 0.394409 0.824000
140 0.595176 0.648809 0.543742 0.706864 0.566535 0.718518 0.520949 0.695210 0.566535 0.718518 0.526295 0.755060 0.497351 0.851174 0.520949 0.695210 0.466837 0.742215 0.394416 0.824090
141 0.595236 0.648773 0.543472 0.706859 0.566276 0.718537 0.520668 0.695182 0.566276 0.718537 0.526287 0.754934 0.497259 0.851166 0.520668 0.695182 0.466840 0.742017 0.394473 0.824157
142 0.595158 0.648844 0.543473 0.706974 0.566275 0.718768 0.520671 0.695180 0.566275 0.718768 0.526278 0.754861 0.497049 0.851119 0.520671 0.695180 0.466869 0.741982 0.394502 0.824177
143 0.595159 0.648862 0.543496 0.707009 0.566394 0.718929 0.520597 0.695089 0.566394 0.718929 0.526289 0.754740 0.496724 0.851107 0.520597 0.695089 0.467016 0.741682 0.394550 0.824166
144 0.595141 0.648856 0.543514 0.707202 0.566480 0.719310 0.520548 0.695095 0.566480 0.719310 0.526551 0.754889 0.496535 0.851119 0.520548 0.695095 0.467123 0.741464 0.394597 0.824128
145 0.595200 0.648834 0.543527 0.707305 0.566504 0.719310 0.520549 0.695301 0.566504 0.719310 0.526527 0.754702 0.496539 0.851185 0.520549 0.695301 0.467127 0.741452 0.394659 0.823856
146 0.595278 0.648835 0.543562 0.707404 0.566574 0.719356 0.520551 0.695451 0.566574 0.719356 0.526643 0.754908 0.496545 0.851197 0.520551 0.695451 0.467208 0.741228 0.394764 0.823774
147 0.595272 0.648859 0.543516 0.707504 0.566496 0.719371 0.520536 0.695638 0.566496 0.719371 0.526616 0.754804 0.496507 0.851195 0.520536 0.695638 0.467243 0.741190 0.394780 0.823754
148 0.595300 0.648857 0.543520 0.707867 0.566502 0.719634 0.520537 0.696099 0.566502 0.719634 0.526653 0.755145 0.496560 0.851509 0.520537 0.696099 0.467296 0.741196 0.394813 0.823749
149 0.595308 0.648735 0.543469 0.707920 0.566502 0.719538 0.520436 0.696301 0.566502 0.719538 0.526598 0.755043 0.496520 0.851435 0.520436 0.696301 0.467300 0.741064 0.394845 0.823734
150 0.595352 0.648731 0.543548 0.707962 0.566447 0.719575 0.520648 0.696349 0.566447 0.719575 0.526597 0.755425 0.496530 0.851033 0.520648 0.696349 0.467306 0.741309 0.394929 0.823732
151 0.595349 0.648771 0.543592 0.708325 0.566420 0.720172 0.520764 0.696477 0.566420 0.720172 0.526597 0.755698 0.496795 0.851575 0.520764 0.696477 0.467310 0.741458 0.394463 0.823162
152 0.595341 0.648809 0.543613 0.708388 0.566428 0.720194 0.520798 0.696582 0.566428 0.720194 0.526597 0.756049 0.496967 0.852267 0.520798 0.696582 0.467313 0.741590 0.394588 0.823221
153 0.595623 0.648886 0.543953 0.708601 0.566644 0.720271 0.521263 0.696931 0.566644 0.720271 0.526597 0.756467 0.497027 0.852785 0.521263 0.696931 0.467453 0.741697 0.394480 0.822855
154 0.595637 0.648963 0.543949 0.708664 0.566684 0.720528 0.521213 0.696800 0.566684 0.720528 0.526610 0.756552 0.497027 0.852594 0.521213 0.696800 0.467512 0.741703 0.394808 0.822857
155 0.595586 0.648951 0.543853 0.708616 0.566681 0.720527 0.521026 0.696705 0.566681 0.720527 0.526610 0.756542 0.497148 0.852812 0.521026 0.696705 0.467515 0.741722 0.395065 0.822905
156 0.595437 0.648962 0.543800 0.708489 0.566691 0.720466 0.520908 0.696513 0.566691 0.720466 0.526621 0.756568 0.497080 0.852648 0.520908 0.696513 0.467474 0.741735 0.395117 0.822928
157 0.595453 0.648899 0.543742 0.708332 0.566725 0.720240 0.520759 0.696423 0.566725 0.720240 0.526621 0.756577 0.497016 0.852522 0.520759 0.696423 0.467472 0.741733 0.395213 0.822949
158 0.595465 0.648868 0.543664 0.708223 0.566725 0.720144 0.520603 0.696302 0.566725 0.720144 0.526612 0.756625 0.496851 0.852337 0.520603 0.696302 0.467522 0.741671 0.395269 0.822963
159 0.595466 0.648747 0.543476 0.708043 0.566705 0.719933 0.520248 0.696153 0.566705 0.719933 0.526615 0.756740 0.496726 0.852288 0.520248 0.696153 0.467525 0.741523 0.395290 0.822966
160 0.595229 0.648676 0.543356 0.707782 0.566707 0.719632 0.520005 0.695932 0.566707 0.719632 0.526615 0.756768 0.496734 0.853155 0.520005 0.695932 0.467515 0.741269 0.395314 0.823011
161 0.595197 0.648695 0.543326 0.707665 0.566718 0.719542 0.519934 0.695788 0.566718 0.719542 0.526434 0.756089 0.496717 0.853263 0.519934 0.695788 0.467443 0.740966 0.395240 0.823262
162 0.595312 0.648583 0.543738 0.707491 0.567048 0.719536 0.520428 0.695447 0.567048 0.719536 0.526554 0.756480 0.496104 0.852644 0.520428 0.695447 0.467325 0.741017 0.395280 0.823249
163 0.595289 0.648559 0.543796 0.707376 0.567111 0.719530 0.520481 0.695222 0.567111 0.719530 0.526638 0.756744 0.495819 0.852553 0.520481 0.695222 0.467022 0.741021 0.395291 0.823251
164 0.595240 0.648551 0.543822 0.707182 0.567133 0.719414 0.520512 0.694951 0.567133 0.719414 0.526729 0.756991 0.495592 0.852170 0.520512 0.694951 0.466992 0.741123 0.395322 0.823255
165 0.595150 0.648517 0.543898 0.706961 0.567172 0.719350 0.520624 0.694573 0.567172 0.719350 0.526730 0.757566 0.495365 0.851983 0.520624 0.694573 0.466992 0.741207 0.395335 0.823256
166 0.595168 0.648469 0.543988 0.706899 0.567249 0.719348 0.520727 0.694449 0.567249 0.719348 0.526734 0.757852 0.495290 0.851980 0.520727 0.694449 0.466956 0.741179 0.395354 0.823257
167 0.595236 0.648486 0.544079 0.706928 0.567292 0.719405 0.520865 0.694450 0.567292 0.719405 0.526742 0.758137 0.495459 0.850801 0.520865 0.694450 0.467033 0.741166 0.395334 0.823217
168 0.595275 0.648570 0.544203 0.706908 0.567442 0.719420 0.520963 0.694396 0.567442 0.719420 0.526753 0.758542 0.495353 0.850824 0.520963 0.694396 0.467181 0.741129 0.395535 0.822696
169 0.595436 0.648571 0.544307 0.706896 0.567578 0.719416 0.521035 0.694375 0.567578 0.719416 0.526746 0.758594 0.495586 0.850494 0.521035 0.694375 0.467362 0.741079 0.395791 0.822319
170 0.595605 0.648730 0.544725 0.706920 0.567920 0.719481 0.521530 0.694358 0.567920 0.719481 0.526764 0.758790 0.495443 0.850931 0.521530 0.694358 0.468485 0.740492 0.395964 0.821994
171 0.595671 0.648796 0.544799 0.706976 0.567999 0.719654 0.521598 0.694297 0.567999 0.719654 0.526769 0.758899 0.495550 0.852607 0.521598 0.694297 0.468468 0.740498 0.395742 0.822095
172 0.595657 0.648813 0.544790 0.707081 0.567984 0.719861 0.521596 0.694302 0.567984 0.719861 0.526799 0.759024 0.495580 0.853893 0.521596 0.694302 0.468407 0.740512 0.395898 0.821923
173 0.595639 0.648790 0.544788 0.707350 0.567984 0.720344 0.521592 0.694357 0.567984 0.720344 0.526800 0.759288 0.495532 0.854546 0.521592 0.694357 0.468365 0.740521 0.395682 0.822085
174 0.595662 0.648949 0.544846 0.708241 0.567773 0.721549 0.521919 0.694933 0.567773 0.721549 0.526799 0.759539 0.495534 0.855456 0.521919 0.694933 0.468388 0.740907 0.395619 0.822434
175 0.595463 0.649024 0.544762 0.708929 0.567764 0.722358 0.521760 0.695500 0.567764 0.722358 0.526800 0.759588 0.495524 0.855692 0.521760 0.695500 0.468383 0.741037 0.395458 0.822647
176 0.595311 0.649128 0.544729 0.709225 0.567737 0.722368 0.521721 0.696081 0.567737 0.722368 0.526790 0.759670 0.495574 0.855662 0.521721 0.696081 0.468374 0.741310 0.395419 0.822685
177 0.595042 0.649020 0.544203 0.709338 0.567223 0.722332 0.521183 0.696343 0.567223 0.722332 0.526761 0.759382 0.495580 0.855637 0.521183 0.696343 0.468094 0.741355 0.395264 0.822813
178 0.594917 0.648921 0.544034 0.709641 0.567188 0.722302 0.520879 0.696980 0.567188 0.722302 0.526761 0.759347 0.495534 0.855580 0.520879 0.696980 0.468069 0.741363 0.395215 0.822853
179 0.594858 0.648861 0.544022 0.709815 0.567187 0.722240 0.520856 0.697390 0.567187 0.722240 0.526750 0.758910 0.495485 0.855534 0.520856 0.697390 0.468065 0.741364 0.395157 0.822915
180 0.594888 0.648925 0.544134 0.709600 0.567200 0.721837 0.521069 0.697363 0.567200 0.721837 0.526667 0.758381 0.495861 0.854113 0.521069 0.697363 0.468061 0.741320 0.395127 0.822968
181 0.594990 0.648908 0.544099 0.709422 0.567117 0.721570 0.521080 0.697273 0.567117 0.721570 0.526624 0.758345 0.495793 0.854437 0.521080 0.697273 0.468069 0.741308 0.395097 0.822992
182 0.595139 0.648902 0.543972 0.709516 0.566913 0.721677 0.521032 0.697355 0.566913 0.721677 0.526591 0.758433 0.495799 0.854574 0.521032 0.697355 0.468075 0.741370 0.394466 0.822603
183 0.595126 0.648811 0.543804 0.709503 0.566736 0.721672 0.520872 0.697335 0.566736 0.721672 0.526591 0.758438 0.495750 0.854710 0.520872 0.697335 0.467988 0.741368 0.394470 0.822700
184 0.595125 0.648774 0.543826 0.709281 0.566747 0.721521 0.520905 0.697041 0.566747 0.721521 0.526590 0.758433 0.495549 0.853734 0.520905 0.697041 0.467987 0.741359 0.394486 0.822755
185 0.595139 0.648777 0.543830 0.709277 0.566748 0.721521 0.520913 0.697034 0.566748 0.721521 0.526636 0.758444 0.495611 0.851321 0.520913 0.697034 0.468048 0.741518 0.395136 0.822497
186 0.595136 0.648672 0.543030 0.709768 0.565283 0.723442 0.520777 0.696094 0.565283 0.723442 0.526468 0.757681 0.495135 0.851493 0.520777 0.696094 0.468038 0.741314 0.395060 0.822651
187 0.595133 0.648586 0.543055 0.708953 0.565392 0.722474 0.520718 0.695432 0.565392 0.722474 0.526290 0.757664 0.494610 0.851706 0.520718 0.695432 0.467942 0.741316 0.394783 0.822896
188 0.595078 0.648516 0.543076 0.708671 0.565436 0.722127 0.520716 0.695215 0.565436 0.722127 0.526297 0.757801 0.494350 0.851756 0.520716 0.695215 0.467904 0.741311 0.394758 0.822935
189 0.595063 0.648466 0.542434 0.709389 0.564148 0.723770 0.520719 0.695009 0.564148 0.723770 0.526290 0.758433 0.494326 0.853742 0.520719 0.695009 0.467878 0.741321 0.394744 0.822960
190 0.595108 0.648549 0.542119 0.710175 0.563538 0.725336 0.520701 0.695013 0.563538 0.725336 0.526262 0.758521 0.494170 0.853712 0.520701 0.695013 0.467877 0.741300 0.394745 0.822966
191 0.595200 0.648551 0.542762 0.709395 0.564820 0.723774 0.520704 0.695017 0.564820 0.723774 0.526262 0.758594 0.494173 0.854454 0.520704 0.695017 0.467866 0.741318 0.395190 0.822648
192 0.595319 0.648560 0.543032 0.709103 0.565503 0.722724 0.520562 0.695482 0.565503 0.722724 0.526262 0.758575 0.494697 0.854360 0.520562 0.695482 0.467832 0.741265 0.395314 0.822401
193 0.595308 0.648557 0.542987 0.709106 0.565555 0.722282 0.520420 0.695931 0.565555 0.722282 0.526262 0.758412 0.494911 0.854269 0.520420 0.695931 0.467765 0.741269 0.395153 0.822483
194 0.595326 0.648493 0.543024 0.708372 0.565680 0.720927 0.520369 0.695817 0.565680 0.720927 0.526045 0.758180 0.494806 0.854826 0.520369 0.695817 0.467616 0.741265 0.395327 0.822416
195 0.595342 0.648484 0.543020 0.708493 0.565739 0.720940 0.520301 0.696046 0.565739 0.720940 0.526054 0.758685 0.494677 0.855338 0.520301 0.696046 0.467490 0.741262 0.395035 0.822724
196 0.595366 0.648438 0.543105 0.708456 0.565896 0.720868 0.520315 0.696045 0.565896 0.720868 0.526083 0.758770 0.494596 0.855014 0.520315 0.696045 0.467197 0.741323 0.395085 0.822428
197 0.595462 0.648396 0.543236 0.708456 0.566164 0.720875 0.520308 0.696038 0.566164 0.720875 0.526088 0.758722 0.494595 0.855408 0.520308 0.696038 0.467135 0.741347 0.395043 0.822732
198 0.595626 0.648455 0.544317 0.709135 0.566306 0.721005 0.522328 0.697264 0.566306 0.721005 0.525902 0.758994 0.494935 0.854102 0.522328 0.697264 0.467120 0.741919 0.394992 0.823602
199 0.595606 0.648586 0.544318 0.709005 0.566311 0.720773 0.522326 0.697237 0.566311 0.720773 0.525580 0.758835 0.494912 0.852102 0.522326 0.697237 0.466964 0.742015 0.394987 0.823677
200 0.595634 0.648699 0.544513 0.708908 0.566456 0.720711 0.522570 0.697105 0.566456 0.720711 0.525596 0.759016 0.495093 0.852154 0.522570 0.697105 0.466963 0.742036 0.394929 0.823781
201 0.595633 0.648697 0.544493 0.708901 0.566477 0.720715 0.522509 0.697088 0.566477 0.720715 0.525581 0.759005 0.495447 0.851721 0.522509 0.697088 0.466914 0.742102 0.394916 0.823871
202 0.595695 0.648775 0.544463 0.708895 0.566455 0.720717 0.522470 0.697073 0.566455 0.720717 0.525589 0.759105 0.495575 0.851698 0.522470 0.697073 0.466890 0.742114 0.394857 0.824018
203 0.595757 0.648894 0.544507 0.708854 0.566564 0.720641 0.522449 0.697066 0.566564 0.720641 0.525584 0.759174 0.495698 0.851694 0.522449 0.697066 0.466840 0.742171 0.394808 0.824155
204 0.595757 0.648795 0.544481 0.708502 0.566587 0.719939 0.522374 0.697065 0.566587 0.719939 0.525294 0.758127 0.495939 0.851672 0.522374 0.697065 0.466830 0.742121 0.394780 0.824222
205 0.595753 0.648780 0.544504 0.708507 0.566660 0.719889 0.522348 0.697125 0.566660 0.719889 0.525168 0.757864 0.496017 0.851681 0.522348 0.697125 0.466820 0.742006 0.394778 0.824244
206 0.595585 0.648834 0.544703 0.708481 0.567082 0.719917 0.522323 0.697045 0.567082 0.719917 0.525285 0.758305 0.496022 0.851908 0.522323 0.697045 0.467091 0.741329 0.395093 0.823810
207 0.595379 0.648905 0.544842 0.708899 0.567348 0.720772 0.522336 0.697026 0.567348 0.720772 0.525553 0.758975 0.495956 0.851503 0.522336 0.697026 0.467148 0.741380 0.395435 0.823495
208 0.595354 0.648934 0.544873 0.709047 0.567423 0.721044 0.522323 0.697049 0.567423 0.721044 0.525608 0.758973 0.495954 0.850751 0.522323 0.697049 0.467147 0.741396 0.395389 0.823625
209 0.595359 0.648852 0.544779 0.708884 0.567423 0.720830 0.522135 0.696939 0.567423 0.720830 0.525666 0.758952 0.496267 0.850848 0.522135 0.696939 0.467605 0.740995 0.395403 0.823368
210 0.595310 0.648634 0.544019 0.708684 0.566825 0.720772 0.521212 0.696596 0.566825 0.720772 0.525561 0.758492 0.496550 0.850824 0.521212 0.696596 0.467358 0.741053 0.395227 0.823433
211 0.595312 0.648520 0.543635 0.708427 0.566419 0.720639 0.520852 0.696215 0.566419 0.720639 0.525513 0.758098 0.496711 0.850703 0.520852 0.696215 0.467051 0.741072 0.394920 0.823602
212 0.595220 0.648247 0.543613 0.708593 0.566388 0.720598 0.520838 0.696588 0.566388 0.720598 0.525434 0.757876 0.496600 0.848537 0.520838 0.696588 0.467045 0.741191 0.394698 0.823674
213 0.595363 0.648116 0.543726 0.708569 0.566386 0.720473 0.521067 0.696666 0.566386 0.720473 0.525429 0.757493 0.496576 0.847871 0.521067 0.696666 0.467031 0.741197 0.394895 0.823366
214 0.595398 0.648207 0.543837 0.708782 0.566418 0.720639 0.521257 0.696925 0.566418 0.720639 0.525552 0.757929 0.496749 0.847954 0.521257 0.696925 0.467257 0.741244 0.395175 0.822908
215 0.595429 0.648332 0.543917 0.709037 0.566543 0.721152 0.521291 0.696921 0.566543 0.721152 0.525794 0.758657 0.496748 0.848745 0.521291 0.696921 0.467353 0.741248 0.395314 0.822717
216 0.595480 0.648392 0.543985 0.709257 0.566660 0.721536 0.521309 0.696979 0.566660 0.721536 0.525899 0.758846 0.496745 0.848808 0.521309 0.696979 0.467432 0.741280 0.395395 0.822641
217 0.595461 0.648436 0.543851 0.709435 0.566663 0.721624 0.521039 0.697245 0.566663 0.721624 0.525942 0.758834 0.496776 0.848876 0.521039 0.697245 0.467509 0.741226 0.395265 0.822863
218 0.595446 0.648617 0.542961 0.710761 0.564930 0.724245 0.520992 0.697277 0.564930 0.724245 0.526007 0.758937 0.496834 0.848929 0.520992 0.697277 0.467700 0.741245 0.395191 0.822965
219 0.595444 0.648664 0.543086 0.710680 0.565257 0.724083 0.520914 0.697277 0.565257 0.724083 0.526082 0.759168 0.496645 0.848914 0.520914 0.697277 0.467731 0.741259 0.395262 0.822698
220 0.595452 0.648744 0.543112 0.710575 0.565484 0.723885 0.520739 0.697264 0.565484 0.723885 0.526096 0.759292 0.496428 0.848947 0.520739 0.697264 0.467744 0.741285 0.395087 0.822835
221 0.595441 0.648752 0.542608 0.710703 0.564559 0.724720 0.520657 0.696687 0.564559 0.724720 0.525933 0.758898 0.496326 0.848959 0.520657 0.696687 0.467730 0.741276 0.395159 0.822814
222 0.595322 0.648341 0.542598 0.709370 0.564656 0.722041 0.520541 0.696698 0.564656 0.722041 0.525709 0.757650 0.495875 0.852659 0.520541 0.696698 0.467557 0.741243 0.394773 0.823114
223 0.595197 0.648226 0.542556 0.708843 0.564717 0.721028 0.520396 0.696657 0.564717 0.721028 0.525695 0.757323 0.495706 0.854585 0.520396 0.696657 0.467332 0.741245 0.394575 0.823246
224 0.595214 0.648020 0.542519 0.708242 0.564732 0.719844 0.520306 0.696640 0.564732 0.719844 0.525603 0.756222 0.495941 0.854121 0.520306 0.696640 0.467105 0.741205 0.394383 0.823496
225 0.595446 0.648033 0.542261 0.709305 0.564302 0.722012 0.520220 0.696599 0.564302 0.722012 0.525512 0.755985 0.496096 0.853874 0.520220 0.696599 0.467026 0.741170 0.394289 0.823538
226 0.595470 0.648436 0.542502 0.709158 0.564726 0.721708 0.520278 0.696609 0.564726 0.721708 0.525372 0.756035 0.496172 0.853810 0.520278 0.696609 0.466986 0.741231 0.394578 0.823266
227 0.595597 0.648495 0.542804 0.708926 0.565100 0.721246 0.520508 0.696607 0.565100 0.721246 0.525244 0.756030 0.496215 0.853680 0.520508 0.696607 0.466874 0.741314 0.394515 0.823410
228 0.595808 0.648515 0.543045 0.708748 0.565481 0.720400 0.520608 0.697095 0.565481 0.720400 0.525151 0.755678 0.496215 0.850977 0.520608 0.697095 0.466850 0.741336 0.394442 0.823454
229 0.595890 0.648443 0.543202 0.708570 0.565552 0.720011 0.520853 0.697128 0.565552 0.720011 0.525368 0.752525 0.496458 0.850508 0.520853 0.697128 0.466845 0.741316 0.394539 0.823249
230 0.595905 0.648636 0.543095 0.710002 0.565322 0.722883 0.520868 0.697120 0.565322 0.722883 0.525210 0.752711 0.496593 0.850516 0.520868 0.697120 0.466845 0.741186 0.394348 0.823406
