192
219
0 -1 -1 -1 -1 -1 -1 -1 -1 -1 -1 -1 -1 -1 -1 -1 -1 -1 -1 -1 -1
1 0.217982 0.628839 0.316476 0.839845 0.339455 0.850631 0.293497 0.829059 0.339455 0.850631 0.306965 0.843456 0.258673 0.797487 0.293497 0.829059 0.209293 0.753316 0.234880 0.770021
2 0.222166 0.605783 0.311969 0.841467 0.331667 0.853922 0.292271 0.829013 0.331667 0.853922 0.269448 0.876195 0.256960 0.855044 0.292271 0.829013 0.209693 0.784562 0.242021 0.829137
3 0.213720 0.605543 0.308914 0.848391 0.306233 0.873183 0.311594 0.823598 0.306233 0.873183 0.218858 0.869586 0.227817 0.839998 0.311594 0.823598 0.222189 0.751083 0.240072 0.804154
4 0.220655 0.601023 0.313027 0.851112 0.301053 0.878575 0.325001 0.823648 0.301053 0.878575 0.225982 0.866046 0.223978 0.831671 0.325001 0.823648 0.247488 0.758626 0.239876 0.797339
5 0.230672 0.603670 0.315806 0.856537 0.297050 0.888016 0.334561 0.825059 0.297050 0.888016 0.221716 0.876640 0.215157 0.848812 0.334561 0.825059 0.259427 0.781738 0.238871 0.807045
6 -1 -1 -1 -1 -1 -1 -1 -1 -1 -1 -1 -1 -1 -1 -1 -1 -1 -1 -1 -1
7 -1 -1 -1 -1 -1 -1 -1 -1 -1 -1 -1 -1 -1 -1 -1 -1 -1 -1 -1 -1
8 -1 -1 -1 -1 -1 -1 -1 -1 -1 -1 -1 -1 -1 -1 -1 -1 -1 -1 -1 -1
9 -1 -1 -1 -1 -1 -1 -1 -1 -1 -1 -1 -1 -1 -1 -1 -1 -1 -1 -1 -1
10 -1 -1 -1 -1 -1 -1 -1 -1 -1 -1 -1 -1 -1 -1 -1 -1 -1 -1 -1 -1
11 -1 -1 -1 -1 -1 -1 -1 -1 -1 -1 -1 -1 -1 -1 -1 -1 -1 -1 -1 -1
12 -1 -1 -1 -1 -1 -1 -1 -1 -1 -1 -1 -1 -1 -1 -1 -1 -1 -1 -1 -1
13 -1 -1 -1 -1 -1 -1 -1 -1 -1 -1 -1 -1 -1 -1 -1 -1 -1 -1 -1 -1
14 -1 -1 -1 -1 -1 -1 -1 -1 -1 -1 -1 -1 -1 -1 -1 -1 -1 -1 -1 -1
15 -1 -1 -1 -1 -1 -1 -1 -1 -1 -1 -1 -1 -1 -1 -1 -1 -1 -1 -1 -1
16 -1 -1 -1 -1 -1 -1 -1 -1 -1 -1 -1 -1 -1 -1 -1 -1 -1 -1 -1 -1
17 -1 -1 -1 -1 -1 -1 -1 -1 -1 -1 -1 -1 -1 -1 -1 -1 -1 -1 -1 -1
18 -1 -1 -1 -1 -1 -1 -1 -1 -1 -1 -1 -1 -1 -1 -1 -1 -1 -1 -1 -1
19 -1 -1 -1 -1 -1 -1 -1 -1 -1 -1 -1 -1 -1 -1 -1 -1 -1 -1 -1 -1
20 -1 -1 -1 -1 -1 -1 -1 -1 -1 -1 -1 -1 -1 -1 -1 -1 -1 -1 -1 -1
21 -1 -1 -1 -1 -1 -1 -1 -1 -1 -1 -1 -1 -1 -1 -1 -1 -1 -1 -1 -1
22 -1 -1 -1 -1 -1 -1 -1 -1 -1 -1 -1 -1 -1 -1 -1 -1 -1 -1 -1 -1
23 -1 -1 -1 -1 -1 -1 -1 -1 -1 -1 -1 -1 -1 -1 -1 -1 -1 -1 -1 -1
24 -1 -1 -1 -1 -1 -1 -1 -1 -1 -1 -1 -1 -1 -1 -1 -1 -1 -1 -1 -1
25 -1 -1 -1 -1 -1 -1 -1 -1 -1 -1 -1 -1 -1 -1 -1 -1 -1 -1 -1 -1
26 -1 -1 -1 -1 -1 -1 -1 -1 -1 -1 -1 -1 -1 -1 -1 -1 -1 -1 -1 -1
27 -1 -1 -1 -1 -1 -1 -1 -1 -1 -1 -1 -1 -1 -1 -1 -1 -1 -1 -1 -1
28 -1 -1 -1 -1 -1 -1 -1 -1 -1 -1 -1 -1 -1 -1 -1 -1 -1 -1 -1 -1
29 -1 -1 -1 -1 -1 -1 -1 -1 -1 -1 -1 -1 -1 -1 -1 -1 -1 -1 -1 -1
30 -1 -1 -1 -1 -1 -1 -1 -1 -1 -1 -1 -1 -1 -1 -1 -1 -1 -1 -1 -1
31 -1 -1 -1 -1 -1 -1 -1 -1 -1 -1 -1 -1 -1 -1 -1 -1 -1 -1 -1 -1
32 -1 -1 -1 -1 -1 -1 -1 -1 -1 -1 -1 -1 -1 -1 -1 -1 -1 -1 -1 -1
33 -1 -1 -1 -1 -1 -1 -1 -1 -1 -1 -1 -1 -1 -1 -1 -1 -1 -1 -1 -1
34 -1 -1 -1 -1 -1 -1 -1 -1 -1 -1 -1 -1 -1 -1 -1 -1 -1 -1 -1 -1
35 -1 -1 -1 -1 -1 -1 -1 -1 -1 -1 -1 -1 -1 -1 -1 -1 -1 -1 -1 -1
36 -1 -1 -1 -1 -1 -1 -1 -1 -1 -1 -1 -1 -1 -1 -1 -1 -1 -1 -1 -1
37 -1 -1 -1 -1 -1 -1 -1 -1 -1 -1 -1 -1 -1 -1 -1 -1 -1 -1 -1 -1
38 -1 -1 -1 -1 -1 -1 -1 -1 -1 -1 -1 -1 -1 -1 -1 -1 -1 -1 -1 -1
39 -1 -1 -1 -1 -1 -1 -1 -1 -1 -1 -1 -1 -1 -1 -1 -1 -1 -1 -1 -1
40 -1 -1 -1 -1 -1 -1 -1 -1 -1 -1 -1 -1 -1 -1 -1 -1 -1 -1 -1 -1
41 -1 -1 -1 -1 -1 -1 -1 -1 -1 -1 -1 -1 -1 -1 -1 -1 -1 -1 -1 -1
42 -1 -1 -1 -1 -1 -1 -1 -1 -1 -1 -1 -1 -1 -1 -1 -1 -1 -1 -1 -1
43 -1 -1 -1 -1 -1 -1 -1 -1 -1 -1 -1 -1 -1 -1 -1 -1 -1 -1 -1 -1
44 -1 -1 -1 -1 -1 -1 -1 -1 -1 -1 -1 -1 -1 -1 -1 -1 -1 -1 -1 -1
45 -1 -1 -1 -1 -1 -1 -1 -1 -1 -1 -1 -1 -1 -1 -1 -1 -1 -1 -1 -1
46 -1 -1 -1 -1 -1 -1 -1 -1 -1 -1 -1 -1 -1 -1 -1 -1 -1 -1 -1 -1
47 -1 -1 -1 -1 -1 -1 -1 -1 -1 -1 -1 -1 -1 -1 -1 -1 -1 -1 -1 -1
48 -1 -1 -1 -1 -1 -1 -1 -1 -1 -1 -1 -1 -1 -1 -1 -1 -1 -1 -1 -1
49 -1 -1 -1 -1 -1 -1 -1 -1 -1 -1 -1 -1 -1 -1 -1 -1 -1 -1 -1 -1
50 -1 -1 -1 -1 -1 -1 -1 -1 -1 -1 -1 -1 -1 -1 -1 -1 -1 -1 -1 -1
51 -1 -1 -1 -1 -1 -1 -1 -1 -1 -1 -1 -1 -1 -1 -1 -1 -1 -1 -1 -1
52 -1 -1 -1 -1 -1 -1 -1 -1 -1 -1 -1 -1 -1 -1 -1 -1 -1 -1 -1 -1
53 -1 -1 -1 -1 -1 -1 -1 -1 -1 -1 -1 -1 -1 -1 -1 -1 -1 -1 -1 -1
54 0.350674 0.358964 0.336313 0.577236 0.303054 0.573363 0.369571 0.581108 0.303054 0.573363 0.295177 0.709306 0.304860 0.862571 0.369571 0.581108 0.371078 0.725205 0.361626 0.874901
55 0.350373 0.355033 0.336321 0.573523 0.303065 0.571027 0.369577 0.576018 0.303065 0.571027 0.294815 0.701579 0.304106 0.851685 0.369577 0.576018 0.370995 0.719418 0.362141 0.868563
56 0.350130 0.352427 0.336392 0.568551 0.303132 0.566537 0.369651 0.570564 0.303132 0.566537 0.294870 0.690297 0.301117 0.837863 0.369651 0.570564 0.370963 0.716295 0.362511 0.867012
57 0.349908 0.350248 0.336420 0.563410 0.303206 0.560421 0.369634 0.566399 0.303206 0.560421 0.294991 0.684694 0.293909 0.826131 0.369634 0.566399 0.370907 0.714093 0.362602 0.866269
58 0.348096 0.349733 0.336096 0.561385 0.303124 0.558686 0.369069 0.564085 0.303124 0.558686 0.294440 0.681199 0.287622 0.817220 0.369069 0.564085 0.370474 0.709580 0.362570 0.861278
59 0.345650 0.350152 0.335596 0.561595 0.303059 0.559136 0.368133 0.564055 0.303059 0.559136 0.293896 0.676332 0.284499 0.802582 0.368133 0.564055 0.370075 0.705095 0.362600 0.855089
60 0.343003 0.350970 0.334439 0.562004 0.302079 0.559170 0.366800 0.564837 0.302079 0.559170 0.292418 0.674768 0.283106 0.794504 0.366800 0.564837 0.369232 0.705925 0.362431 0.856434
61 0.338401 0.350733 0.332886 0.559889 0.300660 0.557678 0.365112 0.562100 0.300660 0.557678 0.291843 0.670726 0.282639 0.790425 0.365112 0.562100 0.367614 0.700991 0.362194 0.853764
62 0.333285 0.350384 0.330353 0.557081 0.298564 0.555034 0.362142 0.559128 0.298564 0.555034 0.290887 0.666295 0.283573 0.782069 0.362142 0.559128 0.365478 0.696104 0.361758 0.848385
63 0.327099 0.347862 0.326213 0.551782 0.295503 0.550672 0.356923 0.552892 0.295503 0.550672 0.290560 0.661858 0.284670 0.779352 0.356923 0.552892 0.363370 0.689084 0.361772 0.841530
64 0.322146 0.341651 0.322456 0.544025 0.292771 0.544557 0.352140 0.543493 0.292771 0.544557 0.289812 0.659139 0.286512 0.775551 0.352140 0.543493 0.361347 0.680532 0.361030 0.828340
65 0.316906 0.332226 0.319055 0.531549 0.290553 0.533162 0.347557 0.529935 0.290553 0.533162 0.288348 0.654707 0.288718 0.776362 0.347557 0.529935 0.359606 0.664294 0.357765 0.809097
66 0.312492 0.324548 0.316236 0.523270 0.288458 0.525008 0.344014 0.521533 0.288458 0.525008 0.287990 0.650430 0.290128 0.771128 0.344014 0.521533 0.355516 0.653021 0.353289 0.792174
67 0.308556 0.318899 0.314367 0.516111 0.286778 0.517815 0.341957 0.514408 0.286778 0.517815 0.287402 0.645032 0.291685 0.767902 0.341957 0.514408 0.352561 0.643123 0.349191 0.780538
68 0.305539 0.314128 0.312292 0.509214 0.284881 0.511111 0.339704 0.507316 0.284881 0.511111 0.286471 0.638047 0.291659 0.760230 0.339704 0.507316 0.346109 0.631011 0.343758 0.765412
69 0.303868 0.310175 0.310509 0.502698 0.283202 0.504208 0.337816 0.501189 0.283202 0.504208 0.285807 0.634007 0.291895 0.760623 0.337816 0.501189 0.341404 0.621272 0.338035 0.755761
70 0.301686 0.305763 0.308458 0.495541 0.281517 0.496934 0.335398 0.494149 0.281517 0.496934 0.285228 0.629245 0.292060 0.756118 0.335398 0.494149 0.338723 0.616158 0.333825 0.750437
71 0.299494 0.302786 0.306747 0.489328 0.279378 0.490918 0.334117 0.487738 0.279378 0.490918 0.283638 0.619855 0.292120 0.749014 0.334117 0.487738 0.335520 0.605092 0.331400 0.737718
72 0.298192 0.300083 0.305009 0.485409 0.277511 0.486725 0.332508 0.484092 0.277511 0.486725 0.282672 0.619810 0.292010 0.747851 0.332508 0.484092 0.330063 0.598612 0.328068 0.724921
73 0.297517 0.298674 0.303651 0.482971 0.275880 0.484313 0.331421 0.481628 0.275880 0.484313 0.280636 0.616201 0.290812 0.743482 0.331421 0.481628 0.324130 0.595800 0.322178 0.720156
74 0.297377 0.297082 0.301718 0.479526 0.274366 0.480694 0.329071 0.478358 0.274366 0.480694 0.277687 0.611613 0.288422 0.742595 0.329071 0.478358 0.319790 0.590572 0.318741 0.709914
75 0.297005 0.296563 0.301107 0.478162 0.274332 0.479667 0.327883 0.476656 0.274332 0.479667 0.276751 0.608525 0.287870 0.742022 0.327883 0.476656 0.315157 0.589405 0.315328 0.701076
76 0.296956 0.296833 0.300497 0.478248 0.274179 0.479484 0.326816 0.477012 0.274179 0.479484 0.274766 0.607273 0.284012 0.737018 0.326816 0.477012 0.310811 0.592313 0.307877 0.709826
77 0.297272 0.295994 0.299152 0.474924 0.273178 0.476017 0.325125 0.473831 0.273178 0.476017 0.272964 0.603568 0.281116 0.734753 0.325125 0.473831 0.310719 0.586758 0.310646 0.701472
78 0.297888 0.295147 0.297842 0.471686 0.272310 0.472102 0.323374 0.471269 0.272310 0.472102 0.271640 0.598533 0.278364 0.730367 0.323374 0.471269 0.309572 0.583557 0.309958 0.692559
79 0.299038 0.293832 0.297873 0.468584 0.272655 0.468869 0.323090 0.468299 0.272655 0.468869 0.271491 0.594289 0.279316 0.727855 0.323090 0.468299 0.310692 0.575580 0.310642 0.673677
80 0.300042 0.290717 0.298092 0.463797 0.273022 0.464147 0.323161 0.463447 0.273022 0.464147 0.271191 0.591319 0.279571 0.724433 0.323161 0.463447 0.312519 0.567158 0.311044 0.671824
81 0.300939 0.287123 0.298628 0.460286 0.273354 0.460612 0.323901 0.459960 0.273354 0.460612 0.270467 0.591539 0.278741 0.722486 0.323901 0.459960 0.313793 0.558475 0.311596 0.663279
82 0.301909 0.284148 0.299311 0.455224 0.274247 0.454303 0.324374 0.456146 0.274247 0.454303 0.269590 0.583221 0.275913 0.713665 0.324374 0.456146 0.313900 0.557985 0.307894 0.669223
83 0.302417 0.281572 0.299960 0.449038 0.275344 0.447313 0.324575 0.450763 0.275344 0.447313 0.269085 0.572681 0.272442 0.698959 0.324575 0.450763 0.313936 0.556327 0.305876 0.671500
84 0.302845 0.278956 0.300630 0.445229 0.276506 0.443481 0.324754 0.446977 0.276506 0.443481 0.269504 0.566874 0.271382 0.690030 0.324754 0.446977 0.314296 0.555207 0.305127 0.670634
85 0.303322 0.276323 0.301119 0.441789 0.277424 0.439871 0.324815 0.443707 0.277424 0.439871 0.269756 0.564024 0.272310 0.684879 0.324815 0.443707 0.313573 0.556290 0.304680 0.673187
86 0.303719 0.273880 0.301251 0.439041 0.277496 0.436649 0.325006 0.441433 0.277496 0.436649 0.269575 0.556410 0.272168 0.677718 0.325006 0.441433 0.313657 0.555106 0.304634 0.672032
87 0.303823 0.272709 0.301081 0.437804 0.277481 0.435306 0.324682 0.440302 0.277481 0.435306 0.269383 0.551577 0.271198 0.672419 0.324682 0.440302 0.313370 0.554102 0.304772 0.670593
88 0.303831 0.271754 0.299674 0.435185 0.276287 0.432616 0.323061 0.437754 0.276287 0.432616 0.269194 0.548508 0.269960 0.670734 0.323061 0.437754 0.313272 0.551848 0.304890 0.668642
89 0.303462 0.270795 0.298949 0.434402 0.275646 0.431786 0.322251 0.437018 0.275646 0.431786 0.269111 0.544700 0.269305 0.664080 0.322251 0.437018 0.313358 0.551428 0.304542 0.666921
90 0.302895 0.270178 0.298006 0.433625 0.275177 0.431321 0.320836 0.435928 0.275177 0.431321 0.269150 0.533545 0.269158 0.642891 0.320836 0.435928 0.314321 0.548172 0.304777 0.664653
91 0.302136 0.269811 0.297852 0.434282 0.275191 0.432138 0.320512 0.436426 0.275191 0.432138 0.269176 0.529200 0.268735 0.633015 0.320512 0.436426 0.314969 0.546513 0.304974 0.662080
92 0.300830 0.269814 0.297551 0.434707 0.275197 0.432768 0.319905 0.436645 0.275197 0.432768 0.269223 0.529227 0.268954 0.626366 0.319905 0.436645 0.315386 0.545219 0.305522 0.659206
93 0.299025 0.269177 0.296767 0.434237 0.274879 0.432530 0.318655 0.435945 0.274879 0.432530 0.269451 0.526623 0.269003 0.622229 0.318655 0.435945 0.315391 0.545090 0.306276 0.658475
94 0.296967 0.268551 0.295051 0.432209 0.273651 0.430387 0.316450 0.434031 0.273651 0.430387 0.269481 0.524344 0.269595 0.620011 0.316450 0.434031 0.315027 0.542524 0.306726 0.656771
95 0.294538 0.267002 0.292367 0.430114 0.270884 0.428281 0.313851 0.431947 0.270884 0.428281 0.269297 0.524506 0.270792 0.622836 0.313851 0.431947 0.314124 0.541253 0.306847 0.655491
96 0.292619 0.265142 0.290536 0.427812 0.268917 0.426371 0.312156 0.429252 0.268917 0.426371 0.269190 0.525082 0.273388 0.623626 0.312156 0.429252 0.313418 0.538110 0.307963 0.653140
97 0.289394 0.262071 0.288097 0.423821 0.266308 0.422617 0.309886 0.425026 0.266308 0.422617 0.269181 0.524112 0.274922 0.622771 0.309886 0.425026 0.312637 0.534663 0.308929 0.651302
98 0.288149 0.259771 0.286545 0.420577 0.265193 0.419587 0.307896 0.421567 0.265193 0.419587 0.269210 0.522520 0.275774 0.622048 0.307896 0.421567 0.312700 0.531487 0.309238 0.649484
99 0.286964 0.257140 0.285806 0.417550 0.264887 0.416715 0.306725 0.418385 0.264887 0.416715 0.269216 0.522650 0.276269 0.620967 0.306725 0.418385 0.312751 0.528964 0.309048 0.646580
100 0.285455 0.255806 0.284643 0.415505 0.264467 0.414804 0.304819 0.416207 0.264467 0.414804 0.269402 0.522389 0.276586 0.623428 0.304819 0.416207 0.312349 0.528138 0.308018 0.645526
101 0.284631 0.254484 0.283438 0.413922 0.264039 0.413467 0.302836 0.414377 0.264039 0.413467 0.269848 0.520762 0.276492 0.623849 0.302836 0.414377 0.312376 0.524601 0.305647 0.641697
102 0.283756 0.253506 0.283076 0.413501 0.264159 0.413037 0.301993 0.413966 0.264159 0.413037 0.269807 0.521368 0.275382 0.624178 0.301993 0.413966 0.311952 0.523554 0.298377 0.639078
103 0.283104 0.252953 0.283121 0.414554 0.264442 0.413945 0.301799 0.415163 0.264442 0.413945 0.269447 0.522071 0.275230 0.624577 0.301799 0.415163 0.308682 0.524365 0.291406 0.640843
104 0.282070 0.252122 0.282453 0.414325 0.264395 0.413719 0.300512 0.414930 0.264395 0.413719 0.269087 0.522355 0.273127 0.627319 0.300512 0.414930 0.305998 0.524969 0.287446 0.641204
105 0.281668 0.251930 0.281568 0.414945 0.263925 0.414137 0.299211 0.415753 0.263925 0.414137 0.268644 0.522498 0.271254 0.627690 0.299211 0.415753 0.302339 0.526150 0.284881 0.644621
106 0.280609 0.251427 0.280168 0.415324 0.263451 0.414590 0.296886 0.416058 0.263451 0.414590 0.268734 0.522644 0.271023 0.630049 0.296886 0.416058 0.299159 0.528370 0.284085 0.647120
107 0.279955 0.251384 0.278971 0.415615 0.262960 0.414768 0.294981 0.416462 0.262960 0.414768 0.268743 0.522901 0.270211 0.631635 0.294981 0.416462 0.296682 0.529982 0.283433 0.649365
108 0.279569 0.251432 0.278172 0.415852 0.262617 0.414953 0.293727 0.416751 0.262617 0.414953 0.268718 0.522987 0.268885 0.631762 0.293727 0.416751 0.295459 0.531245 0.282634 0.651293
109 0.279239 0.251436 0.277716 0.415951 0.262709 0.414917 0.292722 0.416986 0.262709 0.414917 0.268534 0.522782 0.267610 0.631461 0.292722 0.416986 0.294409 0.531856 0.282322 0.652236
110 0.278555 0.251097 0.277386 0.415495 0.262790 0.414358 0.291982 0.416632 0.262790 0.414358 0.268538 0.522115 0.267135 0.631215 0.291982 0.416632 0.294579 0.531787 0.282214 0.652605
111 0.278174 0.250813 0.277229 0.414748 0.262906 0.413482 0.291553 0.416015 0.262906 0.413482 0.268291 0.520666 0.266681 0.630023 0.291553 0.416015 0.294136 0.530983 0.281696 0.652603
112 0.278028 0.250744 0.277034 0.414516 0.262947 0.413065 0.291120 0.415966 0.262947 0.413065 0.267901 0.520096 0.266441 0.629445 0.291120 0.415966 0.293780 0.530816 0.281654 0.652587
113 -1 -1 -1 -1 -1 -1 -1 -1 -1 -1 -1 -1 -1 -1 -1 -1 -1 -1 -1 -1
114 -1 -1 -1 -1 -1 -1 -1 -1 -1 -1 -1 -1 -1 -1 -1 -1 -1 -1 -1 -1
115 -1 -1 -1 -1 -1 -1 -1 -1 -1 -1 -1 -1 -1 -1 -1 -1 -1 -1 -1 -1
116 -1 -1 -1 -1 -1 -1 -1 -1 -1 -1 -1 -1 -1 -1 -1 -1 -1 -1 -1 -1
117 -1 -1 -1 -1 -1 -1 -1 -1 -1 -1 -1 -1 -1 -1 -1 -1 -1 -1 -1 -1
118 -1 -1 -1 -1 -1 -1 -1 -1 -1 -1 -1 -1 -1 -1 -1 -1 -1 -1 -1 -1
119 -1 -1 -1 -1 -1 -1 -1 -1 -1 -1 -1 -1 -1 -1 -1 -1 -1 -1 -1 -1
120 -1 -1 -1 -1 -1 -1 -1 -1 -1 -1 -1 -1 -1 -1 -1 -1 -1 -1 -1 -1
121 -1 -1 -1 -1 -1 -1 -1 -1 -1 -1 -1 -1 -1 -1 -1 -1 -1 -1 -1 -1
122 -1 -1 -1 -1 -1 -1 -1 -1 -1 -1 -1 -1 -1 -1 -1 -1 -1 -1 -1 -1
123 -1 -1 -1 -1 -1 -1 -1 -1 -1 -1 -1 -1 -1 -1 -1 -1 -1 -1 -1 -1
124 -1 -1 -1 -1 -1 -1 -1 -1 -1 -1 -1 -1 -1 -1 -1 -1 -1 -1 -1 -1
125 -1 -1 -1 -1 -1 -1 -1 -1 -1 -1 -1 -1 -1 -1 -1 -1 -1 -1 -1 -1
126 -1 -1 -1 -1 -1 -1 -1 -1 -1 -1 -1 -1 -1 -1 -1 -1 -1 -1 -1 -1
127 -1 -1 -1 -1 -1 -1 -1 -1 -1 -1 -1 -1 -1 -1 -1 -1 -1 -1 -1 -1
128 -1 -1 -1 -1 -1 -1 -1 -1 -1 -1 -1 -1 -1 -1 -1 -1 -1 -1 -1 -1
129 -1 -1 -1 -1 -1 -1 -1 -1 -1 -1 -1 -1 -1 -1 -1 -1 -1 -1 -1 -1
130 -1 -1 -1 -1 -1 -1 -1 -1 -1 -1 -1 -1 -1 -1 -1 -1 -1 -1 -1 -1
131 -1 -1 -1 -1 -1 -1 -1 -1 -1 -1 -1 -1 -1 -1 -1 -1 -1 -1 -1 -1
132 -1 -1 -1 -1 -1 -1 -1 -1 -1 -1 -1 -1 -1 -1 -1 -1 -1 -1 -1 -1
133 -1 -1 -1 -1 -1 -1 -1 -1 -1 -1 -1 -1 -1 -1 -1 -1 -1 -1 -1 -1
134 -1 -1 -1 -1 -1 -1 -1 -1 -1 -1 -1 -1 -1 -1 -1 -1 -1 -1 -1 -1
135 -1 -1 -1 -1 -1 -1 -1 -1 -1 -1 -1 -1 -1 -1 -1 -1 -1 -1 -1 -1
136 -1 -1 -1 -1 -1 -1 -1 -1 -1 -1 -1 -1 -1 -1 -1 -1 -1 -1 -1 -1
137 -1 -1 -1 -1 -1 -1 -1 -1 -1 -1 -1 -1 -1 -1 -1 -1 -1 -1 -1 -1
138 -1 -1 -1 -1 -1 -1 -1 -1 -1 -1 -1 -1 -1 -1 -1 -1 -1 -1 -1 -1
139 -1 -1 -1 -1 -1 -1 -1 -1 -1 -1 -1 -1 -1 -1 -1 -1 -1 -1 -1 -1
140 -1 -1 -1 -1 -1 -1 -1 -1 -1 -1 -1 -1 -1 -1 -1 -1 -1 -1 -1 -1
141 -1 -1 -1 -1 -1 -1 -1 -1 -1 -1 -1 -1 -1 -1 -1 -1 -1 -1 -1 -1
142 0.285965 0.265088 0.287382 0.430870 0.307977 0.427340 0.266786 0.434400 0.307977 0.427340 0.318211 0.529581 0.287344 0.605981 0.266786 0.434400 0.270486 0.544285 0.270138 0.644971
143 0.286617 0.265734 0.287872 0.431401 0.309089 0.428060 0.266655 0.434741 0.309089 0.428060 0.319875 0.532674 0.293603 0.607990 0.266655 0.434741 0.270564 0.543501 0.270596 0.644713
144 0.287654 0.267812 0.288745 0.433932 0.310927 0.431060 0.266562 0.436804 0.310927 0.431060 0.319819 0.535948 0.299655 0.615612 0.266562 0.436804 0.269848 0.544569 0.271112 0.644853
145 0.288678 0.269629 0.289322 0.436900 0.312417 0.434020 0.266227 0.439779 0.312417 0.434020 0.320011 0.543221 0.307683 0.631115 0.266227 0.439779 0.269452 0.548925 0.271835 0.645588
146 0.289945 0.271039 0.290157 0.438941 0.314001 0.435949 0.266312 0.441933 0.314001 0.435949 0.320930 0.545639 0.313386 0.643705 0.266312 0.441933 0.269108 0.551143 0.274301 0.651602
147 0.291418 0.273280 0.291136 0.443364 0.315924 0.441011 0.266349 0.445718 0.315924 0.441011 0.321863 0.555247 0.321694 0.658396 0.266349 0.445718 0.269178 0.557381 0.275000 0.653420
148 0.292493 0.275250 0.292141 0.446437 0.317705 0.444619 0.266576 0.448255 0.317705 0.444619 0.323433 0.566693 0.326038 0.672448 0.266576 0.448255 0.268699 0.563773 0.275170 0.655485
149 0.294271 0.277867 0.294364 0.447345 0.320272 0.445612 0.268456 0.449078 0.320272 0.445612 0.323726 0.569075 0.329478 0.683549 0.268456 0.449078 0.268607 0.565921 0.275395 0.654688
150 0.296721 0.280795 0.296312 0.449654 0.322159 0.448564 0.270465 0.450745 0.322159 0.448564 0.323468 0.569337 0.334340 0.690413 0.270465 0.450745 0.268585 0.567007 0.275465 0.654577
151 0.299784 0.284626 0.298231 0.453325 0.324105 0.452744 0.272358 0.453905 0.324105 0.452744 0.324115 0.572809 0.337142 0.695731 0.272358 0.453905 0.268669 0.569633 0.275683 0.654387
152 0.303072 0.288134 0.300124 0.457742 0.326185 0.457514 0.274064 0.457969 0.326185 0.457514 0.325487 0.579458 0.338915 0.704364 0.274064 0.457969 0.268731 0.574493 0.275643 0.659042
153 0.306714 0.291351 0.302235 0.462390 0.328341 0.462624 0.276129 0.462157 0.328341 0.462624 0.328008 0.584092 0.339957 0.710613 0.276129 0.462157 0.269162 0.576571 0.275628 0.660248
154 0.312021 0.294096 0.304711 0.465767 0.330837 0.466216 0.278584 0.465319 0.330837 0.466216 0.331699 0.590954 0.340870 0.714679 0.278584 0.465319 0.269701 0.581248 0.275705 0.664615
155 0.316327 0.295084 0.308567 0.468784 0.334503 0.469335 0.282630 0.468234 0.334503 0.469335 0.334244 0.594400 0.342376 0.716980 0.282630 0.468234 0.273162 0.586669 0.276306 0.664886
156 0.320634 0.295377 0.312514 0.470800 0.338203 0.471391 0.286824 0.470209 0.338203 0.471391 0.337123 0.596639 0.341556 0.719347 0.286824 0.470209 0.278200 0.587537 0.277216 0.665367
157 0.324311 0.296331 0.316610 0.474253 0.342174 0.474933 0.291047 0.473573 0.342174 0.474933 0.340545 0.599903 0.341515 0.721161 0.291047 0.473573 0.280291 0.589155 0.277555 0.664476
158 0.329414 0.297689 0.319500 0.476181 0.344812 0.477315 0.294189 0.475047 0.344812 0.477315 0.343602 0.600250 0.343360 0.720221 0.294189 0.475047 0.284931 0.587303 0.277495 0.656229
159 0.334205 0.298043 0.323545 0.478134 0.348696 0.479601 0.298394 0.476667 0.348696 0.479601 0.345715 0.602234 0.344043 0.722152 0.298394 0.476667 0.291664 0.590200 0.277474 0.649798
160 0.338850 0.298841 0.328156 0.478758 0.353151 0.480420 0.303161 0.477095 0.353151 0.480420 0.347308 0.603637 0.345914 0.724018 0.303161 0.477095 0.298447 0.592304 0.277508 0.644994
161 0.342515 0.298689 0.333266 0.478764 0.357668 0.480139 0.308864 0.477388 0.357668 0.480139 0.348605 0.607955 0.345805 0.726486 0.308864 0.477388 0.305952 0.600312 0.278173 0.645688
162 0.345524 0.298173 0.336577 0.479265 0.360379 0.480291 0.312775 0.478238 0.360379 0.480291 0.349406 0.611302 0.345453 0.730027 0.312775 0.478238 0.310877 0.605550 0.278955 0.654927
163 0.348643 0.297635 0.340542 0.479811 0.363643 0.480782 0.317442 0.478840 0.363643 0.480782 0.351588 0.614275 0.344665 0.731322 0.317442 0.478840 0.317824 0.608244 0.281496 0.668703
164 0.352651 0.297344 0.345381 0.480229 0.367638 0.481507 0.323124 0.478951 0.367638 0.481507 0.355492 0.614457 0.344398 0.728974 0.323124 0.478951 0.328181 0.609457 0.287833 0.680988
165 0.354974 0.297575 0.349330 0.482772 0.369836 0.483767 0.328824 0.481777 0.369836 0.483767 0.357911 0.613235 0.335634 0.725467 0.328824 0.481777 0.336642 0.610067 0.295068 0.695709
166 0.356463 0.299045 0.353472 0.487797 0.371551 0.488167 0.335393 0.487427 0.371551 0.488167 0.356250 0.615172 0.334497 0.722428 0.335393 0.487427 0.344267 0.616339 0.304962 0.724329
167 0.358948 0.300328 0.356380 0.491523 0.372249 0.490859 0.340512 0.492188 0.372249 0.490859 0.357181 0.615445 0.336649 0.718118 0.340512 0.492188 0.352133 0.622427 0.320239 0.742095
168 0.361142 0.302513 0.358222 0.493682 0.373295 0.493098 0.343149 0.494266 0.373295 0.493098 0.362123 0.614622 0.340266 0.718082 0.343149 0.494266 0.358072 0.624106 0.336061 0.751727
169 0.364777 0.303274 0.360587 0.496872 0.373522 0.496385 0.347653 0.497359 0.373522 0.496385 0.361928 0.616223 0.339292 0.725545 0.347653 0.497359 0.362564 0.629027 0.349623 0.770477
170 0.367637 0.304949 0.363953 0.500463 0.374926 0.499621 0.352979 0.501306 0.374926 0.499621 0.364099 0.621239 0.343288 0.735576 0.352979 0.501306 0.370651 0.634565 0.366652 0.782663
171 0.371605 0.307403 0.368184 0.502116 0.378553 0.501280 0.357815 0.502951 0.378553 0.501280 0.366024 0.622224 0.347690 0.735383 0.357815 0.502951 0.378874 0.635756 0.383514 0.783016
172 0.375053 0.310475 0.373603 0.507744 0.383986 0.506456 0.363219 0.509033 0.383986 0.506456 0.368523 0.626571 0.348239 0.736574 0.363219 0.509033 0.385227 0.642209 0.394070 0.787799
173 0.378065 0.313265 0.379312 0.511239 0.387996 0.509505 0.370627 0.512972 0.387996 0.509505 0.370193 0.631351 0.347510 0.739561 0.370627 0.512972 0.390144 0.645846 0.395298 0.788800
174 0.381366 0.315183 0.382772 0.512674 0.390591 0.510609 0.374952 0.514739 0.390591 0.510609 0.376954 0.631774 0.347499 0.737654 0.374952 0.514739 0.396361 0.650734 0.393491 0.787092
175 0.385666 0.316432 0.386007 0.513016 0.392798 0.510518 0.379217 0.515514 0.392798 0.510518 0.383246 0.632142 0.349461 0.737323 0.379217 0.515514 0.399588 0.652510 0.391577 0.786615
176 0.390261 0.318116 0.388601 0.514944 0.394621 0.512216 0.382581 0.517672 0.394621 0.512216 0.386050 0.633616 0.351600 0.738260 0.382581 0.517672 0.403009 0.656265 0.391605 0.791400
177 0.394573 0.319167 0.393431 0.515817 0.399420 0.512911 0.387441 0.518723 0.399420 0.512911 0.393508 0.635172 0.359208 0.738353 0.387441 0.518723 0.404359 0.658395 0.391305 0.793006
178 0.398532 0.319787 0.397421 0.517537 0.403330 0.514467 0.391511 0.520606 0.403330 0.514467 0.401699 0.636312 0.368427 0.738685 0.391511 0.520606 0.406009 0.660097 0.392315 0.794165
179 0.402551 0.320404 0.403306 0.519613 0.408809 0.517029 0.397803 0.522197 0.408809 0.517029 0.409828 0.637607 0.376774 0.741777 0.397803 0.522197 0.409165 0.661016 0.393398 0.792486
180 0.407632 0.321860 0.409455 0.519983 0.413752 0.517521 0.405158 0.522446 0.413752 0.517521 0.417334 0.637190 0.375868 0.736338 0.405158 0.522446 0.413138 0.662387 0.395188 0.792770
181 0.411646 0.324797 0.417231 0.520659 0.421115 0.518615 0.413347 0.522703 0.421115 0.518615 0.423663 0.638492 0.382801 0.749761 0.413347 0.522703 0.419340 0.664090 0.394476 0.790815
182 -1 -1 -1 -1 -1 -1 -1 -1 -1 -1 -1 -1 -1 -1 -1 -1 -1 -1 -1 -1
183 -1 -1 -1 -1 -1 -1 -1 -1 -1 -1 -1 -1 -1 -1 -1 -1 -1 -1 -1 -1
184 -1 -1 -1 -1 -1 -1 -1 -1 -1 -1 -1 -1 -1 -1 -1 -1 -1 -1 -1 -1
185 -1 -1 -1 -1 -1 -1 -1 -1 -1 -1 -1 -1 -1 -1 -1 -1 -1 -1 -1 -1
186 -1 -1 -1 -1 -1 -1 -1 -1 -1 -1 -1 -1 -1 -1 -1 -1 -1 -1 -1 -1
187 -1 -1 -1 -1 -1 -1 -1 -1 -1 -1 -1 -1 -1 -1 -1 -1 -1 -1 -1 -1
188 -1 -1 -1 -1 -1 -1 -1 -1 -1 -1 -1 -1 -1 -1 -1 -1 -1 -1 -1 -1
189 -1 -1 -1 -1 -1 -1 -1 -1 -1 -1 -1 -1 -1 -1 -1 -1 -1 -1 -1 -1
190 -1 -1 -1 -1 -1 -1 -1 -1 -1 -1 -1 -1 -1 -1 -1 -1 -1 -1 -1 -1
191 0.471729 0.414691 0.485397 0.588945 0.497455 0.584723 0.473339 0.593168 0.497455 0.584723 0.530880 0.694440 0.450596 0.747697 0.473339 0.593168 0.506250 0.713127 0.422588 0.771729
192 0.481710 0.434948 0.494763 0.613417 0.507211 0.609534 0.482315 0.617299 0.507211 0.609534 0.536625 0.716198 0.446827 0.741992 0.482315 0.617299 0.518503 0.735464 0.425987 0.765920
193 0.493341 0.456560 0.498891 0.623661 0.512998 0.617171 0.484784 0.630152 0.512998 0.617171 0.544166 0.733681 0.459031 0.729083 0.484784 0.630152 0.522025 0.751301 0.430195 0.753758
194 0.505935 0.472240 0.501799 0.629390 0.518877 0.620668 0.484721 0.638112 0.518877 0.620668 0.545990 0.743439 0.467520 0.731781 0.484721 0.638112 0.527643 0.762537 0.442970 0.749506
195 0.518998 0.492079 0.504411 0.645476 0.521768 0.639893 0.487054 0.651058 0.521768 0.639893 0.554006 0.750547 0.470904 0.734369 0.487054 0.651058 0.532259 0.771105 0.440893 0.751432
196 0.533783 0.517349 0.505629 0.663566 0.521883 0.658368 0.489375 0.668764 0.521883 0.658368 0.551945 0.753951 0.466462 0.739316 0.489375 0.668764 0.533743 0.769878 0.437171 0.752808
197 0.543766 0.546718 0.507899 0.666325 0.525643 0.659619 0.490156 0.673032 0.525643 0.659619 0.569039 0.737334 0.484481 0.728590 0.490156 0.673032 0.537974 0.763709 0.439595 0.754421
198 0.554538 0.566903 0.509882 0.667448 0.527584 0.665044 0.492180 0.669852 0.527584 0.665044 0.558791 0.745739 0.484442 0.730775 0.492180 0.669852 0.531583 0.752644 0.438959 0.767060
199 0.562970 0.578343 0.509207 0.666060 0.527927 0.667241 0.490486 0.664879 0.527927 0.667241 0.574997 0.715128 0.529182 0.730538 0.490486 0.664879 0.528069 0.737819 0.437145 0.765878
200 0.572251 0.592933 0.508469 0.673960 0.527001 0.687199 0.489937 0.660720 0.527001 0.687199 0.564076 0.739370 0.515911 0.753558 0.489937 0.660720 0.524060 0.731701 0.436466 0.757001
201 0.585931 0.604096 0.514289 0.679395 0.531107 0.701800 0.497471 0.656989 0.531107 0.701800 0.541840 0.768767 0.501913 0.764060 0.497471 0.656989 0.512623 0.713539 0.435634 0.742350
202 0.598389 0.604300 0.518221 0.674819 0.531849 0.693854 0.504594 0.655783 0.531849 0.693854 0.542510 0.764654 0.491037 0.767775 0.504594 0.655783 0.513345 0.709159 0.434757 0.736630
203 0.608660 0.608781 0.527591 0.674342 0.536671 0.693344 0.518512 0.655340 0.536671 0.693344 0.546305 0.764737 0.490490 0.766410 0.518512 0.655340 0.514494 0.687682 0.434716 0.731535
204 0.615419 0.617484 0.534802 0.674085 0.542234 0.694178 0.527370 0.653993 0.542234 0.694178 0.549786 0.756935 0.478412 0.752390 0.527370 0.653993 0.527185 0.660636 0.434444 0.722654
205 0.617839 0.617865 0.537776 0.657993 0.541506 0.685815 0.534045 0.630170 0.541506 0.685815 0.547314 0.753256 0.461654 0.735024 0.534045 0.630170 0.529856 0.665936 0.441734 0.707640
206 0.621400 0.623744 0.541748 0.651977 0.543217 0.682400 0.540280 0.621553 0.543217 0.682400 0.548417 0.739989 0.456700 0.727631 0.540280 0.621553 0.534817 0.662711 0.447835 0.681710
207 0.620245 0.622641 0.544467 0.647762 0.546260 0.679358 0.542673 0.616166 0.546260 0.679358 0.555723 0.736585 0.459512 0.732505 0.542673 0.616166 0.550596 0.657633 0.457423 0.674490
208 0.622198 0.622660 0.546579 0.643644 0.548156 0.674072 0.545002 0.613216 0.548156 0.674072 0.555214 0.734905 0.459755 0.734792 0.545002 0.613216 0.555752 0.662355 0.468317 0.673005
209 0.620834 0.621611 0.545116 0.637757 0.547763 0.666720 0.542468 0.608794 0.547763 0.666720 0.553046 0.733187 0.458624 0.735355 0.542468 0.608794 0.561177 0.661958 0.465911 0.682484
210 0.622297 0.618214 0.542892 0.634370 0.545961 0.661267 0.539823 0.607472 0.545961 0.661267 0.545380 0.729231 0.456447 0.736203 0.539823 0.607472 0.569051 0.663822 0.478405 0.686000
211 0.621773 0.618556 0.546192 0.635381 0.548147 0.663133 0.544237 0.607628 0.548147 0.663133 0.536011 0.721434 0.454586 0.735299 0.544237 0.607628 0.566198 0.656568 0.480184 0.688767
212 0.624371 0.617884 0.544029 0.635681 0.547119 0.661891 0.540938 0.609471 0.547119 0.661891 0.526177 0.724553 0.450429 0.735806 0.540938 0.609471 0.575573 0.660888 0.480024 0.691572
213 0.624610 0.617665 0.544315 0.635554 0.546219 0.660586 0.542410 0.610522 0.546219 0.660586 0.527201 0.729441 0.450447 0.734657 0.542410 0.610522 0.576766 0.662528 0.473021 0.706037
214 0.623021 0.617257 0.543274 0.635311 0.545698 0.658902 0.540849 0.611719 0.545698 0.658902 0.530554 0.742406 0.452908 0.734829 0.540849 0.611719 0.573678 0.668192 0.471271 0.718223
215 0.622473 0.617185 0.542928 0.635651 0.545276 0.658759 0.540581 0.612542 0.545276 0.658759 0.532862 0.744213 0.453653 0.739022 0.540581 0.612542 0.568582 0.685956 0.471580 0.729991
216 0.622153 0.617537 0.543838 0.635409 0.544952 0.657999 0.542723 0.612820 0.544952 0.657999 0.532459 0.758847 0.454388 0.750998 0.542723 0.612820 0.568869 0.693585 0.474346 0.731436
217 0.622610 0.619328 0.542807 0.635848 0.543318 0.658712 0.542295 0.612985 0.543318 0.658712 0.532890 0.755276 0.454748 0.749556 0.542295 0.612985 0.565867 0.697850 0.474539 0.742252
218 0.622892 0.620765 0.541075 0.635516 0.540290 0.657571 0.541861 0.613460 0.540290 0.657571 0.533245 0.723045 0.451352 0.737054 0.541861 0.613460 0.559901 0.693101 0.501600 0.777068
219 0.622807 0.621530 0.539351 0.634874 0.538196 0.655986 0.540507 0.613761 0.538196 0.655986 0.531501 0.716040 0.450380 0.730563 0.540507 0.613761 0.557062 0.702086 0.496972 0.792761
220 0.623229 0.621763 0.536885 0.636354 0.536474 0.656438 0.537295 0.616270 0.536474 0.656438 0.531966 0.719830 0.449355 0.731094 0.537295 0.616270 0.555540 0.703700 0.493533 0.790557
221 0.623858 0.622156 0.535692 0.637763 0.535801 0.656789 0.535583 0.618736 0.535801 0.656789 0.532396 0.720893 0.450165 0.731306 0.535583 0.618736 0.554341 0.706932 0.492040 0.793974
222 0.624480 0.623524 0.534465 0.639711 0.535457 0.658126 0.533472 0.621296 0.535457 0.658126 0.526489 0.736678 0.450659 0.729140 0.533472 0.621296 0.554899 0.707098 0.493295 0.786119
223 0.625432 0.625484 0.532883 0.641139 0.534513 0.658704 0.531253 0.623574 0.534513 0.658704 0.524583 0.741513 0.450599 0.727750 0.531253 0.623574 0.555139 0.706971 0.492369 0.784373
224 0.626060 0.626000 0.532337 0.641482 0.534035 0.658742 0.530638 0.624222 0.534035 0.658742 0.524984 0.733880 0.450224 0.727693 0.530638 0.624222 0.554909 0.706569 0.491163 0.788820
225 0.626270 0.626717 0.532009 0.641184 0.533640 0.658214 0.530379 0.624154 0.533640 0.658214 0.526104 0.729191 0.450411 0.727225 0.530379 0.624154 0.554293 0.708305 0.490719 0.788295
226 0.626515 0.626770 0.531811 0.640298 0.533517 0.656735 0.530104 0.623861 0.533517 0.656735 0.524612 0.729541 0.450148 0.727302 0.530104 0.623861 0.553977 0.710025 0.490100 0.785574
227 0.627085 0.626679 0.531858 0.640167 0.533558 0.656679 0.530159 0.623655 0.533558 0.656679 0.521387 0.729948 0.450156 0.726755 0.530159 0.623655 0.553324 0.709673 0.490654 0.787511
228 0.627296 0.626847 0.531929 0.639949 0.533577 0.656268 0.530281 0.623630 0.533577 0.656268 0.522901 0.735196 0.450075 0.726822 0.530281 0.623630 0.552995 0.709201 0.490469 0.789556
229 0.627561 0.626937 0.532309 0.640148 0.534245 0.656685 0.530372 0.623610 0.534245 0.656685 0.523722 0.735155 0.449879 0.726991 0.530372 0.623610 0.551494 0.708653 0.490608 0.789554
230 0.627530 0.627458 0.532402 0.640442 0.534293 0.657407 0.530512 0.623476 0.534293 0.657407 0.529614 0.727435 0.450278 0.727157 0.530512 0.623476 0.551719 0.708120 0.490704 0.790190
231 0.627281 0.627697 0.532467 0.640415 0.533849 0.657457 0.531084 0.623374 0.533849 0.657457 0.531687 0.727575 0.450453 0.727281 0.531084 0.623374 0.551918 0.707757 0.490569 0.788900
232 0.627205 0.627729 0.532727 0.640501 0.533861 0.657710 0.531592 0.623292 0.533861 0.657710 0.532607 0.725580 0.450867 0.728078 0.531592 0.623292 0.551860 0.707622 0.490667 0.789458
233 0.627131 0.627715 0.532896 0.640304 0.533954 0.657739 0.531839 0.622870 0.533954 0.657739 0.530258 0.728103 0.450747 0.728033 0.531839 0.622870 0.551935 0.707409 0.490894 0.788734
234 0.626967 0.627658 0.532966 0.639913 0.533976 0.657670 0.531957 0.622156 0.533976 0.657670 0.528166 0.732576 0.450608 0.728036 0.531957 0.622156 0.551935 0.707560 0.490863 0.788765
235 0.626886 0.627800 0.532990 0.639932 0.534008 0.657802 0.531973 0.622061 0.534008 0.657802 0.529677 0.732442 0.450614 0.728035 0.531973 0.622061 0.551770 0.707460 0.490845 0.788488
236 0.626703 0.627855 0.533053 0.639850 0.534061 0.657812 0.532045 0.621888 0.534061 0.657812 0.530000 0.733479 0.450617 0.728930 0.532045 0.621888 0.551233 0.707405 0.490790 0.788326
237 0.626586 0.627849 0.533072 0.639782 0.534083 0.657789 0.532061 0.621776 0.534083 0.657789 0.530646 0.727156 0.450323 0.728893 0.532061 0.621776 0.550944 0.707328 0.490585 0.788301
238 0.626386 0.627845 0.532848 0.639790 0.533686 0.657818 0.532010 0.621763 0.533686 0.657818 0.530632 0.730647 0.450326 0.728723 0.532010 0.621763 0.550127 0.707304 0.490449 0.789411
239 0.626367 0.627908 0.532884 0.639846 0.533744 0.657940 0.532024 0.621752 0.533744 0.657940 0.531825 0.726799 0.450368 0.728827 0.532024 0.621752 0.549098 0.707260 0.490427 0.789648
240 0.626333 0.627899 0.532953 0.639707 0.533878 0.657947 0.532028 0.621466 0.533878 0.657947 0.531922 0.724347 0.450524 0.728877 0.532028 0.621466 0.548638 0.707175 0.490418 0.790129
241 0.626185 0.627762 0.533018 0.639667 0.534009 0.657955 0.532027 0.621378 0.534009 0.657955 0.531869 0.730247 0.450524 0.728389 0.532027 0.621378 0.548677 0.707210 0.490436 0.790414
242 0.626361 0.627626 0.533106 0.640897 0.534183 0.659887 0.532028 0.621907 0.534183 0.659887 0.529883 0.737086 0.450971 0.729695 0.532028 0.621907 0.548472 0.707495 0.494289 0.789479
243 0.626352 0.627470 0.533252 0.641029 0.534471 0.659995 0.532033 0.622062 0.534471 0.659995 0.528269 0.739328 0.450971 0.729485 0.532033 0.622062 0.548446 0.708052 0.494087 0.789054
244 0.626304 0.627333 0.533249 0.641168 0.534464 0.660126 0.532033 0.622210 0.534464 0.660126 0.527412 0.738681 0.450875 0.728917 0.532033 0.622210 0.548502 0.708304 0.494007 0.789513
245 0.626261 0.627400 0.533289 0.641651 0.534545 0.660972 0.532033 0.622331 0.534545 0.660972 0.529093 0.738037 0.450920 0.728943 0.532033 0.622331 0.548496 0.708559 0.493809 0.790107
246 0.626200 0.627463 0.533246 0.641634 0.534549 0.660938 0.531942 0.622331 0.534549 0.660938 0.528534 0.737808 0.451018 0.728397 0.531942 0.622331 0.548516 0.708938 0.493644 0.791234
247 0.626172 0.627513 0.533197 0.641692 0.534547 0.661061 0.531847 0.622323 0.534547 0.661061 0.527726 0.739662 0.451036 0.727707 0.531847 0.622323 0.548465 0.707753 0.493576 0.791443
248 0.626024 0.627566 0.533146 0.641726 0.534547 0.661132 0.531746 0.622321 0.534547 0.661132 0.527555 0.739189 0.451052 0.727408 0.531746 0.622321 0.547141 0.707690 0.493511 0.791775
249 0.626006 0.627568 0.533145 0.641724 0.534537 0.661135 0.531753 0.622314 0.534537 0.661135 0.527344 0.738872 0.451066 0.727218 0.531753 0.622314 0.546405 0.708564 0.493423 0.792382
250 0.625968 0.627651 0.533140 0.641723 0.534531 0.661133 0.531749 0.622313 0.534531 0.661133 0.526933 0.739937 0.451073 0.727127 0.531749 0.622313 0.546541 0.707926 0.493391 0.792386
251 0.625891 0.627636 0.533052 0.641646 0.534410 0.661062 0.531695 0.622230 0.534410 0.661062 0.523219 0.741639 0.450862 0.727074 0.531695 0.622230 0.546828 0.708646 0.493311 0.792331
252 0.625786 0.627602 0.533053 0.641629 0.534411 0.661059 0.531695 0.622199 0.534411 0.661059 0.523684 0.741502 0.450829 0.726754 0.531695 0.622199 0.546079 0.710062 0.493272 0.792290
253 0.625762 0.627498 0.533029 0.641136 0.534410 0.660453 0.531647 0.621818 0.534410 0.660453 0.524098 0.741000 0.450939 0.726531 0.531647 0.621818 0.546287 0.710505 0.493084 0.792258
254 0.625959 0.626223 0.533318 0.640742 0.534885 0.659714 0.531752 0.621769 0.534885 0.659714 0.524219 0.740797 0.450951 0.726534 0.531752 0.621769 0.546370 0.710455 0.493101 0.792090
255 0.625958 0.626222 0.533388 0.640757 0.535089 0.659711 0.531688 0.621803 0.535089 0.659711 0.527103 0.740358 0.451546 0.727723 0.531688 0.621803 0.546440 0.710417 0.492875 0.789161
256 0.626032 0.626080 0.533677 0.640795 0.535465 0.659752 0.531889 0.621839 0.535465 0.659752 0.527103 0.740819 0.451901 0.730033 0.531889 0.621839 0.536863 0.710383 0.493876 0.786894
257 0.625897 0.626005 0.533672 0.640653 0.535426 0.659467 0.531918 0.621840 0.535426 0.659467 0.526417 0.740946 0.451396 0.728949 0.531918 0.621840 0.540392 0.710374 0.493764 0.787560
258 0.625792 0.625922 0.533518 0.640657 0.535132 0.659454 0.531905 0.621861 0.535132 0.659454 0.526259 0.741195 0.451231 0.728801 0.531905 0.621861 0.541996 0.710350 0.493243 0.787492
259 0.625680 0.625683 0.533654 0.640763 0.535406 0.659667 0.531901 0.621859 0.535406 0.659667 0.526265 0.741177 0.450892 0.728571 0.531901 0.621859 0.542584 0.709347 0.492944 0.789410
260 0.625554 0.625444 0.533761 0.640876 0.535674 0.659922 0.531849 0.621830 0.535674 0.659922 0.526432 0.741115 0.450878 0.730180 0.531849 0.621830 0.542884 0.708416 0.492915 0.791967
261 0.625454 0.625385 0.533863 0.641016 0.535859 0.660200 0.531867 0.621832 0.535859 0.660200 0.527956 0.740576 0.450869 0.730893 0.531867 0.621832 0.543118 0.707260 0.493578 0.791970
262 0.625368 0.625331 0.533976 0.641057 0.535986 0.660273 0.531965 0.621840 0.535986 0.660273 0.529136 0.740558 0.450876 0.731114 0.531965 0.621840 0.543228 0.706849 0.494063 0.792089
263 0.625298 0.625355 0.534022 0.641224 0.536012 0.660485 0.532032 0.621962 0.536012 0.660485 0.529425 0.741644 0.450846 0.731016 0.532032 0.621962 0.544233 0.706659 0.494643 0.790059
264 0.625198 0.625379 0.534030 0.641281 0.536018 0.660493 0.532043 0.622069 0.536018 0.660493 0.529380 0.741386 0.450717 0.730697 0.532043 0.622069 0.544145 0.709187 0.494204 0.790340
265 0.625160 0.625445 0.533969 0.641316 0.535963 0.660487 0.531975 0.622145 0.535963 0.660487 0.528694 0.741445 0.450707 0.729997 0.531975 0.622145 0.544143 0.710692 0.493658 0.790706
266 0.625226 0.625851 0.534024 0.641427 0.535940 0.660713 0.532109 0.622142 0.535940 0.660713 0.527650 0.740795 0.450874 0.728761 0.532109 0.622142 0.544984 0.708269 0.494339 0.791112
267 0.625300 0.626123 0.534014 0.641267 0.535923 0.660638 0.532106 0.621895 0.535923 0.660638 0.526484 0.740483 0.450852 0.727594 0.532106 0.621895 0.545741 0.708773 0.493844 0.791346
268 0.625347 0.626642 0.534010 0.641741 0.535921 0.661505 0.532100 0.621978 0.535921 0.661505 0.528637 0.739604 0.450863 0.727181 0.532100 0.621978 0.546235 0.707135 0.493924 0.791320
269 0.625356 0.626754 0.534038 0.641780 0.535918 0.661531 0.532158 0.622029 0.535918 0.661531 0.527930 0.739546 0.450841 0.726984 0.532158 0.622029 0.546648 0.706705 0.493707 0.791388
270 0.625366 0.626860 0.533996 0.641726 0.535839 0.661476 0.532152 0.621977 0.535839 0.661476 0.528375 0.731697 0.450854 0.726515 0.532152 0.621977 0.546900 0.706514 0.493181 0.791526
271 0.625428 0.626946 0.533928 0.641637 0.535691 0.661312 0.532166 0.621962 0.535691 0.661312 0.529466 0.731836 0.450856 0.726414 0.532166 0.621962 0.547145 0.706451 0.492696 0.791609
272 0.625466 0.626952 0.533977 0.641428 0.535716 0.661168 0.532238 0.621688 0.535716 0.661168 0.528357 0.733874 0.450733 0.726407 0.532238 0.621688 0.546508 0.706461 0.492080 0.792121
273 0.625467 0.626958 0.533978 0.641309 0.535712 0.660946 0.532244 0.621672 0.535712 0.660946 0.527706 0.734471 0.450626 0.726415 0.532244 0.621672 0.546626 0.706470 0.491893 0.792389
274 0.625452 0.626956 0.534015 0.641178 0.535777 0.660848 0.532253 0.621509 0.535777 0.660848 0.530077 0.731550 0.450620 0.726403 0.532253 0.621509 0.546658 0.706533 0.491773 0.792625
275 0.625232 0.626838 0.533950 0.640580 0.535646 0.660173 0.532254 0.620986 0.535646 0.660173 0.528525 0.733715 0.450552 0.726410 0.532254 0.620986 0.547073 0.706722 0.491830 0.792698
276 0.625167 0.626770 0.533962 0.640297 0.535683 0.660144 0.532241 0.620450 0.535683 0.660144 0.529538 0.728995 0.450551 0.726411 0.532241 0.620450 0.547150 0.706697 0.492046 0.792987
277 0.625140 0.626851 0.533958 0.640296 0.535754 0.660369 0.532161 0.620223 0.535754 0.660369 0.532584 0.728042 0.450468 0.726415 0.532161 0.620223 0.546323 0.706718 0.492176 0.793085
278 0.625281 0.626961 0.534002 0.641471 0.535845 0.661757 0.532159 0.621184 0.535845 0.661757 0.532462 0.737043 0.450439 0.726707 0.532159 0.621184 0.546508 0.706187 0.493113 0.792336
279 0.625319 0.626998 0.533956 0.642106 0.535786 0.662428 0.532126 0.621784 0.535786 0.662428 0.528139 0.740931 0.450407 0.726737 0.532126 0.621784 0.546573 0.705895 0.494039 0.791864
280 0.625336 0.627127 0.533956 0.642291 0.535789 0.662589 0.532124 0.621992 0.535789 0.662589 0.526329 0.741004 0.450200 0.726766 0.532124 0.621992 0.546044 0.706015 0.494020 0.792096
281 0.625348 0.627195 0.533963 0.642400 0.535795 0.662593 0.532131 0.622206 0.535795 0.662593 0.525548 0.740867 0.450138 0.726760 0.532131 0.622206 0.546531 0.706030 0.494005 0.792135
282 0.625333 0.627257 0.533966 0.642353 0.535799 0.662505 0.532133 0.622202 0.535799 0.662505 0.525610 0.739544 0.450018 0.726755 0.532133 0.622202 0.547080 0.706081 0.492765 0.792285
283 0.625326 0.627326 0.533921 0.642228 0.535769 0.662336 0.532073 0.622120 0.535769 0.662336 0.528035 0.737269 0.449982 0.726658 0.532073 0.622120 0.547244 0.706131 0.491599 0.792616
284 0.625336 0.627416 0.533888 0.642200 0.535754 0.662281 0.532022 0.622119 0.535754 0.662281 0.529353 0.736053 0.449980 0.726553 0.532022 0.622119 0.547328 0.706419 0.491028 0.793069
285 0.625340 0.627425 0.533876 0.642100 0.535735 0.662084 0.532017 0.622116 0.535735 0.662084 0.529495 0.736608 0.449940 0.726543 0.532017 0.622116 0.547430 0.706879 0.490956 0.793080
286 0.625372 0.627427 0.533926 0.641935 0.535838 0.661847 0.532015 0.622024 0.535838 0.661847 0.530466 0.728591 0.449939 0.726566 0.532015 0.622024 0.547575 0.706955 0.490980 0.793203
287 0.625424 0.627501 0.533910 0.641936 0.535829 0.661841 0.531991 0.622031 0.535829 0.661841 0.530701 0.728698 0.449938 0.726546 0.531991 0.622031 0.547461 0.706976 0.490726 0.793304
288 0.625425 0.627534 0.533842 0.641846 0.535746 0.661665 0.531938 0.622028 0.535746 0.661665 0.531042 0.729427 0.449950 0.726530 0.531938 0.622028 0.547395 0.707027 0.490765 0.793392
289 0.625418 0.627541 0.533811 0.641754 0.535708 0.661657 0.531915 0.621852 0.535708 0.661657 0.531355 0.728207 0.449598 0.726535 0.531915 0.621852 0.546134 0.707276 0.490978 0.793524
290 0.625430 0.627382 0.533846 0.641789 0.535761 0.661735 0.531932 0.621844 0.535761 0.661735 0.531280 0.728528 0.449598 0.726809 0.531932 0.621844 0.545778 0.707944 0.491317 0.794435
291 0.625429 0.627298 0.533860 0.641763 0.535767 0.661737 0.531954 0.621788 0.535767 0.661737 0.530692 0.726956 0.449591 0.726882 0.531954 0.621788 0.545906 0.708199 0.491376 0.794964
292 0.625373 0.627241 0.533916 0.641725 0.535766 0.661732 0.532065 0.621717 0.535766 0.661732 0.530560 0.733227 0.449581 0.726950 0.532065 0.621717 0.546275 0.708390 0.491446 0.795110
293 0.625405 0.627238 0.533957 0.641922 0.535814 0.662041 0.532101 0.621803 0.535814 0.662041 0.530326 0.730674 0.449522 0.726940 0.532101 0.621803 0.545615 0.708390 0.491537 0.795192
294 0.625386 0.627207 0.533969 0.641831 0.535831 0.662038 0.532107 0.621625 0.535831 0.662038 0.530365 0.729673 0.449525 0.726944 0.532107 0.621625 0.545366 0.708389 0.491641 0.795236
295 0.625335 0.627132 0.533965 0.641682 0.535832 0.661922 0.532098 0.621442 0.535832 0.661922 0.530564 0.728830 0.449570 0.726921 0.532098 0.621442 0.545269 0.708444 0.491641 0.795199
296 0.625353 0.627083 0.533950 0.641574 0.535824 0.661819 0.532077 0.621329 0.535824 0.661819 0.528801 0.734937 0.449578 0.726922 0.532077 0.621329 0.545724 0.708425 0.491402 0.795147
297 0.625304 0.627072 0.533904 0.641488 0.535786 0.661751 0.532022 0.621225 0.535786 0.661751 0.529496 0.734645 0.449571 0.726907 0.532022 0.621225 0.546195 0.708347 0.491516 0.795289
298 0.625216 0.626982 0.533659 0.641470 0.535567 0.661760 0.531752 0.621180 0.535567 0.661760 0.528117 0.729666 0.449506 0.726823 0.531752 0.621180 0.545832 0.708346 0.491736 0.795696
299 0.625190 0.627024 0.533560 0.641185 0.535484 0.661664 0.531635 0.620705 0.535484 0.661664 0.529020 0.725297 0.449457 0.726815 0.531635 0.620705 0.545414 0.705424 0.491741 0.795879
300 0.625147 0.627263 0.533565 0.641366 0.535496 0.662025 0.531634 0.620707 0.535496 0.662025 0.529545 0.725053 0.449363 0.726711 0.531634 0.620707 0.544875 0.703902 0.491763 0.795878
301 0.625019 0.627461 0.533536 0.641785 0.535474 0.662647 0.531599 0.620922 0.535474 0.662647 0.531187 0.725217 0.448982 0.726720 0.531599 0.620922 0.544235 0.703154 0.491777 0.795850
302 0.624973 0.626660 0.533489 0.641716 0.535401 0.662251 0.531577 0.621181 0.535401 0.662251 0.528944 0.735791 0.449108 0.726846 0.531577 0.621181 0.545313 0.705366 0.491779 0.795406
303 0.624892 0.625972 0.533458 0.641655 0.535365 0.661990 0.531551 0.621320 0.535365 0.661990 0.527537 0.739006 0.449127 0.727088 0.531551 0.621320 0.544956 0.707260 0.492042 0.794610
304 0.624895 0.625977 0.533497 0.641744 0.535421 0.661984 0.531573 0.621503 0.535421 0.661984 0.528489 0.739303 0.449206 0.727188 0.531573 0.621503 0.544552 0.708477 0.492054 0.794496
305 0.624879 0.625999 0.533542 0.641741 0.535469 0.661941 0.531614 0.621541 0.535469 0.661941 0.529054 0.739641 0.449333 0.727212 0.531614 0.621541 0.544545 0.709001 0.492075 0.794425
