100
129
0 -1 -1 -1 -1 -1 -1 -1 -1 -1 -1 -1 -1 -1 -1 -1 -1 -1 -1 -1 -1
1 -1 -1 -1 -1 -1 -1 -1 -1 -1 -1 -1 -1 -1 -1 -1 -1 -1 -1 -1 -1
2 -1 -1 -1 -1 -1 -1 -1 -1 -1 -1 -1 -1 -1 -1 -1 -1 -1 -1 -1 -1
3 -1 -1 -1 -1 -1 -1 -1 -1 -1 -1 -1 -1 -1 -1 -1 -1 -1 -1 -1 -1
4 0.278851 0.232027 0.285084 0.392186 0.299227 0.391411 0.270941 0.392961 0.299227 0.391411 0.306745 0.490581 0.301074 0.582409 0.270941 0.392961 0.268646 0.497084 0.262301 0.587226
5 0.276720 0.232399 0.283207 0.393008 0.297559 0.392100 0.268855 0.393915 0.297559 0.392100 0.305844 0.490997 0.301556 0.583084 0.268855 0.393915 0.267169 0.499034 0.261872 0.588293
6 0.275368 0.232860 0.281694 0.392588 0.296172 0.391493 0.267216 0.393684 0.296172 0.391493 0.304763 0.490358 0.301363 0.582568 0.267216 0.393684 0.265986 0.498772 0.261740 0.588101
7 0.273832 0.233825 0.280589 0.392672 0.295196 0.391288 0.265981 0.394055 0.295196 0.391288 0.303958 0.489946 0.301239 0.582241 0.265981 0.394055 0.264687 0.499925 0.261922 0.588081
8 0.272185 0.234421 0.279808 0.392390 0.294660 0.391003 0.264956 0.393777 0.294660 0.391003 0.303557 0.489689 0.301264 0.582012 0.264956 0.393777 0.264047 0.499781 0.262110 0.587439
9 0.270258 0.234697 0.278761 0.392203 0.294273 0.390861 0.263249 0.393545 0.294273 0.390861 0.303469 0.489550 0.301546 0.581836 0.263249 0.393545 0.263263 0.499496 0.262178 0.585823
10 0.268567 0.234906 0.278123 0.392059 0.293972 0.390713 0.262275 0.393406 0.293972 0.390713 0.303402 0.489615 0.301826 0.581692 0.262275 0.393406 0.262303 0.499402 0.262040 0.584768
11 0.266902 0.234840 0.277099 0.391513 0.293162 0.389978 0.261037 0.393047 0.293162 0.389978 0.303380 0.489567 0.301799 0.581473 0.261037 0.393047 0.261727 0.498482 0.262091 0.583700
12 0.264628 0.235601 0.276532 0.391251 0.292837 0.389539 0.260227 0.392964 0.292837 0.389539 0.303864 0.489174 0.301913 0.580169 0.260227 0.392964 0.261768 0.497640 0.262138 0.581378
13 0.263369 0.235836 0.275753 0.391164 0.292229 0.389434 0.259277 0.392895 0.292229 0.389434 0.305303 0.488448 0.301927 0.578597 0.259277 0.392895 0.261770 0.497356 0.262307 0.579970
14 0.262415 0.235785 0.275343 0.391149 0.292049 0.389381 0.258637 0.392917 0.292049 0.389381 0.307282 0.488868 0.302241 0.578676 0.258637 0.392917 0.261646 0.497714 0.262327 0.579723
15 0.261781 0.235474 0.274735 0.391186 0.291674 0.389364 0.257797 0.393009 0.291674 0.389364 0.308721 0.489879 0.303438 0.581998 0.257797 0.393009 0.261350 0.498164 0.262387 0.579245
16 0.260862 0.234966 0.274383 0.391241 0.291556 0.389327 0.257209 0.393155 0.291556 0.389327 0.309872 0.491813 0.303961 0.585044 0.257209 0.393155 0.261330 0.500045 0.262431 0.578887
17 0.260560 0.234644 0.274200 0.391315 0.291631 0.389339 0.256770 0.393291 0.291631 0.389339 0.310607 0.494061 0.303871 0.587396 0.256770 0.393291 0.261412 0.502106 0.262466 0.578829
18 0.260291 0.233788 0.274162 0.391287 0.291658 0.389320 0.256667 0.393254 0.291658 0.389320 0.310332 0.496302 0.303848 0.589355 0.256667 0.393254 0.261140 0.502815 0.262539 0.578853
19 0.260762 0.233759 0.274725 0.391512 0.292741 0.389721 0.256710 0.393302 0.292741 0.389721 0.310220 0.500199 0.303277 0.592131 0.256710 0.393302 0.261070 0.502832 0.262701 0.579520
20 0.261359 0.233675 0.275077 0.391488 0.293415 0.389707 0.256739 0.393269 0.293415 0.389707 0.309359 0.501027 0.302732 0.596479 0.256739 0.393269 0.260338 0.502634 0.262771 0.580094
21 0.262579 0.233655 0.275491 0.391698 0.294332 0.390108 0.256649 0.393288 0.294332 0.390108 0.307555 0.502027 0.301901 0.597999 0.256649 0.393288 0.259548 0.502505 0.262793 0.581296
22 0.263480 0.233563 0.275695 0.392084 0.295037 0.390674 0.256353 0.393494 0.295037 0.390674 0.305665 0.504151 0.300630 0.600928 0.256353 0.393494 0.258641 0.502939 0.262813 0.583299
23 0.264829 0.233780 0.275911 0.392098 0.295821 0.390691 0.256002 0.393505 0.295821 0.390691 0.303942 0.506003 0.299342 0.601864 0.256002 0.393505 0.258182 0.504946 0.263177 0.586681
24 0.265916 0.233695 0.275777 0.392447 0.296065 0.391081 0.255488 0.393813 0.296065 0.391081 0.302941 0.508680 0.297963 0.602142 0.255488 0.393813 0.258128 0.508026 0.263680 0.588945
25 0.267536 0.233937 0.276022 0.393374 0.296535 0.392159 0.255509 0.394588 0.296535 0.392159 0.302228 0.510884 0.296799 0.601747 0.255509 0.394588 0.257947 0.508785 0.263928 0.589417
26 0.269740 0.234822 0.276444 0.395097 0.297306 0.394152 0.255582 0.396043 0.297306 0.394152 0.302181 0.513241 0.296013 0.602738 0.255582 0.396043 0.257616 0.510290 0.264007 0.590600
27 0.272660 0.235808 0.277118 0.396162 0.298489 0.395716 0.255747 0.396608 0.298489 0.395716 0.302365 0.513739 0.295719 0.601955 0.255747 0.396608 0.257671 0.510380 0.263994 0.590183
28 0.274936 0.236407 0.277965 0.396659 0.299502 0.396404 0.256429 0.396915 0.299502 0.396404 0.302460 0.513670 0.295028 0.601201 0.256429 0.396915 0.258521 0.510019 0.263984 0.590060
29 0.277474 0.236792 0.278679 0.396934 0.300328 0.396937 0.257029 0.396931 0.300328 0.396937 0.302421 0.513861 0.294310 0.601446 0.257029 0.396931 0.258723 0.509910 0.263564 0.590304
30 0.279970 0.237261 0.279781 0.396628 0.301392 0.396724 0.258171 0.396532 0.301392 0.396724 0.302607 0.513308 0.293978 0.601551 0.258171 0.396532 0.259306 0.509500 0.263505 0.590627
31 0.282365 0.237228 0.280757 0.396500 0.302473 0.396713 0.259041 0.396288 0.302473 0.396713 0.302680 0.513744 0.294109 0.602400 0.259041 0.396288 0.259506 0.509382 0.263651 0.590480
32 0.285094 0.236590 0.281860 0.396390 0.303475 0.396754 0.260244 0.396025 0.303475 0.396754 0.302598 0.514815 0.294273 0.602840 0.260244 0.396025 0.259516 0.509216 0.263957 0.591997
33 0.287913 0.236727 0.282672 0.396615 0.304137 0.397355 0.261208 0.395874 0.304137 0.397355 0.302626 0.515303 0.294291 0.603215 0.261208 0.395874 0.259477 0.510237 0.264496 0.591838
34 0.290186 0.237233 0.283685 0.398231 0.305279 0.399764 0.262090 0.396697 0.305279 0.399764 0.302651 0.518336 0.294368 0.603933 0.262090 0.396697 0.259036 0.515207 0.264442 0.591869
35 0.292441 0.238041 0.284606 0.399956 0.306321 0.402148 0.262890 0.397764 0.306321 0.402148 0.302776 0.520665 0.294257 0.603781 0.262890 0.397764 0.257926 0.518853 0.263990 0.590459
36 0.294086 0.238756 0.285813 0.401184 0.307599 0.403786 0.264027 0.398583 0.307599 0.403786 0.303068 0.521589 0.294735 0.604072 0.264027 0.398583 0.257840 0.521139 0.263934 0.587195
37 0.295436 0.238907 0.286996 0.401844 0.308831 0.404553 0.265162 0.399135 0.308831 0.404553 0.303288 0.522968 0.295476 0.605562 0.265162 0.399135 0.257641 0.523092 0.263963 0.586391
38 0.296538 0.239236 0.288162 0.402432 0.310238 0.405080 0.266086 0.399785 0.310238 0.405080 0.303582 0.523678 0.296099 0.606573 0.266086 0.399785 0.257802 0.524620 0.264601 0.587056
39 0.297900 0.240212 0.289129 0.403434 0.311219 0.406106 0.267040 0.400763 0.311219 0.406106 0.303802 0.524298 0.296328 0.607570 0.267040 0.400763 0.258475 0.524016 0.264931 0.595699
40 0.298605 0.241004 0.289478 0.405432 0.311473 0.407831 0.267483 0.403033 0.311473 0.407831 0.304124 0.526563 0.296533 0.608015 0.267483 0.403033 0.258963 0.526039 0.266324 0.609004
41 0.299249 0.241900 0.290121 0.407425 0.312173 0.409522 0.268070 0.405327 0.312173 0.409522 0.304610 0.529852 0.296883 0.608625 0.268070 0.405327 0.259513 0.529457 0.266604 0.617690
42 0.299692 0.242941 0.290863 0.409474 0.313005 0.411231 0.268720 0.407717 0.313005 0.411231 0.304955 0.531115 0.297502 0.608481 0.268720 0.407717 0.260170 0.531867 0.266586 0.626240
43 0.300203 0.244230 0.291415 0.410832 0.313620 0.412223 0.269209 0.409441 0.313620 0.412223 0.305081 0.532150 0.297842 0.608187 0.269209 0.409441 0.260761 0.534834 0.266665 0.634442
44 0.300371 0.245504 0.291823 0.412633 0.314043 0.413626 0.269603 0.411641 0.314043 0.413626 0.304447 0.540108 0.297934 0.607558 0.269603 0.411641 0.260982 0.536309 0.267026 0.639585
45 0.300424 0.247028 0.291909 0.414993 0.314165 0.415726 0.269653 0.414260 0.314165 0.415726 0.304982 0.537405 0.297929 0.608110 0.269653 0.414260 0.261209 0.539672 0.268178 0.649563
46 0.300271 0.248275 0.292026 0.416796 0.314220 0.417287 0.269832 0.416304 0.314220 0.417287 0.305149 0.536201 0.297565 0.610595 0.269832 0.416304 0.261371 0.542085 0.269405 0.655353
47 0.300171 0.249570 0.292071 0.418548 0.314281 0.418845 0.269862 0.418251 0.314281 0.418845 0.304740 0.537172 0.294306 0.622362 0.269862 0.418251 0.261864 0.543809 0.271448 0.661848
48 0.300020 0.251344 0.292097 0.421540 0.314242 0.421973 0.269952 0.421108 0.314242 0.421973 0.304466 0.538748 0.290650 0.634780 0.269952 0.421108 0.263922 0.545826 0.272835 0.663493
49 0.299679 0.252956 0.292185 0.423781 0.314199 0.423978 0.270170 0.423584 0.314199 0.423978 0.304029 0.541288 0.287885 0.641774 0.270170 0.423584 0.265233 0.548728 0.274916 0.666089
50 0.298788 0.255003 0.292566 0.426042 0.314447 0.425896 0.270684 0.426188 0.314447 0.425896 0.304028 0.543704 0.287772 0.642047 0.270684 0.426188 0.266821 0.552134 0.276503 0.670210
51 0.297871 0.257266 0.293045 0.428600 0.314899 0.427959 0.271191 0.429242 0.314899 0.427959 0.304151 0.545463 0.287809 0.641404 0.271191 0.429242 0.267692 0.555423 0.277701 0.669146
52 0.296842 0.258235 0.293447 0.430269 0.315094 0.429568 0.271799 0.430969 0.315094 0.429568 0.304083 0.548230 0.288022 0.640126 0.271799 0.430969 0.268700 0.556233 0.279125 0.666724
53 0.295856 0.258470 0.293883 0.430647 0.315445 0.430243 0.272321 0.431051 0.315445 0.430243 0.303862 0.549959 0.288201 0.638415 0.272321 0.431051 0.269369 0.554938 0.279431 0.665977
54 0.294826 0.258273 0.293849 0.430356 0.315410 0.430127 0.272289 0.430585 0.315410 0.430127 0.303803 0.549876 0.288185 0.637997 0.272289 0.430585 0.269797 0.553872 0.279497 0.665872
55 0.293728 0.257881 0.293829 0.430574 0.315380 0.430128 0.272277 0.431020 0.315380 0.430128 0.304495 0.548965 0.288324 0.637915 0.272277 0.431020 0.270667 0.553551 0.280275 0.666692
56 0.292744 0.257337 0.293921 0.430624 0.315383 0.429935 0.272460 0.431313 0.315383 0.429935 0.306112 0.548406 0.288555 0.637514 0.272460 0.431313 0.272227 0.554209 0.280495 0.667328
57 0.291688 0.256909 0.294430 0.431448 0.315851 0.430141 0.273008 0.432756 0.315851 0.430141 0.314297 0.551917 0.290020 0.637073 0.273008 0.432756 0.274939 0.556735 0.281298 0.667937
58 0.290778 0.256969 0.294819 0.432671 0.316143 0.430604 0.273494 0.434738 0.316143 0.430604 0.319082 0.551374 0.290419 0.636428 0.273494 0.434738 0.276633 0.558056 0.282198 0.667232
59 0.290023 0.257698 0.295315 0.434244 0.316647 0.431704 0.273983 0.436784 0.316647 0.431704 0.325148 0.550772 0.290620 0.636101 0.273983 0.436784 0.276944 0.561688 0.282349 0.666742
60 0.289595 0.258271 0.296069 0.434970 0.317698 0.431930 0.274441 0.438009 0.317698 0.431930 0.329054 0.550728 0.291135 0.634212 0.274441 0.438009 0.276678 0.564018 0.282602 0.666395
61 0.289437 0.258747 0.296475 0.435852 0.318222 0.432577 0.274727 0.439127 0.318222 0.432577 0.330990 0.550658 0.295609 0.629690 0.274727 0.439127 0.276395 0.567541 0.282537 0.666389
62 0.289357 0.259112 0.296971 0.436081 0.318823 0.432517 0.275119 0.439646 0.318823 0.432517 0.333568 0.550274 0.300984 0.624999 0.275119 0.439646 0.276319 0.569175 0.282340 0.667031
63 0.289327 0.259260 0.297395 0.436877 0.319464 0.433143 0.275326 0.440610 0.319464 0.433143 0.334228 0.551001 0.307304 0.626434 0.275326 0.440610 0.276234 0.570899 0.282314 0.666881
64 0.289723 0.259577 0.298256 0.438259 0.320797 0.434577 0.275715 0.441942 0.320797 0.434577 0.335338 0.554845 0.311856 0.634432 0.275715 0.441942 0.276189 0.571196 0.282210 0.666745
65 0.290457 0.260569 0.299647 0.439343 0.322630 0.436193 0.276663 0.442492 0.322630 0.436193 0.335473 0.558936 0.316520 0.646814 0.276663 0.442492 0.276237 0.570312 0.282123 0.666646
66 0.292445 0.262343 0.301353 0.441472 0.324594 0.438682 0.278112 0.444261 0.324594 0.438682 0.336020 0.564776 0.320913 0.663265 0.278112 0.444261 0.277801 0.570151 0.282485 0.669296
67 0.294848 0.263893 0.303105 0.443942 0.326527 0.441747 0.279684 0.446136 0.326527 0.441747 0.337255 0.569934 0.329536 0.675437 0.279684 0.446136 0.279483 0.571066 0.283362 0.670327
68 0.297367 0.265802 0.304113 0.445502 0.327659 0.443411 0.280566 0.447593 0.327659 0.443411 0.338128 0.571797 0.336325 0.682062 0.280566 0.447593 0.280258 0.570747 0.284707 0.670014
69 0.300712 0.268665 0.305239 0.447073 0.329001 0.445525 0.281477 0.448622 0.329001 0.445525 0.338914 0.573539 0.342772 0.688446 0.281477 0.448622 0.280127 0.570972 0.284698 0.670073
70 0.304304 0.270878 0.306866 0.449056 0.330682 0.447668 0.283051 0.450443 0.330682 0.447668 0.340542 0.577461 0.346593 0.691814 0.283051 0.450443 0.280846 0.571663 0.284603 0.670017
71 0.308810 0.272676 0.309721 0.450259 0.333553 0.448914 0.285889 0.451604 0.333553 0.448914 0.343058 0.577197 0.348106 0.691692 0.285889 0.451604 0.283492 0.571905 0.284620 0.670254
72 0.313178 0.274420 0.312457 0.451818 0.336436 0.451147 0.288477 0.452490 0.336436 0.451147 0.346339 0.579835 0.348640 0.694036 0.288477 0.452490 0.285118 0.572843 0.284550 0.670482
73 0.317854 0.275568 0.316736 0.452820 0.340439 0.452317 0.293033 0.453324 0.340439 0.452317 0.348854 0.581652 0.348667 0.694612 0.293033 0.453324 0.286915 0.573769 0.284719 0.671229
74 0.322279 0.276531 0.320335 0.454114 0.343758 0.454049 0.296912 0.454180 0.343758 0.454049 0.352120 0.583554 0.349290 0.696972 0.296912 0.454180 0.289475 0.575187 0.284748 0.672997
75 0.327026 0.276936 0.324440 0.454383 0.347951 0.454596 0.300930 0.454170 0.347951 0.454596 0.355991 0.584002 0.350219 0.698685 0.300930 0.454170 0.292397 0.576206 0.285031 0.673965
76 0.331981 0.277152 0.328770 0.455576 0.351773 0.456181 0.305768 0.454971 0.351773 0.456181 0.358695 0.585475 0.351862 0.698912 0.305768 0.454971 0.294743 0.578289 0.285011 0.676306
77 0.337342 0.277390 0.333144 0.455888 0.355888 0.456924 0.310400 0.454851 0.355888 0.456924 0.360937 0.585612 0.352391 0.697603 0.310400 0.454851 0.299005 0.577873 0.285170 0.675944
78 0.342945 0.277504 0.338297 0.456814 0.360607 0.458290 0.315987 0.455338 0.360607 0.458290 0.362745 0.585975 0.352472 0.697423 0.315987 0.455338 0.303229 0.578159 0.285842 0.675722
79 0.348065 0.278089 0.343413 0.457642 0.365334 0.459176 0.321492 0.456108 0.365334 0.459176 0.363913 0.588618 0.353536 0.697638 0.321492 0.456108 0.309759 0.579458 0.286872 0.674586
80 0.353291 0.279402 0.347551 0.458835 0.369619 0.460526 0.325483 0.457143 0.369619 0.460526 0.364686 0.590428 0.353545 0.697587 0.325483 0.457143 0.314662 0.581516 0.287921 0.672705
81 0.358897 0.280335 0.350839 0.459382 0.372322 0.461348 0.329356 0.457417 0.372322 0.461348 0.365554 0.592664 0.353323 0.699160 0.329356 0.457417 0.319507 0.583619 0.288612 0.671768
82 0.364215 0.281574 0.354338 0.460466 0.374998 0.463079 0.333679 0.457852 0.374998 0.463079 0.366979 0.594632 0.353218 0.701281 0.333679 0.457852 0.325687 0.585595 0.289680 0.670137
83 0.369336 0.282626 0.357033 0.460864 0.377413 0.463912 0.336653 0.457816 0.377413 0.463912 0.368182 0.595758 0.353267 0.701596 0.336653 0.457816 0.330000 0.588206 0.291479 0.668203
84 0.374673 0.283984 0.360702 0.461605 0.381153 0.465264 0.340252 0.457945 0.381153 0.465264 0.369658 0.596804 0.353093 0.701781 0.340252 0.457945 0.333911 0.591069 0.294387 0.667572
85 0.379841 0.285028 0.364517 0.461991 0.385263 0.465605 0.343771 0.458376 0.385263 0.465605 0.371776 0.596197 0.353037 0.701394 0.343771 0.458376 0.337673 0.592848 0.300689 0.667874
86 0.384887 0.285618 0.367039 0.462238 0.387817 0.465885 0.346262 0.458591 0.387817 0.465885 0.374720 0.596267 0.352930 0.700885 0.346262 0.458591 0.340630 0.594888 0.305766 0.671153
87 0.389587 0.286734 0.369222 0.462661 0.389977 0.466356 0.348467 0.458967 0.389977 0.466356 0.377254 0.596528 0.352872 0.698848 0.348467 0.458967 0.344246 0.596564 0.312597 0.684300
88 0.394712 0.288560 0.371810 0.463910 0.392311 0.467884 0.351309 0.459936 0.392311 0.467884 0.379213 0.597277 0.352773 0.698720 0.351309 0.459936 0.347481 0.599038 0.318412 0.691826
89 0.399670 0.290028 0.374205 0.465837 0.394583 0.469953 0.353828 0.461720 0.394583 0.469953 0.380203 0.598902 0.352693 0.698610 0.353828 0.461720 0.349507 0.601221 0.323226 0.698768
90 0.404912 0.291810 0.376404 0.467914 0.395942 0.472240 0.356867 0.463589 0.395942 0.472240 0.381333 0.599169 0.352022 0.697727 0.356867 0.463589 0.350733 0.602250 0.328038 0.709095
91 0.409545 0.294545 0.378568 0.469753 0.397547 0.474648 0.359588 0.464859 0.397547 0.474648 0.382771 0.599064 0.349686 0.695926 0.359588 0.464859 0.353768 0.603734 0.332045 0.711655
92 0.414872 0.297191 0.381704 0.473000 0.400601 0.477680 0.362808 0.468320 0.400601 0.477680 0.384163 0.599291 0.347094 0.695433 0.362808 0.468320 0.357144 0.605956 0.336383 0.714000
93 0.420852 0.300668 0.384670 0.476085 0.403715 0.480685 0.365624 0.471485 0.403715 0.480685 0.387418 0.599577 0.347131 0.693853 0.365624 0.471485 0.360389 0.607055 0.342609 0.712717
94 0.427865 0.305079 0.386804 0.477952 0.405968 0.483249 0.367640 0.472655 0.405968 0.483249 0.389197 0.601660 0.349198 0.693871 0.367640 0.472655 0.362474 0.607759 0.347849 0.713399
95 0.435386 0.311455 0.388648 0.479375 0.408390 0.484924 0.368905 0.473827 0.408390 0.484924 0.394976 0.603906 0.354010 0.695947 0.368905 0.473827 0.363944 0.607106 0.347128 0.712863
96 0.446074 0.321347 0.389381 0.478805 0.409472 0.484168 0.369291 0.473441 0.409472 0.484168 0.407488 0.604330 0.360101 0.695384 0.369291 0.473441 0.365006 0.599797 0.344801 0.711033
97 0.455787 0.335042 0.388275 0.483583 0.408406 0.490713 0.368143 0.476452 0.408406 0.490713 0.417982 0.605115 0.363576 0.695373 0.368143 0.476452 0.362084 0.599809 0.341834 0.709986
98 0.464543 0.352970 0.387433 0.486143 0.407590 0.493484 0.367276 0.478802 0.407590 0.493484 0.422773 0.604792 0.378304 0.697445 0.367276 0.478802 0.362941 0.595374 0.343311 0.711063
99 0.471829 0.372864 0.387930 0.485467 0.409075 0.492126 0.366784 0.478809 0.409075 0.492126 0.422023 0.602778 0.394627 0.697913 0.366784 0.478809 0.361737 0.592936 0.342839 0.713235
100 0.481551 0.395789 0.390794 0.489315 0.413097 0.496055 0.368491 0.482574 0.413097 0.496055 0.421941 0.604252 0.396866 0.702596 0.368491 0.482574 0.361530 0.593411 0.341762 0.715047
101 0.492155 0.417041 0.395045 0.497334 0.417843 0.503753 0.372247 0.490915 0.417843 0.503753 0.428125 0.610701 0.396069 0.702634 0.372247 0.490915 0.361169 0.599970 0.339237 0.715578
102 0.503507 0.437911 0.397475 0.504935 0.419398 0.513601 0.375551 0.496269 0.419398 0.513601 0.428342 0.618680 0.392894 0.703823 0.375551 0.496269 0.363071 0.600569 0.334629 0.714829
103 0.510593 0.461482 0.401207 0.509793 0.422547 0.518530 0.379866 0.501055 0.422547 0.518530 0.431823 0.629020 0.394468 0.707008 0.379866 0.501055 0.365090 0.608568 0.325559 0.712854
104 0.520990 0.482354 0.406965 0.512913 0.427597 0.522160 0.386332 0.503666 0.427597 0.522160 0.438158 0.629967 0.396878 0.706587 0.386332 0.503666 0.364481 0.614303 0.312687 0.708194
105 0.533576 0.503176 0.413609 0.517234 0.433523 0.528161 0.393694 0.506308 0.433523 0.528161 0.443372 0.634630 0.399258 0.706279 0.393694 0.506308 0.364422 0.614323 0.299489 0.705585
106 0.541861 0.523058 0.417111 0.518642 0.432594 0.530582 0.401628 0.506702 0.432594 0.530582 0.442239 0.639094 0.396766 0.705923 0.401628 0.506702 0.364780 0.613013 0.294841 0.701913
107 0.555694 0.551412 0.424413 0.524376 0.436428 0.538182 0.412398 0.510570 0.436428 0.538182 0.444981 0.650992 0.400632 0.706144 0.412398 0.510570 0.364560 0.616822 0.292895 0.696908
108 0.565782 0.577373 0.435419 0.530359 0.443914 0.536884 0.426923 0.523833 0.443914 0.536884 0.447314 0.648413 0.401909 0.706753 0.426923 0.523833 0.364457 0.623682 0.289583 0.698280
109 0.578138 0.602868 0.450014 0.541953 0.458446 0.547748 0.441582 0.536159 0.458446 0.547748 0.451450 0.651477 0.408809 0.706714 0.441582 0.536159 0.372162 0.622862 0.295494 0.695423
110 0.601047 0.623899 0.466051 0.565126 0.473146 0.575113 0.458955 0.555140 0.473146 0.575113 0.464388 0.694792 0.406107 0.705720 0.458955 0.555140 0.378952 0.627667 0.299604 0.695221
111 0.616333 0.642651 0.481216 0.587058 0.488958 0.598177 0.473474 0.575939 0.488958 0.598177 0.472803 0.722334 0.404851 0.693202 0.473474 0.575939 0.393744 0.638293 0.301616 0.695955
112 0.628742 0.663104 0.494941 0.610111 0.503837 0.622065 0.486046 0.598156 0.503837 0.622065 0.484596 0.743104 0.406997 0.694380 0.486046 0.598156 0.405770 0.655630 0.309332 0.696434
113 0.645099 0.691930 0.520867 0.636269 0.528239 0.648166 0.513496 0.624372 0.528239 0.648166 0.496793 0.768575 0.422410 0.705310 0.513496 0.624372 0.426799 0.681941 0.322010 0.703468
114 0.652337 0.712304 0.539762 0.659312 0.545181 0.676279 0.534342 0.642345 0.545181 0.676279 0.503776 0.790160 0.434055 0.722003 0.534342 0.642345 0.437683 0.706670 0.332188 0.715310
115 0.666378 0.725040 0.547853 0.689250 0.554071 0.707866 0.541635 0.670633 0.554071 0.707866 0.496193 0.792336 0.435239 0.730621 0.541635 0.670633 0.447458 0.725726 0.347672 0.723032
116 0.670608 0.741760 0.555584 0.710641 0.561121 0.733511 0.550047 0.687771 0.561121 0.733511 0.492238 0.782195 0.453338 0.738575 0.550047 0.687771 0.454487 0.733418 0.358722 0.729840
117 0.686509 0.751772 0.560912 0.717601 0.563396 0.739880 0.558427 0.695322 0.563396 0.739880 0.487711 0.768304 0.438493 0.735406 0.558427 0.695322 0.463959 0.732674 0.369070 0.734001
118 0.689733 0.741857 0.566454 0.711004 0.568247 0.730691 0.564660 0.691317 0.568247 0.730691 0.486030 0.760061 0.416794 0.731138 0.564660 0.691317 0.465489 0.722912 0.374612 0.730588
119 0.692526 0.738594 0.570034 0.704779 0.570634 0.729715 0.569435 0.679844 0.570634 0.729715 0.493321 0.768568 0.428142 0.730818 0.569435 0.679844 0.472719 0.710748 0.379262 0.727837
120 0.695815 0.734047 0.572650 0.700314 0.573350 0.727265 0.571950 0.673363 0.573350 0.727265 0.497749 0.769313 0.434597 0.728960 0.571950 0.673363 0.477728 0.702252 0.380997 0.697719
121 0.698583 0.730626 0.573972 0.698669 0.574792 0.726728 0.573153 0.670611 0.574792 0.726728 0.498263 0.767199 0.438890 0.727779 0.573153 0.670611 0.479502 0.693111 0.381819 0.681421
122 0.698838 0.728890 0.574528 0.698716 0.575491 0.726143 0.573564 0.671289 0.575491 0.726143 0.501040 0.766613 0.438664 0.727299 0.573564 0.671289 0.479808 0.687598 0.384262 0.675714
123 0.698797 0.730781 0.576168 0.700805 0.576891 0.727440 0.575446 0.674171 0.576891 0.727440 0.498427 0.765813 0.436472 0.724770 0.575446 0.674171 0.482127 0.687778 0.389436 0.679018
124 0.699496 0.733009 0.576146 0.705510 0.576478 0.732109 0.575815 0.678911 0.576478 0.732109 0.497019 0.764306 0.426584 0.723702 0.575815 0.678911 0.483043 0.690406 0.392224 0.684810
125 0.699189 0.734523 0.575561 0.710334 0.575531 0.736240 0.575590 0.684427 0.575531 0.736240 0.495998 0.764023 0.421106 0.723970 0.575590 0.684427 0.483192 0.693866 0.390618 0.693918
126 0.698202 0.737003 0.575694 0.711674 0.575799 0.737507 0.575590 0.685842 0.575799 0.737507 0.495494 0.766451 0.416358 0.734241 0.575590 0.685842 0.482941 0.699954 0.389297 0.708516
127 0.697485 0.736500 0.574568 0.710544 0.575154 0.736237 0.573981 0.684850 0.575154 0.736237 0.492381 0.769812 0.399656 0.748928 0.573981 0.684850 0.480729 0.704278 0.388489 0.727222
128 0.697060 0.734759 0.572423 0.708379 0.573466 0.733820 0.571380 0.682937 0.573466 0.733820 0.489921 0.773236 0.394573 0.754809 0.571380 0.682937 0.479441 0.709022 0.386716 0.741205
129 0.696743 0.735045 0.571169 0.707810 0.572349 0.731399 0.569990 0.684220 0.572349 0.731399 0.488273 0.772398 0.392455 0.759604 0.569990 0.684220 0.479118 0.724059 0.385731 0.754451
130 0.696858 0.734051 0.570427 0.708494 0.571695 0.731284 0.569159 0.685703 0.571695 0.731284 0.486929 0.771685 0.390825 0.761457 0.569159 0.685703 0.478582 0.731659 0.385600 0.760925
131 0.697186 0.734565 0.570011 0.708707 0.571462 0.730091 0.568560 0.687322 0.571462 0.730091 0.486116 0.771518 0.390057 0.761570 0.568560 0.687322 0.478681 0.732460 0.384792 0.761018
132 0.696336 0.735330 0.569685 0.708840 0.571196 0.729598 0.568175 0.688083 0.571196 0.729598 0.485926 0.770854 0.390086 0.761151 0.568175 0.688083 0.478315 0.730482 0.384261 0.757396
133 0.695999 0.737773 0.569551 0.710116 0.571149 0.729394 0.567953 0.690838 0.571149 0.729394 0.485499 0.770435 0.389098 0.759529 0.567953 0.690838 0.478060 0.729892 0.383161 0.756839
134 0.695884 0.739738 0.569330 0.710521 0.570811 0.729025 0.567849 0.692017 0.570811 0.729025 0.485201 0.770129 0.388419 0.759197 0.567849 0.692017 0.477927 0.731562 0.382550 0.757065
135 0.695985 0.740492 0.569207 0.710778 0.570666 0.728763 0.567748 0.692793 0.570666 0.728763 0.484798 0.769970 0.389117 0.759758 0.567748 0.692793 0.477910 0.733896 0.382192 0.758336
136 0.696389 0.740896 0.569618 0.710789 0.571138 0.728554 0.568099 0.693024 0.571138 0.728554 0.484564 0.769780 0.389953 0.762265 0.568099 0.693024 0.477903 0.735688 0.382138 0.760002
137 0.697194 0.740328 0.570123 0.710883 0.571789 0.728644 0.568457 0.693122 0.571789 0.728644 0.483882 0.769750 0.390142 0.764291 0.568457 0.693122 0.477866 0.737137 0.382056 0.762483
138 -1 -1 -1 -1 -1 -1 -1 -1 -1 -1 -1 -1 -1 -1 -1 -1 -1 -1 -1 -1
139 -1 -1 -1 -1 -1 -1 -1 -1 -1 -1 -1 -1 -1 -1 -1 -1 -1 -1 -1 -1
140 -1 -1 -1 -1 -1 -1 -1 -1 -1 -1 -1 -1 -1 -1 -1 -1 -1 -1 -1 -1
141 -1 -1 -1 -1 -1 -1 -1 -1 -1 -1 -1 -1 -1 -1 -1 -1 -1 -1 -1 -1
142 -1 -1 -1 -1 -1 -1 -1 -1 -1 -1 -1 -1 -1 -1 -1 -1 -1 -1 -1 -1
143 -1 -1 -1 -1 -1 -1 -1 -1 -1 -1 -1 -1 -1 -1 -1 -1 -1 -1 -1 -1
144 -1 -1 -1 -1 -1 -1 -1 -1 -1 -1 -1 -1 -1 -1 -1 -1 -1 -1 -1 -1
145 -1 -1 -1 -1 -1 -1 -1 -1 -1 -1 -1 -1 -1 -1 -1 -1 -1 -1 -1 -1
146 -1 -1 -1 -1 -1 -1 -1 -1 -1 -1 -1 -1 -1 -1 -1 -1 -1 -1 -1 -1
147 -1 -1 -1 -1 -1 -1 -1 -1 -1 -1 -1 -1 -1 -1 -1 -1 -1 -1 -1 -1
148 -1 -1 -1 -1 -1 -1 -1 -1 -1 -1 -1 -1 -1 -1 -1 -1 -1 -1 -1 -1
149 -1 -1 -1 -1 -1 -1 -1 -1 -1 -1 -1 -1 -1 -1 -1 -1 -1 -1 -1 -1
150 -1 -1 -1 -1 -1 -1 -1 -1 -1 -1 -1 -1 -1 -1 -1 -1 -1 -1 -1 -1
151 -1 -1 -1 -1 -1 -1 -1 -1 -1 -1 -1 -1 -1 -1 -1 -1 -1 -1 -1 -1
152 -1 -1 -1 -1 -1 -1 -1 -1 -1 -1 -1 -1 -1 -1 -1 -1 -1 -1 -1 -1
153 -1 -1 -1 -1 -1 -1 -1 -1 -1 -1 -1 -1 -1 -1 -1 -1 -1 -1 -1 -1
154 -1 -1 -1 -1 -1 -1 -1 -1 -1 -1 -1 -1 -1 -1 -1 -1 -1 -1 -1 -1
155 -1 -1 -1 -1 -1 -1 -1 -1 -1 -1 -1 -1 -1 -1 -1 -1 -1 -1 -1 -1
156 -1 -1 -1 -1 -1 -1 -1 -1 -1 -1 -1 -1 -1 -1 -1 -1 -1 -1 -1 -1
157 -1 -1 -1 -1 -1 -1 -1 -1 -1 -1 -1 -1 -1 -1 -1 -1 -1 -1 -1 -1
158 -1 -1 -1 -1 -1 -1 -1 -1 -1 -1 -1 -1 -1 -1 -1 -1 -1 -1 -1 -1
159 -1 -1 -1 -1 -1 -1 -1 -1 -1 -1 -1 -1 -1 -1 -1 -1 -1 -1 -1 -1
160 -1 -1 -1 -1 -1 -1 -1 -1 -1 -1 -1 -1 -1 -1 -1 -1 -1 -1 -1 -1
161 -1 -1 -1 -1 -1 -1 -1 -1 -1 -1 -1 -1 -1 -1 -1 -1 -1 -1 -1 -1
162 -1 -1 -1 -1 -1 -1 -1 -1 -1 -1 -1 -1 -1 -1 -1 -1 -1 -1 -1 -1
163 -1 -1 -1 -1 -1 -1 -1 -1 -1 -1 -1 -1 -1 -1 -1 -1 -1 -1 -1 -1
164 -1 -1 -1 -1 -1 -1 -1 -1 -1 -1 -1 -1 -1 -1 -1 -1 -1 -1 -1 -1
165 -1 -1 -1 -1 -1 -1 -1 -1 -1 -1 -1 -1 -1 -1 -1 -1 -1 -1 -1 -1
166 -1 -1 -1 -1 -1 -1 -1 -1 -1 -1 -1 -1 -1 -1 -1 -1 -1 -1 -1 -1
167 -1 -1 -1 -1 -1 -1 -1 -1 -1 -1 -1 -1 -1 -1 -1 -1 -1 -1 -1 -1
168 -1 -1 -1 -1 -1 -1 -1 -1 -1 -1 -1 -1 -1 -1 -1 -1 -1 -1 -1 -1
169 -1 -1 -1 -1 -1 -1 -1 -1 -1 -1 -1 -1 -1 -1 -1 -1 -1 -1 -1 -1
170 -1 -1 -1 -1 -1 -1 -1 -1 -1 -1 -1 -1 -1 -1 -1 -1 -1 -1 -1 -1
171 -1 -1 -1 -1 -1 -1 -1 -1 -1 -1 -1 -1 -1 -1 -1 -1 -1 -1 -1 -1
172 -1 -1 -1 -1 -1 -1 -1 -1 -1 -1 -1 -1 -1 -1 -1 -1 -1 -1 -1 -1
173 -1 -1 -1 -1 -1 -1 -1 -1 -1 -1 -1 -1 -1 -1 -1 -1 -1 -1 -1 -1
174 -1 -1 -1 -1 -1 -1 -1 -1 -1 -1 -1 -1 -1 -1 -1 -1 -1 -1 -1 -1
175 -1 -1 -1 -1 -1 -1 -1 -1 -1 -1 -1 -1 -1 -1 -1 -1 -1 -1 -1 -1
176 -1 -1 -1 -1 -1 -1 -1 -1 -1 -1 -1 -1 -1 -1 -1 -1 -1 -1 -1 -1
177 -1 -1 -1 -1 -1 -1 -1 -1 -1 -1 -1 -1 -1 -1 -1 -1 -1 -1 -1 -1
178 -1 -1 -1 -1 -1 -1 -1 -1 -1 -1 -1 -1 -1 -1 -1 -1 -1 -1 -1 -1
179 -1 -1 -1 -1 -1 -1 -1 -1 -1 -1 -1 -1 -1 -1 -1 -1 -1 -1 -1 -1
180 -1 -1 -1 -1 -1 -1 -1 -1 -1 -1 -1 -1 -1 -1 -1 -1 -1 -1 -1 -1
181 -1 -1 -1 -1 -1 -1 -1 -1 -1 -1 -1 -1 -1 -1 -1 -1 -1 -1 -1 -1
182 -1 -1 -1 -1 -1 -1 -1 -1 -1 -1 -1 -1 -1 -1 -1 -1 -1 -1 -1 -1
183 -1 -1 -1 -1 -1 -1 -1 -1 -1 -1 -1 -1 -1 -1 -1 -1 -1 -1 -1 -1
184 -1 -1 -1 -1 -1 -1 -1 -1 -1 -1 -1 -1 -1 -1 -1 -1 -1 -1 -1 -1
185 -1 -1 -1 -1 -1 -1 -1 -1 -1 -1 -1 -1 -1 -1 -1 -1 -1 -1 -1 -1
186 -1 -1 -1 -1 -1 -1 -1 -1 -1 -1 -1 -1 -1 -1 -1 -1 -1 -1 -1 -1
187 -1 -1 -1 -1 -1 -1 -1 -1 -1 -1 -1 -1 -1 -1 -1 -1 -1 -1 -1 -1
188 -1 -1 -1 -1 -1 -1 -1 -1 -1 -1 -1 -1 -1 -1 -1 -1 -1 -1 -1 -1
189 -1 -1 -1 -1 -1 -1 -1 -1 -1 -1 -1 -1 -1 -1 -1 -1 -1 -1 -1 -1
190 -1 -1 -1 -1 -1 -1 -1 -1 -1 -1 -1 -1 -1 -1 -1 -1 -1 -1 -1 -1
191 -1 -1 -1 -1 -1 -1 -1 -1 -1 -1 -1 -1 -1 -1 -1 -1 -1 -1 -1 -1
192 -1 -1 -1 -1 -1 -1 -1 -1 -1 -1 -1 -1 -1 -1 -1 -1 -1 -1 -1 -1
193 -1 -1 -1 -1 -1 -1 -1 -1 -1 -1 -1 -1 -1 -1 -1 -1 -1 -1 -1 -1
194 -1 -1 -1 -1 -1 -1 -1 -1 -1 -1 -1 -1 -1 -1 -1 -1 -1 -1 -1 -1
195 -1 -1 -1 -1 -1 -1 -1 -1 -1 -1 -1 -1 -1 -1 -1 -1 -1 -1 -1 -1
196 -1 -1 -1 -1 -1 -1 -1 -1 -1 -1 -1 -1 -1 -1 -1 -1 -1 -1 -1 -1
197 -1 -1 -1 -1 -1 -1 -1 -1 -1 -1 -1 -1 -1 -1 -1 -1 -1 -1 -1 -1
198 -1 -1 -1 -1 -1 -1 -1 -1 -1 -1 -1 -1 -1 -1 -1 -1 -1 -1 -1 -1
199 -1 -1 -1 -1 -1 -1 -1 -1 -1 -1 -1 -1 -1 -1 -1 -1 -1 -1 -1 -1
200 -1 -1 -1 -1 -1 -1 -1 -1 -1 -1 -1 -1 -1 -1 -1 -1 -1 -1 -1 -1
201 -1 -1 -1 -1 -1 -1 -1 -1 -1 -1 -1 -1 -1 -1 -1 -1 -1 -1 -1 -1
202 -1 -1 -1 -1 -1 -1 -1 -1 -1 -1 -1 -1 -1 -1 -1 -1 -1 -1 -1 -1
203 -1 -1 -1 -1 -1 -1 -1 -1 -1 -1 -1 -1 -1 -1 -1 -1 -1 -1 -1 -1
204 -1 -1 -1 -1 -1 -1 -1 -1 -1 -1 -1 -1 -1 -1 -1 -1 -1 -1 -1 -1
205 -1 -1 -1 -1 -1 -1 -1 -1 -1 -1 -1 -1 -1 -1 -1 -1 -1 -1 -1 -1
206 -1 -1 -1 -1 -1 -1 -1 -1 -1 -1 -1 -1 -1 -1 -1 -1 -1 -1 -1 -1
207 -1 -1 -1 -1 -1 -1 -1 -1 -1 -1 -1 -1 -1 -1 -1 -1 -1 -1 -1 -1
208 -1 -1 -1 -1 -1 -1 -1 -1 -1 -1 -1 -1 -1 -1 -1 -1 -1 -1 -1 -1
209 -1 -1 -1 -1 -1 -1 -1 -1 -1 -1 -1 -1 -1 -1 -1 -1 -1 -1 -1 -1
210 -1 -1 -1 -1 -1 -1 -1 -1 -1 -1 -1 -1 -1 -1 -1 -1 -1 -1 -1 -1
211 -1 -1 -1 -1 -1 -1 -1 -1 -1 -1 -1 -1 -1 -1 -1 -1 -1 -1 -1 -1
212 -1 -1 -1 -1 -1 -1 -1 -1 -1 -1 -1 -1 -1 -1 -1 -1 -1 -1 -1 -1
213 -1 -1 -1 -1 -1 -1 -1 -1 -1 -1 -1 -1 -1 -1 -1 -1 -1 -1 -1 -1
214 -1 -1 -1 -1 -1 -1 -1 -1 -1 -1 -1 -1 -1 -1 -1 -1 -1 -1 -1 -1
