625
658
0 -1 -1 -1 -1 -1 -1 -1 -1 -1 -1 -1 -1 -1 -1 -1 -1 -1 -1 -1 -1
1 -1 -1 -1 -1 -1 -1 -1 -1 -1 -1 -1 -1 -1 -1 -1 -1 -1 -1 -1 -1
2 -1 -1 -1 -1 -1 -1 -1 -1 -1 -1 -1 -1 -1 -1 -1 -1 -1 -1 -1 -1
3 0.181180 0.449208 0.152595 0.587233 0.167441 0.578510 0.137748 0.595957 0.167441 0.578510 0.274061 0.554032 0.271668 0.676912 0.137748 0.595957 0.195745 0.623542 0.189908 0.732824
4 0.183079 0.449231 0.153410 0.585236 0.169599 0.578399 0.137221 0.592074 0.169599 0.578399 0.274291 0.555634 0.271752 0.676673 0.137221 0.592074 0.197670 0.622210 0.189581 0.732347
5 0.184356 0.449435 0.153919 0.583554 0.170485 0.578087 0.137353 0.589022 0.170485 0.578087 0.274577 0.556814 0.271809 0.676713 0.137353 0.589022 0.194749 0.612957 0.184584 0.714447
6 0.190127 0.447579 0.158242 0.583209 0.175012 0.575652 0.141473 0.590765 0.175012 0.575652 0.275580 0.557450 0.271844 0.676863 0.141473 0.590765 0.191546 0.611810 0.182716 0.713463
7 0.195616 0.447427 0.161149 0.584546 0.173979 0.574815 0.148319 0.594276 0.173979 0.574815 0.275593 0.558584 0.271844 0.676870 0.148319 0.594276 0.210845 0.620737 0.190761 0.713837
8 0.204076 0.445495 0.166151 0.581788 0.176550 0.569676 0.155751 0.593900 0.176550 0.569676 0.275844 0.558458 0.271822 0.676872 0.155751 0.593900 0.210126 0.621629 0.196174 0.714080
9 0.212112 0.445964 0.171353 0.581674 0.180599 0.570127 0.162107 0.593221 0.180599 0.570127 0.276460 0.558157 0.271833 0.676584 0.162107 0.593221 0.215540 0.617606 0.199460 0.714592
10 0.220104 0.446890 0.180764 0.580867 0.186905 0.570208 0.174623 0.591526 0.186905 0.570208 0.277738 0.557699 0.271833 0.674274 0.174623 0.591526 0.268053 0.567286 0.247815 0.710378
11 0.227655 0.447410 0.182165 0.580035 0.185733 0.570105 0.178597 0.589965 0.185733 0.570105 0.277835 0.555262 0.271964 0.673578 0.178597 0.589965 0.279082 0.558121 0.253284 0.705696
12 0.237490 0.447351 0.189632 0.578858 0.194030 0.569759 0.185233 0.587956 0.194030 0.569759 0.281673 0.554703 0.272725 0.673337 0.185233 0.587956 0.285584 0.561297 0.261551 0.702779
13 0.246956 0.446296 0.194128 0.578312 0.194267 0.568870 0.193988 0.587755 0.194267 0.568870 0.283916 0.554569 0.272737 0.673126 0.193988 0.587755 0.289080 0.563341 0.274333 0.682402
14 0.256013 0.444348 0.202328 0.575386 0.197765 0.569017 0.206892 0.581755 0.197765 0.569017 0.286356 0.553731 0.272534 0.672836 0.206892 0.581755 0.294114 0.561038 0.275404 0.679898
15 0.261185 0.442333 0.202465 0.572032 0.195902 0.565020 0.209028 0.579044 0.195902 0.565020 0.287845 0.551880 0.272115 0.671723 0.209028 0.579044 0.297821 0.559107 0.276623 0.679390
16 0.266192 0.440220 0.203681 0.566794 0.195977 0.560158 0.211385 0.573430 0.195977 0.560158 0.288199 0.550573 0.271862 0.671693 0.211385 0.573430 0.297905 0.559540 0.275390 0.679064
17 0.271966 0.436720 0.206986 0.556626 0.197705 0.548746 0.216267 0.564505 0.197705 0.548746 0.287544 0.546856 0.270679 0.669827 0.216267 0.564505 0.299569 0.558138 0.275959 0.678973
18 0.278213 0.428031 0.205990 0.543181 0.199080 0.535105 0.212900 0.551256 0.199080 0.535105 0.285877 0.546738 0.262454 0.670010 0.212900 0.551256 0.300569 0.557767 0.274823 0.680928
19 0.282414 0.420832 0.207745 0.526506 0.203929 0.523899 0.211561 0.529112 0.203929 0.523899 0.290696 0.548476 0.264159 0.670591 0.211561 0.529112 0.300321 0.556777 0.274212 0.682350
20 0.287421 0.411613 0.211625 0.512721 0.211649 0.506630 0.211601 0.518812 0.211649 0.506630 0.293369 0.550477 0.267685 0.670354 0.211601 0.518812 0.301339 0.558861 0.275212 0.682985
21 -1 -1 -1 -1 -1 -1 -1 -1 -1 -1 -1 -1 -1 -1 -1 -1 -1 -1 -1 -1
22 -1 -1 -1 -1 -1 -1 -1 -1 -1 -1 -1 -1 -1 -1 -1 -1 -1 -1 -1 -1
23 -1 -1 -1 -1 -1 -1 -1 -1 -1 -1 -1 -1 -1 -1 -1 -1 -1 -1 -1 -1
24 -1 -1 -1 -1 -1 -1 -1 -1 -1 -1 -1 -1 -1 -1 -1 -1 -1 -1 -1 -1
25 -1 -1 -1 -1 -1 -1 -1 -1 -1 -1 -1 -1 -1 -1 -1 -1 -1 -1 -1 -1
26 -1 -1 -1 -1 -1 -1 -1 -1 -1 -1 -1 -1 -1 -1 -1 -1 -1 -1 -1 -1
27 -1 -1 -1 -1 -1 -1 -1 -1 -1 -1 -1 -1 -1 -1 -1 -1 -1 -1 -1 -1
28 -1 -1 -1 -1 -1 -1 -1 -1 -1 -1 -1 -1 -1 -1 -1 -1 -1 -1 -1 -1
29 -1 -1 -1 -1 -1 -1 -1 -1 -1 -1 -1 -1 -1 -1 -1 -1 -1 -1 -1 -1
30 -1 -1 -1 -1 -1 -1 -1 -1 -1 -1 -1 -1 -1 -1 -1 -1 -1 -1 -1 -1
31 -1 -1 -1 -1 -1 -1 -1 -1 -1 -1 -1 -1 -1 -1 -1 -1 -1 -1 -1 -1
32 -1 -1 -1 -1 -1 -1 -1 -1 -1 -1 -1 -1 -1 -1 -1 -1 -1 -1 -1 -1
33 -1 -1 -1 -1 -1 -1 -1 -1 -1 -1 -1 -1 -1 -1 -1 -1 -1 -1 -1 -1
34 -1 -1 -1 -1 -1 -1 -1 -1 -1 -1 -1 -1 -1 -1 -1 -1 -1 -1 -1 -1
35 -1 -1 -1 -1 -1 -1 -1 -1 -1 -1 -1 -1 -1 -1 -1 -1 -1 -1 -1 -1
36 -1 -1 -1 -1 -1 -1 -1 -1 -1 -1 -1 -1 -1 -1 -1 -1 -1 -1 -1 -1
37 -1 -1 -1 -1 -1 -1 -1 -1 -1 -1 -1 -1 -1 -1 -1 -1 -1 -1 -1 -1
38 -1 -1 -1 -1 -1 -1 -1 -1 -1 -1 -1 -1 -1 -1 -1 -1 -1 -1 -1 -1
39 -1 -1 -1 -1 -1 -1 -1 -1 -1 -1 -1 -1 -1 -1 -1 -1 -1 -1 -1 -1
40 -1 -1 -1 -1 -1 -1 -1 -1 -1 -1 -1 -1 -1 -1 -1 -1 -1 -1 -1 -1
41 -1 -1 -1 -1 -1 -1 -1 -1 -1 -1 -1 -1 -1 -1 -1 -1 -1 -1 -1 -1
42 -1 -1 -1 -1 -1 -1 -1 -1 -1 -1 -1 -1 -1 -1 -1 -1 -1 -1 -1 -1
43 -1 -1 -1 -1 -1 -1 -1 -1 -1 -1 -1 -1 -1 -1 -1 -1 -1 -1 -1 -1
44 -1 -1 -1 -1 -1 -1 -1 -1 -1 -1 -1 -1 -1 -1 -1 -1 -1 -1 -1 -1
45 -1 -1 -1 -1 -1 -1 -1 -1 -1 -1 -1 -1 -1 -1 -1 -1 -1 -1 -1 -1
46 -1 -1 -1 -1 -1 -1 -1 -1 -1 -1 -1 -1 -1 -1 -1 -1 -1 -1 -1 -1
47 -1 -1 -1 -1 -1 -1 -1 -1 -1 -1 -1 -1 -1 -1 -1 -1 -1 -1 -1 -1
48 -1 -1 -1 -1 -1 -1 -1 -1 -1 -1 -1 -1 -1 -1 -1 -1 -1 -1 -1 -1
49 -1 -1 -1 -1 -1 -1 -1 -1 -1 -1 -1 -1 -1 -1 -1 -1 -1 -1 -1 -1
50 -1 -1 -1 -1 -1 -1 -1 -1 -1 -1 -1 -1 -1 -1 -1 -1 -1 -1 -1 -1
51 -1 -1 -1 -1 -1 -1 -1 -1 -1 -1 -1 -1 -1 -1 -1 -1 -1 -1 -1 -1
52 -1 -1 -1 -1 -1 -1 -1 -1 -1 -1 -1 -1 -1 -1 -1 -1 -1 -1 -1 -1
53 -1 -1 -1 -1 -1 -1 -1 -1 -1 -1 -1 -1 -1 -1 -1 -1 -1 -1 -1 -1
54 -1 -1 -1 -1 -1 -1 -1 -1 -1 -1 -1 -1 -1 -1 -1 -1 -1 -1 -1 -1
55 -1 -1 -1 -1 -1 -1 -1 -1 -1 -1 -1 -1 -1 -1 -1 -1 -1 -1 -1 -1
56 0.295312 0.248303 0.300185 0.430181 0.309320 0.430287 0.291050 0.430075 0.309320 0.430287 0.332036 0.538554 0.301934 0.654350 0.291050 0.430075 0.288090 0.561319 0.271190 0.681639
57 0.298578 0.249038 0.302470 0.430393 0.310512 0.430707 0.294428 0.430079 0.310512 0.430707 0.334133 0.536738 0.317404 0.654502 0.294428 0.430079 0.287394 0.560345 0.271851 0.683509
58 0.302184 0.249701 0.305028 0.431465 0.313523 0.432181 0.296534 0.430750 0.313523 0.432181 0.337934 0.537448 0.331904 0.655615 0.296534 0.430750 0.288779 0.560280 0.272135 0.683632
59 0.306691 0.250052 0.308689 0.433260 0.317282 0.434128 0.300095 0.432392 0.317282 0.434128 0.340825 0.538949 0.346592 0.655655 0.300095 0.432392 0.290298 0.562596 0.272033 0.683566
60 0.311873 0.251045 0.313589 0.434689 0.321995 0.435522 0.305183 0.433856 0.321995 0.435522 0.345029 0.539457 0.362722 0.655289 0.305183 0.433856 0.293339 0.562250 0.271963 0.683385
61 0.317287 0.251844 0.317370 0.434770 0.324548 0.435555 0.310191 0.433986 0.324548 0.435555 0.348984 0.540365 0.372886 0.654987 0.310191 0.433986 0.296698 0.562010 0.271854 0.683314
62 0.322506 0.252318 0.322317 0.435248 0.328709 0.435837 0.315926 0.434660 0.328709 0.435837 0.353163 0.540502 0.380177 0.654772 0.315926 0.434660 0.301972 0.561722 0.271834 0.682807
63 0.327496 0.252658 0.327935 0.435072 0.334485 0.435647 0.321386 0.434497 0.334485 0.435647 0.357405 0.541106 0.385488 0.654826 0.321386 0.434497 0.306622 0.561516 0.271748 0.681916
64 0.334203 0.253665 0.333922 0.437010 0.340910 0.437509 0.326934 0.436511 0.340910 0.437509 0.362374 0.543603 0.390072 0.655343 0.326934 0.436511 0.312634 0.562517 0.271649 0.681130
65 0.341523 0.254651 0.339585 0.439012 0.346853 0.439379 0.332318 0.438645 0.346853 0.439379 0.368165 0.545948 0.393711 0.656342 0.332318 0.438645 0.317115 0.563534 0.271572 0.680294
66 0.348983 0.254961 0.347332 0.439616 0.354500 0.439951 0.340163 0.439280 0.354500 0.439951 0.373314 0.546503 0.395505 0.657822 0.340163 0.439280 0.322684 0.563357 0.272822 0.679138
67 0.355753 0.254837 0.353644 0.439389 0.360225 0.439677 0.347064 0.439101 0.360225 0.439677 0.378643 0.546078 0.397448 0.658102 0.347064 0.439101 0.328209 0.563107 0.273565 0.677653
68 0.363256 0.253129 0.361378 0.439170 0.367128 0.439458 0.355628 0.438881 0.367128 0.439458 0.383433 0.545898 0.395138 0.658161 0.355628 0.438881 0.336311 0.563059 0.274587 0.675173
69 0.370089 0.251027 0.369689 0.438989 0.374811 0.439315 0.364566 0.438662 0.374811 0.439315 0.388156 0.546346 0.393499 0.659682 0.364566 0.438662 0.349040 0.563017 0.280424 0.667881
70 0.376040 0.249661 0.376564 0.438190 0.381905 0.438640 0.371224 0.437740 0.381905 0.438640 0.395726 0.546251 0.395505 0.660606 0.371224 0.437740 0.361645 0.561652 0.288422 0.661779
71 0.381828 0.248378 0.381750 0.435793 0.387056 0.436472 0.376444 0.435115 0.387056 0.436472 0.397829 0.546798 0.396161 0.661373 0.376444 0.435115 0.377432 0.558291 0.299786 0.656769
72 0.386628 0.247085 0.386787 0.433168 0.391712 0.434169 0.381862 0.432167 0.391712 0.434169 0.397947 0.548629 0.396430 0.662331 0.381862 0.432167 0.387051 0.557641 0.314000 0.654416
73 0.391932 0.245858 0.392625 0.429735 0.396589 0.431063 0.388660 0.428406 0.396589 0.431063 0.399417 0.548854 0.395592 0.662417 0.388660 0.428406 0.397649 0.556275 0.329179 0.655302
74 0.395840 0.244736 0.400285 0.427585 0.402756 0.428260 0.397813 0.426910 0.402756 0.428260 0.405411 0.548752 0.396557 0.661390 0.397813 0.426910 0.405248 0.554222 0.349659 0.656394
75 0.400894 0.244057 0.407822 0.425441 0.411125 0.425638 0.404520 0.425244 0.411125 0.425638 0.414660 0.547237 0.395764 0.655788 0.404520 0.425244 0.412036 0.553247 0.368846 0.661184
76 0.405325 0.244063 0.412843 0.424321 0.415665 0.424174 0.410022 0.424468 0.415665 0.424174 0.420852 0.545188 0.395013 0.653925 0.410022 0.424468 0.419975 0.552659 0.385831 0.666778
77 0.409875 0.243198 0.415356 0.423281 0.418331 0.423086 0.412381 0.423477 0.418331 0.423086 0.425241 0.543642 0.400932 0.654414 0.412381 0.423477 0.426098 0.550262 0.400236 0.671727
78 0.414400 0.242336 0.418559 0.423955 0.417052 0.423883 0.420066 0.424027 0.417052 0.423883 0.419808 0.543686 0.402388 0.655469 0.420066 0.424027 0.440862 0.550143 0.424856 0.672674
79 0.418817 0.241910 0.421363 0.424381 0.418285 0.424409 0.424441 0.424354 0.418285 0.424409 0.416407 0.542974 0.401769 0.656694 0.424441 0.424354 0.451134 0.549977 0.444146 0.673665
80 0.423484 0.241898 0.424198 0.425055 0.421424 0.424865 0.426973 0.425246 0.421424 0.424865 0.417960 0.543023 0.401178 0.658594 0.426973 0.425246 0.456844 0.550203 0.459467 0.676018
81 0.428207 0.242025 0.426871 0.426159 0.424121 0.426252 0.429620 0.426066 0.424121 0.426252 0.418210 0.544265 0.400389 0.661406 0.429620 0.426066 0.462059 0.550352 0.474831 0.675327
82 0.432317 0.241667 0.431023 0.425981 0.428107 0.426246 0.433939 0.425717 0.428107 0.426246 0.418893 0.544156 0.399916 0.662631 0.433939 0.425717 0.466799 0.548867 0.482865 0.674453
83 0.437017 0.241711 0.434462 0.425960 0.431384 0.426153 0.437540 0.425766 0.431384 0.426153 0.420253 0.544107 0.399567 0.663693 0.437540 0.425766 0.472860 0.548114 0.489221 0.672134
84 0.442237 0.242380 0.438679 0.426251 0.434671 0.426203 0.442688 0.426299 0.434671 0.426203 0.421747 0.544200 0.399491 0.664134 0.442688 0.426299 0.478236 0.547743 0.495939 0.669311
85 0.448399 0.243562 0.442348 0.426644 0.438162 0.426279 0.446533 0.427010 0.438162 0.426279 0.422942 0.544271 0.398794 0.664308 0.446533 0.427010 0.481649 0.547738 0.499976 0.668416
86 0.454511 0.245235 0.446390 0.426895 0.442259 0.426403 0.450521 0.427388 0.442259 0.426403 0.425618 0.544207 0.398168 0.664316 0.450521 0.427388 0.484376 0.547320 0.501577 0.668201
87 0.460793 0.246310 0.450703 0.427246 0.446306 0.426582 0.455100 0.427909 0.446306 0.426582 0.429031 0.544163 0.398079 0.664287 0.455100 0.427909 0.487248 0.547398 0.502598 0.667830
88 0.467633 0.246710 0.455008 0.425440 0.450136 0.423899 0.459881 0.426981 0.450136 0.423899 0.433312 0.543244 0.398466 0.663691 0.459881 0.426981 0.490599 0.546830 0.503507 0.667149
89 0.475073 0.246125 0.460335 0.423193 0.455172 0.421294 0.465498 0.425092 0.455172 0.421294 0.438422 0.542420 0.399063 0.662098 0.465498 0.425092 0.493307 0.545726 0.504252 0.666595
90 0.482902 0.245689 0.466837 0.422124 0.461646 0.420145 0.472029 0.424102 0.461646 0.420145 0.447607 0.540699 0.400875 0.657709 0.472029 0.424102 0.496142 0.544896 0.505256 0.665931
91 0.489523 0.244991 0.473002 0.419825 0.467842 0.417625 0.478162 0.422026 0.467842 0.417625 0.454962 0.538055 0.404452 0.652936 0.478162 0.422026 0.499355 0.543998 0.506389 0.665441
92 0.495620 0.244517 0.477974 0.418184 0.472476 0.415686 0.483473 0.420683 0.472476 0.415686 0.461788 0.535625 0.410043 0.646591 0.483473 0.420683 0.501712 0.541853 0.507287 0.665204
93 0.501373 0.244847 0.485083 0.418691 0.477634 0.416375 0.492531 0.421007 0.477634 0.416375 0.471123 0.534329 0.417314 0.638579 0.492531 0.421007 0.506910 0.541934 0.507946 0.665545
94 0.506090 0.245879 0.491688 0.419780 0.482520 0.416787 0.500855 0.422773 0.482520 0.416787 0.478476 0.533280 0.426986 0.633533 0.500855 0.422773 0.512680 0.543918 0.506999 0.666412
95 0.511089 0.246615 0.495235 0.420415 0.485209 0.417198 0.505260 0.423631 0.485209 0.417198 0.486222 0.532988 0.437709 0.631957 0.505260 0.423631 0.515437 0.548172 0.506585 0.667202
96 0.515603 0.246869 0.502060 0.420383 0.491492 0.417123 0.512628 0.423643 0.491492 0.417123 0.490950 0.532493 0.451060 0.632552 0.512628 0.423643 0.518463 0.550567 0.506979 0.667353
97 0.519572 0.247088 0.508587 0.420371 0.497854 0.417108 0.519319 0.423634 0.497854 0.417108 0.498318 0.532434 0.464174 0.635052 0.519319 0.423634 0.521610 0.550545 0.508172 0.667398
98 0.524069 0.248133 0.514409 0.420441 0.504880 0.417093 0.523938 0.423789 0.504880 0.417093 0.511542 0.532477 0.481387 0.636779 0.523938 0.423789 0.525450 0.550762 0.507192 0.667641
99 0.528926 0.248586 0.517294 0.420314 0.506886 0.416831 0.527703 0.423797 0.506886 0.416831 0.522144 0.531958 0.497511 0.637769 0.527703 0.423797 0.527119 0.551528 0.506527 0.667379
100 -1 -1 -1 -1 -1 -1 -1 -1 -1 -1 -1 -1 -1 -1 -1 -1 -1 -1 -1 -1
101 -1 -1 -1 -1 -1 -1 -1 -1 -1 -1 -1 -1 -1 -1 -1 -1 -1 -1 -1 -1
102 -1 -1 -1 -1 -1 -1 -1 -1 -1 -1 -1 -1 -1 -1 -1 -1 -1 -1 -1 -1
103 -1 -1 -1 -1 -1 -1 -1 -1 -1 -1 -1 -1 -1 -1 -1 -1 -1 -1 -1 -1
104 -1 -1 -1 -1 -1 -1 -1 -1 -1 -1 -1 -1 -1 -1 -1 -1 -1 -1 -1 -1
105 -1 -1 -1 -1 -1 -1 -1 -1 -1 -1 -1 -1 -1 -1 -1 -1 -1 -1 -1 -1
106 -1 -1 -1 -1 -1 -1 -1 -1 -1 -1 -1 -1 -1 -1 -1 -1 -1 -1 -1 -1
107 -1 -1 -1 -1 -1 -1 -1 -1 -1 -1 -1 -1 -1 -1 -1 -1 -1 -1 -1 -1
108 -1 -1 -1 -1 -1 -1 -1 -1 -1 -1 -1 -1 -1 -1 -1 -1 -1 -1 -1 -1
109 -1 -1 -1 -1 -1 -1 -1 -1 -1 -1 -1 -1 -1 -1 -1 -1 -1 -1 -1 -1
110 -1 -1 -1 -1 -1 -1 -1 -1 -1 -1 -1 -1 -1 -1 -1 -1 -1 -1 -1 -1
111 -1 -1 -1 -1 -1 -1 -1 -1 -1 -1 -1 -1 -1 -1 -1 -1 -1 -1 -1 -1
112 -1 -1 -1 -1 -1 -1 -1 -1 -1 -1 -1 -1 -1 -1 -1 -1 -1 -1 -1 -1
113 -1 -1 -1 -1 -1 -1 -1 -1 -1 -1 -1 -1 -1 -1 -1 -1 -1 -1 -1 -1
114 -1 -1 -1 -1 -1 -1 -1 -1 -1 -1 -1 -1 -1 -1 -1 -1 -1 -1 -1 -1
115 -1 -1 -1 -1 -1 -1 -1 -1 -1 -1 -1 -1 -1 -1 -1 -1 -1 -1 -1 -1
116 -1 -1 -1 -1 -1 -1 -1 -1 -1 -1 -1 -1 -1 -1 -1 -1 -1 -1 -1 -1
117 -1 -1 -1 -1 -1 -1 -1 -1 -1 -1 -1 -1 -1 -1 -1 -1 -1 -1 -1 -1
118 -1 -1 -1 -1 -1 -1 -1 -1 -1 -1 -1 -1 -1 -1 -1 -1 -1 -1 -1 -1
119 -1 -1 -1 -1 -1 -1 -1 -1 -1 -1 -1 -1 -1 -1 -1 -1 -1 -1 -1 -1
120 -1 -1 -1 -1 -1 -1 -1 -1 -1 -1 -1 -1 -1 -1 -1 -1 -1 -1 -1 -1
121 -1 -1 -1 -1 -1 -1 -1 -1 -1 -1 -1 -1 -1 -1 -1 -1 -1 -1 -1 -1
122 -1 -1 -1 -1 -1 -1 -1 -1 -1 -1 -1 -1 -1 -1 -1 -1 -1 -1 -1 -1
123 -1 -1 -1 -1 -1 -1 -1 -1 -1 -1 -1 -1 -1 -1 -1 -1 -1 -1 -1 -1
124 -1 -1 -1 -1 -1 -1 -1 -1 -1 -1 -1 -1 -1 -1 -1 -1 -1 -1 -1 -1
125 -1 -1 -1 -1 -1 -1 -1 -1 -1 -1 -1 -1 -1 -1 -1 -1 -1 -1 -1 -1
126 -1 -1 -1 -1 -1 -1 -1 -1 -1 -1 -1 -1 -1 -1 -1 -1 -1 -1 -1 -1
127 -1 -1 -1 -1 -1 -1 -1 -1 -1 -1 -1 -1 -1 -1 -1 -1 -1 -1 -1 -1
128 -1 -1 -1 -1 -1 -1 -1 -1 -1 -1 -1 -1 -1 -1 -1 -1 -1 -1 -1 -1
129 0.637412 0.241404 0.626441 0.408618 0.615274 0.405858 0.637609 0.411379 0.615274 0.405858 0.604195 0.516741 0.592274 0.629837 0.637609 0.411379 0.652246 0.524827 0.659111 0.638266
130 0.641493 0.241832 0.630480 0.408674 0.619683 0.405922 0.641277 0.411426 0.619683 0.405922 0.608279 0.516368 0.592487 0.629761 0.641277 0.411426 0.654601 0.524666 0.659013 0.638058
131 0.646202 0.242490 0.635041 0.408968 0.625698 0.406148 0.644383 0.411788 0.625698 0.406148 0.612049 0.516394 0.593193 0.629741 0.644383 0.411788 0.656005 0.524951 0.660134 0.638235
132 0.650431 0.243018 0.638792 0.409080 0.630597 0.406209 0.646986 0.411952 0.630597 0.406209 0.617723 0.515909 0.593880 0.629626 0.646986 0.411952 0.658839 0.524453 0.660838 0.638438
133 0.654604 0.243117 0.642549 0.409218 0.634519 0.406262 0.650578 0.412175 0.634519 0.406262 0.624146 0.515254 0.595553 0.626282 0.650578 0.412175 0.661730 0.524276 0.661536 0.638540
134 0.659541 0.243477 0.646862 0.409392 0.640179 0.406438 0.653545 0.412346 0.640179 0.406438 0.631269 0.515003 0.597818 0.623697 0.653545 0.412346 0.663294 0.524399 0.661089 0.638341
135 0.665244 0.244414 0.651758 0.409566 0.648358 0.406738 0.655157 0.412393 0.648358 0.406738 0.637999 0.514565 0.604515 0.617822 0.655157 0.412393 0.664190 0.523416 0.659357 0.636700
136 0.668695 0.245355 0.656170 0.409593 0.652912 0.406775 0.659429 0.412410 0.652912 0.406775 0.641315 0.513259 0.609969 0.614302 0.659429 0.412410 0.667706 0.522940 0.659868 0.636067
137 0.671072 0.245307 0.660631 0.409211 0.657970 0.406584 0.663293 0.411838 0.657970 0.406584 0.647154 0.510028 0.617801 0.611100 0.663293 0.411838 0.670105 0.520928 0.659960 0.635856
138 0.673329 0.245233 0.663646 0.408290 0.660856 0.405445 0.666436 0.411135 0.660856 0.405445 0.651828 0.506950 0.625897 0.603164 0.666436 0.411135 0.674058 0.519373 0.660737 0.634524
139 0.675906 0.245315 0.666849 0.406342 0.665690 0.403597 0.668007 0.409087 0.665690 0.403597 0.659760 0.507575 0.638882 0.605622 0.668007 0.409087 0.674844 0.517386 0.659652 0.632629
140 0.678326 0.245913 0.669561 0.406538 0.668662 0.403831 0.670460 0.409245 0.668662 0.403831 0.661581 0.510034 0.640863 0.608162 0.670460 0.409245 0.676437 0.518125 0.658925 0.632784
141 0.680004 0.246074 0.672265 0.406790 0.671775 0.403955 0.672755 0.409625 0.671775 0.403955 0.665706 0.510650 0.646166 0.608492 0.672755 0.409625 0.676820 0.521070 0.657715 0.633025
142 -1 -1 -1 -1 -1 -1 -1 -1 -1 -1 -1 -1 -1 -1 -1 -1 -1 -1 -1 -1
143 -1 -1 -1 -1 -1 -1 -1 -1 -1 -1 -1 -1 -1 -1 -1 -1 -1 -1 -1 -1
144 -1 -1 -1 -1 -1 -1 -1 -1 -1 -1 -1 -1 -1 -1 -1 -1 -1 -1 -1 -1
145 -1 -1 -1 -1 -1 -1 -1 -1 -1 -1 -1 -1 -1 -1 -1 -1 -1 -1 -1 -1
146 -1 -1 -1 -1 -1 -1 -1 -1 -1 -1 -1 -1 -1 -1 -1 -1 -1 -1 -1 -1
147 -1 -1 -1 -1 -1 -1 -1 -1 -1 -1 -1 -1 -1 -1 -1 -1 -1 -1 -1 -1
148 -1 -1 -1 -1 -1 -1 -1 -1 -1 -1 -1 -1 -1 -1 -1 -1 -1 -1 -1 -1
149 -1 -1 -1 -1 -1 -1 -1 -1 -1 -1 -1 -1 -1 -1 -1 -1 -1 -1 -1 -1
150 -1 -1 -1 -1 -1 -1 -1 -1 -1 -1 -1 -1 -1 -1 -1 -1 -1 -1 -1 -1
151 -1 -1 -1 -1 -1 -1 -1 -1 -1 -1 -1 -1 -1 -1 -1 -1 -1 -1 -1 -1
152 -1 -1 -1 -1 -1 -1 -1 -1 -1 -1 -1 -1 -1 -1 -1 -1 -1 -1 -1 -1
153 -1 -1 -1 -1 -1 -1 -1 -1 -1 -1 -1 -1 -1 -1 -1 -1 -1 -1 -1 -1
154 -1 -1 -1 -1 -1 -1 -1 -1 -1 -1 -1 -1 -1 -1 -1 -1 -1 -1 -1 -1
155 -1 -1 -1 -1 -1 -1 -1 -1 -1 -1 -1 -1 -1 -1 -1 -1 -1 -1 -1 -1
156 -1 -1 -1 -1 -1 -1 -1 -1 -1 -1 -1 -1 -1 -1 -1 -1 -1 -1 -1 -1
157 -1 -1 -1 -1 -1 -1 -1 -1 -1 -1 -1 -1 -1 -1 -1 -1 -1 -1 -1 -1
158 -1 -1 -1 -1 -1 -1 -1 -1 -1 -1 -1 -1 -1 -1 -1 -1 -1 -1 -1 -1
159 -1 -1 -1 -1 -1 -1 -1 -1 -1 -1 -1 -1 -1 -1 -1 -1 -1 -1 -1 -1
160 -1 -1 -1 -1 -1 -1 -1 -1 -1 -1 -1 -1 -1 -1 -1 -1 -1 -1 -1 -1
161 -1 -1 -1 -1 -1 -1 -1 -1 -1 -1 -1 -1 -1 -1 -1 -1 -1 -1 -1 -1
162 -1 -1 -1 -1 -1 -1 -1 -1 -1 -1 -1 -1 -1 -1 -1 -1 -1 -1 -1 -1
163 -1 -1 -1 -1 -1 -1 -1 -1 -1 -1 -1 -1 -1 -1 -1 -1 -1 -1 -1 -1
164 -1 -1 -1 -1 -1 -1 -1 -1 -1 -1 -1 -1 -1 -1 -1 -1 -1 -1 -1 -1
165 -1 -1 -1 -1 -1 -1 -1 -1 -1 -1 -1 -1 -1 -1 -1 -1 -1 -1 -1 -1
166 -1 -1 -1 -1 -1 -1 -1 -1 -1 -1 -1 -1 -1 -1 -1 -1 -1 -1 -1 -1
167 -1 -1 -1 -1 -1 -1 -1 -1 -1 -1 -1 -1 -1 -1 -1 -1 -1 -1 -1 -1
168 -1 -1 -1 -1 -1 -1 -1 -1 -1 -1 -1 -1 -1 -1 -1 -1 -1 -1 -1 -1
169 -1 -1 -1 -1 -1 -1 -1 -1 -1 -1 -1 -1 -1 -1 -1 -1 -1 -1 -1 -1
170 -1 -1 -1 -1 -1 -1 -1 -1 -1 -1 -1 -1 -1 -1 -1 -1 -1 -1 -1 -1
171 -1 -1 -1 -1 -1 -1 -1 -1 -1 -1 -1 -1 -1 -1 -1 -1 -1 -1 -1 -1
172 -1 -1 -1 -1 -1 -1 -1 -1 -1 -1 -1 -1 -1 -1 -1 -1 -1 -1 -1 -1
173 -1 -1 -1 -1 -1 -1 -1 -1 -1 -1 -1 -1 -1 -1 -1 -1 -1 -1 -1 -1
174 -1 -1 -1 -1 -1 -1 -1 -1 -1 -1 -1 -1 -1 -1 -1 -1 -1 -1 -1 -1
175 -1 -1 -1 -1 -1 -1 -1 -1 -1 -1 -1 -1 -1 -1 -1 -1 -1 -1 -1 -1
176 -1 -1 -1 -1 -1 -1 -1 -1 -1 -1 -1 -1 -1 -1 -1 -1 -1 -1 -1 -1
177 -1 -1 -1 -1 -1 -1 -1 -1 -1 -1 -1 -1 -1 -1 -1 -1 -1 -1 -1 -1
178 -1 -1 -1 -1 -1 -1 -1 -1 -1 -1 -1 -1 -1 -1 -1 -1 -1 -1 -1 -1
179 -1 -1 -1 -1 -1 -1 -1 -1 -1 -1 -1 -1 -1 -1 -1 -1 -1 -1 -1 -1
180 -1 -1 -1 -1 -1 -1 -1 -1 -1 -1 -1 -1 -1 -1 -1 -1 -1 -1 -1 -1
181 -1 -1 -1 -1 -1 -1 -1 -1 -1 -1 -1 -1 -1 -1 -1 -1 -1 -1 -1 -1
182 -1 -1 -1 -1 -1 -1 -1 -1 -1 -1 -1 -1 -1 -1 -1 -1 -1 -1 -1 -1
183 -1 -1 -1 -1 -1 -1 -1 -1 -1 -1 -1 -1 -1 -1 -1 -1 -1 -1 -1 -1
184 -1 -1 -1 -1 -1 -1 -1 -1 -1 -1 -1 -1 -1 -1 -1 -1 -1 -1 -1 -1
185 -1 -1 -1 -1 -1 -1 -1 -1 -1 -1 -1 -1 -1 -1 -1 -1 -1 -1 -1 -1
186 -1 -1 -1 -1 -1 -1 -1 -1 -1 -1 -1 -1 -1 -1 -1 -1 -1 -1 -1 -1
187 -1 -1 -1 -1 -1 -1 -1 -1 -1 -1 -1 -1 -1 -1 -1 -1 -1 -1 -1 -1
188 -1 -1 -1 -1 -1 -1 -1 -1 -1 -1 -1 -1 -1 -1 -1 -1 -1 -1 -1 -1
189 -1 -1 -1 -1 -1 -1 -1 -1 -1 -1 -1 -1 -1 -1 -1 -1 -1 -1 -1 -1
190 -1 -1 -1 -1 -1 -1 -1 -1 -1 -1 -1 -1 -1 -1 -1 -1 -1 -1 -1 -1
191 -1 -1 -1 -1 -1 -1 -1 -1 -1 -1 -1 -1 -1 -1 -1 -1 -1 -1 -1 -1
192 -1 -1 -1 -1 -1 -1 -1 -1 -1 -1 -1 -1 -1 -1 -1 -1 -1 -1 -1 -1
193 -1 -1 -1 -1 -1 -1 -1 -1 -1 -1 -1 -1 -1 -1 -1 -1 -1 -1 -1 -1
194 -1 -1 -1 -1 -1 -1 -1 -1 -1 -1 -1 -1 -1 -1 -1 -1 -1 -1 -1 -1
195 -1 -1 -1 -1 -1 -1 -1 -1 -1 -1 -1 -1 -1 -1 -1 -1 -1 -1 -1 -1
196 -1 -1 -1 -1 -1 -1 -1 -1 -1 -1 -1 -1 -1 -1 -1 -1 -1 -1 -1 -1
197 -1 -1 -1 -1 -1 -1 -1 -1 -1 -1 -1 -1 -1 -1 -1 -1 -1 -1 -1 -1
198 -1 -1 -1 -1 -1 -1 -1 -1 -1 -1 -1 -1 -1 -1 -1 -1 -1 -1 -1 -1
199 -1 -1 -1 -1 -1 -1 -1 -1 -1 -1 -1 -1 -1 -1 -1 -1 -1 -1 -1 -1
200 -1 -1 -1 -1 -1 -1 -1 -1 -1 -1 -1 -1 -1 -1 -1 -1 -1 -1 -1 -1
201 -1 -1 -1 -1 -1 -1 -1 -1 -1 -1 -1 -1 -1 -1 -1 -1 -1 -1 -1 -1
202 -1 -1 -1 -1 -1 -1 -1 -1 -1 -1 -1 -1 -1 -1 -1 -1 -1 -1 -1 -1
203 -1 -1 -1 -1 -1 -1 -1 -1 -1 -1 -1 -1 -1 -1 -1 -1 -1 -1 -1 -1
204 -1 -1 -1 -1 -1 -1 -1 -1 -1 -1 -1 -1 -1 -1 -1 -1 -1 -1 -1 -1
205 -1 -1 -1 -1 -1 -1 -1 -1 -1 -1 -1 -1 -1 -1 -1 -1 -1 -1 -1 -1
206 -1 -1 -1 -1 -1 -1 -1 -1 -1 -1 -1 -1 -1 -1 -1 -1 -1 -1 -1 -1
207 -1 -1 -1 -1 -1 -1 -1 -1 -1 -1 -1 -1 -1 -1 -1 -1 -1 -1 -1 -1
208 -1 -1 -1 -1 -1 -1 -1 -1 -1 -1 -1 -1 -1 -1 -1 -1 -1 -1 -1 -1
209 -1 -1 -1 -1 -1 -1 -1 -1 -1 -1 -1 -1 -1 -1 -1 -1 -1 -1 -1 -1
210 -1 -1 -1 -1 -1 -1 -1 -1 -1 -1 -1 -1 -1 -1 -1 -1 -1 -1 -1 -1
211 -1 -1 -1 -1 -1 -1 -1 -1 -1 -1 -1 -1 -1 -1 -1 -1 -1 -1 -1 -1
212 -1 -1 -1 -1 -1 -1 -1 -1 -1 -1 -1 -1 -1 -1 -1 -1 -1 -1 -1 -1
213 -1 -1 -1 -1 -1 -1 -1 -1 -1 -1 -1 -1 -1 -1 -1 -1 -1 -1 -1 -1
214 -1 -1 -1 -1 -1 -1 -1 -1 -1 -1 -1 -1 -1 -1 -1 -1 -1 -1 -1 -1
215 -1 -1 -1 -1 -1 -1 -1 -1 -1 -1 -1 -1 -1 -1 -1 -1 -1 -1 -1 -1
216 -1 -1 -1 -1 -1 -1 -1 -1 -1 -1 -1 -1 -1 -1 -1 -1 -1 -1 -1 -1
217 -1 -1 -1 -1 -1 -1 -1 -1 -1 -1 -1 -1 -1 -1 -1 -1 -1 -1 -1 -1
218 -1 -1 -1 -1 -1 -1 -1 -1 -1 -1 -1 -1 -1 -1 -1 -1 -1 -1 -1 -1
219 -1 -1 -1 -1 -1 -1 -1 -1 -1 -1 -1 -1 -1 -1 -1 -1 -1 -1 -1 -1
220 -1 -1 -1 -1 -1 -1 -1 -1 -1 -1 -1 -1 -1 -1 -1 -1 -1 -1 -1 -1
221 -1 -1 -1 -1 -1 -1 -1 -1 -1 -1 -1 -1 -1 -1 -1 -1 -1 -1 -1 -1
222 -1 -1 -1 -1 -1 -1 -1 -1 -1 -1 -1 -1 -1 -1 -1 -1 -1 -1 -1 -1
223 -1 -1 -1 -1 -1 -1 -1 -1 -1 -1 -1 -1 -1 -1 -1 -1 -1 -1 -1 -1
224 -1 -1 -1 -1 -1 -1 -1 -1 -1 -1 -1 -1 -1 -1 -1 -1 -1 -1 -1 -1
225 -1 -1 -1 -1 -1 -1 -1 -1 -1 -1 -1 -1 -1 -1 -1 -1 -1 -1 -1 -1
226 -1 -1 -1 -1 -1 -1 -1 -1 -1 -1 -1 -1 -1 -1 -1 -1 -1 -1 -1 -1
227 -1 -1 -1 -1 -1 -1 -1 -1 -1 -1 -1 -1 -1 -1 -1 -1 -1 -1 -1 -1
228 -1 -1 -1 -1 -1 -1 -1 -1 -1 -1 -1 -1 -1 -1 -1 -1 -1 -1 -1 -1
229 -1 -1 -1 -1 -1 -1 -1 -1 -1 -1 -1 -1 -1 -1 -1 -1 -1 -1 -1 -1
230 -1 -1 -1 -1 -1 -1 -1 -1 -1 -1 -1 -1 -1 -1 -1 -1 -1 -1 -1 -1
231 -1 -1 -1 -1 -1 -1 -1 -1 -1 -1 -1 -1 -1 -1 -1 -1 -1 -1 -1 -1
232 -1 -1 -1 -1 -1 -1 -1 -1 -1 -1 -1 -1 -1 -1 -1 -1 -1 -1 -1 -1
233 -1 -1 -1 -1 -1 -1 -1 -1 -1 -1 -1 -1 -1 -1 -1 -1 -1 -1 -1 -1
234 -1 -1 -1 -1 -1 -1 -1 -1 -1 -1 -1 -1 -1 -1 -1 -1 -1 -1 -1 -1
235 -1 -1 -1 -1 -1 -1 -1 -1 -1 -1 -1 -1 -1 -1 -1 -1 -1 -1 -1 -1
236 -1 -1 -1 -1 -1 -1 -1 -1 -1 -1 -1 -1 -1 -1 -1 -1 -1 -1 -1 -1
237 -1 -1 -1 -1 -1 -1 -1 -1 -1 -1 -1 -1 -1 -1 -1 -1 -1 -1 -1 -1
238 -1 -1 -1 -1 -1 -1 -1 -1 -1 -1 -1 -1 -1 -1 -1 -1 -1 -1 -1 -1
239 -1 -1 -1 -1 -1 -1 -1 -1 -1 -1 -1 -1 -1 -1 -1 -1 -1 -1 -1 -1
240 -1 -1 -1 -1 -1 -1 -1 -1 -1 -1 -1 -1 -1 -1 -1 -1 -1 -1 -1 -1
241 -1 -1 -1 -1 -1 -1 -1 -1 -1 -1 -1 -1 -1 -1 -1 -1 -1 -1 -1 -1
242 -1 -1 -1 -1 -1 -1 -1 -1 -1 -1 -1 -1 -1 -1 -1 -1 -1 -1 -1 -1
243 -1 -1 -1 -1 -1 -1 -1 -1 -1 -1 -1 -1 -1 -1 -1 -1 -1 -1 -1 -1
244 -1 -1 -1 -1 -1 -1 -1 -1 -1 -1 -1 -1 -1 -1 -1 -1 -1 -1 -1 -1
245 -1 -1 -1 -1 -1 -1 -1 -1 -1 -1 -1 -1 -1 -1 -1 -1 -1 -1 -1 -1
246 -1 -1 -1 -1 -1 -1 -1 -1 -1 -1 -1 -1 -1 -1 -1 -1 -1 -1 -1 -1
247 -1 -1 -1 -1 -1 -1 -1 -1 -1 -1 -1 -1 -1 -1 -1 -1 -1 -1 -1 -1
248 -1 -1 -1 -1 -1 -1 -1 -1 -1 -1 -1 -1 -1 -1 -1 -1 -1 -1 -1 -1
249 -1 -1 -1 -1 -1 -1 -1 -1 -1 -1 -1 -1 -1 -1 -1 -1 -1 -1 -1 -1
250 -1 -1 -1 -1 -1 -1 -1 -1 -1 -1 -1 -1 -1 -1 -1 -1 -1 -1 -1 -1
251 -1 -1 -1 -1 -1 -1 -1 -1 -1 -1 -1 -1 -1 -1 -1 -1 -1 -1 -1 -1
252 -1 -1 -1 -1 -1 -1 -1 -1 -1 -1 -1 -1 -1 -1 -1 -1 -1 -1 -1 -1
253 -1 -1 -1 -1 -1 -1 -1 -1 -1 -1 -1 -1 -1 -1 -1 -1 -1 -1 -1 -1
254 -1 -1 -1 -1 -1 -1 -1 -1 -1 -1 -1 -1 -1 -1 -1 -1 -1 -1 -1 -1
255 -1 -1 -1 -1 -1 -1 -1 -1 -1 -1 -1 -1 -1 -1 -1 -1 -1 -1 -1 -1
256 -1 -1 -1 -1 -1 -1 -1 -1 -1 -1 -1 -1 -1 -1 -1 -1 -1 -1 -1 -1
257 -1 -1 -1 -1 -1 -1 -1 -1 -1 -1 -1 -1 -1 -1 -1 -1 -1 -1 -1 -1
258 -1 -1 -1 -1 -1 -1 -1 -1 -1 -1 -1 -1 -1 -1 -1 -1 -1 -1 -1 -1
259 -1 -1 -1 -1 -1 -1 -1 -1 -1 -1 -1 -1 -1 -1 -1 -1 -1 -1 -1 -1
260 -1 -1 -1 -1 -1 -1 -1 -1 -1 -1 -1 -1 -1 -1 -1 -1 -1 -1 -1 -1
261 -1 -1 -1 -1 -1 -1 -1 -1 -1 -1 -1 -1 -1 -1 -1 -1 -1 -1 -1 -1
262 -1 -1 -1 -1 -1 -1 -1 -1 -1 -1 -1 -1 -1 -1 -1 -1 -1 -1 -1 -1
263 -1 -1 -1 -1 -1 -1 -1 -1 -1 -1 -1 -1 -1 -1 -1 -1 -1 -1 -1 -1
264 -1 -1 -1 -1 -1 -1 -1 -1 -1 -1 -1 -1 -1 -1 -1 -1 -1 -1 -1 -1
265 -1 -1 -1 -1 -1 -1 -1 -1 -1 -1 -1 -1 -1 -1 -1 -1 -1 -1 -1 -1
266 -1 -1 -1 -1 -1 -1 -1 -1 -1 -1 -1 -1 -1 -1 -1 -1 -1 -1 -1 -1
267 -1 -1 -1 -1 -1 -1 -1 -1 -1 -1 -1 -1 -1 -1 -1 -1 -1 -1 -1 -1
268 -1 -1 -1 -1 -1 -1 -1 -1 -1 -1 -1 -1 -1 -1 -1 -1 -1 -1 -1 -1
269 -1 -1 -1 -1 -1 -1 -1 -1 -1 -1 -1 -1 -1 -1 -1 -1 -1 -1 -1 -1
270 -1 -1 -1 -1 -1 -1 -1 -1 -1 -1 -1 -1 -1 -1 -1 -1 -1 -1 -1 -1
271 -1 -1 -1 -1 -1 -1 -1 -1 -1 -1 -1 -1 -1 -1 -1 -1 -1 -1 -1 -1
272 -1 -1 -1 -1 -1 -1 -1 -1 -1 -1 -1 -1 -1 -1 -1 -1 -1 -1 -1 -1
273 -1 -1 -1 -1 -1 -1 -1 -1 -1 -1 -1 -1 -1 -1 -1 -1 -1 -1 -1 -1
274 -1 -1 -1 -1 -1 -1 -1 -1 -1 -1 -1 -1 -1 -1 -1 -1 -1 -1 -1 -1
275 -1 -1 -1 -1 -1 -1 -1 -1 -1 -1 -1 -1 -1 -1 -1 -1 -1 -1 -1 -1
276 -1 -1 -1 -1 -1 -1 -1 -1 -1 -1 -1 -1 -1 -1 -1 -1 -1 -1 -1 -1
277 -1 -1 -1 -1 -1 -1 -1 -1 -1 -1 -1 -1 -1 -1 -1 -1 -1 -1 -1 -1
278 -1 -1 -1 -1 -1 -1 -1 -1 -1 -1 -1 -1 -1 -1 -1 -1 -1 -1 -1 -1
279 -1 -1 -1 -1 -1 -1 -1 -1 -1 -1 -1 -1 -1 -1 -1 -1 -1 -1 -1 -1
280 -1 -1 -1 -1 -1 -1 -1 -1 -1 -1 -1 -1 -1 -1 -1 -1 -1 -1 -1 -1
281 -1 -1 -1 -1 -1 -1 -1 -1 -1 -1 -1 -1 -1 -1 -1 -1 -1 -1 -1 -1
282 -1 -1 -1 -1 -1 -1 -1 -1 -1 -1 -1 -1 -1 -1 -1 -1 -1 -1 -1 -1
283 -1 -1 -1 -1 -1 -1 -1 -1 -1 -1 -1 -1 -1 -1 -1 -1 -1 -1 -1 -1
284 -1 -1 -1 -1 -1 -1 -1 -1 -1 -1 -1 -1 -1 -1 -1 -1 -1 -1 -1 -1
285 -1 -1 -1 -1 -1 -1 -1 -1 -1 -1 -1 -1 -1 -1 -1 -1 -1 -1 -1 -1
286 -1 -1 -1 -1 -1 -1 -1 -1 -1 -1 -1 -1 -1 -1 -1 -1 -1 -1 -1 -1
287 -1 -1 -1 -1 -1 -1 -1 -1 -1 -1 -1 -1 -1 -1 -1 -1 -1 -1 -1 -1
288 -1 -1 -1 -1 -1 -1 -1 -1 -1 -1 -1 -1 -1 -1 -1 -1 -1 -1 -1 -1
289 -1 -1 -1 -1 -1 -1 -1 -1 -1 -1 -1 -1 -1 -1 -1 -1 -1 -1 -1 -1
290 -1 -1 -1 -1 -1 -1 -1 -1 -1 -1 -1 -1 -1 -1 -1 -1 -1 -1 -1 -1
291 -1 -1 -1 -1 -1 -1 -1 -1 -1 -1 -1 -1 -1 -1 -1 -1 -1 -1 -1 -1
292 -1 -1 -1 -1 -1 -1 -1 -1 -1 -1 -1 -1 -1 -1 -1 -1 -1 -1 -1 -1
293 -1 -1 -1 -1 -1 -1 -1 -1 -1 -1 -1 -1 -1 -1 -1 -1 -1 -1 -1 -1
294 -1 -1 -1 -1 -1 -1 -1 -1 -1 -1 -1 -1 -1 -1 -1 -1 -1 -1 -1 -1
295 -1 -1 -1 -1 -1 -1 -1 -1 -1 -1 -1 -1 -1 -1 -1 -1 -1 -1 -1 -1
296 -1 -1 -1 -1 -1 -1 -1 -1 -1 -1 -1 -1 -1 -1 -1 -1 -1 -1 -1 -1
297 -1 -1 -1 -1 -1 -1 -1 -1 -1 -1 -1 -1 -1 -1 -1 -1 -1 -1 -1 -1
298 -1 -1 -1 -1 -1 -1 -1 -1 -1 -1 -1 -1 -1 -1 -1 -1 -1 -1 -1 -1
299 -1 -1 -1 -1 -1 -1 -1 -1 -1 -1 -1 -1 -1 -1 -1 -1 -1 -1 -1 -1
300 -1 -1 -1 -1 -1 -1 -1 -1 -1 -1 -1 -1 -1 -1 -1 -1 -1 -1 -1 -1
301 -1 -1 -1 -1 -1 -1 -1 -1 -1 -1 -1 -1 -1 -1 -1 -1 -1 -1 -1 -1
302 -1 -1 -1 -1 -1 -1 -1 -1 -1 -1 -1 -1 -1 -1 -1 -1 -1 -1 -1 -1
303 -1 -1 -1 -1 -1 -1 -1 -1 -1 -1 -1 -1 -1 -1 -1 -1 -1 -1 -1 -1
304 -1 -1 -1 -1 -1 -1 -1 -1 -1 -1 -1 -1 -1 -1 -1 -1 -1 -1 -1 -1
305 -1 -1 -1 -1 -1 -1 -1 -1 -1 -1 -1 -1 -1 -1 -1 -1 -1 -1 -1 -1
306 -1 -1 -1 -1 -1 -1 -1 -1 -1 -1 -1 -1 -1 -1 -1 -1 -1 -1 -1 -1
307 -1 -1 -1 -1 -1 -1 -1 -1 -1 -1 -1 -1 -1 -1 -1 -1 -1 -1 -1 -1
308 -1 -1 -1 -1 -1 -1 -1 -1 -1 -1 -1 -1 -1 -1 -1 -1 -1 -1 -1 -1
309 -1 -1 -1 -1 -1 -1 -1 -1 -1 -1 -1 -1 -1 -1 -1 -1 -1 -1 -1 -1
310 -1 -1 -1 -1 -1 -1 -1 -1 -1 -1 -1 -1 -1 -1 -1 -1 -1 -1 -1 -1
311 -1 -1 -1 -1 -1 -1 -1 -1 -1 -1 -1 -1 -1 -1 -1 -1 -1 -1 -1 -1
312 -1 -1 -1 -1 -1 -1 -1 -1 -1 -1 -1 -1 -1 -1 -1 -1 -1 -1 -1 -1
313 -1 -1 -1 -1 -1 -1 -1 -1 -1 -1 -1 -1 -1 -1 -1 -1 -1 -1 -1 -1
314 -1 -1 -1 -1 -1 -1 -1 -1 -1 -1 -1 -1 -1 -1 -1 -1 -1 -1 -1 -1
315 -1 -1 -1 -1 -1 -1 -1 -1 -1 -1 -1 -1 -1 -1 -1 -1 -1 -1 -1 -1
316 -1 -1 -1 -1 -1 -1 -1 -1 -1 -1 -1 -1 -1 -1 -1 -1 -1 -1 -1 -1
317 -1 -1 -1 -1 -1 -1 -1 -1 -1 -1 -1 -1 -1 -1 -1 -1 -1 -1 -1 -1
318 -1 -1 -1 -1 -1 -1 -1 -1 -1 -1 -1 -1 -1 -1 -1 -1 -1 -1 -1 -1
319 -1 -1 -1 -1 -1 -1 -1 -1 -1 -1 -1 -1 -1 -1 -1 -1 -1 -1 -1 -1
320 -1 -1 -1 -1 -1 -1 -1 -1 -1 -1 -1 -1 -1 -1 -1 -1 -1 -1 -1 -1
321 -1 -1 -1 -1 -1 -1 -1 -1 -1 -1 -1 -1 -1 -1 -1 -1 -1 -1 -1 -1
322 -1 -1 -1 -1 -1 -1 -1 -1 -1 -1 -1 -1 -1 -1 -1 -1 -1 -1 -1 -1
323 -1 -1 -1 -1 -1 -1 -1 -1 -1 -1 -1 -1 -1 -1 -1 -1 -1 -1 -1 -1
324 -1 -1 -1 -1 -1 -1 -1 -1 -1 -1 -1 -1 -1 -1 -1 -1 -1 -1 -1 -1
325 -1 -1 -1 -1 -1 -1 -1 -1 -1 -1 -1 -1 -1 -1 -1 -1 -1 -1 -1 -1
326 -1 -1 -1 -1 -1 -1 -1 -1 -1 -1 -1 -1 -1 -1 -1 -1 -1 -1 -1 -1
327 -1 -1 -1 -1 -1 -1 -1 -1 -1 -1 -1 -1 -1 -1 -1 -1 -1 -1 -1 -1
328 -1 -1 -1 -1 -1 -1 -1 -1 -1 -1 -1 -1 -1 -1 -1 -1 -1 -1 -1 -1
329 -1 -1 -1 -1 -1 -1 -1 -1 -1 -1 -1 -1 -1 -1 -1 -1 -1 -1 -1 -1
330 -1 -1 -1 -1 -1 -1 -1 -1 -1 -1 -1 -1 -1 -1 -1 -1 -1 -1 -1 -1
331 -1 -1 -1 -1 -1 -1 -1 -1 -1 -1 -1 -1 -1 -1 -1 -1 -1 -1 -1 -1
332 -1 -1 -1 -1 -1 -1 -1 -1 -1 -1 -1 -1 -1 -1 -1 -1 -1 -1 -1 -1
333 -1 -1 -1 -1 -1 -1 -1 -1 -1 -1 -1 -1 -1 -1 -1 -1 -1 -1 -1 -1
334 -1 -1 -1 -1 -1 -1 -1 -1 -1 -1 -1 -1 -1 -1 -1 -1 -1 -1 -1 -1
335 -1 -1 -1 -1 -1 -1 -1 -1 -1 -1 -1 -1 -1 -1 -1 -1 -1 -1 -1 -1
336 -1 -1 -1 -1 -1 -1 -1 -1 -1 -1 -1 -1 -1 -1 -1 -1 -1 -1 -1 -1
337 -1 -1 -1 -1 -1 -1 -1 -1 -1 -1 -1 -1 -1 -1 -1 -1 -1 -1 -1 -1
338 -1 -1 -1 -1 -1 -1 -1 -1 -1 -1 -1 -1 -1 -1 -1 -1 -1 -1 -1 -1
339 -1 -1 -1 -1 -1 -1 -1 -1 -1 -1 -1 -1 -1 -1 -1 -1 -1 -1 -1 -1
340 -1 -1 -1 -1 -1 -1 -1 -1 -1 -1 -1 -1 -1 -1 -1 -1 -1 -1 -1 -1
341 -1 -1 -1 -1 -1 -1 -1 -1 -1 -1 -1 -1 -1 -1 -1 -1 -1 -1 -1 -1
342 -1 -1 -1 -1 -1 -1 -1 -1 -1 -1 -1 -1 -1 -1 -1 -1 -1 -1 -1 -1
343 -1 -1 -1 -1 -1 -1 -1 -1 -1 -1 -1 -1 -1 -1 -1 -1 -1 -1 -1 -1
344 -1 -1 -1 -1 -1 -1 -1 -1 -1 -1 -1 -1 -1 -1 -1 -1 -1 -1 -1 -1
345 -1 -1 -1 -1 -1 -1 -1 -1 -1 -1 -1 -1 -1 -1 -1 -1 -1 -1 -1 -1
346 -1 -1 -1 -1 -1 -1 -1 -1 -1 -1 -1 -1 -1 -1 -1 -1 -1 -1 -1 -1
347 -1 -1 -1 -1 -1 -1 -1 -1 -1 -1 -1 -1 -1 -1 -1 -1 -1 -1 -1 -1
348 -1 -1 -1 -1 -1 -1 -1 -1 -1 -1 -1 -1 -1 -1 -1 -1 -1 -1 -1 -1
349 -1 -1 -1 -1 -1 -1 -1 -1 -1 -1 -1 -1 -1 -1 -1 -1 -1 -1 -1 -1
350 -1 -1 -1 -1 -1 -1 -1 -1 -1 -1 -1 -1 -1 -1 -1 -1 -1 -1 -1 -1
351 -1 -1 -1 -1 -1 -1 -1 -1 -1 -1 -1 -1 -1 -1 -1 -1 -1 -1 -1 -1
352 -1 -1 -1 -1 -1 -1 -1 -1 -1 -1 -1 -1 -1 -1 -1 -1 -1 -1 -1 -1
353 -1 -1 -1 -1 -1 -1 -1 -1 -1 -1 -1 -1 -1 -1 -1 -1 -1 -1 -1 -1
354 -1 -1 -1 -1 -1 -1 -1 -1 -1 -1 -1 -1 -1 -1 -1 -1 -1 -1 -1 -1
355 -1 -1 -1 -1 -1 -1 -1 -1 -1 -1 -1 -1 -1 -1 -1 -1 -1 -1 -1 -1
356 -1 -1 -1 -1 -1 -1 -1 -1 -1 -1 -1 -1 -1 -1 -1 -1 -1 -1 -1 -1
357 -1 -1 -1 -1 -1 -1 -1 -1 -1 -1 -1 -1 -1 -1 -1 -1 -1 -1 -1 -1
358 -1 -1 -1 -1 -1 -1 -1 -1 -1 -1 -1 -1 -1 -1 -1 -1 -1 -1 -1 -1
359 -1 -1 -1 -1 -1 -1 -1 -1 -1 -1 -1 -1 -1 -1 -1 -1 -1 -1 -1 -1
360 -1 -1 -1 -1 -1 -1 -1 -1 -1 -1 -1 -1 -1 -1 -1 -1 -1 -1 -1 -1
361 -1 -1 -1 -1 -1 -1 -1 -1 -1 -1 -1 -1 -1 -1 -1 -1 -1 -1 -1 -1
362 -1 -1 -1 -1 -1 -1 -1 -1 -1 -1 -1 -1 -1 -1 -1 -1 -1 -1 -1 -1
363 -1 -1 -1 -1 -1 -1 -1 -1 -1 -1 -1 -1 -1 -1 -1 -1 -1 -1 -1 -1
364 -1 -1 -1 -1 -1 -1 -1 -1 -1 -1 -1 -1 -1 -1 -1 -1 -1 -1 -1 -1
365 -1 -1 -1 -1 -1 -1 -1 -1 -1 -1 -1 -1 -1 -1 -1 -1 -1 -1 -1 -1
366 -1 -1 -1 -1 -1 -1 -1 -1 -1 -1 -1 -1 -1 -1 -1 -1 -1 -1 -1 -1
367 -1 -1 -1 -1 -1 -1 -1 -1 -1 -1 -1 -1 -1 -1 -1 -1 -1 -1 -1 -1
368 -1 -1 -1 -1 -1 -1 -1 -1 -1 -1 -1 -1 -1 -1 -1 -1 -1 -1 -1 -1
369 -1 -1 -1 -1 -1 -1 -1 -1 -1 -1 -1 -1 -1 -1 -1 -1 -1 -1 -1 -1
370 -1 -1 -1 -1 -1 -1 -1 -1 -1 -1 -1 -1 -1 -1 -1 -1 -1 -1 -1 -1
371 -1 -1 -1 -1 -1 -1 -1 -1 -1 -1 -1 -1 -1 -1 -1 -1 -1 -1 -1 -1
372 -1 -1 -1 -1 -1 -1 -1 -1 -1 -1 -1 -1 -1 -1 -1 -1 -1 -1 -1 -1
373 -1 -1 -1 -1 -1 -1 -1 -1 -1 -1 -1 -1 -1 -1 -1 -1 -1 -1 -1 -1
374 -1 -1 -1 -1 -1 -1 -1 -1 -1 -1 -1 -1 -1 -1 -1 -1 -1 -1 -1 -1
375 -1 -1 -1 -1 -1 -1 -1 -1 -1 -1 -1 -1 -1 -1 -1 -1 -1 -1 -1 -1
376 -1 -1 -1 -1 -1 -1 -1 -1 -1 -1 -1 -1 -1 -1 -1 -1 -1 -1 -1 -1
377 -1 -1 -1 -1 -1 -1 -1 -1 -1 -1 -1 -1 -1 -1 -1 -1 -1 -1 -1 -1
378 -1 -1 -1 -1 -1 -1 -1 -1 -1 -1 -1 -1 -1 -1 -1 -1 -1 -1 -1 -1
379 -1 -1 -1 -1 -1 -1 -1 -1 -1 -1 -1 -1 -1 -1 -1 -1 -1 -1 -1 -1
380 -1 -1 -1 -1 -1 -1 -1 -1 -1 -1 -1 -1 -1 -1 -1 -1 -1 -1 -1 -1
381 -1 -1 -1 -1 -1 -1 -1 -1 -1 -1 -1 -1 -1 -1 -1 -1 -1 -1 -1 -1
382 -1 -1 -1 -1 -1 -1 -1 -1 -1 -1 -1 -1 -1 -1 -1 -1 -1 -1 -1 -1
383 -1 -1 -1 -1 -1 -1 -1 -1 -1 -1 -1 -1 -1 -1 -1 -1 -1 -1 -1 -1
384 -1 -1 -1 -1 -1 -1 -1 -1 -1 -1 -1 -1 -1 -1 -1 -1 -1 -1 -1 -1
385 -1 -1 -1 -1 -1 -1 -1 -1 -1 -1 -1 -1 -1 -1 -1 -1 -1 -1 -1 -1
386 -1 -1 -1 -1 -1 -1 -1 -1 -1 -1 -1 -1 -1 -1 -1 -1 -1 -1 -1 -1
387 -1 -1 -1 -1 -1 -1 -1 -1 -1 -1 -1 -1 -1 -1 -1 -1 -1 -1 -1 -1
388 -1 -1 -1 -1 -1 -1 -1 -1 -1 -1 -1 -1 -1 -1 -1 -1 -1 -1 -1 -1
389 -1 -1 -1 -1 -1 -1 -1 -1 -1 -1 -1 -1 -1 -1 -1 -1 -1 -1 -1 -1
390 -1 -1 -1 -1 -1 -1 -1 -1 -1 -1 -1 -1 -1 -1 -1 -1 -1 -1 -1 -1
391 -1 -1 -1 -1 -1 -1 -1 -1 -1 -1 -1 -1 -1 -1 -1 -1 -1 -1 -1 -1
392 -1 -1 -1 -1 -1 -1 -1 -1 -1 -1 -1 -1 -1 -1 -1 -1 -1 -1 -1 -1
393 -1 -1 -1 -1 -1 -1 -1 -1 -1 -1 -1 -1 -1 -1 -1 -1 -1 -1 -1 -1
394 -1 -1 -1 -1 -1 -1 -1 -1 -1 -1 -1 -1 -1 -1 -1 -1 -1 -1 -1 -1
395 -1 -1 -1 -1 -1 -1 -1 -1 -1 -1 -1 -1 -1 -1 -1 -1 -1 -1 -1 -1
396 -1 -1 -1 -1 -1 -1 -1 -1 -1 -1 -1 -1 -1 -1 -1 -1 -1 -1 -1 -1
397 -1 -1 -1 -1 -1 -1 -1 -1 -1 -1 -1 -1 -1 -1 -1 -1 -1 -1 -1 -1
398 -1 -1 -1 -1 -1 -1 -1 -1 -1 -1 -1 -1 -1 -1 -1 -1 -1 -1 -1 -1
399 -1 -1 -1 -1 -1 -1 -1 -1 -1 -1 -1 -1 -1 -1 -1 -1 -1 -1 -1 -1
400 -1 -1 -1 -1 -1 -1 -1 -1 -1 -1 -1 -1 -1 -1 -1 -1 -1 -1 -1 -1
401 -1 -1 -1 -1 -1 -1 -1 -1 -1 -1 -1 -1 -1 -1 -1 -1 -1 -1 -1 -1
402 -1 -1 -1 -1 -1 -1 -1 -1 -1 -1 -1 -1 -1 -1 -1 -1 -1 -1 -1 -1
403 -1 -1 -1 -1 -1 -1 -1 -1 -1 -1 -1 -1 -1 -1 -1 -1 -1 -1 -1 -1
404 -1 -1 -1 -1 -1 -1 -1 -1 -1 -1 -1 -1 -1 -1 -1 -1 -1 -1 -1 -1
405 -1 -1 -1 -1 -1 -1 -1 -1 -1 -1 -1 -1 -1 -1 -1 -1 -1 -1 -1 -1
406 -1 -1 -1 -1 -1 -1 -1 -1 -1 -1 -1 -1 -1 -1 -1 -1 -1 -1 -1 -1
407 -1 -1 -1 -1 -1 -1 -1 -1 -1 -1 -1 -1 -1 -1 -1 -1 -1 -1 -1 -1
408 -1 -1 -1 -1 -1 -1 -1 -1 -1 -1 -1 -1 -1 -1 -1 -1 -1 -1 -1 -1
409 -1 -1 -1 -1 -1 -1 -1 -1 -1 -1 -1 -1 -1 -1 -1 -1 -1 -1 -1 -1
410 -1 -1 -1 -1 -1 -1 -1 -1 -1 -1 -1 -1 -1 -1 -1 -1 -1 -1 -1 -1
411 -1 -1 -1 -1 -1 -1 -1 -1 -1 -1 -1 -1 -1 -1 -1 -1 -1 -1 -1 -1
412 -1 -1 -1 -1 -1 -1 -1 -1 -1 -1 -1 -1 -1 -1 -1 -1 -1 -1 -1 -1
413 -1 -1 -1 -1 -1 -1 -1 -1 -1 -1 -1 -1 -1 -1 -1 -1 -1 -1 -1 -1
414 -1 -1 -1 -1 -1 -1 -1 -1 -1 -1 -1 -1 -1 -1 -1 -1 -1 -1 -1 -1
415 0.720578 0.237027 0.698282 0.386903 0.712961 0.389634 0.683603 0.384173 0.712961 0.389634 0.698728 0.501069 0.677948 0.592048 0.683603 0.384173 0.679619 0.508445 0.661865 0.617006
416 0.719721 0.237248 0.696852 0.387998 0.711954 0.391101 0.681751 0.384895 0.711954 0.391101 0.696471 0.502233 0.677576 0.595726 0.681751 0.384895 0.675671 0.508578 0.658279 0.618839
417 0.718691 0.237302 0.695753 0.388676 0.711245 0.392217 0.680261 0.385135 0.711245 0.392217 0.692989 0.505553 0.674584 0.597485 0.680261 0.385135 0.671223 0.508707 0.654108 0.619555
418 0.717148 0.236787 0.695134 0.389220 0.711005 0.392961 0.679262 0.385479 0.711005 0.392961 0.690374 0.507003 0.671002 0.597405 0.679262 0.385479 0.668342 0.508491 0.650528 0.618960
419 0.715618 0.236535 0.693959 0.389502 0.710295 0.393527 0.677623 0.385477 0.710295 0.393527 0.688561 0.508644 0.668061 0.597328 0.677623 0.385477 0.664960 0.508311 0.648021 0.618568
420 0.713902 0.236697 0.692394 0.390728 0.709193 0.395106 0.675594 0.386349 0.709193 0.395106 0.687654 0.510807 0.667556 0.599421 0.675594 0.386349 0.660874 0.508179 0.646057 0.618293
421 0.712381 0.237212 0.691771 0.391143 0.709030 0.395406 0.674513 0.386880 0.709030 0.395406 0.686488 0.512326 0.667123 0.600654 0.674513 0.386880 0.659538 0.508285 0.645311 0.618156
422 0.710191 0.237523 0.691183 0.391091 0.708615 0.395347 0.673752 0.386836 0.708615 0.395347 0.686230 0.511329 0.667508 0.600201 0.673752 0.386836 0.658641 0.508216 0.645018 0.618014
423 0.708574 0.237686 0.690380 0.391133 0.708257 0.395201 0.672503 0.387065 0.708257 0.395201 0.685635 0.511167 0.667728 0.599938 0.672503 0.387065 0.656463 0.508170 0.644423 0.617908
424 0.706483 0.238319 0.689485 0.391144 0.707497 0.395082 0.671473 0.387206 0.707497 0.395082 0.684853 0.510863 0.667840 0.599385 0.671473 0.387206 0.656152 0.507986 0.644796 0.617585
425 0.705002 0.238412 0.688456 0.391457 0.706615 0.395366 0.670296 0.387549 0.706615 0.395366 0.684530 0.510609 0.667950 0.597410 0.670296 0.387549 0.655389 0.507686 0.644464 0.617253
426 0.702592 0.238526 0.687165 0.392386 0.705056 0.395899 0.669274 0.388873 0.705056 0.395899 0.684566 0.510389 0.668286 0.595998 0.669274 0.388873 0.654606 0.507671 0.644452 0.616982
427 0.700203 0.238461 0.685500 0.393399 0.703215 0.396883 0.667785 0.389916 0.703215 0.396883 0.684323 0.510235 0.669573 0.593383 0.667785 0.389916 0.653689 0.507638 0.644294 0.616470
428 0.697239 0.238734 0.684122 0.394034 0.701811 0.397284 0.666434 0.390784 0.701811 0.397284 0.684039 0.510068 0.670686 0.592053 0.666434 0.390784 0.652879 0.507629 0.644031 0.616232
429 0.693939 0.238974 0.682425 0.395461 0.700390 0.398330 0.664461 0.392591 0.700390 0.398330 0.683993 0.510553 0.671949 0.592086 0.664461 0.392591 0.651618 0.508031 0.642826 0.616210
430 0.690061 0.238989 0.680030 0.396442 0.698065 0.398898 0.661995 0.393985 0.698065 0.398898 0.683916 0.511305 0.672077 0.592108 0.661995 0.393985 0.650254 0.508634 0.640883 0.615993
431 0.687483 0.238935 0.678410 0.396328 0.696882 0.398773 0.659938 0.393882 0.696882 0.398773 0.684013 0.511692 0.671925 0.592925 0.659938 0.393882 0.649112 0.509510 0.639824 0.615986
432 0.684592 0.238621 0.677084 0.396165 0.696119 0.398531 0.658049 0.393799 0.696119 0.398531 0.684111 0.511581 0.671872 0.593125 0.658049 0.393799 0.647505 0.509888 0.639628 0.615781
433 0.682207 0.238260 0.675993 0.395590 0.695520 0.397405 0.656466 0.393775 0.695520 0.397405 0.685181 0.511145 0.671470 0.595223 0.656466 0.393775 0.646202 0.509915 0.639526 0.615833
434 0.679686 0.237478 0.674314 0.393609 0.694515 0.395187 0.654112 0.392032 0.694515 0.395187 0.686448 0.510512 0.670623 0.599588 0.654112 0.392032 0.644621 0.509926 0.638906 0.616225
435 0.677105 0.236943 0.673132 0.392762 0.693472 0.394048 0.652792 0.391475 0.693472 0.394048 0.687063 0.509572 0.669519 0.601067 0.652792 0.391475 0.644264 0.509980 0.638803 0.616333
436 0.674216 0.235963 0.671626 0.392485 0.692122 0.393533 0.651130 0.391437 0.692122 0.393533 0.687297 0.509434 0.669225 0.603395 0.651130 0.391437 0.643818 0.510057 0.638499 0.616390
437 0.672111 0.235444 0.670278 0.392258 0.691172 0.393123 0.649384 0.391394 0.691172 0.393123 0.687331 0.509426 0.669241 0.605929 0.649384 0.391394 0.643988 0.510050 0.638627 0.616528
438 0.670199 0.235365 0.669060 0.392374 0.689933 0.393180 0.648187 0.391569 0.689933 0.393180 0.687099 0.510025 0.669260 0.608854 0.648187 0.391569 0.643546 0.510309 0.638989 0.616802
439 0.668493 0.234985 0.668046 0.392257 0.688960 0.392994 0.647132 0.391520 0.688960 0.392994 0.686073 0.510789 0.669295 0.612083 0.647132 0.391520 0.642802 0.510548 0.639206 0.617224
440 0.667243 0.234454 0.666653 0.392137 0.687572 0.392765 0.645734 0.391509 0.687572 0.392765 0.684895 0.511571 0.669970 0.613694 0.645734 0.391509 0.642237 0.510850 0.639311 0.617262
441 0.666571 0.234297 0.665776 0.392012 0.686660 0.392596 0.644892 0.391428 0.686660 0.392596 0.682967 0.512515 0.671068 0.616367 0.644892 0.391428 0.641881 0.511193 0.639407 0.617348
442 0.666065 0.233730 0.664619 0.391890 0.685396 0.392511 0.643841 0.391270 0.685396 0.392511 0.680802 0.513371 0.670901 0.618791 0.643841 0.391270 0.641955 0.511184 0.640085 0.617409
443 0.665576 0.233778 0.663797 0.391775 0.684625 0.392371 0.642969 0.391178 0.684625 0.392371 0.679142 0.513450 0.669871 0.618872 0.642969 0.391178 0.641837 0.511176 0.640171 0.617475
444 0.664947 0.233856 0.663316 0.391774 0.684397 0.392380 0.642235 0.391167 0.684397 0.392380 0.676258 0.513559 0.666162 0.620143 0.642235 0.391167 0.641644 0.511295 0.640212 0.617729
445 0.664301 0.233777 0.662147 0.391731 0.683350 0.392386 0.640944 0.391076 0.683350 0.392386 0.672146 0.513924 0.660695 0.623851 0.640944 0.391076 0.641249 0.511373 0.640009 0.618073
446 0.663937 0.233811 0.661205 0.391751 0.682301 0.392433 0.640109 0.391069 0.682301 0.392433 0.668569 0.514246 0.655670 0.625944 0.640109 0.391069 0.640585 0.511951 0.639576 0.618812
447 0.663706 0.234657 0.660491 0.392017 0.681615 0.392966 0.639367 0.391067 0.681615 0.392966 0.666034 0.514784 0.650777 0.627792 0.639367 0.391067 0.640269 0.512150 0.639302 0.618607
448 0.663636 0.235343 0.660003 0.392305 0.681115 0.393554 0.638891 0.391056 0.681115 0.393554 0.663940 0.515515 0.648963 0.627887 0.638891 0.391056 0.640180 0.512146 0.639498 0.618461
449 0.663696 0.235791 0.659441 0.392226 0.680354 0.393592 0.638529 0.390859 0.680354 0.393592 0.662051 0.515497 0.647373 0.627547 0.638529 0.390859 0.639409 0.512163 0.639518 0.618532
450 0.663660 0.236518 0.658699 0.392402 0.679541 0.393913 0.637856 0.390891 0.679541 0.393913 0.662058 0.515803 0.647293 0.627928 0.637856 0.390891 0.639445 0.512920 0.639519 0.620209
451 0.663858 0.237657 0.657592 0.392743 0.678332 0.394482 0.636852 0.391004 0.678332 0.394482 0.662302 0.516216 0.647142 0.628053 0.636852 0.391004 0.639476 0.513523 0.639518 0.621676
452 0.664022 0.238442 0.656952 0.393035 0.677504 0.395037 0.636401 0.391033 0.677504 0.395037 0.662046 0.517222 0.646642 0.628481 0.636401 0.391033 0.639535 0.513891 0.639529 0.621555
453 0.664085 0.239304 0.655771 0.393551 0.676173 0.395964 0.635369 0.391137 0.676173 0.395964 0.661408 0.518336 0.646197 0.628892 0.635369 0.391137 0.639208 0.514398 0.639547 0.620824
454 0.664275 0.239905 0.654945 0.394220 0.675237 0.396952 0.634654 0.391488 0.675237 0.396952 0.660642 0.519405 0.645607 0.628828 0.634654 0.391488 0.638768 0.515845 0.639613 0.620795
455 0.664964 0.240470 0.654440 0.394822 0.674460 0.397957 0.634420 0.391687 0.674460 0.397957 0.660117 0.519835 0.645299 0.629189 0.634420 0.391687 0.638278 0.515965 0.638906 0.620647
456 0.665568 0.241031 0.654243 0.395369 0.674092 0.398780 0.634395 0.391958 0.674092 0.398780 0.659505 0.520223 0.645658 0.628997 0.634395 0.391958 0.637311 0.516745 0.637872 0.620797
457 0.666082 0.241266 0.654119 0.396575 0.673754 0.400408 0.634484 0.392741 0.673754 0.400408 0.658726 0.521921 0.645718 0.630872 0.634484 0.392741 0.636398 0.517922 0.637935 0.620875
458 0.666556 0.241691 0.653506 0.398106 0.673170 0.402301 0.633843 0.393910 0.673170 0.402301 0.658310 0.524296 0.645512 0.632325 0.633843 0.393910 0.632610 0.519142 0.637308 0.620916
459 0.667000 0.242278 0.652736 0.398904 0.672561 0.403376 0.632911 0.394433 0.672561 0.403376 0.657391 0.525666 0.644999 0.633030 0.632911 0.394433 0.628568 0.518994 0.636250 0.620904
460 0.667446 0.242667 0.652196 0.398990 0.672318 0.403545 0.632073 0.394435 0.672318 0.403545 0.656735 0.525748 0.644639 0.632964 0.632073 0.394435 0.625936 0.518641 0.632740 0.619013
461 0.667665 0.243365 0.650907 0.399098 0.671298 0.403754 0.630517 0.394442 0.671298 0.403754 0.656010 0.525850 0.644203 0.632808 0.630517 0.394442 0.622665 0.517549 0.626255 0.617091
462 0.667935 0.244185 0.650252 0.399374 0.670811 0.404200 0.629693 0.394547 0.670811 0.404200 0.655899 0.525610 0.643355 0.632736 0.629693 0.394547 0.620594 0.515770 0.619181 0.616445
463 0.668045 0.244799 0.649266 0.399810 0.669821 0.404694 0.628712 0.394927 0.669821 0.404694 0.655522 0.525546 0.642883 0.632807 0.628712 0.394927 0.618654 0.516104 0.617665 0.619100
464 0.667908 0.245047 0.647899 0.400606 0.668495 0.405620 0.627303 0.395591 0.668495 0.405620 0.654157 0.526041 0.641864 0.633261 0.627303 0.395591 0.614519 0.516329 0.612932 0.619426
465 0.667349 0.245782 0.646399 0.400846 0.666982 0.405883 0.625816 0.395808 0.666982 0.405883 0.654104 0.525926 0.642054 0.633206 0.625816 0.395808 0.610514 0.516330 0.609809 0.620594
466 0.666505 0.246503 0.645078 0.401684 0.665538 0.406978 0.624617 0.396390 0.665538 0.406978 0.654097 0.525909 0.641670 0.632831 0.624617 0.396390 0.605883 0.516279 0.604955 0.622954
467 0.665152 0.247001 0.643378 0.402853 0.664047 0.408547 0.622708 0.397160 0.664047 0.408547 0.653475 0.526696 0.641247 0.632886 0.622708 0.397160 0.602469 0.516557 0.596792 0.624294
468 0.663360 0.247611 0.641230 0.403861 0.661647 0.409798 0.620814 0.397925 0.661647 0.409798 0.652213 0.526691 0.641187 0.632844 0.620814 0.397925 0.600324 0.516248 0.592703 0.624074
469 0.661117 0.248718 0.639559 0.404759 0.660002 0.410485 0.619117 0.399033 0.660002 0.410485 0.650452 0.526912 0.640681 0.633698 0.619117 0.399033 0.597751 0.516194 0.587713 0.624669
470 0.658717 0.249332 0.636812 0.405678 0.656918 0.411148 0.616706 0.400208 0.656918 0.411148 0.648473 0.527106 0.639257 0.634014 0.616706 0.400208 0.594199 0.516307 0.582467 0.624660
471 0.655801 0.250094 0.634550 0.407226 0.654251 0.412425 0.614849 0.402027 0.654251 0.412425 0.646911 0.527740 0.638813 0.634702 0.614849 0.402027 0.591732 0.516524 0.578827 0.624599
472 0.652732 0.250958 0.631754 0.408740 0.650910 0.414025 0.612598 0.403454 0.650910 0.414025 0.644032 0.527757 0.638571 0.634706 0.612598 0.403454 0.588831 0.516727 0.574598 0.624785
473 0.649893 0.251631 0.629791 0.410864 0.648649 0.415993 0.610934 0.405735 0.648649 0.415993 0.641606 0.528605 0.638290 0.635053 0.610934 0.405735 0.586904 0.517055 0.573852 0.624780
474 0.645868 0.252439 0.627025 0.411891 0.645836 0.416777 0.608215 0.407004 0.645836 0.416777 0.639457 0.529346 0.638369 0.636338 0.608215 0.407004 0.584642 0.517800 0.573413 0.625242
475 0.641446 0.252861 0.622637 0.412628 0.641346 0.417449 0.603928 0.407808 0.641346 0.417449 0.636356 0.529715 0.638422 0.636889 0.603928 0.407808 0.581718 0.518800 0.572802 0.625880
476 0.636283 0.252894 0.617928 0.412815 0.636654 0.417622 0.599201 0.408008 0.636654 0.417622 0.633934 0.530026 0.638446 0.636890 0.599201 0.408008 0.578426 0.520272 0.571648 0.626827
477 0.630610 0.251923 0.614292 0.411800 0.632566 0.415958 0.596019 0.407642 0.632566 0.415958 0.630462 0.528655 0.638542 0.636907 0.596019 0.407642 0.577770 0.520267 0.570259 0.627833
478 0.626032 0.250244 0.609878 0.410957 0.627707 0.414401 0.592049 0.407513 0.627707 0.414401 0.626336 0.527541 0.638567 0.636631 0.592049 0.407513 0.576504 0.520209 0.570449 0.629302
479 0.621188 0.248422 0.605060 0.409690 0.622317 0.412545 0.587803 0.406835 0.622317 0.412545 0.621804 0.524772 0.638561 0.634106 0.587803 0.406835 0.574849 0.520065 0.569613 0.629727
480 0.616560 0.247072 0.601247 0.407114 0.618081 0.409715 0.584413 0.404514 0.618081 0.409715 0.615916 0.522977 0.638403 0.631580 0.584413 0.404514 0.572956 0.519734 0.568496 0.630520
481 0.611887 0.245953 0.597089 0.405480 0.613799 0.408149 0.580380 0.402811 0.613799 0.408149 0.611731 0.521978 0.636343 0.625859 0.580380 0.402811 0.572462 0.519659 0.569094 0.630996
482 0.607088 0.243981 0.593252 0.404545 0.609914 0.407044 0.576590 0.402046 0.609914 0.407044 0.608551 0.521554 0.632752 0.624844 0.576590 0.402046 0.571248 0.519599 0.568982 0.632057
483 0.602964 0.242506 0.590257 0.404569 0.606196 0.407154 0.574318 0.401985 0.606196 0.407154 0.603239 0.521942 0.629352 0.625770 0.574318 0.401985 0.570302 0.520730 0.569357 0.633643
484 0.599110 0.241267 0.586867 0.403964 0.602129 0.406465 0.571606 0.401463 0.602129 0.406465 0.595166 0.522664 0.623119 0.626329 0.571606 0.401463 0.568710 0.522638 0.569227 0.634321
485 0.595674 0.240038 0.585021 0.403461 0.600029 0.406105 0.570013 0.400817 0.600029 0.406105 0.589562 0.522802 0.613176 0.629698 0.570013 0.400817 0.566069 0.522559 0.567888 0.634039
486 0.592190 0.239845 0.582202 0.403275 0.596760 0.405862 0.567644 0.400689 0.596760 0.405862 0.586545 0.522612 0.604118 0.632020 0.567644 0.400689 0.565413 0.521873 0.568303 0.633747
487 0.588087 0.239172 0.579467 0.403113 0.592529 0.405929 0.566405 0.400298 0.592529 0.405929 0.575715 0.522677 0.588671 0.633553 0.566405 0.400298 0.565619 0.521035 0.572202 0.630993
488 0.583914 0.238801 0.575705 0.403038 0.587478 0.405993 0.563932 0.400083 0.587478 0.405993 0.566379 0.522894 0.576592 0.639168 0.563932 0.400083 0.565289 0.517960 0.572187 0.627667
489 0.580112 0.238295 0.572730 0.402399 0.584733 0.405789 0.560727 0.399008 0.584733 0.405789 0.562626 0.521765 0.566979 0.639181 0.560727 0.399008 0.563694 0.511665 0.567295 0.624407
490 0.576447 0.236786 0.569528 0.401764 0.581508 0.405130 0.557548 0.398397 0.581508 0.405130 0.556986 0.520099 0.557826 0.640314 0.557548 0.398397 0.562673 0.512274 0.567118 0.624854
491 0.572526 0.236309 0.566287 0.400698 0.578055 0.403752 0.554518 0.397644 0.578055 0.403752 0.551443 0.518861 0.542565 0.640391 0.554518 0.397644 0.558079 0.512432 0.567357 0.624485
492 0.568886 0.236474 0.563181 0.399218 0.574338 0.401509 0.552024 0.396928 0.574338 0.401509 0.541209 0.517130 0.525133 0.639983 0.552024 0.396928 0.558140 0.512789 0.567398 0.624588
493 0.564702 0.236574 0.559870 0.399302 0.570963 0.401631 0.548778 0.396972 0.570963 0.401631 0.534013 0.517368 0.513004 0.643387 0.548778 0.396972 0.556982 0.512944 0.568894 0.625331
494 0.560975 0.236926 0.556486 0.399591 0.567535 0.401834 0.545437 0.397348 0.567535 0.401834 0.528808 0.517589 0.506001 0.645951 0.545437 0.397348 0.554215 0.513832 0.568958 0.625954
495 0.557418 0.237491 0.552374 0.400767 0.561922 0.402920 0.542825 0.398615 0.561922 0.402920 0.523827 0.519284 0.500786 0.648112 0.542825 0.398615 0.551829 0.514525 0.568487 0.626028
496 0.554228 0.238087 0.548203 0.401503 0.557090 0.403765 0.539317 0.399241 0.557090 0.403765 0.521875 0.521071 0.495552 0.651174 0.539317 0.399241 0.549310 0.515259 0.568281 0.626665
497 0.550718 0.239347 0.544107 0.403210 0.552295 0.405554 0.535920 0.400866 0.552295 0.405554 0.517472 0.524824 0.493557 0.654125 0.535920 0.400866 0.547175 0.515768 0.567321 0.626740
498 0.547071 0.240553 0.540029 0.404986 0.548201 0.407775 0.531857 0.402197 0.548201 0.407775 0.512840 0.528118 0.491988 0.655927 0.531857 0.402197 0.545132 0.516324 0.564201 0.626872
499 0.543642 0.241885 0.534693 0.406950 0.543156 0.410109 0.526229 0.403792 0.543156 0.410109 0.509217 0.530862 0.491441 0.658018 0.526229 0.403792 0.541075 0.516380 0.563005 0.626620
500 0.539162 0.242941 0.528720 0.407620 0.537643 0.410673 0.519798 0.404567 0.537643 0.410673 0.507907 0.529999 0.489958 0.657888 0.519798 0.404567 0.535266 0.516391 0.561483 0.626056
501 0.535250 0.243071 0.524187 0.408350 0.533693 0.411587 0.514681 0.405113 0.533693 0.411587 0.506206 0.529494 0.488647 0.658008 0.514681 0.405113 0.526482 0.516388 0.560867 0.624896
502 0.530742 0.243714 0.518421 0.408614 0.528786 0.412047 0.508056 0.405180 0.528786 0.412047 0.505705 0.529097 0.489309 0.657322 0.508056 0.405180 0.517561 0.516266 0.557847 0.623496
503 0.526791 0.244413 0.512184 0.410152 0.524073 0.414317 0.500295 0.405987 0.524073 0.414317 0.503602 0.529316 0.488511 0.657915 0.500295 0.405987 0.510294 0.516710 0.553554 0.621445
504 0.523233 0.245527 0.505347 0.413206 0.518155 0.417952 0.492538 0.408460 0.518155 0.417952 0.499502 0.531944 0.488413 0.659199 0.492538 0.408460 0.500399 0.517243 0.544341 0.618516
505 0.519745 0.246276 0.500074 0.414016 0.512651 0.419000 0.487497 0.409031 0.512651 0.419000 0.493716 0.534761 0.487539 0.659042 0.487497 0.409031 0.495600 0.517996 0.535118 0.618727
506 0.516402 0.246727 0.495517 0.414971 0.507607 0.419419 0.483428 0.410522 0.507607 0.419419 0.489658 0.535493 0.487431 0.658952 0.483428 0.410522 0.489020 0.519240 0.527588 0.619145
507 0.513654 0.246809 0.491693 0.414652 0.503941 0.419061 0.479445 0.410243 0.503941 0.419061 0.488876 0.535493 0.488497 0.657061 0.479445 0.410243 0.480412 0.519719 0.512580 0.619453
508 0.510845 0.246784 0.488446 0.414597 0.501407 0.419049 0.475485 0.410145 0.501407 0.419049 0.489566 0.535617 0.489420 0.649194 0.475485 0.410145 0.472082 0.524180 0.496587 0.620768
509 0.508270 0.246892 0.483882 0.416238 0.496816 0.421430 0.470949 0.411046 0.496816 0.421430 0.489459 0.542029 0.489451 0.649686 0.470949 0.411046 0.469669 0.530406 0.485188 0.624912
510 0.504929 0.247266 0.481447 0.416103 0.495410 0.421046 0.467484 0.411160 0.495410 0.421046 0.488666 0.541115 0.489748 0.649768 0.467484 0.411160 0.461126 0.531231 0.474865 0.629818
511 0.502044 0.247519 0.478459 0.416507 0.492637 0.421050 0.464281 0.411964 0.492637 0.421050 0.486044 0.540460 0.489575 0.650059 0.464281 0.411964 0.452798 0.530688 0.466083 0.636908
512 0.499271 0.247955 0.476044 0.416430 0.490565 0.420833 0.461524 0.412026 0.490565 0.420833 0.484546 0.539949 0.487424 0.651193 0.461524 0.412026 0.446448 0.530149 0.454801 0.640972
513 0.495720 0.248912 0.472982 0.416483 0.487598 0.420747 0.458366 0.412218 0.487598 0.420747 0.482625 0.538142 0.486432 0.651419 0.458366 0.412218 0.438983 0.529007 0.442707 0.641882
514 0.492826 0.249304 0.470774 0.417133 0.485273 0.421007 0.456275 0.413259 0.485273 0.421007 0.480797 0.537629 0.486337 0.651724 0.456275 0.413259 0.433959 0.527868 0.431123 0.642434
515 0.489348 0.249422 0.467969 0.418258 0.482403 0.421753 0.453535 0.414763 0.482403 0.421753 0.478966 0.537509 0.486427 0.651747 0.453535 0.414763 0.428688 0.527672 0.420474 0.643990
516 0.486109 0.249649 0.465076 0.418500 0.479510 0.421858 0.450642 0.415142 0.479510 0.421858 0.477375 0.537432 0.486528 0.651791 0.450642 0.415142 0.425533 0.527668 0.410956 0.646323
517 0.481738 0.250312 0.461496 0.419333 0.475905 0.422426 0.447088 0.416240 0.475905 0.422426 0.475038 0.537431 0.486627 0.651811 0.447088 0.416240 0.421942 0.527895 0.404042 0.647284
518 0.477234 0.250704 0.458136 0.419964 0.472381 0.423092 0.443891 0.416836 0.472381 0.423092 0.471420 0.538158 0.486577 0.652134 0.443891 0.416836 0.418189 0.528356 0.397324 0.648953
519 0.472268 0.251215 0.454798 0.420823 0.469128 0.424001 0.440468 0.417645 0.469128 0.424001 0.468856 0.538800 0.486603 0.652208 0.440468 0.417645 0.412940 0.528789 0.392142 0.649385
520 0.466938 0.251517 0.450056 0.422553 0.464745 0.426177 0.435368 0.418929 0.464745 0.426177 0.466728 0.540648 0.486357 0.652254 0.435368 0.418929 0.408481 0.529718 0.388225 0.650257
521 0.460464 0.251219 0.445118 0.422624 0.459999 0.426161 0.430236 0.419086 0.459999 0.426161 0.463223 0.540540 0.486246 0.652311 0.430236 0.419086 0.405123 0.531770 0.387117 0.651834
522 0.454131 0.250367 0.439475 0.422948 0.454655 0.426305 0.424294 0.419591 0.454655 0.426305 0.459349 0.542409 0.486097 0.652200 0.424294 0.419591 0.402313 0.534226 0.385914 0.653407
523 0.446925 0.249602 0.433054 0.422839 0.449029 0.426246 0.417080 0.419432 0.449029 0.426246 0.454317 0.542793 0.485942 0.652227 0.417080 0.419432 0.398127 0.535307 0.384982 0.653783
524 0.439992 0.248478 0.427419 0.421862 0.443914 0.424887 0.410924 0.418837 0.443914 0.424887 0.448143 0.542805 0.484070 0.651925 0.410924 0.418837 0.393974 0.535873 0.383930 0.653461
525 0.432998 0.246482 0.422103 0.421306 0.438277 0.424150 0.405930 0.418463 0.438277 0.424150 0.441125 0.543039 0.481565 0.651441 0.405930 0.418463 0.391738 0.536456 0.382827 0.654280
526 0.426803 0.245115 0.416508 0.421239 0.432049 0.424076 0.400967 0.418402 0.432049 0.424076 0.432906 0.545558 0.477006 0.649748 0.400967 0.418402 0.387991 0.537838 0.381249 0.655224
527 0.420889 0.243910 0.411765 0.419931 0.427222 0.422283 0.396308 0.417578 0.427222 0.422283 0.422216 0.545263 0.469155 0.642910 0.396308 0.417578 0.385069 0.537531 0.380054 0.655836
528 0.414827 0.242686 0.405715 0.418612 0.421194 0.420957 0.390235 0.416266 0.421194 0.420957 0.412628 0.544481 0.457944 0.638389 0.390235 0.416266 0.381483 0.537893 0.379146 0.656264
529 0.409196 0.241643 0.403049 0.415507 0.418367 0.417607 0.387730 0.413406 0.418367 0.417607 0.405778 0.542429 0.448070 0.639119 0.387730 0.413406 0.377650 0.537756 0.379641 0.656089
530 0.404762 0.240576 0.398700 0.413682 0.415084 0.415785 0.382316 0.411579 0.415084 0.415785 0.400652 0.538078 0.437705 0.639845 0.382316 0.411579 0.374402 0.536157 0.380294 0.655901
531 0.399678 0.239422 0.394221 0.412612 0.411095 0.414719 0.377347 0.410504 0.411095 0.414719 0.394732 0.535710 0.428592 0.642284 0.377347 0.410504 0.371686 0.533665 0.380960 0.655213
532 0.394855 0.237325 0.390153 0.412241 0.406272 0.414875 0.374033 0.409607 0.406272 0.414875 0.388298 0.535687 0.410324 0.652894 0.374033 0.409607 0.370601 0.530859 0.381268 0.653164
533 0.389999 0.235783 0.387047 0.411610 0.402833 0.414803 0.371262 0.408417 0.402833 0.414803 0.382699 0.535769 0.395669 0.656237 0.371262 0.408417 0.367549 0.527374 0.379397 0.648646
534 0.385869 0.235177 0.382945 0.410540 0.398522 0.414998 0.367367 0.406082 0.398522 0.414998 0.378357 0.536020 0.385087 0.656888 0.367367 0.406082 0.355054 0.523871 0.373708 0.642172
535 0.381601 0.234575 0.379377 0.410119 0.394922 0.414888 0.363832 0.405349 0.394922 0.414888 0.375900 0.536409 0.378777 0.658794 0.363832 0.405349 0.362182 0.524008 0.374725 0.642954
536 0.377648 0.234322 0.376930 0.408764 0.392922 0.412727 0.360938 0.404800 0.392922 0.412727 0.372413 0.535400 0.359989 0.662228 0.360938 0.404800 0.364922 0.524069 0.377265 0.639920
537 0.374358 0.234363 0.373918 0.408491 0.390365 0.412069 0.357472 0.404913 0.390365 0.412069 0.367708 0.533592 0.348006 0.664313 0.357472 0.404913 0.365757 0.525941 0.377483 0.640241
538 0.369982 0.234555 0.369812 0.408665 0.386450 0.412251 0.353174 0.405080 0.386450 0.412251 0.362375 0.533883 0.339941 0.667489 0.353174 0.405080 0.363212 0.527033 0.377650 0.640997
539 0.366513 0.234645 0.366182 0.408808 0.383282 0.412354 0.349082 0.405263 0.383282 0.412354 0.358637 0.533956 0.335324 0.669665 0.349082 0.405263 0.361379 0.530804 0.378197 0.641183
540 0.363749 0.234997 0.361446 0.409295 0.378732 0.413027 0.344161 0.405564 0.378732 0.413027 0.355995 0.535877 0.333095 0.671710 0.344161 0.405564 0.359046 0.533594 0.378556 0.641509
541 0.361033 0.235499 0.357970 0.409477 0.374857 0.413179 0.341082 0.405775 0.374857 0.413179 0.353906 0.537992 0.335303 0.670657 0.341082 0.405775 0.356571 0.535807 0.378030 0.641650
542 0.358390 0.236186 0.355536 0.409875 0.372404 0.413378 0.338668 0.406373 0.372404 0.413378 0.352968 0.539615 0.336182 0.670397 0.338668 0.406373 0.352838 0.537516 0.378130 0.641984
543 0.355699 0.236686 0.352765 0.410960 0.369771 0.414174 0.335759 0.407747 0.369771 0.414174 0.352140 0.543141 0.334886 0.671631 0.335759 0.407747 0.347075 0.540804 0.377823 0.641976
544 0.353473 0.237200 0.349653 0.412331 0.367478 0.415143 0.331829 0.409518 0.367478 0.415143 0.351039 0.545148 0.332860 0.674234 0.331829 0.409518 0.341594 0.543456 0.376625 0.641897
545 0.350988 0.237835 0.346964 0.414329 0.365282 0.416404 0.328647 0.412255 0.365282 0.416404 0.350009 0.547706 0.332231 0.675177 0.328647 0.412255 0.335201 0.547942 0.373720 0.640629
546 0.349119 0.238300 0.343798 0.416799 0.362501 0.418384 0.325096 0.415215 0.362501 0.418384 0.348128 0.548548 0.333467 0.674315 0.325096 0.415215 0.326656 0.549747 0.370114 0.636687
547 0.347583 0.238518 0.341598 0.418153 0.361408 0.420004 0.321788 0.416302 0.361408 0.420004 0.347422 0.549155 0.333813 0.674221 0.321788 0.416302 0.318504 0.550239 0.363311 0.635557
548 0.346110 0.238647 0.338857 0.420114 0.359263 0.422021 0.318451 0.418206 0.359263 0.422021 0.347860 0.549399 0.332699 0.672641 0.318451 0.418206 0.311863 0.549907 0.355166 0.636158
549 0.344574 0.238702 0.336305 0.422008 0.357378 0.423954 0.315232 0.420062 0.357378 0.423954 0.347578 0.551120 0.333016 0.672366 0.315232 0.420062 0.305900 0.552021 0.343936 0.644026
550 0.343069 0.238880 0.333786 0.423602 0.355137 0.425733 0.312435 0.421470 0.355137 0.425733 0.346711 0.556815 0.332318 0.673202 0.312435 0.421470 0.301224 0.556085 0.329096 0.655412
551 0.341569 0.238980 0.331186 0.423297 0.353338 0.425623 0.309034 0.420971 0.353338 0.425623 0.346383 0.561336 0.330605 0.675338 0.309034 0.420971 0.297874 0.557588 0.316170 0.665248
552 0.339964 0.238975 0.329688 0.422960 0.352033 0.425266 0.307343 0.420655 0.352033 0.425266 0.346463 0.563688 0.331391 0.676585 0.307343 0.420655 0.295916 0.558408 0.308636 0.670878
553 0.338321 0.238982 0.327660 0.422692 0.350661 0.425045 0.304658 0.420338 0.350661 0.425045 0.345665 0.565013 0.332029 0.678245 0.304658 0.420338 0.293047 0.558933 0.299641 0.675391
554 0.337090 0.238977 0.325490 0.422697 0.349011 0.425314 0.301969 0.420080 0.349011 0.425314 0.345029 0.566797 0.331812 0.681748 0.301969 0.420080 0.288661 0.560866 0.289517 0.679057
555 0.335269 0.238802 0.324730 0.422726 0.348586 0.425486 0.300874 0.419966 0.348586 0.425486 0.344328 0.567014 0.331388 0.682819 0.300874 0.419966 0.286087 0.561073 0.280639 0.678911
556 0.333161 0.238698 0.323913 0.422961 0.348079 0.425897 0.299746 0.420025 0.348079 0.425897 0.343647 0.567237 0.331294 0.685345 0.299746 0.420025 0.283828 0.562817 0.276038 0.685340
557 0.331225 0.238642 0.322509 0.423220 0.347037 0.426125 0.297982 0.420315 0.347037 0.426125 0.342943 0.568027 0.331329 0.686431 0.297982 0.420315 0.281988 0.563815 0.273192 0.686698
558 0.328994 0.238481 0.320997 0.423254 0.345754 0.426096 0.296239 0.420411 0.345754 0.426096 0.341995 0.568260 0.331316 0.686599 0.296239 0.420411 0.279805 0.564341 0.270214 0.687811
559 0.326109 0.238307 0.318945 0.424128 0.343602 0.426759 0.294288 0.421498 0.343602 0.426759 0.341632 0.568473 0.331450 0.686394 0.294288 0.421498 0.277115 0.565939 0.269008 0.690342
560 0.322427 0.238256 0.317004 0.424682 0.341511 0.427087 0.292496 0.422278 0.341511 0.427087 0.340536 0.568376 0.331549 0.686705 0.292496 0.422278 0.276162 0.568056 0.269745 0.693997
561 0.319245 0.238491 0.315995 0.425564 0.340384 0.427485 0.291606 0.423643 0.340384 0.427485 0.339597 0.568868 0.331624 0.687132 0.291606 0.423643 0.276157 0.570842 0.270688 0.699180
562 0.315356 0.239384 0.314486 0.425972 0.338887 0.427541 0.290086 0.424402 0.338887 0.427541 0.338591 0.569394 0.331568 0.686819 0.290086 0.424402 0.275638 0.572206 0.271965 0.702266
563 0.310853 0.240180 0.313143 0.426653 0.337845 0.427587 0.288442 0.425720 0.337845 0.427587 0.337594 0.570079 0.331607 0.687525 0.288442 0.425720 0.275738 0.573474 0.273611 0.704163
564 0.306207 0.240578 0.310616 0.427772 0.335562 0.427932 0.285670 0.427613 0.335562 0.427932 0.336675 0.571940 0.331638 0.687720 0.285670 0.427613 0.274476 0.576841 0.274148 0.704587
565 0.302084 0.241850 0.308017 0.429889 0.332484 0.428926 0.283551 0.430851 0.332484 0.428926 0.335600 0.573458 0.331329 0.687754 0.283551 0.430851 0.273674 0.579260 0.274587 0.704661
566 0.297814 0.243033 0.303215 0.431757 0.327064 0.430102 0.279366 0.433413 0.327064 0.430102 0.333371 0.574936 0.329401 0.688525 0.279366 0.433413 0.273053 0.581874 0.274947 0.706011
567 0.293878 0.244383 0.300449 0.433292 0.323384 0.430888 0.277514 0.435696 0.323384 0.430888 0.331127 0.575781 0.324863 0.688402 0.277514 0.435696 0.272335 0.583720 0.274046 0.706555
568 0.289821 0.245026 0.298852 0.434107 0.320521 0.431231 0.277183 0.436983 0.320521 0.431231 0.327800 0.575889 0.319223 0.688759 0.277183 0.436983 0.272413 0.583002 0.274178 0.706499
569 0.286676 0.245961 0.298254 0.437837 0.319251 0.434629 0.277257 0.441044 0.319251 0.434629 0.325739 0.576369 0.314856 0.688906 0.277257 0.441044 0.272554 0.584144 0.274126 0.705745
570 0.284249 0.246536 0.296871 0.442172 0.317553 0.439206 0.276188 0.445138 0.317553 0.439206 0.323106 0.577188 0.312768 0.690042 0.276188 0.445138 0.272090 0.585316 0.273787 0.705610
571 0.282817 0.246431 0.295372 0.444625 0.315715 0.441649 0.275030 0.447601 0.315715 0.441649 0.320396 0.579358 0.311703 0.690791 0.275030 0.447601 0.271707 0.586431 0.273275 0.705493
572 0.281030 0.247739 0.293525 0.445893 0.313974 0.442745 0.273076 0.449041 0.313974 0.442745 0.319149 0.580063 0.312040 0.691177 0.273076 0.449041 0.271800 0.587625 0.273163 0.705438
573 0.278640 0.250064 0.292271 0.446813 0.312758 0.443467 0.271784 0.450159 0.312758 0.443467 0.318493 0.580471 0.311826 0.691583 0.271784 0.450159 0.271644 0.588473 0.273298 0.705372
574 0.275775 0.251591 0.290860 0.447701 0.311146 0.444295 0.270573 0.451108 0.311146 0.444295 0.318970 0.580257 0.311663 0.691890 0.270573 0.451108 0.271210 0.588724 0.273142 0.705246
575 0.273660 0.252973 0.290297 0.448668 0.310416 0.445179 0.270177 0.452157 0.310416 0.445179 0.319778 0.580068 0.311245 0.692114 0.270177 0.452157 0.270755 0.588917 0.272945 0.705151
576 0.271755 0.254133 0.289657 0.448807 0.309839 0.445296 0.269475 0.452318 0.309839 0.445296 0.320123 0.580016 0.310866 0.692330 0.269475 0.452318 0.270424 0.589225 0.272952 0.705112
577 0.270761 0.254987 0.289286 0.448567 0.309723 0.445160 0.268848 0.451974 0.309723 0.445160 0.320395 0.579985 0.310830 0.692943 0.268848 0.451974 0.270332 0.589121 0.272998 0.705058
578 0.269945 0.255394 0.288901 0.448635 0.309142 0.445143 0.268659 0.452127 0.309142 0.445143 0.320582 0.579557 0.311198 0.693666 0.268659 0.452127 0.270338 0.589302 0.273070 0.705116
579 0.269571 0.256134 0.288619 0.448519 0.308664 0.444976 0.268575 0.452061 0.308664 0.444976 0.320120 0.579487 0.311973 0.696062 0.268575 0.452061 0.270372 0.589387 0.274205 0.705955
580 0.269695 0.256777 0.288394 0.448810 0.308360 0.445098 0.268428 0.452522 0.308360 0.445098 0.319418 0.579421 0.314406 0.699179 0.268428 0.452522 0.270385 0.589648 0.275394 0.707678
581 0.269615 0.258329 0.288422 0.449351 0.308341 0.445384 0.268503 0.453318 0.308341 0.445384 0.318710 0.579351 0.318937 0.701480 0.268503 0.453318 0.270516 0.589964 0.276078 0.708195
582 0.270545 0.259410 0.288508 0.450371 0.308419 0.446186 0.268597 0.454556 0.308419 0.446186 0.318279 0.579505 0.322261 0.702809 0.268597 0.454556 0.270758 0.590683 0.276875 0.708210
583 0.272296 0.259925 0.288698 0.451419 0.308593 0.447279 0.268803 0.455560 0.308593 0.447279 0.318120 0.579541 0.324398 0.704178 0.268803 0.455560 0.271085 0.590998 0.276877 0.708136
584 0.273658 0.260261 0.288797 0.451764 0.308742 0.447741 0.268852 0.455786 0.308742 0.447741 0.318066 0.579809 0.326643 0.706159 0.268852 0.455786 0.271421 0.591385 0.277013 0.708405
585 0.275593 0.260459 0.289124 0.452696 0.308855 0.448929 0.269392 0.456462 0.308855 0.448929 0.318149 0.580822 0.328312 0.707707 0.269392 0.456462 0.271955 0.591949 0.277008 0.708491
586 0.278290 0.260391 0.289688 0.453087 0.309453 0.449487 0.269922 0.456687 0.309453 0.449487 0.318212 0.581215 0.328434 0.707640 0.269922 0.456687 0.272324 0.592587 0.277182 0.708475
587 0.281847 0.260788 0.290859 0.453520 0.310705 0.449947 0.271013 0.457093 0.310705 0.449947 0.318526 0.581298 0.329131 0.707278 0.271013 0.457093 0.273119 0.592905 0.277038 0.707897
588 0.285731 0.261396 0.292391 0.454559 0.312444 0.451316 0.272339 0.457802 0.312444 0.451316 0.320567 0.582462 0.330507 0.707354 0.272339 0.457802 0.273992 0.593330 0.275788 0.707883
589 0.290018 0.261618 0.296065 0.454455 0.316531 0.451182 0.275599 0.457728 0.316531 0.451182 0.322660 0.582597 0.330879 0.707458 0.275599 0.457728 0.275591 0.592771 0.275499 0.707746
590 0.293934 0.261769 0.300399 0.454576 0.321078 0.451503 0.279720 0.457648 0.321078 0.451503 0.324743 0.582969 0.331980 0.707494 0.279720 0.457648 0.276758 0.592563 0.274638 0.707240
591 0.297659 0.261848 0.305343 0.454536 0.326006 0.451474 0.284680 0.457598 0.326006 0.451474 0.327101 0.583038 0.332722 0.707495 0.284680 0.457598 0.278273 0.592053 0.274366 0.707099
592 0.301867 0.261947 0.308937 0.454826 0.329296 0.452138 0.288577 0.457514 0.329296 0.452138 0.330136 0.583284 0.333056 0.708036 0.288577 0.457514 0.281288 0.591465 0.273772 0.706025
593 0.305611 0.262229 0.312232 0.455481 0.332080 0.453140 0.292385 0.457822 0.332080 0.453140 0.333277 0.584496 0.333105 0.708239 0.292385 0.457822 0.287144 0.591994 0.272497 0.705454
594 0.310013 0.262100 0.316918 0.455698 0.335466 0.453534 0.298370 0.457862 0.335466 0.453534 0.336061 0.587657 0.333517 0.709303 0.298370 0.457862 0.294996 0.593655 0.271397 0.704913
595 0.314342 0.262112 0.321058 0.456351 0.338359 0.454584 0.303756 0.458118 0.338359 0.454584 0.339755 0.591652 0.333236 0.710296 0.303756 0.458118 0.306791 0.595884 0.271261 0.703143
596 0.317837 0.261891 0.324444 0.456381 0.340338 0.454667 0.308550 0.458095 0.340338 0.454667 0.343912 0.591554 0.333116 0.710328 0.308550 0.458095 0.317276 0.595789 0.271702 0.700158
597 0.321584 0.261930 0.328175 0.456425 0.343111 0.454776 0.313238 0.458073 0.343111 0.454776 0.347849 0.591037 0.333057 0.710275 0.313238 0.458073 0.325427 0.594926 0.274800 0.699738
598 0.325315 0.262731 0.331208 0.457293 0.344953 0.455913 0.317464 0.458673 0.344953 0.455913 0.348757 0.590958 0.332592 0.709459 0.317464 0.458673 0.331483 0.594347 0.282106 0.699898
599 0.329218 0.263339 0.333567 0.458251 0.346035 0.456801 0.321098 0.459700 0.346035 0.456801 0.347824 0.588750 0.329099 0.707568 0.321098 0.459700 0.335276 0.593834 0.295049 0.710790
600 0.333439 0.263615 0.336422 0.459063 0.347759 0.456748 0.325085 0.461378 0.347759 0.456748 0.348449 0.585015 0.329157 0.704904 0.325085 0.461378 0.340543 0.593813 0.314108 0.717448
601 0.338283 0.264333 0.337959 0.459441 0.348507 0.456659 0.327412 0.462222 0.348507 0.456659 0.348569 0.584143 0.330140 0.704461 0.327412 0.462222 0.344796 0.595336 0.325413 0.722636
602 0.342700 0.265134 0.341196 0.459816 0.351253 0.456699 0.331140 0.462934 0.351253 0.456699 0.349522 0.584093 0.332068 0.704551 0.331140 0.462934 0.349452 0.595514 0.331239 0.724255
603 0.346725 0.265427 0.345179 0.460200 0.354204 0.456796 0.336154 0.463604 0.354204 0.456796 0.350796 0.584330 0.333924 0.708501 0.336154 0.463604 0.354503 0.595905 0.335159 0.727229
604 0.350601 0.266028 0.348273 0.462059 0.356444 0.458328 0.340102 0.465790 0.356444 0.458328 0.353305 0.585132 0.336557 0.711190 0.340102 0.465790 0.360454 0.597408 0.345224 0.731984
605 0.355179 0.266410 0.352167 0.463327 0.359928 0.459143 0.344407 0.467510 0.359928 0.459143 0.356188 0.585761 0.338336 0.711049 0.344407 0.467510 0.367199 0.599545 0.359939 0.737633
606 0.358949 0.267153 0.356639 0.464993 0.361502 0.460153 0.351775 0.469833 0.361502 0.460153 0.357820 0.587081 0.338138 0.711142 0.351775 0.469833 0.374044 0.602205 0.361998 0.738356
607 0.361688 0.267320 0.360760 0.465518 0.363620 0.461083 0.357899 0.469954 0.363620 0.461083 0.360187 0.590134 0.338507 0.712505 0.357899 0.469954 0.379027 0.603539 0.362376 0.739295
608 0.365540 0.268006 0.366226 0.465618 0.367920 0.461332 0.364533 0.469904 0.367920 0.461332 0.365360 0.591120 0.340852 0.712670 0.364533 0.469904 0.384130 0.604623 0.362464 0.738986
609 0.368658 0.269532 0.372110 0.468175 0.371029 0.464094 0.373191 0.472257 0.371029 0.464094 0.369580 0.592738 0.340727 0.712721 0.373191 0.472257 0.390360 0.607556 0.364512 0.741334
610 0.371388 0.270568 0.376167 0.472165 0.372715 0.468147 0.379620 0.476184 0.372715 0.468147 0.371408 0.592737 0.340025 0.712488 0.379620 0.476184 0.395833 0.610022 0.365924 0.742219
611 0.374376 0.271920 0.378950 0.475047 0.372547 0.471059 0.385352 0.479036 0.372547 0.471059 0.371238 0.592565 0.337867 0.713127 0.385352 0.479036 0.405042 0.612419 0.367639 0.741120
612 0.376966 0.275550 0.383433 0.477863 0.375271 0.472853 0.391595 0.482872 0.375271 0.472853 0.373290 0.592436 0.337850 0.713278 0.391595 0.482872 0.409787 0.612310 0.366702 0.740229
613 0.380257 0.278974 0.387532 0.482622 0.377371 0.477347 0.397693 0.487896 0.377371 0.477347 0.376297 0.592515 0.337815 0.713199 0.397693 0.487896 0.415238 0.615058 0.366626 0.739863
614 0.384778 0.283134 0.391010 0.485501 0.379603 0.480976 0.402417 0.490027 0.379603 0.480976 0.379337 0.594102 0.337781 0.713144 0.402417 0.490027 0.421062 0.616703 0.367324 0.740020
615 0.391059 0.287800 0.395257 0.487582 0.385466 0.482976 0.405048 0.492187 0.385466 0.482976 0.383646 0.594413 0.337755 0.712334 0.405048 0.492187 0.426611 0.616151 0.367002 0.739730
616 0.396647 0.292323 0.400209 0.488088 0.389754 0.483059 0.410663 0.493117 0.389754 0.483059 0.389637 0.594505 0.338939 0.710839 0.410663 0.493117 0.433012 0.618382 0.368489 0.739563
617 0.402528 0.297958 0.403997 0.491007 0.393823 0.485782 0.414170 0.496233 0.393823 0.485782 0.390974 0.595089 0.339511 0.709971 0.414170 0.496233 0.437257 0.621148 0.369140 0.739539
618 0.408802 0.301859 0.409437 0.496090 0.399907 0.490961 0.418967 0.501219 0.399907 0.490961 0.393580 0.597206 0.340632 0.709964 0.418967 0.501219 0.440124 0.626744 0.368870 0.739385
619 0.418049 0.303035 0.417329 0.499164 0.412109 0.495089 0.422549 0.503239 0.412109 0.495089 0.396689 0.600897 0.342228 0.710103 0.422549 0.503239 0.443613 0.631899 0.370630 0.739263
620 0.424420 0.312267 0.419756 0.506021 0.412402 0.501405 0.427110 0.510637 0.412402 0.501405 0.399295 0.605372 0.341996 0.710395 0.427110 0.510637 0.447837 0.638248 0.371087 0.739230
621 0.433976 0.316958 0.421919 0.510638 0.415728 0.505129 0.428111 0.516147 0.415728 0.505129 0.401441 0.609992 0.341832 0.710390 0.428111 0.516147 0.451299 0.643249 0.370359 0.739059
622 0.446024 0.327471 0.424357 0.515289 0.418270 0.507921 0.430443 0.522657 0.418270 0.507921 0.406595 0.614166 0.342092 0.710372 0.430443 0.522657 0.453150 0.648384 0.369933 0.739019
623 0.458905 0.340937 0.424966 0.522654 0.416925 0.513206 0.433006 0.532103 0.416925 0.513206 0.410298 0.618098 0.344982 0.708777 0.433006 0.532103 0.457739 0.655312 0.370074 0.736835
624 0.475547 0.358572 0.426188 0.531556 0.416645 0.522081 0.435731 0.541031 0.416645 0.522081 0.410512 0.624037 0.344620 0.708810 0.435731 0.541031 0.459354 0.659917 0.371756 0.736851
625 0.491121 0.379419 0.427848 0.538835 0.416560 0.528047 0.439137 0.549622 0.416560 0.528047 0.410377 0.629322 0.343860 0.709115 0.439137 0.549622 0.461184 0.663226 0.371910 0.735339
626 0.508873 0.406284 0.429817 0.544748 0.416874 0.529959 0.442761 0.559537 0.416874 0.529959 0.408736 0.631634 0.344623 0.710212 0.442761 0.559537 0.464185 0.664561 0.374489 0.732651
627 0.528431 0.435600 0.431781 0.553502 0.418552 0.535424 0.445009 0.571580 0.418552 0.535424 0.408638 0.632524 0.344456 0.712381 0.445009 0.571580 0.467063 0.670497 0.374510 0.731973
628 0.541426 0.468329 0.432324 0.561935 0.422456 0.543008 0.442192 0.580863 0.422456 0.543008 0.411534 0.630242 0.346651 0.712786 0.442192 0.580863 0.468545 0.673680 0.376446 0.733149
629 0.554481 0.497475 0.439135 0.573524 0.430607 0.555026 0.447663 0.592022 0.430607 0.555026 0.411294 0.634932 0.347744 0.715760 0.447663 0.592022 0.471682 0.679307 0.378109 0.734193
630 -1 -1 -1 -1 -1 -1 -1 -1 -1 -1 -1 -1 -1 -1 -1 -1 -1 -1 -1 -1
631 -1 -1 -1 -1 -1 -1 -1 -1 -1 -1 -1 -1 -1 -1 -1 -1 -1 -1 -1 -1
632 0.609756 0.590449 0.471870 0.616611 0.461652 0.590896 0.482088 0.642326 0.461652 0.590896 0.415274 0.651545 0.348008 0.717142 0.482088 0.642326 0.481979 0.694873 0.406778 0.736390
633 0.626425 0.620294 0.491415 0.634991 0.482206 0.607189 0.500624 0.662792 0.482206 0.607189 0.423093 0.651833 0.348077 0.711916 0.500624 0.662792 0.477647 0.702601 0.408051 0.736896
634 0.643309 0.653760 0.511738 0.661806 0.507431 0.632946 0.516044 0.690666 0.507431 0.632946 0.433527 0.655670 0.353294 0.706224 0.516044 0.690666 0.475671 0.711901 0.406055 0.737636
635 0.651350 0.679023 0.519103 0.690179 0.515767 0.661230 0.522439 0.719129 0.515767 0.661230 0.438803 0.660062 0.360073 0.704734 0.522439 0.719129 0.472415 0.713677 0.404108 0.741911
636 0.662256 0.703975 0.522895 0.714591 0.518108 0.683636 0.527681 0.745546 0.518108 0.683636 0.454164 0.662788 0.379360 0.704680 0.527681 0.745546 0.496989 0.743819 0.418217 0.750859
637 0.670842 0.728011 0.532420 0.735411 0.529079 0.700790 0.535762 0.770033 0.529079 0.700790 0.472369 0.658994 0.386000 0.690282 0.535762 0.770033 0.495082 0.757365 0.426395 0.760730
638 0.678868 0.756706 0.540746 0.761371 0.539861 0.726389 0.541631 0.796354 0.539861 0.726389 0.494317 0.656819 0.399413 0.667931 0.541631 0.796354 0.505049 0.774345 0.431304 0.766079
639 0.687011 0.784733 0.545590 0.784497 0.546946 0.750448 0.544234 0.818545 0.546946 0.750448 0.512390 0.655904 0.414602 0.633370 0.544234 0.818545 0.502405 0.768191 0.440761 0.776347
640 0.694564 0.801026 0.547086 0.794559 0.548678 0.759938 0.545494 0.829180 0.548678 0.759938 0.528687 0.647058 0.443833 0.587862 0.545494 0.829180 0.503450 0.779147 0.448668 0.780418
641 0.699937 0.807125 0.550692 0.795596 0.552508 0.760211 0.548877 0.830981 0.552508 0.760211 0.546217 0.642951 0.476213 0.543588 0.548877 0.830981 0.508862 0.787758 0.454690 0.775133
642 0.701824 0.804199 0.554097 0.787541 0.556044 0.753671 0.552150 0.821411 0.556044 0.753671 0.557703 0.637588 0.492551 0.513389 0.552150 0.821411 0.510525 0.775062 0.453187 0.760695
643 0.702365 0.801726 0.559009 0.778853 0.563314 0.746116 0.554703 0.811590 0.563314 0.746116 0.565462 0.622596 0.513939 0.493962 0.554703 0.811590 0.520795 0.741913 0.447202 0.707095
644 0.704598 0.803137 0.562818 0.781912 0.567644 0.750237 0.557993 0.813586 0.567644 0.750237 0.568213 0.626151 0.544876 0.516648 0.557993 0.813586 0.535060 0.705110 0.446793 0.666608
645 0.708335 0.805313 0.565755 0.780012 0.571368 0.750599 0.560141 0.809424 0.571368 0.750599 0.572449 0.629255 0.555868 0.510545 0.560141 0.809424 0.546912 0.676980 0.465372 0.637893
646 0.709884 0.808185 0.568863 0.776493 0.575782 0.747593 0.561943 0.805394 0.575782 0.747593 0.576764 0.628462 0.557367 0.519842 0.561943 0.805394 0.555994 0.669509 0.495593 0.594891
647 0.710701 0.811728 0.570963 0.777165 0.578081 0.748379 0.563844 0.805951 0.578081 0.748379 0.578253 0.629613 0.546222 0.531269 0.563844 0.805951 0.548825 0.670815 0.482226 0.598529
648 0.712918 0.813816 0.573934 0.776082 0.581763 0.746925 0.566105 0.805240 0.581763 0.746925 0.573108 0.630421 0.541132 0.529063 0.566105 0.805240 0.545582 0.671084 0.475451 0.585376
649 0.714256 0.814551 0.575590 0.773753 0.583917 0.744062 0.567264 0.803444 0.583917 0.744062 0.570948 0.630284 0.529776 0.515927 0.567264 0.803444 0.544505 0.674537 0.473480 0.597981
650 0.714239 0.813790 0.574863 0.774443 0.582830 0.743231 0.566896 0.805654 0.582830 0.743231 0.569730 0.632635 0.524908 0.520502 0.566896 0.805654 0.544748 0.681455 0.476667 0.620506
651 0.715212 0.813321 0.574446 0.777094 0.581581 0.743337 0.567311 0.810851 0.581581 0.743337 0.566372 0.639324 0.518435 0.522187 0.567311 0.810851 0.533567 0.698524 0.473259 0.624565
652 0.714144 0.813313 0.571853 0.782011 0.578254 0.744266 0.565453 0.819756 0.578254 0.744266 0.564681 0.651221 0.503987 0.537822 0.565453 0.819756 0.536986 0.772403 0.485985 0.766837
653 0.712882 0.813089 0.570253 0.787760 0.576456 0.748480 0.564049 0.827039 0.576456 0.748480 0.563015 0.673053 0.496409 0.583126 0.564049 0.827039 0.536433 0.783338 0.485746 0.781718
654 0.711708 0.812111 0.568919 0.786771 0.574782 0.750603 0.563057 0.822939 0.574782 0.750603 0.551243 0.690630 0.484160 0.619510 0.563057 0.822939 0.513259 0.770402 0.453714 0.733561
655 0.709158 0.812028 0.563641 0.782834 0.568362 0.745030 0.558919 0.820637 0.568362 0.745030 0.538676 0.701182 0.463487 0.666063 0.558919 0.820637 0.508082 0.764726 0.440753 0.731562
656 0.707286 0.810557 0.557287 0.779491 0.560110 0.741146 0.554464 0.817836 0.560110 0.741146 0.512964 0.710673 0.449594 0.694948 0.554464 0.817836 0.497758 0.767790 0.437864 0.737350
657 0.704458 0.808416 0.556949 0.776800 0.559568 0.739864 0.554329 0.813736 0.559568 0.739864 0.509960 0.719383 0.446312 0.703381 0.554329 0.813736 0.493363 0.771322 0.434337 0.741320
658 0.703632 0.807661 0.556059 0.772723 0.559183 0.736798 0.552934 0.808649 0.559183 0.736798 0.512097 0.716258 0.460224 0.702589 0.552934 0.808649 0.497934 0.769115 0.430524 0.746056
659 0.703662 0.807171 0.555486 0.770558 0.558661 0.734885 0.552311 0.806231 0.558661 0.734885 0.516046 0.714078 0.465839 0.700284 0.552311 0.806231 0.500751 0.768133 0.431036 0.748624
660 0.703507 0.808144 0.555171 0.769531 0.558423 0.733933 0.551920 0.805129 0.558423 0.733933 0.515485 0.711508 0.467054 0.698271 0.551920 0.805129 0.495672 0.767160 0.431737 0.747515
661 0.703260 0.810209 0.555035 0.768997 0.558563 0.733576 0.551507 0.804418 0.558563 0.733576 0.518767 0.711115 0.468449 0.697957 0.551507 0.804418 0.493185 0.765714 0.432899 0.744717
662 0.703245 0.812739 0.555325 0.770529 0.558794 0.735489 0.551856 0.805569 0.558794 0.735489 0.519674 0.716252 0.469209 0.703125 0.551856 0.805569 0.495410 0.767294 0.434006 0.743836
663 0.703253 0.815055 0.555062 0.775481 0.557917 0.740341 0.552207 0.810621 0.557917 0.740341 0.521062 0.720714 0.469294 0.705232 0.552207 0.810621 0.495384 0.772225 0.434585 0.744731
664 0.703813 0.815286 0.554559 0.779463 0.556865 0.744608 0.552252 0.814318 0.556865 0.744608 0.521622 0.724972 0.470937 0.710790 0.552252 0.814318 0.496202 0.775037 0.434877 0.744516
665 0.704273 0.815170 0.554218 0.781053 0.556195 0.746262 0.552242 0.815843 0.556195 0.746262 0.526472 0.730090 0.472834 0.711212 0.552242 0.815843 0.496454 0.777376 0.435056 0.745513
666 0.704266 0.815346 0.553489 0.781140 0.555292 0.746069 0.551687 0.816210 0.555292 0.746069 0.526216 0.728842 0.472927 0.710101 0.551687 0.816210 0.496317 0.777494 0.435795 0.746174
667 0.704229 0.815896 0.553301 0.782139 0.554855 0.746918 0.551747 0.817360 0.554855 0.746918 0.525094 0.728498 0.470115 0.709802 0.551747 0.817360 0.496708 0.778132 0.436999 0.747297
668 0.704251 0.816539 0.553832 0.783733 0.555186 0.748973 0.552479 0.818492 0.555186 0.748973 0.524034 0.727676 0.466771 0.709051 0.552479 0.818492 0.496833 0.777803 0.437584 0.746761
669 0.704277 0.816520 0.553970 0.784086 0.555373 0.749638 0.552568 0.818533 0.555373 0.749638 0.519247 0.726824 0.462075 0.708638 0.552568 0.818533 0.497065 0.777510 0.437811 0.746932
670 0.704289 0.816458 0.553956 0.783878 0.555319 0.749391 0.552594 0.818364 0.555319 0.749391 0.519761 0.726654 0.461461 0.708251 0.552594 0.818364 0.496789 0.776941 0.437966 0.747077
671 0.704353 0.816380 0.553866 0.784487 0.555019 0.750092 0.552712 0.818881 0.555019 0.750092 0.517491 0.726572 0.459239 0.707950 0.552712 0.818881 0.496875 0.776569 0.438001 0.747095
672 0.704312 0.816338 0.553554 0.784599 0.554409 0.750003 0.552699 0.819195 0.554409 0.750003 0.517044 0.726963 0.458578 0.707855 0.552699 0.819195 0.496949 0.776314 0.438892 0.746997
673 0.704308 0.816288 0.553362 0.784644 0.554058 0.750070 0.552667 0.819219 0.554058 0.750070 0.516121 0.726627 0.458552 0.707163 0.552667 0.819219 0.496676 0.776126 0.438923 0.746917
674 0.704290 0.816246 0.553167 0.784760 0.553818 0.750036 0.552515 0.819484 0.553818 0.750036 0.515800 0.726427 0.458496 0.706703 0.552515 0.819484 0.496174 0.775986 0.438942 0.747000
675 0.704236 0.816131 0.552938 0.784681 0.553712 0.749966 0.552165 0.819396 0.553712 0.749966 0.516068 0.726266 0.459104 0.706716 0.552165 0.819396 0.495225 0.776102 0.438996 0.747272
676 0.704199 0.816096 0.552968 0.784607 0.553736 0.749884 0.552200 0.819330 0.553736 0.749884 0.515448 0.726146 0.454499 0.707791 0.552200 0.819330 0.495327 0.776338 0.438935 0.747959
677 0.704153 0.816055 0.553024 0.784660 0.553770 0.749925 0.552277 0.819395 0.553770 0.749925 0.515115 0.726083 0.453068 0.707690 0.552277 0.819395 0.495496 0.776281 0.438954 0.747923
678 0.704204 0.816034 0.553197 0.784931 0.553810 0.750103 0.552584 0.819759 0.553810 0.750103 0.514911 0.726003 0.450605 0.708301 0.552584 0.819759 0.496165 0.776249 0.439003 0.747880
679 0.704268 0.815977 0.553440 0.785153 0.553836 0.750319 0.553044 0.819987 0.553836 0.750319 0.514882 0.726049 0.447155 0.709026 0.553044 0.819987 0.500317 0.776248 0.442227 0.747878
680 0.704343 0.815754 0.553617 0.785154 0.553916 0.750348 0.553318 0.819960 0.553916 0.750348 0.514994 0.726162 0.448710 0.708874 0.553318 0.819960 0.500953 0.776377 0.442187 0.747865
681 0.704372 0.815617 0.553844 0.785239 0.554181 0.750485 0.553507 0.819992 0.554181 0.750485 0.515061 0.726122 0.449433 0.708959 0.553507 0.819992 0.500336 0.776595 0.441189 0.747847
682 0.704352 0.815618 0.553851 0.785222 0.554197 0.750457 0.553506 0.819987 0.554197 0.750457 0.515049 0.726114 0.447150 0.709426 0.553506 0.819987 0.500898 0.777322 0.442015 0.748012
683 0.704298 0.815580 0.553880 0.785222 0.554249 0.750446 0.553512 0.819999 0.554249 0.750446 0.515033 0.726095 0.446390 0.709664 0.553512 0.819999 0.501614 0.777985 0.443150 0.748326
684 0.704282 0.815567 0.553892 0.785217 0.554272 0.750435 0.553513 0.819998 0.554272 0.750435 0.515062 0.726079 0.447213 0.709771 0.553513 0.819998 0.501514 0.778320 0.442467 0.748341
685 0.704218 0.815553 0.553915 0.785293 0.554284 0.750448 0.553546 0.820138 0.554284 0.750448 0.515088 0.726071 0.447583 0.709759 0.553546 0.820138 0.501597 0.778381 0.443024 0.748542
686 0.704173 0.815539 0.553906 0.785350 0.554300 0.750488 0.553513 0.820212 0.554300 0.750488 0.515106 0.726069 0.447870 0.709749 0.553513 0.820212 0.501553 0.778580 0.442555 0.748568
687 0.704124 0.815432 0.553898 0.785244 0.554312 0.750316 0.553484 0.820172 0.554312 0.750316 0.515162 0.726033 0.448125 0.709797 0.553484 0.820172 0.501514 0.778678 0.441881 0.748711
688 0.704090 0.815398 0.553927 0.785212 0.554368 0.750302 0.553485 0.820123 0.554368 0.750302 0.515202 0.725994 0.448392 0.709642 0.553485 0.820123 0.500991 0.778600 0.441616 0.748680
689 0.704093 0.815312 0.553937 0.785194 0.554376 0.750298 0.553498 0.820090 0.554376 0.750298 0.515309 0.725986 0.448963 0.709569 0.553498 0.820090 0.500957 0.778607 0.441354 0.748672
690 0.704122 0.815209 0.554036 0.785140 0.554459 0.750295 0.553614 0.819986 0.554459 0.750295 0.515322 0.725966 0.449083 0.709446 0.553614 0.819986 0.501381 0.778599 0.441355 0.748564
691 0.704122 0.815042 0.554048 0.784999 0.554484 0.750232 0.553612 0.819766 0.554484 0.750232 0.515452 0.725958 0.449743 0.709433 0.553612 0.819766 0.501351 0.778599 0.441245 0.748563
692 0.704116 0.815018 0.554057 0.784890 0.554504 0.750095 0.553610 0.819685 0.554504 0.750095 0.515556 0.725876 0.449841 0.709249 0.553610 0.819685 0.501305 0.778593 0.441011 0.748559
693 0.704098 0.814934 0.554051 0.784805 0.554510 0.750015 0.553592 0.819594 0.554510 0.750015 0.515752 0.725842 0.451151 0.709273 0.553592 0.819594 0.501024 0.778318 0.440690 0.748533
694 0.704029 0.814764 0.553870 0.784305 0.554506 0.749177 0.553234 0.819432 0.554506 0.749177 0.518851 0.725884 0.462367 0.709990 0.553234 0.819432 0.499840 0.777083 0.440687 0.748492
695 0.703978 0.814748 0.553681 0.784172 0.554403 0.749025 0.552960 0.819320 0.554403 0.749025 0.519656 0.725992 0.460673 0.707743 0.552960 0.819320 0.499594 0.776918 0.440683 0.748357
696 0.703972 0.814646 0.553681 0.784050 0.554406 0.748952 0.552957 0.819149 0.554406 0.748952 0.519518 0.725990 0.459843 0.707113 0.552957 0.819149 0.499791 0.776868 0.440737 0.748130
697 0.703969 0.814578 0.553673 0.783983 0.554427 0.748923 0.552918 0.819044 0.554427 0.748923 0.520005 0.726085 0.459057 0.706821 0.552918 0.819044 0.499547 0.776477 0.440635 0.747935
698 0.703900 0.814588 0.553632 0.783959 0.554397 0.748898 0.552866 0.819020 0.554397 0.748898 0.520103 0.726109 0.458423 0.706551 0.552866 0.819020 0.498968 0.776378 0.440518 0.747926
699 0.703849 0.814581 0.553501 0.783877 0.554244 0.748829 0.552759 0.818925 0.554244 0.748829 0.518900 0.726075 0.457650 0.706389 0.552759 0.818925 0.499380 0.776427 0.442914 0.747921
700 0.703773 0.814570 0.553321 0.783819 0.554084 0.748827 0.552558 0.818810 0.554084 0.748827 0.517758 0.726074 0.454224 0.706578 0.552558 0.818810 0.500205 0.776664 0.443709 0.748025
701 0.703771 0.814635 0.553290 0.783908 0.554027 0.749015 0.552554 0.818801 0.554027 0.749015 0.517121 0.726071 0.449824 0.707223 0.552554 0.818801 0.502094 0.776930 0.444620 0.748084
702 0.703761 0.814696 0.553202 0.783881 0.553968 0.749035 0.552436 0.818727 0.553968 0.749035 0.516772 0.726025 0.450047 0.707226 0.552436 0.818727 0.501451 0.776904 0.443337 0.748047
703 0.703806 0.814780 0.553200 0.783964 0.553965 0.749197 0.552435 0.818731 0.553965 0.749197 0.516615 0.726022 0.447712 0.708369 0.552435 0.818731 0.502264 0.777115 0.444253 0.748063
704 0.703816 0.814834 0.553232 0.783950 0.554003 0.749214 0.552460 0.818686 0.554003 0.749214 0.516386 0.725895 0.448086 0.708719 0.552460 0.818686 0.501802 0.777133 0.442161 0.748068
705 0.703827 0.814839 0.553235 0.783953 0.554003 0.749320 0.552466 0.818586 0.554003 0.749320 0.516278 0.725855 0.448177 0.708739 0.552466 0.818586 0.501587 0.777170 0.441762 0.747952
706 0.703881 0.814838 0.553085 0.783867 0.553747 0.749221 0.552423 0.818512 0.553747 0.749221 0.516121 0.725815 0.446630 0.709323 0.552423 0.818512 0.501792 0.777261 0.442395 0.748131
707 0.704043 0.814845 0.553088 0.783862 0.553747 0.749225 0.552428 0.818500 0.553747 0.749225 0.516067 0.725805 0.446772 0.709393 0.552428 0.818500 0.501378 0.777574 0.441376 0.748137
708 0.704096 0.814977 0.553059 0.783871 0.553680 0.749252 0.552439 0.818490 0.553680 0.749252 0.515741 0.725804 0.445384 0.709548 0.552439 0.818490 0.501658 0.777539 0.443217 0.748141
709 0.704141 0.815042 0.553051 0.783880 0.553651 0.749260 0.552452 0.818500 0.553651 0.749260 0.515637 0.725800 0.445150 0.710096 0.552452 0.818500 0.501602 0.777576 0.443608 0.748151
710 0.704179 0.815139 0.553058 0.783897 0.553599 0.749281 0.552517 0.818513 0.553599 0.749281 0.515425 0.725797 0.444896 0.710610 0.552517 0.818513 0.501588 0.777648 0.444083 0.748168
711 0.704200 0.815254 0.552992 0.783889 0.553435 0.749283 0.552550 0.818495 0.553435 0.749283 0.515372 0.725776 0.445037 0.710880 0.552550 0.818495 0.501481 0.777568 0.444219 0.748174
712 0.704275 0.815311 0.553008 0.783978 0.553367 0.749447 0.552648 0.818510 0.553367 0.749447 0.515302 0.725765 0.444685 0.711303 0.552648 0.818510 0.501469 0.777599 0.444309 0.748239
713 0.704280 0.815343 0.553052 0.783963 0.553354 0.749438 0.552750 0.818488 0.553354 0.749438 0.515265 0.725680 0.444787 0.711259 0.552750 0.818488 0.501379 0.777635 0.444302 0.748411
714 0.704287 0.815386 0.553058 0.783957 0.553351 0.749438 0.552765 0.818475 0.553351 0.749438 0.515264 0.725639 0.444852 0.711082 0.552765 0.818475 0.501371 0.777607 0.444344 0.748413
715 0.704286 0.815392 0.553031 0.783997 0.553296 0.749499 0.552766 0.818494 0.553296 0.749499 0.515261 0.725608 0.445053 0.711067 0.552766 0.818494 0.501272 0.777526 0.443368 0.748354
716 0.704323 0.815371 0.553074 0.784154 0.553306 0.749798 0.552842 0.818511 0.553306 0.749798 0.515255 0.725608 0.445189 0.710840 0.552842 0.818511 0.501053 0.777527 0.442675 0.748170
717 0.704332 0.815395 0.553160 0.784127 0.553382 0.749793 0.552937 0.818461 0.553382 0.749793 0.515233 0.725482 0.445167 0.710793 0.552937 0.818461 0.501121 0.777287 0.443321 0.748154
718 0.704337 0.815303 0.553110 0.784113 0.553385 0.749767 0.552834 0.818459 0.553385 0.749767 0.515266 0.725163 0.445203 0.710684 0.552834 0.818459 0.501086 0.776720 0.442263 0.747861
719 0.704318 0.815312 0.553017 0.784215 0.553329 0.749918 0.552705 0.818512 0.553329 0.749918 0.515206 0.725123 0.444459 0.710676 0.552705 0.818512 0.501517 0.776521 0.443444 0.747756
720 0.704325 0.815318 0.553001 0.784270 0.553300 0.749979 0.552702 0.818562 0.553300 0.749979 0.515059 0.724968 0.442036 0.710848 0.552702 0.818562 0.503872 0.776443 0.445047 0.747689
721 0.704339 0.815374 0.552991 0.784500 0.553268 0.750241 0.552714 0.818758 0.553268 0.750241 0.513304 0.724619 0.439643 0.711654 0.552714 0.818758 0.505031 0.776382 0.446201 0.747667
722 0.704362 0.815387 0.553047 0.784673 0.553271 0.750392 0.552824 0.818954 0.553271 0.750392 0.512178 0.724414 0.438904 0.712010 0.552824 0.818954 0.505967 0.776307 0.450184 0.747912
723 0.704359 0.815433 0.553197 0.784933 0.553422 0.750676 0.552972 0.819190 0.553422 0.750676 0.511609 0.724263 0.445956 0.715687 0.552972 0.819190 0.505824 0.776308 0.449661 0.747878
724 0.704355 0.815523 0.553232 0.785406 0.553454 0.751196 0.553010 0.819615 0.553454 0.751196 0.511003 0.724239 0.441811 0.715472 0.553010 0.819615 0.506030 0.776280 0.449375 0.747727
725 0.704346 0.815546 0.553242 0.785544 0.553472 0.751403 0.553013 0.819684 0.553472 0.751403 0.511037 0.724236 0.441196 0.715427 0.553013 0.819684 0.505920 0.776318 0.449147 0.747669
726 0.704328 0.815575 0.553282 0.785716 0.553511 0.751624 0.553053 0.819807 0.553511 0.751624 0.510686 0.724232 0.445615 0.717795 0.553053 0.819807 0.506534 0.776321 0.451137 0.747798
727 0.704319 0.815598 0.553421 0.785878 0.553658 0.751798 0.553184 0.819959 0.553658 0.751798 0.510942 0.724264 0.443130 0.717498 0.553184 0.819959 0.506459 0.776321 0.450618 0.747707
728 0.704328 0.815645 0.553557 0.786086 0.553838 0.752013 0.553276 0.820159 0.553838 0.752013 0.510956 0.724284 0.440956 0.716970 0.553276 0.820159 0.506467 0.776335 0.450583 0.747704
