0 0.1010349951684475 0.3377362787723541 0.16517160087823868 0.574904054403305 0.18187187612056732 0.5646221041679382 0.14847132563591003 0.5851860046386719 0.18187187612056732 0.5646221041679382 0.19922180473804474 0.6849881410598755 0.1837659627199173 0.8129125833511353 0.14847132563591003 0.5851860046386719 0.18844082951545715 0.7303145527839661 0.21409836411476135 0.8653414845466614
1 0.10102923959493637 0.33685314655303955 0.16475357860326767 0.5744131207466125 0.18103477358818054 0.5636152625083923 0.1484723836183548 0.5852109789848328 0.18103477358818054 0.5636152625083923 0.1988811194896698 0.6906071901321411 0.1922357827425003 0.8129585981369019 0.1484723836183548 0.5852109789848328 0.188984677195549 0.7326260209083557 0.2079024314880371 0.8599786758422852
2 0.10284777730703354 0.3365534543991089 0.16466614603996277 0.5753971934318542 0.18079574406147003 0.564577043056488 0.1485365480184555 0.5862173438072205 0.18079574406147003 0.564577043056488 0.19841304421424866 0.7023136615753174 0.19645139575004578 0.8224305510520935 0.1485365480184555 0.5862173438072205 0.1900167465209961 0.7395387887954712 0.20771045982837677 0.8614437580108643
3 0.10401745140552521 0.337108850479126 0.16462167352437973 0.5756479501724243 0.18080033361911774 0.5645808577537537 0.14844301342964172 0.586715042591095 0.18080033361911774 0.5645808577537537 0.19767600297927856 0.7021774649620056 0.19776307046413422 0.8224995732307434 0.14844301342964172 0.586715042591095 0.1902603805065155 0.7405264377593994 0.20720858871936798 0.8614335656166077
4 0.10444488003849983 0.33778542280197144 0.1646840050816536 0.5772247910499573 0.1808045357465744 0.565607488155365 0.1485634744167328 0.5888420939445496 0.1808045357465744 0.565607488155365 0.19629088044166565 0.7025076150894165 0.19774095714092255 0.8220276236534119 0.1485634744167328 0.5888420939445496 0.19089876115322113 0.7453849911689758 0.20655636489391327 0.8615534901618958
5 0.10526777431368828 0.3388337343931198 0.1649252325296402 0.5788617730140686 0.18108031153678894 0.5671619176864624 0.14877015352249146 0.5905616283416748 0.18108031153678894 0.5671619176864624 0.1955958753824234 0.7031748294830322 0.1972886323928833 0.8216130137443542 0.14877015352249146 0.5905616283416748 0.19115319848060608 0.7462490797042847 0.2059371918439865 0.8611005544662476
6 0.1061154380440712 0.3415798395872116 0.16695529222488403 0.5849451124668121 0.18220748007297516 0.5738418698310852 0.1517031043767929 0.5960483551025391 0.18220748007297516 0.5738418698310852 0.19542814791202545 0.7057910561561584 0.19738434255123138 0.8213227987289429 0.1517031043767929 0.5960483551025391 0.19119928777217865 0.7528636455535889 0.2059377133846283 0.8650166988372803
7 0.1077238954603672 0.3426595479249954 0.1676100492477417 0.585395097732544 0.182235985994339 0.574832558631897 0.1529841125011444 0.5959576368331909 0.182235985994339 0.574832558631897 0.19503524899482727 0.7053716778755188 0.19699721038341522 0.820968747138977 0.1529841125011444 0.5959576368331909 0.1911938339471817 0.7512229084968567 0.20446160435676575 0.8673347234725952
8 0.1082410030066967 0.3430658131837845 0.16773128509521484 0.5851897299289703 0.18226000666618347 0.5746707320213318 0.15320256352424622 0.5957087278366089 0.18226000666618347 0.5746707320213318 0.19571281969547272 0.7052717804908752 0.19709910452365875 0.8196611404418945 0.15320256352424622 0.5957087278366089 0.19053401052951813 0.7463309168815613 0.20381665229797363 0.8674970269203186
9 0.1086789183318615 0.34390781819820404 0.16856180131435394 0.5850877165794373 0.18222330510616302 0.5742940902709961 0.15490029752254486 0.5958813428878784 0.18222330510616302 0.5742940902709961 0.19559338688850403 0.7017595171928406 0.19700905680656433 0.808087170124054 0.15490029752254486 0.5958813428878784 0.1895967721939087 0.743559718132019 0.20321246981620789 0.8684740662574768
10 0.10904034227132797 0.34533241391181946 0.1685749813914299 0.5889292061328888 0.18224148452281952 0.5790683031082153 0.15490847826004028 0.5987901091575623 0.18224148452281952 0.5790683031082153 0.19601520895957947 0.703644335269928 0.19687919318675995 0.8086544871330261 0.15490847826004028 0.5987901091575623 0.18903669714927673 0.7509972453117371 0.20267823338508606 0.8745949864387512
11 0.1088964119553566 0.34714919328689575 0.16869396716356277 0.5912879705429077 0.1828026920557022 0.5804619193077087 0.15458524227142334 0.6021140217781067 0.1828026920557022 0.5804619193077087 0.2000410556793213 0.7041546702384949 0.19720615446567535 0.8093441128730774 0.15458524227142334 0.6021140217781067 0.18680153787136078 0.7513447403907776 0.20232072472572327 0.8758253455162048
12 0.10889691114425659 0.34825968742370605 0.16919533908367157 0.5923729836940765 0.1839345097541809 0.5818350911140442 0.15445616841316223 0.6029108762741089 0.1839345097541809 0.5818350911140442 0.20122866332530975 0.7074224948883057 0.19706140458583832 0.8146121501922607 0.15445616841316223 0.6029108762741089 0.18628691136837006 0.7533391714096069 0.20189690589904785 0.8796249032020569
13 0.10900836437940598 0.34965772926807404 0.16947683691978455 0.5937500596046448 0.1845938265323639 0.583145022392273 0.1543598473072052 0.6043550968170166 0.1845938265323639 0.583145022392273 0.20279650390148163 0.7085750699043274 0.19709862768650055 0.8176748752593994 0.1543598473072052 0.6043550968170166 0.1862359344959259 0.7564126253128052 0.20180150866508484 0.8818559646606445
14 0.10901285707950592 0.3510672599077225 0.17136150598526 0.5957863032817841 0.18515625596046448 0.5852312445640564 0.15756675601005554 0.6063413619995117 0.18515625596046448 0.5852312445640564 0.20600154995918274 0.709938645362854 0.19778725504875183 0.8179339170455933 0.15756675601005554 0.6063413619995117 0.18636120855808258 0.7548555731773376 0.20189397037029266 0.8819888234138489
15 0.10907504335045815 0.3523375540971756 0.17278654128313065 0.5973076224327087 0.18590030074119568 0.5869249701499939 0.1596727818250656 0.6076902747154236 0.18590030074119568 0.5869249701499939 0.20811811089515686 0.7109656929969788 0.1978054940700531 0.8179159164428711 0.1596727818250656 0.6076902747154236 0.1863780915737152 0.7517468333244324 0.19972416758537292 0.8815994262695312
16 0.10947531461715698 0.3548183888196945 0.17537616938352585 0.5987891554832458 0.19030442833900452 0.5880939364433289 0.16044791042804718 0.6094843745231628 0.19030442833900452 0.5880939364433289 0.20916664600372314 0.7105098962783813 0.19772949814796448 0.8141645193099976 0.16044791042804718 0.6094843745231628 0.18630889058113098 0.7522814869880676 0.1998370736837387 0.8814401626586914
17 0.10963411256670952 0.35902707278728485 0.17789071053266525 0.6007546782493591 0.1938961297273636 0.588738203048706 0.16188529133796692 0.6127711534500122 0.1938961297273636 0.588738203048706 0.2138330042362213 0.7102839350700378 0.19845068454742432 0.8100826144218445 0.16188529133796692 0.6127711534500122 0.18878665566444397 0.7539320588111877 0.199899822473526 0.8773273229598999
18 0.10970699787139893 0.36185209453105927 0.1800631582736969 0.6029356718063354 0.19827011227607727 0.5892839431762695 0.16185620427131653 0.6165874004364014 0.19827011227607727 0.5892839431762695 0.2192409783601761 0.7129710912704468 0.2045496702194214 0.8076853156089783 0.16185620427131653 0.6165874004364014 0.18885180354118347 0.761273980140686 0.20002564787864685 0.8756066560745239
19 0.11031197756528854 0.3663247674703598 0.1820351630449295 0.606382817029953 0.20195984840393066 0.5903284549713135 0.16211047768592834 0.6224371790885925 0.20195984840393066 0.5903284549713135 0.22612826526165009 0.7208377122879028 0.21143583953380585 0.8071949481964111 0.16211047768592834 0.6224371790885925 0.19095438718795776 0.7613948583602905 0.20182685554027557 0.8648497462272644
20 0.11098842322826385 0.36991144716739655 0.18364261090755463 0.6105296015739441 0.20187091827392578 0.5943028330802917 0.16541430354118347 0.6267563700675964 0.20187091827392578 0.5943028330802917 0.2326691448688507 0.727239727973938 0.21393552422523499 0.8119722604751587 0.16541430354118347 0.6267563700675964 0.1997050940990448 0.7708999514579773 0.20505431294441223 0.8787460327148438
21 0.11230252683162689 0.3706175535917282 0.18547790497541428 0.6152554452419281 0.20302851498126984 0.5983177423477173 0.16792729496955872 0.6321931481361389 0.20302851498126984 0.5983177423477173 0.24154452979564667 0.7297041416168213 0.21595731377601624 0.8176081776618958 0.16792729496955872 0.6321931481361389 0.20394983887672424 0.7774387001991272 0.20778658986091614 0.8854023814201355
22 0.11537512391805649 0.3805384486913681 0.19237259030342102 0.6248700618743896 0.21059314906597137 0.6059888601303101 0.17415203154087067 0.6437512636184692 0.21059314906597137 0.6059888601303101 0.25710004568099976 0.7306035161018372 0.2286207228899002 0.8303000330924988 0.17415203154087067 0.6437512636184692 0.2074679136276245 0.7907117605209351 0.2137840986251831 0.8916053175926208
23 0.11923928558826447 0.3859589695930481 0.19737062603235245 0.6336424946784973 0.21563205122947693 0.6140052676200867 0.17910920083522797 0.653279721736908 0.21563205122947693 0.6140052676200867 0.26509472727775574 0.7342566847801208 0.2368154525756836 0.8470422625541687 0.17910920083522797 0.653279721736908 0.21069273352622986 0.800550639629364 0.21754086017608643 0.8988606333732605
24 0.12445640191435814 0.3915443420410156 0.20221104472875595 0.6385462582111359 0.22086720168590546 0.6177341938018799 0.18355488777160645 0.6593583226203918 0.22086720168590546 0.6177341938018799 0.26875877380371094 0.7356283664703369 0.2479255199432373 0.850345253944397 0.18355488777160645 0.6593583226203918 0.2151353657245636 0.7932153344154358 0.2253558188676834 0.8957421183586121
25 0.13071761652827263 0.3956816494464874 0.2087511345744133 0.644389271736145 0.22838585078716278 0.6211479902267456 0.18911641836166382 0.6676305532455444 0.22838585078716278 0.6211479902267456 0.28005024790763855 0.7358008027076721 0.270892858505249 0.8512068390846252 0.18911641836166382 0.6676305532455444 0.21679659187793732 0.7984620928764343 0.22922015190124512 0.8939439654350281
26 0.1379459612071514 0.4057017117738724 0.21323361992835999 0.6520632207393646 0.23515745997428894 0.6279195547103882 0.19130977988243103 0.6762068867683411 0.23515745997428894 0.6279195547103882 0.2835766673088074 0.7413550019264221 0.2884305715560913 0.8551176190376282 0.19130977988243103 0.6762068867683411 0.2154161036014557 0.8077501654624939 0.22720439732074738 0.8971922993659973
27 0.15054527670145035 0.41365276277065277 0.21933770179748535 0.6587308049201965 0.24094299972057343 0.6340218186378479 0.19773240387439728 0.6834397912025452 0.24094299972057343 0.6340218186378479 0.28817248344421387 0.7514685988426208 0.3066995143890381 0.8540124893188477 0.19773240387439728 0.6834397912025452 0.2212858945131302 0.8053512573242188 0.22511442005634308 0.8963181972503662
28 0.1589447744190693 0.41680893301963806 0.22789202630519867 0.658650279045105 0.24802431464195251 0.6328455209732056 0.20775973796844482 0.6844550371170044 0.24802431464195251 0.6328455209732056 0.2919984459877014 0.7474517226219177 0.3148960769176483 0.852621853351593 0.20775973796844482 0.6844550371170044 0.2338932454586029 0.8021543025970459 0.2253631055355072 0.8744019269943237
29 0.1683962419629097 0.41628068685531616 0.23903115093708038 0.6634531915187836 0.2566770613193512 0.6407579183578491 0.22138524055480957 0.686148464679718 0.2566770613193512 0.6407579183578491 0.2864624559879303 0.7454060912132263 0.31295567750930786 0.85248202085495 0.22138524055480957 0.686148464679718 0.24603502452373505 0.7921372056007385 0.2284948080778122 0.8716421127319336
30 0.17761947214603424 0.41915833950042725 0.24518205225467682 0.6685443222522736 0.2626505494117737 0.6488169431686401 0.22771355509757996 0.688271701335907 0.2626505494117737 0.6488169431686401 0.29365023970603943 0.7538180947303772 0.33208006620407104 0.8604148030281067 0.22771355509757996 0.688271701335907 0.24241630733013153 0.7918280363082886 0.22728624939918518 0.8730546832084656
31 0.19222954660654068 0.41736191511154175 0.2520245611667633 0.668048232793808 0.26883170008659363 0.6510475873947144 0.23521742224693298 0.6850488781929016 0.26883170008659363 0.6510475873947144 0.29932701587677 0.7575525641441345 0.3373566269874573 0.8596725463867188 0.23521742224693298 0.6850488781929016 0.24434909224510193 0.7988612055778503 0.2266046106815338 0.87811279296875
32 0.21732626855373383 0.4153810143470764 0.2742709666490555 0.6648336350917816 0.29094237089157104 0.647711992263794 0.2575995624065399 0.6819552779197693 0.29094237089157104 0.647711992263794 0.32276651263237 0.7597975134849548 0.3487759232521057 0.8639689683914185 0.2575995624065399 0.6819552779197693 0.26031258702278137 0.8030502200126648 0.23238952457904816 0.8956962823867798
33 0.22984543442726135 0.41418181359767914 0.2849060595035553 0.6654692590236664 0.30328530073165894 0.6505153775215149 0.26652681827545166 0.6804231405258179 0.30328530073165894 0.6505153775215149 0.3288247585296631 0.7701429724693298 0.3527051508426666 0.8759320974349976 0.26652681827545166 0.6804231405258179 0.2700337767601013 0.8088493347167969 0.23282034695148468 0.9053274989128113
34 0.24199766665697098 0.41204674541950226 0.29401518404483795 0.66477832198143 0.3122493326663971 0.6499547958374023 0.2757810354232788 0.6796018481254578 0.3122493326663971 0.6499547958374023 0.3305094242095947 0.768383264541626 0.3509271740913391 0.8747705817222595 0.2757810354232788 0.6796018481254578 0.2828402519226074 0.807180643081665 0.23516127467155457 0.9074754118919373
35 0.25072242319583893 0.40947194397449493 0.30119387805461884 0.6616504192352295 0.31727293133735657 0.6482034921646118 0.2851148247718811 0.6750973463058472 0.31727293133735657 0.6482034921646118 0.33174073696136475 0.7714887261390686 0.3501431345939636 0.8732684254646301 0.2851148247718811 0.6750973463058472 0.30370351672172546 0.8058478236198425 0.291412889957428 0.9014363884925842
36 0.264083094894886 0.40362071990966797 0.3088141679763794 0.6573550999164581 0.3219645619392395 0.6457527279853821 0.2956637740135193 0.6689574718475342 0.3219645619392395 0.6457527279853821 0.34467387199401855 0.7687450051307678 0.34581053256988525 0.870193362236023 0.2956637740135193 0.6689574718475342 0.31517791748046875 0.8024716973304749 0.33704376220703125 0.8816123604774475
37 0.286633238196373 0.394015833735466 0.3236803263425827 0.6446399986743927 0.3308407962322235 0.6293362975120544 0.3165198564529419 0.659943699836731 0.3308407962322235 0.6293362975120544 0.37694138288497925 0.7450218200683594 0.35400280356407166 0.8612117767333984 0.3165198564529419 0.659943699836731 0.3531138598918915 0.7790558338165283 0.36017292737960815 0.8728699088096619
38 0.29934877157211304 0.3883173167705536 0.32962407171726227 0.643033355474472 0.3382799029350281 0.627767026424408 0.32096824049949646 0.6582996845245361 0.3382799029350281 0.627767026424408 0.37054020166397095 0.7526574730873108 0.3538958430290222 0.8775095343589783 0.32096824049949646 0.6582996845245361 0.3426053822040558 0.7825639247894287 0.3408852219581604 0.901534914970398
39 0.3105585128068924 0.38594087958335876 0.3422011733055115 0.6448798775672913 0.35113486647605896 0.6304448246955872 0.333267480134964 0.6593149304389954 0.35113486647605896 0.6304448246955872 0.4030534625053406 0.7528415322303772 0.37687748670578003 0.8774901032447815 0.333267480134964 0.6593149304389954 0.35248368978500366 0.7841743230819702 0.34922921657562256 0.9136761426925659
40 0.3230201154947281 0.385477676987648 0.35869504511356354 0.6486422419548035 0.3663795590400696 0.6326044201850891 0.3510105311870575 0.6646800637245178 0.3663795590400696 0.6326044201850891 0.42535215616226196 0.745159924030304 0.3793841004371643 0.873352587223053 0.3510105311870575 0.6646800637245178 0.3988606929779053 0.7828887104988098 0.36846500635147095 0.9090690612792969
41 0.3328240215778351 0.3828253448009491 0.36337265372276306 0.6464490592479706 0.37195396423339844 0.6325482726097107 0.3547913432121277 0.6603498458862305 0.37195396423339844 0.6325482726097107 0.40289679169654846 0.7533877491950989 0.38358578085899353 0.8936744928359985 0.3547913432121277 0.6603498458862305 0.4173077642917633 0.7581554651260376 0.4201035499572754 0.9065395593643188
42 0.35602550208568573 0.37342213094234467 0.3821258991956711 0.6407308578491211 0.37708011269569397 0.6348550915718079 0.3871716856956482 0.6466066241264343 0.37708011269569397 0.6348550915718079 0.404930979013443 0.7619849443435669 0.388857901096344 0.8933613300323486 0.3871716856956482 0.6466066241264343 0.4961460530757904 0.6417639851570129 0.49057626724243164 0.8299018740653992
43 0.3669869303703308 0.3804602473974228 0.3976629674434662 0.6421323418617249 0.3982994854450226 0.6346777081489563 0.3970264494419098 0.6495869755744934 0.3982994854450226 0.6346777081489563 0.4571971893310547 0.7589337825775146 0.41128912568092346 0.8905171155929565 0.3970264494419098 0.6495869755744934 0.5196003317832947 0.6151677966117859 0.5198698043823242 0.7983147501945496
44 0.3796337842941284 0.3861411362886429 0.4121326208114624 0.6420246362686157 0.4202808439731598 0.6327581405639648 0.403984397649765 0.6512911319732666 0.4202808439731598 0.6327581405639648 0.5227068662643433 0.6761642098426819 0.5615172386169434 0.8174789547920227 0.403984397649765 0.6512911319732666 0.5153090357780457 0.6126729249954224 0.4985350966453552 0.8284914493560791
45 0.39225471019744873 0.3861287385225296 0.4209049940109253 0.6394892036914825 0.4269220232963562 0.6301320791244507 0.4148879647254944 0.6488463282585144 0.4269220232963562 0.6301320791244507 0.5230855345726013 0.6644478440284729 0.5622303485870361 0.7786979675292969 0.4148879647254944 0.6488463282585144 0.507880687713623 0.6267926692962646 0.4798169732093811 0.8481947779655457
46 0.40362001955509186 0.3831394612789154 0.42690469324588776 0.6358918845653534 0.4232611060142517 0.6303117275238037 0.4305482804775238 0.6414720416069031 0.4232611060142517 0.6303117275238037 0.4748515188694 0.6916059851646423 0.45412951707839966 0.7826390862464905 0.4305482804775238 0.6414720416069031 0.5380382537841797 0.6257365345954895 0.5328978300094604 0.8319556713104248
47 0.4296824187040329 0.3792693763971329 0.45697394013404846 0.6300241649150848 0.45063820481300354 0.6228311061859131 0.4633096754550934 0.6372172236442566 0.45063820481300354 0.6228311061859131 0.46165814995765686 0.7133134603500366 0.44680577516555786 0.8323094248771667 0.4633096754550934 0.6372172236442566 0.5046178102493286 0.7167678475379944 0.5016607642173767 0.8577978014945984
48 0.4404803514480591 0.36937905848026276 0.4652612954378128 0.6121643781661987 0.46643733978271484 0.6019076108932495 0.46408525109291077 0.622421145439148 0.46643733978271484 0.6019076108932495 0.4748144745826721 0.7225751876831055 0.4617592394351959 0.8664389848709106 0.46408525109291077 0.622421145439148 0.49921107292175293 0.7343896627426147 0.49560093879699707 0.8681835532188416
49 0.4523046016693115 0.35871778428554535 0.47938956320285797 0.6086389124393463 0.47640007734298706 0.6031226515769958 0.4823790490627289 0.6141551733016968 0.47640007734298706 0.6031226515769958 0.495445191860199 0.7289888262748718 0.4843899607658386 0.8735955357551575 0.4823790490627289 0.6141551733016968 0.5015310049057007 0.74714195728302 0.4953252673149109 0.8817064762115479
50 0.46387337148189545 0.35955481231212616 0.5045954585075378 0.6071029901504517 0.5129099488258362 0.5956240296363831 0.4962809681892395 0.6185819506645203 0.5129099488258362 0.5956240296363831 0.5905472040176392 0.6739949584007263 0.68770831823349 0.7581523060798645 0.4962809681892395 0.6185819506645203 0.5067592263221741 0.7616227865219116 0.49572691321372986 0.8951637148857117
51 0.4754931181669235 0.36061984300613403 0.5008515119552612 0.6113117933273315 0.5010293126106262 0.5998039841651917 0.5006737112998962 0.6228196024894714 0.5010293126106262 0.5998039841651917 0.5259603261947632 0.7250057458877563 0.6825904250144958 0.8466899394989014 0.5006737112998962 0.6228196024894714 0.5211844444274902 0.7537134885787964 0.5561355352401733 0.8893375992774963
52 0.49979957938194275 0.36138999462127686 0.521004855632782 0.6199674606323242 0.521699070930481 0.6028264760971069 0.520310640335083 0.6371084451675415 0.521699070930481 0.6028264760971069 0.5817049145698547 0.6913244128227234 0.5713652968406677 0.8249970078468323 0.520310640335083 0.6371084451675415 0.646068811416626 0.6781360507011414 0.7078850269317627 0.7831152081489563
53 0.5105089247226715 0.3626786917448044 0.5288770198822021 0.6234860420227051 0.5315793752670288 0.6042225360870361 0.5261746644973755 0.642749547958374 0.5315793752670288 0.6042225360870361 0.6122005581855774 0.6856223344802856 0.5956482291221619 0.7962415814399719 0.5261746644973755 0.642749547958374 0.6121624708175659 0.6881434321403503 0.5929537415504456 0.8124864101409912
54 0.5233921706676483 0.3699992001056671 0.5326619446277618 0.6439465284347534 0.5316733717918396 0.6337868571281433 0.5336505174636841 0.6541061997413635 0.5316733717918396 0.6337868571281433 0.5693899393081665 0.7318820357322693 0.5288528800010681 0.826083242893219 0.5336505174636841 0.6541061997413635 0.6315215229988098 0.6908683180809021 0.6001107096672058 0.7919059991836548
55 0.535546064376831 0.3781699538230896 0.533990889787674 0.6593028008937836 0.5345427989959717 0.6535839438438416 0.5334389805793762 0.6650216579437256 0.5345427989959717 0.6535839438438416 0.5756953954696655 0.7362856268882751 0.5255849361419678 0.8321254849433899 0.5334389805793762 0.6650216579437256 0.604035496711731 0.6953546404838562 0.5783424973487854 0.7968539595603943
56 0.5479223132133484 0.38581618666648865 0.5423278510570526 0.6598987281322479 0.5461359620094299 0.651711106300354 0.5385197401046753 0.6680863499641418 0.5461359620094299 0.651711106300354 0.5955384969711304 0.7447347640991211 0.5441488027572632 0.8446553349494934 0.5385197401046753 0.6680863499641418 0.6169953942298889 0.720596432685852 0.5784833431243896 0.8381931781768799
89 1.0054527521133423 0.3901990056037903 0.9288405478000641 0.6305050849914551 0.9501296877861023 0.6406012177467346 0.9075514078140259 0.6204089522361755 0.9501296877861023 0.6406012177467346 0.899013340473175 0.7785890698432922 0.8245072364807129 0.8630467057228088 0.9075514078140259 0.6204089522361755 0.8678639531135559 0.7610003352165222 0.8338258862495422 0.8738058805465698
91 0.8347584307193756 0.7711851894855499 0.725287139415741 0.6803978383541107 0.7223916053771973 0.6915463209152222 0.7281826734542847 0.6692493557929993 0.7223916053771973 0.6915463209152222 0.6400752067565918 0.6464207172393799 0.5446187853813171 0.635799765586853 0.7281826734542847 0.6692493557929993 0.6415624022483826 0.6451113820075989 0.5447860956192017 0.62596195936203
95 0.8199214041233063 0.7466397881507874 0.8809451460838318 0.6514603793621063 0.8602129817008972 0.6269094347953796 0.9016773104667664 0.676011323928833 0.8602129817008972 0.6269094347953796 0.8323724865913391 0.5832818150520325 0.8479010462760925 0.46164852380752563 0.9016773104667664 0.676011323928833 0.8915097117424011 0.6471059322357178 0.9289667010307312 0.5152314901351929
96 0.850940078496933 0.7670166194438934 0.9179991483688354 0.6645538806915283 0.9010840654373169 0.6423815488815308 0.934914231300354 0.6867262125015259 0.9010840654373169 0.6423815488815308 0.8787919878959656 0.5835121870040894 0.9243286848068237 0.4916459918022156 0.934914231300354 0.6867262125015259 0.9485543370246887 0.6427838802337646 0.9717567563056946 0.5189081430435181
97 0.8412150144577026 0.7746782302856445 0.9048283100128174 0.6734541952610016 0.8847991824150085 0.6612407565116882 0.9248574376106262 0.6856676340103149 0.8847991824150085 0.6612407565116882 0.8227568864822388 0.6143169403076172 0.8530073165893555 0.4867683947086334 0.9248574376106262 0.6856676340103149 0.9232076406478882 0.6069881916046143 0.9715427160263062 0.4731048345565796
98 0.8431062698364258 0.7791192829608917 0.9114090502262115 0.6697374582290649 0.8931387066841125 0.654693067073822 0.9296793937683105 0.6847818493843079 0.8931387066841125 0.654693067073822 0.8219135403633118 0.6263956427574158 0.8402228355407715 0.482060968875885 0.9296793937683105 0.6847818493843079 0.9187830686569214 0.5936140418052673 0.9759682416915894 0.4684266149997711
99 0.8486202657222748 0.7758460938930511 0.9178361594676971 0.6668612658977509 0.8980405926704407 0.6501750946044922 0.9376317262649536 0.6835474371910095 0.8980405926704407 0.6501750946044922 0.8198457956314087 0.6391966938972473 0.840509295463562 0.4818665087223053 0.9376317262649536 0.6835474371910095 0.9258155822753906 0.6011349558830261 0.981490433216095 0.47108596563339233
100 0.8496355414390564 0.7718432247638702 0.9202093183994293 0.6652684211730957 0.9008960723876953 0.648695170879364 0.9395225644111633 0.6818416714668274 0.9008960723876953 0.648695170879364 0.8188769221305847 0.6417664289474487 0.8392444849014282 0.47987446188926697 0.9395225644111633 0.6818416714668274 0.9325674176216125 0.6085829138755798 0.9897818565368652 0.47874778509140015
101 0.860634058713913 0.7673299908638 0.9317274987697601 0.6622574627399445 0.9114546775817871 0.6428031921386719 0.9520003199577332 0.681711733341217 0.9114546775817871 0.6428031921386719 0.819871723651886 0.6289995312690735 0.8402608633041382 0.477430522441864 0.9520003199577332 0.681711733341217 0.9410319328308105 0.6137749552726746 0.9882138967514038 0.4791896641254425
102 0.8242416977882385 0.7365888357162476 0.9011497795581818 0.636416494846344 0.8760102987289429 0.6138660907745361 0.9262892603874207 0.6589668989181519 0.8760102987289429 0.6138660907745361 0.8199172019958496 0.5939792990684509 0.8371483087539673 0.48319748044013977 0.9262892603874207 0.6589668989181519 0.9326052665710449 0.6370159387588501 0.9606229662895203 0.5470861792564392
