0
0
0 -1 -1 -1 -1 -1 -1 -1 -1 -1 -1 -1 -1 -1 -1 -1 -1 -1 -1 -1 -1
1 -1 -1 -1 -1 -1 -1 -1 -1 -1 -1 -1 -1 -1 -1 -1 -1 -1 -1 -1 -1
2 -1 -1 -1 -1 -1 -1 -1 -1 -1 -1 -1 -1 -1 -1 -1 -1 -1 -1 -1 -1
3 -1 -1 -1 -1 -1 -1 -1 -1 -1 -1 -1 -1 -1 -1 -1 -1 -1 -1 -1 -1
4 -1 -1 -1 -1 -1 -1 -1 -1 -1 -1 -1 -1 -1 -1 -1 -1 -1 -1 -1 -1
5 -1 -1 -1 -1 -1 -1 -1 -1 -1 -1 -1 -1 -1 -1 -1 -1 -1 -1 -1 -1
6 -1 -1 -1 -1 -1 -1 -1 -1 -1 -1 -1 -1 -1 -1 -1 -1 -1 -1 -1 -1
7 -1 -1 -1 -1 -1 -1 -1 -1 -1 -1 -1 -1 -1 -1 -1 -1 -1 -1 -1 -1
8 -1 -1 -1 -1 -1 -1 -1 -1 -1 -1 -1 -1 -1 -1 -1 -1 -1 -1 -1 -1
9 -1 -1 -1 -1 -1 -1 -1 -1 -1 -1 -1 -1 -1 -1 -1 -1 -1 -1 -1 -1
10 -1 -1 -1 -1 -1 -1 -1 -1 -1 -1 -1 -1 -1 -1 -1 -1 -1 -1 -1 -1
11 -1 -1 -1 -1 -1 -1 -1 -1 -1 -1 -1 -1 -1 -1 -1 -1 -1 -1 -1 -1
12 -1 -1 -1 -1 -1 -1 -1 -1 -1 -1 -1 -1 -1 -1 -1 -1 -1 -1 -1 -1
13 -1 -1 -1 -1 -1 -1 -1 -1 -1 -1 -1 -1 -1 -1 -1 -1 -1 -1 -1 -1
14 -1 -1 -1 -1 -1 -1 -1 -1 -1 -1 -1 -1 -1 -1 -1 -1 -1 -1 -1 -1
15 -1 -1 -1 -1 -1 -1 -1 -1 -1 -1 -1 -1 -1 -1 -1 -1 -1 -1 -1 -1
16 -1 -1 -1 -1 -1 -1 -1 -1 -1 -1 -1 -1 -1 -1 -1 -1 -1 -1 -1 -1
17 -1 -1 -1 -1 -1 -1 -1 -1 -1 -1 -1 -1 -1 -1 -1 -1 -1 -1 -1 -1
18 -1 -1 -1 -1 -1 -1 -1 -1 -1 -1 -1 -1 -1 -1 -1 -1 -1 -1 -1 -1
19 -1 -1 -1 -1 -1 -1 -1 -1 -1 -1 -1 -1 -1 -1 -1 -1 -1 -1 -1 -1
20 -1 -1 -1 -1 -1 -1 -1 -1 -1 -1 -1 -1 -1 -1 -1 -1 -1 -1 -1 -1
21 -1 -1 -1 -1 -1 -1 -1 -1 -1 -1 -1 -1 -1 -1 -1 -1 -1 -1 -1 -1
22 -1 -1 -1 -1 -1 -1 -1 -1 -1 -1 -1 -1 -1 -1 -1 -1 -1 -1 -1 -1
23 -1 -1 -1 -1 -1 -1 -1 -1 -1 -1 -1 -1 -1 -1 -1 -1 -1 -1 -1 -1
24 -1 -1 -1 -1 -1 -1 -1 -1 -1 -1 -1 -1 -1 -1 -1 -1 -1 -1 -1 -1
25 -1 -1 -1 -1 -1 -1 -1 -1 -1 -1 -1 -1 -1 -1 -1 -1 -1 -1 -1 -1
26 -1 -1 -1 -1 -1 -1 -1 -1 -1 -1 -1 -1 -1 -1 -1 -1 -1 -1 -1 -1
27 -1 -1 -1 -1 -1 -1 -1 -1 -1 -1 -1 -1 -1 -1 -1 -1 -1 -1 -1 -1
28 -1 -1 -1 -1 -1 -1 -1 -1 -1 -1 -1 -1 -1 -1 -1 -1 -1 -1 -1 -1
29 -1 -1 -1 -1 -1 -1 -1 -1 -1 -1 -1 -1 -1 -1 -1 -1 -1 -1 -1 -1
30 -1 -1 -1 -1 -1 -1 -1 -1 -1 -1 -1 -1 -1 -1 -1 -1 -1 -1 -1 -1
31 -1 -1 -1 -1 -1 -1 -1 -1 -1 -1 -1 -1 -1 -1 -1 -1 -1 -1 -1 -1
32 -1 -1 -1 -1 -1 -1 -1 -1 -1 -1 -1 -1 -1 -1 -1 -1 -1 -1 -1 -1
33 -1 -1 -1 -1 -1 -1 -1 -1 -1 -1 -1 -1 -1 -1 -1 -1 -1 -1 -1 -1
34 -1 -1 -1 -1 -1 -1 -1 -1 -1 -1 -1 -1 -1 -1 -1 -1 -1 -1 -1 -1
35 -1 -1 -1 -1 -1 -1 -1 -1 -1 -1 -1 -1 -1 -1 -1 -1 -1 -1 -1 -1
36 -1 -1 -1 -1 -1 -1 -1 -1 -1 -1 -1 -1 -1 -1 -1 -1 -1 -1 -1 -1
37 -1 -1 -1 -1 -1 -1 -1 -1 -1 -1 -1 -1 -1 -1 -1 -1 -1 -1 -1 -1
38 -1 -1 -1 -1 -1 -1 -1 -1 -1 -1 -1 -1 -1 -1 -1 -1 -1 -1 -1 -1
39 -1 -1 -1 -1 -1 -1 -1 -1 -1 -1 -1 -1 -1 -1 -1 -1 -1 -1 -1 -1
40 -1 -1 -1 -1 -1 -1 -1 -1 -1 -1 -1 -1 -1 -1 -1 -1 -1 -1 -1 -1
41 -1 -1 -1 -1 -1 -1 -1 -1 -1 -1 -1 -1 -1 -1 -1 -1 -1 -1 -1 -1
42 -1 -1 -1 -1 -1 -1 -1 -1 -1 -1 -1 -1 -1 -1 -1 -1 -1 -1 -1 -1
43 -1 -1 -1 -1 -1 -1 -1 -1 -1 -1 -1 -1 -1 -1 -1 -1 -1 -1 -1 -1
44 -1 -1 -1 -1 -1 -1 -1 -1 -1 -1 -1 -1 -1 -1 -1 -1 -1 -1 -1 -1
45 -1 -1 -1 -1 -1 -1 -1 -1 -1 -1 -1 -1 -1 -1 -1 -1 -1 -1 -1 -1
46 -1 -1 -1 -1 -1 -1 -1 -1 -1 -1 -1 -1 -1 -1 -1 -1 -1 -1 -1 -1
47 -1 -1 -1 -1 -1 -1 -1 -1 -1 -1 -1 -1 -1 -1 -1 -1 -1 -1 -1 -1
48 -1 -1 -1 -1 -1 -1 -1 -1 -1 -1 -1 -1 -1 -1 -1 -1 -1 -1 -1 -1
49 -1 -1 -1 -1 -1 -1 -1 -1 -1 -1 -1 -1 -1 -1 -1 -1 -1 -1 -1 -1
50 -1 -1 -1 -1 -1 -1 -1 -1 -1 -1 -1 -1 -1 -1 -1 -1 -1 -1 -1 -1
51 -1 -1 -1 -1 -1 -1 -1 -1 -1 -1 -1 -1 -1 -1 -1 -1 -1 -1 -1 -1
52 -1 -1 -1 -1 -1 -1 -1 -1 -1 -1 -1 -1 -1 -1 -1 -1 -1 -1 -1 -1
53 -1 -1 -1 -1 -1 -1 -1 -1 -1 -1 -1 -1 -1 -1 -1 -1 -1 -1 -1 -1
54 -1 -1 -1 -1 -1 -1 -1 -1 -1 -1 -1 -1 -1 -1 -1 -1 -1 -1 -1 -1
55 -1 -1 -1 -1 -1 -1 -1 -1 -1 -1 -1 -1 -1 -1 -1 -1 -1 -1 -1 -1
56 -1 -1 -1 -1 -1 -1 -1 -1 -1 -1 -1 -1 -1 -1 -1 -1 -1 -1 -1 -1
57 -1 -1 -1 -1 -1 -1 -1 -1 -1 -1 -1 -1 -1 -1 -1 -1 -1 -1 -1 -1
58 -1 -1 -1 -1 -1 -1 -1 -1 -1 -1 -1 -1 -1 -1 -1 -1 -1 -1 -1 -1
59 -1 -1 -1 -1 -1 -1 -1 -1 -1 -1 -1 -1 -1 -1 -1 -1 -1 -1 -1 -1
60 -1 -1 -1 -1 -1 -1 -1 -1 -1 -1 -1 -1 -1 -1 -1 -1 -1 -1 -1 -1
61 -1 -1 -1 -1 -1 -1 -1 -1 -1 -1 -1 -1 -1 -1 -1 -1 -1 -1 -1 -1
62 -1 -1 -1 -1 -1 -1 -1 -1 -1 -1 -1 -1 -1 -1 -1 -1 -1 -1 -1 -1
63 -1 -1 -1 -1 -1 -1 -1 -1 -1 -1 -1 -1 -1 -1 -1 -1 -1 -1 -1 -1
64 -1 -1 -1 -1 -1 -1 -1 -1 -1 -1 -1 -1 -1 -1 -1 -1 -1 -1 -1 -1
65 -1 -1 -1 -1 -1 -1 -1 -1 -1 -1 -1 -1 -1 -1 -1 -1 -1 -1 -1 -1
66 -1 -1 -1 -1 -1 -1 -1 -1 -1 -1 -1 -1 -1 -1 -1 -1 -1 -1 -1 -1
67 -1 -1 -1 -1 -1 -1 -1 -1 -1 -1 -1 -1 -1 -1 -1 -1 -1 -1 -1 -1
68 -1 -1 -1 -1 -1 -1 -1 -1 -1 -1 -1 -1 -1 -1 -1 -1 -1 -1 -1 -1
69 -1 -1 -1 -1 -1 -1 -1 -1 -1 -1 -1 -1 -1 -1 -1 -1 -1 -1 -1 -1
70 -1 -1 -1 -1 -1 -1 -1 -1 -1 -1 -1 -1 -1 -1 -1 -1 -1 -1 -1 -1
71 -1 -1 -1 -1 -1 -1 -1 -1 -1 -1 -1 -1 -1 -1 -1 -1 -1 -1 -1 -1
72 -1 -1 -1 -1 -1 -1 -1 -1 -1 -1 -1 -1 -1 -1 -1 -1 -1 -1 -1 -1
73 -1 -1 -1 -1 -1 -1 -1 -1 -1 -1 -1 -1 -1 -1 -1 -1 -1 -1 -1 -1
74 -1 -1 -1 -1 -1 -1 -1 -1 -1 -1 -1 -1 -1 -1 -1 -1 -1 -1 -1 -1
75 -1 -1 -1 -1 -1 -1 -1 -1 -1 -1 -1 -1 -1 -1 -1 -1 -1 -1 -1 -1
76 -1 -1 -1 -1 -1 -1 -1 -1 -1 -1 -1 -1 -1 -1 -1 -1 -1 -1 -1 -1
77 -1 -1 -1 -1 -1 -1 -1 -1 -1 -1 -1 -1 -1 -1 -1 -1 -1 -1 -1 -1
78 -1 -1 -1 -1 -1 -1 -1 -1 -1 -1 -1 -1 -1 -1 -1 -1 -1 -1 -1 -1
79 -1 -1 -1 -1 -1 -1 -1 -1 -1 -1 -1 -1 -1 -1 -1 -1 -1 -1 -1 -1
80 -1 -1 -1 -1 -1 -1 -1 -1 -1 -1 -1 -1 -1 -1 -1 -1 -1 -1 -1 -1
81 -1 -1 -1 -1 -1 -1 -1 -1 -1 -1 -1 -1 -1 -1 -1 -1 -1 -1 -1 -1
82 -1 -1 -1 -1 -1 -1 -1 -1 -1 -1 -1 -1 -1 -1 -1 -1 -1 -1 -1 -1
83 -1 -1 -1 -1 -1 -1 -1 -1 -1 -1 -1 -1 -1 -1 -1 -1 -1 -1 -1 -1
84 -1 -1 -1 -1 -1 -1 -1 -1 -1 -1 -1 -1 -1 -1 -1 -1 -1 -1 -1 -1
85 -1 -1 -1 -1 -1 -1 -1 -1 -1 -1 -1 -1 -1 -1 -1 -1 -1 -1 -1 -1
86 -1 -1 -1 -1 -1 -1 -1 -1 -1 -1 -1 -1 -1 -1 -1 -1 -1 -1 -1 -1
87 -1 -1 -1 -1 -1 -1 -1 -1 -1 -1 -1 -1 -1 -1 -1 -1 -1 -1 -1 -1
88 -1 -1 -1 -1 -1 -1 -1 -1 -1 -1 -1 -1 -1 -1 -1 -1 -1 -1 -1 -1
89 -1 -1 -1 -1 -1 -1 -1 -1 -1 -1 -1 -1 -1 -1 -1 -1 -1 -1 -1 -1
90 -1 -1 -1 -1 -1 -1 -1 -1 -1 -1 -1 -1 -1 -1 -1 -1 -1 -1 -1 -1
91 -1 -1 -1 -1 -1 -1 -1 -1 -1 -1 -1 -1 -1 -1 -1 -1 -1 -1 -1 -1
92 -1 -1 -1 -1 -1 -1 -1 -1 -1 -1 -1 -1 -1 -1 -1 -1 -1 -1 -1 -1
93 -1 -1 -1 -1 -1 -1 -1 -1 -1 -1 -1 -1 -1 -1 -1 -1 -1 -1 -1 -1
94 -1 -1 -1 -1 -1 -1 -1 -1 -1 -1 -1 -1 -1 -1 -1 -1 -1 -1 -1 -1
95 -1 -1 -1 -1 -1 -1 -1 -1 -1 -1 -1 -1 -1 -1 -1 -1 -1 -1 -1 -1
96 -1 -1 -1 -1 -1 -1 -1 -1 -1 -1 -1 -1 -1 -1 -1 -1 -1 -1 -1 -1
97 -1 -1 -1 -1 -1 -1 -1 -1 -1 -1 -1 -1 -1 -1 -1 -1 -1 -1 -1 -1
98 -1 -1 -1 -1 -1 -1 -1 -1 -1 -1 -1 -1 -1 -1 -1 -1 -1 -1 -1 -1
99 -1 -1 -1 -1 -1 -1 -1 -1 -1 -1 -1 -1 -1 -1 -1 -1 -1 -1 -1 -1
100 -1 -1 -1 -1 -1 -1 -1 -1 -1 -1 -1 -1 -1 -1 -1 -1 -1 -1 -1 -1
101 -1 -1 -1 -1 -1 -1 -1 -1 -1 -1 -1 -1 -1 -1 -1 -1 -1 -1 -1 -1
102 -1 -1 -1 -1 -1 -1 -1 -1 -1 -1 -1 -1 -1 -1 -1 -1 -1 -1 -1 -1
103 -1 -1 -1 -1 -1 -1 -1 -1 -1 -1 -1 -1 -1 -1 -1 -1 -1 -1 -1 -1
104 -1 -1 -1 -1 -1 -1 -1 -1 -1 -1 -1 -1 -1 -1 -1 -1 -1 -1 -1 -1
105 -1 -1 -1 -1 -1 -1 -1 -1 -1 -1 -1 -1 -1 -1 -1 -1 -1 -1 -1 -1
106 -1 -1 -1 -1 -1 -1 -1 -1 -1 -1 -1 -1 -1 -1 -1 -1 -1 -1 -1 -1
107 -1 -1 -1 -1 -1 -1 -1 -1 -1 -1 -1 -1 -1 -1 -1 -1 -1 -1 -1 -1
108 -1 -1 -1 -1 -1 -1 -1 -1 -1 -1 -1 -1 -1 -1 -1 -1 -1 -1 -1 -1
109 -1 -1 -1 -1 -1 -1 -1 -1 -1 -1 -1 -1 -1 -1 -1 -1 -1 -1 -1 -1
110 -1 -1 -1 -1 -1 -1 -1 -1 -1 -1 -1 -1 -1 -1 -1 -1 -1 -1 -1 -1
111 -1 -1 -1 -1 -1 -1 -1 -1 -1 -1 -1 -1 -1 -1 -1 -1 -1 -1 -1 -1
112 -1 -1 -1 -1 -1 -1 -1 -1 -1 -1 -1 -1 -1 -1 -1 -1 -1 -1 -1 -1
113 -1 -1 -1 -1 -1 -1 -1 -1 -1 -1 -1 -1 -1 -1 -1 -1 -1 -1 -1 -1
114 -1 -1 -1 -1 -1 -1 -1 -1 -1 -1 -1 -1 -1 -1 -1 -1 -1 -1 -1 -1
115 -1 -1 -1 -1 -1 -1 -1 -1 -1 -1 -1 -1 -1 -1 -1 -1 -1 -1 -1 -1
116 -1 -1 -1 -1 -1 -1 -1 -1 -1 -1 -1 -1 -1 -1 -1 -1 -1 -1 -1 -1
117 -1 -1 -1 -1 -1 -1 -1 -1 -1 -1 -1 -1 -1 -1 -1 -1 -1 -1 -1 -1
118 -1 -1 -1 -1 -1 -1 -1 -1 -1 -1 -1 -1 -1 -1 -1 -1 -1 -1 -1 -1
119 -1 -1 -1 -1 -1 -1 -1 -1 -1 -1 -1 -1 -1 -1 -1 -1 -1 -1 -1 -1
120 -1 -1 -1 -1 -1 -1 -1 -1 -1 -1 -1 -1 -1 -1 -1 -1 -1 -1 -1 -1
121 -1 -1 -1 -1 -1 -1 -1 -1 -1 -1 -1 -1 -1 -1 -1 -1 -1 -1 -1 -1
122 -1 -1 -1 -1 -1 -1 -1 -1 -1 -1 -1 -1 -1 -1 -1 -1 -1 -1 -1 -1
123 0.764256 0.378548 0.759848 0.464828 0.769976 0.465707 0.749720 0.463950 0.769976 0.465707 0.762684 0.528986 0.755334 0.589541 0.749720 0.463950 0.747709 0.525078 0.760116 0.562717
124 0.762630 0.378475 0.758366 0.466785 0.768692 0.467692 0.748040 0.465878 0.768692 0.467692 0.762396 0.532016 0.754170 0.590008 0.748040 0.465878 0.742430 0.526814 0.758190 0.565139
125 0.761194 0.379448 0.757987 0.467495 0.768537 0.468563 0.747437 0.466427 0.768537 0.468563 0.762666 0.531966 0.755549 0.586574 0.747437 0.466427 0.741266 0.526972 0.749113 0.569400
126 0.760021 0.380287 0.756820 0.467599 0.767764 0.468875 0.745876 0.466324 0.767764 0.468875 0.759538 0.533967 0.753671 0.588183 0.745876 0.466324 0.739146 0.529070 0.740342 0.584430
127 0.758778 0.381687 0.754361 0.470035 0.765753 0.471468 0.742968 0.468601 0.765753 0.471468 0.758331 0.537384 0.752584 0.593131 0.742968 0.468601 0.735962 0.533294 0.733625 0.595719
128 0.757372 0.384225 0.752251 0.472888 0.763639 0.474172 0.740862 0.471604 0.763639 0.474172 0.755241 0.538976 0.752733 0.593513 0.740862 0.471604 0.733172 0.537130 0.728435 0.603296
129 0.755523 0.386798 0.749836 0.477400 0.761331 0.478998 0.738340 0.475801 0.761331 0.478998 0.754607 0.543440 0.752224 0.594043 0.738340 0.475801 0.731228 0.543027 0.724536 0.605726
130 0.753314 0.388768 0.747911 0.480172 0.759358 0.481876 0.736464 0.478468 0.759358 0.481876 0.753215 0.545841 0.752350 0.595713 0.736464 0.478468 0.730096 0.545979 0.722941 0.606922
131 0.750867 0.390640 0.745531 0.482732 0.756839 0.484276 0.734224 0.481188 0.756839 0.484276 0.751305 0.547605 0.751718 0.595538 0.734224 0.481188 0.728595 0.548870 0.722533 0.612422
132 0.748556 0.391716 0.743114 0.483922 0.754171 0.485223 0.732057 0.482622 0.754171 0.485223 0.749282 0.549417 0.751706 0.595291 0.732057 0.482622 0.726982 0.552181 0.722082 0.619781
133 0.746762 0.392282 0.739521 0.484070 0.750519 0.485546 0.728523 0.482595 0.750519 0.485546 0.745812 0.549652 0.750497 0.595120 0.728523 0.482595 0.725194 0.552299 0.720808 0.620628
134 0.744464 0.393404 0.736927 0.484475 0.747904 0.485889 0.725949 0.483061 0.747904 0.485889 0.742321 0.549614 0.748382 0.588278 0.725949 0.483061 0.724349 0.555058 0.720610 0.621827
135 0.742993 0.393968 0.736655 0.483720 0.747768 0.484820 0.725542 0.482621 0.747768 0.484820 0.738692 0.547433 0.745752 0.583602 0.725542 0.482621 0.724647 0.552555 0.720681 0.621945
136 0.741756 0.393438 0.735262 0.483270 0.746350 0.484382 0.724175 0.482158 0.746350 0.484382 0.736136 0.546942 0.742541 0.583889 0.724175 0.482158 0.724197 0.551577 0.720701 0.623541
137 0.740068 0.393841 0.734352 0.484079 0.745423 0.485160 0.723282 0.482999 0.745423 0.485160 0.734923 0.549020 0.738494 0.594882 0.723282 0.482999 0.722894 0.553238 0.720654 0.624656
138 0.738888 0.394193 0.732519 0.484454 0.743539 0.485720 0.721499 0.483188 0.743539 0.485720 0.733471 0.553726 0.734521 0.612555 0.721499 0.483188 0.722191 0.554773 0.721574 0.622585
139 0.737650 0.396141 0.730919 0.486692 0.742020 0.488261 0.719818 0.485123 0.742020 0.488261 0.732108 0.557369 0.730220 0.622993 0.719818 0.485123 0.721827 0.556821 0.722221 0.623470
140 0.736463 0.397206 0.729968 0.488099 0.741039 0.489708 0.718897 0.486489 0.741039 0.489708 0.731349 0.558719 0.727702 0.625409 0.718897 0.486489 0.722499 0.558545 0.722776 0.626330
141 0.735374 0.399800 0.728559 0.492784 0.739541 0.494730 0.717577 0.490838 0.739541 0.494730 0.730904 0.564678 0.725599 0.634891 0.717577 0.490838 0.722566 0.561651 0.723109 0.626408
142 0.734635 0.403677 0.727903 0.496884 0.739088 0.498880 0.716717 0.494888 0.739088 0.498880 0.730819 0.567788 0.724382 0.630517 0.716717 0.494888 0.722464 0.563871 0.723211 0.627950
143 0.734438 0.406304 0.727338 0.498749 0.738743 0.500854 0.715932 0.496643 0.738743 0.500854 0.730948 0.569266 0.723688 0.632459 0.715932 0.496643 0.721667 0.565134 0.723401 0.630263
144 0.734004 0.408147 0.726727 0.503970 0.737992 0.506244 0.715462 0.501697 0.737992 0.506244 0.730281 0.574947 0.724469 0.649224 0.715462 0.501697 0.720436 0.568494 0.723336 0.628884
145 0.733785 0.409848 0.726400 0.504132 0.737757 0.506199 0.715043 0.502065 0.737757 0.506199 0.730050 0.574355 0.723477 0.638411 0.715043 0.502065 0.718971 0.570940 0.723197 0.627954
146 0.733563 0.411574 0.726119 0.507102 0.737672 0.509328 0.714567 0.504877 0.737672 0.509328 0.729193 0.578492 0.723158 0.644460 0.714567 0.504877 0.717068 0.572574 0.722633 0.627414
147 0.733357 0.412586 0.726366 0.508732 0.738033 0.510815 0.714698 0.506648 0.738033 0.510815 0.728950 0.579922 0.723064 0.645227 0.714698 0.506648 0.715323 0.572992 0.721495 0.627088
148 0.733210 0.412632 0.726379 0.509695 0.738268 0.511519 0.714490 0.507871 0.738268 0.511519 0.729404 0.581330 0.723152 0.648234 0.714490 0.507871 0.714670 0.574803 0.720605 0.626774
149 0.733061 0.412745 0.726352 0.509871 0.738454 0.511779 0.714249 0.507962 0.738454 0.511779 0.729811 0.582165 0.723894 0.646048 0.714249 0.507962 0.713671 0.577502 0.718625 0.627662
150 0.732867 0.412861 0.726388 0.510320 0.738629 0.512079 0.714146 0.508560 0.738629 0.512079 0.730022 0.585643 0.723913 0.648834 0.714146 0.508560 0.713419 0.581449 0.717980 0.638277
151 0.732889 0.415273 0.726275 0.515227 0.738768 0.516985 0.713783 0.513469 0.738768 0.516985 0.729830 0.593209 0.724151 0.656546 0.713783 0.513469 0.713200 0.591058 0.714822 0.657633
152 0.732977 0.418420 0.726243 0.519165 0.738782 0.521013 0.713704 0.517317 0.738782 0.521013 0.729522 0.596086 0.722931 0.659304 0.713704 0.517317 0.713471 0.595257 0.713831 0.668979
153 0.733029 0.421262 0.726228 0.523310 0.738852 0.525317 0.713605 0.521303 0.738852 0.525317 0.728720 0.599929 0.722530 0.657127 0.713605 0.521303 0.713841 0.601988 0.713429 0.677374
154 0.732930 0.424913 0.726156 0.527024 0.738800 0.529044 0.713512 0.525004 0.738800 0.529044 0.728081 0.599373 0.722750 0.653861 0.713512 0.525004 0.713997 0.605747 0.713415 0.684930
155 0.732816 0.428342 0.726037 0.529864 0.738739 0.532034 0.713334 0.527694 0.738739 0.532034 0.727914 0.599102 0.722718 0.652306 0.713334 0.527694 0.714159 0.607432 0.714053 0.690389
156 0.732594 0.430060 0.725913 0.532115 0.738645 0.534094 0.713182 0.530135 0.738645 0.534094 0.727685 0.600245 0.722716 0.653212 0.713182 0.530135 0.714338 0.608653 0.714381 0.688877
157 0.732484 0.431441 0.725701 0.534932 0.738538 0.537175 0.712864 0.532689 0.738538 0.537175 0.727758 0.605662 0.722736 0.655896 0.712864 0.532689 0.714452 0.611541 0.714582 0.692030
158 0.732300 0.432714 0.725613 0.538347 0.738511 0.540777 0.712716 0.535917 0.738511 0.540777 0.727811 0.610974 0.722609 0.655696 0.712716 0.535917 0.714572 0.618055 0.714764 0.696742
159 0.732376 0.433310 0.725397 0.540904 0.738521 0.543746 0.712273 0.538062 0.738521 0.543746 0.728210 0.618512 0.722144 0.657611 0.712273 0.538062 0.714644 0.621626 0.714937 0.698828
160 0.732575 0.433626 0.725710 0.541476 0.739065 0.544030 0.712355 0.538922 0.739065 0.544030 0.730355 0.620037 0.722188 0.661951 0.712355 0.538922 0.714813 0.622137 0.714981 0.699869
161 0.732670 0.433263 0.726237 0.541576 0.740109 0.543585 0.712366 0.539566 0.740109 0.543585 0.733413 0.620117 0.724663 0.664783 0.712366 0.539566 0.715123 0.623652 0.715068 0.702583
162 0.732773 0.433567 0.726511 0.542514 0.740604 0.544235 0.712418 0.540792 0.740604 0.544235 0.734761 0.624407 0.725860 0.678646 0.712418 0.540792 0.715133 0.626565 0.715719 0.706715
163 0.732931 0.434914 0.727053 0.545637 0.741650 0.547640 0.712455 0.543635 0.741650 0.547640 0.736827 0.631172 0.727479 0.700645 0.712455 0.543635 0.715834 0.628826 0.715719 0.707239
164 0.733482 0.437114 0.727634 0.549722 0.742603 0.551622 0.712665 0.547821 0.742603 0.551622 0.737428 0.637410 0.730142 0.715527 0.712665 0.547821 0.716565 0.633238 0.715751 0.709190
165 0.734062 0.440542 0.728276 0.554980 0.743646 0.557079 0.712905 0.552882 0.743646 0.557079 0.737895 0.646164 0.733757 0.728477 0.712905 0.552882 0.717270 0.638710 0.715540 0.708639
166 0.734887 0.444623 0.729435 0.559585 0.744950 0.561687 0.713920 0.557483 0.744950 0.561687 0.739550 0.649973 0.736919 0.738324 0.713920 0.557483 0.718053 0.639350 0.715519 0.708428
167 0.736382 0.448824 0.731304 0.564727 0.747030 0.566789 0.715578 0.562664 0.747030 0.566789 0.739779 0.656058 0.737754 0.746959 0.715578 0.562664 0.718336 0.644215 0.715028 0.706459
168 0.737886 0.452749 0.732538 0.571377 0.748024 0.573267 0.717052 0.569487 0.748024 0.573267 0.741789 0.660525 0.739780 0.749587 0.717052 0.569487 0.719266 0.649778 0.715038 0.706090
169 0.739094 0.455169 0.733651 0.575701 0.749286 0.578173 0.718017 0.573230 0.749286 0.578173 0.744974 0.666427 0.741807 0.756807 0.718017 0.573230 0.719773 0.650877 0.715052 0.705788
170 0.741475 0.457237 0.735620 0.578623 0.751320 0.581134 0.719920 0.576111 0.751320 0.581134 0.746309 0.668967 0.741897 0.759950 0.719920 0.576111 0.720933 0.655944 0.715070 0.707470
171 0.743203 0.458218 0.736746 0.580846 0.752433 0.583441 0.721058 0.578250 0.752433 0.583441 0.746184 0.671984 0.741132 0.763766 0.721058 0.578250 0.722288 0.658836 0.715203 0.706866
172 0.744550 0.459862 0.740029 0.580648 0.755570 0.583105 0.724489 0.578191 0.755570 0.583105 0.748151 0.672958 0.741332 0.765558 0.724489 0.578191 0.727624 0.661971 0.718984 0.705016
173 0.746452 0.459661 0.742248 0.582559 0.757903 0.584935 0.726592 0.580183 0.757903 0.584935 0.751227 0.674424 0.741030 0.763102 0.726592 0.580183 0.731493 0.667978 0.721131 0.714126
174 0.748566 0.460919 0.744067 0.582994 0.760067 0.585248 0.728067 0.580739 0.760067 0.585248 0.752334 0.675801 0.740507 0.763699 0.728067 0.580739 0.733490 0.672954 0.723393 0.739180
175 0.750421 0.463053 0.745453 0.584823 0.761389 0.587464 0.729517 0.582181 0.761389 0.587464 0.752173 0.676244 0.737853 0.759092 0.729517 0.582181 0.735967 0.675599 0.734686 0.762366
176 0.752171 0.466554 0.748702 0.591030 0.764678 0.593090 0.732727 0.588970 0.764678 0.593090 0.753664 0.679273 0.737658 0.763023 0.732727 0.588970 0.739134 0.681740 0.741519 0.770736
177 0.754479 0.472212 0.750772 0.598328 0.766720 0.599665 0.734825 0.596991 0.766720 0.599665 0.759240 0.679772 0.750938 0.755594 0.734825 0.596991 0.741951 0.690193 0.739268 0.783176
178 0.756903 0.479101 0.752340 0.607700 0.767886 0.608360 0.736795 0.607039 0.767886 0.608360 0.758781 0.687986 0.750084 0.744730 0.736795 0.607039 0.744098 0.703303 0.741363 0.796837
179 0.759432 0.483506 0.755233 0.613210 0.770871 0.613430 0.739595 0.612990 0.770871 0.613430 0.760010 0.689636 0.747762 0.746990 0.739595 0.612990 0.747948 0.709295 0.747121 0.806088
180 0.760913 0.486937 0.757316 0.615841 0.772848 0.616344 0.741785 0.615339 0.772848 0.616344 0.759536 0.697123 0.747172 0.756229 0.741785 0.615339 0.750391 0.712579 0.750971 0.808897
181 0.762366 0.489384 0.759530 0.620994 0.774830 0.621871 0.744230 0.620116 0.774830 0.621871 0.760419 0.704311 0.746368 0.769789 0.744230 0.620116 0.754079 0.715944 0.754318 0.816012
182 0.763629 0.491042 0.761406 0.624110 0.776358 0.625293 0.746453 0.622927 0.776358 0.625293 0.761675 0.713328 0.746571 0.778941 0.746453 0.622927 0.756014 0.719450 0.755569 0.818126
183 0.765390 0.492697 0.763073 0.627818 0.778331 0.629224 0.747814 0.626412 0.778331 0.629224 0.765605 0.723439 0.746665 0.781000 0.747814 0.626412 0.757095 0.727897 0.757469 0.826288
184 0.767067 0.493384 0.764098 0.630247 0.779714 0.631807 0.748483 0.628687 0.779714 0.631807 0.768761 0.729988 0.756219 0.778100 0.748483 0.628687 0.758228 0.731717 0.759322 0.830105
185 0.768870 0.494224 0.765299 0.630317 0.781042 0.631581 0.749555 0.629054 0.781042 0.631581 0.774142 0.730336 0.754824 0.775922 0.749555 0.629054 0.760153 0.729794 0.759699 0.832175
186 0.770490 0.495091 0.768472 0.633276 0.784975 0.633671 0.751969 0.632881 0.784975 0.633671 0.783389 0.733120 0.760242 0.786842 0.751969 0.632881 0.759094 0.736073 0.759964 0.831037
187 0.772461 0.496220 0.770649 0.636702 0.787398 0.636903 0.753899 0.636501 0.787398 0.636903 0.789293 0.739511 0.764625 0.804193 0.753899 0.636501 0.758885 0.740592 0.761025 0.831647
188 0.775529 0.500204 0.773489 0.640362 0.790645 0.640613 0.756333 0.640110 0.790645 0.640613 0.791930 0.745990 0.776576 0.832386 0.756333 0.640110 0.760395 0.743838 0.759871 0.835230
189 0.779312 0.503705 0.775774 0.643214 0.793287 0.643696 0.758261 0.642732 0.793287 0.643696 0.792646 0.749937 0.787019 0.850719 0.758261 0.642732 0.761511 0.744526 0.759510 0.835125
190 0.782187 0.508170 0.778833 0.652407 0.795981 0.652834 0.761684 0.651979 0.795981 0.652834 0.794927 0.758653 0.795162 0.869304 0.761684 0.651979 0.763976 0.751089 0.758817 0.832311
191 0.784752 0.513188 0.781947 0.660820 0.798236 0.661662 0.765659 0.659979 0.798236 0.661662 0.797718 0.770419 0.802639 0.887654 0.765659 0.659979 0.767423 0.756806 0.758568 0.830817
192 0.787917 0.517872 0.784759 0.667268 0.801323 0.668749 0.768195 0.665787 0.801323 0.668749 0.800627 0.776631 0.806923 0.893444 0.768195 0.665787 0.769137 0.762193 0.760143 0.833684
193 0.791192 0.522840 0.787756 0.674926 0.803749 0.676184 0.771763 0.673668 0.803749 0.676184 0.803710 0.784324 0.808412 0.900844 0.771763 0.673668 0.773112 0.768271 0.760461 0.835408
194 0.794111 0.526734 0.791938 0.681060 0.807662 0.681652 0.776214 0.680468 0.807662 0.681652 0.808498 0.791354 0.808742 0.907921 0.776214 0.680468 0.780210 0.773643 0.760727 0.835338
195 0.798029 0.527893 0.797444 0.684650 0.813613 0.685637 0.781276 0.683663 0.813613 0.685637 0.811969 0.801004 0.809334 0.910276 0.781276 0.683663 0.782653 0.785828 0.761002 0.838542
196 0.801306 0.530089 0.801672 0.688644 0.818178 0.689540 0.785165 0.687748 0.818178 0.689540 0.814649 0.807601 0.808122 0.912340 0.785165 0.687748 0.784887 0.795255 0.761935 0.839721
197 0.803837 0.530945 0.806499 0.688318 0.822988 0.689310 0.790011 0.687326 0.822988 0.689310 0.815642 0.806488 0.807254 0.913501 0.790011 0.687326 0.793375 0.797119 0.767323 0.838158
198 0.806945 0.531143 0.809405 0.686955 0.826693 0.688455 0.792117 0.685456 0.826693 0.688455 0.817817 0.808045 0.808466 0.913345 0.792117 0.685456 0.796401 0.796522 0.778210 0.840281
199 0.810031 0.532415 0.811857 0.692051 0.828292 0.693223 0.795423 0.690879 0.828292 0.693223 0.817890 0.810414 0.806850 0.912550 0.795423 0.690879 0.801313 0.805885 0.783787 0.866272
200 0.812716 0.534296 0.812620 0.693190 0.829947 0.695310 0.795294 0.691070 0.829947 0.695310 0.819278 0.814561 0.805631 0.914732 0.795294 0.691070 0.804999 0.812981 0.790367 0.888942
201 0.815235 0.536741 0.814444 0.694843 0.832156 0.697049 0.796732 0.692637 0.832156 0.697049 0.819193 0.816222 0.805551 0.918062 0.796732 0.692637 0.806659 0.817034 0.798772 0.917520
202 0.817226 0.539363 0.817703 0.697368 0.835400 0.699124 0.800006 0.695612 0.835400 0.699124 0.821025 0.819752 0.807399 0.919448 0.800006 0.695612 0.809816 0.823873 0.802399 0.928940
203 0.818399 0.542416 0.819383 0.703329 0.837028 0.704835 0.801737 0.701823 0.837028 0.704835 0.822540 0.822312 0.809742 0.918331 0.801737 0.701823 0.811777 0.832524 0.806307 0.932916
204 0.820518 0.548168 0.821570 0.712386 0.837932 0.712734 0.805208 0.712038 0.837932 0.712734 0.823225 0.825412 0.811030 0.918838 0.805208 0.712038 0.813764 0.842999 0.809727 0.948143
205 0.821957 0.551605 0.822710 0.717094 0.839276 0.717182 0.806145 0.717005 0.839276 0.717182 0.824711 0.828222 0.811994 0.916347 0.806145 0.717005 0.815407 0.847971 0.811277 0.950565
206 0.822615 0.554288 0.824062 0.722484 0.839973 0.721325 0.808151 0.723642 0.839973 0.721325 0.826500 0.830018 0.812818 0.919026 0.808151 0.723642 0.817310 0.852384 0.813777 0.960999
207 0.823913 0.556664 0.824775 0.723599 0.839764 0.723346 0.809785 0.723851 0.839764 0.723346 0.827251 0.834261 0.813929 0.928239 0.809785 0.723851 0.819876 0.853114 0.816709 0.963397
208 0.824632 0.558677 0.825762 0.727464 0.840711 0.727499 0.810814 0.727428 0.840711 0.727499 0.830095 0.843604 0.813896 0.931595 0.810814 0.727428 0.821649 0.857896 0.817014 0.964963
209 0.825127 0.559629 0.827252 0.729652 0.842706 0.729874 0.811797 0.729430 0.842706 0.729874 0.833736 0.847813 0.814063 0.928416 0.811797 0.729430 0.823614 0.859724 0.814945 0.963577
210 0.826436 0.562704 0.828673 0.732994 0.844566 0.733169 0.812780 0.732820 0.844566 0.733169 0.838568 0.845715 0.816144 0.927230 0.812780 0.732820 0.825539 0.859164 0.813967 0.961270
211 0.827315 0.564888 0.830856 0.737054 0.846749 0.736574 0.814963 0.737534 0.846749 0.736574 0.843682 0.849228 0.819570 0.926461 0.814963 0.737534 0.826640 0.863890 0.813294 0.959113
212 0.828119 0.568107 0.831335 0.740261 0.847434 0.739871 0.815235 0.740651 0.847434 0.739871 0.845905 0.851001 0.820871 0.927606 0.815235 0.740651 0.827570 0.864371 0.814092 0.963411
213 0.829397 0.567217 0.831826 0.741367 0.848028 0.740994 0.815624 0.741739 0.848028 0.740994 0.848708 0.853577 0.822360 0.936174 0.815624 0.741739 0.827260 0.866037 0.814068 0.966886
214 0.830215 0.569517 0.832893 0.744167 0.848780 0.743788 0.817005 0.744547 0.848780 0.743788 0.847955 0.855425 0.823933 0.951283 0.817005 0.744547 0.828416 0.865606 0.815792 0.972616
215 0.832488 0.569540 0.834047 0.742455 0.850049 0.742296 0.818046 0.742614 0.850049 0.742296 0.846119 0.861086 0.827983 0.971706 0.818046 0.742614 0.828846 0.865925 0.818133 0.977935
216 0.833862 0.570704 0.836143 0.744241 0.850195 0.743998 0.822091 0.744483 0.850195 0.743998 0.844990 0.864196 0.829201 0.975112 0.822091 0.744483 0.829888 0.868746 0.820112 0.983307
217 0.835666 0.572756 0.838365 0.747508 0.849589 0.746494 0.827141 0.748523 0.849589 0.746494 0.844172 0.867787 0.828254 0.979978 0.827141 0.748523 0.831569 0.872643 0.821400 0.988192
218 0.836710 0.573074 0.839429 0.748461 0.849337 0.746508 0.829520 0.750413 0.849337 0.746508 0.843716 0.867318 0.827738 0.978434 0.829520 0.750413 0.833098 0.873146 0.822894 0.988559
219 0.836621 0.574323 0.839149 0.748902 0.849466 0.747203 0.828831 0.750601 0.849466 0.747203 0.843284 0.868709 0.828102 0.979683 0.828831 0.750601 0.833249 0.874687 0.822761 0.989786
220 0.837533 0.573482 0.839557 0.748526 0.849634 0.746794 0.829480 0.750258 0.849634 0.746794 0.843025 0.869714 0.827972 0.979911 0.829480 0.750258 0.833960 0.876159 0.823923 0.990757
221 0.839224 0.573179 0.840005 0.748169 0.851137 0.746802 0.828873 0.749537 0.851137 0.746802 0.843376 0.870192 0.829333 0.981931 0.828873 0.749537 0.833984 0.875559 0.823072 0.991315
222 0.840213 0.573332 0.840319 0.749760 0.850806 0.747943 0.829833 0.751576 0.850806 0.747943 0.843200 0.870571 0.829204 0.982445 0.829833 0.751576 0.835745 0.876765 0.823831 0.992932
223 0.840544 0.574821 0.840457 0.751884 0.850575 0.749844 0.830339 0.753924 0.850575 0.749844 0.843161 0.871010 0.829209 0.982521 0.830339 0.753924 0.837031 0.878538 0.824780 0.995154
224 0.840391 0.575784 0.840248 0.752544 0.850435 0.750453 0.830061 0.754636 0.850435 0.750453 0.843039 0.870965 0.829298 0.980979 0.830061 0.754636 0.837401 0.880588 0.825130 0.995987
225 0.840234 0.576825 0.839967 0.753768 0.849890 0.751228 0.830044 0.756308 0.849890 0.751228 0.842931 0.870527 0.829245 0.978546 0.830044 0.756308 0.837476 0.882644 0.825868 0.994711
226 0.839980 0.578008 0.839799 0.754393 0.849854 0.751791 0.829744 0.756995 0.849854 0.751791 0.842869 0.870167 0.829289 0.976401 0.829744 0.756995 0.837132 0.883606 0.826272 0.994163
227 0.839828 0.577781 0.839562 0.754123 0.849926 0.751907 0.829198 0.756339 0.849926 0.751907 0.842956 0.870053 0.830239 0.969220 0.829198 0.756339 0.837008 0.883498 0.825394 0.993688
228 0.840460 0.577445 0.838777 0.753857 0.850249 0.751848 0.827304 0.755866 0.850249 0.751848 0.844006 0.869946 0.831624 0.974238 0.827304 0.755866 0.836522 0.882712 0.824493 0.993601
229 0.840848 0.577489 0.837864 0.753785 0.850228 0.752091 0.825500 0.755478 0.850228 0.752091 0.843910 0.870929 0.831132 0.976207 0.825500 0.755478 0.835817 0.882399 0.821704 0.993196
230 0.840925 0.577355 0.836987 0.753624 0.849352 0.751979 0.824623 0.755268 0.849352 0.751979 0.842941 0.871195 0.824133 0.975745 0.824623 0.755268 0.835714 0.882143 0.820818 0.987248
231 0.840833 0.577291 0.835960 0.753290 0.848630 0.751865 0.823290 0.754715 0.848630 0.751865 0.840926 0.871103 0.817438 0.975788 0.823290 0.754715 0.835053 0.881577 0.821850 0.984858
232 0.840709 0.577181 0.835396 0.753189 0.847989 0.751772 0.822803 0.754606 0.847989 0.751772 0.837146 0.872357 0.811530 0.976530 0.822803 0.754606 0.834439 0.881450 0.823299 0.984817
233 0.840389 0.577384 0.834804 0.751091 0.848267 0.750967 0.821342 0.751215 0.848267 0.750967 0.837320 0.872190 0.813812 0.976559 0.821342 0.751215 0.832906 0.879190 0.820350 0.980772
234 0.839406 0.577520 0.834582 0.749965 0.848518 0.750443 0.820645 0.749487 0.848518 0.750443 0.835739 0.872701 0.809441 0.977429 0.820645 0.749487 0.830645 0.878856 0.819573 0.981401
235 0.838409 0.577440 0.833901 0.749415 0.847810 0.749837 0.819992 0.748994 0.847810 0.749837 0.834191 0.873096 0.803121 0.976082 0.819992 0.748994 0.829246 0.878580 0.819395 0.981832
236 0.837512 0.576656 0.831471 0.748984 0.845472 0.749417 0.817469 0.748552 0.845472 0.749417 0.831541 0.873103 0.803826 0.973808 0.817469 0.748552 0.826636 0.878101 0.814048 0.980911
237 0.834505 0.576924 0.827662 0.748737 0.841336 0.749029 0.813988 0.748444 0.841336 0.749029 0.829018 0.873823 0.806462 0.976948 0.813988 0.748444 0.823579 0.878118 0.798699 0.978746
238 0.832191 0.577717 0.823594 0.748700 0.837571 0.748950 0.809617 0.748451 0.837571 0.748950 0.827555 0.876226 0.812081 0.982344 0.809617 0.748451 0.819259 0.878309 0.785411 0.976812
239 0.829998 0.578228 0.819999 0.749119 0.833747 0.749350 0.806251 0.748888 0.833747 0.749350 0.824238 0.877275 0.810160 0.983213 0.806251 0.748888 0.816243 0.879059 0.785412 0.976974
240 0.828226 0.577741 0.817752 0.747748 0.831898 0.748358 0.803605 0.747138 0.831898 0.748358 0.823559 0.877308 0.824730 0.987222 0.803605 0.747138 0.812253 0.878763 0.776372 0.977147
241 0.824869 0.580046 0.813142 0.747816 0.827582 0.748491 0.798701 0.747141 0.827582 0.748491 0.823089 0.877941 0.829088 0.991094 0.798701 0.747141 0.804668 0.878811 0.773593 0.977378
242 0.821938 0.580325 0.810444 0.748192 0.825044 0.749114 0.795845 0.747270 0.825044 0.749114 0.824197 0.878475 0.832500 0.991650 0.795845 0.747270 0.798971 0.879081 0.772520 0.977695
243 0.818251 0.581289 0.806423 0.750073 0.820945 0.750308 0.791901 0.749837 0.820945 0.750308 0.824360 0.879694 0.833151 0.992141 0.791901 0.749837 0.794435 0.880374 0.771869 0.980609
244 0.815667 0.581471 0.802774 0.750616 0.816419 0.750562 0.789128 0.750670 0.816419 0.750562 0.820579 0.879517 0.830845 0.991971 0.789128 0.750670 0.790845 0.880603 0.772295 0.980725
245 0.812173 0.581373 0.800405 0.751380 0.813692 0.751008 0.787118 0.751752 0.813692 0.751008 0.820639 0.879013 0.827905 0.991220 0.787118 0.751752 0.787875 0.880513 0.771895 0.980870
246 0.808825 0.580003 0.797654 0.751850 0.809440 0.751316 0.785869 0.752384 0.809440 0.751316 0.818381 0.876936 0.816012 0.991059 0.785869 0.752384 0.786365 0.880325 0.772006 0.981037
247 0.807174 0.579088 0.795273 0.752467 0.806593 0.751849 0.783953 0.753086 0.806593 0.751849 0.813340 0.876386 0.801433 0.984223 0.783953 0.753086 0.786773 0.880169 0.772592 0.981619
248 0.803858 0.578667 0.793640 0.752188 0.805950 0.751836 0.781330 0.752541 0.805950 0.751836 0.809625 0.876350 0.792932 0.983611 0.781330 0.752541 0.784731 0.879195 0.772384 0.986284
249 0.801225 0.577671 0.792204 0.752129 0.804272 0.751795 0.780136 0.752462 0.804272 0.751795 0.805443 0.875633 0.786399 0.979493 0.780136 0.752462 0.783066 0.878628 0.770462 0.987678
250 0.799563 0.578357 0.791552 0.752175 0.804551 0.751910 0.778552 0.752439 0.804551 0.751910 0.801682 0.873885 0.780807 0.975135 0.778552 0.752439 0.782151 0.876594 0.770421 0.987937
251 0.797735 0.578244 0.790296 0.751686 0.803058 0.751632 0.777533 0.751740 0.803058 0.751632 0.799655 0.871583 0.778543 0.974427 0.777533 0.751740 0.782897 0.872927 0.770798 0.987948
252 0.794876 0.578101 0.789681 0.751228 0.802011 0.751211 0.777351 0.751245 0.802011 0.751211 0.797910 0.869818 0.777108 0.969085 0.777351 0.751245 0.782771 0.871461 0.769541 0.985495
253 0.794302 0.577202 0.789115 0.750777 0.801893 0.750829 0.776338 0.750726 0.801893 0.750829 0.797527 0.869082 0.776753 0.961076 0.776338 0.750726 0.782345 0.871554 0.768663 0.980164
254 0.793432 0.576139 0.788390 0.750622 0.801311 0.750622 0.775468 0.750622 0.801311 0.750622 0.796054 0.868064 0.776521 0.956562 0.775468 0.750622 0.781850 0.871633 0.767641 0.977386
255 0.791862 0.575841 0.787955 0.750130 0.801588 0.749865 0.774322 0.750394 0.801588 0.749865 0.796516 0.865004 0.776258 0.949842 0.774322 0.750394 0.780934 0.871778 0.767095 0.974752
256 0.790575 0.574343 0.786935 0.749503 0.801251 0.748737 0.772619 0.750269 0.801251 0.748737 0.795170 0.862567 0.774006 0.947351 0.772619 0.750269 0.780124 0.871906 0.767112 0.975064
257 0.789144 0.574120 0.785726 0.748194 0.800931 0.747161 0.770521 0.749227 0.800931 0.747161 0.792840 0.858899 0.773989 0.943175 0.770521 0.749227 0.778092 0.871779 0.767104 0.975148
258 0.788276 0.572982 0.783463 0.746910 0.799566 0.745993 0.767361 0.747828 0.799566 0.745993 0.788388 0.858224 0.772954 0.944601 0.767361 0.747828 0.776493 0.871774 0.767142 0.975538
259 0.787500 0.573087 0.781265 0.745500 0.798452 0.745156 0.764077 0.745844 0.798452 0.745156 0.785303 0.856231 0.771076 0.939755 0.764077 0.745844 0.774375 0.870312 0.767131 0.974447
260 0.787789 0.571840 0.779317 0.742093 0.797011 0.742640 0.761623 0.741546 0.797011 0.742640 0.783341 0.849285 0.770470 0.926358 0.761623 0.741546 0.771853 0.865972 0.766737 0.972986
261 0.785796 0.570216 0.776591 0.734415 0.794649 0.735571 0.758533 0.733259 0.794649 0.735571 0.780364 0.842379 0.769869 0.925675 0.758533 0.733259 0.770136 0.855148 0.766087 0.969215
262 0.784945 0.565623 0.774114 0.728395 0.792987 0.730613 0.755241 0.726177 0.792987 0.730613 0.778124 0.840353 0.768332 0.927217 0.755241 0.726177 0.766885 0.845948 0.764949 0.965332
263 0.782721 0.561382 0.772168 0.723548 0.791562 0.726037 0.752775 0.721059 0.791562 0.726037 0.776687 0.835555 0.766427 0.932435 0.752775 0.721059 0.764662 0.840975 0.763077 0.958635
264 0.780689 0.557927 0.769771 0.718573 0.789559 0.721800 0.749983 0.715346 0.789559 0.721800 0.774159 0.835604 0.765712 0.941520 0.749983 0.715346 0.758875 0.837588 0.758134 0.958615
265 0.777725 0.556224 0.767088 0.712597 0.786763 0.715939 0.747414 0.709254 0.786763 0.715939 0.772165 0.836970 0.764050 0.942479 0.747414 0.709254 0.751241 0.835964 0.746993 0.948458
266 0.775638 0.554782 0.765591 0.713884 0.785368 0.716936 0.745814 0.710832 0.785368 0.716936 0.772778 0.837166 0.764125 0.942788 0.745814 0.710832 0.744749 0.833031 0.742176 0.937339
267 0.771980 0.550833 0.763154 0.713004 0.783063 0.716089 0.743245 0.709919 0.783063 0.716089 0.772559 0.836118 0.764547 0.943003 0.743245 0.709919 0.737231 0.827661 0.736618 0.924199
268 0.767829 0.548693 0.759965 0.711655 0.779634 0.714636 0.740295 0.708675 0.779634 0.714636 0.771522 0.833142 0.764480 0.942086 0.740295 0.708675 0.732264 0.821525 0.732088 0.915280
269 0.764236 0.545922 0.756933 0.709649 0.775972 0.712869 0.737894 0.706429 0.775972 0.712869 0.770682 0.829269 0.764749 0.940028 0.737894 0.706429 0.728155 0.812982 0.730394 0.907810
270 0.760058 0.546957 0.754965 0.709814 0.772574 0.713086 0.737355 0.706542 0.772574 0.713086 0.768323 0.828104 0.764977 0.939034 0.737355 0.706542 0.724418 0.805639 0.728901 0.897851
271 0.755690 0.545716 0.751663 0.707887 0.767181 0.711605 0.736145 0.704170 0.767181 0.711605 0.763593 0.819774 0.764738 0.934223 0.736145 0.704170 0.722472 0.798921 0.726523 0.893109
272 0.752040 0.544106 0.748700 0.704279 0.763122 0.707790 0.734279 0.700767 0.763122 0.707790 0.759990 0.814223 0.764864 0.932142 0.734279 0.700767 0.720372 0.793292 0.723394 0.889332
273 0.747391 0.543582 0.744859 0.704209 0.757887 0.707212 0.731830 0.701205 0.757887 0.707212 0.756237 0.814608 0.764285 0.933302 0.731830 0.701205 0.718764 0.795550 0.723866 0.890958
274 0.740961 0.543111 0.738636 0.703632 0.750629 0.706421 0.726644 0.700844 0.750629 0.706421 0.752296 0.812653 0.763510 0.931820 0.726644 0.700844 0.717609 0.796491 0.724611 0.889460
275 0.735966 0.542207 0.733819 0.702852 0.745442 0.705727 0.722196 0.699976 0.745442 0.705727 0.746541 0.812327 0.762528 0.932217 0.722196 0.699976 0.716775 0.796578 0.725260 0.887603
276 0.730549 0.542061 0.729397 0.699708 0.739767 0.702028 0.719026 0.697387 0.739767 0.702028 0.738457 0.811885 0.758907 0.929137 0.719026 0.697387 0.717305 0.796305 0.725469 0.889042
277 0.726396 0.537687 0.725537 0.695342 0.733896 0.698401 0.717178 0.692283 0.733896 0.698401 0.729791 0.809651 0.747683 0.923990 0.717178 0.692283 0.716737 0.793494 0.726381 0.890663
278 0.722840 0.531949 0.722413 0.689026 0.728138 0.692085 0.716688 0.685967 0.728138 0.692085 0.720014 0.805811 0.737845 0.918325 0.716688 0.685967 0.713945 0.789059 0.726094 0.888703
279 0.719101 0.528442 0.719388 0.684030 0.720650 0.686556 0.718126 0.681504 0.720650 0.686556 0.710467 0.797752 0.727038 0.910280 0.718126 0.681504 0.711145 0.784233 0.723919 0.888089
280 0.713353 0.524991 0.717100 0.683206 0.717574 0.685110 0.716626 0.681301 0.717574 0.685110 0.706376 0.793503 0.720139 0.904130 0.716626 0.681301 0.708128 0.784366 0.721602 0.886427
281 0.709737 0.523283 0.712821 0.683423 0.708902 0.684956 0.716741 0.681890 0.708902 0.684956 0.692726 0.782356 0.709671 0.891639 0.716741 0.681890 0.709523 0.784132 0.718894 0.886802
282 0.704407 0.521921 0.706632 0.680044 0.701851 0.681164 0.711414 0.678924 0.701851 0.681164 0.682752 0.776777 0.698533 0.887937 0.711414 0.678924 0.706447 0.780281 0.718070 0.887081
283 0.698160 0.518733 0.701449 0.671166 0.697969 0.672490 0.704929 0.669842 0.697969 0.672490 0.678225 0.768487 0.686371 0.866983 0.704929 0.669842 0.708280 0.777900 0.718673 0.886008
284 0.690450 0.518293 0.696562 0.668515 0.692695 0.669938 0.700429 0.667092 0.692695 0.669938 0.672702 0.761785 0.650782 0.856119 0.700429 0.667092 0.708853 0.776006 0.719069 0.886265
285 0.683826 0.516675 0.690042 0.665621 0.689119 0.667020 0.690964 0.664222 0.689119 0.667020 0.685301 0.763977 0.706295 0.873306 0.690964 0.664222 0.673212 0.755545 0.668662 0.867717
286 0.677697 0.515357 0.684035 0.663679 0.680314 0.664808 0.687757 0.662549 0.680314 0.664808 0.676572 0.762440 0.714717 0.875565 0.687757 0.662549 0.679946 0.759201 0.675816 0.863482
287 0.673292 0.513329 0.678429 0.661286 0.677971 0.663552 0.678887 0.659021 0.677971 0.663552 0.683857 0.764477 0.717439 0.874645 0.678887 0.659021 0.659637 0.747416 0.641500 0.835486
288 0.669327 0.511863 0.669449 0.657421 0.670654 0.659171 0.668244 0.655672 0.670654 0.659171 0.677965 0.760533 0.717316 0.860829 0.668244 0.655672 0.654005 0.746650 0.637746 0.833287
289 0.664327 0.509952 0.662824 0.653970 0.660325 0.656274 0.665323 0.651666 0.660325 0.656274 0.665300 0.751746 0.712079 0.847564 0.665323 0.651666 0.652580 0.741175 0.638301 0.830736
290 0.659600 0.507327 0.656350 0.650935 0.648908 0.654359 0.663791 0.647511 0.648908 0.654359 0.650329 0.746063 0.695375 0.828586 0.663791 0.647511 0.650634 0.733993 0.638712 0.827583
291 0.654620 0.504478 0.650451 0.647358 0.639840 0.648928 0.661062 0.645789 0.639840 0.648928 0.636385 0.738227 0.643610 0.830886 0.661062 0.645789 0.648908 0.729302 0.667300 0.811446
292 0.650728 0.500919 0.644355 0.645042 0.632186 0.645787 0.656524 0.644297 0.632186 0.645787 0.631514 0.731888 0.642668 0.828689 0.656524 0.644297 0.640189 0.715721 0.659123 0.796695
293 0.647417 0.498617 0.639454 0.644641 0.626947 0.645562 0.651961 0.643721 0.626947 0.645562 0.631006 0.736735 0.641156 0.829706 0.651961 0.643721 0.632826 0.696656 0.628114 0.778328
294 0.643124 0.493618 0.635572 0.640604 0.623916 0.642565 0.647227 0.638644 0.623916 0.642565 0.626904 0.736387 0.636779 0.831156 0.647227 0.638644 0.618839 0.663532 0.617130 0.749244
295 0.637928 0.491695 0.630831 0.634577 0.618633 0.635622 0.643028 0.633533 0.618633 0.635622 0.624315 0.732841 0.635659 0.831853 0.643028 0.633533 0.622286 0.691686 0.619057 0.779899
296 0.632542 0.489723 0.625914 0.629280 0.614859 0.629776 0.636970 0.628783 0.614859 0.629776 0.622926 0.727547 0.637011 0.830593 0.636970 0.628783 0.616613 0.695732 0.602727 0.773079
297 0.626770 0.488887 0.620063 0.625661 0.610889 0.625911 0.629237 0.625412 0.610889 0.625911 0.620637 0.725496 0.637418 0.829396 0.629237 0.625412 0.608752 0.696768 0.590690 0.769312
298 0.620357 0.489694 0.614760 0.620966 0.608559 0.622007 0.620960 0.619925 0.608559 0.622007 0.616908 0.723567 0.636509 0.825436 0.620960 0.619925 0.603619 0.690943 0.586589 0.762425
299 0.616690 0.489444 0.609622 0.622446 0.600644 0.623667 0.618600 0.621225 0.600644 0.623667 0.611870 0.724960 0.634759 0.822148 0.618600 0.621225 0.597484 0.690082 0.583104 0.763499
300 0.612771 0.486888 0.603280 0.621036 0.597865 0.622616 0.608694 0.619457 0.597865 0.622616 0.607882 0.722354 0.632467 0.814134 0.608694 0.619457 0.592896 0.690720 0.584349 0.765684
301 0.611114 0.484823 0.599259 0.617316 0.592577 0.618217 0.605941 0.616415 0.592577 0.618217 0.600615 0.709667 0.626004 0.800421 0.605941 0.616415 0.590590 0.685803 0.587388 0.761123
302 0.607356 0.481985 0.597714 0.609612 0.586687 0.610823 0.608741 0.608401 0.586687 0.610823 0.588941 0.696104 0.615681 0.785153 0.608741 0.608401 0.591117 0.682321 0.586403 0.757044
303 0.601509 0.476722 0.594938 0.603170 0.583296 0.604274 0.606581 0.602066 0.583296 0.604274 0.582926 0.688043 0.604318 0.769170 0.606581 0.602066 0.592597 0.680473 0.587985 0.756737
304 0.595787 0.474372 0.588965 0.600293 0.578156 0.601737 0.599775 0.598848 0.578156 0.601737 0.573706 0.685930 0.594663 0.764938 0.599775 0.598848 0.591611 0.677782 0.590408 0.752815
305 0.591299 0.472888 0.585852 0.603051 0.572773 0.604181 0.598932 0.601921 0.572773 0.604181 0.566783 0.685650 0.586558 0.763589 0.598932 0.601921 0.590871 0.680437 0.589048 0.755537
306 0.586562 0.469804 0.583340 0.599140 0.572290 0.599883 0.594390 0.598396 0.572290 0.599883 0.565863 0.679609 0.577982 0.761217 0.594390 0.598396 0.589083 0.678418 0.585344 0.757291
307 0.582866 0.469290 0.581489 0.598119 0.570173 0.598637 0.592806 0.597600 0.570173 0.598637 0.560721 0.678308 0.569248 0.758453 0.592806 0.597600 0.582945 0.679177 0.580108 0.758672
308 0.580690 0.467957 0.574140 0.595868 0.565024 0.598391 0.583255 0.593346 0.565024 0.598391 0.562696 0.676550 0.564994 0.758974 0.583255 0.593346 0.575447 0.677832 0.577217 0.758884
309 0.576583 0.467119 0.571578 0.592383 0.561626 0.594878 0.581530 0.589888 0.561626 0.594878 0.555863 0.670806 0.542472 0.746746 0.581530 0.589888 0.578827 0.675754 0.580872 0.759731
310 0.572803 0.465633 0.569617 0.585470 0.561193 0.586792 0.578041 0.584149 0.561193 0.586792 0.545402 0.669258 0.535775 0.738560 0.578041 0.584149 0.575337 0.667995 0.581903 0.760225
311 0.567059 0.464573 0.562510 0.586109 0.552434 0.587567 0.572585 0.584651 0.552434 0.587567 0.544969 0.663861 0.532081 0.738610 0.572585 0.584651 0.571953 0.667609 0.582878 0.760498
312 0.562526 0.462435 0.556054 0.583171 0.545869 0.584386 0.566239 0.581955 0.545869 0.584386 0.540578 0.662602 0.530780 0.740293 0.566239 0.581955 0.564698 0.663966 0.582699 0.759574
313 0.558200 0.460806 0.552150 0.581164 0.543567 0.582469 0.560734 0.579860 0.543567 0.582469 0.546713 0.665486 0.534420 0.741568 0.560734 0.579860 0.555389 0.662738 0.573467 0.751181
314 0.554757 0.459175 0.546886 0.578476 0.541965 0.580033 0.551808 0.576919 0.541965 0.580033 0.545576 0.663586 0.545055 0.739126 0.551808 0.576919 0.541147 0.662170 0.543884 0.739700
315 0.550719 0.458267 0.542148 0.575948 0.536259 0.577727 0.548037 0.574169 0.536259 0.577727 0.539865 0.658060 0.556428 0.733786 0.548037 0.574169 0.537999 0.651022 0.532214 0.732452
316 0.546052 0.456845 0.539097 0.575805 0.530254 0.577035 0.547939 0.574575 0.530254 0.577035 0.531990 0.654690 0.541447 0.731420 0.547939 0.574575 0.538877 0.649743 0.550362 0.725315
317 0.542901 0.455432 0.537872 0.572716 0.528307 0.573439 0.547437 0.571993 0.528307 0.573439 0.525004 0.648914 0.532433 0.729962 0.547437 0.571993 0.536797 0.644322 0.551999 0.713496
318 0.539970 0.452363 0.533878 0.570070 0.524125 0.570757 0.543632 0.569384 0.524125 0.570757 0.523877 0.646371 0.531968 0.728700 0.543632 0.569384 0.533984 0.640998 0.548959 0.711311
319 0.537905 0.451226 0.529908 0.570812 0.519112 0.571040 0.540705 0.570584 0.519112 0.571040 0.520688 0.642869 0.533680 0.722101 0.540705 0.570584 0.529175 0.638886 0.537481 0.716311
320 0.534796 0.449478 0.525587 0.569818 0.516311 0.569824 0.534863 0.569813 0.516311 0.569824 0.522179 0.646721 0.532769 0.727292 0.534863 0.569813 0.525675 0.638061 0.534008 0.719313
321 0.530963 0.447200 0.522306 0.568800 0.512744 0.568682 0.531868 0.568919 0.512744 0.568682 0.520223 0.645270 0.528605 0.729038 0.531868 0.568919 0.522851 0.637131 0.527893 0.721678
322 0.526659 0.446027 0.518999 0.566116 0.508035 0.565748 0.529963 0.566484 0.508035 0.565748 0.517428 0.642905 0.520580 0.725867 0.529963 0.566484 0.520307 0.634512 0.523842 0.719297
323 0.523758 0.445609 0.517655 0.565435 0.509761 0.565190 0.525550 0.565680 0.509761 0.565190 0.517044 0.640919 0.517379 0.721429 0.525550 0.565680 0.517534 0.637637 0.519874 0.721192
324 0.521482 0.444583 0.518055 0.564371 0.512464 0.564431 0.523647 0.564310 0.512464 0.564431 0.515898 0.637946 0.521618 0.721296 0.523647 0.564310 0.513576 0.634200 0.517193 0.715484
325 0.518620 0.443690 0.518363 0.561477 0.513316 0.560919 0.523410 0.562036 0.513316 0.560919 0.514986 0.636064 0.523135 0.722906 0.523410 0.562036 0.509190 0.629165 0.515807 0.714265
326 0.514746 0.441621 0.517259 0.560747 0.513071 0.560617 0.521446 0.560876 0.513071 0.560617 0.513503 0.636784 0.523154 0.723596 0.521446 0.560876 0.509010 0.628089 0.514615 0.712784
327 0.512369 0.439539 0.518186 0.558715 0.514246 0.559339 0.522125 0.558092 0.514246 0.559339 0.514810 0.638536 0.524451 0.724264 0.522125 0.558092 0.509028 0.626388 0.515489 0.708577
328 0.510563 0.437425 0.518575 0.556978 0.514490 0.557790 0.522660 0.556167 0.514490 0.557790 0.513568 0.636872 0.523587 0.723970 0.522660 0.556167 0.510926 0.627125 0.516132 0.710775
329 0.508168 0.437610 0.518681 0.555894 0.514806 0.556594 0.522555 0.555193 0.514806 0.556594 0.512761 0.636652 0.523457 0.724081 0.522555 0.555193 0.509868 0.625759 0.518884 0.710702
330 0.506277 0.437213 0.518600 0.554056 0.514272 0.554550 0.522928 0.553561 0.514272 0.554550 0.512467 0.635960 0.522421 0.723678 0.522928 0.553561 0.511457 0.627153 0.519917 0.711707
331 0.504135 0.437028 0.517952 0.552770 0.513535 0.553594 0.522370 0.551945 0.513535 0.553594 0.512981 0.634111 0.522022 0.722897 0.522370 0.551945 0.512432 0.626267 0.520187 0.712523
332 0.502945 0.437369 0.517914 0.551622 0.512779 0.552330 0.523048 0.550914 0.512779 0.552330 0.512040 0.632820 0.521212 0.721883 0.523048 0.550914 0.512842 0.626016 0.520118 0.712894
333 0.500866 0.437583 0.517452 0.552818 0.512153 0.553476 0.522750 0.552160 0.512153 0.553476 0.511991 0.633741 0.521144 0.721741 0.522750 0.552160 0.515846 0.626254 0.519850 0.713212
334 0.499366 0.437922 0.516995 0.553439 0.511052 0.554087 0.522938 0.552791 0.511052 0.554087 0.511948 0.633899 0.520685 0.721782 0.522938 0.552791 0.514301 0.626330 0.518398 0.713790
335 0.498587 0.438353 0.516442 0.553784 0.509969 0.554546 0.522915 0.553022 0.509969 0.554546 0.511328 0.633235 0.520220 0.721006 0.522915 0.553022 0.514178 0.626829 0.518355 0.714776
336 0.498238 0.440064 0.515996 0.554689 0.508881 0.555634 0.523110 0.553744 0.508881 0.555634 0.511209 0.632512 0.519063 0.715025 0.523110 0.553744 0.514217 0.629018 0.518363 0.715799
337 0.497396 0.440140 0.516319 0.554592 0.509469 0.555221 0.523169 0.553963 0.509469 0.555221 0.511473 0.630814 0.518043 0.713470 0.523169 0.553963 0.514285 0.629545 0.517968 0.716063
338 0.496906 0.440180 0.516378 0.554189 0.509620 0.554463 0.523136 0.553914 0.509620 0.554463 0.512301 0.631331 0.518217 0.714780 0.523136 0.553914 0.514354 0.629610 0.517311 0.716373
339 0.496532 0.440914 0.516487 0.554453 0.509772 0.554967 0.523202 0.553939 0.509772 0.554967 0.512900 0.632615 0.518496 0.715141 0.523202 0.553939 0.518914 0.630705 0.517217 0.716900
340 0.496531 0.441446 0.516593 0.554975 0.509937 0.555926 0.523249 0.554024 0.509937 0.555926 0.513749 0.633229 0.518987 0.716621 0.523249 0.554024 0.518189 0.630512 0.516950 0.716635
341 0.496588 0.441510 0.516579 0.555121 0.509986 0.556179 0.523172 0.554064 0.509986 0.556179 0.514301 0.633211 0.519074 0.717008 0.523172 0.554064 0.518035 0.630517 0.517067 0.716931
342 0.496563 0.441588 0.516555 0.555192 0.510084 0.556259 0.523027 0.554125 0.510084 0.556259 0.514651 0.632618 0.519202 0.717122 0.523027 0.554125 0.518014 0.630539 0.517159 0.717481
343 0.496648 0.441923 0.516566 0.555405 0.510082 0.556638 0.523050 0.554172 0.510082 0.556638 0.514504 0.632704 0.519233 0.717186 0.523050 0.554172 0.517707 0.630543 0.517057 0.717493
344 0.496548 0.441921 0.516512 0.555379 0.510255 0.556603 0.522768 0.554155 0.510255 0.556603 0.514643 0.632561 0.519901 0.717549 0.522768 0.554155 0.516469 0.628962 0.516917 0.716094
345 0.496606 0.441873 0.516349 0.555330 0.510286 0.556519 0.522413 0.554141 0.510286 0.556519 0.514637 0.631135 0.520265 0.717615 0.522413 0.554141 0.515958 0.628123 0.516939 0.715800
346 0.496627 0.441889 0.516370 0.555293 0.510316 0.556433 0.522424 0.554154 0.510316 0.556433 0.514500 0.629989 0.520219 0.716887 0.522424 0.554154 0.515891 0.628220 0.516987 0.716053
347 0.496688 0.441885 0.516376 0.555229 0.510338 0.556320 0.522414 0.554137 0.510338 0.556320 0.514527 0.629022 0.520226 0.715982 0.522414 0.554137 0.515862 0.628068 0.517016 0.715937
348 0.496781 0.442157 0.516505 0.555341 0.510362 0.556531 0.522648 0.554152 0.510362 0.556531 0.514981 0.629213 0.520358 0.716122 0.522648 0.554152 0.515880 0.628697 0.517007 0.715950
349 0.497057 0.442151 0.516541 0.555348 0.510374 0.556533 0.522708 0.554162 0.510374 0.556533 0.514942 0.628988 0.520343 0.715876 0.522708 0.554162 0.515871 0.629624 0.517067 0.716862
350 0.497253 0.442183 0.516514 0.555343 0.510388 0.556514 0.522641 0.554171 0.510388 0.556514 0.514938 0.629159 0.520342 0.715840 0.522641 0.554171 0.515865 0.630190 0.517126 0.717334
351 0.497347 0.442072 0.516517 0.555286 0.510405 0.556413 0.522628 0.554160 0.510405 0.556413 0.514905 0.628062 0.520290 0.714605 0.522628 0.554160 0.515887 0.630544 0.517411 0.717887
352 0.497578 0.442539 0.516522 0.555287 0.510269 0.556412 0.522774 0.554163 0.510269 0.556412 0.514820 0.628182 0.520292 0.714633 0.522774 0.554163 0.516059 0.631217 0.517643 0.718453
353 0.497877 0.442710 0.516308 0.555363 0.509804 0.556468 0.522813 0.554257 0.509804 0.556468 0.514901 0.628279 0.520448 0.714635 0.522813 0.554257 0.516436 0.631946 0.517831 0.718858
354 0.498035 0.442653 0.516303 0.555237 0.509828 0.556402 0.522777 0.554071 0.509828 0.556402 0.515520 0.628550 0.521264 0.715859 0.522777 0.554071 0.516400 0.631124 0.517834 0.717189
355 0.498222 0.442927 0.515951 0.555235 0.509040 0.556401 0.522861 0.554069 0.509040 0.556401 0.515501 0.628680 0.521256 0.715752 0.522861 0.554069 0.516620 0.631362 0.517887 0.717261
356 0.498322 0.443705 0.516283 0.555166 0.509467 0.556389 0.523099 0.553942 0.509467 0.556389 0.515750 0.628937 0.521448 0.716158 0.523099 0.553942 0.516609 0.631094 0.517871 0.716660
357 0.498495 0.443646 0.516498 0.554986 0.509874 0.556114 0.523122 0.553859 0.509874 0.556114 0.515975 0.628960 0.521622 0.716191 0.523122 0.553859 0.516527 0.630879 0.517865 0.716025
358 0.498716 0.443022 0.516438 0.554743 0.509362 0.555765 0.523514 0.553722 0.509362 0.555765 0.515136 0.628378 0.521577 0.715382 0.523514 0.553722 0.516577 0.630650 0.517865 0.716014
359 0.498982 0.442700 0.516487 0.554713 0.508890 0.555707 0.524084 0.553719 0.508890 0.555707 0.514079 0.628141 0.521252 0.714527 0.524084 0.553719 0.516804 0.630684 0.517863 0.716040
360 0.499209 0.441049 0.516573 0.554692 0.508927 0.555695 0.524219 0.553688 0.508927 0.555695 0.514026 0.628170 0.521222 0.714550 0.524219 0.553688 0.516769 0.629890 0.517886 0.715831
361 0.499425 0.440419 0.516501 0.554827 0.508605 0.555814 0.524397 0.553840 0.508605 0.555814 0.513088 0.627881 0.521175 0.713282 0.524397 0.553840 0.517013 0.630420 0.518122 0.716566
362 0.499567 0.439733 0.516513 0.554735 0.508626 0.555688 0.524400 0.553782 0.508626 0.555688 0.513124 0.627916 0.521134 0.713077 0.524400 0.553782 0.517006 0.630421 0.518158 0.716521
363 0.499700 0.439625 0.516550 0.554720 0.508727 0.555653 0.524372 0.553786 0.508727 0.555653 0.513244 0.627932 0.521051 0.712750 0.524372 0.553786 0.516923 0.630444 0.518019 0.716166
364 0.499884 0.439619 0.516527 0.554883 0.508689 0.555748 0.524365 0.554018 0.508689 0.555748 0.513080 0.627938 0.521065 0.711368 0.524365 0.554018 0.517036 0.631183 0.518098 0.716668
365 0.500206 0.439047 0.516601 0.554868 0.508725 0.555746 0.524477 0.553990 0.508725 0.555746 0.513329 0.627958 0.521469 0.711516 0.524477 0.553990 0.517239 0.630954 0.518250 0.716574
366 0.500848 0.438663 0.516843 0.554943 0.508751 0.555758 0.524936 0.554129 0.508751 0.555758 0.513347 0.627597 0.521626 0.710196 0.524936 0.554129 0.517440 0.631188 0.518347 0.716801
367 0.501431 0.437799 0.517518 0.554859 0.509894 0.555741 0.525142 0.553976 0.509894 0.555741 0.514541 0.627754 0.522027 0.711115 0.525142 0.553976 0.517447 0.630449 0.518651 0.715873
368 0.501986 0.436640 0.517980 0.554580 0.510714 0.555573 0.525247 0.553587 0.510714 0.555573 0.515803 0.628469 0.523151 0.713756 0.525247 0.553587 0.517444 0.629065 0.519026 0.714957
369 0.502502 0.435691 0.518683 0.554219 0.512160 0.555371 0.525205 0.553067 0.512160 0.555371 0.516026 0.630184 0.523646 0.715839 0.525205 0.553067 0.517338 0.627540 0.519279 0.713322
370 0.503142 0.435419 0.519190 0.554013 0.513187 0.555311 0.525194 0.552715 0.513187 0.555311 0.516494 0.630967 0.523653 0.717516 0.525194 0.552715 0.517005 0.623951 0.519241 0.708772
371 0.503592 0.435393 0.519054 0.554605 0.513528 0.556123 0.524581 0.553086 0.513528 0.556123 0.516556 0.630962 0.523097 0.717393 0.524581 0.553086 0.516950 0.624393 0.522499 0.705769
372 0.503857 0.435812 0.518462 0.557441 0.513371 0.558538 0.523553 0.556345 0.513371 0.558538 0.516553 0.630758 0.519908 0.716831 0.523553 0.556345 0.517363 0.629820 0.522144 0.708473
373 0.504527 0.435986 0.518456 0.558673 0.513283 0.560021 0.523629 0.557325 0.513283 0.560021 0.514156 0.629158 0.519927 0.711778 0.523629 0.557325 0.518090 0.632052 0.524133 0.710059
374 0.505129 0.436236 0.518862 0.558469 0.513670 0.559728 0.524053 0.557210 0.513670 0.559728 0.514718 0.629010 0.522665 0.704279 0.524053 0.557210 0.519116 0.633925 0.524766 0.714527
375 0.506401 0.436106 0.519949 0.558173 0.515383 0.559240 0.524514 0.557105 0.515383 0.559240 0.518079 0.631726 0.528669 0.708912 0.524514 0.557105 0.519934 0.634441 0.524726 0.714575
376 0.507006 0.435796 0.521082 0.556823 0.516831 0.557312 0.525334 0.556334 0.516831 0.557312 0.520002 0.631774 0.531959 0.712066 0.525334 0.556334 0.520590 0.634071 0.524402 0.712876
377 0.508506 0.434590 0.522364 0.555899 0.519303 0.556063 0.525424 0.555734 0.519303 0.556063 0.520685 0.631781 0.539207 0.711946 0.525424 0.555734 0.520466 0.632641 0.523462 0.709876
378 0.509527 0.434251 0.523091 0.555031 0.520570 0.555033 0.525612 0.555030 0.520570 0.555033 0.522090 0.631742 0.546843 0.711054 0.525612 0.555030 0.520337 0.630639 0.518048 0.705162
379 0.511643 0.433847 0.524983 0.554547 0.522884 0.554749 0.527082 0.554346 0.522884 0.554749 0.523991 0.631651 0.551653 0.710229 0.527082 0.554346 0.520222 0.627590 0.517025 0.701783
380 0.513217 0.433327 0.526457 0.553804 0.524500 0.554163 0.528415 0.553446 0.524500 0.554163 0.525576 0.631474 0.548695 0.707954 0.528415 0.553446 0.522009 0.627365 0.518253 0.702004
381 0.514823 0.433324 0.528481 0.553293 0.527638 0.554222 0.529324 0.552365 0.527638 0.554222 0.529185 0.632358 0.549363 0.708243 0.529324 0.552365 0.522656 0.626614 0.519847 0.702094
382 0.517900 0.435190 0.530150 0.554471 0.528996 0.555890 0.531305 0.553051 0.528996 0.555890 0.529625 0.632928 0.542262 0.702362 0.531305 0.553051 0.526274 0.627687 0.529856 0.707493
383 0.520788 0.436824 0.533273 0.555824 0.532804 0.557588 0.533743 0.554059 0.532804 0.557588 0.530567 0.633558 0.526660 0.703702 0.533743 0.554059 0.529285 0.629949 0.540329 0.715849
384 0.524042 0.440899 0.534894 0.559312 0.536958 0.561211 0.532830 0.557412 0.536958 0.561211 0.534232 0.637361 0.536492 0.713402 0.532830 0.557412 0.528673 0.631314 0.526477 0.713992
385 0.527233 0.446553 0.536667 0.562692 0.538345 0.564135 0.534989 0.561249 0.538345 0.564135 0.535286 0.638224 0.536535 0.713461 0.534989 0.561249 0.528835 0.632305 0.526510 0.713180
386 0.530427 0.448078 0.538016 0.562515 0.541712 0.563586 0.534320 0.561443 0.541712 0.563586 0.538554 0.638395 0.545362 0.718507 0.534320 0.561443 0.528448 0.632203 0.520168 0.711706
387 0.536321 0.449226 0.539685 0.562307 0.548913 0.563124 0.530457 0.561490 0.548913 0.563124 0.547920 0.638892 0.550886 0.720363 0.530457 0.561490 0.522243 0.628731 0.514739 0.706436
388 0.538726 0.449938 0.540764 0.563145 0.552271 0.563541 0.529257 0.562749 0.552271 0.563541 0.550683 0.642381 0.553734 0.720034 0.529257 0.562749 0.520508 0.629380 0.514391 0.706479
389 0.540695 0.450236 0.541615 0.563109 0.554673 0.563533 0.528558 0.562684 0.554673 0.563533 0.551368 0.642027 0.553491 0.719695 0.528558 0.562684 0.520686 0.630303 0.513884 0.707249
390 0.542355 0.450230 0.541893 0.563081 0.556051 0.563648 0.527735 0.562514 0.556051 0.563648 0.553674 0.642672 0.552973 0.719798 0.527735 0.562514 0.521284 0.632883 0.515223 0.710552
391 0.543591 0.450643 0.542871 0.564198 0.557912 0.565004 0.527829 0.563393 0.557912 0.565004 0.554280 0.647200 0.552789 0.720025 0.527829 0.563393 0.521968 0.639126 0.517464 0.715668
392 0.545029 0.450624 0.543581 0.563970 0.558792 0.564778 0.528370 0.563162 0.558792 0.564778 0.554609 0.647053 0.552683 0.720090 0.528370 0.563162 0.524539 0.643772 0.522791 0.722977
393 0.546637 0.451777 0.543768 0.564145 0.558716 0.565155 0.528819 0.563136 0.558716 0.565155 0.554840 0.650915 0.551955 0.721188 0.528819 0.563136 0.527079 0.650166 0.527371 0.729587
394 0.548232 0.452646 0.544015 0.566496 0.558924 0.567718 0.529107 0.565275 0.558924 0.567718 0.554790 0.654169 0.551472 0.722823 0.529107 0.565275 0.530853 0.658134 0.532558 0.739047
395 0.549265 0.455084 0.546621 0.570818 0.561910 0.572530 0.531331 0.569106 0.561910 0.572530 0.556989 0.654308 0.552177 0.721826 0.531331 0.569106 0.536076 0.659299 0.536813 0.748093
396 0.550955 0.458055 0.548184 0.573243 0.563258 0.575367 0.533110 0.571120 0.563258 0.575367 0.555263 0.653807 0.551815 0.721671 0.533110 0.571120 0.541257 0.657378 0.542308 0.752399
397 0.551703 0.461053 0.551282 0.578194 0.565789 0.579827 0.536775 0.576561 0.565789 0.579827 0.556578 0.659090 0.552157 0.710267 0.536775 0.576561 0.546170 0.659063 0.547250 0.754910
398 0.552618 0.464113 0.551976 0.583585 0.566122 0.585981 0.537830 0.581189 0.566122 0.585981 0.555697 0.663984 0.551951 0.710888 0.537830 0.581189 0.547209 0.668548 0.549671 0.760568
399 0.552955 0.466149 0.552964 0.587388 0.567002 0.589482 0.538926 0.585294 0.567002 0.589482 0.555081 0.671514 0.551924 0.717280 0.538926 0.585294 0.547857 0.675806 0.551561 0.767271
400 0.553681 0.467058 0.554394 0.587546 0.568842 0.588199 0.539946 0.586892 0.568842 0.588199 0.556574 0.660415 0.553161 0.699216 0.539946 0.586892 0.548592 0.678962 0.551856 0.771092
401 0.554971 0.467071 0.555515 0.586970 0.569406 0.588103 0.541625 0.585836 0.569406 0.588103 0.559585 0.665048 0.552684 0.704779 0.541625 0.585836 0.549790 0.678046 0.552177 0.771055
402 0.556568 0.467521 0.556357 0.589725 0.570368 0.591338 0.542345 0.588113 0.570368 0.591338 0.559330 0.673659 0.552501 0.710906 0.542345 0.588113 0.550268 0.680646 0.552629 0.771310
403 0.557389 0.467819 0.557530 0.591823 0.571921 0.593695 0.543138 0.589951 0.571921 0.593695 0.562636 0.680425 0.551715 0.719160 0.543138 0.589951 0.550496 0.684919 0.552157 0.771911
404 0.558436 0.468646 0.558645 0.590403 0.573562 0.592081 0.543728 0.588725 0.573562 0.592081 0.570212 0.679262 0.551672 0.729899 0.543728 0.588725 0.550463 0.683325 0.552653 0.771434
405 0.560616 0.468453 0.559604 0.591774 0.574743 0.593690 0.544465 0.589858 0.574743 0.593690 0.574278 0.686386 0.553266 0.738713 0.544465 0.589858 0.550385 0.689862 0.553501 0.773198
406 0.562538 0.468514 0.562069 0.592005 0.577088 0.593507 0.547051 0.590502 0.577088 0.593507 0.577294 0.686512 0.555615 0.749048 0.547051 0.590502 0.550360 0.690429 0.555018 0.771496
407 0.564497 0.470006 0.564023 0.591429 0.579026 0.593414 0.549020 0.589445 0.579026 0.593414 0.580063 0.683877 0.568867 0.764863 0.549020 0.589445 0.551440 0.688236 0.554063 0.773397
408 0.566154 0.474001 0.564585 0.594499 0.579475 0.595520 0.549695 0.593477 0.579475 0.595520 0.581853 0.689376 0.579681 0.782234 0.549695 0.593477 0.553080 0.689880 0.553755 0.777900
409 0.569266 0.476745 0.568416 0.598619 0.584041 0.599565 0.552791 0.597673 0.584041 0.599565 0.585197 0.696524 0.586851 0.792726 0.552791 0.597673 0.557408 0.692158 0.553843 0.776740
410 0.572180 0.481329 0.570786 0.604172 0.586944 0.604860 0.554628 0.603484 0.586944 0.604860 0.587800 0.703426 0.592396 0.796372 0.554628 0.603484 0.559027 0.693547 0.553791 0.775191
411 0.575293 0.484932 0.574183 0.610198 0.590126 0.610097 0.558241 0.610298 0.590126 0.610097 0.590652 0.709697 0.594356 0.801986 0.558241 0.610298 0.562894 0.699310 0.554627 0.774789
412 0.578251 0.490330 0.576681 0.616918 0.591581 0.616485 0.561781 0.617350 0.591581 0.616485 0.590439 0.712892 0.593085 0.801502 0.561781 0.617350 0.569799 0.704589 0.555161 0.775293
413 0.580642 0.494709 0.581121 0.622074 0.596512 0.622260 0.565729 0.621887 0.596512 0.622260 0.594693 0.718454 0.595992 0.807118 0.565729 0.621887 0.574547 0.706543 0.555668 0.775083
414 0.582757 0.498455 0.582399 0.619556 0.597077 0.619303 0.567720 0.619809 0.597077 0.619303 0.593845 0.714517 0.596394 0.805654 0.567720 0.619809 0.574872 0.704307 0.557296 0.775832
415 0.584033 0.500698 0.581460 0.617171 0.595659 0.617472 0.567261 0.616869 0.595659 0.617472 0.592962 0.715199 0.593943 0.806566 0.567261 0.616869 0.574190 0.702214 0.561012 0.778057
416 0.586047 0.502858 0.581284 0.615778 0.595825 0.616719 0.566743 0.614836 0.595825 0.616719 0.593252 0.715408 0.593276 0.806164 0.566743 0.614836 0.580019 0.700424 0.567086 0.778600
417 0.586601 0.506550 0.582378 0.614643 0.597673 0.615602 0.567083 0.613683 0.597673 0.615602 0.595620 0.713982 0.594380 0.806835 0.567083 0.613683 0.582306 0.700001 0.571520 0.783097
418 0.586804 0.511019 0.583100 0.613891 0.598979 0.614797 0.567221 0.612985 0.598979 0.614797 0.596089 0.712898 0.595447 0.807965 0.567221 0.612985 0.580467 0.701436 0.574864 0.789813
419 0.587440 0.514078 0.583868 0.613980 0.600089 0.614897 0.567648 0.613063 0.600089 0.614897 0.595107 0.712073 0.595255 0.806600 0.567648 0.613063 0.580068 0.704298 0.575516 0.792012
420 0.586619 0.520011 0.586067 0.618706 0.602743 0.619374 0.569390 0.618038 0.602743 0.619374 0.596812 0.715832 0.595171 0.808138 0.569390 0.618038 0.579674 0.711985 0.575365 0.795435
421 0.586812 0.530354 0.590188 0.620117 0.607522 0.621275 0.572853 0.618959 0.607522 0.621275 0.598085 0.716422 0.595787 0.807795 0.572853 0.618959 0.579815 0.713971 0.574425 0.796465
422 0.586367 0.539462 0.590378 0.620025 0.607500 0.620933 0.573256 0.619117 0.607500 0.620933 0.598714 0.715872 0.595214 0.807435 0.573256 0.619117 0.580416 0.711296 0.573925 0.800615
423 0.585971 0.550411 0.589890 0.620211 0.606202 0.621223 0.573578 0.619199 0.606202 0.621223 0.597902 0.714298 0.592957 0.806627 0.573578 0.619199 0.579961 0.710378 0.574771 0.804125
424 0.585639 0.558618 0.589381 0.623783 0.605504 0.625175 0.573259 0.622390 0.605504 0.625175 0.597567 0.715635 0.592866 0.806390 0.573259 0.622390 0.578504 0.714202 0.574283 0.807546
425 0.583996 0.566156 0.588888 0.623415 0.604783 0.625430 0.572993 0.621399 0.604783 0.625430 0.596812 0.715179 0.592531 0.806644 0.572993 0.621399 0.574672 0.713263 0.573886 0.809269
426 0.581221 0.572543 0.586903 0.626542 0.602886 0.626058 0.570920 0.627026 0.602886 0.626058 0.598290 0.716437 0.592508 0.806983 0.570920 0.627026 0.574236 0.714108 0.574335 0.809817
427 0.578947 0.577058 0.582410 0.625916 0.598477 0.625439 0.566343 0.626393 0.598477 0.625439 0.603167 0.684503 0.594947 0.767462 0.566343 0.626393 0.574664 0.713098 0.580359 0.808140
428 0.577682 0.582324 0.580184 0.626069 0.596027 0.624840 0.564340 0.627298 0.596027 0.624840 0.602035 0.687945 0.596017 0.770751 0.564340 0.627298 0.572930 0.713763 0.579673 0.810574
429 0.575714 0.584741 0.578097 0.626443 0.594284 0.624900 0.561910 0.627986 0.594284 0.624900 0.601218 0.698766 0.595494 0.800093 0.561910 0.627986 0.572165 0.713989 0.575988 0.810457
430 0.572407 0.588846 0.575577 0.626627 0.591908 0.624773 0.559246 0.628480 0.591908 0.624773 0.598402 0.702509 0.594261 0.806599 0.559246 0.628480 0.570013 0.714642 0.574581 0.811447
431 0.569761 0.594513 0.576261 0.636135 0.592057 0.632729 0.560465 0.639541 0.592057 0.632729 0.593920 0.718004 0.591079 0.808545 0.560465 0.639541 0.570428 0.720532 0.574445 0.812210
432 0.570483 0.602645 0.576272 0.639167 0.591828 0.636468 0.560716 0.641866 0.591828 0.636468 0.588542 0.719800 0.586566 0.808040 0.560716 0.641866 0.569521 0.720725 0.574398 0.811921
433 0.567743 0.605548 0.574929 0.643172 0.591220 0.642134 0.558639 0.644210 0.591220 0.642134 0.588278 0.721319 0.583408 0.810100 0.558639 0.644210 0.569430 0.722835 0.574272 0.812406
434 0.566323 0.610161 0.573220 0.646673 0.589140 0.644414 0.557299 0.648931 0.589140 0.644414 0.585205 0.724753 0.578486 0.813972 0.557299 0.648931 0.569681 0.724060 0.574083 0.813134
435 0.566576 0.614077 0.571200 0.650835 0.587990 0.647643 0.554409 0.654027 0.587990 0.647643 0.582425 0.725936 0.574640 0.815642 0.554409 0.654027 0.569756 0.728751 0.573408 0.813396
436 0.562302 0.607500 0.567176 0.648037 0.583970 0.644396 0.550381 0.651677 0.583970 0.644396 0.580804 0.725573 0.573553 0.816459 0.550381 0.651677 0.567498 0.726712 0.570615 0.813026
437 0.562551 0.607185 0.565913 0.647420 0.581770 0.643538 0.550056 0.651303 0.581770 0.643538 0.575540 0.719393 0.570548 0.815244 0.550056 0.651303 0.568204 0.727519 0.570684 0.814700
438 0.563645 0.609625 0.566833 0.649597 0.582493 0.645560 0.551174 0.653635 0.582493 0.645560 0.574549 0.720103 0.570761 0.816324 0.551174 0.653635 0.567877 0.730084 0.570394 0.814725
439 0.564506 0.612364 0.567521 0.648803 0.583396 0.644637 0.551645 0.652968 0.583396 0.644637 0.575756 0.722613 0.569032 0.816333 0.551645 0.652968 0.563456 0.729143 0.566781 0.814383
440 0.564066 0.618541 0.568031 0.654264 0.584003 0.650450 0.552060 0.658079 0.584003 0.650450 0.577492 0.729672 0.571483 0.818266 0.552060 0.658079 0.564417 0.734035 0.567245 0.814866
441 0.564344 0.617925 0.568455 0.653428 0.584530 0.649222 0.552379 0.657634 0.584530 0.649222 0.577819 0.732235 0.570727 0.824342 0.552379 0.657634 0.565100 0.734004 0.562874 0.816051
442 0.564573 0.622967 0.568585 0.658621 0.584570 0.654490 0.552600 0.662753 0.584570 0.654490 0.578332 0.737498 0.571473 0.828768 0.552600 0.662753 0.565096 0.734597 0.561916 0.810565
443 0.564029 0.633277 0.567788 0.662015 0.584679 0.658279 0.550897 0.665752 0.584679 0.658279 0.577740 0.739969 0.571958 0.831894 0.550897 0.665752 0.565229 0.740021 0.562896 0.818544
444 0.565588 0.638289 0.567574 0.672713 0.583895 0.669611 0.551253 0.675816 0.583895 0.669611 0.576437 0.750061 0.570038 0.833432 0.551253 0.675816 0.563893 0.749450 0.562176 0.821564
445 0.569507 0.647216 0.570853 0.688190 0.586105 0.686153 0.555601 0.690228 0.586105 0.686153 0.576896 0.765152 0.568952 0.840463 0.555601 0.690228 0.563817 0.761743 0.562556 0.829360
446 -1 -1 -1 -1 -1 -1 -1 -1 -1 -1 -1 -1 -1 -1 -1 -1 -1 -1 -1 -1
447 -1 -1 -1 -1 -1 -1 -1 -1 -1 -1 -1 -1 -1 -1 -1 -1 -1 -1 -1 -1
448 -1 -1 -1 -1 -1 -1 -1 -1 -1 -1 -1 -1 -1 -1 -1 -1 -1 -1 -1 -1
449 -1 -1 -1 -1 -1 -1 -1 -1 -1 -1 -1 -1 -1 -1 -1 -1 -1 -1 -1 -1
450 -1 -1 -1 -1 -1 -1 -1 -1 -1 -1 -1 -1 -1 -1 -1 -1 -1 -1 -1 -1
451 -1 -1 -1 -1 -1 -1 -1 -1 -1 -1 -1 -1 -1 -1 -1 -1 -1 -1 -1 -1
452 -1 -1 -1 -1 -1 -1 -1 -1 -1 -1 -1 -1 -1 -1 -1 -1 -1 -1 -1 -1
453 -1 -1 -1 -1 -1 -1 -1 -1 -1 -1 -1 -1 -1 -1 -1 -1 -1 -1 -1 -1
454 -1 -1 -1 -1 -1 -1 -1 -1 -1 -1 -1 -1 -1 -1 -1 -1 -1 -1 -1 -1
455 -1 -1 -1 -1 -1 -1 -1 -1 -1 -1 -1 -1 -1 -1 -1 -1 -1 -1 -1 -1
456 -1 -1 -1 -1 -1 -1 -1 -1 -1 -1 -1 -1 -1 -1 -1 -1 -1 -1 -1 -1
457 -1 -1 -1 -1 -1 -1 -1 -1 -1 -1 -1 -1 -1 -1 -1 -1 -1 -1 -1 -1
458 -1 -1 -1 -1 -1 -1 -1 -1 -1 -1 -1 -1 -1 -1 -1 -1 -1 -1 -1 -1
459 -1 -1 -1 -1 -1 -1 -1 -1 -1 -1 -1 -1 -1 -1 -1 -1 -1 -1 -1 -1
460 -1 -1 -1 -1 -1 -1 -1 -1 -1 -1 -1 -1 -1 -1 -1 -1 -1 -1 -1 -1
461 -1 -1 -1 -1 -1 -1 -1 -1 -1 -1 -1 -1 -1 -1 -1 -1 -1 -1 -1 -1
462 -1 -1 -1 -1 -1 -1 -1 -1 -1 -1 -1 -1 -1 -1 -1 -1 -1 -1 -1 -1
463 -1 -1 -1 -1 -1 -1 -1 -1 -1 -1 -1 -1 -1 -1 -1 -1 -1 -1 -1 -1
464 -1 -1 -1 -1 -1 -1 -1 -1 -1 -1 -1 -1 -1 -1 -1 -1 -1 -1 -1 -1
465 -1 -1 -1 -1 -1 -1 -1 -1 -1 -1 -1 -1 -1 -1 -1 -1 -1 -1 -1 -1
466 -1 -1 -1 -1 -1 -1 -1 -1 -1 -1 -1 -1 -1 -1 -1 -1 -1 -1 -1 -1
467 -1 -1 -1 -1 -1 -1 -1 -1 -1 -1 -1 -1 -1 -1 -1 -1 -1 -1 -1 -1
468 -1 -1 -1 -1 -1 -1 -1 -1 -1 -1 -1 -1 -1 -1 -1 -1 -1 -1 -1 -1
469 0.572002 0.599847 0.570645 0.681552 0.585897 0.677269 0.555392 0.685835 0.585897 0.677269 0.580940 0.765336 0.573092 0.860275 0.555392 0.685835 0.556519 0.767754 0.558245 0.851977
470 0.572592 0.583721 0.569428 0.678980 0.584979 0.677544 0.553878 0.680415 0.584979 0.677544 0.578950 0.765211 0.572834 0.859097 0.553878 0.680415 0.555724 0.766290 0.556556 0.851715
471 0.574078 0.569451 0.568730 0.677254 0.584329 0.677509 0.553131 0.676999 0.584329 0.677509 0.577908 0.766313 0.573411 0.860623 0.553131 0.676999 0.555920 0.766207 0.553821 0.851992
472 0.575557 0.556464 0.567914 0.671437 0.584224 0.672362 0.551604 0.670511 0.584224 0.672362 0.577352 0.766194 0.573934 0.859941 0.551604 0.670511 0.555979 0.763351 0.554084 0.852197
473 0.575746 0.550234 0.567731 0.665157 0.583997 0.667142 0.551465 0.663173 0.583997 0.667142 0.578530 0.766159 0.576519 0.859254 0.551465 0.663173 0.555947 0.762881 0.554028 0.852370
474 0.576238 0.543944 0.567504 0.664142 0.583749 0.666121 0.551258 0.662162 0.583749 0.666121 0.582255 0.766351 0.578167 0.858867 0.551258 0.662162 0.556033 0.762616 0.554065 0.852025
475 0.577085 0.535375 0.568036 0.660998 0.584218 0.661961 0.551855 0.660036 0.584218 0.661961 0.584976 0.766105 0.580072 0.858580 0.551855 0.660036 0.556588 0.761993 0.553163 0.851972
476 0.579083 0.532096 0.569615 0.659938 0.585883 0.659695 0.553347 0.660181 0.585883 0.659695 0.588094 0.765912 0.582496 0.858959 0.553347 0.660181 0.557803 0.762472 0.553339 0.852351
477 0.581106 0.528150 0.572866 0.658968 0.589545 0.658080 0.556187 0.659857 0.589545 0.658080 0.593303 0.765158 0.589022 0.858816 0.556187 0.659857 0.560626 0.762598 0.553526 0.852369
478 0.583922 0.528289 0.578862 0.660141 0.596351 0.659272 0.561372 0.661011 0.596351 0.659272 0.597484 0.765003 0.595483 0.860415 0.561372 0.661011 0.563883 0.762849 0.553741 0.851850
479 0.586918 0.526372 0.582625 0.660896 0.598929 0.660177 0.566322 0.661614 0.598929 0.660177 0.601412 0.764060 0.601306 0.861260 0.566322 0.661614 0.566718 0.762524 0.553813 0.851039
480 0.590003 0.524653 0.586354 0.661597 0.601677 0.660856 0.571032 0.662339 0.601677 0.660856 0.605588 0.764196 0.604755 0.862796 0.571032 0.662339 0.569137 0.761868 0.554127 0.850052
481 0.593636 0.523836 0.590467 0.662611 0.604140 0.662519 0.576794 0.662704 0.604140 0.662519 0.609540 0.765556 0.606185 0.864650 0.576794 0.662704 0.571799 0.762015 0.554520 0.850080
482 0.598719 0.525262 0.596629 0.664153 0.610810 0.664389 0.582449 0.663917 0.610810 0.664389 0.610877 0.768081 0.606412 0.865280 0.582449 0.663917 0.576873 0.763047 0.554718 0.849693
483 0.603665 0.526610 0.601513 0.668283 0.614726 0.668267 0.588300 0.668299 0.614726 0.668267 0.612803 0.770250 0.607052 0.865412 0.588300 0.668299 0.584154 0.767297 0.554774 0.847574
484 0.609424 0.523411 0.607037 0.668315 0.618295 0.668226 0.595778 0.668405 0.618295 0.668226 0.615171 0.769867 0.606798 0.865629 0.595778 0.668405 0.596738 0.769798 0.559192 0.844016
485 0.613772 0.519838 0.614019 0.668274 0.623504 0.668063 0.604533 0.668484 0.623504 0.668063 0.619904 0.769690 0.607024 0.865434 0.604533 0.668484 0.608204 0.771124 0.566457 0.841215
486 0.618026 0.520880 0.618782 0.668545 0.625637 0.667766 0.611927 0.669323 0.625637 0.667766 0.623190 0.768359 0.605885 0.863169 0.611927 0.669323 0.616320 0.771973 0.577472 0.840029
487 0.621514 0.520780 0.622754 0.669396 0.627395 0.667837 0.618113 0.670954 0.627395 0.667837 0.623779 0.766061 0.604931 0.853513 0.618113 0.670954 0.624559 0.771991 0.597352 0.854686
488 0.626112 0.520504 0.627049 0.672236 0.629795 0.669405 0.624303 0.675066 0.629795 0.669405 0.627714 0.768603 0.608011 0.857955 0.624303 0.675066 0.634980 0.771907 0.605943 0.861821
489 0.632030 0.519779 0.632967 0.672622 0.633694 0.670233 0.632239 0.675011 0.633694 0.670233 0.628385 0.773388 0.612205 0.866635 0.632239 0.675011 0.648039 0.773567 0.622244 0.868908
490 0.638981 0.520911 0.637857 0.674269 0.637868 0.671264 0.637846 0.677274 0.637868 0.671264 0.630236 0.774219 0.612612 0.869476 0.637846 0.677274 0.655189 0.777363 0.638816 0.882541
491 0.645307 0.523308 0.642485 0.677872 0.643730 0.673925 0.641241 0.681820 0.643730 0.673925 0.633263 0.774016 0.611522 0.869937 0.641241 0.681820 0.665795 0.782095 0.666258 0.899520
492 0.651311 0.532233 0.650378 0.684395 0.653791 0.680949 0.646964 0.687840 0.653791 0.680949 0.636804 0.775155 0.610609 0.869321 0.646964 0.687840 0.673597 0.786912 0.690443 0.907421
493 0.657119 0.535954 0.658527 0.687614 0.662413 0.684905 0.654641 0.690322 0.662413 0.684905 0.644534 0.774898 0.611084 0.869149 0.654641 0.690322 0.687801 0.795173 0.701099 0.911227
494 0.665048 0.536499 0.666149 0.686995 0.669527 0.683889 0.662771 0.690101 0.669527 0.683889 0.652788 0.774278 0.612954 0.864037 0.662771 0.690101 0.694787 0.802523 0.705784 0.916701
495 0.673019 0.539511 0.674762 0.688810 0.675876 0.685533 0.673649 0.692088 0.675876 0.685533 0.664544 0.774212 0.617541 0.856747 0.673649 0.692088 0.689474 0.797656 0.705230 0.920414
496 0.680063 0.538759 0.684598 0.690732 0.690280 0.689015 0.678915 0.692449 0.690280 0.689015 0.684446 0.789165 0.628007 0.854402 0.678915 0.692449 0.695307 0.797897 0.682998 0.912542
497 0.690170 0.538905 0.696500 0.692907 0.703312 0.691560 0.689688 0.694255 0.703312 0.691560 0.698857 0.795896 0.638649 0.844056 0.689688 0.694255 0.704139 0.805492 0.705227 0.921154
498 0.701120 0.538740 0.706200 0.697045 0.714887 0.696165 0.697513 0.697925 0.714887 0.696165 0.706305 0.801041 0.653450 0.841955 0.697513 0.697925 0.707322 0.808779 0.705310 0.923343
499 0.709360 0.538966 0.712104 0.698771 0.720927 0.697912 0.703280 0.699630 0.720927 0.697912 0.718643 0.800281 0.670910 0.845737 0.703280 0.699630 0.712229 0.809192 0.707394 0.925599
500 0.717677 0.538753 0.717754 0.700095 0.722957 0.698709 0.712551 0.701481 0.722957 0.698709 0.724038 0.799347 0.688130 0.860647 0.712551 0.701481 0.724653 0.810794 0.708991 0.924269
501 0.723162 0.539071 0.723410 0.703204 0.729799 0.702229 0.717020 0.704179 0.729799 0.702229 0.745261 0.799423 0.711334 0.877652 0.717020 0.704179 0.723657 0.810461 0.707805 0.923970
502 0.730284 0.540851 0.731778 0.707254 0.739604 0.705964 0.723952 0.708543 0.739604 0.705964 0.757461 0.801259 0.726748 0.893861 0.723952 0.708543 0.719316 0.814360 0.709512 0.925258
503 0.739893 0.545120 0.738615 0.710302 0.744037 0.707494 0.733192 0.713109 0.744037 0.707494 0.763685 0.805288 0.752189 0.909434 0.733192 0.713109 0.721168 0.818353 0.708521 0.926918
504 0.748076 0.546723 0.744987 0.712899 0.747585 0.709904 0.742389 0.715894 0.747585 0.709904 0.762929 0.812992 0.778228 0.924009 0.742389 0.715894 0.726460 0.823193 0.707527 0.928189
505 0.756029 0.552549 0.754510 0.717613 0.756974 0.714589 0.752046 0.720637 0.756974 0.714589 0.769443 0.817828 0.797519 0.924217 0.752046 0.720637 0.735612 0.825333 0.708018 0.926226
506 0.763422 0.556479 0.762266 0.721545 0.763282 0.717945 0.761250 0.725144 0.763282 0.717945 0.783007 0.823044 0.807043 0.936357 0.761250 0.725144 0.741970 0.828938 0.709661 0.925607
507 0.770386 0.558614 0.769201 0.722562 0.765023 0.718241 0.773379 0.726882 0.765023 0.718241 0.770095 0.819995 0.764018 0.920199 0.773379 0.726882 0.769066 0.837097 0.745746 0.941285
508 0.778392 0.559029 0.777279 0.723564 0.772671 0.719830 0.781886 0.727299 0.772671 0.719830 0.767182 0.822790 0.728541 0.914269 0.781886 0.727299 0.784846 0.834801 0.803150 0.943459
509 0.786794 0.557709 0.789231 0.721321 0.788474 0.718150 0.789987 0.724492 0.788474 0.718150 0.795606 0.825609 0.801725 0.934210 0.789987 0.724492 0.794010 0.833840 0.763453 0.904593
510 0.794173 0.556956 0.797940 0.720237 0.799679 0.717566 0.796200 0.722907 0.799679 0.717566 0.809543 0.827739 0.806850 0.936628 0.796200 0.722907 0.804679 0.834792 0.747834 0.892426
511 0.802227 0.555299 0.806409 0.718272 0.809207 0.716663 0.803611 0.719881 0.809207 0.716663 0.818650 0.825808 0.784047 0.936171 0.803611 0.719881 0.813520 0.834129 0.774487 0.899687
512 0.810184 0.554466 0.813391 0.717352 0.812737 0.715479 0.814044 0.719225 0.812737 0.715479 0.822955 0.825201 0.785649 0.905602 0.814044 0.719225 0.825914 0.834722 0.804187 0.930815
513 0.818642 0.552446 0.822462 0.714664 0.821407 0.713335 0.823518 0.715993 0.821407 0.713335 0.829622 0.825582 0.800560 0.908264 0.823518 0.715993 0.841354 0.833716 0.803882 0.928417
514 0.825001 0.551125 0.827691 0.714173 0.826024 0.712790 0.829357 0.715556 0.826024 0.712790 0.837385 0.825608 0.812976 0.915661 0.829357 0.715556 0.848729 0.833395 0.813798 0.935317
515 0.832761 0.551474 0.835973 0.716927 0.830697 0.713683 0.841249 0.720170 0.830697 0.713683 0.825904 0.831136 0.812381 0.940300 0.841249 0.720170 0.875850 0.835376 0.835741 0.936876
516 0.845474 0.552883 0.844721 0.719096 0.839392 0.715653 0.850051 0.722539 0.839392 0.715653 0.826746 0.837201 0.811883 0.947294 0.850051 0.722539 0.887046 0.838260 0.870157 0.935405
517 0.852533 0.555249 0.852654 0.724030 0.845961 0.719535 0.859347 0.728526 0.845961 0.719535 0.830321 0.838585 0.811005 0.948141 0.859347 0.728526 0.888189 0.844887 0.892356 0.965675
518 0.863433 0.559383 0.861670 0.731743 0.854195 0.727385 0.869144 0.736100 0.854195 0.727385 0.838183 0.838189 0.811499 0.947688 0.869144 0.736100 0.891341 0.845536 0.904880 0.963554
519 0.872008 0.564511 0.875211 0.735433 0.874744 0.730189 0.875677 0.740678 0.874744 0.730189 0.874799 0.835990 0.891331 0.930189 0.875677 0.740678 0.867991 0.843880 0.838533 0.958446
520 0.879127 0.568311 0.881244 0.735921 0.879796 0.730120 0.882692 0.741722 0.879796 0.730120 0.875763 0.830606 0.885712 0.909259 0.882692 0.741722 0.868416 0.843365 0.827281 0.942740
521 0.890327 0.566973 0.887728 0.733670 0.884475 0.728284 0.890981 0.739055 0.884475 0.728284 0.881247 0.825097 0.856567 0.894796 0.890981 0.739055 0.882066 0.840158 0.826954 0.922697
522 -1 -1 -1 -1 -1 -1 -1 -1 -1 -1 -1 -1 -1 -1 -1 -1 -1 -1 -1 -1
523 -1 -1 -1 -1 -1 -1 -1 -1 -1 -1 -1 -1 -1 -1 -1 -1 -1 -1 -1 -1
524 -1 -1 -1 -1 -1 -1 -1 -1 -1 -1 -1 -1 -1 -1 -1 -1 -1 -1 -1 -1
525 -1 -1 -1 -1 -1 -1 -1 -1 -1 -1 -1 -1 -1 -1 -1 -1 -1 -1 -1 -1
526 0.915773 0.628682 0.910822 0.707971 0.904394 0.703831 0.917251 0.712112 0.904394 0.703831 0.903229 0.755641 0.893622 0.791653 0.917251 0.712112 0.908496 0.737748 0.920646 0.795295
527 -1 -1 -1 -1 -1 -1 -1 -1 -1 -1 -1 -1 -1 -1 -1 -1 -1 -1 -1 -1
528 -1 -1 -1 -1 -1 -1 -1 -1 -1 -1 -1 -1 -1 -1 -1 -1 -1 -1 -1 -1
529 -1 -1 -1 -1 -1 -1 -1 -1 -1 -1 -1 -1 -1 -1 -1 -1 -1 -1 -1 -1
530 -1 -1 -1 -1 -1 -1 -1 -1 -1 -1 -1 -1 -1 -1 -1 -1 -1 -1 -1 -1
531 -1 -1 -1 -1 -1 -1 -1 -1 -1 -1 -1 -1 -1 -1 -1 -1 -1 -1 -1 -1
532 -1 -1 -1 -1 -1 -1 -1 -1 -1 -1 -1 -1 -1 -1 -1 -1 -1 -1 -1 -1
533 -1 -1 -1 -1 -1 -1 -1 -1 -1 -1 -1 -1 -1 -1 -1 -1 -1 -1 -1 -1
534 -1 -1 -1 -1 -1 -1 -1 -1 -1 -1 -1 -1 -1 -1 -1 -1 -1 -1 -1 -1
535 -1 -1 -1 -1 -1 -1 -1 -1 -1 -1 -1 -1 -1 -1 -1 -1 -1 -1 -1 -1
536 -1 -1 -1 -1 -1 -1 -1 -1 -1 -1 -1 -1 -1 -1 -1 -1 -1 -1 -1 -1
537 -1 -1 -1 -1 -1 -1 -1 -1 -1 -1 -1 -1 -1 -1 -1 -1 -1 -1 -1 -1
538 -1 -1 -1 -1 -1 -1 -1 -1 -1 -1 -1 -1 -1 -1 -1 -1 -1 -1 -1 -1
539 -1 -1 -1 -1 -1 -1 -1 -1 -1 -1 -1 -1 -1 -1 -1 -1 -1 -1 -1 -1
540 -1 -1 -1 -1 -1 -1 -1 -1 -1 -1 -1 -1 -1 -1 -1 -1 -1 -1 -1 -1
541 -1 -1 -1 -1 -1 -1 -1 -1 -1 -1 -1 -1 -1 -1 -1 -1 -1 -1 -1 -1
542 -1 -1 -1 -1 -1 -1 -1 -1 -1 -1 -1 -1 -1 -1 -1 -1 -1 -1 -1 -1
543 -1 -1 -1 -1 -1 -1 -1 -1 -1 -1 -1 -1 -1 -1 -1 -1 -1 -1 -1 -1
544 -1 -1 -1 -1 -1 -1 -1 -1 -1 -1 -1 -1 -1 -1 -1 -1 -1 -1 -1 -1
545 -1 -1 -1 -1 -1 -1 -1 -1 -1 -1 -1 -1 -1 -1 -1 -1 -1 -1 -1 -1
546 -1 -1 -1 -1 -1 -1 -1 -1 -1 -1 -1 -1 -1 -1 -1 -1 -1 -1 -1 -1
547 -1 -1 -1 -1 -1 -1 -1 -1 -1 -1 -1 -1 -1 -1 -1 -1 -1 -1 -1 -1
548 -1 -1 -1 -1 -1 -1 -1 -1 -1 -1 -1 -1 -1 -1 -1 -1 -1 -1 -1 -1
549 -1 -1 -1 -1 -1 -1 -1 -1 -1 -1 -1 -1 -1 -1 -1 -1 -1 -1 -1 -1
550 -1 -1 -1 -1 -1 -1 -1 -1 -1 -1 -1 -1 -1 -1 -1 -1 -1 -1 -1 -1
551 -1 -1 -1 -1 -1 -1 -1 -1 -1 -1 -1 -1 -1 -1 -1 -1 -1 -1 -1 -1
552 -1 -1 -1 -1 -1 -1 -1 -1 -1 -1 -1 -1 -1 -1 -1 -1 -1 -1 -1 -1
553 -1 -1 -1 -1 -1 -1 -1 -1 -1 -1 -1 -1 -1 -1 -1 -1 -1 -1 -1 -1
554 -1 -1 -1 -1 -1 -1 -1 -1 -1 -1 -1 -1 -1 -1 -1 -1 -1 -1 -1 -1
555 -1 -1 -1 -1 -1 -1 -1 -1 -1 -1 -1 -1 -1 -1 -1 -1 -1 -1 -1 -1
556 -1 -1 -1 -1 -1 -1 -1 -1 -1 -1 -1 -1 -1 -1 -1 -1 -1 -1 -1 -1
557 -1 -1 -1 -1 -1 -1 -1 -1 -1 -1 -1 -1 -1 -1 -1 -1 -1 -1 -1 -1
558 -1 -1 -1 -1 -1 -1 -1 -1 -1 -1 -1 -1 -1 -1 -1 -1 -1 -1 -1 -1
559 -1 -1 -1 -1 -1 -1 -1 -1 -1 -1 -1 -1 -1 -1 -1 -1 -1 -1 -1 -1
560 -1 -1 -1 -1 -1 -1 -1 -1 -1 -1 -1 -1 -1 -1 -1 -1 -1 -1 -1 -1
561 -1 -1 -1 -1 -1 -1 -1 -1 -1 -1 -1 -1 -1 -1 -1 -1 -1 -1 -1 -1
562 -1 -1 -1 -1 -1 -1 -1 -1 -1 -1 -1 -1 -1 -1 -1 -1 -1 -1 -1 -1
563 -1 -1 -1 -1 -1 -1 -1 -1 -1 -1 -1 -1 -1 -1 -1 -1 -1 -1 -1 -1
564 -1 -1 -1 -1 -1 -1 -1 -1 -1 -1 -1 -1 -1 -1 -1 -1 -1 -1 -1 -1
565 -1 -1 -1 -1 -1 -1 -1 -1 -1 -1 -1 -1 -1 -1 -1 -1 -1 -1 -1 -1
566 -1 -1 -1 -1 -1 -1 -1 -1 -1 -1 -1 -1 -1 -1 -1 -1 -1 -1 -1 -1
567 -1 -1 -1 -1 -1 -1 -1 -1 -1 -1 -1 -1 -1 -1 -1 -1 -1 -1 -1 -1
568 -1 -1 -1 -1 -1 -1 -1 -1 -1 -1 -1 -1 -1 -1 -1 -1 -1 -1 -1 -1
569 -1 -1 -1 -1 -1 -1 -1 -1 -1 -1 -1 -1 -1 -1 -1 -1 -1 -1 -1 -1
570 -1 -1 -1 -1 -1 -1 -1 -1 -1 -1 -1 -1 -1 -1 -1 -1 -1 -1 -1 -1
571 -1 -1 -1 -1 -1 -1 -1 -1 -1 -1 -1 -1 -1 -1 -1 -1 -1 -1 -1 -1
572 -1 -1 -1 -1 -1 -1 -1 -1 -1 -1 -1 -1 -1 -1 -1 -1 -1 -1 -1 -1
573 -1 -1 -1 -1 -1 -1 -1 -1 -1 -1 -1 -1 -1 -1 -1 -1 -1 -1 -1 -1
574 -1 -1 -1 -1 -1 -1 -1 -1 -1 -1 -1 -1 -1 -1 -1 -1 -1 -1 -1 -1
575 -1 -1 -1 -1 -1 -1 -1 -1 -1 -1 -1 -1 -1 -1 -1 -1 -1 -1 -1 -1
576 -1 -1 -1 -1 -1 -1 -1 -1 -1 -1 -1 -1 -1 -1 -1 -1 -1 -1 -1 -1
577 -1 -1 -1 -1 -1 -1 -1 -1 -1 -1 -1 -1 -1 -1 -1 -1 -1 -1 -1 -1
578 -1 -1 -1 -1 -1 -1 -1 -1 -1 -1 -1 -1 -1 -1 -1 -1 -1 -1 -1 -1
579 -1 -1 -1 -1 -1 -1 -1 -1 -1 -1 -1 -1 -1 -1 -1 -1 -1 -1 -1 -1
580 -1 -1 -1 -1 -1 -1 -1 -1 -1 -1 -1 -1 -1 -1 -1 -1 -1 -1 -1 -1
581 -1 -1 -1 -1 -1 -1 -1 -1 -1 -1 -1 -1 -1 -1 -1 -1 -1 -1 -1 -1
582 -1 -1 -1 -1 -1 -1 -1 -1 -1 -1 -1 -1 -1 -1 -1 -1 -1 -1 -1 -1
583 -1 -1 -1 -1 -1 -1 -1 -1 -1 -1 -1 -1 -1 -1 -1 -1 -1 -1 -1 -1
584 -1 -1 -1 -1 -1 -1 -1 -1 -1 -1 -1 -1 -1 -1 -1 -1 -1 -1 -1 -1
585 -1 -1 -1 -1 -1 -1 -1 -1 -1 -1 -1 -1 -1 -1 -1 -1 -1 -1 -1 -1
586 -1 -1 -1 -1 -1 -1 -1 -1 -1 -1 -1 -1 -1 -1 -1 -1 -1 -1 -1 -1
587 -1 -1 -1 -1 -1 -1 -1 -1 -1 -1 -1 -1 -1 -1 -1 -1 -1 -1 -1 -1
588 -1 -1 -1 -1 -1 -1 -1 -1 -1 -1 -1 -1 -1 -1 -1 -1 -1 -1 -1 -1
589 -1 -1 -1 -1 -1 -1 -1 -1 -1 -1 -1 -1 -1 -1 -1 -1 -1 -1 -1 -1
590 -1 -1 -1 -1 -1 -1 -1 -1 -1 -1 -1 -1 -1 -1 -1 -1 -1 -1 -1 -1
591 -1 -1 -1 -1 -1 -1 -1 -1 -1 -1 -1 -1 -1 -1 -1 -1 -1 -1 -1 -1
592 -1 -1 -1 -1 -1 -1 -1 -1 -1 -1 -1 -1 -1 -1 -1 -1 -1 -1 -1 -1
593 -1 -1 -1 -1 -1 -1 -1 -1 -1 -1 -1 -1 -1 -1 -1 -1 -1 -1 -1 -1
594 -1 -1 -1 -1 -1 -1 -1 -1 -1 -1 -1 -1 -1 -1 -1 -1 -1 -1 -1 -1
595 -1 -1 -1 -1 -1 -1 -1 -1 -1 -1 -1 -1 -1 -1 -1 -1 -1 -1 -1 -1
596 -1 -1 -1 -1 -1 -1 -1 -1 -1 -1 -1 -1 -1 -1 -1 -1 -1 -1 -1 -1
597 -1 -1 -1 -1 -1 -1 -1 -1 -1 -1 -1 -1 -1 -1 -1 -1 -1 -1 -1 -1
598 -1 -1 -1 -1 -1 -1 -1 -1 -1 -1 -1 -1 -1 -1 -1 -1 -1 -1 -1 -1
599 -1 -1 -1 -1 -1 -1 -1 -1 -1 -1 -1 -1 -1 -1 -1 -1 -1 -1 -1 -1
600 -1 -1 -1 -1 -1 -1 -1 -1 -1 -1 -1 -1 -1 -1 -1 -1 -1 -1 -1 -1
601 -1 -1 -1 -1 -1 -1 -1 -1 -1 -1 -1 -1 -1 -1 -1 -1 -1 -1 -1 -1
602 -1 -1 -1 -1 -1 -1 -1 -1 -1 -1 -1 -1 -1 -1 -1 -1 -1 -1 -1 -1
603 -1 -1 -1 -1 -1 -1 -1 -1 -1 -1 -1 -1 -1 -1 -1 -1 -1 -1 -1 -1
604 -1 -1 -1 -1 -1 -1 -1 -1 -1 -1 -1 -1 -1 -1 -1 -1 -1 -1 -1 -1
605 -1 -1 -1 -1 -1 -1 -1 -1 -1 -1 -1 -1 -1 -1 -1 -1 -1 -1 -1 -1
606 -1 -1 -1 -1 -1 -1 -1 -1 -1 -1 -1 -1 -1 -1 -1 -1 -1 -1 -1 -1
607 -1 -1 -1 -1 -1 -1 -1 -1 -1 -1 -1 -1 -1 -1 -1 -1 -1 -1 -1 -1
608 -1 -1 -1 -1 -1 -1 -1 -1 -1 -1 -1 -1 -1 -1 -1 -1 -1 -1 -1 -1
609 -1 -1 -1 -1 -1 -1 -1 -1 -1 -1 -1 -1 -1 -1 -1 -1 -1 -1 -1 -1
610 -1 -1 -1 -1 -1 -1 -1 -1 -1 -1 -1 -1 -1 -1 -1 -1 -1 -1 -1 -1
611 -1 -1 -1 -1 -1 -1 -1 -1 -1 -1 -1 -1 -1 -1 -1 -1 -1 -1 -1 -1
612 -1 -1 -1 -1 -1 -1 -1 -1 -1 -1 -1 -1 -1 -1 -1 -1 -1 -1 -1 -1
613 -1 -1 -1 -1 -1 -1 -1 -1 -1 -1 -1 -1 -1 -1 -1 -1 -1 -1 -1 -1
614 -1 -1 -1 -1 -1 -1 -1 -1 -1 -1 -1 -1 -1 -1 -1 -1 -1 -1 -1 -1
615 -1 -1 -1 -1 -1 -1 -1 -1 -1 -1 -1 -1 -1 -1 -1 -1 -1 -1 -1 -1
616 -1 -1 -1 -1 -1 -1 -1 -1 -1 -1 -1 -1 -1 -1 -1 -1 -1 -1 -1 -1
617 -1 -1 -1 -1 -1 -1 -1 -1 -1 -1 -1 -1 -1 -1 -1 -1 -1 -1 -1 -1
618 -1 -1 -1 -1 -1 -1 -1 -1 -1 -1 -1 -1 -1 -1 -1 -1 -1 -1 -1 -1
619 -1 -1 -1 -1 -1 -1 -1 -1 -1 -1 -1 -1 -1 -1 -1 -1 -1 -1 -1 -1
620 -1 -1 -1 -1 -1 -1 -1 -1 -1 -1 -1 -1 -1 -1 -1 -1 -1 -1 -1 -1
621 -1 -1 -1 -1 -1 -1 -1 -1 -1 -1 -1 -1 -1 -1 -1 -1 -1 -1 -1 -1
622 -1 -1 -1 -1 -1 -1 -1 -1 -1 -1 -1 -1 -1 -1 -1 -1 -1 -1 -1 -1
623 -1 -1 -1 -1 -1 -1 -1 -1 -1 -1 -1 -1 -1 -1 -1 -1 -1 -1 -1 -1
624 -1 -1 -1 -1 -1 -1 -1 -1 -1 -1 -1 -1 -1 -1 -1 -1 -1 -1 -1 -1
625 -1 -1 -1 -1 -1 -1 -1 -1 -1 -1 -1 -1 -1 -1 -1 -1 -1 -1 -1 -1
626 -1 -1 -1 -1 -1 -1 -1 -1 -1 -1 -1 -1 -1 -1 -1 -1 -1 -1 -1 -1
627 -1 -1 -1 -1 -1 -1 -1 -1 -1 -1 -1 -1 -1 -1 -1 -1 -1 -1 -1 -1
628 -1 -1 -1 -1 -1 -1 -1 -1 -1 -1 -1 -1 -1 -1 -1 -1 -1 -1 -1 -1
629 -1 -1 -1 -1 -1 -1 -1 -1 -1 -1 -1 -1 -1 -1 -1 -1 -1 -1 -1 -1
630 -1 -1 -1 -1 -1 -1 -1 -1 -1 -1 -1 -1 -1 -1 -1 -1 -1 -1 -1 -1
631 -1 -1 -1 -1 -1 -1 -1 -1 -1 -1 -1 -1 -1 -1 -1 -1 -1 -1 -1 -1
632 -1 -1 -1 -1 -1 -1 -1 -1 -1 -1 -1 -1 -1 -1 -1 -1 -1 -1 -1 -1
633 -1 -1 -1 -1 -1 -1 -1 -1 -1 -1 -1 -1 -1 -1 -1 -1 -1 -1 -1 -1
634 -1 -1 -1 -1 -1 -1 -1 -1 -1 -1 -1 -1 -1 -1 -1 -1 -1 -1 -1 -1
635 -1 -1 -1 -1 -1 -1 -1 -1 -1 -1 -1 -1 -1 -1 -1 -1 -1 -1 -1 -1
636 -1 -1 -1 -1 -1 -1 -1 -1 -1 -1 -1 -1 -1 -1 -1 -1 -1 -1 -1 -1
637 -1 -1 -1 -1 -1 -1 -1 -1 -1 -1 -1 -1 -1 -1 -1 -1 -1 -1 -1 -1
638 -1 -1 -1 -1 -1 -1 -1 -1 -1 -1 -1 -1 -1 -1 -1 -1 -1 -1 -1 -1
639 -1 -1 -1 -1 -1 -1 -1 -1 -1 -1 -1 -1 -1 -1 -1 -1 -1 -1 -1 -1
640 -1 -1 -1 -1 -1 -1 -1 -1 -1 -1 -1 -1 -1 -1 -1 -1 -1 -1 -1 -1
641 -1 -1 -1 -1 -1 -1 -1 -1 -1 -1 -1 -1 -1 -1 -1 -1 -1 -1 -1 -1
642 -1 -1 -1 -1 -1 -1 -1 -1 -1 -1 -1 -1 -1 -1 -1 -1 -1 -1 -1 -1
643 -1 -1 -1 -1 -1 -1 -1 -1 -1 -1 -1 -1 -1 -1 -1 -1 -1 -1 -1 -1
644 -1 -1 -1 -1 -1 -1 -1 -1 -1 -1 -1 -1 -1 -1 -1 -1 -1 -1 -1 -1
645 -1 -1 -1 -1 -1 -1 -1 -1 -1 -1 -1 -1 -1 -1 -1 -1 -1 -1 -1 -1
646 -1 -1 -1 -1 -1 -1 -1 -1 -1 -1 -1 -1 -1 -1 -1 -1 -1 -1 -1 -1
647 -1 -1 -1 -1 -1 -1 -1 -1 -1 -1 -1 -1 -1 -1 -1 -1 -1 -1 -1 -1
648 -1 -1 -1 -1 -1 -1 -1 -1 -1 -1 -1 -1 -1 -1 -1 -1 -1 -1 -1 -1
649 -1 -1 -1 -1 -1 -1 -1 -1 -1 -1 -1 -1 -1 -1 -1 -1 -1 -1 -1 -1
650 -1 -1 -1 -1 -1 -1 -1 -1 -1 -1 -1 -1 -1 -1 -1 -1 -1 -1 -1 -1
651 -1 -1 -1 -1 -1 -1 -1 -1 -1 -1 -1 -1 -1 -1 -1 -1 -1 -1 -1 -1
652 -1 -1 -1 -1 -1 -1 -1 -1 -1 -1 -1 -1 -1 -1 -1 -1 -1 -1 -1 -1
653 -1 -1 -1 -1 -1 -1 -1 -1 -1 -1 -1 -1 -1 -1 -1 -1 -1 -1 -1 -1
654 -1 -1 -1 -1 -1 -1 -1 -1 -1 -1 -1 -1 -1 -1 -1 -1 -1 -1 -1 -1
655 -1 -1 -1 -1 -1 -1 -1 -1 -1 -1 -1 -1 -1 -1 -1 -1 -1 -1 -1 -1
656 -1 -1 -1 -1 -1 -1 -1 -1 -1 -1 -1 -1 -1 -1 -1 -1 -1 -1 -1 -1
657 -1 -1 -1 -1 -1 -1 -1 -1 -1 -1 -1 -1 -1 -1 -1 -1 -1 -1 -1 -1
658 -1 -1 -1 -1 -1 -1 -1 -1 -1 -1 -1 -1 -1 -1 -1 -1 -1 -1 -1 -1
659 -1 -1 -1 -1 -1 -1 -1 -1 -1 -1 -1 -1 -1 -1 -1 -1 -1 -1 -1 -1
660 -1 -1 -1 -1 -1 -1 -1 -1 -1 -1 -1 -1 -1 -1 -1 -1 -1 -1 -1 -1
661 -1 -1 -1 -1 -1 -1 -1 -1 -1 -1 -1 -1 -1 -1 -1 -1 -1 -1 -1 -1
662 -1 -1 -1 -1 -1 -1 -1 -1 -1 -1 -1 -1 -1 -1 -1 -1 -1 -1 -1 -1
663 -1 -1 -1 -1 -1 -1 -1 -1 -1 -1 -1 -1 -1 -1 -1 -1 -1 -1 -1 -1
664 -1 -1 -1 -1 -1 -1 -1 -1 -1 -1 -1 -1 -1 -1 -1 -1 -1 -1 -1 -1
665 -1 -1 -1 -1 -1 -1 -1 -1 -1 -1 -1 -1 -1 -1 -1 -1 -1 -1 -1 -1
666 -1 -1 -1 -1 -1 -1 -1 -1 -1 -1 -1 -1 -1 -1 -1 -1 -1 -1 -1 -1
667 -1 -1 -1 -1 -1 -1 -1 -1 -1 -1 -1 -1 -1 -1 -1 -1 -1 -1 -1 -1
668 -1 -1 -1 -1 -1 -1 -1 -1 -1 -1 -1 -1 -1 -1 -1 -1 -1 -1 -1 -1
669 -1 -1 -1 -1 -1 -1 -1 -1 -1 -1 -1 -1 -1 -1 -1 -1 -1 -1 -1 -1
670 -1 -1 -1 -1 -1 -1 -1 -1 -1 -1 -1 -1 -1 -1 -1 -1 -1 -1 -1 -1
671 -1 -1 -1 -1 -1 -1 -1 -1 -1 -1 -1 -1 -1 -1 -1 -1 -1 -1 -1 -1
672 -1 -1 -1 -1 -1 -1 -1 -1 -1 -1 -1 -1 -1 -1 -1 -1 -1 -1 -1 -1
673 -1 -1 -1 -1 -1 -1 -1 -1 -1 -1 -1 -1 -1 -1 -1 -1 -1 -1 -1 -1
674 -1 -1 -1 -1 -1 -1 -1 -1 -1 -1 -1 -1 -1 -1 -1 -1 -1 -1 -1 -1
