0
0
0 -1 -1 -1 -1 -1 -1 -1 -1 -1 -1 -1 -1 -1 -1 -1 -1 -1 -1 -1 -1
1 -1 -1 -1 -1 -1 -1 -1 -1 -1 -1 -1 -1 -1 -1 -1 -1 -1 -1 -1 -1
2 -1 -1 -1 -1 -1 -1 -1 -1 -1 -1 -1 -1 -1 -1 -1 -1 -1 -1 -1 -1
3 -1 -1 -1 -1 -1 -1 -1 -1 -1 -1 -1 -1 -1 -1 -1 -1 -1 -1 -1 -1
4 -1 -1 -1 -1 -1 -1 -1 -1 -1 -1 -1 -1 -1 -1 -1 -1 -1 -1 -1 -1
5 -1 -1 -1 -1 -1 -1 -1 -1 -1 -1 -1 -1 -1 -1 -1 -1 -1 -1 -1 -1
6 -1 -1 -1 -1 -1 -1 -1 -1 -1 -1 -1 -1 -1 -1 -1 -1 -1 -1 -1 -1
7 -1 -1 -1 -1 -1 -1 -1 -1 -1 -1 -1 -1 -1 -1 -1 -1 -1 -1 -1 -1
8 -1 -1 -1 -1 -1 -1 -1 -1 -1 -1 -1 -1 -1 -1 -1 -1 -1 -1 -1 -1
9 -1 -1 -1 -1 -1 -1 -1 -1 -1 -1 -1 -1 -1 -1 -1 -1 -1 -1 -1 -1
10 -1 -1 -1 -1 -1 -1 -1 -1 -1 -1 -1 -1 -1 -1 -1 -1 -1 -1 -1 -1
11 -1 -1 -1 -1 -1 -1 -1 -1 -1 -1 -1 -1 -1 -1 -1 -1 -1 -1 -1 -1
12 -1 -1 -1 -1 -1 -1 -1 -1 -1 -1 -1 -1 -1 -1 -1 -1 -1 -1 -1 -1
13 -1 -1 -1 -1 -1 -1 -1 -1 -1 -1 -1 -1 -1 -1 -1 -1 -1 -1 -1 -1
14 -1 -1 -1 -1 -1 -1 -1 -1 -1 -1 -1 -1 -1 -1 -1 -1 -1 -1 -1 -1
15 -1 -1 -1 -1 -1 -1 -1 -1 -1 -1 -1 -1 -1 -1 -1 -1 -1 -1 -1 -1
16 -1 -1 -1 -1 -1 -1 -1 -1 -1 -1 -1 -1 -1 -1 -1 -1 -1 -1 -1 -1
17 -1 -1 -1 -1 -1 -1 -1 -1 -1 -1 -1 -1 -1 -1 -1 -1 -1 -1 -1 -1
18 -1 -1 -1 -1 -1 -1 -1 -1 -1 -1 -1 -1 -1 -1 -1 -1 -1 -1 -1 -1
19 -1 -1 -1 -1 -1 -1 -1 -1 -1 -1 -1 -1 -1 -1 -1 -1 -1 -1 -1 -1
20 -1 -1 -1 -1 -1 -1 -1 -1 -1 -1 -1 -1 -1 -1 -1 -1 -1 -1 -1 -1
21 -1 -1 -1 -1 -1 -1 -1 -1 -1 -1 -1 -1 -1 -1 -1 -1 -1 -1 -1 -1
22 -1 -1 -1 -1 -1 -1 -1 -1 -1 -1 -1 -1 -1 -1 -1 -1 -1 -1 -1 -1
23 -1 -1 -1 -1 -1 -1 -1 -1 -1 -1 -1 -1 -1 -1 -1 -1 -1 -1 -1 -1
24 -1 -1 -1 -1 -1 -1 -1 -1 -1 -1 -1 -1 -1 -1 -1 -1 -1 -1 -1 -1
25 -1 -1 -1 -1 -1 -1 -1 -1 -1 -1 -1 -1 -1 -1 -1 -1 -1 -1 -1 -1
26 -1 -1 -1 -1 -1 -1 -1 -1 -1 -1 -1 -1 -1 -1 -1 -1 -1 -1 -1 -1
27 -1 -1 -1 -1 -1 -1 -1 -1 -1 -1 -1 -1 -1 -1 -1 -1 -1 -1 -1 -1
28 -1 -1 -1 -1 -1 -1 -1 -1 -1 -1 -1 -1 -1 -1 -1 -1 -1 -1 -1 -1
29 -1 -1 -1 -1 -1 -1 -1 -1 -1 -1 -1 -1 -1 -1 -1 -1 -1 -1 -1 -1
30 -1 -1 -1 -1 -1 -1 -1 -1 -1 -1 -1 -1 -1 -1 -1 -1 -1 -1 -1 -1
31 -1 -1 -1 -1 -1 -1 -1 -1 -1 -1 -1 -1 -1 -1 -1 -1 -1 -1 -1 -1
32 -1 -1 -1 -1 -1 -1 -1 -1 -1 -1 -1 -1 -1 -1 -1 -1 -1 -1 -1 -1
33 -1 -1 -1 -1 -1 -1 -1 -1 -1 -1 -1 -1 -1 -1 -1 -1 -1 -1 -1 -1
34 -1 -1 -1 -1 -1 -1 -1 -1 -1 -1 -1 -1 -1 -1 -1 -1 -1 -1 -1 -1
35 -1 -1 -1 -1 -1 -1 -1 -1 -1 -1 -1 -1 -1 -1 -1 -1 -1 -1 -1 -1
36 -1 -1 -1 -1 -1 -1 -1 -1 -1 -1 -1 -1 -1 -1 -1 -1 -1 -1 -1 -1
37 -1 -1 -1 -1 -1 -1 -1 -1 -1 -1 -1 -1 -1 -1 -1 -1 -1 -1 -1 -1
38 -1 -1 -1 -1 -1 -1 -1 -1 -1 -1 -1 -1 -1 -1 -1 -1 -1 -1 -1 -1
39 -1 -1 -1 -1 -1 -1 -1 -1 -1 -1 -1 -1 -1 -1 -1 -1 -1 -1 -1 -1
40 -1 -1 -1 -1 -1 -1 -1 -1 -1 -1 -1 -1 -1 -1 -1 -1 -1 -1 -1 -1
41 -1 -1 -1 -1 -1 -1 -1 -1 -1 -1 -1 -1 -1 -1 -1 -1 -1 -1 -1 -1
42 -1 -1 -1 -1 -1 -1 -1 -1 -1 -1 -1 -1 -1 -1 -1 -1 -1 -1 -1 -1
43 -1 -1 -1 -1 -1 -1 -1 -1 -1 -1 -1 -1 -1 -1 -1 -1 -1 -1 -1 -1
44 -1 -1 -1 -1 -1 -1 -1 -1 -1 -1 -1 -1 -1 -1 -1 -1 -1 -1 -1 -1
45 -1 -1 -1 -1 -1 -1 -1 -1 -1 -1 -1 -1 -1 -1 -1 -1 -1 -1 -1 -1
46 -1 -1 -1 -1 -1 -1 -1 -1 -1 -1 -1 -1 -1 -1 -1 -1 -1 -1 -1 -1
47 -1 -1 -1 -1 -1 -1 -1 -1 -1 -1 -1 -1 -1 -1 -1 -1 -1 -1 -1 -1
48 -1 -1 -1 -1 -1 -1 -1 -1 -1 -1 -1 -1 -1 -1 -1 -1 -1 -1 -1 -1
49 -1 -1 -1 -1 -1 -1 -1 -1 -1 -1 -1 -1 -1 -1 -1 -1 -1 -1 -1 -1
50 -1 -1 -1 -1 -1 -1 -1 -1 -1 -1 -1 -1 -1 -1 -1 -1 -1 -1 -1 -1
51 -1 -1 -1 -1 -1 -1 -1 -1 -1 -1 -1 -1 -1 -1 -1 -1 -1 -1 -1 -1
52 -1 -1 -1 -1 -1 -1 -1 -1 -1 -1 -1 -1 -1 -1 -1 -1 -1 -1 -1 -1
53 -1 -1 -1 -1 -1 -1 -1 -1 -1 -1 -1 -1 -1 -1 -1 -1 -1 -1 -1 -1
54 -1 -1 -1 -1 -1 -1 -1 -1 -1 -1 -1 -1 -1 -1 -1 -1 -1 -1 -1 -1
55 -1 -1 -1 -1 -1 -1 -1 -1 -1 -1 -1 -1 -1 -1 -1 -1 -1 -1 -1 -1
56 -1 -1 -1 -1 -1 -1 -1 -1 -1 -1 -1 -1 -1 -1 -1 -1 -1 -1 -1 -1
57 -1 -1 -1 -1 -1 -1 -1 -1 -1 -1 -1 -1 -1 -1 -1 -1 -1 -1 -1 -1
58 -1 -1 -1 -1 -1 -1 -1 -1 -1 -1 -1 -1 -1 -1 -1 -1 -1 -1 -1 -1
59 -1 -1 -1 -1 -1 -1 -1 -1 -1 -1 -1 -1 -1 -1 -1 -1 -1 -1 -1 -1
60 -1 -1 -1 -1 -1 -1 -1 -1 -1 -1 -1 -1 -1 -1 -1 -1 -1 -1 -1 -1
61 -1 -1 -1 -1 -1 -1 -1 -1 -1 -1 -1 -1 -1 -1 -1 -1 -1 -1 -1 -1
62 -1 -1 -1 -1 -1 -1 -1 -1 -1 -1 -1 -1 -1 -1 -1 -1 -1 -1 -1 -1
63 -1 -1 -1 -1 -1 -1 -1 -1 -1 -1 -1 -1 -1 -1 -1 -1 -1 -1 -1 -1
64 -1 -1 -1 -1 -1 -1 -1 -1 -1 -1 -1 -1 -1 -1 -1 -1 -1 -1 -1 -1
65 -1 -1 -1 -1 -1 -1 -1 -1 -1 -1 -1 -1 -1 -1 -1 -1 -1 -1 -1 -1
66 -1 -1 -1 -1 -1 -1 -1 -1 -1 -1 -1 -1 -1 -1 -1 -1 -1 -1 -1 -1
67 -1 -1 -1 -1 -1 -1 -1 -1 -1 -1 -1 -1 -1 -1 -1 -1 -1 -1 -1 -1
68 -1 -1 -1 -1 -1 -1 -1 -1 -1 -1 -1 -1 -1 -1 -1 -1 -1 -1 -1 -1
69 -1 -1 -1 -1 -1 -1 -1 -1 -1 -1 -1 -1 -1 -1 -1 -1 -1 -1 -1 -1
70 -1 -1 -1 -1 -1 -1 -1 -1 -1 -1 -1 -1 -1 -1 -1 -1 -1 -1 -1 -1
71 -1 -1 -1 -1 -1 -1 -1 -1 -1 -1 -1 -1 -1 -1 -1 -1 -1 -1 -1 -1
72 -1 -1 -1 -1 -1 -1 -1 -1 -1 -1 -1 -1 -1 -1 -1 -1 -1 -1 -1 -1
73 -1 -1 -1 -1 -1 -1 -1 -1 -1 -1 -1 -1 -1 -1 -1 -1 -1 -1 -1 -1
74 -1 -1 -1 -1 -1 -1 -1 -1 -1 -1 -1 -1 -1 -1 -1 -1 -1 -1 -1 -1
75 -1 -1 -1 -1 -1 -1 -1 -1 -1 -1 -1 -1 -1 -1 -1 -1 -1 -1 -1 -1
76 -1 -1 -1 -1 -1 -1 -1 -1 -1 -1 -1 -1 -1 -1 -1 -1 -1 -1 -1 -1
77 -1 -1 -1 -1 -1 -1 -1 -1 -1 -1 -1 -1 -1 -1 -1 -1 -1 -1 -1 -1
78 -1 -1 -1 -1 -1 -1 -1 -1 -1 -1 -1 -1 -1 -1 -1 -1 -1 -1 -1 -1
79 -1 -1 -1 -1 -1 -1 -1 -1 -1 -1 -1 -1 -1 -1 -1 -1 -1 -1 -1 -1
80 -1 -1 -1 -1 -1 -1 -1 -1 -1 -1 -1 -1 -1 -1 -1 -1 -1 -1 -1 -1
81 -1 -1 -1 -1 -1 -1 -1 -1 -1 -1 -1 -1 -1 -1 -1 -1 -1 -1 -1 -1
82 -1 -1 -1 -1 -1 -1 -1 -1 -1 -1 -1 -1 -1 -1 -1 -1 -1 -1 -1 -1
83 -1 -1 -1 -1 -1 -1 -1 -1 -1 -1 -1 -1 -1 -1 -1 -1 -1 -1 -1 -1
84 -1 -1 -1 -1 -1 -1 -1 -1 -1 -1 -1 -1 -1 -1 -1 -1 -1 -1 -1 -1
85 -1 -1 -1 -1 -1 -1 -1 -1 -1 -1 -1 -1 -1 -1 -1 -1 -1 -1 -1 -1
86 -1 -1 -1 -1 -1 -1 -1 -1 -1 -1 -1 -1 -1 -1 -1 -1 -1 -1 -1 -1
87 -1 -1 -1 -1 -1 -1 -1 -1 -1 -1 -1 -1 -1 -1 -1 -1 -1 -1 -1 -1
88 -1 -1 -1 -1 -1 -1 -1 -1 -1 -1 -1 -1 -1 -1 -1 -1 -1 -1 -1 -1
89 -1 -1 -1 -1 -1 -1 -1 -1 -1 -1 -1 -1 -1 -1 -1 -1 -1 -1 -1 -1
90 -1 -1 -1 -1 -1 -1 -1 -1 -1 -1 -1 -1 -1 -1 -1 -1 -1 -1 -1 -1
91 -1 -1 -1 -1 -1 -1 -1 -1 -1 -1 -1 -1 -1 -1 -1 -1 -1 -1 -1 -1
92 -1 -1 -1 -1 -1 -1 -1 -1 -1 -1 -1 -1 -1 -1 -1 -1 -1 -1 -1 -1
93 -1 -1 -1 -1 -1 -1 -1 -1 -1 -1 -1 -1 -1 -1 -1 -1 -1 -1 -1 -1
94 -1 -1 -1 -1 -1 -1 -1 -1 -1 -1 -1 -1 -1 -1 -1 -1 -1 -1 -1 -1
95 -1 -1 -1 -1 -1 -1 -1 -1 -1 -1 -1 -1 -1 -1 -1 -1 -1 -1 -1 -1
96 -1 -1 -1 -1 -1 -1 -1 -1 -1 -1 -1 -1 -1 -1 -1 -1 -1 -1 -1 -1
97 -1 -1 -1 -1 -1 -1 -1 -1 -1 -1 -1 -1 -1 -1 -1 -1 -1 -1 -1 -1
98 -1 -1 -1 -1 -1 -1 -1 -1 -1 -1 -1 -1 -1 -1 -1 -1 -1 -1 -1 -1
99 -1 -1 -1 -1 -1 -1 -1 -1 -1 -1 -1 -1 -1 -1 -1 -1 -1 -1 -1 -1
100 -1 -1 -1 -1 -1 -1 -1 -1 -1 -1 -1 -1 -1 -1 -1 -1 -1 -1 -1 -1
101 -1 -1 -1 -1 -1 -1 -1 -1 -1 -1 -1 -1 -1 -1 -1 -1 -1 -1 -1 -1
102 0.554019 0.224954 0.552647 0.422138 0.551529 0.425060 0.553765 0.419215 0.551529 0.425060 0.536196 0.557932 0.543604 0.692167 0.553765 0.419215 0.560774 0.548058 0.610055 0.682033
103 0.546822 0.225431 0.547267 0.419132 0.552303 0.421845 0.542230 0.416419 0.552303 0.421845 0.537806 0.557670 0.550011 0.692369 0.542230 0.416419 0.550629 0.546725 0.602422 0.668037
104 0.541937 0.224012 0.542143 0.416606 0.548790 0.420567 0.535496 0.412644 0.548790 0.420567 0.534910 0.557755 0.549855 0.692784 0.535496 0.412644 0.546322 0.540829 0.599375 0.650566
105 0.537364 0.222628 0.536317 0.414673 0.542858 0.419159 0.529777 0.410187 0.542858 0.419159 0.529684 0.554551 0.549389 0.690392 0.529777 0.410187 0.540588 0.532015 0.585288 0.639265
106 0.532627 0.221589 0.532224 0.410158 0.540357 0.414644 0.524092 0.405671 0.540357 0.414644 0.526966 0.547031 0.546753 0.683007 0.524092 0.405671 0.535004 0.524876 0.565540 0.638006
107 0.528208 0.218677 0.529350 0.404782 0.537328 0.409510 0.521373 0.400053 0.537328 0.409510 0.526783 0.542789 0.546329 0.680654 0.521373 0.400053 0.525390 0.516617 0.550922 0.644917
108 0.523069 0.217698 0.523763 0.400585 0.532288 0.406723 0.515238 0.394447 0.532288 0.406723 0.525055 0.537569 0.541684 0.675859 0.515238 0.394447 0.515120 0.496520 0.537404 0.626585
109 0.519585 0.215964 0.521361 0.398789 0.523648 0.405025 0.519073 0.392554 0.523648 0.405025 0.521377 0.530519 0.537890 0.668966 0.519073 0.392554 0.517077 0.496045 0.530973 0.617157
110 0.518957 0.213195 0.514756 0.394283 0.521372 0.400466 0.508141 0.388099 0.521372 0.400466 0.518988 0.529378 0.535330 0.669610 0.508141 0.388099 0.508852 0.487142 0.516062 0.604214
111 0.510189 0.215103 0.514014 0.395998 0.510409 0.400768 0.517619 0.391229 0.510409 0.400768 0.517560 0.532003 0.538291 0.670427 0.517619 0.391229 0.506263 0.492264 0.499158 0.597903
112 0.506094 0.215991 0.510343 0.395388 0.499944 0.398165 0.520742 0.392611 0.499944 0.398165 0.514674 0.530567 0.538261 0.672687 0.520742 0.392611 0.505693 0.497775 0.487999 0.592909
113 0.505380 0.216296 0.507368 0.396276 0.500782 0.399142 0.513953 0.393410 0.500782 0.399142 0.513783 0.532160 0.539627 0.677110 0.513953 0.393410 0.500057 0.497975 0.483323 0.592648
114 0.500344 0.216389 0.503400 0.397207 0.496669 0.400284 0.510131 0.394130 0.496669 0.400284 0.510386 0.533300 0.540431 0.679600 0.510131 0.394130 0.494173 0.498165 0.480330 0.593106
115 0.495829 0.214490 0.497963 0.397014 0.500780 0.400142 0.495146 0.393885 0.500780 0.400142 0.508621 0.534053 0.540901 0.680673 0.495146 0.393885 0.488625 0.495850 0.480583 0.595991
116 0.491988 0.212473 0.496553 0.395812 0.497887 0.399403 0.495219 0.392221 0.497887 0.399403 0.506617 0.534900 0.540619 0.680713 0.495219 0.392221 0.484195 0.488244 0.479307 0.595113
117 0.485796 0.208006 0.491759 0.390678 0.496904 0.394418 0.486614 0.386938 0.496904 0.394418 0.500937 0.532254 0.539631 0.676881 0.486614 0.386938 0.477658 0.482074 0.480850 0.591324
118 0.481280 0.204732 0.487645 0.386230 0.492155 0.390106 0.483135 0.382355 0.492155 0.390106 0.493625 0.524838 0.536626 0.670493 0.483135 0.382355 0.476935 0.479579 0.478639 0.590129
119 0.477038 0.200148 0.483433 0.381654 0.487002 0.385882 0.479864 0.377427 0.487002 0.385882 0.482378 0.515741 0.528715 0.657087 0.479864 0.377427 0.474958 0.481641 0.479989 0.587798
120 0.471980 0.195828 0.478283 0.378886 0.482278 0.383492 0.474288 0.374280 0.482278 0.383492 0.475989 0.512990 0.524264 0.645761 0.474288 0.374280 0.469608 0.483804 0.480451 0.588203
121 0.466946 0.191644 0.472692 0.376063 0.477893 0.380329 0.467490 0.371798 0.477893 0.380329 0.468245 0.511532 0.516787 0.630775 0.467490 0.371798 0.464153 0.485138 0.481968 0.590180
122 0.464518 0.187476 0.467354 0.376832 0.469186 0.380529 0.465521 0.373136 0.469186 0.380529 0.458611 0.512672 0.506470 0.622757 0.465521 0.373136 0.457358 0.492114 0.483584 0.593475
123 0.461536 0.182948 0.464142 0.376780 0.465072 0.379900 0.463213 0.373661 0.465072 0.379900 0.449095 0.507548 0.488215 0.615712 0.463213 0.373661 0.456738 0.492114 0.482737 0.595847
124 -1 -1 -1 -1 -1 -1 -1 -1 -1 -1 -1 -1 -1 -1 -1 -1 -1 -1 -1 -1
125 -1 -1 -1 -1 -1 -1 -1 -1 -1 -1 -1 -1 -1 -1 -1 -1 -1 -1 -1 -1
126 0.452465 0.179953 0.455849 0.378563 0.449060 0.380990 0.462638 0.376136 0.449060 0.380990 0.422918 0.501004 0.464199 0.611200 0.462638 0.376136 0.462218 0.488025 0.472309 0.595293
127 0.449901 0.178541 0.453309 0.376654 0.443972 0.378871 0.462646 0.374437 0.443972 0.378871 0.418329 0.495790 0.452222 0.605977 0.462646 0.374437 0.463565 0.483982 0.471840 0.595403
128 0.446042 0.178048 0.448727 0.374383 0.439131 0.375711 0.458322 0.373056 0.439131 0.375711 0.414679 0.492038 0.437168 0.603992 0.458322 0.373056 0.464499 0.482575 0.470323 0.594097
129 0.441663 0.177768 0.445226 0.372149 0.434728 0.373028 0.455725 0.371270 0.434728 0.373028 0.411988 0.489603 0.421535 0.597121 0.455725 0.371270 0.464910 0.482705 0.470920 0.595559
130 0.436767 0.177875 0.441597 0.372171 0.431713 0.372872 0.451480 0.371470 0.431713 0.372872 0.410682 0.484806 0.412189 0.588872 0.451480 0.371470 0.464176 0.482069 0.471487 0.595322
131 0.432097 0.177749 0.438425 0.371059 0.429230 0.371514 0.447621 0.370604 0.429230 0.371514 0.411193 0.476966 0.399569 0.576799 0.447621 0.370604 0.459363 0.478410 0.471878 0.593940
132 0.425152 0.177355 0.433241 0.370977 0.424725 0.371744 0.441757 0.370210 0.424725 0.371744 0.409635 0.465788 0.392899 0.570422 0.441757 0.370210 0.452143 0.475463 0.472397 0.591708
133 0.419147 0.178676 0.428038 0.371263 0.420284 0.371972 0.435792 0.370554 0.420284 0.371972 0.407651 0.467270 0.391788 0.570233 0.435792 0.370554 0.450006 0.474376 0.472260 0.587332
134 0.413275 0.180088 0.424659 0.372576 0.417549 0.374508 0.431770 0.370645 0.417549 0.374508 0.402828 0.472148 0.390808 0.573080 0.431770 0.370645 0.448574 0.473475 0.472445 0.585823
135 0.408300 0.180260 0.418141 0.372907 0.414836 0.375066 0.421445 0.370749 0.414836 0.375066 0.406216 0.472387 0.389202 0.575032 0.421445 0.370749 0.440971 0.471881 0.471917 0.582965
136 0.401602 0.180310 0.411975 0.372709 0.407202 0.375228 0.416748 0.370191 0.407202 0.375228 0.403381 0.471421 0.391549 0.576388 0.416748 0.370191 0.436771 0.472849 0.470083 0.580503
137 0.396677 0.180090 0.407420 0.368880 0.400625 0.372044 0.414216 0.365717 0.400625 0.372044 0.386414 0.473131 0.392653 0.577620 0.414216 0.365717 0.432532 0.465623 0.467320 0.576849
138 0.389603 0.179267 0.399019 0.365528 0.390636 0.369656 0.407402 0.361399 0.390636 0.369656 0.385845 0.473371 0.394587 0.577267 0.407402 0.361399 0.419888 0.458539 0.463078 0.570244
139 0.379626 0.175475 0.391338 0.355129 0.391864 0.358023 0.390812 0.352235 0.391864 0.358023 0.392395 0.463145 0.437530 0.563453 0.390812 0.352235 0.391730 0.453100 0.397875 0.565398
140 0.371683 0.171470 0.386442 0.345833 0.389607 0.347592 0.383278 0.344075 0.389607 0.347592 0.382876 0.457942 0.398435 0.566356 0.383278 0.344075 0.394119 0.446060 0.428516 0.548382
141 0.364993 0.169683 0.380564 0.341099 0.385926 0.341903 0.375203 0.340294 0.385926 0.341903 0.380098 0.453764 0.389982 0.567124 0.375203 0.340294 0.388877 0.441892 0.435975 0.536716
142 0.363654 0.169997 0.378333 0.341218 0.377348 0.343126 0.379318 0.339311 0.377348 0.343126 0.373664 0.455170 0.389851 0.568683 0.379318 0.339311 0.385105 0.440718 0.429018 0.536756
143 0.358564 0.169375 0.374397 0.339547 0.373495 0.341289 0.375299 0.337805 0.373495 0.341289 0.372730 0.455157 0.391438 0.568393 0.375299 0.337805 0.381252 0.438192 0.415137 0.533985
144 0.356034 0.168084 0.371617 0.336324 0.374483 0.338029 0.368751 0.334619 0.374483 0.338029 0.370705 0.446865 0.392841 0.560224 0.368751 0.334619 0.372952 0.431899 0.400478 0.534349
145 0.352033 0.165354 0.367495 0.334442 0.364803 0.337367 0.370186 0.331516 0.364803 0.337367 0.368809 0.446914 0.390092 0.560847 0.370186 0.331516 0.369120 0.429593 0.391065 0.539030
146 0.349369 0.165869 0.364746 0.335387 0.360781 0.339390 0.368711 0.331384 0.360781 0.339390 0.368523 0.449686 0.385273 0.562499 0.368711 0.331384 0.365115 0.430285 0.382667 0.541556
147 0.346351 0.165406 0.360816 0.333457 0.362546 0.338181 0.359087 0.328733 0.362546 0.338181 0.366472 0.449576 0.382509 0.562834 0.359087 0.328733 0.358090 0.428333 0.372243 0.533311
148 0.342625 0.165209 0.356001 0.330341 0.359636 0.334419 0.352365 0.326264 0.359636 0.334419 0.364111 0.443927 0.382153 0.559528 0.352365 0.326264 0.348023 0.424548 0.354796 0.519675
149 0.338950 0.165177 0.351255 0.330413 0.355326 0.334123 0.347184 0.326703 0.355326 0.334123 0.361326 0.444975 0.381869 0.560534 0.347184 0.326703 0.336224 0.423676 0.349870 0.523653
150 0.335715 0.165327 0.347769 0.329920 0.347105 0.333647 0.348433 0.326193 0.347105 0.333647 0.357948 0.445429 0.379423 0.559774 0.348433 0.326193 0.337469 0.425508 0.346767 0.526621
151 0.333226 0.164615 0.345690 0.330335 0.343753 0.333639 0.347627 0.327032 0.343753 0.333639 0.350607 0.446068 0.376497 0.557967 0.347627 0.327032 0.341331 0.426511 0.346250 0.528435
152 0.329992 0.162347 0.343367 0.331134 0.341742 0.334294 0.344992 0.327975 0.341742 0.334294 0.345954 0.446617 0.373671 0.556495 0.344992 0.327975 0.340907 0.430355 0.347724 0.528655
153 0.325494 0.159745 0.339635 0.331889 0.340480 0.334475 0.338789 0.329303 0.340480 0.334475 0.343527 0.449446 0.372353 0.555690 0.338789 0.329303 0.335226 0.434373 0.351251 0.530828
154 0.322016 0.157775 0.337521 0.332078 0.339453 0.334488 0.335589 0.329667 0.339453 0.334488 0.340668 0.450067 0.370095 0.550562 0.335589 0.329667 0.329759 0.435303 0.349844 0.531435
155 0.320565 0.158409 0.336660 0.334307 0.337332 0.336411 0.335989 0.332203 0.337332 0.336411 0.335758 0.457202 0.367522 0.546830 0.335989 0.332203 0.329999 0.439099 0.349221 0.528913
156 0.316829 0.157399 0.335511 0.333670 0.336010 0.335649 0.335011 0.331690 0.336010 0.335649 0.326883 0.457093 0.358597 0.538161 0.335011 0.331690 0.330560 0.439991 0.350314 0.528847
157 0.313188 0.155280 0.332316 0.330918 0.335243 0.332429 0.329388 0.329406 0.335243 0.332429 0.322472 0.448813 0.352774 0.533615 0.329388 0.329406 0.327214 0.439553 0.349406 0.529006
158 0.310328 0.154745 0.330514 0.329901 0.332727 0.331425 0.328300 0.328378 0.332727 0.331425 0.318166 0.448470 0.349546 0.537647 0.328300 0.328378 0.329404 0.439426 0.347966 0.529209
159 -1 -1 -1 -1 -1 -1 -1 -1 -1 -1 -1 -1 -1 -1 -1 -1 -1 -1 -1 -1
160 -1 -1 -1 -1 -1 -1 -1 -1 -1 -1 -1 -1 -1 -1 -1 -1 -1 -1 -1 -1
161 -1 -1 -1 -1 -1 -1 -1 -1 -1 -1 -1 -1 -1 -1 -1 -1 -1 -1 -1 -1
162 -1 -1 -1 -1 -1 -1 -1 -1 -1 -1 -1 -1 -1 -1 -1 -1 -1 -1 -1 -1
163 0.291358 0.156731 0.317419 0.323534 0.317806 0.324651 0.317032 0.322418 0.317806 0.324651 0.311205 0.428387 0.310858 0.535578 0.317032 0.322418 0.330853 0.420925 0.343046 0.527238
164 0.289081 0.162316 0.314129 0.324769 0.313724 0.326141 0.314534 0.323397 0.313724 0.326141 0.308441 0.430676 0.308728 0.535260 0.314534 0.323397 0.328633 0.422395 0.342753 0.527177
165 0.284364 0.162428 0.311369 0.322977 0.311239 0.324378 0.311500 0.321576 0.311239 0.324378 0.305342 0.428700 0.309603 0.532960 0.311500 0.321576 0.326811 0.418341 0.342972 0.524428
166 0.280731 0.164800 0.309672 0.323313 0.307499 0.324531 0.311844 0.322094 0.307499 0.324531 0.301578 0.430596 0.307485 0.533639 0.311844 0.322094 0.326515 0.419797 0.343571 0.523929
167 0.276397 0.165386 0.307874 0.324042 0.304717 0.325724 0.311031 0.322361 0.304717 0.325724 0.300171 0.431854 0.305478 0.533621 0.311031 0.322361 0.325751 0.420945 0.343983 0.523092
168 0.273054 0.166123 0.306078 0.324742 0.301474 0.326834 0.310682 0.322650 0.301474 0.326834 0.297913 0.432519 0.306160 0.533752 0.310682 0.322650 0.323609 0.418725 0.343950 0.519707
169 0.269476 0.168230 0.304927 0.326473 0.300442 0.329580 0.309412 0.323366 0.300442 0.329580 0.295970 0.433203 0.304793 0.534721 0.309412 0.323366 0.320239 0.419118 0.343925 0.519321
170 0.263139 0.171082 0.301142 0.325855 0.299458 0.329296 0.302826 0.322413 0.299458 0.329296 0.293365 0.433479 0.305986 0.535719 0.302826 0.322413 0.310295 0.416487 0.334622 0.510604
171 0.258769 0.172180 0.298552 0.322851 0.295821 0.326531 0.301282 0.319171 0.295821 0.326531 0.290829 0.429769 0.304749 0.535311 0.301282 0.319171 0.306219 0.413246 0.330752 0.504731
172 0.254481 0.176851 0.294905 0.322042 0.293743 0.325679 0.296067 0.318404 0.293743 0.325679 0.288940 0.427790 0.304646 0.530564 0.296067 0.318404 0.303511 0.411755 0.328392 0.497950
173 0.251002 0.179525 0.294431 0.321636 0.292248 0.325802 0.296614 0.317469 0.292248 0.325802 0.287141 0.427499 0.305439 0.529068 0.296614 0.317469 0.299785 0.409845 0.322199 0.496539
174 0.246070 0.186938 0.294458 0.321427 0.294131 0.325657 0.294785 0.317196 0.294131 0.325657 0.286182 0.427955 0.306131 0.529363 0.294785 0.317196 0.296163 0.407133 0.316853 0.497288
175 0.244030 0.192079 0.293852 0.323810 0.295550 0.329973 0.292154 0.317648 0.295550 0.329973 0.286134 0.429599 0.306118 0.528951 0.292154 0.317648 0.293406 0.408834 0.315903 0.488965
176 0.242170 0.195334 0.292853 0.323640 0.295871 0.329881 0.289835 0.317400 0.295871 0.329881 0.286588 0.430157 0.303655 0.529319 0.289835 0.317400 0.288965 0.401577 0.314411 0.461714
177 0.238814 0.201120 0.293493 0.322877 0.298183 0.328138 0.288802 0.317615 0.298183 0.328138 0.286753 0.432058 0.303043 0.531075 0.288802 0.317615 0.286904 0.397053 0.315482 0.440253
178 0.236090 0.209419 0.293434 0.326481 0.299852 0.331414 0.287017 0.321548 0.299852 0.331414 0.286846 0.435062 0.301855 0.531464 0.287017 0.321548 0.281791 0.400098 0.308102 0.427987
179 0.233691 0.216799 0.293262 0.327379 0.300725 0.332243 0.285799 0.322514 0.300725 0.332243 0.287390 0.434890 0.301128 0.530021 0.285799 0.322514 0.280655 0.404707 0.306514 0.449907
180 0.228682 0.222190 0.291844 0.323524 0.301052 0.325602 0.282637 0.321446 0.301052 0.325602 0.287659 0.431322 0.301421 0.530152 0.282637 0.321446 0.280335 0.408542 0.304009 0.466775
181 0.225881 0.227696 0.292707 0.323065 0.301428 0.324477 0.283987 0.321654 0.301428 0.324477 0.286975 0.431207 0.298862 0.530242 0.283987 0.321654 0.278246 0.418033 0.293962 0.514865
182 0.224540 0.240898 0.291046 0.323107 0.302656 0.324266 0.279436 0.321948 0.302656 0.324266 0.286474 0.431307 0.299318 0.529949 0.279436 0.321948 0.276134 0.424648 0.288414 0.520768
183 0.220277 0.247670 0.288690 0.322663 0.301969 0.323383 0.275411 0.321943 0.301969 0.323383 0.286597 0.430905 0.298360 0.530019 0.275411 0.321943 0.273398 0.422933 0.289760 0.510760
184 0.216599 0.253129 0.288977 0.326063 0.301097 0.328513 0.276857 0.323613 0.301097 0.328513 0.284964 0.431777 0.297273 0.530051 0.276857 0.323613 0.273367 0.421631 0.291033 0.491588
185 0.215945 0.262888 0.287310 0.327183 0.301128 0.328876 0.273493 0.325490 0.301128 0.328876 0.284929 0.433255 0.296893 0.529946 0.273493 0.325490 0.263666 0.423622 0.287285 0.491461
186 0.214145 0.270256 0.286313 0.329474 0.301077 0.329700 0.271548 0.329248 0.301077 0.329700 0.284424 0.432967 0.295264 0.529707 0.271548 0.329248 0.256904 0.424519 0.285887 0.492106
187 0.212653 0.277302 0.284802 0.333071 0.299889 0.331698 0.269715 0.334444 0.299889 0.331698 0.283001 0.432383 0.295784 0.529335 0.269715 0.334444 0.259023 0.428105 0.280329 0.500826
188 0.212391 0.284612 0.283978 0.334772 0.299044 0.332212 0.268913 0.337333 0.299044 0.332212 0.285048 0.433934 0.294638 0.529244 0.268913 0.337333 0.258846 0.431176 0.283082 0.515794
189 0.211725 0.290377 0.281083 0.339824 0.296280 0.336445 0.265885 0.343204 0.296280 0.336445 0.283690 0.435135 0.294735 0.528267 0.265885 0.343204 0.255364 0.434919 0.285475 0.513331
190 0.209678 0.298890 0.278157 0.343577 0.293272 0.339395 0.263041 0.347759 0.293272 0.339395 0.283510 0.439608 0.294752 0.529638 0.263041 0.347759 0.252192 0.437809 0.286689 0.506327
191 0.205781 0.304008 0.270977 0.343899 0.285000 0.339890 0.256953 0.347908 0.285000 0.339890 0.282027 0.441890 0.294694 0.530368 0.256953 0.347908 0.247490 0.440123 0.293671 0.471092
192 0.202922 0.309281 0.265263 0.346431 0.280514 0.340952 0.250012 0.351910 0.280514 0.340952 0.277524 0.443246 0.294794 0.533766 0.250012 0.351910 0.235243 0.446381 0.282788 0.488161
193 0.198443 0.313690 0.261010 0.352348 0.276383 0.346007 0.245636 0.358690 0.276383 0.346007 0.277496 0.454578 0.295126 0.538346 0.245636 0.358690 0.232770 0.454722 0.284282 0.476810
194 0.192711 0.318836 0.256903 0.355263 0.271832 0.348359 0.241975 0.362167 0.271832 0.348359 0.275584 0.450684 0.295918 0.537619 0.241975 0.362167 0.229894 0.454707 0.275144 0.481250
195 -1 -1 -1 -1 -1 -1 -1 -1 -1 -1 -1 -1 -1 -1 -1 -1 -1 -1 -1 -1
196 -1 -1 -1 -1 -1 -1 -1 -1 -1 -1 -1 -1 -1 -1 -1 -1 -1 -1 -1 -1
197 -1 -1 -1 -1 -1 -1 -1 -1 -1 -1 -1 -1 -1 -1 -1 -1 -1 -1 -1 -1
198 -1 -1 -1 -1 -1 -1 -1 -1 -1 -1 -1 -1 -1 -1 -1 -1 -1 -1 -1 -1
199 -1 -1 -1 -1 -1 -1 -1 -1 -1 -1 -1 -1 -1 -1 -1 -1 -1 -1 -1 -1
200 -1 -1 -1 -1 -1 -1 -1 -1 -1 -1 -1 -1 -1 -1 -1 -1 -1 -1 -1 -1
201 -1 -1 -1 -1 -1 -1 -1 -1 -1 -1 -1 -1 -1 -1 -1 -1 -1 -1 -1 -1
202 -1 -1 -1 -1 -1 -1 -1 -1 -1 -1 -1 -1 -1 -1 -1 -1 -1 -1 -1 -1
203 -1 -1 -1 -1 -1 -1 -1 -1 -1 -1 -1 -1 -1 -1 -1 -1 -1 -1 -1 -1
204 -1 -1 -1 -1 -1 -1 -1 -1 -1 -1 -1 -1 -1 -1 -1 -1 -1 -1 -1 -1
205 -1 -1 -1 -1 -1 -1 -1 -1 -1 -1 -1 -1 -1 -1 -1 -1 -1 -1 -1 -1
206 0.186519 0.297264 0.235442 0.374759 0.250732 0.361927 0.220152 0.387591 0.250732 0.361927 0.269830 0.428996 0.300600 0.511021 0.220152 0.387591 0.233850 0.463618 0.288636 0.514919
207 0.186926 0.296566 0.238527 0.376391 0.253646 0.364922 0.223408 0.387859 0.253646 0.364922 0.275340 0.445660 0.302503 0.516066 0.223408 0.387859 0.233877 0.467717 0.291457 0.510607
208 0.188866 0.294151 0.239298 0.373081 0.254668 0.362572 0.223927 0.383589 0.254668 0.362572 0.274866 0.442041 0.301279 0.515791 0.223927 0.383589 0.233907 0.464975 0.290963 0.508201
209 0.190033 0.290756 0.240675 0.372313 0.256252 0.361413 0.225097 0.383212 0.256252 0.361413 0.276941 0.440140 0.301615 0.515395 0.225097 0.383212 0.233729 0.462879 0.290915 0.508891
210 0.191531 0.286834 0.241596 0.370541 0.256798 0.359524 0.226395 0.381558 0.256798 0.359524 0.278644 0.439159 0.299981 0.511758 0.226395 0.381558 0.233807 0.457883 0.289031 0.508001
211 0.193935 0.285932 0.241561 0.368293 0.256934 0.356345 0.226189 0.380240 0.256934 0.356345 0.281955 0.432518 0.300009 0.508516 0.226189 0.380240 0.233863 0.456010 0.289092 0.507476
212 0.196551 0.283365 0.241902 0.365776 0.257268 0.353213 0.226536 0.378339 0.257268 0.353213 0.282060 0.419657 0.299800 0.503014 0.226536 0.378339 0.236915 0.452709 0.289692 0.505593
213 0.198148 0.282122 0.241641 0.365874 0.257020 0.353662 0.226262 0.378086 0.257020 0.353662 0.283491 0.421060 0.299808 0.504300 0.226262 0.378086 0.236137 0.453211 0.289517 0.505146
214 0.200074 0.280361 0.242196 0.366264 0.257550 0.354204 0.226842 0.378324 0.257550 0.354204 0.284868 0.418930 0.301742 0.504254 0.226842 0.378324 0.239553 0.452516 0.289572 0.505134
215 0.201748 0.278132 0.242566 0.367499 0.257744 0.356576 0.227389 0.378422 0.257744 0.356576 0.285808 0.420856 0.304904 0.505750 0.227389 0.378422 0.243825 0.453276 0.291042 0.505457
216 0.203856 0.277104 0.242416 0.368052 0.257641 0.357300 0.227191 0.378803 0.257641 0.357300 0.285432 0.419485 0.307336 0.505621 0.227191 0.378803 0.242252 0.452277 0.291002 0.504973
217 0.205384 0.275429 0.242670 0.369568 0.257941 0.359086 0.227399 0.380050 0.257941 0.359086 0.284713 0.415952 0.308001 0.504537 0.227399 0.380050 0.241523 0.452794 0.290823 0.504895
218 0.206435 0.274396 0.243143 0.370937 0.258267 0.360979 0.228018 0.380896 0.258267 0.360979 0.286182 0.417827 0.308597 0.504610 0.228018 0.380896 0.241762 0.452940 0.289294 0.504534
219 0.207677 0.274115 0.243325 0.372008 0.258554 0.362096 0.228097 0.381921 0.258554 0.362096 0.286204 0.417421 0.308488 0.504718 0.228097 0.381921 0.241881 0.452415 0.287150 0.503947
220 0.208512 0.274285 0.243459 0.372072 0.258828 0.361928 0.228090 0.382216 0.258828 0.361928 0.284763 0.411000 0.309177 0.503021 0.228090 0.382216 0.239385 0.446030 0.285842 0.501393
221 0.209359 0.274143 0.243603 0.372060 0.259172 0.361903 0.228034 0.382217 0.259172 0.361903 0.286750 0.414601 0.310057 0.504588 0.228034 0.382217 0.245182 0.447900 0.286115 0.501624
222 0.210298 0.273612 0.243740 0.372037 0.259387 0.361842 0.228093 0.382233 0.259387 0.361842 0.286371 0.415419 0.309910 0.504655 0.228093 0.382233 0.244181 0.448625 0.285899 0.501827
223 0.211241 0.273637 0.244116 0.372034 0.259962 0.361834 0.228271 0.382235 0.259962 0.361834 0.286329 0.412806 0.309588 0.504760 0.228271 0.382235 0.243644 0.447279 0.285923 0.503725
224 0.212150 0.273677 0.244568 0.371996 0.260565 0.361754 0.228571 0.382237 0.260565 0.361754 0.286424 0.413795 0.309827 0.505220 0.228571 0.382237 0.244050 0.448787 0.286214 0.504701
225 0.213091 0.273158 0.244562 0.370773 0.260582 0.360566 0.228542 0.380980 0.260582 0.360566 0.286867 0.413453 0.310219 0.505266 0.228542 0.380980 0.243774 0.446493 0.285705 0.502818
226 0.213213 0.273167 0.244866 0.370818 0.260918 0.360499 0.228814 0.381136 0.260918 0.360499 0.286776 0.410763 0.310042 0.505283 0.228814 0.381136 0.246341 0.446792 0.285808 0.502751
227 0.213629 0.273049 0.244978 0.370865 0.261006 0.360498 0.228949 0.381231 0.261006 0.360498 0.284866 0.405912 0.309927 0.505414 0.228949 0.381231 0.244454 0.444658 0.285605 0.502783
228 0.213794 0.272922 0.245371 0.370824 0.261284 0.360385 0.229459 0.381263 0.261284 0.360385 0.284922 0.407396 0.309831 0.505745 0.229459 0.381263 0.245223 0.445310 0.286368 0.502474
229 0.213968 0.273037 0.245873 0.370915 0.261805 0.360333 0.229941 0.381497 0.261805 0.360333 0.283210 0.401836 0.309484 0.504461 0.229941 0.381497 0.240561 0.441918 0.285833 0.501847
230 0.214051 0.273055 0.245849 0.371051 0.261772 0.360470 0.229926 0.381631 0.261772 0.360470 0.283087 0.403919 0.309449 0.504533 0.229926 0.381631 0.239324 0.441572 0.285872 0.501803
231 0.214171 0.273095 0.246066 0.371158 0.261941 0.360560 0.230190 0.381757 0.261941 0.360560 0.283553 0.406234 0.309497 0.505154 0.230190 0.381757 0.242536 0.441871 0.285884 0.501861
232 0.214159 0.273208 0.246033 0.371465 0.261888 0.360727 0.230178 0.382203 0.261888 0.360727 0.283510 0.407753 0.309848 0.505180 0.230178 0.382203 0.241227 0.446600 0.285632 0.501355
233 0.214231 0.273243 0.246067 0.372154 0.261988 0.361640 0.230146 0.382668 0.261988 0.361640 0.283525 0.408599 0.309862 0.505204 0.230146 0.382668 0.240829 0.441013 0.283549 0.500868
234 0.214209 0.273277 0.246047 0.371546 0.261976 0.361049 0.230119 0.382042 0.261976 0.361049 0.284744 0.408737 0.309839 0.505451 0.230119 0.382042 0.244361 0.437919 0.283753 0.500917
235 0.214273 0.273366 0.245953 0.371585 0.261948 0.361106 0.229958 0.382064 0.261948 0.361106 0.284426 0.407171 0.309815 0.505689 0.229958 0.382064 0.238327 0.439068 0.283865 0.500912
236 0.214252 0.273390 0.245898 0.371592 0.261905 0.361109 0.229891 0.382075 0.261905 0.361109 0.284086 0.409422 0.309445 0.505794 0.229891 0.382075 0.239082 0.441022 0.284392 0.500948
237 0.214251 0.273512 0.245954 0.371776 0.261929 0.361182 0.229978 0.382371 0.261929 0.361182 0.283365 0.408750 0.309712 0.506425 0.229978 0.382371 0.239332 0.445905 0.284184 0.500708
238 0.214224 0.273692 0.246011 0.371847 0.262056 0.361254 0.229966 0.382440 0.262056 0.361254 0.284082 0.409236 0.309762 0.506369 0.229966 0.382440 0.239960 0.441428 0.283904 0.500561
239 0.214219 0.273697 0.246019 0.372028 0.262082 0.361602 0.229956 0.382454 0.262082 0.361602 0.285414 0.412776 0.309915 0.507107 0.229956 0.382454 0.242211 0.445478 0.282616 0.500454
240 0.214214 0.273715 0.246011 0.372067 0.262072 0.361611 0.229950 0.382522 0.262072 0.361611 0.285382 0.412344 0.309903 0.507055 0.229950 0.382522 0.238012 0.445401 0.282728 0.500390
241 0.214239 0.273663 0.246005 0.372285 0.262068 0.361936 0.229942 0.382635 0.262068 0.361936 0.285564 0.412298 0.309900 0.507223 0.229942 0.382635 0.237347 0.447971 0.282886 0.500401
242 0.214231 0.273646 0.245961 0.372554 0.262064 0.362121 0.229859 0.382986 0.262064 0.362121 0.284854 0.412433 0.309906 0.507509 0.229859 0.382986 0.237682 0.444902 0.283298 0.500403
243 0.214255 0.273588 0.245856 0.372484 0.262011 0.361954 0.229702 0.383015 0.262011 0.361954 0.281605 0.405068 0.309236 0.507104 0.229702 0.383015 0.238765 0.451894 0.283338 0.501677
244 0.214277 0.273429 0.245823 0.372260 0.262008 0.361808 0.229638 0.382713 0.262008 0.361808 0.281826 0.405202 0.309000 0.506222 0.229638 0.382713 0.238830 0.448019 0.282889 0.501372
245 0.214273 0.273079 0.245855 0.372232 0.262041 0.361823 0.229668 0.382640 0.262041 0.361823 0.283550 0.407186 0.309369 0.506751 0.229668 0.382640 0.237096 0.447845 0.282920 0.501116
246 0.214283 0.272985 0.245852 0.371849 0.262038 0.361491 0.229666 0.382207 0.262038 0.361491 0.284050 0.409209 0.309694 0.507447 0.229666 0.382207 0.237982 0.447858 0.283195 0.501262
247 0.214283 0.272762 0.245788 0.371832 0.261958 0.361452 0.229618 0.382212 0.261958 0.361452 0.284436 0.409589 0.309857 0.507781 0.229618 0.382212 0.237616 0.448620 0.283222 0.501158
248 0.214280 0.272704 0.245807 0.372073 0.261984 0.361528 0.229629 0.382618 0.261984 0.361528 0.283685 0.408286 0.309772 0.507007 0.229629 0.382618 0.240181 0.442929 0.283549 0.500584
249 0.214293 0.272690 0.245821 0.372110 0.261983 0.361575 0.229659 0.382645 0.261983 0.361575 0.285198 0.410055 0.309849 0.507204 0.229659 0.382645 0.239829 0.444674 0.283561 0.500666
250 0.214257 0.272633 0.245823 0.371969 0.261982 0.361472 0.229664 0.382465 0.261982 0.361472 0.285232 0.410284 0.310134 0.507431 0.229664 0.382465 0.239867 0.445852 0.283606 0.500804
251 0.214262 0.272591 0.245853 0.371991 0.261994 0.361506 0.229713 0.382476 0.261994 0.361506 0.286300 0.419824 0.310359 0.507719 0.229713 0.382476 0.239857 0.446087 0.285229 0.501147
252 0.214235 0.272589 0.245771 0.372151 0.261923 0.361543 0.229619 0.382759 0.261923 0.361543 0.283929 0.411994 0.310464 0.507726 0.229619 0.382759 0.238157 0.442704 0.284501 0.500994
253 0.214196 0.272634 0.245791 0.372128 0.261923 0.361507 0.229658 0.382748 0.261923 0.361507 0.284227 0.411826 0.310464 0.507918 0.229658 0.382748 0.241974 0.442869 0.285057 0.501166
254 0.214190 0.272654 0.245848 0.372297 0.262056 0.361836 0.229640 0.382758 0.262056 0.361836 0.283850 0.408794 0.310532 0.507943 0.229640 0.382758 0.238146 0.438146 0.284732 0.501495
255 0.214196 0.272616 0.245657 0.371896 0.261855 0.361384 0.229459 0.382409 0.261855 0.361384 0.283869 0.410022 0.310688 0.508183 0.229459 0.382409 0.239787 0.439256 0.284277 0.502115
256 0.214235 0.272443 0.245797 0.371913 0.262016 0.361388 0.229577 0.382438 0.262016 0.361388 0.283626 0.408218 0.310689 0.508057 0.229577 0.382438 0.239128 0.440067 0.284397 0.502055
257 0.214241 0.272187 0.245909 0.371943 0.262043 0.361391 0.229775 0.382494 0.262043 0.361391 0.283152 0.407186 0.310687 0.507360 0.229775 0.382494 0.239102 0.439983 0.284599 0.502280
258 0.214273 0.272130 0.245696 0.371987 0.261980 0.361421 0.229413 0.382552 0.261980 0.361421 0.280873 0.403324 0.310544 0.506490 0.229413 0.382552 0.236137 0.439371 0.284583 0.502267
259 0.214286 0.272081 0.245832 0.372040 0.262126 0.361423 0.229537 0.382657 0.262126 0.361423 0.281144 0.404089 0.310604 0.506980 0.229537 0.382657 0.239760 0.439360 0.284992 0.501393
260 0.214318 0.272083 0.245922 0.371835 0.262106 0.360953 0.229738 0.382717 0.262106 0.360953 0.280140 0.403191 0.310371 0.506179 0.229738 0.382717 0.240727 0.453155 0.285094 0.501119
261 0.214329 0.272067 0.245907 0.371784 0.262075 0.360979 0.229739 0.382588 0.262075 0.360979 0.281755 0.403291 0.310372 0.506213 0.229739 0.382588 0.240370 0.451378 0.285395 0.501112
262 0.214332 0.272148 0.245916 0.372272 0.262084 0.361277 0.229748 0.383268 0.262084 0.361277 0.281562 0.403097 0.310202 0.506092 0.229748 0.383268 0.243026 0.450097 0.285389 0.500462
263 0.214326 0.272140 0.245853 0.372372 0.262029 0.361425 0.229676 0.383320 0.262029 0.361425 0.281791 0.403176 0.310208 0.506228 0.229676 0.383320 0.241138 0.445375 0.285386 0.500441
