0
0
0 0.239128 0.260966 0.242186 0.360507 0.255762 0.357397 0.228610 0.363618 0.255762 0.357397 0.280003 0.420916 0.284261 0.484968 0.228610 0.363618 0.255073 0.374129 0.282820 0.438964
1 0.240939 0.261420 0.242770 0.360735 0.256230 0.358034 0.229309 0.363436 0.256230 0.358034 0.279259 0.425088 0.284111 0.487581 0.229309 0.363436 0.259940 0.369531 0.283636 0.434652
2 0.241712 0.262129 0.242949 0.361194 0.256387 0.358838 0.229511 0.363551 0.256387 0.358838 0.277756 0.426194 0.283518 0.490464 0.229511 0.363551 0.260796 0.367172 0.285650 0.437969
3 0.241835 0.262930 0.243002 0.361613 0.256385 0.359412 0.229619 0.363815 0.256385 0.359412 0.278126 0.426117 0.283527 0.490435 0.229619 0.363815 0.262305 0.372791 0.287495 0.444373
4 0.241657 0.263344 0.243181 0.362371 0.256509 0.360136 0.229853 0.364605 0.256509 0.360136 0.278139 0.428429 0.283344 0.491898 0.229853 0.364605 0.263309 0.372897 0.289613 0.444450
5 0.241392 0.263266 0.243588 0.362282 0.256858 0.360010 0.230318 0.364554 0.256858 0.360010 0.278435 0.427651 0.284059 0.492783 0.230318 0.364554 0.265052 0.369200 0.286697 0.436723
6 0.241188 0.263334 0.243574 0.362259 0.256846 0.359864 0.230301 0.364654 0.256846 0.359864 0.278566 0.423787 0.284042 0.493367 0.230301 0.364654 0.263248 0.365462 0.285381 0.436914
7 0.241058 0.263204 0.243660 0.362020 0.256937 0.359781 0.230383 0.364258 0.256937 0.359781 0.278524 0.425545 0.282267 0.493177 0.230383 0.364258 0.263738 0.367617 0.284731 0.441311
8 0.241078 0.262828 0.243681 0.361941 0.256933 0.359674 0.230430 0.364209 0.256933 0.359674 0.278380 0.426055 0.282163 0.492882 0.230430 0.364209 0.263515 0.367900 0.284361 0.438893
9 0.240977 0.263096 0.243813 0.360997 0.257047 0.358613 0.230579 0.363381 0.257047 0.358613 0.280396 0.418761 0.283789 0.494660 0.230579 0.363381 0.262536 0.363234 0.279205 0.440157
10 0.240935 0.263047 0.244579 0.360950 0.257824 0.358527 0.231334 0.363374 0.257824 0.358527 0.280389 0.422398 0.282765 0.494352 0.231334 0.363374 0.262906 0.362513 0.279731 0.437159
11 0.240886 0.262880 0.244544 0.360904 0.257786 0.358317 0.231301 0.363490 0.257786 0.358317 0.280396 0.422984 0.282653 0.493380 0.231301 0.363490 0.263292 0.365551 0.284397 0.438851
12 0.240872 0.262981 0.244386 0.361590 0.257596 0.358742 0.231176 0.364438 0.257596 0.358742 0.279901 0.422725 0.282471 0.491214 0.231176 0.364438 0.259988 0.360775 0.284151 0.432404
13 0.240797 0.263075 0.244259 0.361539 0.257561 0.358622 0.230957 0.364456 0.257561 0.358622 0.279895 0.422689 0.282117 0.487140 0.230957 0.364456 0.255702 0.359697 0.279425 0.433489
14 0.240463 0.263116 0.244229 0.361281 0.257535 0.358125 0.230924 0.364437 0.257535 0.358125 0.280132 0.419008 0.282959 0.486675 0.230924 0.364437 0.252381 0.360798 0.277335 0.434492
15 0.240333 0.263560 0.244189 0.361937 0.257534 0.358539 0.230843 0.365336 0.257534 0.358539 0.283059 0.423106 0.284486 0.487528 0.230843 0.365336 0.253588 0.361951 0.279226 0.443261
16 0.239973 0.264130 0.244135 0.361037 0.257548 0.356954 0.230722 0.365121 0.257548 0.356954 0.282451 0.408575 0.285488 0.485311 0.230722 0.365121 0.253570 0.362606 0.278044 0.447734
17 0.239659 0.263943 0.244320 0.359106 0.257870 0.354794 0.230769 0.363418 0.257870 0.354794 0.282520 0.405976 0.288387 0.480288 0.230769 0.363418 0.253563 0.368692 0.277812 0.453223
18 0.239331 0.264025 0.245066 0.358546 0.258658 0.354150 0.231474 0.362941 0.258658 0.354150 0.284208 0.398215 0.294264 0.473206 0.231474 0.362941 0.253322 0.383988 0.277924 0.472179
19 0.238593 0.264044 0.244969 0.357264 0.258489 0.352961 0.231448 0.361568 0.258489 0.352961 0.284870 0.403938 0.292140 0.474238 0.231448 0.361568 0.252752 0.395404 0.268575 0.467555
20 0.237727 0.264795 0.243789 0.357326 0.256738 0.352990 0.230840 0.361662 0.256738 0.352990 0.284549 0.404600 0.291040 0.477163 0.230840 0.361662 0.257696 0.400330 0.271432 0.483657
21 0.237128 0.265773 0.243383 0.357397 0.256144 0.353063 0.230621 0.361732 0.256144 0.353063 0.284317 0.405070 0.290734 0.483225 0.230621 0.361732 0.258550 0.412155 0.272227 0.490067
22 0.236535 0.267369 0.243097 0.357465 0.255715 0.352923 0.230480 0.362007 0.255715 0.352923 0.283332 0.407241 0.285221 0.485224 0.230480 0.362007 0.258469 0.419551 0.266273 0.492308
23 0.236136 0.269202 0.242422 0.357348 0.255308 0.352639 0.229536 0.362057 0.255308 0.352639 0.282514 0.407603 0.280063 0.485855 0.229536 0.362057 0.260045 0.420100 0.261539 0.490220
24 0.235930 0.270171 0.241087 0.357615 0.254033 0.352718 0.228142 0.362513 0.254033 0.352718 0.280233 0.407741 0.276928 0.485976 0.228142 0.362513 0.260067 0.418059 0.254917 0.488611
25 0.235911 0.271996 0.240988 0.358968 0.254156 0.353130 0.227820 0.364805 0.254156 0.353130 0.276492 0.407863 0.276391 0.485865 0.227820 0.364805 0.262909 0.417973 0.257001 0.488099
26 0.235992 0.273832 0.240928 0.358705 0.254019 0.352659 0.227838 0.364752 0.254019 0.352659 0.277741 0.396827 0.277109 0.482189 0.227838 0.364752 0.259673 0.412843 0.258151 0.485947
27 0.236052 0.278370 0.240933 0.361093 0.254082 0.354284 0.227783 0.367903 0.254082 0.354284 0.277651 0.389955 0.278178 0.480122 0.227783 0.367903 0.259660 0.412351 0.256294 0.484221
28 0.236304 0.280740 0.240959 0.360669 0.254093 0.353480 0.227825 0.367857 0.254093 0.353480 0.277328 0.390403 0.278490 0.477462 0.227825 0.367857 0.258008 0.410221 0.257899 0.483516
29 0.236591 0.284882 0.240633 0.360234 0.253565 0.352848 0.227700 0.367620 0.253565 0.352848 0.277385 0.385867 0.278964 0.474534 0.227700 0.367620 0.258730 0.409113 0.257103 0.482030
30 0.237236 0.287759 0.240548 0.357651 0.253540 0.351395 0.227556 0.363906 0.253540 0.351395 0.275145 0.383884 0.279205 0.474503 0.227556 0.363906 0.248937 0.403893 0.258020 0.453274
31 0.237855 0.291216 0.240875 0.357278 0.253727 0.350700 0.228024 0.363856 0.253727 0.350700 0.273630 0.387674 0.277556 0.474766 0.228024 0.363856 0.250330 0.409913 0.258147 0.460710
32 0.238321 0.292339 0.241546 0.357574 0.254462 0.351272 0.228631 0.363876 0.254462 0.351272 0.273843 0.394629 0.277448 0.478008 0.228631 0.363876 0.249888 0.411226 0.258493 0.471556
33 0.239431 0.293665 0.242134 0.357504 0.255188 0.351387 0.229081 0.363621 0.255188 0.351387 0.275221 0.402528 0.277571 0.479505 0.229081 0.363621 0.249252 0.420715 0.257740 0.484112
34 0.240746 0.299683 0.243532 0.357908 0.256985 0.351744 0.230079 0.364072 0.256985 0.351744 0.274149 0.411234 0.277355 0.481976 0.230079 0.364072 0.249044 0.432787 0.257548 0.489192
35 0.242240 0.302995 0.244393 0.357839 0.258739 0.353034 0.230046 0.362644 0.258739 0.353034 0.274557 0.398662 0.275970 0.476338 0.230046 0.362644 0.241467 0.424898 0.256612 0.486140
36 0.244008 0.310059 0.245323 0.359118 0.260344 0.355375 0.230302 0.362862 0.260344 0.355375 0.274851 0.400874 0.276353 0.476139 0.230302 0.362862 0.240256 0.426084 0.255306 0.487864
37 0.245134 0.315660 0.246228 0.358371 0.261710 0.355261 0.230745 0.361482 0.261710 0.355261 0.274345 0.413571 0.276995 0.479722 0.230745 0.361482 0.242554 0.425868 0.255370 0.488004
38 0.247052 0.325427 0.246268 0.363031 0.261787 0.360034 0.230750 0.366028 0.261787 0.360034 0.274878 0.409663 0.277264 0.479265 0.230750 0.366028 0.242634 0.431436 0.255907 0.486761
39 0.248920 0.330146 0.249137 0.373542 0.264703 0.370677 0.233570 0.376407 0.264703 0.370677 0.277866 0.410829 0.277293 0.480388 0.233570 0.376407 0.242219 0.440258 0.256234 0.486650
40 0.251732 0.334242 0.252478 0.379398 0.267916 0.376731 0.237040 0.382064 0.267916 0.376731 0.282101 0.428431 0.279151 0.484684 0.237040 0.382064 0.246140 0.446681 0.257580 0.489871
41 0.255151 0.344746 0.254995 0.393950 0.270898 0.393558 0.239092 0.394342 0.270898 0.393558 0.279906 0.440634 0.274227 0.469168 0.239092 0.394342 0.242478 0.451543 0.248717 0.463894
42 0.254767 0.340401 0.254788 0.388283 0.270948 0.387576 0.238629 0.388990 0.270948 0.387576 0.280243 0.442129 0.276310 0.480189 0.238629 0.388990 0.241834 0.450082 0.252242 0.467250
43 0.257688 0.347598 0.258073 0.388841 0.273512 0.388691 0.242635 0.388991 0.273512 0.388691 0.279053 0.439022 0.279234 0.479668 0.242635 0.388991 0.242153 0.445119 0.252780 0.465456
44 0.256718 0.342017 0.256966 0.385836 0.273233 0.385090 0.240698 0.386583 0.273233 0.385090 0.279244 0.442236 0.278714 0.482401 0.240698 0.386583 0.241990 0.443198 0.253403 0.478795
45 0.258138 0.347599 0.257770 0.395883 0.273136 0.394877 0.242404 0.396888 0.273136 0.394877 0.287314 0.442689 0.280531 0.480511 0.242404 0.396888 0.242578 0.454706 0.258153 0.478773
46 0.257922 0.346974 0.258163 0.397513 0.273677 0.396099 0.242648 0.398928 0.273677 0.396099 0.285076 0.444241 0.281540 0.480133 0.242648 0.398928 0.241748 0.454722 0.258885 0.479593
47 0.259294 0.353644 0.257821 0.421201 0.273074 0.420186 0.242567 0.422215 0.273074 0.420186 0.283724 0.452389 0.275881 0.485534 0.242567 0.422215 0.237696 0.472684 0.258665 0.489296
48 0.259329 0.351606 0.257782 0.431936 0.273338 0.430755 0.242226 0.433117 0.273338 0.430755 0.286042 0.452317 0.276233 0.489865 0.242226 0.433117 0.237549 0.476398 0.257732 0.491754
49 0.259532 0.348070 0.257723 0.424280 0.273024 0.423359 0.242421 0.425201 0.273024 0.423359 0.288320 0.451462 0.278615 0.487954 0.242421 0.425201 0.237840 0.466283 0.256103 0.489487
50 0.256488 0.336196 0.257333 0.414648 0.272286 0.413231 0.242380 0.416065 0.272286 0.413231 0.287400 0.443070 0.275465 0.488208 0.242380 0.416065 0.238701 0.461862 0.254241 0.491024
51 0.253844 0.323264 0.256570 0.411880 0.271111 0.408955 0.242029 0.414806 0.271111 0.408955 0.286856 0.437982 0.272283 0.489109 0.242029 0.414806 0.240796 0.457939 0.254596 0.494940
52 0.253938 0.303943 0.254859 0.389465 0.268876 0.387234 0.240843 0.391696 0.268876 0.387234 0.285382 0.431839 0.273170 0.488931 0.240843 0.391696 0.249234 0.436085 0.256025 0.493311
53 0.254121 0.293165 0.254774 0.369928 0.268631 0.368469 0.240918 0.371386 0.268631 0.368469 0.285099 0.422795 0.273511 0.484696 0.240918 0.371386 0.253488 0.431341 0.255401 0.487364
54 0.254107 0.279330 0.254773 0.357314 0.268020 0.355091 0.241527 0.359537 0.268020 0.355091 0.283689 0.415147 0.273789 0.475913 0.241527 0.359537 0.259374 0.416093 0.257970 0.479851
55 0.254575 0.263406 0.256222 0.347672 0.269100 0.345268 0.243344 0.350076 0.269100 0.345268 0.281086 0.412580 0.275044 0.475630 0.243344 0.350076 0.261058 0.417070 0.263110 0.480160
56 0.256960 0.243084 0.256305 0.339401 0.269549 0.336178 0.243060 0.342624 0.269549 0.336178 0.280836 0.412124 0.281078 0.477464 0.243060 0.342624 0.258599 0.418425 0.261761 0.481495
57 0.258184 0.232210 0.256710 0.330775 0.269901 0.327778 0.243518 0.333771 0.269901 0.327778 0.278661 0.405510 0.280399 0.474793 0.243518 0.333771 0.259936 0.413692 0.261853 0.481809
58 0.259154 0.221282 0.256778 0.326848 0.269905 0.325000 0.243652 0.328696 0.269905 0.325000 0.279030 0.402677 0.280327 0.472612 0.243652 0.328696 0.261020 0.411429 0.261398 0.481298
59 0.259409 0.210906 0.257287 0.319921 0.270203 0.317112 0.244372 0.322731 0.270203 0.317112 0.279967 0.397254 0.280030 0.473467 0.244372 0.322731 0.262885 0.407587 0.263481 0.480899
60 0.259988 0.206852 0.258848 0.319155 0.272012 0.316756 0.245683 0.321554 0.272012 0.316756 0.281331 0.400262 0.281784 0.474692 0.245683 0.321554 0.260713 0.406444 0.265842 0.481348
61 0.260216 0.201708 0.260556 0.318392 0.274420 0.315405 0.246693 0.321380 0.274420 0.315405 0.282805 0.402797 0.283772 0.475144 0.246693 0.321380 0.260123 0.409829 0.264691 0.481571
62 0.259794 0.198364 0.262407 0.317653 0.276751 0.314765 0.248062 0.320542 0.276751 0.314765 0.282825 0.402845 0.283008 0.477135 0.248062 0.320542 0.260573 0.409321 0.264277 0.487500
63 0.259906 0.195870 0.264018 0.315215 0.278983 0.312283 0.249053 0.318147 0.278983 0.312283 0.285101 0.400184 0.285453 0.478434 0.249053 0.318147 0.263215 0.405515 0.264437 0.487289
64 0.260429 0.195438 0.265638 0.315244 0.280715 0.311954 0.250561 0.318534 0.280715 0.311954 0.284916 0.398640 0.285145 0.478491 0.250561 0.318534 0.268058 0.402709 0.271530 0.488131
65 0.260631 0.194129 0.267451 0.315236 0.282424 0.312011 0.252479 0.318461 0.282424 0.312011 0.284859 0.398435 0.284604 0.478360 0.252479 0.318461 0.269407 0.403342 0.278133 0.483194
66 0.261008 0.196153 0.268859 0.319550 0.284035 0.316437 0.253682 0.322664 0.284035 0.316437 0.286654 0.399468 0.287505 0.483363 0.253682 0.322664 0.271455 0.405751 0.278749 0.489032
67 0.261792 0.196479 0.271506 0.321485 0.286883 0.318440 0.256129 0.324530 0.286883 0.318440 0.286457 0.401887 0.286666 0.487837 0.256129 0.324530 0.276702 0.406807 0.287513 0.501076
68 0.264548 0.199543 0.274112 0.322674 0.290373 0.318595 0.257851 0.326753 0.290373 0.318595 0.289597 0.411462 0.287340 0.495616 0.257851 0.326753 0.282680 0.417083 0.292337 0.504810
69 0.266822 0.201513 0.275788 0.323644 0.292558 0.319073 0.259018 0.328215 0.292558 0.319073 0.291202 0.414348 0.288199 0.500674 0.259018 0.328215 0.282347 0.421930 0.292346 0.506229
70 0.268051 0.203142 0.277390 0.330563 0.294196 0.326386 0.260584 0.334740 0.294196 0.326386 0.292170 0.427154 0.287702 0.500359 0.260584 0.334740 0.286721 0.425744 0.295884 0.523741
71 0.269019 0.203646 0.279429 0.333245 0.295940 0.329587 0.262919 0.336904 0.295940 0.329587 0.291580 0.424998 0.286233 0.498210 0.262919 0.336904 0.285374 0.427916 0.296555 0.521967
72 0.270542 0.203864 0.281454 0.334924 0.298011 0.331186 0.264898 0.338662 0.298011 0.331186 0.291710 0.426642 0.285385 0.479501 0.264898 0.338662 0.287338 0.431683 0.298492 0.529283
73 0.272171 0.204053 0.282800 0.338165 0.299240 0.334830 0.266361 0.341501 0.299240 0.334830 0.291357 0.427582 0.281107 0.452502 0.266361 0.341501 0.289161 0.435374 0.299075 0.532935
74 0.273457 0.203967 0.284576 0.340534 0.301259 0.337359 0.267893 0.343709 0.301259 0.337359 0.292576 0.433042 0.281363 0.449737 0.267893 0.343709 0.288979 0.438934 0.298521 0.534723
75 0.275288 0.203215 0.287061 0.341602 0.304320 0.338192 0.269801 0.345013 0.304320 0.338192 0.298036 0.437828 0.282044 0.460389 0.269801 0.345013 0.290132 0.442652 0.299334 0.536048
76 0.276567 0.203361 0.289460 0.343811 0.306693 0.340160 0.272227 0.347462 0.306693 0.340160 0.305348 0.437454 0.285223 0.487443 0.272227 0.347462 0.292844 0.443793 0.299445 0.535548
77 0.278760 0.203127 0.292404 0.343297 0.309517 0.339818 0.275290 0.346775 0.309517 0.339818 0.314016 0.438439 0.290524 0.506148 0.275290 0.346775 0.292724 0.445765 0.300746 0.531664
78 0.280568 0.203945 0.294324 0.345412 0.311500 0.341797 0.277148 0.349027 0.311500 0.341797 0.321396 0.441280 0.301518 0.507084 0.277148 0.349027 0.295544 0.451402 0.301657 0.529750
79 0.281981 0.206151 0.297436 0.346819 0.314502 0.343281 0.280370 0.350358 0.314502 0.343281 0.324159 0.447343 0.312560 0.523672 0.280370 0.350358 0.295734 0.454023 0.303422 0.541002
80 0.284492 0.210511 0.300170 0.350522 0.317264 0.346482 0.283075 0.354562 0.317264 0.346482 0.328213 0.450066 0.324082 0.537916 0.283075 0.354562 0.298679 0.457005 0.305759 0.546855
81 0.287708 0.213615 0.301892 0.354909 0.319265 0.351393 0.284518 0.358425 0.319265 0.351393 0.331400 0.451849 0.337740 0.547022 0.284518 0.358425 0.296750 0.460333 0.304456 0.547468
82 0.290998 0.215325 0.306217 0.359972 0.323338 0.357081 0.289097 0.362862 0.323338 0.357081 0.335976 0.461597 0.347386 0.553636 0.289097 0.362862 0.295753 0.461953 0.303723 0.543763
83 0.293721 0.219699 0.309855 0.366126 0.326098 0.363056 0.293612 0.369196 0.326098 0.363056 0.339363 0.467628 0.356732 0.561237 0.293612 0.369196 0.297046 0.463649 0.303168 0.542489
84 0.297242 0.221619 0.311700 0.370683 0.327524 0.367696 0.295876 0.373670 0.327524 0.367696 0.343080 0.471958 0.362276 0.565053 0.295876 0.373670 0.299191 0.467166 0.303144 0.541132
85 0.301758 0.223199 0.314993 0.373144 0.330302 0.370525 0.299683 0.375764 0.330302 0.370525 0.346990 0.477488 0.363149 0.573291 0.299683 0.375764 0.304513 0.473036 0.303902 0.541927
86 0.307033 0.225107 0.319557 0.374951 0.334600 0.372772 0.304514 0.377131 0.334600 0.372772 0.350177 0.478339 0.364628 0.575888 0.304514 0.377131 0.309440 0.476872 0.304132 0.541929
87 0.312092 0.226489 0.327217 0.377838 0.341052 0.375505 0.313382 0.380171 0.341052 0.375505 0.354815 0.482162 0.365951 0.580002 0.313382 0.380171 0.315479 0.480499 0.304199 0.541368
88 0.317846 0.228565 0.332039 0.382851 0.346507 0.380619 0.317571 0.385082 0.346507 0.380619 0.358360 0.487578 0.367927 0.585547 0.317571 0.385082 0.321496 0.486239 0.304093 0.541439
89 0.323365 0.228554 0.337191 0.383557 0.352473 0.381214 0.321910 0.385899 0.352473 0.381214 0.360462 0.490047 0.369667 0.589744 0.321910 0.385899 0.326984 0.491957 0.305913 0.542547
90 0.327728 0.229043 0.344513 0.381658 0.359948 0.378977 0.329078 0.384339 0.359948 0.378977 0.362383 0.487664 0.368806 0.589602 0.329078 0.384339 0.342889 0.492166 0.311226 0.527548
91 0.332789 0.228618 0.349790 0.380523 0.365096 0.377839 0.334483 0.383207 0.365096 0.377839 0.365245 0.485216 0.366238 0.585633 0.334483 0.383207 0.350551 0.491156 0.324826 0.537661
92 0.337897 0.229645 0.353113 0.381136 0.369029 0.378419 0.337197 0.383853 0.369029 0.378419 0.368050 0.487562 0.363752 0.583241 0.337197 0.383853 0.358136 0.493269 0.346175 0.555918
93 0.341866 0.230645 0.355271 0.382062 0.370441 0.378871 0.340100 0.385254 0.370441 0.378871 0.371780 0.489826 0.362657 0.586272 0.340100 0.385254 0.361690 0.494642 0.353520 0.577267
94 0.347375 0.232187 0.357860 0.382789 0.373288 0.380006 0.342432 0.385572 0.373288 0.380006 0.373376 0.490276 0.367530 0.595550 0.342432 0.385572 0.367166 0.492672 0.367201 0.596847
95 0.352229 0.235861 0.364940 0.384620 0.379158 0.381803 0.350721 0.387436 0.379158 0.381803 0.375350 0.492343 0.372671 0.602003 0.350721 0.387436 0.376525 0.493658 0.375093 0.605292
96 0.356736 0.239874 0.370121 0.390872 0.384591 0.387803 0.355652 0.393941 0.384591 0.387803 0.373971 0.499273 0.372283 0.606915 0.355652 0.393941 0.384948 0.501363 0.393674 0.615442
97 0.361389 0.244086 0.375393 0.390638 0.389770 0.386877 0.361015 0.394399 0.389770 0.386877 0.374656 0.496369 0.371847 0.600474 0.361015 0.394399 0.389424 0.503014 0.411291 0.624865
98 0.366744 0.249227 0.382292 0.394913 0.396461 0.390536 0.368124 0.399291 0.396461 0.390536 0.378236 0.498186 0.371576 0.597373 0.368124 0.399291 0.394817 0.508211 0.415861 0.628619
99 0.371714 0.251228 0.386248 0.398000 0.400915 0.393536 0.371581 0.402463 0.400915 0.393536 0.385366 0.498546 0.374572 0.593589 0.371581 0.402463 0.399543 0.510976 0.416640 0.630603
100 0.376375 0.253326 0.392077 0.401697 0.405687 0.397255 0.378467 0.406138 0.405687 0.397255 0.394535 0.499914 0.377711 0.584457 0.378467 0.406138 0.405988 0.517979 0.419660 0.638154
101 0.381249 0.254565 0.397590 0.406225 0.411273 0.401839 0.383907 0.410611 0.411273 0.401839 0.407200 0.504521 0.385738 0.582809 0.383907 0.410611 0.409571 0.521867 0.416781 0.636771
102 0.385494 0.255896 0.402895 0.410417 0.416961 0.406480 0.388828 0.414353 0.416961 0.406480 0.419756 0.510138 0.396714 0.582415 0.388828 0.414353 0.414302 0.525888 0.419860 0.641453
103 0.390773 0.257360 0.408878 0.417265 0.424288 0.413236 0.393467 0.421294 0.424288 0.413236 0.431284 0.519324 0.403033 0.586066 0.393467 0.421294 0.415853 0.532569 0.420723 0.641340
104 0.395610 0.258847 0.415106 0.424384 0.431771 0.420176 0.398441 0.428593 0.431771 0.420176 0.446820 0.527380 0.414508 0.585468 0.398441 0.428593 0.419246 0.541972 0.422694 0.642303
105 0.399788 0.258744 0.419406 0.425846 0.436155 0.420681 0.402657 0.431011 0.436155 0.420681 0.453892 0.531004 0.425115 0.605810 0.402657 0.431011 0.418758 0.549662 0.423982 0.641722
106 0.404783 0.262223 0.426223 0.431816 0.441706 0.426629 0.410739 0.437002 0.441706 0.426629 0.460511 0.533322 0.443872 0.618221 0.410739 0.437002 0.420242 0.549494 0.424908 0.644125
107 0.411009 0.266855 0.431520 0.439652 0.447164 0.435251 0.415876 0.444054 0.447164 0.435251 0.465357 0.539866 0.461781 0.635637 0.415876 0.444054 0.421232 0.550931 0.426272 0.645525
108 0.416055 0.271137 0.433632 0.445493 0.445854 0.442294 0.421409 0.448693 0.445854 0.442294 0.464430 0.548527 0.475101 0.651302 0.421409 0.448693 0.426668 0.555238 0.429326 0.650902
109 0.423377 0.274536 0.438664 0.446587 0.449876 0.443677 0.427452 0.449496 0.449876 0.443677 0.467417 0.549126 0.485924 0.657740 0.427452 0.449496 0.430915 0.553143 0.428718 0.649709
110 0.429672 0.278640 0.442972 0.454011 0.450016 0.451899 0.435929 0.456124 0.450016 0.451899 0.461032 0.556503 0.482188 0.667194 0.435929 0.456124 0.443643 0.567755 0.430305 0.652534
111 0.436076 0.283350 0.449492 0.461369 0.452247 0.458792 0.446737 0.463946 0.452247 0.458792 0.456430 0.560318 0.467225 0.658092 0.446737 0.463946 0.458368 0.576476 0.443469 0.658534
112 0.443363 0.285899 0.457581 0.463181 0.464496 0.459878 0.450667 0.466484 0.464496 0.459878 0.480359 0.565734 0.497996 0.679137 0.450667 0.466484 0.454754 0.576114 0.436393 0.656738
113 0.452165 0.285585 0.465837 0.463569 0.474183 0.460255 0.457491 0.466883 0.474183 0.460255 0.482325 0.565743 0.504455 0.679404 0.457491 0.466883 0.458811 0.571639 0.433721 0.654304
114 0.459735 0.286529 0.474427 0.466360 0.485391 0.463831 0.463464 0.468888 0.485391 0.463831 0.495400 0.579039 0.507826 0.688123 0.463464 0.468888 0.463972 0.577578 0.434774 0.653003
115 0.468037 0.288197 0.484448 0.466077 0.496820 0.463905 0.472076 0.468249 0.496820 0.463905 0.499711 0.577634 0.509311 0.689555 0.472076 0.468249 0.478726 0.580398 0.441415 0.644885
116 0.475140 0.288287 0.491828 0.464365 0.503121 0.461659 0.480535 0.467071 0.503121 0.461659 0.506618 0.577401 0.505396 0.685536 0.480535 0.467071 0.493131 0.581719 0.454813 0.636744
117 0.483578 0.289637 0.499033 0.464413 0.510100 0.461847 0.487967 0.466979 0.510100 0.461847 0.511217 0.575824 0.497634 0.678593 0.487967 0.466979 0.501240 0.582030 0.491092 0.657385
118 0.490032 0.293335 0.505039 0.464014 0.517449 0.460845 0.492628 0.467183 0.517449 0.460845 0.517758 0.576523 0.491975 0.676063 0.492628 0.467183 0.509081 0.585631 0.500473 0.665634
119 0.497378 0.294570 0.508493 0.463954 0.520795 0.460586 0.496190 0.467323 0.520795 0.460586 0.522055 0.578981 0.503659 0.684870 0.496190 0.467323 0.514923 0.585948 0.502445 0.680325
120 0.505765 0.298248 0.514358 0.468356 0.528270 0.466433 0.500446 0.470279 0.528270 0.466433 0.531707 0.586733 0.520972 0.694949 0.500446 0.470279 0.522565 0.591390 0.511791 0.706190
121 0.510800 0.301191 0.518689 0.473667 0.532404 0.472085 0.504974 0.475250 0.532404 0.472085 0.531960 0.593625 0.519465 0.717145 0.504974 0.475250 0.533308 0.592544 0.518547 0.716135
122 0.516392 0.304475 0.523827 0.477582 0.536375 0.475207 0.511278 0.479956 0.536375 0.475207 0.529369 0.594152 0.518991 0.707547 0.511278 0.479956 0.546209 0.602988 0.561150 0.735073
123 0.522980 0.308244 0.529417 0.482491 0.541888 0.479386 0.516945 0.485596 0.541888 0.479386 0.528695 0.592097 0.516537 0.700685 0.516945 0.485596 0.555254 0.609297 0.574259 0.744196
124 0.528016 0.313028 0.537473 0.487590 0.550987 0.484556 0.523959 0.490623 0.550987 0.484556 0.531743 0.593473 0.514224 0.697175 0.523959 0.490623 0.556684 0.613937 0.579304 0.750788
125 0.537701 0.317387 0.546786 0.493482 0.561518 0.490428 0.532053 0.496535 0.561518 0.490428 0.537896 0.595881 0.514799 0.695389 0.532053 0.496535 0.572677 0.631076 0.584434 0.764920
126 0.545321 0.323485 0.551264 0.502684 0.566307 0.499547 0.536220 0.505822 0.566307 0.499547 0.542600 0.601644 0.517530 0.694009 0.536220 0.505822 0.574840 0.640422 0.590667 0.781666
127 0.550282 0.330879 0.558831 0.517095 0.574161 0.514075 0.543502 0.520115 0.574161 0.514075 0.561142 0.613578 0.522370 0.687884 0.543502 0.520115 0.581531 0.657757 0.592576 0.792536
128 0.556727 0.333990 0.564771 0.517002 0.581100 0.514841 0.548443 0.519163 0.581100 0.514841 0.578335 0.629621 0.523472 0.682814 0.548443 0.519163 0.584661 0.654674 0.590926 0.790046
129 0.561648 0.334121 0.569562 0.515787 0.585970 0.514040 0.553154 0.517534 0.585970 0.514040 0.586012 0.629550 0.525059 0.683249 0.553154 0.517534 0.584617 0.653195 0.593210 0.789775
130 0.565955 0.331220 0.574040 0.514251 0.588322 0.513344 0.559758 0.515158 0.588322 0.513344 0.586742 0.632277 0.529664 0.682616 0.559758 0.515158 0.584678 0.647946 0.593721 0.794409
131 0.572532 0.333152 0.578028 0.520541 0.591407 0.519800 0.564650 0.521281 0.591407 0.519800 0.598280 0.643113 0.536846 0.682748 0.564650 0.521281 0.585977 0.650529 0.595196 0.795264
132 0.577733 0.333333 0.583021 0.531071 0.595294 0.529230 0.570747 0.532912 0.595294 0.529230 0.605305 0.647411 0.550372 0.687910 0.570747 0.532912 0.591210 0.661607 0.597215 0.798285
133 0.580913 0.336935 0.581859 0.540045 0.589426 0.538935 0.574292 0.541155 0.589426 0.538935 0.601962 0.645982 0.560841 0.694597 0.574292 0.541155 0.596308 0.669728 0.592003 0.797341
134 0.584947 0.339838 0.583482 0.543208 0.590844 0.542800 0.576120 0.543616 0.590844 0.542800 0.605444 0.647743 0.569110 0.721059 0.576120 0.543616 0.595424 0.674642 0.589894 0.792739
135 0.590045 0.342231 0.587375 0.544033 0.595926 0.544238 0.578823 0.543829 0.595926 0.544238 0.607398 0.649849 0.579658 0.765836 0.578823 0.543829 0.598089 0.674438 0.596699 0.796163
136 0.595889 0.345570 0.590952 0.546674 0.600677 0.545935 0.581228 0.547414 0.600677 0.545935 0.611454 0.658061 0.592747 0.783932 0.581228 0.547414 0.599383 0.678638 0.599180 0.798645
137 0.600151 0.348972 0.595203 0.550041 0.605640 0.549350 0.584766 0.550733 0.605640 0.549350 0.612042 0.660664 0.600864 0.781462 0.584766 0.550733 0.599021 0.679624 0.596706 0.797398
138 0.601845 0.352820 0.599356 0.550876 0.609657 0.549386 0.589056 0.552367 0.609657 0.549386 0.618932 0.660600 0.605527 0.784671 0.589056 0.552367 0.602307 0.680628 0.595244 0.797471
139 0.603707 0.358951 0.602901 0.553500 0.611723 0.551124 0.594080 0.555876 0.611723 0.551124 0.619501 0.656805 0.595849 0.774685 0.594080 0.555876 0.605983 0.682594 0.602688 0.800774
140 0.607261 0.363789 0.607168 0.556976 0.613855 0.552927 0.600481 0.561025 0.613855 0.552927 0.617632 0.661152 0.588781 0.781917 0.600481 0.561025 0.610948 0.688149 0.619434 0.823036
141 -1 -1 -1 -1 -1 -1 -1 -1 -1 -1 -1 -1 -1 -1 -1 -1 -1 -1 -1 -1
142 -1 -1 -1 -1 -1 -1 -1 -1 -1 -1 -1 -1 -1 -1 -1 -1 -1 -1 -1 -1
143 -1 -1 -1 -1 -1 -1 -1 -1 -1 -1 -1 -1 -1 -1 -1 -1 -1 -1 -1 -1
144 -1 -1 -1 -1 -1 -1 -1 -1 -1 -1 -1 -1 -1 -1 -1 -1 -1 -1 -1 -1
145 -1 -1 -1 -1 -1 -1 -1 -1 -1 -1 -1 -1 -1 -1 -1 -1 -1 -1 -1 -1
146 -1 -1 -1 -1 -1 -1 -1 -1 -1 -1 -1 -1 -1 -1 -1 -1 -1 -1 -1 -1
147 -1 -1 -1 -1 -1 -1 -1 -1 -1 -1 -1 -1 -1 -1 -1 -1 -1 -1 -1 -1
148 -1 -1 -1 -1 -1 -1 -1 -1 -1 -1 -1 -1 -1 -1 -1 -1 -1 -1 -1 -1
149 -1 -1 -1 -1 -1 -1 -1 -1 -1 -1 -1 -1 -1 -1 -1 -1 -1 -1 -1 -1
150 -1 -1 -1 -1 -1 -1 -1 -1 -1 -1 -1 -1 -1 -1 -1 -1 -1 -1 -1 -1
151 -1 -1 -1 -1 -1 -1 -1 -1 -1 -1 -1 -1 -1 -1 -1 -1 -1 -1 -1 -1
152 -1 -1 -1 -1 -1 -1 -1 -1 -1 -1 -1 -1 -1 -1 -1 -1 -1 -1 -1 -1
153 -1 -1 -1 -1 -1 -1 -1 -1 -1 -1 -1 -1 -1 -1 -1 -1 -1 -1 -1 -1
154 -1 -1 -1 -1 -1 -1 -1 -1 -1 -1 -1 -1 -1 -1 -1 -1 -1 -1 -1 -1
155 -1 -1 -1 -1 -1 -1 -1 -1 -1 -1 -1 -1 -1 -1 -1 -1 -1 -1 -1 -1
156 -1 -1 -1 -1 -1 -1 -1 -1 -1 -1 -1 -1 -1 -1 -1 -1 -1 -1 -1 -1
157 -1 -1 -1 -1 -1 -1 -1 -1 -1 -1 -1 -1 -1 -1 -1 -1 -1 -1 -1 -1
158 -1 -1 -1 -1 -1 -1 -1 -1 -1 -1 -1 -1 -1 -1 -1 -1 -1 -1 -1 -1
159 -1 -1 -1 -1 -1 -1 -1 -1 -1 -1 -1 -1 -1 -1 -1 -1 -1 -1 -1 -1
160 -1 -1 -1 -1 -1 -1 -1 -1 -1 -1 -1 -1 -1 -1 -1 -1 -1 -1 -1 -1
161 -1 -1 -1 -1 -1 -1 -1 -1 -1 -1 -1 -1 -1 -1 -1 -1 -1 -1 -1 -1
162 -1 -1 -1 -1 -1 -1 -1 -1 -1 -1 -1 -1 -1 -1 -1 -1 -1 -1 -1 -1
163 -1 -1 -1 -1 -1 -1 -1 -1 -1 -1 -1 -1 -1 -1 -1 -1 -1 -1 -1 -1
164 -1 -1 -1 -1 -1 -1 -1 -1 -1 -1 -1 -1 -1 -1 -1 -1 -1 -1 -1 -1
165 -1 -1 -1 -1 -1 -1 -1 -1 -1 -1 -1 -1 -1 -1 -1 -1 -1 -1 -1 -1
166 -1 -1 -1 -1 -1 -1 -1 -1 -1 -1 -1 -1 -1 -1 -1 -1 -1 -1 -1 -1
167 -1 -1 -1 -1 -1 -1 -1 -1 -1 -1 -1 -1 -1 -1 -1 -1 -1 -1 -1 -1
168 -1 -1 -1 -1 -1 -1 -1 -1 -1 -1 -1 -1 -1 -1 -1 -1 -1 -1 -1 -1
169 -1 -1 -1 -1 -1 -1 -1 -1 -1 -1 -1 -1 -1 -1 -1 -1 -1 -1 -1 -1
170 -1 -1 -1 -1 -1 -1 -1 -1 -1 -1 -1 -1 -1 -1 -1 -1 -1 -1 -1 -1
171 -1 -1 -1 -1 -1 -1 -1 -1 -1 -1 -1 -1 -1 -1 -1 -1 -1 -1 -1 -1
172 -1 -1 -1 -1 -1 -1 -1 -1 -1 -1 -1 -1 -1 -1 -1 -1 -1 -1 -1 -1
173 -1 -1 -1 -1 -1 -1 -1 -1 -1 -1 -1 -1 -1 -1 -1 -1 -1 -1 -1 -1
174 -1 -1 -1 -1 -1 -1 -1 -1 -1 -1 -1 -1 -1 -1 -1 -1 -1 -1 -1 -1
175 -1 -1 -1 -1 -1 -1 -1 -1 -1 -1 -1 -1 -1 -1 -1 -1 -1 -1 -1 -1
176 -1 -1 -1 -1 -1 -1 -1 -1 -1 -1 -1 -1 -1 -1 -1 -1 -1 -1 -1 -1
177 -1 -1 -1 -1 -1 -1 -1 -1 -1 -1 -1 -1 -1 -1 -1 -1 -1 -1 -1 -1
178 -1 -1 -1 -1 -1 -1 -1 -1 -1 -1 -1 -1 -1 -1 -1 -1 -1 -1 -1 -1
179 -1 -1 -1 -1 -1 -1 -1 -1 -1 -1 -1 -1 -1 -1 -1 -1 -1 -1 -1 -1
180 -1 -1 -1 -1 -1 -1 -1 -1 -1 -1 -1 -1 -1 -1 -1 -1 -1 -1 -1 -1
181 -1 -1 -1 -1 -1 -1 -1 -1 -1 -1 -1 -1 -1 -1 -1 -1 -1 -1 -1 -1
182 -1 -1 -1 -1 -1 -1 -1 -1 -1 -1 -1 -1 -1 -1 -1 -1 -1 -1 -1 -1
183 -1 -1 -1 -1 -1 -1 -1 -1 -1 -1 -1 -1 -1 -1 -1 -1 -1 -1 -1 -1
184 -1 -1 -1 -1 -1 -1 -1 -1 -1 -1 -1 -1 -1 -1 -1 -1 -1 -1 -1 -1
185 -1 -1 -1 -1 -1 -1 -1 -1 -1 -1 -1 -1 -1 -1 -1 -1 -1 -1 -1 -1
186 -1 -1 -1 -1 -1 -1 -1 -1 -1 -1 -1 -1 -1 -1 -1 -1 -1 -1 -1 -1
187 -1 -1 -1 -1 -1 -1 -1 -1 -1 -1 -1 -1 -1 -1 -1 -1 -1 -1 -1 -1
188 -1 -1 -1 -1 -1 -1 -1 -1 -1 -1 -1 -1 -1 -1 -1 -1 -1 -1 -1 -1
189 -1 -1 -1 -1 -1 -1 -1 -1 -1 -1 -1 -1 -1 -1 -1 -1 -1 -1 -1 -1
190 -1 -1 -1 -1 -1 -1 -1 -1 -1 -1 -1 -1 -1 -1 -1 -1 -1 -1 -1 -1
191 -1 -1 -1 -1 -1 -1 -1 -1 -1 -1 -1 -1 -1 -1 -1 -1 -1 -1 -1 -1
192 -1 -1 -1 -1 -1 -1 -1 -1 -1 -1 -1 -1 -1 -1 -1 -1 -1 -1 -1 -1
193 -1 -1 -1 -1 -1 -1 -1 -1 -1 -1 -1 -1 -1 -1 -1 -1 -1 -1 -1 -1
194 -1 -1 -1 -1 -1 -1 -1 -1 -1 -1 -1 -1 -1 -1 -1 -1 -1 -1 -1 -1
195 -1 -1 -1 -1 -1 -1 -1 -1 -1 -1 -1 -1 -1 -1 -1 -1 -1 -1 -1 -1
196 -1 -1 -1 -1 -1 -1 -1 -1 -1 -1 -1 -1 -1 -1 -1 -1 -1 -1 -1 -1
197 -1 -1 -1 -1 -1 -1 -1 -1 -1 -1 -1 -1 -1 -1 -1 -1 -1 -1 -1 -1
198 -1 -1 -1 -1 -1 -1 -1 -1 -1 -1 -1 -1 -1 -1 -1 -1 -1 -1 -1 -1
199 -1 -1 -1 -1 -1 -1 -1 -1 -1 -1 -1 -1 -1 -1 -1 -1 -1 -1 -1 -1
200 -1 -1 -1 -1 -1 -1 -1 -1 -1 -1 -1 -1 -1 -1 -1 -1 -1 -1 -1 -1
201 -1 -1 -1 -1 -1 -1 -1 -1 -1 -1 -1 -1 -1 -1 -1 -1 -1 -1 -1 -1
202 -1 -1 -1 -1 -1 -1 -1 -1 -1 -1 -1 -1 -1 -1 -1 -1 -1 -1 -1 -1
203 -1 -1 -1 -1 -1 -1 -1 -1 -1 -1 -1 -1 -1 -1 -1 -1 -1 -1 -1 -1
204 -1 -1 -1 -1 -1 -1 -1 -1 -1 -1 -1 -1 -1 -1 -1 -1 -1 -1 -1 -1
205 -1 -1 -1 -1 -1 -1 -1 -1 -1 -1 -1 -1 -1 -1 -1 -1 -1 -1 -1 -1
206 -1 -1 -1 -1 -1 -1 -1 -1 -1 -1 -1 -1 -1 -1 -1 -1 -1 -1 -1 -1
207 -1 -1 -1 -1 -1 -1 -1 -1 -1 -1 -1 -1 -1 -1 -1 -1 -1 -1 -1 -1
208 -1 -1 -1 -1 -1 -1 -1 -1 -1 -1 -1 -1 -1 -1 -1 -1 -1 -1 -1 -1
209 -1 -1 -1 -1 -1 -1 -1 -1 -1 -1 -1 -1 -1 -1 -1 -1 -1 -1 -1 -1
210 -1 -1 -1 -1 -1 -1 -1 -1 -1 -1 -1 -1 -1 -1 -1 -1 -1 -1 -1 -1
211 -1 -1 -1 -1 -1 -1 -1 -1 -1 -1 -1 -1 -1 -1 -1 -1 -1 -1 -1 -1
212 -1 -1 -1 -1 -1 -1 -1 -1 -1 -1 -1 -1 -1 -1 -1 -1 -1 -1 -1 -1
213 -1 -1 -1 -1 -1 -1 -1 -1 -1 -1 -1 -1 -1 -1 -1 -1 -1 -1 -1 -1
214 -1 -1 -1 -1 -1 -1 -1 -1 -1 -1 -1 -1 -1 -1 -1 -1 -1 -1 -1 -1
215 -1 -1 -1 -1 -1 -1 -1 -1 -1 -1 -1 -1 -1 -1 -1 -1 -1 -1 -1 -1
