0
0
0 -1 -1 -1 -1 -1 -1 -1 -1 -1 -1 -1 -1 -1 -1 -1 -1 -1 -1 -1 -1
1 -1 -1 -1 -1 -1 -1 -1 -1 -1 -1 -1 -1 -1 -1 -1 -1 -1 -1 -1 -1
2 -1 -1 -1 -1 -1 -1 -1 -1 -1 -1 -1 -1 -1 -1 -1 -1 -1 -1 -1 -1
3 -1 -1 -1 -1 -1 -1 -1 -1 -1 -1 -1 -1 -1 -1 -1 -1 -1 -1 -1 -1
4 -1 -1 -1 -1 -1 -1 -1 -1 -1 -1 -1 -1 -1 -1 -1 -1 -1 -1 -1 -1
5 -1 -1 -1 -1 -1 -1 -1 -1 -1 -1 -1 -1 -1 -1 -1 -1 -1 -1 -1 -1
6 -1 -1 -1 -1 -1 -1 -1 -1 -1 -1 -1 -1 -1 -1 -1 -1 -1 -1 -1 -1
7 -1 -1 -1 -1 -1 -1 -1 -1 -1 -1 -1 -1 -1 -1 -1 -1 -1 -1 -1 -1
8 -1 -1 -1 -1 -1 -1 -1 -1 -1 -1 -1 -1 -1 -1 -1 -1 -1 -1 -1 -1
9 -1 -1 -1 -1 -1 -1 -1 -1 -1 -1 -1 -1 -1 -1 -1 -1 -1 -1 -1 -1
10 -1 -1 -1 -1 -1 -1 -1 -1 -1 -1 -1 -1 -1 -1 -1 -1 -1 -1 -1 -1
11 -1 -1 -1 -1 -1 -1 -1 -1 -1 -1 -1 -1 -1 -1 -1 -1 -1 -1 -1 -1
12 -1 -1 -1 -1 -1 -1 -1 -1 -1 -1 -1 -1 -1 -1 -1 -1 -1 -1 -1 -1
13 -1 -1 -1 -1 -1 -1 -1 -1 -1 -1 -1 -1 -1 -1 -1 -1 -1 -1 -1 -1
14 -1 -1 -1 -1 -1 -1 -1 -1 -1 -1 -1 -1 -1 -1 -1 -1 -1 -1 -1 -1
15 -1 -1 -1 -1 -1 -1 -1 -1 -1 -1 -1 -1 -1 -1 -1 -1 -1 -1 -1 -1
16 -1 -1 -1 -1 -1 -1 -1 -1 -1 -1 -1 -1 -1 -1 -1 -1 -1 -1 -1 -1
17 -1 -1 -1 -1 -1 -1 -1 -1 -1 -1 -1 -1 -1 -1 -1 -1 -1 -1 -1 -1
18 -1 -1 -1 -1 -1 -1 -1 -1 -1 -1 -1 -1 -1 -1 -1 -1 -1 -1 -1 -1
19 -1 -1 -1 -1 -1 -1 -1 -1 -1 -1 -1 -1 -1 -1 -1 -1 -1 -1 -1 -1
20 -1 -1 -1 -1 -1 -1 -1 -1 -1 -1 -1 -1 -1 -1 -1 -1 -1 -1 -1 -1
21 -1 -1 -1 -1 -1 -1 -1 -1 -1 -1 -1 -1 -1 -1 -1 -1 -1 -1 -1 -1
22 -1 -1 -1 -1 -1 -1 -1 -1 -1 -1 -1 -1 -1 -1 -1 -1 -1 -1 -1 -1
23 -1 -1 -1 -1 -1 -1 -1 -1 -1 -1 -1 -1 -1 -1 -1 -1 -1 -1 -1 -1
24 -1 -1 -1 -1 -1 -1 -1 -1 -1 -1 -1 -1 -1 -1 -1 -1 -1 -1 -1 -1
25 -1 -1 -1 -1 -1 -1 -1 -1 -1 -1 -1 -1 -1 -1 -1 -1 -1 -1 -1 -1
26 -1 -1 -1 -1 -1 -1 -1 -1 -1 -1 -1 -1 -1 -1 -1 -1 -1 -1 -1 -1
27 -1 -1 -1 -1 -1 -1 -1 -1 -1 -1 -1 -1 -1 -1 -1 -1 -1 -1 -1 -1
28 -1 -1 -1 -1 -1 -1 -1 -1 -1 -1 -1 -1 -1 -1 -1 -1 -1 -1 -1 -1
29 -1 -1 -1 -1 -1 -1 -1 -1 -1 -1 -1 -1 -1 -1 -1 -1 -1 -1 -1 -1
30 -1 -1 -1 -1 -1 -1 -1 -1 -1 -1 -1 -1 -1 -1 -1 -1 -1 -1 -1 -1
31 -1 -1 -1 -1 -1 -1 -1 -1 -1 -1 -1 -1 -1 -1 -1 -1 -1 -1 -1 -1
32 -1 -1 -1 -1 -1 -1 -1 -1 -1 -1 -1 -1 -1 -1 -1 -1 -1 -1 -1 -1
33 -1 -1 -1 -1 -1 -1 -1 -1 -1 -1 -1 -1 -1 -1 -1 -1 -1 -1 -1 -1
34 -1 -1 -1 -1 -1 -1 -1 -1 -1 -1 -1 -1 -1 -1 -1 -1 -1 -1 -1 -1
35 -1 -1 -1 -1 -1 -1 -1 -1 -1 -1 -1 -1 -1 -1 -1 -1 -1 -1 -1 -1
36 -1 -1 -1 -1 -1 -1 -1 -1 -1 -1 -1 -1 -1 -1 -1 -1 -1 -1 -1 -1
37 -1 -1 -1 -1 -1 -1 -1 -1 -1 -1 -1 -1 -1 -1 -1 -1 -1 -1 -1 -1
38 -1 -1 -1 -1 -1 -1 -1 -1 -1 -1 -1 -1 -1 -1 -1 -1 -1 -1 -1 -1
39 -1 -1 -1 -1 -1 -1 -1 -1 -1 -1 -1 -1 -1 -1 -1 -1 -1 -1 -1 -1
40 -1 -1 -1 -1 -1 -1 -1 -1 -1 -1 -1 -1 -1 -1 -1 -1 -1 -1 -1 -1
41 -1 -1 -1 -1 -1 -1 -1 -1 -1 -1 -1 -1 -1 -1 -1 -1 -1 -1 -1 -1
42 -1 -1 -1 -1 -1 -1 -1 -1 -1 -1 -1 -1 -1 -1 -1 -1 -1 -1 -1 -1
43 -1 -1 -1 -1 -1 -1 -1 -1 -1 -1 -1 -1 -1 -1 -1 -1 -1 -1 -1 -1
44 -1 -1 -1 -1 -1 -1 -1 -1 -1 -1 -1 -1 -1 -1 -1 -1 -1 -1 -1 -1
45 -1 -1 -1 -1 -1 -1 -1 -1 -1 -1 -1 -1 -1 -1 -1 -1 -1 -1 -1 -1
46 -1 -1 -1 -1 -1 -1 -1 -1 -1 -1 -1 -1 -1 -1 -1 -1 -1 -1 -1 -1
47 -1 -1 -1 -1 -1 -1 -1 -1 -1 -1 -1 -1 -1 -1 -1 -1 -1 -1 -1 -1
48 -1 -1 -1 -1 -1 -1 -1 -1 -1 -1 -1 -1 -1 -1 -1 -1 -1 -1 -1 -1
49 -1 -1 -1 -1 -1 -1 -1 -1 -1 -1 -1 -1 -1 -1 -1 -1 -1 -1 -1 -1
50 0.980631 0.197619 0.955704 0.363338 0.971297 0.367804 0.940111 0.358872 0.971297 0.367804 0.930369 0.479876 0.898166 0.612733 0.940111 0.358872 0.938527 0.470962 0.958777 0.565683
51 0.973340 0.195757 0.951694 0.362978 0.968300 0.367895 0.935088 0.358060 0.968300 0.367895 0.930193 0.486700 0.898175 0.605788 0.935088 0.358060 0.928115 0.480908 0.957507 0.560200
52 0.967443 0.197549 0.941363 0.365777 0.955544 0.372725 0.927182 0.358829 0.955544 0.372725 0.922471 0.489962 0.899267 0.604544 0.927182 0.358829 0.918339 0.483736 0.947510 0.556711
53 0.961415 0.197268 0.932851 0.368094 0.946873 0.376780 0.918829 0.359408 0.946873 0.376780 0.919059 0.499505 0.900105 0.604961 0.918829 0.359408 0.898711 0.481753 0.933592 0.550115
54 0.955366 0.194765 0.928629 0.366811 0.943576 0.376042 0.913682 0.357579 0.943576 0.376042 0.914996 0.499789 0.900053 0.603900 0.913682 0.357579 0.884596 0.470720 0.918339 0.543035
55 0.948792 0.192334 0.918782 0.366662 0.933296 0.375778 0.904268 0.357547 0.933296 0.375778 0.910734 0.497557 0.900034 0.600114 0.904268 0.357547 0.873723 0.469661 0.896165 0.552314
56 0.942712 0.190544 0.914200 0.366588 0.929265 0.375564 0.899135 0.357613 0.929265 0.375564 0.906699 0.496299 0.899217 0.600939 0.899135 0.357613 0.865812 0.469828 0.872917 0.566120
57 0.936833 0.190173 0.905773 0.369534 0.920369 0.377277 0.891176 0.361790 0.920369 0.377277 0.902785 0.497211 0.897487 0.601139 0.891176 0.361790 0.856494 0.470519 0.845974 0.578460
58 0.928578 0.190439 0.901601 0.371556 0.915089 0.378916 0.888114 0.364197 0.915089 0.378916 0.900921 0.498529 0.897470 0.601566 0.888114 0.364197 0.851202 0.472391 0.826850 0.580301
59 0.920939 0.191658 0.896288 0.372244 0.906581 0.378815 0.885995 0.365673 0.906581 0.378815 0.894447 0.498176 0.897477 0.602966 0.885995 0.365673 0.849763 0.474723 0.806494 0.577750
60 0.911319 0.194828 0.889534 0.373845 0.898357 0.379277 0.880711 0.368412 0.898357 0.379277 0.895030 0.497754 0.896811 0.612125 0.880711 0.368412 0.845303 0.479024 0.797281 0.583028
61 0.902367 0.199541 0.879234 0.376699 0.887812 0.381520 0.870657 0.371879 0.887812 0.381520 0.890172 0.499344 0.895710 0.615458 0.870657 0.371879 0.833991 0.480631 0.791408 0.591823
62 0.892515 0.200057 0.867756 0.377002 0.878506 0.382134 0.857007 0.371870 0.878506 0.382134 0.877016 0.506118 0.894169 0.615395 0.857007 0.371870 0.818644 0.487549 0.785220 0.598977
63 0.882678 0.197914 0.857126 0.376566 0.871087 0.381364 0.843164 0.371767 0.871087 0.381364 0.861675 0.505730 0.891522 0.615057 0.843164 0.371767 0.808724 0.488161 0.783403 0.601654
64 0.873718 0.196453 0.847813 0.375474 0.861945 0.380322 0.833681 0.370626 0.861945 0.380322 0.845704 0.505327 0.887239 0.603509 0.833681 0.370626 0.802283 0.486787 0.786718 0.601893
65 0.866541 0.193475 0.839389 0.375165 0.853654 0.379822 0.825125 0.370507 0.853654 0.379822 0.833191 0.505178 0.877784 0.597513 0.825125 0.370507 0.798830 0.486442 0.784278 0.602038
66 0.859629 0.191296 0.832617 0.368833 0.845371 0.373421 0.819863 0.364246 0.845371 0.373421 0.812844 0.499750 0.863782 0.591776 0.819863 0.364246 0.797422 0.486538 0.783783 0.601621
67 0.851948 0.187865 0.826075 0.363251 0.839623 0.368659 0.812526 0.357843 0.839623 0.368659 0.805586 0.498054 0.845292 0.592936 0.812526 0.357843 0.795236 0.487612 0.786135 0.600325
68 0.844705 0.186935 0.822179 0.357179 0.836592 0.362955 0.807765 0.351402 0.836592 0.362955 0.799822 0.496661 0.818349 0.593272 0.807765 0.351402 0.794037 0.487372 0.789807 0.599035
69 0.837496 0.185533 0.817602 0.353110 0.831767 0.358626 0.803438 0.347594 0.831767 0.358626 0.794298 0.488103 0.796096 0.593752 0.803438 0.347594 0.788893 0.481607 0.788065 0.595170
70 0.830765 0.185548 0.811633 0.352467 0.825754 0.358440 0.797513 0.346494 0.825754 0.358440 0.785409 0.483242 0.786970 0.595158 0.797513 0.346494 0.781059 0.478142 0.783254 0.594420
71 0.823841 0.185853 0.804471 0.354383 0.819421 0.360266 0.789520 0.348500 0.819421 0.360266 0.777645 0.478825 0.771289 0.602839 0.789520 0.348500 0.781290 0.478315 0.776194 0.598814
72 0.817615 0.186142 0.798967 0.355380 0.812791 0.361337 0.785144 0.349424 0.812791 0.361337 0.768140 0.480730 0.741634 0.605561 0.785144 0.349424 0.781834 0.478300 0.780218 0.597463
73 0.810717 0.187903 0.792109 0.358005 0.805693 0.363244 0.778525 0.352766 0.805693 0.363244 0.760073 0.481128 0.718944 0.612255 0.778525 0.352766 0.779647 0.478430 0.780985 0.597200
74 0.803690 0.192416 0.785878 0.367242 0.798036 0.371992 0.773719 0.362493 0.798036 0.371992 0.750871 0.485917 0.705230 0.624085 0.773719 0.362493 0.774815 0.480105 0.781789 0.596919
75 0.797023 0.197155 0.780061 0.372004 0.791818 0.376751 0.768304 0.367258 0.791818 0.376751 0.740430 0.494683 0.700374 0.631278 0.768304 0.367258 0.769530 0.482277 0.782512 0.596769
76 0.790046 0.201358 0.773855 0.374034 0.785830 0.378779 0.761879 0.369290 0.785830 0.378779 0.734069 0.496014 0.698136 0.634485 0.761879 0.369290 0.763643 0.483926 0.782124 0.596609
77 0.782724 0.202234 0.764687 0.373816 0.775677 0.378759 0.753696 0.368873 0.775677 0.378759 0.726529 0.496419 0.696469 0.635213 0.753696 0.368873 0.755877 0.484142 0.778391 0.595647
78 0.775417 0.201764 0.758828 0.373215 0.771272 0.378138 0.746383 0.368293 0.771272 0.378138 0.723295 0.496092 0.696818 0.634360 0.746383 0.368293 0.747580 0.484452 0.773953 0.592575
79 0.768965 0.202212 0.751211 0.372880 0.764153 0.377835 0.738270 0.367925 0.764153 0.377835 0.718049 0.494432 0.695962 0.636104 0.738270 0.367925 0.734846 0.485577 0.765803 0.582407
80 0.762338 0.202077 0.744775 0.373116 0.757796 0.378439 0.731754 0.367794 0.757796 0.378439 0.710624 0.494942 0.696651 0.633852 0.731754 0.367794 0.720003 0.490648 0.752763 0.577811
81 0.757367 0.201742 0.736526 0.373773 0.747729 0.379268 0.725322 0.368277 0.747729 0.379268 0.702441 0.496073 0.695829 0.635885 0.725322 0.368277 0.710218 0.493943 0.743654 0.576133
82 0.751889 0.201163 0.727781 0.375466 0.740468 0.381637 0.715094 0.369294 0.740468 0.381637 0.698966 0.498996 0.695164 0.636304 0.715094 0.369294 0.700077 0.493979 0.733158 0.577883
83 0.746673 0.201297 0.718359 0.378622 0.732137 0.386744 0.704581 0.370499 0.732137 0.386744 0.695801 0.519050 0.694446 0.637464 0.704581 0.370499 0.687918 0.493381 0.715532 0.604852
84 0.741034 0.200808 0.715671 0.378990 0.730426 0.387417 0.700916 0.370563 0.730426 0.387417 0.699720 0.514217 0.693942 0.636449 0.700916 0.370563 0.677639 0.492721 0.700937 0.604609
85 0.735089 0.200980 0.709906 0.380132 0.723880 0.388947 0.695932 0.371316 0.723880 0.388947 0.696968 0.512833 0.694227 0.635896 0.695932 0.371316 0.666927 0.486670 0.678604 0.601784
86 0.728537 0.200182 0.705832 0.379977 0.716836 0.388071 0.694829 0.371883 0.716836 0.388071 0.688882 0.511912 0.690280 0.635707 0.694829 0.371883 0.663886 0.490606 0.669666 0.609417
87 0.722349 0.200410 0.699938 0.381982 0.707213 0.388317 0.692663 0.375648 0.707213 0.388317 0.680099 0.510657 0.688011 0.635622 0.692663 0.375648 0.667255 0.500640 0.662025 0.618726
88 0.717518 0.200636 0.697245 0.382899 0.704179 0.388209 0.690311 0.377589 0.704179 0.388209 0.673724 0.509898 0.674628 0.626483 0.690311 0.377589 0.677789 0.508158 0.667642 0.622438
89 0.711781 0.202066 0.691959 0.385545 0.700124 0.389931 0.683794 0.381160 0.700124 0.389931 0.677018 0.513095 0.682479 0.631147 0.683794 0.381160 0.659087 0.510730 0.636280 0.617883
90 0.705164 0.201963 0.687790 0.385108 0.697980 0.389607 0.677601 0.380608 0.697980 0.389607 0.679675 0.516265 0.685500 0.636276 0.677601 0.380608 0.651324 0.508300 0.624820 0.615840
91 0.697005 0.201040 0.681961 0.385323 0.691931 0.389583 0.671991 0.381062 0.691931 0.389583 0.672303 0.519104 0.686614 0.638230 0.671991 0.381062 0.646439 0.507985 0.621245 0.618361
92 0.691671 0.201186 0.675420 0.385504 0.687548 0.389605 0.663292 0.381402 0.687548 0.389605 0.668984 0.523428 0.687216 0.638901 0.663292 0.381402 0.638749 0.509116 0.614733 0.622398
93 0.685176 0.200927 0.669343 0.385400 0.682149 0.389444 0.656537 0.381356 0.682149 0.389444 0.662740 0.522671 0.686790 0.638502 0.656537 0.381356 0.632510 0.507996 0.613751 0.623039
94 0.677531 0.196685 0.663162 0.379266 0.677294 0.383287 0.649031 0.375246 0.677294 0.383287 0.651345 0.520220 0.683987 0.633260 0.649031 0.375246 0.628765 0.507451 0.615546 0.623842
95 0.671883 0.195963 0.656089 0.375008 0.667657 0.378931 0.644521 0.371085 0.667657 0.378931 0.634375 0.512022 0.671243 0.631377 0.644521 0.371085 0.630038 0.507065 0.623311 0.623366
96 0.668186 0.195882 0.649285 0.375500 0.662393 0.379692 0.636177 0.371308 0.662393 0.379692 0.636574 0.512509 0.672871 0.628209 0.636177 0.371308 0.623351 0.506547 0.616211 0.624875
97 0.664006 0.193732 0.647765 0.375553 0.660597 0.380137 0.634933 0.370970 0.660597 0.380137 0.633463 0.513185 0.667579 0.628716 0.634933 0.370970 0.620651 0.506430 0.615146 0.625379
98 0.661820 0.192788 0.643147 0.375531 0.656360 0.380227 0.629935 0.370834 0.656360 0.380227 0.631868 0.513078 0.631026 0.633926 0.629935 0.370834 0.620534 0.506268 0.621629 0.626216
99 0.658858 0.192281 0.638774 0.375834 0.652573 0.380937 0.624975 0.370732 0.652573 0.380937 0.630315 0.514145 0.631997 0.643254 0.624975 0.370732 0.619327 0.506066 0.621483 0.625857
100 0.656101 0.190195 0.635750 0.373410 0.650496 0.380501 0.621005 0.366318 0.650496 0.380501 0.629226 0.514175 0.626332 0.650578 0.621005 0.366318 0.616939 0.505725 0.617044 0.622629
101 0.653775 0.190274 0.634030 0.373946 0.647816 0.381462 0.620245 0.366431 0.647816 0.381462 0.626046 0.516021 0.618908 0.650797 0.620245 0.366431 0.616870 0.505591 0.616468 0.617622
102 0.650487 0.190044 0.631717 0.374260 0.644824 0.381564 0.618611 0.366955 0.644824 0.381564 0.624345 0.515811 0.612656 0.653054 0.618611 0.366955 0.616320 0.503553 0.615160 0.615396
103 0.646817 0.188863 0.630611 0.372266 0.644156 0.378868 0.617066 0.365664 0.644156 0.378868 0.623854 0.508760 0.610592 0.651035 0.617066 0.365664 0.615091 0.499941 0.614881 0.613590
104 0.643578 0.187623 0.626935 0.372640 0.640635 0.379031 0.613236 0.366249 0.640635 0.379031 0.623204 0.508060 0.609999 0.649896 0.613236 0.366249 0.613326 0.499090 0.614840 0.612858
105 0.641552 0.187262 0.626416 0.373161 0.640335 0.379200 0.612498 0.367122 0.640335 0.379200 0.622769 0.507672 0.611265 0.649155 0.612498 0.367122 0.610630 0.499201 0.614622 0.612713
106 0.641196 0.186533 0.626278 0.372965 0.640059 0.378623 0.612497 0.367307 0.640059 0.378623 0.622606 0.506579 0.612249 0.649087 0.612497 0.367307 0.609564 0.499273 0.614127 0.612868
107 0.639765 0.186143 0.625792 0.374354 0.639716 0.379121 0.611869 0.369587 0.639716 0.379121 0.622654 0.506790 0.612545 0.647855 0.611869 0.369587 0.608996 0.500661 0.613848 0.613258
108 0.638618 0.186093 0.625399 0.374188 0.639890 0.378766 0.610908 0.369609 0.639890 0.378766 0.623184 0.506347 0.612953 0.647433 0.610908 0.369609 0.607968 0.500730 0.613067 0.613351
109 0.636154 0.186191 0.625283 0.374084 0.640162 0.378522 0.610404 0.369646 0.640162 0.378522 0.623550 0.506288 0.613297 0.645397 0.610404 0.369646 0.607135 0.500796 0.612808 0.613422
110 0.634864 0.186512 0.624704 0.374177 0.640072 0.378828 0.609335 0.369526 0.640072 0.378828 0.622929 0.506649 0.612509 0.645314 0.609335 0.369526 0.606805 0.500799 0.612890 0.613302
111 0.633529 0.186647 0.624402 0.373581 0.640479 0.378450 0.608325 0.368713 0.640479 0.378450 0.621778 0.506737 0.612109 0.644483 0.608325 0.368713 0.607313 0.500809 0.613058 0.613360
112 0.633222 0.186763 0.624435 0.373111 0.640805 0.378200 0.608065 0.368022 0.640805 0.378200 0.620973 0.506653 0.612172 0.644488 0.608065 0.368022 0.607747 0.500453 0.613168 0.613302
113 0.632077 0.186802 0.624734 0.372808 0.640873 0.377883 0.608595 0.367734 0.640873 0.377883 0.620841 0.506484 0.612126 0.644691 0.608595 0.367734 0.608134 0.500253 0.613295 0.612832
114 0.630938 0.186505 0.624984 0.372700 0.640924 0.377656 0.609044 0.367744 0.640924 0.377656 0.621020 0.506923 0.611988 0.647096 0.609044 0.367744 0.608280 0.500105 0.613394 0.612841
115 0.629820 0.186352 0.624685 0.373676 0.641026 0.378648 0.608344 0.368705 0.641026 0.378648 0.621215 0.507864 0.611597 0.649747 0.608344 0.368705 0.607633 0.499936 0.613911 0.612309
116 0.629263 0.186238 0.624499 0.376205 0.641117 0.381082 0.607880 0.371328 0.641117 0.381082 0.621375 0.511534 0.611329 0.656341 0.607880 0.371328 0.607089 0.500478 0.614737 0.611397
117 0.628810 0.185720 0.624271 0.378379 0.641162 0.383024 0.607381 0.373734 0.641162 0.383024 0.621467 0.513517 0.611040 0.656207 0.607381 0.373734 0.606669 0.500708 0.615332 0.610501
118 0.628510 0.185751 0.623771 0.379155 0.640984 0.383753 0.606557 0.374558 0.640984 0.383753 0.621485 0.514971 0.611242 0.656201 0.606557 0.374558 0.606478 0.500740 0.615504 0.610300
119 0.627999 0.184912 0.623278 0.379075 0.640424 0.383635 0.606132 0.374516 0.640424 0.383635 0.621503 0.516194 0.611380 0.656684 0.606132 0.374516 0.606512 0.500746 0.615508 0.610354
120 0.626959 0.184715 0.623058 0.378760 0.640145 0.383091 0.605971 0.374430 0.640145 0.383091 0.621411 0.515911 0.611386 0.656634 0.605971 0.374430 0.606506 0.500155 0.616070 0.609787
121 0.626403 0.184773 0.622355 0.378587 0.639132 0.382783 0.605578 0.374392 0.639132 0.382783 0.621363 0.515867 0.611315 0.659830 0.605578 0.374392 0.606118 0.499384 0.616374 0.609583
122 0.625858 0.184591 0.621072 0.377837 0.636743 0.381361 0.605400 0.374312 0.636743 0.381361 0.620911 0.516041 0.611293 0.661979 0.605400 0.374312 0.606169 0.498470 0.616481 0.609327
123 0.625498 0.184112 0.620822 0.377438 0.636311 0.380605 0.605332 0.374271 0.636311 0.380605 0.620752 0.515968 0.611258 0.661272 0.605332 0.374271 0.605896 0.498186 0.616512 0.608825
124 0.625698 0.184084 0.620678 0.375961 0.636247 0.378772 0.605108 0.373149 0.636247 0.378772 0.620749 0.515190 0.611059 0.660938 0.605108 0.373149 0.605879 0.497766 0.616926 0.608073
125 0.625953 0.184151 0.620637 0.375902 0.636093 0.378682 0.605181 0.373122 0.636093 0.378682 0.620767 0.515153 0.611013 0.660407 0.605181 0.373122 0.605882 0.497627 0.616938 0.608091
126 0.626350 0.184549 0.620546 0.375760 0.635856 0.378423 0.605235 0.373098 0.635856 0.378423 0.620779 0.515126 0.610958 0.660185 0.605235 0.373098 0.605887 0.497413 0.617038 0.608379
127 0.626831 0.184505 0.620522 0.375283 0.635767 0.377823 0.605277 0.372742 0.635767 0.377823 0.620781 0.515085 0.610919 0.659923 0.605277 0.372742 0.605865 0.497413 0.617288 0.608406
128 0.627086 0.185161 0.620473 0.375310 0.635720 0.377888 0.605227 0.372732 0.635720 0.377888 0.620742 0.515274 0.610911 0.659749 0.605227 0.372732 0.605616 0.497571 0.617464 0.608415
129 0.627153 0.185633 0.620362 0.375346 0.635572 0.377946 0.605153 0.372746 0.635572 0.377946 0.620725 0.515480 0.610895 0.660487 0.605153 0.372746 0.605557 0.497850 0.617464 0.608518
130 0.627207 0.185912 0.620101 0.375343 0.635070 0.377955 0.605132 0.372731 0.635070 0.377955 0.620614 0.515338 0.610829 0.660514 0.605132 0.372731 0.605486 0.497893 0.617627 0.608103
131 0.627215 0.186294 0.619824 0.375750 0.634701 0.378484 0.604948 0.373017 0.634701 0.378484 0.620559 0.515402 0.610741 0.660805 0.604948 0.373017 0.605416 0.498849 0.617656 0.607730
132 0.627345 0.186183 0.619573 0.376029 0.634403 0.378944 0.604743 0.373113 0.634403 0.378944 0.620599 0.515390 0.612840 0.658315 0.604743 0.373113 0.605448 0.499379 0.617557 0.607749
133 0.627363 0.186192 0.619368 0.376239 0.634209 0.379306 0.604527 0.373173 0.634209 0.379306 0.620601 0.515457 0.612286 0.659139 0.604527 0.373173 0.605454 0.500096 0.617341 0.608107
134 0.627367 0.186220 0.619191 0.376883 0.633923 0.380087 0.604458 0.373680 0.633923 0.380087 0.620620 0.515674 0.612048 0.659460 0.604458 0.373680 0.605457 0.500703 0.617049 0.608449
135 0.627616 0.186030 0.618934 0.377496 0.633697 0.380921 0.604172 0.374071 0.633697 0.380921 0.620619 0.515681 0.612017 0.659549 0.604172 0.374071 0.605454 0.500863 0.616662 0.608785
136 0.627718 0.185627 0.618945 0.378769 0.633712 0.382344 0.604178 0.375194 0.633712 0.382344 0.620798 0.515902 0.611905 0.659598 0.604178 0.375194 0.605426 0.501392 0.616485 0.611293
137 0.627932 0.186204 0.618879 0.379699 0.633693 0.383826 0.604065 0.375572 0.633693 0.383826 0.620798 0.516040 0.611781 0.659987 0.604065 0.375572 0.605405 0.501807 0.616313 0.611520
138 0.628237 0.186025 0.618840 0.380254 0.633699 0.384739 0.603980 0.375769 0.633699 0.384739 0.620770 0.516183 0.611751 0.659240 0.603980 0.375769 0.605493 0.502143 0.615923 0.612289
139 0.628250 0.184017 0.618899 0.380069 0.633706 0.384641 0.604091 0.375498 0.633706 0.384641 0.620788 0.515928 0.611730 0.657619 0.604091 0.375498 0.606164 0.502128 0.615646 0.612371
140 0.628353 0.183140 0.619157 0.380016 0.633711 0.384544 0.604603 0.375488 0.633711 0.384544 0.620793 0.516155 0.611716 0.657472 0.604603 0.375488 0.606539 0.502121 0.615321 0.612343
141 0.628300 0.183220 0.619290 0.380003 0.633717 0.384513 0.604864 0.375493 0.633717 0.384513 0.620787 0.516401 0.611695 0.657304 0.604864 0.375493 0.606578 0.502254 0.615009 0.613229
142 0.628242 0.183517 0.619247 0.380043 0.633575 0.384519 0.604919 0.375567 0.633575 0.384519 0.620783 0.516403 0.611679 0.656629 0.604919 0.375567 0.606625 0.502250 0.614890 0.613145
143 0.628421 0.183541 0.619011 0.380097 0.633058 0.384585 0.604964 0.375608 0.633058 0.384585 0.620783 0.516439 0.611678 0.656113 0.604964 0.375608 0.606782 0.502246 0.614807 0.613193
144 0.628827 0.182759 0.618680 0.380049 0.632390 0.384560 0.604971 0.375538 0.632390 0.384560 0.620767 0.516440 0.611585 0.655911 0.604971 0.375538 0.606850 0.502074 0.614805 0.613210
145 0.629106 0.182702 0.618516 0.380126 0.632031 0.384705 0.605001 0.375547 0.632031 0.384705 0.620878 0.516996 0.611576 0.655411 0.605001 0.375547 0.607130 0.502072 0.614775 0.614169
146 0.629629 0.182733 0.618334 0.380243 0.631658 0.384943 0.605010 0.375544 0.631658 0.384943 0.620914 0.517752 0.611590 0.656212 0.605010 0.375544 0.607358 0.502075 0.614430 0.614449
147 0.630096 0.183318 0.618345 0.380279 0.631546 0.384995 0.605144 0.375563 0.631546 0.384995 0.620915 0.517752 0.611584 0.655388 0.605144 0.375563 0.607703 0.502120 0.614285 0.614781
148 0.630398 0.183461 0.618270 0.380277 0.631331 0.385011 0.605209 0.375542 0.631331 0.385011 0.620922 0.517772 0.611633 0.654626 0.605209 0.375542 0.607907 0.502116 0.613842 0.614861
149 0.630253 0.184538 0.618066 0.380757 0.630771 0.385619 0.605361 0.375894 0.630771 0.385619 0.620892 0.518465 0.611773 0.654653 0.605361 0.375894 0.608102 0.502341 0.612921 0.615035
150 0.630170 0.185265 0.618059 0.380845 0.630666 0.385731 0.605452 0.375958 0.630666 0.385731 0.620883 0.518880 0.611924 0.654706 0.605452 0.375958 0.608135 0.502758 0.612260 0.615629
151 0.630121 0.185225 0.618116 0.380873 0.630680 0.385759 0.605552 0.375987 0.630680 0.385759 0.620889 0.519181 0.611927 0.654292 0.605552 0.375987 0.608371 0.503105 0.612273 0.616089
152 0.630060 0.185096 0.618192 0.380878 0.630551 0.385763 0.605834 0.375992 0.630551 0.385763 0.620838 0.519358 0.611937 0.655264 0.605834 0.375992 0.608748 0.503430 0.612259 0.616409
153 0.629419 0.184851 0.618101 0.380880 0.630261 0.385750 0.605941 0.376010 0.630261 0.385750 0.620763 0.519765 0.611936 0.656798 0.605941 0.376010 0.608917 0.503721 0.612235 0.616664
154 0.628951 0.184842 0.618092 0.380846 0.630128 0.385695 0.606057 0.375997 0.630128 0.385695 0.620761 0.520081 0.611932 0.658325 0.606057 0.375997 0.609044 0.503938 0.612168 0.617116
155 0.628897 0.185068 0.618167 0.380897 0.630134 0.385692 0.606199 0.376102 0.630134 0.385692 0.620771 0.520553 0.613461 0.658589 0.606199 0.376102 0.609059 0.504250 0.612012 0.618170
156 0.628839 0.185524 0.618313 0.380888 0.630151 0.385679 0.606475 0.376097 0.630151 0.385679 0.620762 0.520425 0.613326 0.658550 0.606475 0.376097 0.609058 0.504340 0.611857 0.618619
157 0.628856 0.185412 0.618526 0.380679 0.630451 0.385324 0.606600 0.376035 0.630451 0.385324 0.620820 0.520252 0.613243 0.658839 0.606600 0.376035 0.609057 0.504323 0.611573 0.619226
158 0.628990 0.185274 0.618801 0.380330 0.630695 0.384742 0.606908 0.375918 0.630695 0.384742 0.620845 0.519698 0.612949 0.658206 0.606908 0.375918 0.609127 0.504039 0.611555 0.619199
159 0.629049 0.184813 0.618761 0.380273 0.630574 0.384652 0.606948 0.375894 0.630574 0.384652 0.620848 0.519545 0.612676 0.658440 0.606948 0.375894 0.609274 0.503941 0.611545 0.619119
160 0.629231 0.184772 0.618967 0.380322 0.630563 0.384649 0.607372 0.375995 0.630563 0.384649 0.620848 0.519462 0.613417 0.658173 0.607372 0.375995 0.609527 0.503940 0.611459 0.619089
161 0.628898 0.184738 0.619230 0.380262 0.630558 0.384566 0.607903 0.375959 0.630558 0.384566 0.620847 0.519452 0.613617 0.658005 0.607903 0.375959 0.609937 0.503940 0.611411 0.618495
162 0.628712 0.184768 0.619596 0.380211 0.631231 0.384472 0.607962 0.375950 0.631231 0.384472 0.620867 0.518627 0.613173 0.657389 0.607962 0.375950 0.609951 0.503853 0.611366 0.618475
163 0.628734 0.185022 0.619611 0.380197 0.631228 0.384444 0.607994 0.375950 0.631228 0.384444 0.620849 0.518627 0.613096 0.657842 0.607994 0.375950 0.609951 0.503896 0.611319 0.618229
164 0.628379 0.185633 0.619783 0.380234 0.631178 0.384461 0.608388 0.376008 0.631178 0.384461 0.620721 0.518478 0.612971 0.657989 0.608388 0.376008 0.610026 0.503928 0.611274 0.618334
165 0.628181 0.186395 0.619238 0.380249 0.630325 0.384505 0.608151 0.375992 0.630325 0.384505 0.620456 0.518480 0.612827 0.658311 0.608151 0.375992 0.609890 0.503939 0.611206 0.618687
166 0.628029 0.186961 0.618741 0.380222 0.630031 0.384568 0.607451 0.375876 0.630031 0.384568 0.620121 0.518075 0.612597 0.658048 0.607451 0.375876 0.609634 0.503643 0.611354 0.618551
167 0.627246 0.186850 0.618037 0.380383 0.629674 0.384918 0.606399 0.375849 0.629674 0.384918 0.619938 0.518011 0.612467 0.657169 0.606399 0.375849 0.608924 0.503585 0.611379 0.618543
168 0.625510 0.186467 0.617383 0.380382 0.628962 0.384918 0.605803 0.375847 0.628962 0.384918 0.619872 0.517548 0.612354 0.654315 0.605803 0.375847 0.608077 0.503588 0.611420 0.619528
169 0.624713 0.186303 0.616724 0.380282 0.627928 0.384865 0.605520 0.375698 0.627928 0.384865 0.619467 0.515964 0.612129 0.651479 0.605520 0.375698 0.608022 0.503154 0.611784 0.619529
170 0.623442 0.186549 0.615927 0.379761 0.626091 0.384733 0.605763 0.374789 0.626091 0.384733 0.618480 0.515555 0.611977 0.651629 0.605763 0.374789 0.608082 0.502971 0.611979 0.618578
171 0.622741 0.187687 0.615720 0.379719 0.624965 0.385061 0.606474 0.374378 0.624965 0.385061 0.616911 0.515566 0.611800 0.651714 0.606474 0.374378 0.608319 0.502770 0.612159 0.616327
172 0.621888 0.186013 0.615252 0.378817 0.623397 0.385059 0.607106 0.372575 0.623397 0.385059 0.615377 0.515580 0.611675 0.651859 0.607106 0.372575 0.608782 0.502552 0.612277 0.614884
173 0.622281 0.185966 0.614966 0.378504 0.622666 0.384719 0.607266 0.372290 0.622666 0.384719 0.612596 0.515525 0.611416 0.651541 0.607266 0.372290 0.609358 0.502529 0.612961 0.612072
174 0.622323 0.186047 0.614683 0.377620 0.622077 0.384085 0.607289 0.371154 0.622077 0.384085 0.611309 0.515872 0.610687 0.651839 0.607289 0.371154 0.609288 0.502550 0.612424 0.611820
175 0.621585 0.186604 0.614446 0.376928 0.621706 0.383631 0.607186 0.370225 0.621706 0.383631 0.609826 0.516032 0.609316 0.652809 0.607186 0.370225 0.609053 0.502559 0.612178 0.612022
176 0.620756 0.186477 0.613689 0.376901 0.620627 0.383633 0.606751 0.370169 0.620627 0.383633 0.608093 0.516297 0.606233 0.652824 0.606751 0.370169 0.608584 0.502780 0.611689 0.612332
177 0.619231 0.186357 0.612996 0.375615 0.619204 0.382898 0.606788 0.368331 0.619204 0.382898 0.606215 0.516122 0.602099 0.652848 0.606788 0.368331 0.608412 0.502785 0.610541 0.614695
178 0.617438 0.186267 0.612061 0.373927 0.617259 0.381883 0.606864 0.365971 0.617259 0.381883 0.603072 0.515694 0.597158 0.652694 0.606864 0.365971 0.608355 0.502612 0.610275 0.614757
179 0.616698 0.183922 0.611649 0.371078 0.616422 0.378995 0.606877 0.363160 0.616422 0.378995 0.600013 0.511322 0.592872 0.651964 0.606877 0.363160 0.607695 0.500151 0.609944 0.616469
180 0.615068 0.183775 0.611077 0.371286 0.615277 0.379046 0.606877 0.363526 0.615277 0.379046 0.596080 0.509847 0.588751 0.651777 0.606877 0.363526 0.606436 0.498462 0.611358 0.610388
181 0.613468 0.183888 0.609494 0.371504 0.613931 0.379156 0.605056 0.363852 0.613931 0.379156 0.592906 0.509287 0.581976 0.651582 0.605056 0.363852 0.604368 0.497794 0.612326 0.608158
182 0.611198 0.183985 0.608074 0.371704 0.612975 0.379190 0.603174 0.364218 0.612975 0.379190 0.588682 0.509061 0.575102 0.649686 0.603174 0.364218 0.602427 0.497824 0.612510 0.606070
183 0.609685 0.183552 0.606652 0.369517 0.610068 0.375650 0.603236 0.363384 0.610068 0.375650 0.586267 0.505190 0.570776 0.644802 0.603236 0.363384 0.602089 0.494862 0.614311 0.605332
184 0.607753 0.183529 0.605583 0.369389 0.607827 0.375472 0.603340 0.363307 0.607827 0.375472 0.582941 0.504557 0.566701 0.643744 0.603340 0.363307 0.601293 0.492846 0.615849 0.605328
185 0.606131 0.183813 0.604142 0.369593 0.605308 0.375768 0.602977 0.363418 0.605308 0.375768 0.577661 0.505081 0.565340 0.642859 0.602977 0.363418 0.600284 0.492946 0.616554 0.605590
186 0.603899 0.183815 0.600720 0.368105 0.601679 0.373264 0.599761 0.362946 0.601679 0.373264 0.574286 0.504894 0.564436 0.641935 0.599761 0.362946 0.596633 0.492351 0.616463 0.605855
187 0.601584 0.185460 0.596831 0.370267 0.597074 0.375528 0.596587 0.365006 0.597074 0.375528 0.571523 0.505168 0.563802 0.641517 0.596587 0.365006 0.592718 0.492516 0.616200 0.604977
188 0.599588 0.185948 0.594591 0.370437 0.594471 0.375644 0.594712 0.365230 0.594471 0.375644 0.570962 0.505116 0.563463 0.641834 0.594712 0.365230 0.588430 0.492051 0.608288 0.603294
189 0.595901 0.185769 0.591747 0.370476 0.590395 0.375715 0.593099 0.365237 0.590395 0.375715 0.570827 0.503639 0.565264 0.639896 0.593099 0.365237 0.586686 0.491030 0.607566 0.604630
190 0.594127 0.186043 0.587790 0.370742 0.588050 0.376171 0.587530 0.365314 0.588050 0.376171 0.569257 0.503680 0.565474 0.639058 0.587530 0.365314 0.583884 0.491260 0.607273 0.604759
191 0.591690 0.186486 0.584451 0.370868 0.586243 0.376697 0.582659 0.365038 0.586243 0.376697 0.568362 0.503892 0.565890 0.638571 0.582659 0.365038 0.580850 0.490998 0.604846 0.599951
192 0.588911 0.186511 0.582215 0.371585 0.584717 0.378121 0.579714 0.365048 0.584717 0.378121 0.567638 0.504955 0.566235 0.638992 0.579714 0.365048 0.576534 0.491264 0.601694 0.595600
193 0.586317 0.187857 0.579165 0.379398 0.580998 0.387803 0.577332 0.370993 0.580998 0.387803 0.565671 0.514104 0.566586 0.642189 0.577332 0.370993 0.570215 0.496633 0.591808 0.609566
194 0.583771 0.189246 0.576662 0.382100 0.580508 0.390171 0.572816 0.374028 0.580508 0.390171 0.563961 0.517076 0.566473 0.642200 0.572816 0.374028 0.562958 0.500146 0.588026 0.604405
195 0.580940 0.189203 0.574709 0.384131 0.577953 0.391487 0.571465 0.376775 0.577953 0.391487 0.561514 0.517153 0.566682 0.641068 0.571465 0.376775 0.556186 0.500606 0.585403 0.599119
196 0.577918 0.190079 0.571402 0.386505 0.575400 0.394368 0.567403 0.378641 0.575400 0.394368 0.559792 0.517483 0.566826 0.639560 0.567403 0.378641 0.551016 0.500226 0.579355 0.599145
197 0.574410 0.188757 0.568200 0.387398 0.569758 0.394453 0.566643 0.380343 0.569758 0.394453 0.556194 0.516885 0.566784 0.639529 0.566643 0.380343 0.549034 0.500104 0.571737 0.601763
198 0.571802 0.187137 0.565768 0.387450 0.568999 0.393892 0.562536 0.381009 0.568999 0.393892 0.557323 0.520031 0.563543 0.641868 0.562536 0.381009 0.545524 0.500091 0.562383 0.607511
199 0.569326 0.186117 0.562178 0.387830 0.568036 0.393775 0.556319 0.381884 0.568036 0.393775 0.558614 0.526199 0.561537 0.645900 0.556319 0.381884 0.541504 0.501942 0.551193 0.612701
200 0.566486 0.186412 0.560266 0.387046 0.565755 0.392882 0.554777 0.381209 0.565755 0.392882 0.558719 0.524443 0.560640 0.650066 0.554777 0.381209 0.539523 0.501671 0.537535 0.614314
201 0.563398 0.186463 0.557700 0.387304 0.560485 0.392552 0.554915 0.382056 0.560485 0.392552 0.557676 0.525530 0.559327 0.655582 0.554915 0.382056 0.540061 0.503031 0.525907 0.619398
202 0.561127 0.187128 0.554330 0.387644 0.556311 0.392478 0.552350 0.382809 0.556311 0.392478 0.553723 0.525303 0.558721 0.656502 0.552350 0.382809 0.540668 0.506988 0.521122 0.621835
203 0.559100 0.188322 0.551743 0.385821 0.552481 0.389407 0.551005 0.382235 0.552481 0.389407 0.548761 0.520778 0.557220 0.655591 0.551005 0.382235 0.540122 0.506336 0.526554 0.620959
204 0.555249 0.190110 0.547146 0.385677 0.548249 0.389413 0.546042 0.381941 0.548249 0.389413 0.547243 0.520717 0.557568 0.654647 0.546042 0.381941 0.537147 0.506063 0.525818 0.619853
205 0.551263 0.190384 0.542656 0.386685 0.544273 0.390874 0.541039 0.382495 0.544273 0.390874 0.545555 0.522549 0.557390 0.654450 0.541039 0.382495 0.533141 0.505866 0.524796 0.619138
206 0.547972 0.189572 0.539361 0.386364 0.540305 0.390394 0.538417 0.382334 0.540305 0.390394 0.541606 0.522330 0.556934 0.653791 0.538417 0.382334 0.531610 0.505931 0.527551 0.619411
207 0.544782 0.187604 0.535915 0.384828 0.536636 0.388412 0.535194 0.381243 0.536636 0.388412 0.537089 0.521155 0.554039 0.651700 0.535194 0.381243 0.529870 0.505882 0.528186 0.619072
208 0.541458 0.186740 0.533187 0.383105 0.533589 0.386556 0.532785 0.379654 0.533589 0.386556 0.531488 0.518125 0.552533 0.649174 0.532785 0.379654 0.526453 0.505278 0.527681 0.618845
209 0.539022 0.185086 0.530403 0.383135 0.528767 0.386622 0.532040 0.379648 0.528767 0.386622 0.526740 0.518149 0.548617 0.646128 0.532040 0.379648 0.524162 0.505120 0.526793 0.618572
210 0.537326 0.183007 0.526830 0.383183 0.525132 0.386686 0.528528 0.379680 0.525132 0.386686 0.521288 0.521740 0.545305 0.644411 0.528528 0.379680 0.520106 0.506306 0.525891 0.618407
211 0.534017 0.181197 0.523308 0.385426 0.522274 0.388205 0.524342 0.382648 0.522274 0.388205 0.517073 0.525586 0.543227 0.642827 0.524342 0.382648 0.515626 0.509823 0.525939 0.619884
212 0.531296 0.180557 0.520837 0.385561 0.522064 0.388472 0.519610 0.382650 0.522064 0.388472 0.511262 0.525660 0.539321 0.642550 0.519610 0.382650 0.509791 0.510252 0.524680 0.620048
213 0.529469 0.179296 0.519309 0.383463 0.521465 0.386231 0.517153 0.380694 0.521465 0.386231 0.505461 0.524548 0.534798 0.642327 0.517153 0.380694 0.504488 0.510454 0.522313 0.621046
214 0.528577 0.179902 0.516282 0.382753 0.519409 0.385590 0.513154 0.379916 0.519409 0.385590 0.504727 0.522316 0.527139 0.642958 0.513154 0.379916 0.503072 0.509547 0.517731 0.620903
215 0.526045 0.179052 0.514651 0.380809 0.519174 0.383524 0.510127 0.378095 0.519174 0.383524 0.504958 0.521253 0.517727 0.647613 0.510127 0.378095 0.500392 0.509406 0.511091 0.621698
216 0.524137 0.179303 0.514035 0.381179 0.518174 0.383723 0.509896 0.378635 0.518174 0.383723 0.502162 0.522330 0.510893 0.658829 0.509896 0.378635 0.501414 0.516185 0.509863 0.642459
217 0.521957 0.179372 0.513581 0.380451 0.514028 0.382290 0.513135 0.378612 0.514028 0.382290 0.493362 0.521819 0.503884 0.658080 0.513135 0.378612 0.503095 0.515748 0.512875 0.645975
218 0.519337 0.179703 0.512471 0.380256 0.512183 0.382016 0.512759 0.378496 0.512183 0.382016 0.488189 0.521805 0.491245 0.660332 0.512759 0.378496 0.507694 0.515020 0.514272 0.641486
219 0.515967 0.179766 0.510980 0.380304 0.510283 0.382136 0.511676 0.378471 0.510283 0.382136 0.483218 0.523214 0.479426 0.662585 0.511676 0.378471 0.508497 0.514650 0.513910 0.639209
220 0.512665 0.179483 0.509926 0.380451 0.508018 0.382424 0.511834 0.378478 0.508018 0.382424 0.477775 0.526632 0.464947 0.669276 0.511834 0.378478 0.509097 0.514191 0.514716 0.634918
221 0.509513 0.179227 0.508316 0.383146 0.505355 0.385999 0.511278 0.380294 0.505355 0.385999 0.473906 0.530870 0.458900 0.669526 0.511278 0.380294 0.509505 0.514579 0.515159 0.633899
222 0.505157 0.179136 0.506112 0.383482 0.503273 0.386237 0.508950 0.380726 0.503273 0.386237 0.469466 0.530176 0.451382 0.669136 0.508950 0.380726 0.509309 0.513938 0.515487 0.631639
223 0.499694 0.179766 0.503782 0.383936 0.499191 0.386850 0.508373 0.381023 0.499191 0.386850 0.466365 0.529734 0.445756 0.668370 0.508373 0.381023 0.509592 0.513806 0.515625 0.629884
224 0.494042 0.181319 0.500539 0.389415 0.494232 0.392800 0.506845 0.386030 0.494232 0.392800 0.462754 0.533635 0.441876 0.670887 0.506845 0.386030 0.510402 0.514238 0.515903 0.628324
225 0.487091 0.183753 0.496208 0.393475 0.486727 0.397303 0.505688 0.389647 0.486727 0.397303 0.457710 0.535949 0.438546 0.673900 0.505688 0.389647 0.511084 0.514629 0.515972 0.627749
226 0.480919 0.184844 0.492430 0.396209 0.480120 0.400428 0.504740 0.391990 0.480120 0.400428 0.454152 0.539925 0.438865 0.676489 0.504740 0.391990 0.511036 0.515008 0.516063 0.627539
227 0.474704 0.187090 0.489829 0.398381 0.476090 0.402763 0.503568 0.394000 0.476090 0.402763 0.450808 0.541998 0.438689 0.679240 0.503568 0.394000 0.508068 0.514399 0.516144 0.626378
228 0.468855 0.190538 0.486224 0.402840 0.471699 0.407253 0.500749 0.398427 0.471699 0.407253 0.448419 0.545778 0.436709 0.683346 0.500749 0.398427 0.505378 0.514104 0.516199 0.625250
229 0.463639 0.191680 0.482895 0.404333 0.468451 0.409503 0.497340 0.399164 0.468451 0.409503 0.445789 0.548176 0.436656 0.686503 0.497340 0.399164 0.501031 0.513077 0.515551 0.623530
230 0.458350 0.193804 0.479898 0.407419 0.462729 0.412459 0.497067 0.402380 0.462729 0.412459 0.442114 0.551296 0.436504 0.690492 0.497067 0.402380 0.500256 0.513753 0.515381 0.623402
231 0.450918 0.198328 0.478717 0.408945 0.459700 0.414871 0.497734 0.403018 0.459700 0.414871 0.440870 0.552403 0.437002 0.691695 0.497734 0.403018 0.500114 0.514019 0.514016 0.623131
232 0.445386 0.201733 0.477683 0.411282 0.457428 0.417801 0.497937 0.404763 0.457428 0.417801 0.440562 0.552964 0.437704 0.691556 0.497937 0.404763 0.500912 0.516338 0.512824 0.623906
233 0.439612 0.204653 0.475483 0.412992 0.453219 0.419512 0.497746 0.406472 0.453219 0.419512 0.440445 0.553661 0.437785 0.690134 0.497746 0.406472 0.501154 0.518316 0.510233 0.625155
234 0.432807 0.208040 0.475464 0.412451 0.452977 0.418687 0.497951 0.406216 0.452977 0.418687 0.440276 0.553068 0.437447 0.689942 0.497951 0.406216 0.501502 0.520241 0.507103 0.629419
235 0.426211 0.210602 0.475053 0.412556 0.452365 0.418957 0.497740 0.406154 0.452365 0.418957 0.439871 0.552431 0.437132 0.689387 0.497740 0.406154 0.501613 0.521438 0.506260 0.631875
236 0.420354 0.215035 0.474746 0.412603 0.451782 0.419685 0.497709 0.405521 0.451782 0.419685 0.438747 0.551709 0.436611 0.688695 0.497709 0.405521 0.502560 0.522102 0.506998 0.633907
237 0.415971 0.217330 0.474614 0.412491 0.451963 0.419512 0.497265 0.405469 0.451963 0.419512 0.438230 0.551207 0.436506 0.688298 0.497265 0.405469 0.502679 0.521848 0.508645 0.634410
238 0.412424 0.218336 0.474973 0.411344 0.452837 0.419038 0.497108 0.403650 0.452837 0.419038 0.438009 0.550801 0.436514 0.688212 0.497108 0.403650 0.504627 0.521686 0.514618 0.635493
239 0.408748 0.220663 0.474778 0.411375 0.452970 0.419678 0.496585 0.403072 0.452970 0.419678 0.436430 0.551394 0.436770 0.689331 0.496585 0.403072 0.506051 0.522460 0.520215 0.640801
240 0.407411 0.221473 0.475182 0.410890 0.453872 0.419355 0.496493 0.402425 0.453872 0.419355 0.436584 0.551271 0.436998 0.689108 0.496493 0.402425 0.507098 0.522648 0.525029 0.642709
241 0.407338 0.222619 0.475313 0.410778 0.454487 0.419675 0.496139 0.401881 0.454487 0.419675 0.436214 0.551200 0.437160 0.687815 0.496139 0.401881 0.509004 0.523700 0.528501 0.645000
242 0.406428 0.223165 0.475511 0.410428 0.454830 0.419512 0.496191 0.401344 0.454830 0.419512 0.436689 0.551073 0.437274 0.686600 0.496191 0.401344 0.510669 0.525051 0.532198 0.649339
243 0.406510 0.224332 0.475581 0.410511 0.454957 0.419782 0.496206 0.401241 0.454957 0.419782 0.436964 0.550980 0.437346 0.686414 0.496206 0.401241 0.512277 0.526424 0.535167 0.650938
244 0.407169 0.226348 0.475874 0.411074 0.455265 0.420766 0.496483 0.401381 0.455265 0.420766 0.437114 0.550901 0.437425 0.686267 0.496483 0.401381 0.513778 0.527804 0.537539 0.651811
245 0.408672 0.227629 0.476429 0.412294 0.455772 0.422577 0.497085 0.402011 0.455772 0.422577 0.437257 0.550836 0.437454 0.686192 0.497085 0.402011 0.516542 0.529550 0.539528 0.650993
246 0.409958 0.227970 0.476729 0.412473 0.455954 0.422982 0.497505 0.401964 0.455954 0.422982 0.437336 0.550253 0.437496 0.686147 0.497505 0.401964 0.517995 0.529238 0.542154 0.650181
247 0.413419 0.228215 0.478072 0.412370 0.457071 0.422790 0.499073 0.401951 0.457071 0.422790 0.437609 0.548412 0.437549 0.686074 0.499073 0.401951 0.519112 0.529005 0.543122 0.649711
248 0.419087 0.224890 0.479578 0.411575 0.458888 0.421691 0.500268 0.401460 0.458888 0.421691 0.438710 0.546790 0.437602 0.685943 0.500268 0.401460 0.520152 0.528237 0.544883 0.646425
249 0.427201 0.219661 0.481635 0.411728 0.460726 0.421581 0.502544 0.401876 0.460726 0.421581 0.440798 0.546934 0.437861 0.688238 0.502544 0.401876 0.521133 0.527710 0.547660 0.645127
250 0.436459 0.214606 0.483502 0.410872 0.463139 0.419884 0.503866 0.401859 0.463139 0.419884 0.443360 0.546802 0.438382 0.688169 0.503866 0.401859 0.521745 0.524239 0.548798 0.640106
251 0.444685 0.211509 0.487169 0.410177 0.467414 0.418515 0.506924 0.401839 0.467414 0.418515 0.445117 0.546750 0.438406 0.688847 0.506924 0.401839 0.522790 0.521933 0.548386 0.637281
252 0.452645 0.210118 0.491122 0.409582 0.471663 0.417342 0.510581 0.401822 0.471663 0.417342 0.447319 0.546750 0.438340 0.688447 0.510581 0.401822 0.523283 0.520449 0.548030 0.633880
253 0.461019 0.209426 0.495891 0.409592 0.476320 0.417216 0.515463 0.401967 0.476320 0.417216 0.450625 0.547164 0.438351 0.688305 0.515463 0.401967 0.523012 0.519831 0.548136 0.632254
254 0.471817 0.208298 0.501149 0.412296 0.482709 0.419102 0.519590 0.405490 0.482709 0.419102 0.455637 0.549004 0.438580 0.687563 0.519590 0.405490 0.522771 0.519645 0.547606 0.632005
255 0.482926 0.209026 0.506282 0.415158 0.488133 0.421437 0.524431 0.408878 0.488133 0.421437 0.460014 0.552456 0.439540 0.687504 0.524431 0.408878 0.523026 0.521311 0.548265 0.632540
256 0.492631 0.209296 0.511135 0.417104 0.493237 0.422084 0.529034 0.412125 0.493237 0.422084 0.465605 0.552248 0.440365 0.683272 0.529034 0.412125 0.523312 0.521342 0.549276 0.632895
257 0.503010 0.207264 0.519304 0.416907 0.503285 0.421545 0.535323 0.412268 0.503285 0.421545 0.476399 0.547488 0.443192 0.677591 0.535323 0.412268 0.523560 0.521328 0.549268 0.632847
258 0.510871 0.206314 0.528024 0.414880 0.511857 0.417800 0.544191 0.411959 0.511857 0.417800 0.484453 0.543151 0.449902 0.674958 0.544191 0.411959 0.526296 0.521326 0.549511 0.633213
259 0.519877 0.202570 0.536031 0.412455 0.521248 0.413375 0.550814 0.411536 0.521248 0.413375 0.491123 0.541202 0.460788 0.674959 0.550814 0.411536 0.529215 0.521409 0.549429 0.633768
260 0.528281 0.199408 0.541532 0.408922 0.527393 0.409094 0.555670 0.408750 0.527393 0.409094 0.496583 0.540369 0.477893 0.675562 0.555670 0.408750 0.533207 0.520818 0.549551 0.634715
261 0.534967 0.194159 0.548718 0.402622 0.537270 0.403395 0.560166 0.401849 0.537270 0.403395 0.505923 0.536495 0.503376 0.675179 0.560166 0.401849 0.535881 0.519434 0.549017 0.635474
262 0.540937 0.190262 0.554281 0.398316 0.544583 0.399648 0.563979 0.396985 0.544583 0.399648 0.519808 0.533531 0.527095 0.673461 0.563979 0.396985 0.538926 0.520561 0.548045 0.647730
263 0.546747 0.188041 0.558931 0.395459 0.551421 0.398630 0.566442 0.392288 0.551421 0.398630 0.532734 0.530073 0.545294 0.661966 0.566442 0.392288 0.542215 0.513701 0.549145 0.636967
264 0.552677 0.186499 0.563926 0.394103 0.555952 0.398408 0.571900 0.389798 0.555952 0.398408 0.541874 0.526891 0.560717 0.647037 0.571900 0.389798 0.549281 0.508841 0.555165 0.626012
265 0.558253 0.187021 0.567407 0.393587 0.561627 0.397580 0.573187 0.389593 0.561627 0.397580 0.556961 0.528490 0.584925 0.651714 0.573187 0.389593 0.551706 0.510299 0.558370 0.625608
266 0.565471 0.187285 0.573193 0.391981 0.569145 0.395984 0.577241 0.387979 0.569145 0.395984 0.566342 0.528295 0.602730 0.652200 0.577241 0.387979 0.559013 0.511185 0.564225 0.625405
267 0.572027 0.184904 0.579463 0.389855 0.577609 0.393692 0.581317 0.386018 0.577609 0.393692 0.570161 0.527332 0.599248 0.646506 0.581317 0.386018 0.566564 0.511740 0.573995 0.626363
268 0.579458 0.185919 0.587642 0.388279 0.583486 0.390995 0.591799 0.385562 0.583486 0.390995 0.576898 0.523135 0.605117 0.640024 0.591799 0.385562 0.577599 0.511704 0.572361 0.626474
269 0.586382 0.186872 0.597982 0.388542 0.592957 0.390887 0.603006 0.386196 0.592957 0.390887 0.590729 0.522280 0.621150 0.647294 0.603006 0.386196 0.585017 0.509069 0.572002 0.621939
270 0.593189 0.189632 0.605108 0.389027 0.601282 0.391506 0.608934 0.386547 0.601282 0.391506 0.600006 0.522780 0.625598 0.650586 0.608934 0.386547 0.588656 0.507169 0.568961 0.615396
271 0.597222 0.190405 0.610344 0.390869 0.610917 0.393806 0.609772 0.387932 0.610917 0.393806 0.612609 0.528878 0.627356 0.660760 0.609772 0.387932 0.592651 0.506722 0.571212 0.615845
272 0.603316 0.190245 0.616552 0.391205 0.619434 0.394244 0.613670 0.388166 0.619434 0.394244 0.618312 0.530187 0.629651 0.666778 0.613670 0.388166 0.604227 0.506868 0.595010 0.620027
273 0.605465 0.190604 0.620743 0.391266 0.621677 0.394530 0.619810 0.388002 0.621677 0.394530 0.623166 0.530398 0.630967 0.671054 0.619810 0.388002 0.611830 0.507313 0.611611 0.620197
274 0.613301 0.190594 0.624550 0.390345 0.626648 0.394595 0.622453 0.386095 0.626648 0.394595 0.621701 0.529295 0.630099 0.670560 0.622453 0.386095 0.618674 0.507353 0.624894 0.618386
275 0.613071 0.191740 0.631531 0.390185 0.629253 0.394967 0.633809 0.385403 0.629253 0.394967 0.626227 0.529488 0.632509 0.669367 0.633809 0.385403 0.625363 0.507576 0.631317 0.617218
276 0.617076 0.192177 0.637142 0.387446 0.636203 0.392735 0.638081 0.382156 0.636203 0.392735 0.629151 0.525954 0.633438 0.668628 0.638081 0.382156 0.632062 0.507709 0.637112 0.621583
277 0.620222 0.191732 0.640332 0.386473 0.643104 0.391187 0.637560 0.381759 0.643104 0.391187 0.633824 0.524549 0.635536 0.668325 0.637560 0.381759 0.637128 0.509589 0.641799 0.634676
278 0.623577 0.190305 0.644660 0.384602 0.648152 0.387735 0.641168 0.381470 0.648152 0.387735 0.637602 0.524597 0.635843 0.671101 0.641168 0.381470 0.641455 0.514382 0.642223 0.648622
279 0.626214 0.190084 0.649228 0.384887 0.649817 0.388222 0.648640 0.381552 0.649817 0.388222 0.639377 0.526457 0.635294 0.672680 0.648640 0.381552 0.645229 0.522046 0.640974 0.656540
280 0.629838 0.189498 0.651089 0.384796 0.651689 0.387786 0.650489 0.381806 0.651689 0.387786 0.641295 0.526485 0.635343 0.672177 0.650489 0.381806 0.645266 0.522785 0.639534 0.657241
281 0.632963 0.189321 0.652597 0.385662 0.649952 0.388181 0.655242 0.383142 0.649952 0.388181 0.643358 0.526556 0.635961 0.670576 0.655242 0.383142 0.647809 0.522417 0.639050 0.658073
282 0.635270 0.190360 0.651294 0.387112 0.651829 0.388828 0.650759 0.385397 0.651829 0.388828 0.644614 0.526425 0.636233 0.667919 0.650759 0.385397 0.647090 0.521683 0.639041 0.655708
283 0.637863 0.190070 0.652303 0.387997 0.654340 0.389997 0.650266 0.385997 0.654340 0.389997 0.643535 0.526826 0.636438 0.667506 0.650266 0.385997 0.646007 0.521682 0.638230 0.655072
284 0.640755 0.188486 0.654792 0.388307 0.654774 0.390600 0.654810 0.386013 0.654774 0.390600 0.640607 0.525685 0.635620 0.663974 0.654810 0.386013 0.646002 0.521067 0.639287 0.653503
285 0.642806 0.186125 0.654724 0.387044 0.651337 0.388860 0.658111 0.385229 0.651337 0.388860 0.639928 0.522845 0.635311 0.656368 0.658111 0.385229 0.645418 0.518100 0.641872 0.653339
286 0.645112 0.182539 0.656167 0.384975 0.649691 0.386581 0.662643 0.383369 0.649691 0.386581 0.631799 0.517185 0.635132 0.649274 0.662643 0.383369 0.645622 0.511054 0.644116 0.640805
287 0.646598 0.179549 0.658170 0.381102 0.647591 0.380300 0.668748 0.381904 0.647591 0.380300 0.609383 0.482352 0.601581 0.574967 0.668748 0.381904 0.648669 0.506820 0.645121 0.635601
288 0.647149 0.178844 0.659480 0.381237 0.647383 0.380535 0.671577 0.381939 0.647383 0.380535 0.605185 0.464630 0.587125 0.530409 0.671577 0.381939 0.648434 0.499601 0.643587 0.625211
289 0.647076 0.177766 0.658591 0.376318 0.647418 0.375396 0.669765 0.377241 0.647418 0.375396 0.608763 0.453478 0.589473 0.514644 0.669765 0.377241 0.647428 0.491537 0.642637 0.625794
290 0.648380 0.177577 0.657166 0.372904 0.646918 0.372685 0.667413 0.373124 0.646918 0.372685 0.604082 0.451317 0.585608 0.525113 0.667413 0.373124 0.647217 0.490122 0.644829 0.627665
291 0.647997 0.177483 0.656663 0.370612 0.647316 0.372354 0.666010 0.368870 0.647316 0.372354 0.606059 0.460824 0.593226 0.556757 0.666010 0.368870 0.645060 0.487440 0.644163 0.614801
292 0.648472 0.177281 0.656375 0.370140 0.647604 0.372448 0.665146 0.367833 0.647604 0.372448 0.608292 0.468079 0.604087 0.560826 0.665146 0.367833 0.632882 0.478685 0.630789 0.599330
293 0.648685 0.175836 0.654076 0.367006 0.648697 0.369698 0.659455 0.364314 0.648697 0.369698 0.618806 0.473447 0.624822 0.593359 0.659455 0.364314 0.618112 0.453109 0.609879 0.570948
294 0.648845 0.174016 0.651983 0.364015 0.648455 0.366610 0.655510 0.361421 0.648455 0.366610 0.617639 0.468381 0.613972 0.565145 0.655510 0.361421 0.623616 0.458284 0.614941 0.571211
295 0.648741 0.174348 0.648263 0.364289 0.646994 0.367492 0.649532 0.361086 0.646994 0.367492 0.607698 0.471102 0.614705 0.569602 0.649532 0.361086 0.613521 0.455721 0.616531 0.570369
296 0.648352 0.174837 0.644522 0.364032 0.643968 0.367335 0.645076 0.360729 0.643968 0.367335 0.614631 0.472480 0.626178 0.580666 0.645076 0.360729 0.593742 0.440649 0.590677 0.557310
297 0.648237 0.174983 0.641528 0.364464 0.639369 0.367784 0.643687 0.361144 0.639369 0.367784 0.612443 0.472333 0.625237 0.586109 0.643687 0.361144 0.586941 0.436115 0.591027 0.564215
298 0.647455 0.175262 0.636953 0.364353 0.631336 0.366843 0.642569 0.361864 0.631336 0.366843 0.577754 0.439569 0.573023 0.539936 0.642569 0.361864 0.619119 0.462432 0.629928 0.588806
299 0.643793 0.177251 0.632424 0.366346 0.626554 0.367824 0.638294 0.364868 0.626554 0.367824 0.567551 0.437931 0.558981 0.535954 0.638294 0.364868 0.627703 0.481175 0.636028 0.603488
300 0.640285 0.179950 0.626172 0.367422 0.620555 0.369865 0.631788 0.364979 0.620555 0.369865 0.564549 0.438039 0.548318 0.536622 0.631788 0.364979 0.623721 0.479573 0.613297 0.584466
301 0.636276 0.181110 0.622716 0.371432 0.616478 0.375460 0.628955 0.367404 0.616478 0.375460 0.561835 0.441629 0.540895 0.541366 0.628955 0.367404 0.612133 0.478710 0.604745 0.577645
302 0.631446 0.181707 0.617771 0.378900 0.613111 0.384386 0.622430 0.373415 0.613111 0.384386 0.562596 0.444220 0.537502 0.538243 0.622430 0.373415 0.601413 0.473726 0.606101 0.566997
303 0.626283 0.181721 0.614883 0.384354 0.606643 0.389315 0.623123 0.379394 0.606643 0.389315 0.543725 0.466980 0.541382 0.514484 0.623123 0.379394 0.604675 0.479994 0.611262 0.570725
304 0.622177 0.182705 0.609865 0.387718 0.595233 0.390493 0.624497 0.384944 0.595233 0.390493 0.525277 0.485811 0.518549 0.570720 0.624497 0.384944 0.606788 0.482143 0.615712 0.573907
305 0.615423 0.183930 0.603991 0.392449 0.584740 0.393902 0.623242 0.390995 0.584740 0.393902 0.531337 0.489045 0.512653 0.603541 0.623242 0.390995 0.605478 0.487454 0.604113 0.590534
306 0.607695 0.183934 0.596990 0.391232 0.578385 0.392568 0.615596 0.389896 0.578385 0.392568 0.530351 0.495195 0.513458 0.618887 0.615596 0.389896 0.599946 0.489967 0.606552 0.596519
307 0.596636 0.185230 0.590284 0.390660 0.567740 0.391059 0.612829 0.390261 0.567740 0.391059 0.527386 0.501316 0.511711 0.626749 0.612829 0.390261 0.601932 0.501368 0.607681 0.613906
308 0.588418 0.186396 0.586689 0.389882 0.564602 0.390963 0.608776 0.388802 0.564602 0.390963 0.526361 0.498983 0.511248 0.622773 0.608776 0.388802 0.598057 0.499425 0.610313 0.599392
309 0.578129 0.188436 0.583302 0.388949 0.561084 0.390045 0.605519 0.387852 0.561084 0.390045 0.524440 0.504740 0.510820 0.622728 0.605519 0.387852 0.600143 0.501006 0.622446 0.569797
310 0.573781 0.190774 0.580981 0.388696 0.560172 0.389804 0.601790 0.387587 0.560172 0.389804 0.523621 0.503742 0.509761 0.624672 0.601790 0.387587 0.597603 0.499901 0.617004 0.569931
311 0.567541 0.193153 0.580283 0.388753 0.559220 0.390063 0.601346 0.387443 0.559220 0.390063 0.523523 0.504066 0.509528 0.625374 0.601346 0.387443 0.593550 0.482372 0.614486 0.529192
312 0.563626 0.197908 0.579271 0.390936 0.558313 0.393163 0.600229 0.388709 0.558313 0.393163 0.523864 0.501577 0.509071 0.619262 0.600229 0.388709 0.590826 0.460525 0.606911 0.513776
313 0.559234 0.204189 0.579455 0.394967 0.558021 0.397449 0.600888 0.392485 0.558021 0.397449 0.521325 0.501550 0.508087 0.617810 0.600888 0.392485 0.584889 0.460651 0.599599 0.529155
314 0.556279 0.211750 0.580958 0.398486 0.560210 0.401479 0.601706 0.395493 0.560210 0.401479 0.517452 0.503725 0.509502 0.620510 0.601706 0.395493 0.582580 0.453571 0.598144 0.509228
315 0.553555 0.220743 0.580237 0.402569 0.560188 0.406452 0.600286 0.398686 0.560188 0.406452 0.514143 0.505214 0.508360 0.620328 0.600286 0.398686 0.580033 0.458234 0.601348 0.518143
316 0.551361 0.230156 0.580883 0.408423 0.561487 0.412493 0.600279 0.404353 0.561487 0.412493 0.511001 0.504114 0.505416 0.620121 0.600279 0.404353 0.578048 0.460575 0.602583 0.515442
317 0.551383 0.239847 0.581244 0.417214 0.562086 0.421631 0.600401 0.412797 0.562086 0.421631 0.506677 0.503889 0.503225 0.619199 0.600401 0.412797 0.574691 0.462098 0.601294 0.518847
318 0.551688 0.247567 0.581623 0.423811 0.562456 0.428067 0.600789 0.419556 0.562456 0.428067 0.504289 0.503240 0.504062 0.619352 0.600789 0.419556 0.576213 0.465755 0.601136 0.513863
319 0.552301 0.254417 0.581527 0.430343 0.562305 0.434033 0.600749 0.426652 0.562305 0.434033 0.503164 0.502338 0.504543 0.619071 0.600749 0.426652 0.578093 0.469554 0.601192 0.515781
320 0.552863 0.262052 0.581466 0.438271 0.562197 0.440867 0.600734 0.435675 0.562197 0.440867 0.500962 0.499697 0.503683 0.617000 0.600734 0.435675 0.577579 0.475264 0.606325 0.518979
321 0.553329 0.270848 0.581411 0.443849 0.561910 0.446664 0.600912 0.441033 0.561910 0.446664 0.500256 0.494948 0.503845 0.612895 0.600912 0.441033 0.577253 0.478653 0.607719 0.522938
322 -1 -1 -1 -1 -1 -1 -1 -1 -1 -1 -1 -1 -1 -1 -1 -1 -1 -1 -1 -1
323 -1 -1 -1 -1 -1 -1 -1 -1 -1 -1 -1 -1 -1 -1 -1 -1 -1 -1 -1 -1
324 -1 -1 -1 -1 -1 -1 -1 -1 -1 -1 -1 -1 -1 -1 -1 -1 -1 -1 -1 -1
325 -1 -1 -1 -1 -1 -1 -1 -1 -1 -1 -1 -1 -1 -1 -1 -1 -1 -1 -1 -1
326 -1 -1 -1 -1 -1 -1 -1 -1 -1 -1 -1 -1 -1 -1 -1 -1 -1 -1 -1 -1
327 -1 -1 -1 -1 -1 -1 -1 -1 -1 -1 -1 -1 -1 -1 -1 -1 -1 -1 -1 -1
328 -1 -1 -1 -1 -1 -1 -1 -1 -1 -1 -1 -1 -1 -1 -1 -1 -1 -1 -1 -1
329 -1 -1 -1 -1 -1 -1 -1 -1 -1 -1 -1 -1 -1 -1 -1 -1 -1 -1 -1 -1
330 -1 -1 -1 -1 -1 -1 -1 -1 -1 -1 -1 -1 -1 -1 -1 -1 -1 -1 -1 -1
331 -1 -1 -1 -1 -1 -1 -1 -1 -1 -1 -1 -1 -1 -1 -1 -1 -1 -1 -1 -1
332 -1 -1 -1 -1 -1 -1 -1 -1 -1 -1 -1 -1 -1 -1 -1 -1 -1 -1 -1 -1
333 -1 -1 -1 -1 -1 -1 -1 -1 -1 -1 -1 -1 -1 -1 -1 -1 -1 -1 -1 -1
334 -1 -1 -1 -1 -1 -1 -1 -1 -1 -1 -1 -1 -1 -1 -1 -1 -1 -1 -1 -1
335 -1 -1 -1 -1 -1 -1 -1 -1 -1 -1 -1 -1 -1 -1 -1 -1 -1 -1 -1 -1
336 -1 -1 -1 -1 -1 -1 -1 -1 -1 -1 -1 -1 -1 -1 -1 -1 -1 -1 -1 -1
337 -1 -1 -1 -1 -1 -1 -1 -1 -1 -1 -1 -1 -1 -1 -1 -1 -1 -1 -1 -1
338 -1 -1 -1 -1 -1 -1 -1 -1 -1 -1 -1 -1 -1 -1 -1 -1 -1 -1 -1 -1
339 -1 -1 -1 -1 -1 -1 -1 -1 -1 -1 -1 -1 -1 -1 -1 -1 -1 -1 -1 -1
340 -1 -1 -1 -1 -1 -1 -1 -1 -1 -1 -1 -1 -1 -1 -1 -1 -1 -1 -1 -1
341 -1 -1 -1 -1 -1 -1 -1 -1 -1 -1 -1 -1 -1 -1 -1 -1 -1 -1 -1 -1
342 -1 -1 -1 -1 -1 -1 -1 -1 -1 -1 -1 -1 -1 -1 -1 -1 -1 -1 -1 -1
343 -1 -1 -1 -1 -1 -1 -1 -1 -1 -1 -1 -1 -1 -1 -1 -1 -1 -1 -1 -1
344 -1 -1 -1 -1 -1 -1 -1 -1 -1 -1 -1 -1 -1 -1 -1 -1 -1 -1 -1 -1
345 -1 -1 -1 -1 -1 -1 -1 -1 -1 -1 -1 -1 -1 -1 -1 -1 -1 -1 -1 -1
346 -1 -1 -1 -1 -1 -1 -1 -1 -1 -1 -1 -1 -1 -1 -1 -1 -1 -1 -1 -1
347 -1 -1 -1 -1 -1 -1 -1 -1 -1 -1 -1 -1 -1 -1 -1 -1 -1 -1 -1 -1
348 -1 -1 -1 -1 -1 -1 -1 -1 -1 -1 -1 -1 -1 -1 -1 -1 -1 -1 -1 -1
349 -1 -1 -1 -1 -1 -1 -1 -1 -1 -1 -1 -1 -1 -1 -1 -1 -1 -1 -1 -1
350 -1 -1 -1 -1 -1 -1 -1 -1 -1 -1 -1 -1 -1 -1 -1 -1 -1 -1 -1 -1
351 -1 -1 -1 -1 -1 -1 -1 -1 -1 -1 -1 -1 -1 -1 -1 -1 -1 -1 -1 -1
352 -1 -1 -1 -1 -1 -1 -1 -1 -1 -1 -1 -1 -1 -1 -1 -1 -1 -1 -1 -1
353 -1 -1 -1 -1 -1 -1 -1 -1 -1 -1 -1 -1 -1 -1 -1 -1 -1 -1 -1 -1
354 -1 -1 -1 -1 -1 -1 -1 -1 -1 -1 -1 -1 -1 -1 -1 -1 -1 -1 -1 -1
355 -1 -1 -1 -1 -1 -1 -1 -1 -1 -1 -1 -1 -1 -1 -1 -1 -1 -1 -1 -1
356 -1 -1 -1 -1 -1 -1 -1 -1 -1 -1 -1 -1 -1 -1 -1 -1 -1 -1 -1 -1
357 -1 -1 -1 -1 -1 -1 -1 -1 -1 -1 -1 -1 -1 -1 -1 -1 -1 -1 -1 -1
358 -1 -1 -1 -1 -1 -1 -1 -1 -1 -1 -1 -1 -1 -1 -1 -1 -1 -1 -1 -1
359 -1 -1 -1 -1 -1 -1 -1 -1 -1 -1 -1 -1 -1 -1 -1 -1 -1 -1 -1 -1
360 -1 -1 -1 -1 -1 -1 -1 -1 -1 -1 -1 -1 -1 -1 -1 -1 -1 -1 -1 -1
361 -1 -1 -1 -1 -1 -1 -1 -1 -1 -1 -1 -1 -1 -1 -1 -1 -1 -1 -1 -1
362 -1 -1 -1 -1 -1 -1 -1 -1 -1 -1 -1 -1 -1 -1 -1 -1 -1 -1 -1 -1
363 -1 -1 -1 -1 -1 -1 -1 -1 -1 -1 -1 -1 -1 -1 -1 -1 -1 -1 -1 -1
364 -1 -1 -1 -1 -1 -1 -1 -1 -1 -1 -1 -1 -1 -1 -1 -1 -1 -1 -1 -1
365 -1 -1 -1 -1 -1 -1 -1 -1 -1 -1 -1 -1 -1 -1 -1 -1 -1 -1 -1 -1
366 -1 -1 -1 -1 -1 -1 -1 -1 -1 -1 -1 -1 -1 -1 -1 -1 -1 -1 -1 -1
367 -1 -1 -1 -1 -1 -1 -1 -1 -1 -1 -1 -1 -1 -1 -1 -1 -1 -1 -1 -1
368 -1 -1 -1 -1 -1 -1 -1 -1 -1 -1 -1 -1 -1 -1 -1 -1 -1 -1 -1 -1
369 -1 -1 -1 -1 -1 -1 -1 -1 -1 -1 -1 -1 -1 -1 -1 -1 -1 -1 -1 -1
370 -1 -1 -1 -1 -1 -1 -1 -1 -1 -1 -1 -1 -1 -1 -1 -1 -1 -1 -1 -1
371 -1 -1 -1 -1 -1 -1 -1 -1 -1 -1 -1 -1 -1 -1 -1 -1 -1 -1 -1 -1
372 -1 -1 -1 -1 -1 -1 -1 -1 -1 -1 -1 -1 -1 -1 -1 -1 -1 -1 -1 -1
373 -1 -1 -1 -1 -1 -1 -1 -1 -1 -1 -1 -1 -1 -1 -1 -1 -1 -1 -1 -1
374 -1 -1 -1 -1 -1 -1 -1 -1 -1 -1 -1 -1 -1 -1 -1 -1 -1 -1 -1 -1
375 -1 -1 -1 -1 -1 -1 -1 -1 -1 -1 -1 -1 -1 -1 -1 -1 -1 -1 -1 -1
376 -1 -1 -1 -1 -1 -1 -1 -1 -1 -1 -1 -1 -1 -1 -1 -1 -1 -1 -1 -1
377 -1 -1 -1 -1 -1 -1 -1 -1 -1 -1 -1 -1 -1 -1 -1 -1 -1 -1 -1 -1
378 -1 -1 -1 -1 -1 -1 -1 -1 -1 -1 -1 -1 -1 -1 -1 -1 -1 -1 -1 -1
379 -1 -1 -1 -1 -1 -1 -1 -1 -1 -1 -1 -1 -1 -1 -1 -1 -1 -1 -1 -1
380 -1 -1 -1 -1 -1 -1 -1 -1 -1 -1 -1 -1 -1 -1 -1 -1 -1 -1 -1 -1
381 -1 -1 -1 -1 -1 -1 -1 -1 -1 -1 -1 -1 -1 -1 -1 -1 -1 -1 -1 -1
382 -1 -1 -1 -1 -1 -1 -1 -1 -1 -1 -1 -1 -1 -1 -1 -1 -1 -1 -1 -1
383 -1 -1 -1 -1 -1 -1 -1 -1 -1 -1 -1 -1 -1 -1 -1 -1 -1 -1 -1 -1
384 -1 -1 -1 -1 -1 -1 -1 -1 -1 -1 -1 -1 -1 -1 -1 -1 -1 -1 -1 -1
385 -1 -1 -1 -1 -1 -1 -1 -1 -1 -1 -1 -1 -1 -1 -1 -1 -1 -1 -1 -1
386 -1 -1 -1 -1 -1 -1 -1 -1 -1 -1 -1 -1 -1 -1 -1 -1 -1 -1 -1 -1
387 -1 -1 -1 -1 -1 -1 -1 -1 -1 -1 -1 -1 -1 -1 -1 -1 -1 -1 -1 -1
388 -1 -1 -1 -1 -1 -1 -1 -1 -1 -1 -1 -1 -1 -1 -1 -1 -1 -1 -1 -1
389 -1 -1 -1 -1 -1 -1 -1 -1 -1 -1 -1 -1 -1 -1 -1 -1 -1 -1 -1 -1
390 -1 -1 -1 -1 -1 -1 -1 -1 -1 -1 -1 -1 -1 -1 -1 -1 -1 -1 -1 -1
391 -1 -1 -1 -1 -1 -1 -1 -1 -1 -1 -1 -1 -1 -1 -1 -1 -1 -1 -1 -1
392 -1 -1 -1 -1 -1 -1 -1 -1 -1 -1 -1 -1 -1 -1 -1 -1 -1 -1 -1 -1
393 -1 -1 -1 -1 -1 -1 -1 -1 -1 -1 -1 -1 -1 -1 -1 -1 -1 -1 -1 -1
394 -1 -1 -1 -1 -1 -1 -1 -1 -1 -1 -1 -1 -1 -1 -1 -1 -1 -1 -1 -1
395 -1 -1 -1 -1 -1 -1 -1 -1 -1 -1 -1 -1 -1 -1 -1 -1 -1 -1 -1 -1
396 -1 -1 -1 -1 -1 -1 -1 -1 -1 -1 -1 -1 -1 -1 -1 -1 -1 -1 -1 -1
397 -1 -1 -1 -1 -1 -1 -1 -1 -1 -1 -1 -1 -1 -1 -1 -1 -1 -1 -1 -1
398 -1 -1 -1 -1 -1 -1 -1 -1 -1 -1 -1 -1 -1 -1 -1 -1 -1 -1 -1 -1
399 -1 -1 -1 -1 -1 -1 -1 -1 -1 -1 -1 -1 -1 -1 -1 -1 -1 -1 -1 -1
400 -1 -1 -1 -1 -1 -1 -1 -1 -1 -1 -1 -1 -1 -1 -1 -1 -1 -1 -1 -1
401 -1 -1 -1 -1 -1 -1 -1 -1 -1 -1 -1 -1 -1 -1 -1 -1 -1 -1 -1 -1
402 -1 -1 -1 -1 -1 -1 -1 -1 -1 -1 -1 -1 -1 -1 -1 -1 -1 -1 -1 -1
403 -1 -1 -1 -1 -1 -1 -1 -1 -1 -1 -1 -1 -1 -1 -1 -1 -1 -1 -1 -1
404 -1 -1 -1 -1 -1 -1 -1 -1 -1 -1 -1 -1 -1 -1 -1 -1 -1 -1 -1 -1
405 -1 -1 -1 -1 -1 -1 -1 -1 -1 -1 -1 -1 -1 -1 -1 -1 -1 -1 -1 -1
406 -1 -1 -1 -1 -1 -1 -1 -1 -1 -1 -1 -1 -1 -1 -1 -1 -1 -1 -1 -1
407 -1 -1 -1 -1 -1 -1 -1 -1 -1 -1 -1 -1 -1 -1 -1 -1 -1 -1 -1 -1
408 -1 -1 -1 -1 -1 -1 -1 -1 -1 -1 -1 -1 -1 -1 -1 -1 -1 -1 -1 -1
409 -1 -1 -1 -1 -1 -1 -1 -1 -1 -1 -1 -1 -1 -1 -1 -1 -1 -1 -1 -1
410 -1 -1 -1 -1 -1 -1 -1 -1 -1 -1 -1 -1 -1 -1 -1 -1 -1 -1 -1 -1
411 -1 -1 -1 -1 -1 -1 -1 -1 -1 -1 -1 -1 -1 -1 -1 -1 -1 -1 -1 -1
412 -1 -1 -1 -1 -1 -1 -1 -1 -1 -1 -1 -1 -1 -1 -1 -1 -1 -1 -1 -1
413 -1 -1 -1 -1 -1 -1 -1 -1 -1 -1 -1 -1 -1 -1 -1 -1 -1 -1 -1 -1
414 -1 -1 -1 -1 -1 -1 -1 -1 -1 -1 -1 -1 -1 -1 -1 -1 -1 -1 -1 -1
415 -1 -1 -1 -1 -1 -1 -1 -1 -1 -1 -1 -1 -1 -1 -1 -1 -1 -1 -1 -1
416 -1 -1 -1 -1 -1 -1 -1 -1 -1 -1 -1 -1 -1 -1 -1 -1 -1 -1 -1 -1
417 -1 -1 -1 -1 -1 -1 -1 -1 -1 -1 -1 -1 -1 -1 -1 -1 -1 -1 -1 -1
418 -1 -1 -1 -1 -1 -1 -1 -1 -1 -1 -1 -1 -1 -1 -1 -1 -1 -1 -1 -1
419 -1 -1 -1 -1 -1 -1 -1 -1 -1 -1 -1 -1 -1 -1 -1 -1 -1 -1 -1 -1
420 -1 -1 -1 -1 -1 -1 -1 -1 -1 -1 -1 -1 -1 -1 -1 -1 -1 -1 -1 -1
421 -1 -1 -1 -1 -1 -1 -1 -1 -1 -1 -1 -1 -1 -1 -1 -1 -1 -1 -1 -1
422 -1 -1 -1 -1 -1 -1 -1 -1 -1 -1 -1 -1 -1 -1 -1 -1 -1 -1 -1 -1
423 -1 -1 -1 -1 -1 -1 -1 -1 -1 -1 -1 -1 -1 -1 -1 -1 -1 -1 -1 -1
424 -1 -1 -1 -1 -1 -1 -1 -1 -1 -1 -1 -1 -1 -1 -1 -1 -1 -1 -1 -1
425 -1 -1 -1 -1 -1 -1 -1 -1 -1 -1 -1 -1 -1 -1 -1 -1 -1 -1 -1 -1
426 -1 -1 -1 -1 -1 -1 -1 -1 -1 -1 -1 -1 -1 -1 -1 -1 -1 -1 -1 -1
427 -1 -1 -1 -1 -1 -1 -1 -1 -1 -1 -1 -1 -1 -1 -1 -1 -1 -1 -1 -1
428 -1 -1 -1 -1 -1 -1 -1 -1 -1 -1 -1 -1 -1 -1 -1 -1 -1 -1 -1 -1
429 -1 -1 -1 -1 -1 -1 -1 -1 -1 -1 -1 -1 -1 -1 -1 -1 -1 -1 -1 -1
430 -1 -1 -1 -1 -1 -1 -1 -1 -1 -1 -1 -1 -1 -1 -1 -1 -1 -1 -1 -1
431 -1 -1 -1 -1 -1 -1 -1 -1 -1 -1 -1 -1 -1 -1 -1 -1 -1 -1 -1 -1
432 -1 -1 -1 -1 -1 -1 -1 -1 -1 -1 -1 -1 -1 -1 -1 -1 -1 -1 -1 -1
433 -1 -1 -1 -1 -1 -1 -1 -1 -1 -1 -1 -1 -1 -1 -1 -1 -1 -1 -1 -1
434 -1 -1 -1 -1 -1 -1 -1 -1 -1 -1 -1 -1 -1 -1 -1 -1 -1 -1 -1 -1
435 -1 -1 -1 -1 -1 -1 -1 -1 -1 -1 -1 -1 -1 -1 -1 -1 -1 -1 -1 -1
436 -1 -1 -1 -1 -1 -1 -1 -1 -1 -1 -1 -1 -1 -1 -1 -1 -1 -1 -1 -1
437 -1 -1 -1 -1 -1 -1 -1 -1 -1 -1 -1 -1 -1 -1 -1 -1 -1 -1 -1 -1
438 -1 -1 -1 -1 -1 -1 -1 -1 -1 -1 -1 -1 -1 -1 -1 -1 -1 -1 -1 -1
439 -1 -1 -1 -1 -1 -1 -1 -1 -1 -1 -1 -1 -1 -1 -1 -1 -1 -1 -1 -1
440 -1 -1 -1 -1 -1 -1 -1 -1 -1 -1 -1 -1 -1 -1 -1 -1 -1 -1 -1 -1
441 -1 -1 -1 -1 -1 -1 -1 -1 -1 -1 -1 -1 -1 -1 -1 -1 -1 -1 -1 -1
442 -1 -1 -1 -1 -1 -1 -1 -1 -1 -1 -1 -1 -1 -1 -1 -1 -1 -1 -1 -1
443 -1 -1 -1 -1 -1 -1 -1 -1 -1 -1 -1 -1 -1 -1 -1 -1 -1 -1 -1 -1
444 -1 -1 -1 -1 -1 -1 -1 -1 -1 -1 -1 -1 -1 -1 -1 -1 -1 -1 -1 -1
445 -1 -1 -1 -1 -1 -1 -1 -1 -1 -1 -1 -1 -1 -1 -1 -1 -1 -1 -1 -1
446 -1 -1 -1 -1 -1 -1 -1 -1 -1 -1 -1 -1 -1 -1 -1 -1 -1 -1 -1 -1
447 -1 -1 -1 -1 -1 -1 -1 -1 -1 -1 -1 -1 -1 -1 -1 -1 -1 -1 -1 -1
448 -1 -1 -1 -1 -1 -1 -1 -1 -1 -1 -1 -1 -1 -1 -1 -1 -1 -1 -1 -1
449 -1 -1 -1 -1 -1 -1 -1 -1 -1 -1 -1 -1 -1 -1 -1 -1 -1 -1 -1 -1
450 -1 -1 -1 -1 -1 -1 -1 -1 -1 -1 -1 -1 -1 -1 -1 -1 -1 -1 -1 -1
451 -1 -1 -1 -1 -1 -1 -1 -1 -1 -1 -1 -1 -1 -1 -1 -1 -1 -1 -1 -1
452 -1 -1 -1 -1 -1 -1 -1 -1 -1 -1 -1 -1 -1 -1 -1 -1 -1 -1 -1 -1
453 -1 -1 -1 -1 -1 -1 -1 -1 -1 -1 -1 -1 -1 -1 -1 -1 -1 -1 -1 -1
454 -1 -1 -1 -1 -1 -1 -1 -1 -1 -1 -1 -1 -1 -1 -1 -1 -1 -1 -1 -1
455 -1 -1 -1 -1 -1 -1 -1 -1 -1 -1 -1 -1 -1 -1 -1 -1 -1 -1 -1 -1
456 -1 -1 -1 -1 -1 -1 -1 -1 -1 -1 -1 -1 -1 -1 -1 -1 -1 -1 -1 -1
457 -1 -1 -1 -1 -1 -1 -1 -1 -1 -1 -1 -1 -1 -1 -1 -1 -1 -1 -1 -1
458 -1 -1 -1 -1 -1 -1 -1 -1 -1 -1 -1 -1 -1 -1 -1 -1 -1 -1 -1 -1
459 -1 -1 -1 -1 -1 -1 -1 -1 -1 -1 -1 -1 -1 -1 -1 -1 -1 -1 -1 -1
460 -1 -1 -1 -1 -1 -1 -1 -1 -1 -1 -1 -1 -1 -1 -1 -1 -1 -1 -1 -1
461 -1 -1 -1 -1 -1 -1 -1 -1 -1 -1 -1 -1 -1 -1 -1 -1 -1 -1 -1 -1
462 -1 -1 -1 -1 -1 -1 -1 -1 -1 -1 -1 -1 -1 -1 -1 -1 -1 -1 -1 -1
463 -1 -1 -1 -1 -1 -1 -1 -1 -1 -1 -1 -1 -1 -1 -1 -1 -1 -1 -1 -1
464 -1 -1 -1 -1 -1 -1 -1 -1 -1 -1 -1 -1 -1 -1 -1 -1 -1 -1 -1 -1
465 -1 -1 -1 -1 -1 -1 -1 -1 -1 -1 -1 -1 -1 -1 -1 -1 -1 -1 -1 -1
466 -1 -1 -1 -1 -1 -1 -1 -1 -1 -1 -1 -1 -1 -1 -1 -1 -1 -1 -1 -1
467 -1 -1 -1 -1 -1 -1 -1 -1 -1 -1 -1 -1 -1 -1 -1 -1 -1 -1 -1 -1
468 -1 -1 -1 -1 -1 -1 -1 -1 -1 -1 -1 -1 -1 -1 -1 -1 -1 -1 -1 -1
469 -1 -1 -1 -1 -1 -1 -1 -1 -1 -1 -1 -1 -1 -1 -1 -1 -1 -1 -1 -1
470 -1 -1 -1 -1 -1 -1 -1 -1 -1 -1 -1 -1 -1 -1 -1 -1 -1 -1 -1 -1
471 -1 -1 -1 -1 -1 -1 -1 -1 -1 -1 -1 -1 -1 -1 -1 -1 -1 -1 -1 -1
472 -1 -1 -1 -1 -1 -1 -1 -1 -1 -1 -1 -1 -1 -1 -1 -1 -1 -1 -1 -1
473 -1 -1 -1 -1 -1 -1 -1 -1 -1 -1 -1 -1 -1 -1 -1 -1 -1 -1 -1 -1
474 -1 -1 -1 -1 -1 -1 -1 -1 -1 -1 -1 -1 -1 -1 -1 -1 -1 -1 -1 -1
475 -1 -1 -1 -1 -1 -1 -1 -1 -1 -1 -1 -1 -1 -1 -1 -1 -1 -1 -1 -1
476 -1 -1 -1 -1 -1 -1 -1 -1 -1 -1 -1 -1 -1 -1 -1 -1 -1 -1 -1 -1
477 -1 -1 -1 -1 -1 -1 -1 -1 -1 -1 -1 -1 -1 -1 -1 -1 -1 -1 -1 -1
478 -1 -1 -1 -1 -1 -1 -1 -1 -1 -1 -1 -1 -1 -1 -1 -1 -1 -1 -1 -1
479 -1 -1 -1 -1 -1 -1 -1 -1 -1 -1 -1 -1 -1 -1 -1 -1 -1 -1 -1 -1
480 -1 -1 -1 -1 -1 -1 -1 -1 -1 -1 -1 -1 -1 -1 -1 -1 -1 -1 -1 -1
481 -1 -1 -1 -1 -1 -1 -1 -1 -1 -1 -1 -1 -1 -1 -1 -1 -1 -1 -1 -1
482 -1 -1 -1 -1 -1 -1 -1 -1 -1 -1 -1 -1 -1 -1 -1 -1 -1 -1 -1 -1
483 -1 -1 -1 -1 -1 -1 -1 -1 -1 -1 -1 -1 -1 -1 -1 -1 -1 -1 -1 -1
484 -1 -1 -1 -1 -1 -1 -1 -1 -1 -1 -1 -1 -1 -1 -1 -1 -1 -1 -1 -1
485 -1 -1 -1 -1 -1 -1 -1 -1 -1 -1 -1 -1 -1 -1 -1 -1 -1 -1 -1 -1
486 -1 -1 -1 -1 -1 -1 -1 -1 -1 -1 -1 -1 -1 -1 -1 -1 -1 -1 -1 -1
487 -1 -1 -1 -1 -1 -1 -1 -1 -1 -1 -1 -1 -1 -1 -1 -1 -1 -1 -1 -1
488 -1 -1 -1 -1 -1 -1 -1 -1 -1 -1 -1 -1 -1 -1 -1 -1 -1 -1 -1 -1
489 -1 -1 -1 -1 -1 -1 -1 -1 -1 -1 -1 -1 -1 -1 -1 -1 -1 -1 -1 -1
490 -1 -1 -1 -1 -1 -1 -1 -1 -1 -1 -1 -1 -1 -1 -1 -1 -1 -1 -1 -1
491 -1 -1 -1 -1 -1 -1 -1 -1 -1 -1 -1 -1 -1 -1 -1 -1 -1 -1 -1 -1
492 -1 -1 -1 -1 -1 -1 -1 -1 -1 -1 -1 -1 -1 -1 -1 -1 -1 -1 -1 -1
493 -1 -1 -1 -1 -1 -1 -1 -1 -1 -1 -1 -1 -1 -1 -1 -1 -1 -1 -1 -1
494 -1 -1 -1 -1 -1 -1 -1 -1 -1 -1 -1 -1 -1 -1 -1 -1 -1 -1 -1 -1
495 -1 -1 -1 -1 -1 -1 -1 -1 -1 -1 -1 -1 -1 -1 -1 -1 -1 -1 -1 -1
496 -1 -1 -1 -1 -1 -1 -1 -1 -1 -1 -1 -1 -1 -1 -1 -1 -1 -1 -1 -1
497 -1 -1 -1 -1 -1 -1 -1 -1 -1 -1 -1 -1 -1 -1 -1 -1 -1 -1 -1 -1
498 -1 -1 -1 -1 -1 -1 -1 -1 -1 -1 -1 -1 -1 -1 -1 -1 -1 -1 -1 -1
499 -1 -1 -1 -1 -1 -1 -1 -1 -1 -1 -1 -1 -1 -1 -1 -1 -1 -1 -1 -1
500 -1 -1 -1 -1 -1 -1 -1 -1 -1 -1 -1 -1 -1 -1 -1 -1 -1 -1 -1 -1
501 -1 -1 -1 -1 -1 -1 -1 -1 -1 -1 -1 -1 -1 -1 -1 -1 -1 -1 -1 -1
502 -1 -1 -1 -1 -1 -1 -1 -1 -1 -1 -1 -1 -1 -1 -1 -1 -1 -1 -1 -1
503 -1 -1 -1 -1 -1 -1 -1 -1 -1 -1 -1 -1 -1 -1 -1 -1 -1 -1 -1 -1
504 -1 -1 -1 -1 -1 -1 -1 -1 -1 -1 -1 -1 -1 -1 -1 -1 -1 -1 -1 -1
505 -1 -1 -1 -1 -1 -1 -1 -1 -1 -1 -1 -1 -1 -1 -1 -1 -1 -1 -1 -1
506 -1 -1 -1 -1 -1 -1 -1 -1 -1 -1 -1 -1 -1 -1 -1 -1 -1 -1 -1 -1
507 -1 -1 -1 -1 -1 -1 -1 -1 -1 -1 -1 -1 -1 -1 -1 -1 -1 -1 -1 -1
508 -1 -1 -1 -1 -1 -1 -1 -1 -1 -1 -1 -1 -1 -1 -1 -1 -1 -1 -1 -1
509 -1 -1 -1 -1 -1 -1 -1 -1 -1 -1 -1 -1 -1 -1 -1 -1 -1 -1 -1 -1
510 -1 -1 -1 -1 -1 -1 -1 -1 -1 -1 -1 -1 -1 -1 -1 -1 -1 -1 -1 -1
511 -1 -1 -1 -1 -1 -1 -1 -1 -1 -1 -1 -1 -1 -1 -1 -1 -1 -1 -1 -1
512 -1 -1 -1 -1 -1 -1 -1 -1 -1 -1 -1 -1 -1 -1 -1 -1 -1 -1 -1 -1
513 -1 -1 -1 -1 -1 -1 -1 -1 -1 -1 -1 -1 -1 -1 -1 -1 -1 -1 -1 -1
514 -1 -1 -1 -1 -1 -1 -1 -1 -1 -1 -1 -1 -1 -1 -1 -1 -1 -1 -1 -1
515 -1 -1 -1 -1 -1 -1 -1 -1 -1 -1 -1 -1 -1 -1 -1 -1 -1 -1 -1 -1
516 -1 -1 -1 -1 -1 -1 -1 -1 -1 -1 -1 -1 -1 -1 -1 -1 -1 -1 -1 -1
517 -1 -1 -1 -1 -1 -1 -1 -1 -1 -1 -1 -1 -1 -1 -1 -1 -1 -1 -1 -1
518 -1 -1 -1 -1 -1 -1 -1 -1 -1 -1 -1 -1 -1 -1 -1 -1 -1 -1 -1 -1
519 -1 -1 -1 -1 -1 -1 -1 -1 -1 -1 -1 -1 -1 -1 -1 -1 -1 -1 -1 -1
520 -1 -1 -1 -1 -1 -1 -1 -1 -1 -1 -1 -1 -1 -1 -1 -1 -1 -1 -1 -1
521 -1 -1 -1 -1 -1 -1 -1 -1 -1 -1 -1 -1 -1 -1 -1 -1 -1 -1 -1 -1
522 -1 -1 -1 -1 -1 -1 -1 -1 -1 -1 -1 -1 -1 -1 -1 -1 -1 -1 -1 -1
523 -1 -1 -1 -1 -1 -1 -1 -1 -1 -1 -1 -1 -1 -1 -1 -1 -1 -1 -1 -1
524 -1 -1 -1 -1 -1 -1 -1 -1 -1 -1 -1 -1 -1 -1 -1 -1 -1 -1 -1 -1
525 -1 -1 -1 -1 -1 -1 -1 -1 -1 -1 -1 -1 -1 -1 -1 -1 -1 -1 -1 -1
526 -1 -1 -1 -1 -1 -1 -1 -1 -1 -1 -1 -1 -1 -1 -1 -1 -1 -1 -1 -1
527 -1 -1 -1 -1 -1 -1 -1 -1 -1 -1 -1 -1 -1 -1 -1 -1 -1 -1 -1 -1
528 -1 -1 -1 -1 -1 -1 -1 -1 -1 -1 -1 -1 -1 -1 -1 -1 -1 -1 -1 -1
529 -1 -1 -1 -1 -1 -1 -1 -1 -1 -1 -1 -1 -1 -1 -1 -1 -1 -1 -1 -1
530 -1 -1 -1 -1 -1 -1 -1 -1 -1 -1 -1 -1 -1 -1 -1 -1 -1 -1 -1 -1
531 -1 -1 -1 -1 -1 -1 -1 -1 -1 -1 -1 -1 -1 -1 -1 -1 -1 -1 -1 -1
532 -1 -1 -1 -1 -1 -1 -1 -1 -1 -1 -1 -1 -1 -1 -1 -1 -1 -1 -1 -1
533 -1 -1 -1 -1 -1 -1 -1 -1 -1 -1 -1 -1 -1 -1 -1 -1 -1 -1 -1 -1
534 -1 -1 -1 -1 -1 -1 -1 -1 -1 -1 -1 -1 -1 -1 -1 -1 -1 -1 -1 -1
535 -1 -1 -1 -1 -1 -1 -1 -1 -1 -1 -1 -1 -1 -1 -1 -1 -1 -1 -1 -1
536 -1 -1 -1 -1 -1 -1 -1 -1 -1 -1 -1 -1 -1 -1 -1 -1 -1 -1 -1 -1
537 -1 -1 -1 -1 -1 -1 -1 -1 -1 -1 -1 -1 -1 -1 -1 -1 -1 -1 -1 -1
538 -1 -1 -1 -1 -1 -1 -1 -1 -1 -1 -1 -1 -1 -1 -1 -1 -1 -1 -1 -1
539 -1 -1 -1 -1 -1 -1 -1 -1 -1 -1 -1 -1 -1 -1 -1 -1 -1 -1 -1 -1
540 -1 -1 -1 -1 -1 -1 -1 -1 -1 -1 -1 -1 -1 -1 -1 -1 -1 -1 -1 -1
541 -1 -1 -1 -1 -1 -1 -1 -1 -1 -1 -1 -1 -1 -1 -1 -1 -1 -1 -1 -1
542 -1 -1 -1 -1 -1 -1 -1 -1 -1 -1 -1 -1 -1 -1 -1 -1 -1 -1 -1 -1
543 -1 -1 -1 -1 -1 -1 -1 -1 -1 -1 -1 -1 -1 -1 -1 -1 -1 -1 -1 -1
544 -1 -1 -1 -1 -1 -1 -1 -1 -1 -1 -1 -1 -1 -1 -1 -1 -1 -1 -1 -1
545 -1 -1 -1 -1 -1 -1 -1 -1 -1 -1 -1 -1 -1 -1 -1 -1 -1 -1 -1 -1
546 -1 -1 -1 -1 -1 -1 -1 -1 -1 -1 -1 -1 -1 -1 -1 -1 -1 -1 -1 -1
547 -1 -1 -1 -1 -1 -1 -1 -1 -1 -1 -1 -1 -1 -1 -1 -1 -1 -1 -1 -1
548 -1 -1 -1 -1 -1 -1 -1 -1 -1 -1 -1 -1 -1 -1 -1 -1 -1 -1 -1 -1
549 -1 -1 -1 -1 -1 -1 -1 -1 -1 -1 -1 -1 -1 -1 -1 -1 -1 -1 -1 -1
550 -1 -1 -1 -1 -1 -1 -1 -1 -1 -1 -1 -1 -1 -1 -1 -1 -1 -1 -1 -1
551 -1 -1 -1 -1 -1 -1 -1 -1 -1 -1 -1 -1 -1 -1 -1 -1 -1 -1 -1 -1
552 -1 -1 -1 -1 -1 -1 -1 -1 -1 -1 -1 -1 -1 -1 -1 -1 -1 -1 -1 -1
553 -1 -1 -1 -1 -1 -1 -1 -1 -1 -1 -1 -1 -1 -1 -1 -1 -1 -1 -1 -1
554 -1 -1 -1 -1 -1 -1 -1 -1 -1 -1 -1 -1 -1 -1 -1 -1 -1 -1 -1 -1
555 -1 -1 -1 -1 -1 -1 -1 -1 -1 -1 -1 -1 -1 -1 -1 -1 -1 -1 -1 -1
556 -1 -1 -1 -1 -1 -1 -1 -1 -1 -1 -1 -1 -1 -1 -1 -1 -1 -1 -1 -1
557 -1 -1 -1 -1 -1 -1 -1 -1 -1 -1 -1 -1 -1 -1 -1 -1 -1 -1 -1 -1
558 -1 -1 -1 -1 -1 -1 -1 -1 -1 -1 -1 -1 -1 -1 -1 -1 -1 -1 -1 -1
559 -1 -1 -1 -1 -1 -1 -1 -1 -1 -1 -1 -1 -1 -1 -1 -1 -1 -1 -1 -1
560 -1 -1 -1 -1 -1 -1 -1 -1 -1 -1 -1 -1 -1 -1 -1 -1 -1 -1 -1 -1
561 -1 -1 -1 -1 -1 -1 -1 -1 -1 -1 -1 -1 -1 -1 -1 -1 -1 -1 -1 -1
562 -1 -1 -1 -1 -1 -1 -1 -1 -1 -1 -1 -1 -1 -1 -1 -1 -1 -1 -1 -1
563 -1 -1 -1 -1 -1 -1 -1 -1 -1 -1 -1 -1 -1 -1 -1 -1 -1 -1 -1 -1
564 -1 -1 -1 -1 -1 -1 -1 -1 -1 -1 -1 -1 -1 -1 -1 -1 -1 -1 -1 -1
565 -1 -1 -1 -1 -1 -1 -1 -1 -1 -1 -1 -1 -1 -1 -1 -1 -1 -1 -1 -1
566 -1 -1 -1 -1 -1 -1 -1 -1 -1 -1 -1 -1 -1 -1 -1 -1 -1 -1 -1 -1
567 -1 -1 -1 -1 -1 -1 -1 -1 -1 -1 -1 -1 -1 -1 -1 -1 -1 -1 -1 -1
568 -1 -1 -1 -1 -1 -1 -1 -1 -1 -1 -1 -1 -1 -1 -1 -1 -1 -1 -1 -1
569 -1 -1 -1 -1 -1 -1 -1 -1 -1 -1 -1 -1 -1 -1 -1 -1 -1 -1 -1 -1
570 -1 -1 -1 -1 -1 -1 -1 -1 -1 -1 -1 -1 -1 -1 -1 -1 -1 -1 -1 -1
571 -1 -1 -1 -1 -1 -1 -1 -1 -1 -1 -1 -1 -1 -1 -1 -1 -1 -1 -1 -1
572 -1 -1 -1 -1 -1 -1 -1 -1 -1 -1 -1 -1 -1 -1 -1 -1 -1 -1 -1 -1
573 -1 -1 -1 -1 -1 -1 -1 -1 -1 -1 -1 -1 -1 -1 -1 -1 -1 -1 -1 -1
574 -1 -1 -1 -1 -1 -1 -1 -1 -1 -1 -1 -1 -1 -1 -1 -1 -1 -1 -1 -1
575 -1 -1 -1 -1 -1 -1 -1 -1 -1 -1 -1 -1 -1 -1 -1 -1 -1 -1 -1 -1
576 -1 -1 -1 -1 -1 -1 -1 -1 -1 -1 -1 -1 -1 -1 -1 -1 -1 -1 -1 -1
577 -1 -1 -1 -1 -1 -1 -1 -1 -1 -1 -1 -1 -1 -1 -1 -1 -1 -1 -1 -1
578 -1 -1 -1 -1 -1 -1 -1 -1 -1 -1 -1 -1 -1 -1 -1 -1 -1 -1 -1 -1
579 -1 -1 -1 -1 -1 -1 -1 -1 -1 -1 -1 -1 -1 -1 -1 -1 -1 -1 -1 -1
580 -1 -1 -1 -1 -1 -1 -1 -1 -1 -1 -1 -1 -1 -1 -1 -1 -1 -1 -1 -1
581 -1 -1 -1 -1 -1 -1 -1 -1 -1 -1 -1 -1 -1 -1 -1 -1 -1 -1 -1 -1
582 -1 -1 -1 -1 -1 -1 -1 -1 -1 -1 -1 -1 -1 -1 -1 -1 -1 -1 -1 -1
583 -1 -1 -1 -1 -1 -1 -1 -1 -1 -1 -1 -1 -1 -1 -1 -1 -1 -1 -1 -1
584 -1 -1 -1 -1 -1 -1 -1 -1 -1 -1 -1 -1 -1 -1 -1 -1 -1 -1 -1 -1
585 -1 -1 -1 -1 -1 -1 -1 -1 -1 -1 -1 -1 -1 -1 -1 -1 -1 -1 -1 -1
586 -1 -1 -1 -1 -1 -1 -1 -1 -1 -1 -1 -1 -1 -1 -1 -1 -1 -1 -1 -1
587 -1 -1 -1 -1 -1 -1 -1 -1 -1 -1 -1 -1 -1 -1 -1 -1 -1 -1 -1 -1
588 -1 -1 -1 -1 -1 -1 -1 -1 -1 -1 -1 -1 -1 -1 -1 -1 -1 -1 -1 -1
589 -1 -1 -1 -1 -1 -1 -1 -1 -1 -1 -1 -1 -1 -1 -1 -1 -1 -1 -1 -1
590 -1 -1 -1 -1 -1 -1 -1 -1 -1 -1 -1 -1 -1 -1 -1 -1 -1 -1 -1 -1
591 -1 -1 -1 -1 -1 -1 -1 -1 -1 -1 -1 -1 -1 -1 -1 -1 -1 -1 -1 -1
592 -1 -1 -1 -1 -1 -1 -1 -1 -1 -1 -1 -1 -1 -1 -1 -1 -1 -1 -1 -1
593 -1 -1 -1 -1 -1 -1 -1 -1 -1 -1 -1 -1 -1 -1 -1 -1 -1 -1 -1 -1
594 -1 -1 -1 -1 -1 -1 -1 -1 -1 -1 -1 -1 -1 -1 -1 -1 -1 -1 -1 -1
595 -1 -1 -1 -1 -1 -1 -1 -1 -1 -1 -1 -1 -1 -1 -1 -1 -1 -1 -1 -1
596 -1 -1 -1 -1 -1 -1 -1 -1 -1 -1 -1 -1 -1 -1 -1 -1 -1 -1 -1 -1
597 -1 -1 -1 -1 -1 -1 -1 -1 -1 -1 -1 -1 -1 -1 -1 -1 -1 -1 -1 -1
598 -1 -1 -1 -1 -1 -1 -1 -1 -1 -1 -1 -1 -1 -1 -1 -1 -1 -1 -1 -1
599 -1 -1 -1 -1 -1 -1 -1 -1 -1 -1 -1 -1 -1 -1 -1 -1 -1 -1 -1 -1
600 -1 -1 -1 -1 -1 -1 -1 -1 -1 -1 -1 -1 -1 -1 -1 -1 -1 -1 -1 -1
601 -1 -1 -1 -1 -1 -1 -1 -1 -1 -1 -1 -1 -1 -1 -1 -1 -1 -1 -1 -1
602 -1 -1 -1 -1 -1 -1 -1 -1 -1 -1 -1 -1 -1 -1 -1 -1 -1 -1 -1 -1
603 -1 -1 -1 -1 -1 -1 -1 -1 -1 -1 -1 -1 -1 -1 -1 -1 -1 -1 -1 -1
604 -1 -1 -1 -1 -1 -1 -1 -1 -1 -1 -1 -1 -1 -1 -1 -1 -1 -1 -1 -1
605 -1 -1 -1 -1 -1 -1 -1 -1 -1 -1 -1 -1 -1 -1 -1 -1 -1 -1 -1 -1
606 -1 -1 -1 -1 -1 -1 -1 -1 -1 -1 -1 -1 -1 -1 -1 -1 -1 -1 -1 -1
607 -1 -1 -1 -1 -1 -1 -1 -1 -1 -1 -1 -1 -1 -1 -1 -1 -1 -1 -1 -1
608 -1 -1 -1 -1 -1 -1 -1 -1 -1 -1 -1 -1 -1 -1 -1 -1 -1 -1 -1 -1
609 -1 -1 -1 -1 -1 -1 -1 -1 -1 -1 -1 -1 -1 -1 -1 -1 -1 -1 -1 -1
610 -1 -1 -1 -1 -1 -1 -1 -1 -1 -1 -1 -1 -1 -1 -1 -1 -1 -1 -1 -1
611 -1 -1 -1 -1 -1 -1 -1 -1 -1 -1 -1 -1 -1 -1 -1 -1 -1 -1 -1 -1
612 -1 -1 -1 -1 -1 -1 -1 -1 -1 -1 -1 -1 -1 -1 -1 -1 -1 -1 -1 -1
613 -1 -1 -1 -1 -1 -1 -1 -1 -1 -1 -1 -1 -1 -1 -1 -1 -1 -1 -1 -1
614 -1 -1 -1 -1 -1 -1 -1 -1 -1 -1 -1 -1 -1 -1 -1 -1 -1 -1 -1 -1
615 -1 -1 -1 -1 -1 -1 -1 -1 -1 -1 -1 -1 -1 -1 -1 -1 -1 -1 -1 -1
616 -1 -1 -1 -1 -1 -1 -1 -1 -1 -1 -1 -1 -1 -1 -1 -1 -1 -1 -1 -1
617 -1 -1 -1 -1 -1 -1 -1 -1 -1 -1 -1 -1 -1 -1 -1 -1 -1 -1 -1 -1
618 -1 -1 -1 -1 -1 -1 -1 -1 -1 -1 -1 -1 -1 -1 -1 -1 -1 -1 -1 -1
619 -1 -1 -1 -1 -1 -1 -1 -1 -1 -1 -1 -1 -1 -1 -1 -1 -1 -1 -1 -1
620 -1 -1 -1 -1 -1 -1 -1 -1 -1 -1 -1 -1 -1 -1 -1 -1 -1 -1 -1 -1
621 -1 -1 -1 -1 -1 -1 -1 -1 -1 -1 -1 -1 -1 -1 -1 -1 -1 -1 -1 -1
622 -1 -1 -1 -1 -1 -1 -1 -1 -1 -1 -1 -1 -1 -1 -1 -1 -1 -1 -1 -1
623 -1 -1 -1 -1 -1 -1 -1 -1 -1 -1 -1 -1 -1 -1 -1 -1 -1 -1 -1 -1
624 -1 -1 -1 -1 -1 -1 -1 -1 -1 -1 -1 -1 -1 -1 -1 -1 -1 -1 -1 -1
625 -1 -1 -1 -1 -1 -1 -1 -1 -1 -1 -1 -1 -1 -1 -1 -1 -1 -1 -1 -1
626 -1 -1 -1 -1 -1 -1 -1 -1 -1 -1 -1 -1 -1 -1 -1 -1 -1 -1 -1 -1
627 -1 -1 -1 -1 -1 -1 -1 -1 -1 -1 -1 -1 -1 -1 -1 -1 -1 -1 -1 -1
628 -1 -1 -1 -1 -1 -1 -1 -1 -1 -1 -1 -1 -1 -1 -1 -1 -1 -1 -1 -1
629 -1 -1 -1 -1 -1 -1 -1 -1 -1 -1 -1 -1 -1 -1 -1 -1 -1 -1 -1 -1
630 -1 -1 -1 -1 -1 -1 -1 -1 -1 -1 -1 -1 -1 -1 -1 -1 -1 -1 -1 -1
631 -1 -1 -1 -1 -1 -1 -1 -1 -1 -1 -1 -1 -1 -1 -1 -1 -1 -1 -1 -1
632 -1 -1 -1 -1 -1 -1 -1 -1 -1 -1 -1 -1 -1 -1 -1 -1 -1 -1 -1 -1
633 -1 -1 -1 -1 -1 -1 -1 -1 -1 -1 -1 -1 -1 -1 -1 -1 -1 -1 -1 -1
634 -1 -1 -1 -1 -1 -1 -1 -1 -1 -1 -1 -1 -1 -1 -1 -1 -1 -1 -1 -1
635 -1 -1 -1 -1 -1 -1 -1 -1 -1 -1 -1 -1 -1 -1 -1 -1 -1 -1 -1 -1
636 -1 -1 -1 -1 -1 -1 -1 -1 -1 -1 -1 -1 -1 -1 -1 -1 -1 -1 -1 -1
637 -1 -1 -1 -1 -1 -1 -1 -1 -1 -1 -1 -1 -1 -1 -1 -1 -1 -1 -1 -1
638 -1 -1 -1 -1 -1 -1 -1 -1 -1 -1 -1 -1 -1 -1 -1 -1 -1 -1 -1 -1
639 -1 -1 -1 -1 -1 -1 -1 -1 -1 -1 -1 -1 -1 -1 -1 -1 -1 -1 -1 -1
640 -1 -1 -1 -1 -1 -1 -1 -1 -1 -1 -1 -1 -1 -1 -1 -1 -1 -1 -1 -1
641 -1 -1 -1 -1 -1 -1 -1 -1 -1 -1 -1 -1 -1 -1 -1 -1 -1 -1 -1 -1
642 -1 -1 -1 -1 -1 -1 -1 -1 -1 -1 -1 -1 -1 -1 -1 -1 -1 -1 -1 -1
643 -1 -1 -1 -1 -1 -1 -1 -1 -1 -1 -1 -1 -1 -1 -1 -1 -1 -1 -1 -1
644 -1 -1 -1 -1 -1 -1 -1 -1 -1 -1 -1 -1 -1 -1 -1 -1 -1 -1 -1 -1
645 -1 -1 -1 -1 -1 -1 -1 -1 -1 -1 -1 -1 -1 -1 -1 -1 -1 -1 -1 -1
646 -1 -1 -1 -1 -1 -1 -1 -1 -1 -1 -1 -1 -1 -1 -1 -1 -1 -1 -1 -1
647 -1 -1 -1 -1 -1 -1 -1 -1 -1 -1 -1 -1 -1 -1 -1 -1 -1 -1 -1 -1
648 -1 -1 -1 -1 -1 -1 -1 -1 -1 -1 -1 -1 -1 -1 -1 -1 -1 -1 -1 -1
649 -1 -1 -1 -1 -1 -1 -1 -1 -1 -1 -1 -1 -1 -1 -1 -1 -1 -1 -1 -1
650 -1 -1 -1 -1 -1 -1 -1 -1 -1 -1 -1 -1 -1 -1 -1 -1 -1 -1 -1 -1
651 -1 -1 -1 -1 -1 -1 -1 -1 -1 -1 -1 -1 -1 -1 -1 -1 -1 -1 -1 -1
652 -1 -1 -1 -1 -1 -1 -1 -1 -1 -1 -1 -1 -1 -1 -1 -1 -1 -1 -1 -1
653 -1 -1 -1 -1 -1 -1 -1 -1 -1 -1 -1 -1 -1 -1 -1 -1 -1 -1 -1 -1
654 -1 -1 -1 -1 -1 -1 -1 -1 -1 -1 -1 -1 -1 -1 -1 -1 -1 -1 -1 -1
655 -1 -1 -1 -1 -1 -1 -1 -1 -1 -1 -1 -1 -1 -1 -1 -1 -1 -1 -1 -1
656 -1 -1 -1 -1 -1 -1 -1 -1 -1 -1 -1 -1 -1 -1 -1 -1 -1 -1 -1 -1
657 -1 -1 -1 -1 -1 -1 -1 -1 -1 -1 -1 -1 -1 -1 -1 -1 -1 -1 -1 -1
658 -1 -1 -1 -1 -1 -1 -1 -1 -1 -1 -1 -1 -1 -1 -1 -1 -1 -1 -1 -1
659 -1 -1 -1 -1 -1 -1 -1 -1 -1 -1 -1 -1 -1 -1 -1 -1 -1 -1 -1 -1
660 -1 -1 -1 -1 -1 -1 -1 -1 -1 -1 -1 -1 -1 -1 -1 -1 -1 -1 -1 -1
661 -1 -1 -1 -1 -1 -1 -1 -1 -1 -1 -1 -1 -1 -1 -1 -1 -1 -1 -1 -1
662 -1 -1 -1 -1 -1 -1 -1 -1 -1 -1 -1 -1 -1 -1 -1 -1 -1 -1 -1 -1
663 -1 -1 -1 -1 -1 -1 -1 -1 -1 -1 -1 -1 -1 -1 -1 -1 -1 -1 -1 -1
664 0.582188 0.204700 0.575814 0.393996 0.550746 0.393707 0.600883 0.394286 0.550746 0.393707 0.541132 0.513737 0.527718 0.622991 0.600883 0.394286 0.593241 0.496611 0.600465 0.597771
665 0.580011 0.199048 0.573678 0.388931 0.548607 0.388289 0.598749 0.389573 0.548607 0.388289 0.542224 0.511335 0.527471 0.609840 0.598749 0.389573 0.595692 0.494649 0.601059 0.597100
666 0.577949 0.195112 0.571362 0.386740 0.546522 0.387086 0.596202 0.386393 0.546522 0.387086 0.540452 0.509600 0.527046 0.609998 0.596202 0.386393 0.597625 0.491938 0.601240 0.596059
667 0.574191 0.191078 0.571209 0.383035 0.546353 0.384320 0.596065 0.381750 0.546353 0.384320 0.542147 0.502865 0.539695 0.598388 0.596065 0.381750 0.598604 0.488111 0.601607 0.591062
668 0.572571 0.191358 0.570327 0.384390 0.544874 0.384855 0.595779 0.383925 0.544874 0.384855 0.541304 0.500545 0.545961 0.585850 0.595779 0.383925 0.599070 0.488149 0.601413 0.589957
669 0.571385 0.188829 0.569758 0.381675 0.543853 0.382375 0.595663 0.380976 0.543853 0.382375 0.540452 0.500538 0.541549 0.586433 0.595663 0.380976 0.599595 0.495867 0.601450 0.601681
670 0.569459 0.186010 0.568699 0.380716 0.542816 0.381919 0.594583 0.379513 0.542816 0.381919 0.540376 0.500318 0.542927 0.590891 0.594583 0.379513 0.599878 0.494008 0.601544 0.595027
671 0.567933 0.184068 0.567748 0.378564 0.541974 0.379943 0.593523 0.377185 0.541974 0.379943 0.539915 0.499544 0.543799 0.593600 0.593523 0.377185 0.600094 0.493564 0.601685 0.597482
672 0.566444 0.182941 0.567136 0.377062 0.540986 0.378634 0.593286 0.375490 0.540986 0.378634 0.539597 0.491908 0.545060 0.592945 0.593286 0.375490 0.600132 0.489734 0.601589 0.592217
673 0.565086 0.183253 0.566817 0.376483 0.540584 0.377902 0.593050 0.375065 0.540584 0.377902 0.539631 0.491368 0.544851 0.594154 0.593050 0.375065 0.599889 0.488535 0.601689 0.595350
674 0.564345 0.183599 0.565867 0.377201 0.540434 0.378921 0.591299 0.375482 0.540434 0.378921 0.541178 0.490405 0.544392 0.594146 0.591299 0.375482 0.594908 0.485836 0.599793 0.591144
675 0.562795 0.182961 0.565176 0.377616 0.539872 0.379472 0.590480 0.375760 0.539872 0.379472 0.539640 0.492327 0.537027 0.597430 0.590480 0.375760 0.595718 0.487868 0.599680 0.600083
676 0.561423 0.183131 0.562856 0.377028 0.537878 0.378662 0.587833 0.375394 0.537878 0.378662 0.538342 0.493080 0.533770 0.611189 0.587833 0.375394 0.595839 0.487844 0.599075 0.600425
677 0.559347 0.183260 0.561127 0.376098 0.536332 0.377852 0.585921 0.374344 0.536332 0.377852 0.537959 0.497314 0.529238 0.611202 0.585921 0.374344 0.591279 0.487982 0.597032 0.598836
678 0.557399 0.183897 0.559801 0.376851 0.535089 0.378574 0.584514 0.375128 0.535089 0.378574 0.537095 0.503488 0.524465 0.615812 0.584514 0.375128 0.590521 0.490140 0.597335 0.596745
679 0.554470 0.183587 0.557777 0.377518 0.534354 0.379253 0.581200 0.375782 0.534354 0.379253 0.534117 0.507756 0.523706 0.624299 0.581200 0.375782 0.587734 0.494225 0.600283 0.602301
680 0.551898 0.183172 0.556387 0.377633 0.533136 0.379467 0.579639 0.375799 0.533136 0.379467 0.534012 0.506638 0.522709 0.634836 0.579639 0.375799 0.585999 0.497273 0.600233 0.624321
681 0.550297 0.182750 0.554223 0.377487 0.529723 0.379326 0.578724 0.375649 0.529723 0.379326 0.534111 0.506674 0.523584 0.633526 0.578724 0.375649 0.584867 0.503747 0.599977 0.624858
682 0.547793 0.181947 0.552834 0.377628 0.529505 0.379355 0.576164 0.375902 0.529505 0.379355 0.534936 0.510422 0.524187 0.647233 0.576164 0.375902 0.581518 0.515837 0.599843 0.639445
683 0.545820 0.180216 0.549703 0.376059 0.529048 0.377654 0.570357 0.374464 0.529048 0.377654 0.534480 0.503981 0.522397 0.639170 0.570357 0.374464 0.582910 0.517800 0.599552 0.640945
684 0.544763 0.177364 0.549654 0.375147 0.529488 0.375744 0.569821 0.374551 0.529488 0.375744 0.537152 0.499303 0.521601 0.618825 0.569821 0.374551 0.580200 0.514844 0.589810 0.644954
685 0.543358 0.175952 0.549204 0.375053 0.529966 0.375430 0.568441 0.374676 0.529966 0.375430 0.539964 0.497956 0.522154 0.603727 0.568441 0.374676 0.577955 0.512714 0.584490 0.644616
686 0.541972 0.173806 0.546694 0.372290 0.529715 0.370715 0.563673 0.373865 0.529715 0.370715 0.540001 0.481524 0.521810 0.583759 0.563673 0.373865 0.579441 0.513615 0.587073 0.647987
687 0.542378 0.173505 0.544843 0.373441 0.530808 0.371313 0.558877 0.375569 0.530808 0.371313 0.543000 0.481668 0.521623 0.584585 0.558877 0.375569 0.576712 0.513901 0.581036 0.651612
688 0.544093 0.172089 0.546521 0.367103 0.530901 0.368388 0.562141 0.365818 0.530901 0.368388 0.541258 0.479069 0.521853 0.582207 0.562141 0.365818 0.576187 0.508826 0.574024 0.647260
689 0.547371 0.169562 0.547099 0.364547 0.530879 0.365910 0.563319 0.363184 0.530879 0.365910 0.535996 0.470114 0.519913 0.574041 0.563319 0.363184 0.572786 0.496610 0.570775 0.639748
690 0.552612 0.167578 0.549866 0.361800 0.536777 0.362045 0.562954 0.361556 0.536777 0.362045 0.536071 0.473368 0.519231 0.576640 0.562954 0.361556 0.572306 0.491859 0.569106 0.636117
691 0.555015 0.166135 0.549216 0.362957 0.536385 0.363655 0.562046 0.362259 0.536385 0.363655 0.539341 0.475500 0.519584 0.579716 0.562046 0.362259 0.572375 0.495731 0.567079 0.640778
692 0.558169 0.166372 0.551067 0.367277 0.542262 0.366955 0.559873 0.367600 0.542262 0.366955 0.557940 0.485572 0.536538 0.612392 0.559873 0.367600 0.570554 0.509364 0.558793 0.644895
693 -1 -1 -1 -1 -1 -1 -1 -1 -1 -1 -1 -1 -1 -1 -1 -1 -1 -1 -1 -1
694 -1 -1 -1 -1 -1 -1 -1 -1 -1 -1 -1 -1 -1 -1 -1 -1 -1 -1 -1 -1
695 -1 -1 -1 -1 -1 -1 -1 -1 -1 -1 -1 -1 -1 -1 -1 -1 -1 -1 -1 -1
696 -1 -1 -1 -1 -1 -1 -1 -1 -1 -1 -1 -1 -1 -1 -1 -1 -1 -1 -1 -1
697 -1 -1 -1 -1 -1 -1 -1 -1 -1 -1 -1 -1 -1 -1 -1 -1 -1 -1 -1 -1
698 -1 -1 -1 -1 -1 -1 -1 -1 -1 -1 -1 -1 -1 -1 -1 -1 -1 -1 -1 -1
699 -1 -1 -1 -1 -1 -1 -1 -1 -1 -1 -1 -1 -1 -1 -1 -1 -1 -1 -1 -1
700 -1 -1 -1 -1 -1 -1 -1 -1 -1 -1 -1 -1 -1 -1 -1 -1 -1 -1 -1 -1
701 -1 -1 -1 -1 -1 -1 -1 -1 -1 -1 -1 -1 -1 -1 -1 -1 -1 -1 -1 -1
702 -1 -1 -1 -1 -1 -1 -1 -1 -1 -1 -1 -1 -1 -1 -1 -1 -1 -1 -1 -1
703 -1 -1 -1 -1 -1 -1 -1 -1 -1 -1 -1 -1 -1 -1 -1 -1 -1 -1 -1 -1
704 -1 -1 -1 -1 -1 -1 -1 -1 -1 -1 -1 -1 -1 -1 -1 -1 -1 -1 -1 -1
705 -1 -1 -1 -1 -1 -1 -1 -1 -1 -1 -1 -1 -1 -1 -1 -1 -1 -1 -1 -1
706 -1 -1 -1 -1 -1 -1 -1 -1 -1 -1 -1 -1 -1 -1 -1 -1 -1 -1 -1 -1
707 -1 -1 -1 -1 -1 -1 -1 -1 -1 -1 -1 -1 -1 -1 -1 -1 -1 -1 -1 -1
708 -1 -1 -1 -1 -1 -1 -1 -1 -1 -1 -1 -1 -1 -1 -1 -1 -1 -1 -1 -1
709 -1 -1 -1 -1 -1 -1 -1 -1 -1 -1 -1 -1 -1 -1 -1 -1 -1 -1 -1 -1
710 -1 -1 -1 -1 -1 -1 -1 -1 -1 -1 -1 -1 -1 -1 -1 -1 -1 -1 -1 -1
711 -1 -1 -1 -1 -1 -1 -1 -1 -1 -1 -1 -1 -1 -1 -1 -1 -1 -1 -1 -1
712 -1 -1 -1 -1 -1 -1 -1 -1 -1 -1 -1 -1 -1 -1 -1 -1 -1 -1 -1 -1
713 -1 -1 -1 -1 -1 -1 -1 -1 -1 -1 -1 -1 -1 -1 -1 -1 -1 -1 -1 -1
714 -1 -1 -1 -1 -1 -1 -1 -1 -1 -1 -1 -1 -1 -1 -1 -1 -1 -1 -1 -1
715 -1 -1 -1 -1 -1 -1 -1 -1 -1 -1 -1 -1 -1 -1 -1 -1 -1 -1 -1 -1
716 -1 -1 -1 -1 -1 -1 -1 -1 -1 -1 -1 -1 -1 -1 -1 -1 -1 -1 -1 -1
717 0.640540 0.201506 0.625484 0.385275 0.641957 0.383868 0.609011 0.386683 0.641957 0.383868 0.641014 0.509696 0.636191 0.621710 0.609011 0.386683 0.603215 0.523796 0.590749 0.644057
718 0.643367 0.201338 0.629693 0.385233 0.646232 0.383808 0.613153 0.386658 0.646232 0.383808 0.640302 0.510727 0.634758 0.620836 0.613153 0.386658 0.604570 0.523540 0.590138 0.643889
719 0.646677 0.202072 0.632771 0.385365 0.650210 0.383993 0.615332 0.386736 0.650210 0.383993 0.640780 0.511636 0.636627 0.620492 0.615332 0.386736 0.605981 0.521998 0.590413 0.644223
720 0.648971 0.203359 0.636526 0.385114 0.654520 0.383967 0.618532 0.386260 0.654520 0.383967 0.640174 0.511680 0.638894 0.620360 0.618532 0.386260 0.608001 0.521904 0.592689 0.644911
721 0.651137 0.203599 0.637123 0.384982 0.655801 0.383912 0.618444 0.386052 0.655801 0.383912 0.639398 0.511269 0.638150 0.620022 0.618444 0.386052 0.609496 0.520465 0.592666 0.643627
722 0.651520 0.203710 0.638400 0.384903 0.657558 0.383871 0.619241 0.385936 0.657558 0.383871 0.639801 0.511142 0.637540 0.620254 0.619241 0.385936 0.611505 0.517890 0.592766 0.638958
723 0.652474 0.203421 0.638629 0.384643 0.658235 0.383851 0.619023 0.385434 0.658235 0.383851 0.641404 0.510813 0.637731 0.619996 0.619023 0.385434 0.610950 0.515686 0.593167 0.637504
724 0.653089 0.204725 0.638171 0.384654 0.658139 0.384037 0.618203 0.385271 0.658139 0.384037 0.642308 0.510595 0.638405 0.619790 0.618203 0.385271 0.610294 0.515424 0.593702 0.637157
725 0.652182 0.206702 0.638470 0.385349 0.658767 0.385232 0.618172 0.385467 0.658767 0.385232 0.642736 0.510558 0.638375 0.619673 0.618172 0.385467 0.609877 0.515056 0.593957 0.636865
726 0.650794 0.208581 0.638325 0.385117 0.658850 0.385176 0.617800 0.385058 0.658850 0.385176 0.642902 0.510575 0.638169 0.619224 0.617800 0.385058 0.609596 0.515037 0.594775 0.636188
727 0.650328 0.208494 0.638006 0.385369 0.658443 0.385657 0.617570 0.385080 0.658443 0.385657 0.642883 0.510973 0.637853 0.619120 0.617570 0.385080 0.608350 0.515322 0.594844 0.636307
728 0.649825 0.208151 0.638106 0.385769 0.658741 0.386194 0.617471 0.385344 0.658741 0.386194 0.643278 0.511461 0.638066 0.618811 0.617471 0.385344 0.607593 0.515460 0.595296 0.636412
729 0.647958 0.208804 0.637728 0.387564 0.658738 0.388586 0.616719 0.386542 0.658738 0.388586 0.643323 0.513652 0.638391 0.618727 0.616719 0.386542 0.606441 0.516209 0.595398 0.636690
730 0.646475 0.209114 0.637056 0.388029 0.658484 0.388897 0.615628 0.387161 0.658484 0.388897 0.643219 0.514798 0.638189 0.618625 0.615628 0.387161 0.605094 0.516451 0.595325 0.636991
731 0.645290 0.209212 0.636723 0.389499 0.658100 0.390107 0.615347 0.388890 0.658100 0.390107 0.643089 0.516036 0.638085 0.618389 0.615347 0.388890 0.604807 0.516806 0.595299 0.637048
732 0.644980 0.207372 0.636584 0.389382 0.657837 0.389913 0.615331 0.388850 0.657837 0.389913 0.643101 0.515842 0.638084 0.618257 0.615331 0.388850 0.604779 0.517100 0.595606 0.637389
733 0.644351 0.207131 0.635820 0.391586 0.657373 0.392467 0.614267 0.390705 0.657373 0.392467 0.643040 0.518609 0.638009 0.618681 0.614267 0.390705 0.603547 0.520181 0.595561 0.637594
734 0.643899 0.205551 0.635233 0.391821 0.656916 0.392614 0.613551 0.391028 0.656916 0.392614 0.642984 0.519213 0.637971 0.618990 0.613551 0.391028 0.602651 0.521174 0.595517 0.637960
735 0.643018 0.204470 0.634500 0.392737 0.656298 0.393397 0.612702 0.392077 0.656298 0.393397 0.642947 0.520580 0.637943 0.619643 0.612702 0.392077 0.602291 0.522283 0.595483 0.638184
736 0.641959 0.204425 0.633451 0.392794 0.655232 0.393441 0.611670 0.392147 0.655232 0.393441 0.642952 0.520936 0.637891 0.620035 0.611670 0.392147 0.601761 0.522288 0.595032 0.638159
737 0.641399 0.204147 0.633231 0.393511 0.654996 0.394046 0.611465 0.392976 0.654996 0.394046 0.643159 0.521619 0.637868 0.620199 0.611465 0.392976 0.601457 0.522557 0.594940 0.638185
738 0.641293 0.203038 0.633134 0.393443 0.654976 0.393889 0.611292 0.392997 0.654976 0.393889 0.643577 0.521326 0.637838 0.620275 0.611292 0.392997 0.601326 0.522571 0.594919 0.638316
739 0.640552 0.203031 0.633128 0.393197 0.654980 0.393452 0.611276 0.392942 0.654980 0.393452 0.645026 0.521111 0.637852 0.620359 0.611276 0.392942 0.601104 0.522948 0.594903 0.638403
740 0.640173 0.204164 0.633194 0.393331 0.655097 0.393480 0.611291 0.393181 0.655097 0.393480 0.648314 0.519340 0.637936 0.619639 0.611291 0.393181 0.601088 0.522914 0.594898 0.638001
741 0.639800 0.204926 0.633953 0.393806 0.655709 0.393833 0.612196 0.393779 0.655709 0.393833 0.652385 0.518762 0.638466 0.617983 0.612196 0.393779 0.601549 0.521589 0.595058 0.637664
742 0.639283 0.205519 0.634896 0.393761 0.656391 0.393788 0.613401 0.393734 0.656391 0.393788 0.655502 0.518847 0.639217 0.617783 0.613401 0.393734 0.601939 0.520412 0.595113 0.637510
743 0.639941 0.206583 0.636261 0.393901 0.657475 0.393741 0.615046 0.394061 0.657475 0.393741 0.658258 0.519405 0.643523 0.618426 0.615046 0.394061 0.602636 0.519974 0.595011 0.637109
744 0.641196 0.207598 0.636657 0.394663 0.657509 0.394112 0.615805 0.395213 0.657509 0.394112 0.660732 0.519297 0.651098 0.621421 0.615805 0.395213 0.603797 0.518821 0.594749 0.635386
745 0.642182 0.209444 0.637244 0.395070 0.657834 0.394087 0.616654 0.396053 0.657834 0.394087 0.665007 0.517653 0.659463 0.625842 0.616654 0.396053 0.604071 0.518716 0.594454 0.635229
746 0.644380 0.212236 0.637490 0.399871 0.658028 0.396594 0.616953 0.403149 0.658028 0.396594 0.666834 0.517994 0.665977 0.628328 0.616953 0.403149 0.603909 0.521641 0.593615 0.635276
747 0.649380 0.212705 0.638084 0.399986 0.658440 0.396668 0.617728 0.403305 0.658440 0.396668 0.669801 0.518895 0.676128 0.635031 0.617728 0.403305 0.606377 0.521916 0.593393 0.635269
748 0.653753 0.211242 0.640922 0.399683 0.659180 0.396713 0.622664 0.402653 0.659180 0.396713 0.673642 0.519536 0.689496 0.637420 0.622664 0.402653 0.608740 0.525706 0.592637 0.636041
749 0.658284 0.210940 0.644673 0.399772 0.659974 0.397199 0.629372 0.402344 0.659974 0.397199 0.677525 0.519598 0.696771 0.638813 0.629372 0.402344 0.613928 0.525439 0.592584 0.635768
750 0.663444 0.210850 0.648332 0.399299 0.659954 0.396527 0.636711 0.402071 0.659954 0.396527 0.676698 0.518795 0.699288 0.639570 0.636711 0.402071 0.618390 0.525533 0.592927 0.635762
751 0.671919 0.208269 0.651472 0.397765 0.655019 0.393744 0.647926 0.401787 0.655019 0.393744 0.638907 0.516087 0.601986 0.638211 0.647926 0.401787 0.671037 0.528028 0.697457 0.640953
752 0.677761 0.209118 0.656376 0.399168 0.656657 0.394913 0.656094 0.403423 0.656657 0.394913 0.638184 0.518715 0.596338 0.630172 0.656094 0.403423 0.679634 0.529868 0.706998 0.646575
753 0.685109 0.211993 0.662513 0.404330 0.661395 0.400770 0.663631 0.407890 0.661395 0.400770 0.635176 0.524792 0.594619 0.630179 0.663631 0.407890 0.689349 0.528888 0.708757 0.650382
754 0.694628 0.212192 0.670796 0.408686 0.667581 0.405566 0.674010 0.411805 0.667581 0.405566 0.635163 0.527455 0.595073 0.630269 0.674010 0.411805 0.697719 0.528929 0.710487 0.655766
755 0.703683 0.212001 0.679701 0.411373 0.678433 0.408641 0.680968 0.414105 0.678433 0.408641 0.638106 0.528496 0.597937 0.627341 0.680968 0.414105 0.705137 0.529842 0.712499 0.656541
756 0.714068 0.212749 0.687607 0.415171 0.689966 0.413390 0.685248 0.416953 0.689966 0.413390 0.692502 0.527852 0.607099 0.624082 0.685248 0.416953 0.691017 0.531243 0.701980 0.656000
757 0.723212 0.212680 0.698410 0.414595 0.701049 0.412060 0.695771 0.417129 0.701049 0.412060 0.706540 0.527478 0.712168 0.651300 0.695771 0.417129 0.680413 0.533359 0.615693 0.627583
758 0.732845 0.212071 0.707013 0.413475 0.708288 0.410832 0.705739 0.416117 0.708288 0.410832 0.707610 0.529814 0.690664 0.648149 0.705739 0.416117 0.693851 0.537224 0.618171 0.619773
759 0.741123 0.210982 0.716829 0.413712 0.718276 0.410783 0.715381 0.416641 0.718276 0.410783 0.720985 0.534758 0.712311 0.651916 0.715381 0.416641 0.707819 0.542213 0.629142 0.617043
760 0.748797 0.207290 0.723079 0.413286 0.724941 0.410228 0.721217 0.416344 0.724941 0.410228 0.727893 0.536483 0.710956 0.652563 0.721217 0.416344 0.716995 0.545432 0.635032 0.619841
761 0.756704 0.205039 0.731606 0.413035 0.734829 0.409857 0.728384 0.416214 0.734829 0.409857 0.735776 0.536353 0.708408 0.650300 0.728384 0.416214 0.725688 0.547646 0.657086 0.621468
762 0.763797 0.204743 0.739276 0.413703 0.740863 0.410670 0.737688 0.416736 0.740863 0.410670 0.737078 0.543622 0.704266 0.650949 0.737688 0.416736 0.736645 0.557612 0.678999 0.641191
763 0.772302 0.204824 0.748214 0.414241 0.749064 0.411245 0.747363 0.417237 0.749064 0.411245 0.748601 0.541923 0.712310 0.647854 0.747363 0.417237 0.747825 0.553638 0.711876 0.656572
764 0.779910 0.203406 0.754265 0.412382 0.753790 0.411096 0.754740 0.413668 0.753790 0.411096 0.749750 0.541037 0.720651 0.657012 0.754740 0.413668 0.762371 0.551631 0.730618 0.673777
765 0.788947 0.203673 0.762493 0.410701 0.761957 0.410415 0.763029 0.410987 0.761957 0.410415 0.747339 0.540659 0.718070 0.654541 0.763029 0.410987 0.779823 0.551087 0.755253 0.689548
766 0.797839 0.204008 0.769884 0.410733 0.767510 0.410311 0.772258 0.411156 0.767510 0.410311 0.745952 0.540256 0.716103 0.655712 0.772258 0.411156 0.790198 0.555177 0.787915 0.705967
767 0.806142 0.207462 0.777495 0.415942 0.774173 0.414219 0.780816 0.417666 0.774173 0.414219 0.750705 0.539490 0.715390 0.654652 0.780816 0.417666 0.799127 0.556827 0.817451 0.708066
768 0.815844 0.210883 0.787117 0.415438 0.785402 0.413427 0.788833 0.417450 0.785402 0.413427 0.756586 0.539288 0.715640 0.654881 0.788833 0.417450 0.804748 0.555845 0.834878 0.708786
769 0.825917 0.215303 0.796842 0.418411 0.795452 0.415838 0.798233 0.420985 0.795452 0.415838 0.764382 0.539101 0.715936 0.654905 0.798233 0.420985 0.814954 0.560453 0.846646 0.719004
770 0.836015 0.222823 0.806773 0.421302 0.804941 0.418408 0.808604 0.424197 0.804941 0.418408 0.770832 0.539835 0.717981 0.657642 0.808604 0.424197 0.827799 0.565465 0.850318 0.722066
771 0.846758 0.228317 0.820286 0.424397 0.820592 0.422822 0.819981 0.425973 0.820592 0.422822 0.780579 0.543152 0.723235 0.657523 0.819981 0.425973 0.841963 0.580193 0.851725 0.729696
772 0.859010 0.234750 0.835600 0.435885 0.838400 0.436716 0.832799 0.435054 0.838400 0.436716 0.794676 0.547840 0.729034 0.656624 0.832799 0.435054 0.850731 0.588862 0.853518 0.734079
773 0.868805 0.235206 0.848199 0.445592 0.850697 0.444844 0.845701 0.446339 0.850697 0.444844 0.809559 0.556392 0.738725 0.649038 0.845701 0.446339 0.858063 0.592516 0.854805 0.738121
774 0.880071 0.236633 0.859061 0.447087 0.863544 0.446597 0.854578 0.447576 0.863544 0.446597 0.848090 0.569666 0.756195 0.635726 0.854578 0.447576 0.862911 0.591060 0.855670 0.737071
775 0.890628 0.236460 0.870897 0.449066 0.876388 0.448596 0.865407 0.449536 0.876388 0.448596 0.868485 0.581079 0.816559 0.683497 0.865407 0.449536 0.871889 0.592958 0.854601 0.734871
776 0.900733 0.237969 0.879237 0.453055 0.884447 0.451136 0.874028 0.454974 0.884447 0.451136 0.873859 0.583084 0.796667 0.646040 0.874028 0.454974 0.881369 0.598015 0.854822 0.737812
777 0.910743 0.241627 0.887151 0.457681 0.891075 0.454269 0.883227 0.461092 0.891075 0.454269 0.879356 0.581524 0.819594 0.647748 0.883227 0.461092 0.891788 0.602744 0.850123 0.733646
778 -1 -1 -1 -1 -1 -1 -1 -1 -1 -1 -1 -1 -1 -1 -1 -1 -1 -1 -1 -1
779 -1 -1 -1 -1 -1 -1 -1 -1 -1 -1 -1 -1 -1 -1 -1 -1 -1 -1 -1 -1
780 -1 -1 -1 -1 -1 -1 -1 -1 -1 -1 -1 -1 -1 -1 -1 -1 -1 -1 -1 -1
781 -1 -1 -1 -1 -1 -1 -1 -1 -1 -1 -1 -1 -1 -1 -1 -1 -1 -1 -1 -1
782 -1 -1 -1 -1 -1 -1 -1 -1 -1 -1 -1 -1 -1 -1 -1 -1 -1 -1 -1 -1
783 -1 -1 -1 -1 -1 -1 -1 -1 -1 -1 -1 -1 -1 -1 -1 -1 -1 -1 -1 -1
784 -1 -1 -1 -1 -1 -1 -1 -1 -1 -1 -1 -1 -1 -1 -1 -1 -1 -1 -1 -1
785 0.999139 0.292234 0.970111 0.503502 0.983912 0.507308 0.956310 0.499696 0.983912 0.507308 0.999160 0.626029 0.999820 0.759198 0.956310 0.499696 0.926867 0.627479 0.867662 0.745705
786 -1 -1 -1 -1 -1 -1 -1 -1 -1 -1 -1 -1 -1 -1 -1 -1 -1 -1 -1 -1
787 -1 -1 -1 -1 -1 -1 -1 -1 -1 -1 -1 -1 -1 -1 -1 -1 -1 -1 -1 -1
788 -1 -1 -1 -1 -1 -1 -1 -1 -1 -1 -1 -1 -1 -1 -1 -1 -1 -1 -1 -1
789 -1 -1 -1 -1 -1 -1 -1 -1 -1 -1 -1 -1 -1 -1 -1 -1 -1 -1 -1 -1
790 -1 -1 -1 -1 -1 -1 -1 -1 -1 -1 -1 -1 -1 -1 -1 -1 -1 -1 -1 -1
791 -1 -1 -1 -1 -1 -1 -1 -1 -1 -1 -1 -1 -1 -1 -1 -1 -1 -1 -1 -1
792 -1 -1 -1 -1 -1 -1 -1 -1 -1 -1 -1 -1 -1 -1 -1 -1 -1 -1 -1 -1
793 -1 -1 -1 -1 -1 -1 -1 -1 -1 -1 -1 -1 -1 -1 -1 -1 -1 -1 -1 -1
794 -1 -1 -1 -1 -1 -1 -1 -1 -1 -1 -1 -1 -1 -1 -1 -1 -1 -1 -1 -1
795 -1 -1 -1 -1 -1 -1 -1 -1 -1 -1 -1 -1 -1 -1 -1 -1 -1 -1 -1 -1
796 -1 -1 -1 -1 -1 -1 -1 -1 -1 -1 -1 -1 -1 -1 -1 -1 -1 -1 -1 -1
797 -1 -1 -1 -1 -1 -1 -1 -1 -1 -1 -1 -1 -1 -1 -1 -1 -1 -1 -1 -1
798 -1 -1 -1 -1 -1 -1 -1 -1 -1 -1 -1 -1 -1 -1 -1 -1 -1 -1 -1 -1
799 -1 -1 -1 -1 -1 -1 -1 -1 -1 -1 -1 -1 -1 -1 -1 -1 -1 -1 -1 -1
800 -1 -1 -1 -1 -1 -1 -1 -1 -1 -1 -1 -1 -1 -1 -1 -1 -1 -1 -1 -1
801 -1 -1 -1 -1 -1 -1 -1 -1 -1 -1 -1 -1 -1 -1 -1 -1 -1 -1 -1 -1
802 -1 -1 -1 -1 -1 -1 -1 -1 -1 -1 -1 -1 -1 -1 -1 -1 -1 -1 -1 -1
803 -1 -1 -1 -1 -1 -1 -1 -1 -1 -1 -1 -1 -1 -1 -1 -1 -1 -1 -1 -1
804 -1 -1 -1 -1 -1 -1 -1 -1 -1 -1 -1 -1 -1 -1 -1 -1 -1 -1 -1 -1
805 -1 -1 -1 -1 -1 -1 -1 -1 -1 -1 -1 -1 -1 -1 -1 -1 -1 -1 -1 -1
806 -1 -1 -1 -1 -1 -1 -1 -1 -1 -1 -1 -1 -1 -1 -1 -1 -1 -1 -1 -1
807 -1 -1 -1 -1 -1 -1 -1 -1 -1 -1 -1 -1 -1 -1 -1 -1 -1 -1 -1 -1
808 -1 -1 -1 -1 -1 -1 -1 -1 -1 -1 -1 -1 -1 -1 -1 -1 -1 -1 -1 -1
809 -1 -1 -1 -1 -1 -1 -1 -1 -1 -1 -1 -1 -1 -1 -1 -1 -1 -1 -1 -1
810 -1 -1 -1 -1 -1 -1 -1 -1 -1 -1 -1 -1 -1 -1 -1 -1 -1 -1 -1 -1
