0
0
0 -1 -1 -1 -1 -1 -1 -1 -1 -1 -1 -1 -1 -1 -1 -1 -1 -1 -1 -1 -1
1 -1 -1 -1 -1 -1 -1 -1 -1 -1 -1 -1 -1 -1 -1 -1 -1 -1 -1 -1 -1
2 -1 -1 -1 -1 -1 -1 -1 -1 -1 -1 -1 -1 -1 -1 -1 -1 -1 -1 -1 -1
3 -1 -1 -1 -1 -1 -1 -1 -1 -1 -1 -1 -1 -1 -1 -1 -1 -1 -1 -1 -1
4 -1 -1 -1 -1 -1 -1 -1 -1 -1 -1 -1 -1 -1 -1 -1 -1 -1 -1 -1 -1
5 -1 -1 -1 -1 -1 -1 -1 -1 -1 -1 -1 -1 -1 -1 -1 -1 -1 -1 -1 -1
6 -1 -1 -1 -1 -1 -1 -1 -1 -1 -1 -1 -1 -1 -1 -1 -1 -1 -1 -1 -1
7 -1 -1 -1 -1 -1 -1 -1 -1 -1 -1 -1 -1 -1 -1 -1 -1 -1 -1 -1 -1
8 -1 -1 -1 -1 -1 -1 -1 -1 -1 -1 -1 -1 -1 -1 -1 -1 -1 -1 -1 -1
9 -1 -1 -1 -1 -1 -1 -1 -1 -1 -1 -1 -1 -1 -1 -1 -1 -1 -1 -1 -1
10 -1 -1 -1 -1 -1 -1 -1 -1 -1 -1 -1 -1 -1 -1 -1 -1 -1 -1 -1 -1
11 -1 -1 -1 -1 -1 -1 -1 -1 -1 -1 -1 -1 -1 -1 -1 -1 -1 -1 -1 -1
12 -1 -1 -1 -1 -1 -1 -1 -1 -1 -1 -1 -1 -1 -1 -1 -1 -1 -1 -1 -1
13 -1 -1 -1 -1 -1 -1 -1 -1 -1 -1 -1 -1 -1 -1 -1 -1 -1 -1 -1 -1
14 -1 -1 -1 -1 -1 -1 -1 -1 -1 -1 -1 -1 -1 -1 -1 -1 -1 -1 -1 -1
15 -1 -1 -1 -1 -1 -1 -1 -1 -1 -1 -1 -1 -1 -1 -1 -1 -1 -1 -1 -1
16 -1 -1 -1 -1 -1 -1 -1 -1 -1 -1 -1 -1 -1 -1 -1 -1 -1 -1 -1 -1
17 -1 -1 -1 -1 -1 -1 -1 -1 -1 -1 -1 -1 -1 -1 -1 -1 -1 -1 -1 -1
18 -1 -1 -1 -1 -1 -1 -1 -1 -1 -1 -1 -1 -1 -1 -1 -1 -1 -1 -1 -1
19 -1 -1 -1 -1 -1 -1 -1 -1 -1 -1 -1 -1 -1 -1 -1 -1 -1 -1 -1 -1
20 -1 -1 -1 -1 -1 -1 -1 -1 -1 -1 -1 -1 -1 -1 -1 -1 -1 -1 -1 -1
21 -1 -1 -1 -1 -1 -1 -1 -1 -1 -1 -1 -1 -1 -1 -1 -1 -1 -1 -1 -1
22 -1 -1 -1 -1 -1 -1 -1 -1 -1 -1 -1 -1 -1 -1 -1 -1 -1 -1 -1 -1
23 -1 -1 -1 -1 -1 -1 -1 -1 -1 -1 -1 -1 -1 -1 -1 -1 -1 -1 -1 -1
24 -1 -1 -1 -1 -1 -1 -1 -1 -1 -1 -1 -1 -1 -1 -1 -1 -1 -1 -1 -1
25 -1 -1 -1 -1 -1 -1 -1 -1 -1 -1 -1 -1 -1 -1 -1 -1 -1 -1 -1 -1
26 -1 -1 -1 -1 -1 -1 -1 -1 -1 -1 -1 -1 -1 -1 -1 -1 -1 -1 -1 -1
27 -1 -1 -1 -1 -1 -1 -1 -1 -1 -1 -1 -1 -1 -1 -1 -1 -1 -1 -1 -1
28 -1 -1 -1 -1 -1 -1 -1 -1 -1 -1 -1 -1 -1 -1 -1 -1 -1 -1 -1 -1
29 -1 -1 -1 -1 -1 -1 -1 -1 -1 -1 -1 -1 -1 -1 -1 -1 -1 -1 -1 -1
30 -1 -1 -1 -1 -1 -1 -1 -1 -1 -1 -1 -1 -1 -1 -1 -1 -1 -1 -1 -1
31 -1 -1 -1 -1 -1 -1 -1 -1 -1 -1 -1 -1 -1 -1 -1 -1 -1 -1 -1 -1
32 -1 -1 -1 -1 -1 -1 -1 -1 -1 -1 -1 -1 -1 -1 -1 -1 -1 -1 -1 -1
33 -1 -1 -1 -1 -1 -1 -1 -1 -1 -1 -1 -1 -1 -1 -1 -1 -1 -1 -1 -1
34 -1 -1 -1 -1 -1 -1 -1 -1 -1 -1 -1 -1 -1 -1 -1 -1 -1 -1 -1 -1
35 -1 -1 -1 -1 -1 -1 -1 -1 -1 -1 -1 -1 -1 -1 -1 -1 -1 -1 -1 -1
36 -1 -1 -1 -1 -1 -1 -1 -1 -1 -1 -1 -1 -1 -1 -1 -1 -1 -1 -1 -1
37 -1 -1 -1 -1 -1 -1 -1 -1 -1 -1 -1 -1 -1 -1 -1 -1 -1 -1 -1 -1
38 -1 -1 -1 -1 -1 -1 -1 -1 -1 -1 -1 -1 -1 -1 -1 -1 -1 -1 -1 -1
39 -1 -1 -1 -1 -1 -1 -1 -1 -1 -1 -1 -1 -1 -1 -1 -1 -1 -1 -1 -1
40 -1 -1 -1 -1 -1 -1 -1 -1 -1 -1 -1 -1 -1 -1 -1 -1 -1 -1 -1 -1
41 -1 -1 -1 -1 -1 -1 -1 -1 -1 -1 -1 -1 -1 -1 -1 -1 -1 -1 -1 -1
42 -1 -1 -1 -1 -1 -1 -1 -1 -1 -1 -1 -1 -1 -1 -1 -1 -1 -1 -1 -1
43 -1 -1 -1 -1 -1 -1 -1 -1 -1 -1 -1 -1 -1 -1 -1 -1 -1 -1 -1 -1
44 -1 -1 -1 -1 -1 -1 -1 -1 -1 -1 -1 -1 -1 -1 -1 -1 -1 -1 -1 -1
45 -1 -1 -1 -1 -1 -1 -1 -1 -1 -1 -1 -1 -1 -1 -1 -1 -1 -1 -1 -1
46 -1 -1 -1 -1 -1 -1 -1 -1 -1 -1 -1 -1 -1 -1 -1 -1 -1 -1 -1 -1
47 -1 -1 -1 -1 -1 -1 -1 -1 -1 -1 -1 -1 -1 -1 -1 -1 -1 -1 -1 -1
48 -1 -1 -1 -1 -1 -1 -1 -1 -1 -1 -1 -1 -1 -1 -1 -1 -1 -1 -1 -1
49 -1 -1 -1 -1 -1 -1 -1 -1 -1 -1 -1 -1 -1 -1 -1 -1 -1 -1 -1 -1
50 -1 -1 -1 -1 -1 -1 -1 -1 -1 -1 -1 -1 -1 -1 -1 -1 -1 -1 -1 -1
51 -1 -1 -1 -1 -1 -1 -1 -1 -1 -1 -1 -1 -1 -1 -1 -1 -1 -1 -1 -1
52 -1 -1 -1 -1 -1 -1 -1 -1 -1 -1 -1 -1 -1 -1 -1 -1 -1 -1 -1 -1
53 -1 -1 -1 -1 -1 -1 -1 -1 -1 -1 -1 -1 -1 -1 -1 -1 -1 -1 -1 -1
54 -1 -1 -1 -1 -1 -1 -1 -1 -1 -1 -1 -1 -1 -1 -1 -1 -1 -1 -1 -1
55 -1 -1 -1 -1 -1 -1 -1 -1 -1 -1 -1 -1 -1 -1 -1 -1 -1 -1 -1 -1
56 -1 -1 -1 -1 -1 -1 -1 -1 -1 -1 -1 -1 -1 -1 -1 -1 -1 -1 -1 -1
57 -1 -1 -1 -1 -1 -1 -1 -1 -1 -1 -1 -1 -1 -1 -1 -1 -1 -1 -1 -1
58 -1 -1 -1 -1 -1 -1 -1 -1 -1 -1 -1 -1 -1 -1 -1 -1 -1 -1 -1 -1
59 -1 -1 -1 -1 -1 -1 -1 -1 -1 -1 -1 -1 -1 -1 -1 -1 -1 -1 -1 -1
60 -1 -1 -1 -1 -1 -1 -1 -1 -1 -1 -1 -1 -1 -1 -1 -1 -1 -1 -1 -1
61 -1 -1 -1 -1 -1 -1 -1 -1 -1 -1 -1 -1 -1 -1 -1 -1 -1 -1 -1 -1
62 -1 -1 -1 -1 -1 -1 -1 -1 -1 -1 -1 -1 -1 -1 -1 -1 -1 -1 -1 -1
63 -1 -1 -1 -1 -1 -1 -1 -1 -1 -1 -1 -1 -1 -1 -1 -1 -1 -1 -1 -1
64 -1 -1 -1 -1 -1 -1 -1 -1 -1 -1 -1 -1 -1 -1 -1 -1 -1 -1 -1 -1
65 -1 -1 -1 -1 -1 -1 -1 -1 -1 -1 -1 -1 -1 -1 -1 -1 -1 -1 -1 -1
66 -1 -1 -1 -1 -1 -1 -1 -1 -1 -1 -1 -1 -1 -1 -1 -1 -1 -1 -1 -1
67 -1 -1 -1 -1 -1 -1 -1 -1 -1 -1 -1 -1 -1 -1 -1 -1 -1 -1 -1 -1
68 -1 -1 -1 -1 -1 -1 -1 -1 -1 -1 -1 -1 -1 -1 -1 -1 -1 -1 -1 -1
69 -1 -1 -1 -1 -1 -1 -1 -1 -1 -1 -1 -1 -1 -1 -1 -1 -1 -1 -1 -1
70 -1 -1 -1 -1 -1 -1 -1 -1 -1 -1 -1 -1 -1 -1 -1 -1 -1 -1 -1 -1
71 -1 -1 -1 -1 -1 -1 -1 -1 -1 -1 -1 -1 -1 -1 -1 -1 -1 -1 -1 -1
72 -1 -1 -1 -1 -1 -1 -1 -1 -1 -1 -1 -1 -1 -1 -1 -1 -1 -1 -1 -1
73 -1 -1 -1 -1 -1 -1 -1 -1 -1 -1 -1 -1 -1 -1 -1 -1 -1 -1 -1 -1
74 -1 -1 -1 -1 -1 -1 -1 -1 -1 -1 -1 -1 -1 -1 -1 -1 -1 -1 -1 -1
75 -1 -1 -1 -1 -1 -1 -1 -1 -1 -1 -1 -1 -1 -1 -1 -1 -1 -1 -1 -1
76 -1 -1 -1 -1 -1 -1 -1 -1 -1 -1 -1 -1 -1 -1 -1 -1 -1 -1 -1 -1
77 -1 -1 -1 -1 -1 -1 -1 -1 -1 -1 -1 -1 -1 -1 -1 -1 -1 -1 -1 -1
78 -1 -1 -1 -1 -1 -1 -1 -1 -1 -1 -1 -1 -1 -1 -1 -1 -1 -1 -1 -1
79 -1 -1 -1 -1 -1 -1 -1 -1 -1 -1 -1 -1 -1 -1 -1 -1 -1 -1 -1 -1
80 -1 -1 -1 -1 -1 -1 -1 -1 -1 -1 -1 -1 -1 -1 -1 -1 -1 -1 -1 -1
81 -1 -1 -1 -1 -1 -1 -1 -1 -1 -1 -1 -1 -1 -1 -1 -1 -1 -1 -1 -1
82 -1 -1 -1 -1 -1 -1 -1 -1 -1 -1 -1 -1 -1 -1 -1 -1 -1 -1 -1 -1
83 -1 -1 -1 -1 -1 -1 -1 -1 -1 -1 -1 -1 -1 -1 -1 -1 -1 -1 -1 -1
84 -1 -1 -1 -1 -1 -1 -1 -1 -1 -1 -1 -1 -1 -1 -1 -1 -1 -1 -1 -1
85 -1 -1 -1 -1 -1 -1 -1 -1 -1 -1 -1 -1 -1 -1 -1 -1 -1 -1 -1 -1
86 -1 -1 -1 -1 -1 -1 -1 -1 -1 -1 -1 -1 -1 -1 -1 -1 -1 -1 -1 -1
87 -1 -1 -1 -1 -1 -1 -1 -1 -1 -1 -1 -1 -1 -1 -1 -1 -1 -1 -1 -1
88 -1 -1 -1 -1 -1 -1 -1 -1 -1 -1 -1 -1 -1 -1 -1 -1 -1 -1 -1 -1
89 -1 -1 -1 -1 -1 -1 -1 -1 -1 -1 -1 -1 -1 -1 -1 -1 -1 -1 -1 -1
90 -1 -1 -1 -1 -1 -1 -1 -1 -1 -1 -1 -1 -1 -1 -1 -1 -1 -1 -1 -1
91 -1 -1 -1 -1 -1 -1 -1 -1 -1 -1 -1 -1 -1 -1 -1 -1 -1 -1 -1 -1
92 -1 -1 -1 -1 -1 -1 -1 -1 -1 -1 -1 -1 -1 -1 -1 -1 -1 -1 -1 -1
93 -1 -1 -1 -1 -1 -1 -1 -1 -1 -1 -1 -1 -1 -1 -1 -1 -1 -1 -1 -1
94 -1 -1 -1 -1 -1 -1 -1 -1 -1 -1 -1 -1 -1 -1 -1 -1 -1 -1 -1 -1
95 -1 -1 -1 -1 -1 -1 -1 -1 -1 -1 -1 -1 -1 -1 -1 -1 -1 -1 -1 -1
96 -1 -1 -1 -1 -1 -1 -1 -1 -1 -1 -1 -1 -1 -1 -1 -1 -1 -1 -1 -1
97 -1 -1 -1 -1 -1 -1 -1 -1 -1 -1 -1 -1 -1 -1 -1 -1 -1 -1 -1 -1
98 -1 -1 -1 -1 -1 -1 -1 -1 -1 -1 -1 -1 -1 -1 -1 -1 -1 -1 -1 -1
99 -1 -1 -1 -1 -1 -1 -1 -1 -1 -1 -1 -1 -1 -1 -1 -1 -1 -1 -1 -1
100 -1 -1 -1 -1 -1 -1 -1 -1 -1 -1 -1 -1 -1 -1 -1 -1 -1 -1 -1 -1
101 -1 -1 -1 -1 -1 -1 -1 -1 -1 -1 -1 -1 -1 -1 -1 -1 -1 -1 -1 -1
102 -1 -1 -1 -1 -1 -1 -1 -1 -1 -1 -1 -1 -1 -1 -1 -1 -1 -1 -1 -1
103 0.559158 0.233979 0.555931 0.432468 0.545825 0.437660 0.566037 0.427277 0.545825 0.437660 0.541463 0.560438 0.538459 0.696169 0.566037 0.427277 0.567804 0.552384 0.587238 0.691352
104 0.552042 0.233989 0.549615 0.428457 0.540377 0.434197 0.558853 0.422717 0.540377 0.434197 0.530823 0.561710 0.535598 0.695178 0.558853 0.422717 0.562874 0.548209 0.598768 0.678513
105 0.546301 0.233890 0.543900 0.428320 0.535799 0.433373 0.552001 0.423267 0.535799 0.433373 0.525533 0.562465 0.536508 0.695409 0.552001 0.423267 0.554519 0.548285 0.594558 0.673234
106 0.540674 0.233491 0.538885 0.428819 0.530373 0.434228 0.547398 0.423411 0.530373 0.434228 0.524054 0.562904 0.536039 0.695511 0.547398 0.423411 0.548944 0.548596 0.584928 0.670361
107 0.535425 0.233776 0.532937 0.427744 0.523221 0.432681 0.542653 0.422807 0.523221 0.432681 0.518951 0.561857 0.533626 0.691819 0.542653 0.422807 0.550178 0.543893 0.575438 0.644514
108 0.528391 0.232867 0.527263 0.419476 0.517287 0.423860 0.537239 0.415092 0.517287 0.423860 0.515048 0.553791 0.534726 0.690548 0.537239 0.415092 0.534404 0.531672 0.552840 0.645844
109 -1 -1 -1 -1 -1 -1 -1 -1 -1 -1 -1 -1 -1 -1 -1 -1 -1 -1 -1 -1
110 -1 -1 -1 -1 -1 -1 -1 -1 -1 -1 -1 -1 -1 -1 -1 -1 -1 -1 -1 -1
111 -1 -1 -1 -1 -1 -1 -1 -1 -1 -1 -1 -1 -1 -1 -1 -1 -1 -1 -1 -1
112 -1 -1 -1 -1 -1 -1 -1 -1 -1 -1 -1 -1 -1 -1 -1 -1 -1 -1 -1 -1
113 -1 -1 -1 -1 -1 -1 -1 -1 -1 -1 -1 -1 -1 -1 -1 -1 -1 -1 -1 -1
114 -1 -1 -1 -1 -1 -1 -1 -1 -1 -1 -1 -1 -1 -1 -1 -1 -1 -1 -1 -1
115 -1 -1 -1 -1 -1 -1 -1 -1 -1 -1 -1 -1 -1 -1 -1 -1 -1 -1 -1 -1
116 -1 -1 -1 -1 -1 -1 -1 -1 -1 -1 -1 -1 -1 -1 -1 -1 -1 -1 -1 -1
117 0.481968 0.222803 0.485594 0.402607 0.477329 0.408801 0.493858 0.396413 0.477329 0.408801 0.494703 0.539157 0.530520 0.683651 0.493858 0.396413 0.475054 0.509969 0.462314 0.619240
118 0.477711 0.219201 0.479223 0.399164 0.473507 0.403550 0.484939 0.394778 0.473507 0.403550 0.488084 0.535619 0.528617 0.682352 0.484939 0.394778 0.470173 0.508168 0.464542 0.614959
119 0.471808 0.216645 0.473276 0.399674 0.467387 0.404048 0.479166 0.395301 0.467387 0.404048 0.479320 0.536425 0.524029 0.679976 0.479166 0.395301 0.464923 0.509015 0.464077 0.613141
120 0.465501 0.211663 0.466441 0.400350 0.459789 0.404984 0.473093 0.395715 0.459789 0.404984 0.471446 0.536999 0.520991 0.673966 0.473093 0.395715 0.461626 0.510491 0.465251 0.614817
121 0.461668 0.206753 0.460293 0.399922 0.457613 0.403849 0.462972 0.395995 0.457613 0.403849 0.459395 0.533760 0.508476 0.653593 0.462972 0.395995 0.453382 0.510759 0.466798 0.615772
122 0.455604 0.202056 0.457245 0.395159 0.459597 0.398484 0.454893 0.391834 0.459597 0.398484 0.450120 0.531072 0.497717 0.643242 0.454893 0.391834 0.445683 0.509736 0.468241 0.615872
123 0.452459 0.198019 0.455658 0.395422 0.457381 0.398469 0.453936 0.392376 0.457381 0.398469 0.442629 0.528723 0.481357 0.634567 0.453936 0.392376 0.442504 0.512424 0.470210 0.619766
124 -1 -1 -1 -1 -1 -1 -1 -1 -1 -1 -1 -1 -1 -1 -1 -1 -1 -1 -1 -1
125 -1 -1 -1 -1 -1 -1 -1 -1 -1 -1 -1 -1 -1 -1 -1 -1 -1 -1 -1 -1
126 -1 -1 -1 -1 -1 -1 -1 -1 -1 -1 -1 -1 -1 -1 -1 -1 -1 -1 -1 -1
127 -1 -1 -1 -1 -1 -1 -1 -1 -1 -1 -1 -1 -1 -1 -1 -1 -1 -1 -1 -1
128 0.435570 0.195061 0.435317 0.395886 0.434788 0.398460 0.435846 0.393311 0.434788 0.398460 0.410247 0.518442 0.442151 0.636347 0.435846 0.393311 0.445437 0.511041 0.450205 0.622474
129 0.428616 0.193837 0.431254 0.393873 0.430005 0.395809 0.432504 0.391937 0.430005 0.395809 0.411468 0.514004 0.431089 0.633754 0.432504 0.391937 0.440493 0.507227 0.444305 0.623063
130 0.423553 0.193938 0.427982 0.392755 0.425386 0.394589 0.430579 0.390921 0.425386 0.394589 0.413075 0.510313 0.421357 0.628403 0.430579 0.390921 0.439728 0.505044 0.443709 0.623735
131 0.418410 0.194039 0.423951 0.391500 0.424212 0.393612 0.423690 0.389388 0.424212 0.393612 0.417534 0.503775 0.437411 0.618646 0.423690 0.389388 0.423032 0.505479 0.424953 0.620247
132 0.412208 0.194639 0.419925 0.391323 0.414458 0.393753 0.425392 0.388893 0.414458 0.393753 0.401510 0.499224 0.390809 0.604309 0.425392 0.388893 0.430515 0.498373 0.442090 0.613319
133 0.406450 0.196231 0.415902 0.391111 0.407622 0.394081 0.424183 0.388141 0.407622 0.394081 0.393699 0.500531 0.389320 0.603379 0.424183 0.388141 0.434410 0.498198 0.450453 0.613030
134 0.396935 0.196802 0.411221 0.388509 0.398861 0.392469 0.423580 0.384549 0.398861 0.392469 0.385387 0.500769 0.386362 0.603407 0.423580 0.384549 0.435937 0.495604 0.454533 0.610432
135 0.390444 0.196519 0.406575 0.385035 0.392507 0.389407 0.420643 0.380662 0.392507 0.389407 0.380891 0.499933 0.385839 0.603969 0.420643 0.380662 0.435404 0.494049 0.456086 0.608255
136 0.381582 0.195245 0.399729 0.383204 0.383813 0.388256 0.415645 0.378153 0.383813 0.388256 0.377353 0.497728 0.383928 0.603466 0.415645 0.378153 0.429975 0.491708 0.456232 0.606620
137 0.372808 0.193864 0.391554 0.379547 0.376499 0.384599 0.406609 0.374495 0.376499 0.384599 0.372014 0.498065 0.384368 0.602703 0.406609 0.374495 0.418820 0.488515 0.454877 0.605315
138 0.367738 0.192408 0.385148 0.376049 0.375809 0.380592 0.394486 0.371505 0.375809 0.380592 0.371107 0.496687 0.387400 0.599416 0.394486 0.371505 0.402904 0.480424 0.447850 0.590295
139 0.360925 0.190763 0.381017 0.370808 0.372207 0.375448 0.389828 0.366167 0.372207 0.375448 0.370638 0.493807 0.385789 0.598227 0.389828 0.366167 0.395091 0.471214 0.439994 0.575913
140 0.356695 0.190061 0.377558 0.367082 0.369353 0.371572 0.385762 0.362592 0.369353 0.371572 0.367425 0.490157 0.384513 0.598850 0.385762 0.362592 0.387030 0.467071 0.427220 0.564210
141 0.351950 0.188244 0.372882 0.364540 0.362286 0.369193 0.383478 0.359887 0.362286 0.369193 0.364337 0.487838 0.384105 0.598782 0.383478 0.359887 0.388927 0.462765 0.412564 0.555752
142 0.348374 0.186728 0.367556 0.359831 0.358191 0.363387 0.376920 0.356276 0.358191 0.363387 0.362108 0.476441 0.386472 0.592758 0.376920 0.356276 0.371607 0.449511 0.399593 0.550170
143 0.344611 0.186778 0.360817 0.361327 0.347882 0.365602 0.373752 0.357052 0.347882 0.365602 0.360428 0.477197 0.386117 0.593123 0.373752 0.357052 0.360274 0.432849 0.378815 0.512421
144 0.340561 0.186170 0.357494 0.359972 0.343779 0.365262 0.371209 0.354682 0.343779 0.365262 0.359146 0.476213 0.382376 0.591284 0.371209 0.354682 0.356699 0.443578 0.375716 0.528754
145 0.337175 0.186115 0.353577 0.355714 0.339292 0.361544 0.367862 0.349883 0.339292 0.361544 0.353291 0.467400 0.378266 0.586929 0.367862 0.349883 0.351579 0.442751 0.355035 0.544083
146 0.332851 0.186416 0.349458 0.356431 0.337177 0.362031 0.361739 0.350832 0.337177 0.362031 0.353362 0.472170 0.380892 0.587443 0.361739 0.350832 0.339304 0.445717 0.330849 0.545027
147 0.326803 0.187389 0.343885 0.357215 0.332052 0.362876 0.355718 0.351554 0.332052 0.362876 0.350542 0.474419 0.382259 0.589377 0.355718 0.351554 0.332292 0.444936 0.320200 0.540594
148 0.322174 0.187818 0.339663 0.357587 0.326829 0.363218 0.352496 0.351956 0.326829 0.363218 0.347082 0.475383 0.383050 0.590126 0.352496 0.351956 0.331026 0.443417 0.318734 0.536200
149 0.317389 0.190383 0.334691 0.358204 0.321523 0.363755 0.347859 0.352653 0.321523 0.363755 0.344606 0.475544 0.383364 0.590354 0.347859 0.352653 0.327008 0.445454 0.315407 0.536695
150 0.313260 0.191360 0.328812 0.358086 0.316415 0.362921 0.341210 0.353251 0.316415 0.362921 0.339104 0.474356 0.381504 0.591023 0.341210 0.353251 0.326498 0.447934 0.313457 0.538797
151 0.309478 0.189559 0.323135 0.353725 0.311947 0.357250 0.334323 0.350199 0.311947 0.357250 0.331030 0.467548 0.377480 0.586639 0.334323 0.350199 0.318544 0.446893 0.312991 0.538460
152 0.303820 0.185442 0.318615 0.346992 0.303817 0.351256 0.333414 0.342728 0.303817 0.351256 0.323045 0.466263 0.372348 0.582378 0.333414 0.342728 0.317507 0.452945 0.308758 0.546403
153 0.299970 0.181909 0.315499 0.338081 0.299280 0.341921 0.331719 0.334240 0.299280 0.341921 0.313915 0.457267 0.364650 0.570878 0.331719 0.334240 0.311439 0.452910 0.307643 0.544968
154 0.295310 0.179487 0.308438 0.340301 0.291953 0.343814 0.324924 0.336789 0.291953 0.343814 0.304419 0.460240 0.356023 0.568094 0.324924 0.336789 0.303338 0.455586 0.306601 0.546243
155 0.290589 0.177513 0.302431 0.339631 0.288790 0.341744 0.316072 0.337519 0.288790 0.341744 0.295755 0.456235 0.340724 0.563212 0.316072 0.337519 0.298561 0.456788 0.314427 0.568335
156 0.286962 0.175234 0.300588 0.340235 0.283599 0.344320 0.317576 0.336150 0.283599 0.344320 0.285658 0.458190 0.327161 0.553820 0.317576 0.336150 0.299105 0.451856 0.312473 0.567421
157 0.284609 0.173903 0.296758 0.339550 0.281079 0.344065 0.312437 0.335035 0.281079 0.344065 0.277287 0.455561 0.312861 0.554011 0.312437 0.335035 0.297890 0.446344 0.307566 0.558960
158 0.282276 0.172680 0.294109 0.340328 0.277902 0.344515 0.310316 0.336141 0.277902 0.344515 0.273567 0.455759 0.301687 0.556534 0.310316 0.336141 0.298925 0.445739 0.307131 0.557986
159 0.279484 0.170342 0.289210 0.338829 0.272485 0.342859 0.305934 0.334800 0.272485 0.342859 0.268635 0.452505 0.288873 0.558871 0.305934 0.334800 0.298872 0.445549 0.306161 0.557904
160 0.277197 0.168664 0.286731 0.337959 0.269255 0.342095 0.304208 0.333822 0.269255 0.342095 0.269809 0.453324 0.281144 0.560109 0.304208 0.333822 0.299646 0.445695 0.302888 0.560611
161 0.274677 0.168610 0.282810 0.338472 0.265104 0.343024 0.300516 0.333920 0.265104 0.343024 0.264356 0.449712 0.269779 0.558396 0.300516 0.333920 0.295398 0.445999 0.300661 0.560440
162 0.272996 0.168057 0.279385 0.338933 0.262806 0.343627 0.295964 0.334239 0.262806 0.343627 0.262045 0.450613 0.264236 0.559595 0.295964 0.334239 0.295466 0.449527 0.299651 0.561846
163 0.270228 0.167985 0.273309 0.337255 0.257123 0.340900 0.289495 0.333610 0.257123 0.340900 0.262953 0.438642 0.261833 0.550506 0.289495 0.333610 0.294737 0.447612 0.302178 0.563704
164 0.267638 0.167646 0.267831 0.333529 0.249737 0.336265 0.285925 0.330793 0.249737 0.336265 0.256569 0.431014 0.249454 0.535327 0.285925 0.330793 0.292403 0.443834 0.301939 0.564574
165 0.263848 0.167402 0.263577 0.330306 0.247521 0.332381 0.279633 0.328231 0.247521 0.332381 0.250855 0.428879 0.250262 0.531593 0.279633 0.328231 0.290708 0.432719 0.301121 0.551833
166 0.259835 0.167537 0.256855 0.329810 0.237952 0.331976 0.275758 0.327644 0.237952 0.331976 0.246885 0.423960 0.245178 0.527367 0.275758 0.327644 0.290312 0.426762 0.302011 0.548878
167 0.256445 0.168213 0.255559 0.329871 0.237302 0.332702 0.273816 0.327040 0.237302 0.332702 0.249910 0.423810 0.245895 0.523894 0.273816 0.327040 0.289407 0.428090 0.301058 0.549349
168 0.252002 0.170113 0.247013 0.329565 0.229129 0.332326 0.264897 0.326804 0.229129 0.332326 0.240546 0.426933 0.240831 0.527078 0.264897 0.326804 0.286458 0.429019 0.299565 0.546269
169 0.247091 0.172269 0.239163 0.329939 0.221644 0.332867 0.256682 0.327012 0.221644 0.332867 0.239699 0.427716 0.240524 0.529422 0.256682 0.327012 0.286212 0.430484 0.299310 0.547434
170 0.241971 0.173946 0.232413 0.329718 0.214889 0.333252 0.249938 0.326184 0.214889 0.333252 0.238990 0.429060 0.244279 0.529998 0.249938 0.326184 0.282919 0.427367 0.297533 0.544310
171 0.239366 0.176932 0.230992 0.334478 0.215128 0.340801 0.246857 0.328156 0.215128 0.340801 0.239753 0.437946 0.247670 0.533240 0.246857 0.328156 0.281864 0.433148 0.292285 0.547776
172 0.236266 0.178538 0.227898 0.337147 0.212196 0.345326 0.243599 0.328967 0.212196 0.345326 0.237666 0.438119 0.247035 0.533302 0.243599 0.328967 0.279394 0.436130 0.289701 0.548204
173 0.235046 0.181120 0.227035 0.339819 0.211198 0.347972 0.242872 0.331666 0.211198 0.347972 0.234621 0.438036 0.246218 0.533557 0.242872 0.331666 0.276722 0.436135 0.284287 0.545502
174 0.233712 0.184490 0.225832 0.342152 0.210171 0.349746 0.241494 0.334559 0.210171 0.349746 0.234293 0.438009 0.247092 0.533976 0.241494 0.334559 0.275341 0.436716 0.281223 0.546044
175 0.232543 0.187094 0.223980 0.346535 0.211050 0.349737 0.236911 0.343332 0.211050 0.349737 0.233109 0.439332 0.247749 0.534582 0.236911 0.343332 0.269028 0.436716 0.273627 0.544826
176 0.234144 0.191720 0.218848 0.349390 0.212539 0.350479 0.225156 0.348301 0.212539 0.350479 0.234320 0.436836 0.245325 0.533239 0.225156 0.348301 0.251543 0.437214 0.262253 0.543733
177 0.232292 0.192801 0.218982 0.355726 0.214230 0.353922 0.223734 0.357530 0.214230 0.353922 0.234937 0.438979 0.245709 0.533850 0.223734 0.357530 0.247760 0.448084 0.256856 0.544676
178 0.231809 0.195462 0.217228 0.358587 0.213296 0.355902 0.221159 0.361272 0.213296 0.355902 0.238414 0.440691 0.240870 0.532512 0.221159 0.361272 0.246534 0.456155 0.252973 0.546931
179 -1 -1 -1 -1 -1 -1 -1 -1 -1 -1 -1 -1 -1 -1 -1 -1 -1 -1 -1 -1
180 -1 -1 -1 -1 -1 -1 -1 -1 -1 -1 -1 -1 -1 -1 -1 -1 -1 -1 -1 -1
181 -1 -1 -1 -1 -1 -1 -1 -1 -1 -1 -1 -1 -1 -1 -1 -1 -1 -1 -1 -1
182 -1 -1 -1 -1 -1 -1 -1 -1 -1 -1 -1 -1 -1 -1 -1 -1 -1 -1 -1 -1
183 -1 -1 -1 -1 -1 -1 -1 -1 -1 -1 -1 -1 -1 -1 -1 -1 -1 -1 -1 -1
184 -1 -1 -1 -1 -1 -1 -1 -1 -1 -1 -1 -1 -1 -1 -1 -1 -1 -1 -1 -1
185 -1 -1 -1 -1 -1 -1 -1 -1 -1 -1 -1 -1 -1 -1 -1 -1 -1 -1 -1 -1
186 -1 -1 -1 -1 -1 -1 -1 -1 -1 -1 -1 -1 -1 -1 -1 -1 -1 -1 -1 -1
187 -1 -1 -1 -1 -1 -1 -1 -1 -1 -1 -1 -1 -1 -1 -1 -1 -1 -1 -1 -1
188 -1 -1 -1 -1 -1 -1 -1 -1 -1 -1 -1 -1 -1 -1 -1 -1 -1 -1 -1 -1
189 -1 -1 -1 -1 -1 -1 -1 -1 -1 -1 -1 -1 -1 -1 -1 -1 -1 -1 -1 -1
190 -1 -1 -1 -1 -1 -1 -1 -1 -1 -1 -1 -1 -1 -1 -1 -1 -1 -1 -1 -1
191 -1 -1 -1 -1 -1 -1 -1 -1 -1 -1 -1 -1 -1 -1 -1 -1 -1 -1 -1 -1
192 -1 -1 -1 -1 -1 -1 -1 -1 -1 -1 -1 -1 -1 -1 -1 -1 -1 -1 -1 -1
193 -1 -1 -1 -1 -1 -1 -1 -1 -1 -1 -1 -1 -1 -1 -1 -1 -1 -1 -1 -1
194 -1 -1 -1 -1 -1 -1 -1 -1 -1 -1 -1 -1 -1 -1 -1 -1 -1 -1 -1 -1
195 -1 -1 -1 -1 -1 -1 -1 -1 -1 -1 -1 -1 -1 -1 -1 -1 -1 -1 -1 -1
196 -1 -1 -1 -1 -1 -1 -1 -1 -1 -1 -1 -1 -1 -1 -1 -1 -1 -1 -1 -1
197 -1 -1 -1 -1 -1 -1 -1 -1 -1 -1 -1 -1 -1 -1 -1 -1 -1 -1 -1 -1
198 -1 -1 -1 -1 -1 -1 -1 -1 -1 -1 -1 -1 -1 -1 -1 -1 -1 -1 -1 -1
199 -1 -1 -1 -1 -1 -1 -1 -1 -1 -1 -1 -1 -1 -1 -1 -1 -1 -1 -1 -1
200 -1 -1 -1 -1 -1 -1 -1 -1 -1 -1 -1 -1 -1 -1 -1 -1 -1 -1 -1 -1
201 -1 -1 -1 -1 -1 -1 -1 -1 -1 -1 -1 -1 -1 -1 -1 -1 -1 -1 -1 -1
202 -1 -1 -1 -1 -1 -1 -1 -1 -1 -1 -1 -1 -1 -1 -1 -1 -1 -1 -1 -1
203 -1 -1 -1 -1 -1 -1 -1 -1 -1 -1 -1 -1 -1 -1 -1 -1 -1 -1 -1 -1
204 -1 -1 -1 -1 -1 -1 -1 -1 -1 -1 -1 -1 -1 -1 -1 -1 -1 -1 -1 -1
205 -1 -1 -1 -1 -1 -1 -1 -1 -1 -1 -1 -1 -1 -1 -1 -1 -1 -1 -1 -1
206 -1 -1 -1 -1 -1 -1 -1 -1 -1 -1 -1 -1 -1 -1 -1 -1 -1 -1 -1 -1
207 -1 -1 -1 -1 -1 -1 -1 -1 -1 -1 -1 -1 -1 -1 -1 -1 -1 -1 -1 -1
208 -1 -1 -1 -1 -1 -1 -1 -1 -1 -1 -1 -1 -1 -1 -1 -1 -1 -1 -1 -1
209 -1 -1 -1 -1 -1 -1 -1 -1 -1 -1 -1 -1 -1 -1 -1 -1 -1 -1 -1 -1
210 -1 -1 -1 -1 -1 -1 -1 -1 -1 -1 -1 -1 -1 -1 -1 -1 -1 -1 -1 -1
211 -1 -1 -1 -1 -1 -1 -1 -1 -1 -1 -1 -1 -1 -1 -1 -1 -1 -1 -1 -1
212 -1 -1 -1 -1 -1 -1 -1 -1 -1 -1 -1 -1 -1 -1 -1 -1 -1 -1 -1 -1
213 -1 -1 -1 -1 -1 -1 -1 -1 -1 -1 -1 -1 -1 -1 -1 -1 -1 -1 -1 -1
214 -1 -1 -1 -1 -1 -1 -1 -1 -1 -1 -1 -1 -1 -1 -1 -1 -1 -1 -1 -1
215 -1 -1 -1 -1 -1 -1 -1 -1 -1 -1 -1 -1 -1 -1 -1 -1 -1 -1 -1 -1
216 -1 -1 -1 -1 -1 -1 -1 -1 -1 -1 -1 -1 -1 -1 -1 -1 -1 -1 -1 -1
217 -1 -1 -1 -1 -1 -1 -1 -1 -1 -1 -1 -1 -1 -1 -1 -1 -1 -1 -1 -1
218 0.156635 0.339244 0.149272 0.464962 0.154275 0.462807 0.144269 0.467117 0.154275 0.462807 0.226470 0.479280 0.241415 0.561885 0.144269 0.467117 0.225269 0.460308 0.223731 0.546076
219 0.151012 0.346057 0.148080 0.472871 0.153561 0.467617 0.142598 0.478125 0.153561 0.467617 0.226200 0.476982 0.240847 0.556573 0.142598 0.478125 0.226062 0.460903 0.230789 0.546230
220 0.145206 0.351286 0.146814 0.479261 0.154312 0.471944 0.139316 0.486578 0.154312 0.471944 0.226379 0.472003 0.244866 0.556023 0.139316 0.486578 0.225890 0.461405 0.210579 0.537129
221 0.138679 0.353463 0.143501 0.485232 0.150869 0.476505 0.136134 0.493959 0.150869 0.476505 0.225278 0.470526 0.245027 0.555604 0.136134 0.493959 0.222701 0.461538 0.211953 0.538847
222 0.131870 0.354388 0.143050 0.489693 0.147247 0.480113 0.138852 0.499273 0.147247 0.480113 0.225034 0.439161 0.241100 0.534396 0.138852 0.499273 0.223763 0.457440 0.226665 0.540696
223 0.128685 0.371327 0.141193 0.496414 0.144867 0.480016 0.137520 0.512812 0.144867 0.480016 0.223098 0.422204 0.236151 0.513952 0.137520 0.512812 0.228699 0.463842 0.237557 0.541772
224 0.123564 0.369178 0.141920 0.500069 0.145245 0.483205 0.138595 0.516933 0.145245 0.483205 0.223531 0.418524 0.236435 0.525399 0.138595 0.516933 0.231129 0.466282 0.238223 0.542209
225 0.116881 0.360323 0.140519 0.494798 0.141259 0.479969 0.139779 0.509627 0.141259 0.479969 0.222527 0.421380 0.231423 0.530216 0.139779 0.509627 0.230060 0.465550 0.237437 0.543636
226 0.107620 0.355734 0.137649 0.490352 0.136071 0.478043 0.139228 0.502661 0.136071 0.478043 0.221713 0.424616 0.232421 0.531304 0.139228 0.502661 0.227552 0.463402 0.237117 0.546450
227 -1 -1 -1 -1 -1 -1 -1 -1 -1 -1 -1 -1 -1 -1 -1 -1 -1 -1 -1 -1
228 -1 -1 -1 -1 -1 -1 -1 -1 -1 -1 -1 -1 -1 -1 -1 -1 -1 -1 -1 -1
229 -1 -1 -1 -1 -1 -1 -1 -1 -1 -1 -1 -1 -1 -1 -1 -1 -1 -1 -1 -1
230 -1 -1 -1 -1 -1 -1 -1 -1 -1 -1 -1 -1 -1 -1 -1 -1 -1 -1 -1 -1
231 -1 -1 -1 -1 -1 -1 -1 -1 -1 -1 -1 -1 -1 -1 -1 -1 -1 -1 -1 -1
232 -1 -1 -1 -1 -1 -1 -1 -1 -1 -1 -1 -1 -1 -1 -1 -1 -1 -1 -1 -1
233 -1 -1 -1 -1 -1 -1 -1 -1 -1 -1 -1 -1 -1 -1 -1 -1 -1 -1 -1 -1
234 -1 -1 -1 -1 -1 -1 -1 -1 -1 -1 -1 -1 -1 -1 -1 -1 -1 -1 -1 -1
235 -1 -1 -1 -1 -1 -1 -1 -1 -1 -1 -1 -1 -1 -1 -1 -1 -1 -1 -1 -1
236 -1 -1 -1 -1 -1 -1 -1 -1 -1 -1 -1 -1 -1 -1 -1 -1 -1 -1 -1 -1
237 -1 -1 -1 -1 -1 -1 -1 -1 -1 -1 -1 -1 -1 -1 -1 -1 -1 -1 -1 -1
238 -1 -1 -1 -1 -1 -1 -1 -1 -1 -1 -1 -1 -1 -1 -1 -1 -1 -1 -1 -1
239 -1 -1 -1 -1 -1 -1 -1 -1 -1 -1 -1 -1 -1 -1 -1 -1 -1 -1 -1 -1
240 -1 -1 -1 -1 -1 -1 -1 -1 -1 -1 -1 -1 -1 -1 -1 -1 -1 -1 -1 -1
241 -1 -1 -1 -1 -1 -1 -1 -1 -1 -1 -1 -1 -1 -1 -1 -1 -1 -1 -1 -1
242 -1 -1 -1 -1 -1 -1 -1 -1 -1 -1 -1 -1 -1 -1 -1 -1 -1 -1 -1 -1
243 -1 -1 -1 -1 -1 -1 -1 -1 -1 -1 -1 -1 -1 -1 -1 -1 -1 -1 -1 -1
244 -1 -1 -1 -1 -1 -1 -1 -1 -1 -1 -1 -1 -1 -1 -1 -1 -1 -1 -1 -1
245 -1 -1 -1 -1 -1 -1 -1 -1 -1 -1 -1 -1 -1 -1 -1 -1 -1 -1 -1 -1
246 -1 -1 -1 -1 -1 -1 -1 -1 -1 -1 -1 -1 -1 -1 -1 -1 -1 -1 -1 -1
247 -1 -1 -1 -1 -1 -1 -1 -1 -1 -1 -1 -1 -1 -1 -1 -1 -1 -1 -1 -1
248 -1 -1 -1 -1 -1 -1 -1 -1 -1 -1 -1 -1 -1 -1 -1 -1 -1 -1 -1 -1
249 -1 -1 -1 -1 -1 -1 -1 -1 -1 -1 -1 -1 -1 -1 -1 -1 -1 -1 -1 -1
250 -1 -1 -1 -1 -1 -1 -1 -1 -1 -1 -1 -1 -1 -1 -1 -1 -1 -1 -1 -1
251 -1 -1 -1 -1 -1 -1 -1 -1 -1 -1 -1 -1 -1 -1 -1 -1 -1 -1 -1 -1
252 -1 -1 -1 -1 -1 -1 -1 -1 -1 -1 -1 -1 -1 -1 -1 -1 -1 -1 -1 -1
253 -1 -1 -1 -1 -1 -1 -1 -1 -1 -1 -1 -1 -1 -1 -1 -1 -1 -1 -1 -1
254 -1 -1 -1 -1 -1 -1 -1 -1 -1 -1 -1 -1 -1 -1 -1 -1 -1 -1 -1 -1
255 -1 -1 -1 -1 -1 -1 -1 -1 -1 -1 -1 -1 -1 -1 -1 -1 -1 -1 -1 -1
256 -1 -1 -1 -1 -1 -1 -1 -1 -1 -1 -1 -1 -1 -1 -1 -1 -1 -1 -1 -1
257 -1 -1 -1 -1 -1 -1 -1 -1 -1 -1 -1 -1 -1 -1 -1 -1 -1 -1 -1 -1
258 -1 -1 -1 -1 -1 -1 -1 -1 -1 -1 -1 -1 -1 -1 -1 -1 -1 -1 -1 -1
259 -1 -1 -1 -1 -1 -1 -1 -1 -1 -1 -1 -1 -1 -1 -1 -1 -1 -1 -1 -1
260 -1 -1 -1 -1 -1 -1 -1 -1 -1 -1 -1 -1 -1 -1 -1 -1 -1 -1 -1 -1
261 -1 -1 -1 -1 -1 -1 -1 -1 -1 -1 -1 -1 -1 -1 -1 -1 -1 -1 -1 -1
262 -1 -1 -1 -1 -1 -1 -1 -1 -1 -1 -1 -1 -1 -1 -1 -1 -1 -1 -1 -1
263 -1 -1 -1 -1 -1 -1 -1 -1 -1 -1 -1 -1 -1 -1 -1 -1 -1 -1 -1 -1
