0
0
0 -1 -1 -1 -1 -1 -1 -1 -1 -1 -1 -1 -1 -1 -1 -1 -1 -1 -1 -1 -1
1 -1 -1 -1 -1 -1 -1 -1 -1 -1 -1 -1 -1 -1 -1 -1 -1 -1 -1 -1 -1
2 -1 -1 -1 -1 -1 -1 -1 -1 -1 -1 -1 -1 -1 -1 -1 -1 -1 -1 -1 -1
3 -1 -1 -1 -1 -1 -1 -1 -1 -1 -1 -1 -1 -1 -1 -1 -1 -1 -1 -1 -1
4 -1 -1 -1 -1 -1 -1 -1 -1 -1 -1 -1 -1 -1 -1 -1 -1 -1 -1 -1 -1
5 -1 -1 -1 -1 -1 -1 -1 -1 -1 -1 -1 -1 -1 -1 -1 -1 -1 -1 -1 -1
6 -1 -1 -1 -1 -1 -1 -1 -1 -1 -1 -1 -1 -1 -1 -1 -1 -1 -1 -1 -1
7 -1 -1 -1 -1 -1 -1 -1 -1 -1 -1 -1 -1 -1 -1 -1 -1 -1 -1 -1 -1
8 -1 -1 -1 -1 -1 -1 -1 -1 -1 -1 -1 -1 -1 -1 -1 -1 -1 -1 -1 -1
9 -1 -1 -1 -1 -1 -1 -1 -1 -1 -1 -1 -1 -1 -1 -1 -1 -1 -1 -1 -1
10 -1 -1 -1 -1 -1 -1 -1 -1 -1 -1 -1 -1 -1 -1 -1 -1 -1 -1 -1 -1
11 -1 -1 -1 -1 -1 -1 -1 -1 -1 -1 -1 -1 -1 -1 -1 -1 -1 -1 -1 -1
12 -1 -1 -1 -1 -1 -1 -1 -1 -1 -1 -1 -1 -1 -1 -1 -1 -1 -1 -1 -1
13 -1 -1 -1 -1 -1 -1 -1 -1 -1 -1 -1 -1 -1 -1 -1 -1 -1 -1 -1 -1
14 -1 -1 -1 -1 -1 -1 -1 -1 -1 -1 -1 -1 -1 -1 -1 -1 -1 -1 -1 -1
15 -1 -1 -1 -1 -1 -1 -1 -1 -1 -1 -1 -1 -1 -1 -1 -1 -1 -1 -1 -1
16 -1 -1 -1 -1 -1 -1 -1 -1 -1 -1 -1 -1 -1 -1 -1 -1 -1 -1 -1 -1
17 -1 -1 -1 -1 -1 -1 -1 -1 -1 -1 -1 -1 -1 -1 -1 -1 -1 -1 -1 -1
18 -1 -1 -1 -1 -1 -1 -1 -1 -1 -1 -1 -1 -1 -1 -1 -1 -1 -1 -1 -1
19 -1 -1 -1 -1 -1 -1 -1 -1 -1 -1 -1 -1 -1 -1 -1 -1 -1 -1 -1 -1
20 -1 -1 -1 -1 -1 -1 -1 -1 -1 -1 -1 -1 -1 -1 -1 -1 -1 -1 -1 -1
21 -1 -1 -1 -1 -1 -1 -1 -1 -1 -1 -1 -1 -1 -1 -1 -1 -1 -1 -1 -1
22 -1 -1 -1 -1 -1 -1 -1 -1 -1 -1 -1 -1 -1 -1 -1 -1 -1 -1 -1 -1
23 -1 -1 -1 -1 -1 -1 -1 -1 -1 -1 -1 -1 -1 -1 -1 -1 -1 -1 -1 -1
24 -1 -1 -1 -1 -1 -1 -1 -1 -1 -1 -1 -1 -1 -1 -1 -1 -1 -1 -1 -1
25 -1 -1 -1 -1 -1 -1 -1 -1 -1 -1 -1 -1 -1 -1 -1 -1 -1 -1 -1 -1
26 -1 -1 -1 -1 -1 -1 -1 -1 -1 -1 -1 -1 -1 -1 -1 -1 -1 -1 -1 -1
27 -1 -1 -1 -1 -1 -1 -1 -1 -1 -1 -1 -1 -1 -1 -1 -1 -1 -1 -1 -1
28 -1 -1 -1 -1 -1 -1 -1 -1 -1 -1 -1 -1 -1 -1 -1 -1 -1 -1 -1 -1
29 -1 -1 -1 -1 -1 -1 -1 -1 -1 -1 -1 -1 -1 -1 -1 -1 -1 -1 -1 -1
30 -1 -1 -1 -1 -1 -1 -1 -1 -1 -1 -1 -1 -1 -1 -1 -1 -1 -1 -1 -1
31 -1 -1 -1 -1 -1 -1 -1 -1 -1 -1 -1 -1 -1 -1 -1 -1 -1 -1 -1 -1
32 -1 -1 -1 -1 -1 -1 -1 -1 -1 -1 -1 -1 -1 -1 -1 -1 -1 -1 -1 -1
33 -1 -1 -1 -1 -1 -1 -1 -1 -1 -1 -1 -1 -1 -1 -1 -1 -1 -1 -1 -1
34 -1 -1 -1 -1 -1 -1 -1 -1 -1 -1 -1 -1 -1 -1 -1 -1 -1 -1 -1 -1
35 -1 -1 -1 -1 -1 -1 -1 -1 -1 -1 -1 -1 -1 -1 -1 -1 -1 -1 -1 -1
36 -1 -1 -1 -1 -1 -1 -1 -1 -1 -1 -1 -1 -1 -1 -1 -1 -1 -1 -1 -1
37 -1 -1 -1 -1 -1 -1 -1 -1 -1 -1 -1 -1 -1 -1 -1 -1 -1 -1 -1 -1
38 -1 -1 -1 -1 -1 -1 -1 -1 -1 -1 -1 -1 -1 -1 -1 -1 -1 -1 -1 -1
39 -1 -1 -1 -1 -1 -1 -1 -1 -1 -1 -1 -1 -1 -1 -1 -1 -1 -1 -1 -1
40 -1 -1 -1 -1 -1 -1 -1 -1 -1 -1 -1 -1 -1 -1 -1 -1 -1 -1 -1 -1
41 -1 -1 -1 -1 -1 -1 -1 -1 -1 -1 -1 -1 -1 -1 -1 -1 -1 -1 -1 -1
42 -1 -1 -1 -1 -1 -1 -1 -1 -1 -1 -1 -1 -1 -1 -1 -1 -1 -1 -1 -1
43 -1 -1 -1 -1 -1 -1 -1 -1 -1 -1 -1 -1 -1 -1 -1 -1 -1 -1 -1 -1
44 -1 -1 -1 -1 -1 -1 -1 -1 -1 -1 -1 -1 -1 -1 -1 -1 -1 -1 -1 -1
45 -1 -1 -1 -1 -1 -1 -1 -1 -1 -1 -1 -1 -1 -1 -1 -1 -1 -1 -1 -1
46 -1 -1 -1 -1 -1 -1 -1 -1 -1 -1 -1 -1 -1 -1 -1 -1 -1 -1 -1 -1
47 -1 -1 -1 -1 -1 -1 -1 -1 -1 -1 -1 -1 -1 -1 -1 -1 -1 -1 -1 -1
48 -1 -1 -1 -1 -1 -1 -1 -1 -1 -1 -1 -1 -1 -1 -1 -1 -1 -1 -1 -1
49 -1 -1 -1 -1 -1 -1 -1 -1 -1 -1 -1 -1 -1 -1 -1 -1 -1 -1 -1 -1
50 -1 -1 -1 -1 -1 -1 -1 -1 -1 -1 -1 -1 -1 -1 -1 -1 -1 -1 -1 -1
51 -1 -1 -1 -1 -1 -1 -1 -1 -1 -1 -1 -1 -1 -1 -1 -1 -1 -1 -1 -1
52 -1 -1 -1 -1 -1 -1 -1 -1 -1 -1 -1 -1 -1 -1 -1 -1 -1 -1 -1 -1
53 -1 -1 -1 -1 -1 -1 -1 -1 -1 -1 -1 -1 -1 -1 -1 -1 -1 -1 -1 -1
54 -1 -1 -1 -1 -1 -1 -1 -1 -1 -1 -1 -1 -1 -1 -1 -1 -1 -1 -1 -1
55 -1 -1 -1 -1 -1 -1 -1 -1 -1 -1 -1 -1 -1 -1 -1 -1 -1 -1 -1 -1
56 -1 -1 -1 -1 -1 -1 -1 -1 -1 -1 -1 -1 -1 -1 -1 -1 -1 -1 -1 -1
57 -1 -1 -1 -1 -1 -1 -1 -1 -1 -1 -1 -1 -1 -1 -1 -1 -1 -1 -1 -1
58 -1 -1 -1 -1 -1 -1 -1 -1 -1 -1 -1 -1 -1 -1 -1 -1 -1 -1 -1 -1
59 -1 -1 -1 -1 -1 -1 -1 -1 -1 -1 -1 -1 -1 -1 -1 -1 -1 -1 -1 -1
60 -1 -1 -1 -1 -1 -1 -1 -1 -1 -1 -1 -1 -1 -1 -1 -1 -1 -1 -1 -1
61 -1 -1 -1 -1 -1 -1 -1 -1 -1 -1 -1 -1 -1 -1 -1 -1 -1 -1 -1 -1
62 -1 -1 -1 -1 -1 -1 -1 -1 -1 -1 -1 -1 -1 -1 -1 -1 -1 -1 -1 -1
63 -1 -1 -1 -1 -1 -1 -1 -1 -1 -1 -1 -1 -1 -1 -1 -1 -1 -1 -1 -1
64 -1 -1 -1 -1 -1 -1 -1 -1 -1 -1 -1 -1 -1 -1 -1 -1 -1 -1 -1 -1
65 -1 -1 -1 -1 -1 -1 -1 -1 -1 -1 -1 -1 -1 -1 -1 -1 -1 -1 -1 -1
66 -1 -1 -1 -1 -1 -1 -1 -1 -1 -1 -1 -1 -1 -1 -1 -1 -1 -1 -1 -1
67 -1 -1 -1 -1 -1 -1 -1 -1 -1 -1 -1 -1 -1 -1 -1 -1 -1 -1 -1 -1
68 -1 -1 -1 -1 -1 -1 -1 -1 -1 -1 -1 -1 -1 -1 -1 -1 -1 -1 -1 -1
69 -1 -1 -1 -1 -1 -1 -1 -1 -1 -1 -1 -1 -1 -1 -1 -1 -1 -1 -1 -1
70 -1 -1 -1 -1 -1 -1 -1 -1 -1 -1 -1 -1 -1 -1 -1 -1 -1 -1 -1 -1
71 -1 -1 -1 -1 -1 -1 -1 -1 -1 -1 -1 -1 -1 -1 -1 -1 -1 -1 -1 -1
72 -1 -1 -1 -1 -1 -1 -1 -1 -1 -1 -1 -1 -1 -1 -1 -1 -1 -1 -1 -1
73 -1 -1 -1 -1 -1 -1 -1 -1 -1 -1 -1 -1 -1 -1 -1 -1 -1 -1 -1 -1
74 -1 -1 -1 -1 -1 -1 -1 -1 -1 -1 -1 -1 -1 -1 -1 -1 -1 -1 -1 -1
75 -1 -1 -1 -1 -1 -1 -1 -1 -1 -1 -1 -1 -1 -1 -1 -1 -1 -1 -1 -1
76 0.413392 0.219357 0.424416 0.410567 0.406139 0.414571 0.442693 0.406563 0.406139 0.414571 0.392808 0.531252 0.416920 0.648018 0.442693 0.406563 0.446040 0.523825 0.446458 0.645004
77 0.407582 0.219999 0.418515 0.408224 0.399225 0.412595 0.437806 0.403853 0.399225 0.412595 0.387775 0.529745 0.399114 0.646376 0.437806 0.403853 0.442757 0.524037 0.443947 0.647717
78 0.402623 0.221200 0.414132 0.408936 0.394257 0.413069 0.434006 0.404803 0.394257 0.413069 0.381893 0.522606 0.376894 0.635370 0.434006 0.404803 0.438980 0.522611 0.445593 0.641440
79 0.395056 0.221678 0.409352 0.407294 0.390049 0.411867 0.428654 0.402720 0.390049 0.411867 0.377662 0.515680 0.360470 0.621898 0.428654 0.402720 0.435391 0.518951 0.447140 0.634809
80 0.387174 0.222039 0.404057 0.406538 0.384928 0.411483 0.423186 0.401594 0.384928 0.411483 0.371267 0.511943 0.351555 0.613566 0.423186 0.401594 0.431113 0.517481 0.448021 0.631460
81 0.377440 0.222851 0.397878 0.405892 0.378276 0.411396 0.417480 0.400388 0.378276 0.411396 0.365546 0.508657 0.350430 0.614042 0.417480 0.400388 0.427303 0.516600 0.448522 0.630371
82 0.370610 0.222974 0.390855 0.405917 0.371693 0.411363 0.410018 0.400471 0.371693 0.411363 0.359558 0.505300 0.348054 0.611402 0.410018 0.400471 0.421802 0.515397 0.448574 0.630660
83 0.362998 0.222299 0.383421 0.404449 0.363803 0.411011 0.403038 0.397887 0.363803 0.411011 0.350014 0.504034 0.347241 0.611137 0.403038 0.397887 0.415763 0.511851 0.447474 0.627499
84 0.356952 0.217626 0.377059 0.399112 0.357034 0.406830 0.397085 0.391394 0.357034 0.406830 0.344067 0.501081 0.347630 0.608548 0.397085 0.391394 0.407261 0.504189 0.443805 0.620300
85 0.348203 0.213664 0.370008 0.393174 0.350065 0.401738 0.389951 0.384611 0.350065 0.401738 0.342040 0.500961 0.348373 0.608378 0.389951 0.384611 0.397479 0.496041 0.435129 0.607357
86 0.340919 0.211852 0.364576 0.391599 0.344579 0.399656 0.384574 0.383542 0.344579 0.399656 0.338998 0.498936 0.346688 0.602973 0.384574 0.383542 0.387990 0.489187 0.426191 0.594013
87 0.334010 0.210374 0.358534 0.385359 0.339282 0.394062 0.377786 0.376656 0.339282 0.394062 0.339467 0.499736 0.347371 0.605949 0.377786 0.376656 0.379189 0.478798 0.412984 0.581806
88 0.328375 0.208050 0.352876 0.378440 0.334277 0.387163 0.371476 0.369716 0.334277 0.387163 0.336919 0.496441 0.348955 0.606628 0.371476 0.369716 0.371589 0.472477 0.398943 0.576858
89 0.322689 0.206581 0.348565 0.376177 0.330751 0.384871 0.366380 0.367482 0.330751 0.384871 0.332857 0.493742 0.348560 0.605595 0.366380 0.367482 0.364772 0.466583 0.387294 0.568445
90 0.318009 0.205347 0.343015 0.374506 0.326315 0.383073 0.359714 0.365940 0.326315 0.383073 0.331149 0.492836 0.349252 0.606810 0.359714 0.365940 0.357467 0.469869 0.376902 0.577246
91 0.314042 0.203440 0.338641 0.371242 0.322315 0.380158 0.354967 0.362326 0.322315 0.380158 0.331584 0.486160 0.351044 0.602696 0.354967 0.362326 0.354687 0.461461 0.364985 0.561757
92 0.311091 0.202753 0.335053 0.370115 0.318660 0.378299 0.351446 0.361931 0.318660 0.378299 0.329718 0.485986 0.349349 0.601617 0.351446 0.361931 0.349027 0.461931 0.356311 0.562273
93 0.307072 0.202431 0.332419 0.367754 0.315807 0.376629 0.349031 0.358880 0.315807 0.376629 0.327337 0.484554 0.347077 0.599862 0.349031 0.358880 0.339663 0.438523 0.339741 0.514534
94 0.303411 0.202739 0.327884 0.367386 0.311569 0.376435 0.344199 0.358336 0.311569 0.376435 0.325067 0.485487 0.345273 0.600125 0.344199 0.358336 0.335474 0.437065 0.335234 0.510128
95 0.300749 0.202620 0.323980 0.366520 0.307501 0.374763 0.340459 0.358277 0.307501 0.374763 0.322614 0.485608 0.343537 0.600167 0.340459 0.358277 0.332146 0.436117 0.332740 0.506533
96 0.297327 0.202107 0.321006 0.365090 0.304507 0.373119 0.337504 0.357061 0.304507 0.373119 0.319347 0.483452 0.342412 0.599558 0.337504 0.357061 0.327353 0.428966 0.323093 0.501588
97 0.294606 0.201297 0.317788 0.366019 0.301509 0.374192 0.334066 0.357846 0.301509 0.374192 0.317107 0.484366 0.342465 0.600093 0.334066 0.357846 0.325039 0.431109 0.321888 0.503231
98 0.292083 0.198842 0.315645 0.361396 0.299292 0.369236 0.331998 0.353556 0.299292 0.369236 0.312741 0.481964 0.341790 0.600113 0.331998 0.353556 0.325128 0.419602 0.330963 0.462282
99 0.290116 0.195639 0.313963 0.356723 0.298105 0.363966 0.329821 0.349480 0.298105 0.363966 0.308419 0.474712 0.339159 0.593588 0.329821 0.349480 0.324121 0.415336 0.331389 0.463141
100 0.287596 0.191670 0.311447 0.352346 0.296404 0.359078 0.326491 0.345614 0.296404 0.359078 0.304932 0.467848 0.335296 0.582045 0.326491 0.345614 0.321517 0.412221 0.328744 0.457251
101 -1 -1 -1 -1 -1 -1 -1 -1 -1 -1 -1 -1 -1 -1 -1 -1 -1 -1 -1 -1
102 -1 -1 -1 -1 -1 -1 -1 -1 -1 -1 -1 -1 -1 -1 -1 -1 -1 -1 -1 -1
103 -1 -1 -1 -1 -1 -1 -1 -1 -1 -1 -1 -1 -1 -1 -1 -1 -1 -1 -1 -1
104 -1 -1 -1 -1 -1 -1 -1 -1 -1 -1 -1 -1 -1 -1 -1 -1 -1 -1 -1 -1
105 -1 -1 -1 -1 -1 -1 -1 -1 -1 -1 -1 -1 -1 -1 -1 -1 -1 -1 -1 -1
106 0.273149 0.178455 0.295414 0.338196 0.281907 0.343871 0.308920 0.332521 0.281907 0.343871 0.271487 0.456699 0.302539 0.551315 0.308920 0.332521 0.309920 0.429084 0.322434 0.533468
107 0.269920 0.177611 0.294236 0.337456 0.281449 0.343264 0.307022 0.331649 0.281449 0.343264 0.269837 0.456707 0.295834 0.551194 0.307022 0.331649 0.309623 0.429126 0.321013 0.534077
108 0.267837 0.176024 0.292776 0.336697 0.281133 0.342259 0.304418 0.331135 0.281133 0.342259 0.268630 0.455483 0.288903 0.549979 0.304418 0.331135 0.309637 0.429294 0.319263 0.533269
109 0.263919 0.176190 0.290776 0.335746 0.280095 0.341734 0.301458 0.329759 0.280095 0.341734 0.267416 0.448245 0.278866 0.543982 0.301458 0.329759 0.306873 0.426301 0.317807 0.531847
110 0.260329 0.175804 0.288192 0.334194 0.278897 0.339307 0.297486 0.329081 0.278897 0.339307 0.260487 0.441420 0.273347 0.541908 0.297486 0.329081 0.302343 0.425117 0.317060 0.531716
111 0.256115 0.177164 0.285998 0.334530 0.277413 0.340264 0.294583 0.328795 0.277413 0.340264 0.260896 0.441320 0.272673 0.540532 0.294583 0.328795 0.299437 0.424537 0.316534 0.531283
112 0.253711 0.179380 0.285220 0.335030 0.276348 0.340820 0.294091 0.329240 0.276348 0.340820 0.257544 0.439321 0.270026 0.539160 0.294091 0.329240 0.297441 0.424387 0.315498 0.530913
113 0.250589 0.183200 0.281209 0.338602 0.273141 0.346308 0.289277 0.330896 0.273141 0.346308 0.255034 0.442401 0.270742 0.542232 0.289277 0.330896 0.294690 0.425659 0.315765 0.530582
114 0.247000 0.186568 0.277238 0.341143 0.270578 0.348905 0.283897 0.333381 0.270578 0.348905 0.257906 0.444029 0.273884 0.543643 0.283897 0.333381 0.291719 0.431051 0.314450 0.530332
115 0.244097 0.188348 0.275095 0.342942 0.268234 0.351017 0.281956 0.334867 0.268234 0.351017 0.257584 0.444871 0.270268 0.544712 0.281956 0.334867 0.288670 0.427666 0.307826 0.525890
116 0.240822 0.191145 0.272113 0.343548 0.266686 0.350985 0.277539 0.336111 0.266686 0.350985 0.258645 0.444000 0.265405 0.541537 0.277539 0.336111 0.281876 0.420208 0.300666 0.507271
117 0.237945 0.195508 0.270291 0.343411 0.265332 0.350789 0.275249 0.336032 0.265332 0.350789 0.259707 0.444113 0.267315 0.539940 0.275249 0.336032 0.279235 0.419592 0.293090 0.502748
118 0.235800 0.197971 0.268021 0.345792 0.264251 0.351655 0.271792 0.339930 0.264251 0.351655 0.258997 0.445414 0.269354 0.540731 0.271792 0.339930 0.279191 0.422027 0.288112 0.507478
119 0.233795 0.203855 0.264017 0.348479 0.261721 0.354335 0.266314 0.342622 0.261721 0.354335 0.258563 0.450144 0.268843 0.541222 0.266314 0.342622 0.278721 0.429548 0.283680 0.508834
120 0.230994 0.207529 0.259077 0.347997 0.259144 0.354020 0.259009 0.341974 0.259144 0.354020 0.258070 0.450159 0.268047 0.539753 0.259009 0.341974 0.264517 0.430995 0.283555 0.502667
121 0.228587 0.209754 0.254737 0.347818 0.260645 0.353166 0.248828 0.342470 0.260645 0.353166 0.257551 0.450234 0.269101 0.538651 0.248828 0.342470 0.242520 0.435817 0.265368 0.512238
122 0.226198 0.211667 0.251698 0.346575 0.261892 0.351046 0.241504 0.342104 0.261892 0.351046 0.257748 0.449664 0.268438 0.534770 0.241504 0.342104 0.224643 0.436366 0.255987 0.514136
123 0.223940 0.213761 0.249785 0.345750 0.262119 0.347874 0.237451 0.343625 0.262119 0.347874 0.258077 0.449507 0.269024 0.535764 0.237451 0.343625 0.228355 0.439506 0.252065 0.523354
124 0.222340 0.214741 0.247594 0.345641 0.260442 0.346888 0.234747 0.344394 0.260442 0.346888 0.254945 0.449752 0.268634 0.536022 0.234747 0.344394 0.226490 0.441597 0.247142 0.529781
125 0.219754 0.214434 0.245293 0.339911 0.259695 0.338714 0.230892 0.341108 0.259695 0.338714 0.255530 0.449500 0.268596 0.534483 0.230892 0.341108 0.225242 0.440846 0.244954 0.533423
126 0.217665 0.213933 0.243615 0.336596 0.258664 0.334844 0.228565 0.338347 0.258664 0.334844 0.254263 0.447795 0.268248 0.534325 0.228565 0.338347 0.223343 0.440447 0.242284 0.532848
127 0.215678 0.215488 0.242431 0.337415 0.258010 0.336354 0.226852 0.338477 0.258010 0.336354 0.253469 0.447938 0.267865 0.534794 0.226852 0.338477 0.223658 0.444167 0.241820 0.536564
128 0.211676 0.215076 0.239763 0.337442 0.256470 0.336157 0.223056 0.338727 0.256470 0.336157 0.253597 0.447246 0.267861 0.534771 0.223056 0.338727 0.222927 0.444658 0.242725 0.536518
129 0.209759 0.215136 0.237661 0.337285 0.255375 0.335536 0.219947 0.339035 0.255375 0.335536 0.253949 0.442858 0.267523 0.531338 0.219947 0.339035 0.223062 0.444288 0.243601 0.535619
130 0.207360 0.218083 0.235041 0.336159 0.252940 0.333258 0.217142 0.339061 0.252940 0.333258 0.255637 0.430562 0.267632 0.528367 0.217142 0.339061 0.221894 0.440508 0.242857 0.534935
131 0.205762 0.220163 0.232309 0.335533 0.250133 0.331956 0.214485 0.339110 0.250133 0.331956 0.257916 0.420082 0.269867 0.529025 0.214485 0.339110 0.221568 0.432651 0.242855 0.534086
132 0.204361 0.222427 0.230247 0.335727 0.247970 0.331924 0.212524 0.339529 0.247970 0.331924 0.261691 0.421471 0.274263 0.529126 0.212524 0.339529 0.221737 0.430461 0.240705 0.533417
133 0.202968 0.224096 0.228761 0.337935 0.246547 0.332382 0.210975 0.343489 0.246547 0.332382 0.264949 0.424581 0.281063 0.528881 0.210975 0.343489 0.221456 0.431192 0.239157 0.532704
134 0.202058 0.226325 0.228532 0.337603 0.246113 0.331443 0.210950 0.343764 0.246113 0.331443 0.268401 0.418296 0.283766 0.521295 0.210950 0.343764 0.221621 0.430380 0.239599 0.532497
135 0.201768 0.230360 0.226874 0.338182 0.245341 0.331467 0.208406 0.344897 0.245341 0.331467 0.270713 0.409784 0.285123 0.511110 0.208406 0.344897 0.222578 0.430582 0.240881 0.530026
136 0.202328 0.235385 0.224471 0.337975 0.242776 0.331141 0.206167 0.344809 0.242776 0.331141 0.270056 0.406028 0.284707 0.508058 0.206167 0.344809 0.222474 0.427918 0.240941 0.528526
137 0.202530 0.240077 0.224896 0.338142 0.242719 0.331208 0.207072 0.345076 0.242719 0.331208 0.273904 0.403809 0.285863 0.505005 0.207072 0.345076 0.222036 0.423421 0.241053 0.528079
138 0.203143 0.245902 0.223947 0.339421 0.241807 0.331722 0.206088 0.347120 0.241807 0.331722 0.273364 0.401617 0.284802 0.503076 0.206088 0.347120 0.222348 0.424048 0.240995 0.527216
139 0.204008 0.252011 0.223135 0.337501 0.240813 0.329413 0.205458 0.345589 0.240813 0.329413 0.272213 0.398136 0.284018 0.503487 0.205458 0.345589 0.220675 0.419471 0.241283 0.527358
140 0.205328 0.257863 0.222919 0.337014 0.240823 0.328932 0.205015 0.345095 0.240823 0.328932 0.272188 0.398916 0.284203 0.503435 0.205015 0.345095 0.219355 0.420883 0.241455 0.527762
141 0.206820 0.264898 0.221199 0.336206 0.239603 0.328308 0.202794 0.344105 0.239603 0.328308 0.269308 0.395841 0.284030 0.504339 0.202794 0.344105 0.219616 0.421129 0.241514 0.527777
142 0.209575 0.272624 0.221112 0.339761 0.240058 0.330555 0.202165 0.348968 0.240058 0.330555 0.269897 0.396643 0.283999 0.504402 0.202165 0.348968 0.218136 0.421446 0.241008 0.532910
143 0.212677 0.275698 0.221519 0.341516 0.240484 0.332519 0.202555 0.350514 0.240484 0.332519 0.277647 0.397135 0.284357 0.504363 0.202555 0.350514 0.215896 0.423598 0.239174 0.532760
144 0.217003 0.281088 0.221910 0.343079 0.240609 0.334925 0.203211 0.351232 0.240609 0.334925 0.276453 0.397966 0.284968 0.503518 0.203211 0.351232 0.214101 0.424525 0.239224 0.532152
145 0.219628 0.284652 0.224605 0.356867 0.243648 0.350690 0.205561 0.363043 0.243648 0.350690 0.277127 0.397866 0.284894 0.503032 0.205561 0.363043 0.215063 0.424546 0.237169 0.524577
146 0.221636 0.290080 0.224716 0.361328 0.243647 0.353521 0.205785 0.369134 0.243647 0.353521 0.274858 0.398537 0.283502 0.503132 0.205785 0.369134 0.216341 0.427932 0.237048 0.524707
147 0.222480 0.293055 0.225363 0.369096 0.243669 0.361549 0.207058 0.376644 0.243669 0.361549 0.274504 0.399026 0.283028 0.502097 0.207058 0.376644 0.216723 0.433711 0.236955 0.525049
148 0.224227 0.297240 0.225872 0.368475 0.244043 0.361540 0.207701 0.375410 0.244043 0.361540 0.278446 0.401910 0.283549 0.502488 0.207701 0.375410 0.216142 0.435965 0.236571 0.526400
149 0.224625 0.299155 0.225497 0.370573 0.243275 0.363874 0.207719 0.377273 0.243275 0.363874 0.286197 0.402047 0.284725 0.502800 0.207719 0.377273 0.209170 0.443928 0.236708 0.527855
150 0.224552 0.303445 0.223388 0.371638 0.239844 0.364466 0.206931 0.378811 0.239844 0.364466 0.285791 0.405298 0.285168 0.502919 0.206931 0.378811 0.208299 0.443968 0.236129 0.526416
151 0.223923 0.305523 0.222484 0.373699 0.238027 0.364912 0.206940 0.382486 0.238027 0.364912 0.288052 0.403444 0.285385 0.502301 0.206940 0.382486 0.209901 0.443903 0.236173 0.526250
152 0.222533 0.304869 0.221444 0.375390 0.236445 0.366696 0.206443 0.384085 0.236445 0.366696 0.289253 0.403895 0.285823 0.500112 0.206443 0.384085 0.210032 0.443124 0.235635 0.525268
153 0.220927 0.303171 0.220752 0.378090 0.235036 0.369974 0.206467 0.386205 0.235036 0.369974 0.289967 0.400257 0.286680 0.496623 0.206467 0.386205 0.212542 0.442388 0.235737 0.525366
154 0.219135 0.302056 0.219325 0.380565 0.232727 0.372002 0.205923 0.389129 0.232727 0.372002 0.288155 0.392947 0.286167 0.493364 0.205923 0.389129 0.214573 0.441702 0.235730 0.524757
155 0.217819 0.300913 0.218934 0.381338 0.232368 0.373142 0.205500 0.389534 0.232368 0.373142 0.287346 0.394609 0.286111 0.494235 0.205500 0.389534 0.216521 0.443021 0.235618 0.524846
156 0.216571 0.296401 0.217899 0.382947 0.231255 0.375212 0.204544 0.390682 0.231255 0.375212 0.286816 0.394093 0.286037 0.494384 0.204544 0.390682 0.218619 0.446671 0.235646 0.524898
157 0.214557 0.289232 0.216936 0.381149 0.230158 0.373531 0.203714 0.388766 0.230158 0.373531 0.286680 0.394294 0.285253 0.494349 0.203714 0.388766 0.218488 0.445616 0.235549 0.524639
158 0.212704 0.285038 0.216975 0.380140 0.230636 0.372687 0.203314 0.387594 0.230636 0.372687 0.286983 0.393628 0.285250 0.495217 0.203314 0.387594 0.218387 0.445675 0.235575 0.526080
159 0.211403 0.282846 0.217134 0.381950 0.231215 0.374799 0.203053 0.389101 0.231215 0.374799 0.286717 0.393800 0.285214 0.495513 0.203053 0.389101 0.218084 0.446034 0.235559 0.525828
160 0.210330 0.280407 0.216911 0.381898 0.231360 0.374899 0.202462 0.388898 0.231360 0.374899 0.286503 0.393450 0.284685 0.495599 0.202462 0.388898 0.215009 0.437826 0.235311 0.523979
161 0.209853 0.278714 0.216713 0.383389 0.231652 0.376720 0.201773 0.390057 0.231652 0.376720 0.286268 0.393690 0.284635 0.495686 0.201773 0.390057 0.215749 0.438326 0.235328 0.524061
162 0.209135 0.278421 0.216015 0.382935 0.231273 0.376321 0.200756 0.389550 0.231273 0.376321 0.284506 0.395180 0.284153 0.495749 0.200756 0.389550 0.216368 0.437922 0.235342 0.522816
163 0.208762 0.277367 0.215556 0.384078 0.230869 0.377865 0.200243 0.390290 0.230869 0.377865 0.284386 0.395054 0.284155 0.495897 0.200243 0.390290 0.216951 0.437298 0.235362 0.522493
164 0.208246 0.277455 0.215573 0.383556 0.230879 0.377195 0.200266 0.389916 0.230879 0.377195 0.284184 0.395069 0.284064 0.496322 0.200266 0.389916 0.216747 0.437498 0.235400 0.522099
165 0.207897 0.277195 0.215642 0.383522 0.230962 0.376889 0.200321 0.390156 0.230962 0.376889 0.283890 0.395563 0.283967 0.496426 0.200321 0.390156 0.216346 0.437542 0.235432 0.522153
166 0.207761 0.276770 0.215718 0.383734 0.231017 0.376954 0.200419 0.390515 0.231017 0.376954 0.283697 0.395368 0.283601 0.496485 0.200419 0.390515 0.216339 0.434076 0.235411 0.519003
167 0.207598 0.276709 0.215766 0.383615 0.231075 0.376825 0.200457 0.390406 0.231075 0.376825 0.283196 0.395772 0.282478 0.498061 0.200457 0.390406 0.216302 0.434446 0.235495 0.519495
168 0.207679 0.276403 0.215570 0.384090 0.230948 0.377552 0.200192 0.390629 0.230948 0.377552 0.283208 0.395614 0.282531 0.498059 0.200192 0.390629 0.216301 0.434924 0.235682 0.519616
169 0.207451 0.276301 0.215669 0.383987 0.231057 0.377368 0.200282 0.390606 0.231057 0.377368 0.283754 0.393459 0.282554 0.498293 0.200282 0.390606 0.216151 0.433974 0.235673 0.519504
170 0.207412 0.276010 0.215778 0.383931 0.231128 0.377328 0.200428 0.390534 0.231128 0.377328 0.284721 0.392976 0.282593 0.498805 0.200428 0.390534 0.216482 0.436662 0.235734 0.519719
171 0.207411 0.275908 0.215731 0.383905 0.231069 0.377236 0.200393 0.390573 0.231069 0.377236 0.284729 0.392090 0.282632 0.498627 0.200393 0.390573 0.215966 0.434652 0.235738 0.519869
172 0.207403 0.275986 0.215749 0.383862 0.231083 0.377150 0.200415 0.390574 0.231083 0.377150 0.284762 0.392259 0.282640 0.498607 0.200415 0.390574 0.215953 0.435486 0.235842 0.519891
173 0.207402 0.276024 0.215847 0.383843 0.231260 0.377127 0.200434 0.390560 0.231260 0.377127 0.284854 0.391883 0.282456 0.498317 0.200434 0.390560 0.215382 0.434165 0.235781 0.519936
174 0.207408 0.276037 0.215865 0.383828 0.231273 0.377096 0.200457 0.390561 0.231273 0.377096 0.284640 0.392080 0.282482 0.498303 0.200457 0.390561 0.215742 0.434342 0.235786 0.519976
175 0.207338 0.276019 0.215794 0.383819 0.231156 0.377055 0.200432 0.390583 0.231156 0.377055 0.284637 0.391969 0.283079 0.497837 0.200432 0.390583 0.215791 0.435063 0.235434 0.520021
176 0.207283 0.275981 0.215744 0.384013 0.231111 0.377111 0.200377 0.390915 0.231111 0.377111 0.284654 0.392127 0.283080 0.497833 0.200377 0.390915 0.215829 0.434496 0.235507 0.519814
177 0.207294 0.276018 0.215754 0.384092 0.231115 0.377162 0.200393 0.391021 0.231115 0.377162 0.284648 0.392145 0.282919 0.497833 0.200393 0.391021 0.215650 0.434428 0.235520 0.519826
178 0.207261 0.276083 0.215710 0.383955 0.231119 0.377135 0.200301 0.390775 0.231119 0.377135 0.284589 0.392428 0.282740 0.498131 0.200301 0.390775 0.215285 0.433576 0.235510 0.519845
179 0.207234 0.276248 0.215987 0.384260 0.231424 0.377235 0.200549 0.391284 0.231424 0.377235 0.285045 0.392654 0.284106 0.497951 0.200549 0.391284 0.215337 0.437967 0.235525 0.520112
180 0.207181 0.276271 0.216021 0.384373 0.231478 0.377316 0.200564 0.391429 0.231478 0.377316 0.284884 0.392739 0.283495 0.498580 0.200564 0.391429 0.215479 0.438219 0.235789 0.520377
181 0.207165 0.276359 0.215763 0.384616 0.231283 0.377482 0.200242 0.391750 0.231283 0.377482 0.284667 0.392765 0.282955 0.499014 0.200242 0.391750 0.215482 0.437513 0.235637 0.520412
182 0.207104 0.276401 0.215830 0.384427 0.231355 0.377187 0.200306 0.391667 0.231355 0.377187 0.284442 0.392698 0.282569 0.498936 0.200306 0.391667 0.215488 0.438049 0.235634 0.520427
183 0.207033 0.276500 0.215882 0.384652 0.231382 0.377477 0.200382 0.391827 0.231382 0.377477 0.284316 0.392714 0.281999 0.498940 0.200382 0.391827 0.214689 0.436817 0.235657 0.520436
184 0.207032 0.276514 0.216014 0.384647 0.231540 0.377472 0.200488 0.391821 0.231540 0.377472 0.284295 0.392726 0.281989 0.498936 0.200488 0.391821 0.214402 0.435286 0.235559 0.520764
185 0.207029 0.276512 0.216000 0.384755 0.231541 0.377676 0.200458 0.391833 0.231541 0.377676 0.284177 0.393189 0.281648 0.498397 0.200458 0.391833 0.214434 0.434019 0.235559 0.520039
186 0.206989 0.276697 0.216027 0.384810 0.231593 0.377684 0.200460 0.391935 0.231593 0.377684 0.284175 0.393192 0.281624 0.498729 0.200460 0.391935 0.213690 0.432591 0.235560 0.519620
187 0.206987 0.276813 0.216033 0.384853 0.231605 0.377751 0.200461 0.391954 0.231605 0.377751 0.284133 0.393432 0.281727 0.498832 0.200461 0.391954 0.213714 0.432598 0.235570 0.519637
188 0.206950 0.276882 0.216058 0.384950 0.231668 0.377864 0.200449 0.392036 0.231668 0.377864 0.283662 0.393879 0.281734 0.498686 0.200449 0.392036 0.213753 0.432682 0.235528 0.519945
189 0.206949 0.276846 0.216042 0.384954 0.231666 0.377863 0.200419 0.392045 0.231666 0.377863 0.283622 0.393701 0.281704 0.498752 0.200419 0.392045 0.214448 0.433585 0.235807 0.519998
190 0.206925 0.276896 0.216042 0.384843 0.231669 0.377786 0.200415 0.391899 0.231669 0.377786 0.283627 0.393725 0.281730 0.498740 0.200415 0.391899 0.214443 0.433596 0.235803 0.520151
191 0.206843 0.276976 0.216068 0.385109 0.231719 0.378000 0.200417 0.392219 0.231719 0.378000 0.283508 0.394312 0.281653 0.498750 0.200417 0.392219 0.214368 0.433767 0.235730 0.520277
