0
0
0 -1 -1 -1 -1 -1 -1 -1 -1 -1 -1 -1 -1 -1 -1 -1 -1 -1 -1 -1 -1
1 -1 -1 -1 -1 -1 -1 -1 -1 -1 -1 -1 -1 -1 -1 -1 -1 -1 -1 -1 -1
2 -1 -1 -1 -1 -1 -1 -1 -1 -1 -1 -1 -1 -1 -1 -1 -1 -1 -1 -1 -1
3 -1 -1 -1 -1 -1 -1 -1 -1 -1 -1 -1 -1 -1 -1 -1 -1 -1 -1 -1 -1
4 -1 -1 -1 -1 -1 -1 -1 -1 -1 -1 -1 -1 -1 -1 -1 -1 -1 -1 -1 -1
5 -1 -1 -1 -1 -1 -1 -1 -1 -1 -1 -1 -1 -1 -1 -1 -1 -1 -1 -1 -1
6 -1 -1 -1 -1 -1 -1 -1 -1 -1 -1 -1 -1 -1 -1 -1 -1 -1 -1 -1 -1
7 -1 -1 -1 -1 -1 -1 -1 -1 -1 -1 -1 -1 -1 -1 -1 -1 -1 -1 -1 -1
8 -1 -1 -1 -1 -1 -1 -1 -1 -1 -1 -1 -1 -1 -1 -1 -1 -1 -1 -1 -1
9 -1 -1 -1 -1 -1 -1 -1 -1 -1 -1 -1 -1 -1 -1 -1 -1 -1 -1 -1 -1
10 -1 -1 -1 -1 -1 -1 -1 -1 -1 -1 -1 -1 -1 -1 -1 -1 -1 -1 -1 -1
11 -1 -1 -1 -1 -1 -1 -1 -1 -1 -1 -1 -1 -1 -1 -1 -1 -1 -1 -1 -1
12 -1 -1 -1 -1 -1 -1 -1 -1 -1 -1 -1 -1 -1 -1 -1 -1 -1 -1 -1 -1
13 -1 -1 -1 -1 -1 -1 -1 -1 -1 -1 -1 -1 -1 -1 -1 -1 -1 -1 -1 -1
14 -1 -1 -1 -1 -1 -1 -1 -1 -1 -1 -1 -1 -1 -1 -1 -1 -1 -1 -1 -1
15 -1 -1 -1 -1 -1 -1 -1 -1 -1 -1 -1 -1 -1 -1 -1 -1 -1 -1 -1 -1
16 -1 -1 -1 -1 -1 -1 -1 -1 -1 -1 -1 -1 -1 -1 -1 -1 -1 -1 -1 -1
17 -1 -1 -1 -1 -1 -1 -1 -1 -1 -1 -1 -1 -1 -1 -1 -1 -1 -1 -1 -1
18 -1 -1 -1 -1 -1 -1 -1 -1 -1 -1 -1 -1 -1 -1 -1 -1 -1 -1 -1 -1
19 -1 -1 -1 -1 -1 -1 -1 -1 -1 -1 -1 -1 -1 -1 -1 -1 -1 -1 -1 -1
20 -1 -1 -1 -1 -1 -1 -1 -1 -1 -1 -1 -1 -1 -1 -1 -1 -1 -1 -1 -1
21 -1 -1 -1 -1 -1 -1 -1 -1 -1 -1 -1 -1 -1 -1 -1 -1 -1 -1 -1 -1
22 -1 -1 -1 -1 -1 -1 -1 -1 -1 -1 -1 -1 -1 -1 -1 -1 -1 -1 -1 -1
23 -1 -1 -1 -1 -1 -1 -1 -1 -1 -1 -1 -1 -1 -1 -1 -1 -1 -1 -1 -1
24 -1 -1 -1 -1 -1 -1 -1 -1 -1 -1 -1 -1 -1 -1 -1 -1 -1 -1 -1 -1
25 -1 -1 -1 -1 -1 -1 -1 -1 -1 -1 -1 -1 -1 -1 -1 -1 -1 -1 -1 -1
26 -1 -1 -1 -1 -1 -1 -1 -1 -1 -1 -1 -1 -1 -1 -1 -1 -1 -1 -1 -1
27 -1 -1 -1 -1 -1 -1 -1 -1 -1 -1 -1 -1 -1 -1 -1 -1 -1 -1 -1 -1
28 -1 -1 -1 -1 -1 -1 -1 -1 -1 -1 -1 -1 -1 -1 -1 -1 -1 -1 -1 -1
29 -1 -1 -1 -1 -1 -1 -1 -1 -1 -1 -1 -1 -1 -1 -1 -1 -1 -1 -1 -1
30 -1 -1 -1 -1 -1 -1 -1 -1 -1 -1 -1 -1 -1 -1 -1 -1 -1 -1 -1 -1
31 -1 -1 -1 -1 -1 -1 -1 -1 -1 -1 -1 -1 -1 -1 -1 -1 -1 -1 -1 -1
32 -1 -1 -1 -1 -1 -1 -1 -1 -1 -1 -1 -1 -1 -1 -1 -1 -1 -1 -1 -1
33 -1 -1 -1 -1 -1 -1 -1 -1 -1 -1 -1 -1 -1 -1 -1 -1 -1 -1 -1 -1
34 -1 -1 -1 -1 -1 -1 -1 -1 -1 -1 -1 -1 -1 -1 -1 -1 -1 -1 -1 -1
35 -1 -1 -1 -1 -1 -1 -1 -1 -1 -1 -1 -1 -1 -1 -1 -1 -1 -1 -1 -1
36 -1 -1 -1 -1 -1 -1 -1 -1 -1 -1 -1 -1 -1 -1 -1 -1 -1 -1 -1 -1
37 -1 -1 -1 -1 -1 -1 -1 -1 -1 -1 -1 -1 -1 -1 -1 -1 -1 -1 -1 -1
38 -1 -1 -1 -1 -1 -1 -1 -1 -1 -1 -1 -1 -1 -1 -1 -1 -1 -1 -1 -1
39 -1 -1 -1 -1 -1 -1 -1 -1 -1 -1 -1 -1 -1 -1 -1 -1 -1 -1 -1 -1
40 -1 -1 -1 -1 -1 -1 -1 -1 -1 -1 -1 -1 -1 -1 -1 -1 -1 -1 -1 -1
41 -1 -1 -1 -1 -1 -1 -1 -1 -1 -1 -1 -1 -1 -1 -1 -1 -1 -1 -1 -1
42 -1 -1 -1 -1 -1 -1 -1 -1 -1 -1 -1 -1 -1 -1 -1 -1 -1 -1 -1 -1
43 -1 -1 -1 -1 -1 -1 -1 -1 -1 -1 -1 -1 -1 -1 -1 -1 -1 -1 -1 -1
44 -1 -1 -1 -1 -1 -1 -1 -1 -1 -1 -1 -1 -1 -1 -1 -1 -1 -1 -1 -1
45 -1 -1 -1 -1 -1 -1 -1 -1 -1 -1 -1 -1 -1 -1 -1 -1 -1 -1 -1 -1
46 -1 -1 -1 -1 -1 -1 -1 -1 -1 -1 -1 -1 -1 -1 -1 -1 -1 -1 -1 -1
47 -1 -1 -1 -1 -1 -1 -1 -1 -1 -1 -1 -1 -1 -1 -1 -1 -1 -1 -1 -1
48 -1 -1 -1 -1 -1 -1 -1 -1 -1 -1 -1 -1 -1 -1 -1 -1 -1 -1 -1 -1
49 -1 -1 -1 -1 -1 -1 -1 -1 -1 -1 -1 -1 -1 -1 -1 -1 -1 -1 -1 -1
50 -1 -1 -1 -1 -1 -1 -1 -1 -1 -1 -1 -1 -1 -1 -1 -1 -1 -1 -1 -1
51 -1 -1 -1 -1 -1 -1 -1 -1 -1 -1 -1 -1 -1 -1 -1 -1 -1 -1 -1 -1
52 -1 -1 -1 -1 -1 -1 -1 -1 -1 -1 -1 -1 -1 -1 -1 -1 -1 -1 -1 -1
53 -1 -1 -1 -1 -1 -1 -1 -1 -1 -1 -1 -1 -1 -1 -1 -1 -1 -1 -1 -1
54 -1 -1 -1 -1 -1 -1 -1 -1 -1 -1 -1 -1 -1 -1 -1 -1 -1 -1 -1 -1
55 -1 -1 -1 -1 -1 -1 -1 -1 -1 -1 -1 -1 -1 -1 -1 -1 -1 -1 -1 -1
56 -1 -1 -1 -1 -1 -1 -1 -1 -1 -1 -1 -1 -1 -1 -1 -1 -1 -1 -1 -1
57 -1 -1 -1 -1 -1 -1 -1 -1 -1 -1 -1 -1 -1 -1 -1 -1 -1 -1 -1 -1
58 -1 -1 -1 -1 -1 -1 -1 -1 -1 -1 -1 -1 -1 -1 -1 -1 -1 -1 -1 -1
59 -1 -1 -1 -1 -1 -1 -1 -1 -1 -1 -1 -1 -1 -1 -1 -1 -1 -1 -1 -1
60 -1 -1 -1 -1 -1 -1 -1 -1 -1 -1 -1 -1 -1 -1 -1 -1 -1 -1 -1 -1
61 -1 -1 -1 -1 -1 -1 -1 -1 -1 -1 -1 -1 -1 -1 -1 -1 -1 -1 -1 -1
62 -1 -1 -1 -1 -1 -1 -1 -1 -1 -1 -1 -1 -1 -1 -1 -1 -1 -1 -1 -1
63 -1 -1 -1 -1 -1 -1 -1 -1 -1 -1 -1 -1 -1 -1 -1 -1 -1 -1 -1 -1
64 -1 -1 -1 -1 -1 -1 -1 -1 -1 -1 -1 -1 -1 -1 -1 -1 -1 -1 -1 -1
65 -1 -1 -1 -1 -1 -1 -1 -1 -1 -1 -1 -1 -1 -1 -1 -1 -1 -1 -1 -1
66 -1 -1 -1 -1 -1 -1 -1 -1 -1 -1 -1 -1 -1 -1 -1 -1 -1 -1 -1 -1
67 -1 -1 -1 -1 -1 -1 -1 -1 -1 -1 -1 -1 -1 -1 -1 -1 -1 -1 -1 -1
68 -1 -1 -1 -1 -1 -1 -1 -1 -1 -1 -1 -1 -1 -1 -1 -1 -1 -1 -1 -1
69 -1 -1 -1 -1 -1 -1 -1 -1 -1 -1 -1 -1 -1 -1 -1 -1 -1 -1 -1 -1
70 -1 -1 -1 -1 -1 -1 -1 -1 -1 -1 -1 -1 -1 -1 -1 -1 -1 -1 -1 -1
71 -1 -1 -1 -1 -1 -1 -1 -1 -1 -1 -1 -1 -1 -1 -1 -1 -1 -1 -1 -1
72 -1 -1 -1 -1 -1 -1 -1 -1 -1 -1 -1 -1 -1 -1 -1 -1 -1 -1 -1 -1
73 0.986601 0.437411 0.993583 0.591454 0.992239 0.590703 0.994928 0.592206 0.992239 0.590703 0.978063 0.689929 0.965970 0.813210 0.994928 0.592206 0.955741 0.657360 0.925704 0.741320
74 0.990549 0.430133 0.983869 0.577203 0.972789 0.576247 0.994948 0.578160 0.972789 0.576247 0.944240 0.650695 0.904439 0.731536 0.994948 0.578160 0.967350 0.665803 0.955704 0.793313
75 0.983859 0.418481 0.975489 0.569008 0.971095 0.568918 0.979884 0.569097 0.971095 0.568918 0.955894 0.662128 0.952649 0.778050 0.979884 0.569097 0.935682 0.643643 0.889739 0.718509
76 0.985122 0.353028 0.974599 0.533631 0.969404 0.541798 0.979795 0.525463 0.969404 0.541798 0.957296 0.663678 0.964085 0.796353 0.979795 0.525463 0.921928 0.617933 0.874773 0.705990
77 0.989273 0.307250 0.964322 0.510790 0.961662 0.518247 0.966983 0.503333 0.961662 0.518247 0.952537 0.662537 0.966537 0.799530 0.966983 0.503333 0.912343 0.609981 0.870983 0.709517
78 0.989090 0.293333 0.949686 0.504963 0.951118 0.512207 0.948254 0.497719 0.951118 0.512207 0.943403 0.656941 0.965334 0.799603 0.948254 0.497719 0.901165 0.606518 0.869231 0.709703
79 0.987047 0.284184 0.938262 0.500365 0.939195 0.506371 0.937330 0.494359 0.939195 0.506371 0.923152 0.642712 0.964476 0.794797 0.937330 0.494359 0.895916 0.604217 0.869190 0.708099
80 0.979685 0.274269 0.928751 0.487208 0.927769 0.493571 0.929734 0.480845 0.927769 0.493571 0.900994 0.624860 0.956417 0.778387 0.929734 0.480845 0.894018 0.599742 0.871519 0.709127
81 0.969135 0.270408 0.918833 0.481601 0.914948 0.486199 0.922719 0.477004 0.914948 0.486199 0.887417 0.610057 0.940815 0.758836 0.922719 0.477004 0.886113 0.586809 0.869036 0.705213
82 0.957837 0.267392 0.908507 0.477629 0.904991 0.482124 0.912024 0.473134 0.904991 0.482124 0.877926 0.607179 0.915395 0.739374 0.912024 0.473134 0.878041 0.585035 0.868918 0.706056
83 0.949410 0.261288 0.901113 0.469910 0.895563 0.475262 0.906663 0.464558 0.895563 0.475262 0.866343 0.597053 0.890473 0.721897 0.906663 0.464558 0.873422 0.580276 0.870980 0.705002
84 0.941803 0.260401 0.894594 0.466936 0.889141 0.474585 0.900047 0.459286 0.889141 0.474585 0.857091 0.588780 0.872068 0.715510 0.900047 0.459286 0.867281 0.570707 0.871595 0.693497
85 0.932765 0.258972 0.886336 0.467183 0.880236 0.475733 0.892436 0.458633 0.880236 0.475733 0.843608 0.590833 0.857366 0.723347 0.892436 0.458633 0.862960 0.575239 0.864323 0.694339
86 0.925103 0.258453 0.882188 0.461330 0.874446 0.469112 0.889930 0.453549 0.874446 0.469112 0.826889 0.583910 0.830971 0.713021 0.889930 0.453549 0.867483 0.579289 0.865746 0.696930
87 0.917758 0.253921 0.874148 0.460885 0.866356 0.467663 0.881941 0.454108 0.866356 0.467663 0.822329 0.583541 0.804572 0.710374 0.881941 0.454108 0.864168 0.580206 0.867427 0.699005
88 0.908839 0.251351 0.869324 0.458454 0.861782 0.463083 0.876865 0.453825 0.861782 0.463083 0.820380 0.582421 0.780054 0.701067 0.876865 0.453825 0.858773 0.581847 0.865875 0.700140
89 0.900823 0.245514 0.865496 0.450899 0.857875 0.453609 0.873116 0.448188 0.857875 0.453609 0.817617 0.572267 0.768460 0.688333 0.873116 0.448188 0.853803 0.578216 0.863997 0.700935
90 0.891465 0.248567 0.855307 0.454834 0.846780 0.458439 0.863834 0.451229 0.846780 0.458439 0.808999 0.573854 0.761998 0.687071 0.863834 0.451229 0.847978 0.579297 0.861810 0.703018
91 0.882772 0.248276 0.847029 0.453690 0.837759 0.457889 0.856298 0.449491 0.837759 0.457889 0.799171 0.573402 0.759093 0.689732 0.856298 0.449491 0.843002 0.578503 0.861183 0.703317
92 0.875513 0.243665 0.840551 0.448794 0.831731 0.453002 0.849371 0.444586 0.831731 0.453002 0.790684 0.570544 0.759331 0.690922 0.849371 0.444586 0.837034 0.577844 0.858795 0.703250
93 0.866342 0.239237 0.832481 0.437468 0.825216 0.441376 0.839745 0.433560 0.825216 0.441376 0.783299 0.559820 0.758640 0.690827 0.839745 0.433560 0.826606 0.567910 0.855440 0.698284
94 0.858230 0.232673 0.823421 0.432050 0.818630 0.435489 0.828212 0.428610 0.818630 0.435489 0.779274 0.554710 0.757828 0.689418 0.828212 0.428610 0.814674 0.560874 0.853238 0.692083
95 0.849477 0.230330 0.816680 0.430651 0.810990 0.434444 0.822369 0.426858 0.810990 0.434444 0.775386 0.549432 0.758253 0.687545 0.822369 0.426858 0.802285 0.550364 0.844212 0.671619
96 0.841457 0.228188 0.810925 0.429529 0.807104 0.433434 0.814746 0.425625 0.807104 0.433434 0.769861 0.550839 0.756582 0.688261 0.814746 0.425625 0.793662 0.544772 0.835216 0.660141
97 0.834476 0.227603 0.803489 0.427779 0.799731 0.432203 0.807246 0.423354 0.799731 0.432203 0.767736 0.551005 0.756799 0.689276 0.807246 0.423354 0.785514 0.540765 0.822013 0.656207
98 0.827095 0.226303 0.797217 0.424252 0.793042 0.429306 0.801393 0.419198 0.793042 0.429306 0.765295 0.547813 0.756394 0.688605 0.801393 0.419198 0.779474 0.536178 0.808315 0.647885
99 0.821549 0.226947 0.789540 0.424879 0.789227 0.431390 0.789854 0.418367 0.789227 0.431390 0.763896 0.550029 0.758058 0.684500 0.789854 0.418367 0.768231 0.533646 0.794263 0.648504
100 0.816182 0.227004 0.783368 0.424456 0.785216 0.432207 0.781520 0.416706 0.785216 0.432207 0.762318 0.552168 0.759026 0.683445 0.781520 0.416706 0.758745 0.529325 0.776685 0.635689
101 0.810296 0.225024 0.777959 0.422304 0.780343 0.431898 0.775574 0.412709 0.780343 0.431898 0.760331 0.552608 0.758736 0.684547 0.775574 0.412709 0.748042 0.519507 0.756534 0.614279
102 0.803023 0.224478 0.773003 0.422915 0.776533 0.431905 0.769472 0.413925 0.776533 0.431905 0.759821 0.558397 0.757701 0.685372 0.769472 0.413925 0.742877 0.527684 0.747282 0.631567
103 0.797185 0.222840 0.770782 0.418599 0.774730 0.426550 0.766834 0.410648 0.774730 0.426550 0.759074 0.558109 0.755605 0.685285 0.766834 0.410648 0.735860 0.517244 0.727126 0.624117
104 0.791049 0.222508 0.767359 0.416471 0.769492 0.423808 0.765225 0.409133 0.769492 0.423808 0.754928 0.552558 0.755798 0.685614 0.765225 0.409133 0.733857 0.512213 0.712228 0.614215
105 0.785121 0.221924 0.762719 0.415548 0.760260 0.421943 0.765178 0.409154 0.760260 0.421943 0.749051 0.545563 0.754186 0.684325 0.765178 0.409154 0.733680 0.513827 0.701694 0.609791
106 0.779194 0.221372 0.758228 0.415329 0.755788 0.421856 0.760669 0.408803 0.755788 0.421856 0.745322 0.544448 0.754746 0.684538 0.760669 0.408803 0.726009 0.509271 0.693401 0.607256
107 0.774351 0.221688 0.753101 0.415795 0.749067 0.421605 0.757135 0.409985 0.749067 0.421605 0.735962 0.535382 0.735111 0.654492 0.757135 0.409985 0.731965 0.520066 0.713669 0.632726
108 0.768144 0.220007 0.748320 0.409986 0.742764 0.413207 0.753876 0.406766 0.742764 0.413207 0.725513 0.521211 0.730105 0.639727 0.753876 0.406766 0.728975 0.520986 0.716911 0.642186
109 0.762370 0.217507 0.741696 0.405746 0.734346 0.407326 0.749047 0.404165 0.734346 0.407326 0.706226 0.504034 0.687210 0.611785 0.749047 0.404165 0.730730 0.525401 0.741382 0.672999
110 0.756646 0.215335 0.734582 0.404262 0.727981 0.406344 0.741183 0.402180 0.727981 0.406344 0.702999 0.511881 0.701991 0.616417 0.741183 0.402180 0.726444 0.527511 0.741301 0.666505
111 0.749678 0.208833 0.725062 0.400967 0.723345 0.404525 0.726779 0.397410 0.723345 0.404525 0.709488 0.512930 0.729081 0.655965 0.726779 0.397410 0.710862 0.523265 0.686412 0.617555
112 0.744504 0.200843 0.718218 0.391258 0.720306 0.397398 0.716130 0.385118 0.720306 0.397398 0.702120 0.515955 0.730045 0.641708 0.716130 0.385118 0.700279 0.513995 0.694232 0.622045
113 0.738921 0.196181 0.713794 0.384779 0.716002 0.391727 0.711586 0.377830 0.716002 0.391727 0.694337 0.511594 0.723154 0.639197 0.711586 0.377830 0.693941 0.505101 0.681516 0.606479
114 0.732901 0.194615 0.708314 0.383647 0.705872 0.388650 0.710757 0.378644 0.705872 0.388650 0.680078 0.502835 0.707468 0.630280 0.710757 0.378644 0.685724 0.493123 0.683171 0.605628
115 0.727371 0.192313 0.703035 0.385547 0.699900 0.390937 0.706169 0.380156 0.699900 0.390937 0.676165 0.502864 0.701650 0.625310 0.706169 0.380156 0.678309 0.488148 0.684357 0.597004
116 0.723470 0.189538 0.698851 0.378439 0.697828 0.384582 0.699874 0.372296 0.697828 0.384582 0.674704 0.493966 0.684662 0.610400 0.699874 0.372296 0.677554 0.478981 0.684674 0.582717
117 0.719369 0.189239 0.694005 0.380123 0.694323 0.386072 0.693687 0.374174 0.694323 0.386072 0.672417 0.495311 0.673555 0.610948 0.693687 0.374174 0.671912 0.478797 0.669575 0.583721
118 0.714599 0.188050 0.691100 0.381567 0.690219 0.387053 0.691982 0.376081 0.690219 0.387053 0.665945 0.493926 0.666687 0.613528 0.691982 0.376081 0.670810 0.481008 0.666392 0.591923
119 0.710431 0.185656 0.687968 0.382133 0.684929 0.387293 0.691007 0.376974 0.684929 0.387293 0.647932 0.485217 0.656485 0.607480 0.691007 0.376974 0.669864 0.480027 0.670598 0.593839
120 0.706284 0.182051 0.686193 0.380130 0.680756 0.383714 0.691629 0.376547 0.680756 0.383714 0.634205 0.466140 0.636902 0.569684 0.691629 0.376547 0.672101 0.481928 0.670291 0.595544
121 0.700946 0.180203 0.682417 0.378476 0.674915 0.380571 0.689920 0.376381 0.674915 0.380571 0.613438 0.466468 0.619529 0.589976 0.689920 0.376381 0.673323 0.483997 0.670827 0.600586
122 0.696261 0.178811 0.678817 0.376122 0.670651 0.377132 0.686983 0.375113 0.670651 0.377132 0.617794 0.454800 0.625254 0.470378 0.686983 0.375113 0.674138 0.484831 0.672655 0.602901
123 0.690695 0.176667 0.673671 0.373604 0.666647 0.373982 0.680695 0.373225 0.666647 0.373982 0.600419 0.434442 0.610949 0.504487 0.680695 0.373225 0.672362 0.483983 0.672754 0.612791
124 0.686333 0.175851 0.669105 0.372460 0.659586 0.372076 0.678624 0.372844 0.659586 0.372076 0.595802 0.430708 0.593893 0.506194 0.678624 0.372844 0.668582 0.483137 0.674523 0.613806
125 0.679848 0.176017 0.664973 0.372432 0.654977 0.371668 0.674970 0.373197 0.654977 0.371668 0.596069 0.433649 0.591761 0.522300 0.674970 0.373197 0.666625 0.483657 0.671727 0.613600
126 0.674459 0.176467 0.659889 0.372958 0.647788 0.372536 0.671989 0.373380 0.647788 0.372536 0.583746 0.428802 0.589908 0.500325 0.671989 0.373380 0.666394 0.484822 0.669728 0.613220
127 0.667807 0.177058 0.653773 0.373946 0.640799 0.373357 0.666746 0.374535 0.640799 0.373357 0.582754 0.436245 0.586919 0.519758 0.666746 0.374535 0.664002 0.484919 0.663928 0.613019
128 0.660057 0.176918 0.648769 0.374247 0.632799 0.373252 0.664739 0.375242 0.632799 0.373252 0.590256 0.458334 0.578381 0.573087 0.664739 0.375242 0.662349 0.486473 0.665307 0.614444
129 0.653156 0.177184 0.643551 0.375627 0.625491 0.373658 0.661611 0.377596 0.625491 0.373658 0.586034 0.472603 0.574874 0.591946 0.661611 0.377596 0.661480 0.488790 0.665427 0.614080
130 0.644483 0.178191 0.637748 0.375856 0.617776 0.374036 0.657720 0.377676 0.617776 0.374036 0.587064 0.474360 0.574800 0.592829 0.657720 0.377676 0.657668 0.486980 0.664255 0.608835
131 0.636748 0.179538 0.634164 0.375661 0.612900 0.374240 0.655427 0.377081 0.612900 0.374240 0.587754 0.474487 0.574021 0.596019 0.655427 0.377081 0.653476 0.485289 0.660969 0.604654
132 0.631248 0.181016 0.631118 0.375230 0.609838 0.374375 0.652397 0.376085 0.609838 0.374375 0.588683 0.477419 0.577026 0.597597 0.652397 0.376085 0.648492 0.482694 0.657228 0.599322
133 0.623840 0.180682 0.627214 0.372845 0.604790 0.374362 0.649638 0.371329 0.604790 0.374362 0.588906 0.476616 0.577531 0.597531 0.649638 0.371329 0.643676 0.480685 0.649338 0.597728
134 0.617990 0.182748 0.625083 0.371041 0.602239 0.374202 0.647926 0.367879 0.602239 0.374202 0.589777 0.476260 0.577934 0.593575 0.647926 0.367879 0.639461 0.476574 0.641855 0.591751
135 0.613864 0.180116 0.620606 0.367502 0.599932 0.371812 0.641279 0.363192 0.599932 0.371812 0.584373 0.475776 0.578293 0.591373 0.641279 0.363192 0.631575 0.477520 0.633590 0.592557
136 0.609145 0.179431 0.619183 0.367963 0.597088 0.371872 0.641278 0.364055 0.597088 0.371872 0.586409 0.475364 0.579584 0.593436 0.641278 0.364055 0.629280 0.480603 0.627546 0.597261
137 0.606691 0.181078 0.617507 0.367937 0.595802 0.371932 0.639213 0.363941 0.595802 0.371932 0.587673 0.477505 0.579960 0.595894 0.639213 0.363941 0.627126 0.484765 0.624813 0.601008
138 0.604770 0.180814 0.614606 0.367487 0.594584 0.372030 0.634627 0.362944 0.594584 0.372030 0.588486 0.478087 0.580346 0.597671 0.634627 0.362944 0.623323 0.484755 0.616621 0.604642
139 0.601802 0.181599 0.611626 0.367101 0.591332 0.371443 0.631920 0.362759 0.591332 0.371443 0.587740 0.477193 0.580576 0.597763 0.631920 0.362759 0.622672 0.482879 0.618186 0.604643
140 0.600702 0.181670 0.611138 0.365851 0.595213 0.369401 0.627063 0.362300 0.595213 0.369401 0.586353 0.476776 0.580877 0.597633 0.627063 0.362300 0.617429 0.480284 0.620297 0.604369
141 0.600486 0.181571 0.609342 0.366126 0.593597 0.369543 0.625087 0.362710 0.593597 0.369543 0.586826 0.478138 0.580967 0.609188 0.625087 0.362710 0.613289 0.480451 0.617367 0.609033
142 0.599448 0.184142 0.606610 0.370262 0.587556 0.373149 0.625664 0.367374 0.587556 0.373149 0.586992 0.480252 0.580901 0.611698 0.625664 0.367374 0.616419 0.481588 0.620754 0.609616
143 0.599951 0.186816 0.607589 0.376830 0.587609 0.378539 0.627569 0.375122 0.587609 0.378539 0.584407 0.482291 0.580288 0.608575 0.627569 0.375122 0.616633 0.484021 0.621616 0.610005
144 0.599906 0.187517 0.607641 0.378125 0.586739 0.380086 0.628544 0.376164 0.586739 0.380086 0.584159 0.487277 0.580376 0.614398 0.628544 0.376164 0.617738 0.487084 0.621389 0.614535
145 0.601403 0.189043 0.608232 0.378152 0.586871 0.379888 0.629593 0.376415 0.586871 0.379888 0.582860 0.485939 0.579179 0.611793 0.629593 0.376415 0.618655 0.487816 0.620101 0.614228
146 0.602290 0.191032 0.608428 0.378710 0.586819 0.379970 0.630037 0.377449 0.586819 0.379970 0.581065 0.485523 0.578275 0.610324 0.630037 0.377449 0.617779 0.490135 0.618696 0.613609
147 0.604383 0.192879 0.608666 0.377735 0.586888 0.378427 0.630445 0.377043 0.586888 0.378427 0.575717 0.476335 0.576147 0.606214 0.630445 0.377043 0.616976 0.490390 0.617991 0.613191
148 0.607132 0.195981 0.608819 0.378128 0.586986 0.378047 0.630652 0.378210 0.586986 0.378047 0.567620 0.469211 0.570436 0.599066 0.630652 0.378210 0.612476 0.487854 0.617281 0.612431
149 0.609981 0.199820 0.609148 0.381490 0.587531 0.380083 0.630766 0.382898 0.587531 0.380083 0.562643 0.466854 0.566698 0.595945 0.630766 0.382898 0.611493 0.486946 0.617953 0.609976
150 0.612082 0.205965 0.609875 0.387266 0.587657 0.385069 0.632094 0.389464 0.587657 0.385069 0.559316 0.458361 0.563514 0.587877 0.632094 0.389464 0.612322 0.484091 0.621678 0.595946
151 0.613328 0.212091 0.610635 0.392500 0.587761 0.389917 0.633509 0.395084 0.587761 0.389917 0.558967 0.449735 0.558999 0.580628 0.633509 0.395084 0.608732 0.478804 0.624133 0.584736
152 0.614410 0.214978 0.612108 0.391850 0.589892 0.388747 0.634323 0.394954 0.589892 0.388747 0.560213 0.449918 0.554549 0.581900 0.634323 0.394954 0.609174 0.478262 0.624083 0.588181
153 0.614872 0.217519 0.613263 0.391148 0.591221 0.387846 0.635305 0.394450 0.591221 0.387846 0.561372 0.453484 0.549099 0.583270 0.635305 0.394450 0.608932 0.478603 0.622788 0.590672
154 0.615058 0.220748 0.613792 0.390683 0.591600 0.387300 0.635984 0.394066 0.591600 0.387300 0.561273 0.454382 0.544257 0.583919 0.635984 0.394066 0.609547 0.478748 0.621951 0.591777
155 0.614952 0.223239 0.614114 0.391228 0.591680 0.387740 0.636548 0.394717 0.591680 0.387740 0.561668 0.458251 0.541097 0.587537 0.636548 0.394717 0.613268 0.480627 0.622013 0.593216
156 0.614466 0.229823 0.614392 0.396957 0.591846 0.394404 0.636938 0.399511 0.591846 0.394404 0.562015 0.468142 0.539788 0.596561 0.636938 0.399511 0.613010 0.486093 0.620460 0.596019
157 0.612240 0.235820 0.614126 0.400478 0.591319 0.398413 0.636932 0.402543 0.591319 0.398413 0.562409 0.470515 0.542751 0.600278 0.636932 0.402543 0.609729 0.489715 0.619778 0.597998
158 0.608903 0.241498 0.613227 0.411392 0.589538 0.409487 0.636916 0.413297 0.589538 0.409487 0.562632 0.469335 0.543751 0.600131 0.636916 0.413297 0.603016 0.494694 0.616102 0.598603
159 0.606384 0.246997 0.612052 0.413693 0.588806 0.411188 0.635298 0.416198 0.588806 0.411188 0.561562 0.468988 0.542418 0.600781 0.635298 0.416198 0.604174 0.501027 0.616242 0.607547
160 0.604329 0.252174 0.610712 0.419615 0.587663 0.416155 0.633761 0.423074 0.587663 0.416155 0.559875 0.472542 0.539462 0.606702 0.633761 0.423074 0.605441 0.511441 0.613490 0.616674
161 0.601155 0.260013 0.608989 0.428948 0.585604 0.425001 0.632374 0.432896 0.585604 0.425001 0.558104 0.478513 0.537533 0.613431 0.632374 0.432896 0.606812 0.517761 0.613419 0.620045
162 0.598998 0.267030 0.608551 0.435933 0.585098 0.432343 0.632004 0.439524 0.585098 0.432343 0.556079 0.478237 0.538024 0.611746 0.632004 0.439524 0.607109 0.525008 0.615860 0.630493
163 0.598537 0.276012 0.608602 0.439744 0.585071 0.436327 0.632134 0.443160 0.585071 0.436327 0.555837 0.480922 0.537880 0.612547 0.632134 0.443160 0.607532 0.528635 0.614293 0.627258
164 0.597618 0.284092 0.608468 0.448922 0.584726 0.445047 0.632210 0.452796 0.584726 0.445047 0.553196 0.486245 0.535585 0.612504 0.632210 0.452796 0.607585 0.537311 0.612858 0.623463
165 0.597032 0.293674 0.608259 0.462558 0.584242 0.459434 0.632276 0.465682 0.584242 0.459434 0.548825 0.484308 0.534743 0.611735 0.632276 0.465682 0.607548 0.537868 0.613114 0.618810
166 0.596383 0.304638 0.607107 0.481411 0.582236 0.477612 0.631978 0.485210 0.582236 0.477612 0.543694 0.483383 0.533446 0.610995 0.631978 0.485210 0.604092 0.538735 0.612013 0.618174
167 0.596182 0.315218 0.607163 0.500312 0.582617 0.493220 0.631709 0.507405 0.582617 0.493220 0.541228 0.481676 0.534531 0.601739 0.631709 0.507405 0.599024 0.537880 0.612139 0.624426
168 0.596787 0.327232 0.607026 0.525870 0.582855 0.518220 0.631196 0.533520 0.582855 0.518220 0.540087 0.481115 0.535225 0.597617 0.631196 0.533520 0.595757 0.540557 0.607550 0.622963
169 0.596755 0.336121 0.606657 0.545554 0.582776 0.539749 0.630537 0.551359 0.582776 0.539749 0.542874 0.480670 0.538374 0.587844 0.630537 0.551359 0.599634 0.547495 0.607896 0.623383
170 -1 -1 -1 -1 -1 -1 -1 -1 -1 -1 -1 -1 -1 -1 -1 -1 -1 -1 -1 -1
171 -1 -1 -1 -1 -1 -1 -1 -1 -1 -1 -1 -1 -1 -1 -1 -1 -1 -1 -1 -1
172 -1 -1 -1 -1 -1 -1 -1 -1 -1 -1 -1 -1 -1 -1 -1 -1 -1 -1 -1 -1
173 -1 -1 -1 -1 -1 -1 -1 -1 -1 -1 -1 -1 -1 -1 -1 -1 -1 -1 -1 -1
174 -1 -1 -1 -1 -1 -1 -1 -1 -1 -1 -1 -1 -1 -1 -1 -1 -1 -1 -1 -1
175 -1 -1 -1 -1 -1 -1 -1 -1 -1 -1 -1 -1 -1 -1 -1 -1 -1 -1 -1 -1
176 -1 -1 -1 -1 -1 -1 -1 -1 -1 -1 -1 -1 -1 -1 -1 -1 -1 -1 -1 -1
177 -1 -1 -1 -1 -1 -1 -1 -1 -1 -1 -1 -1 -1 -1 -1 -1 -1 -1 -1 -1
178 -1 -1 -1 -1 -1 -1 -1 -1 -1 -1 -1 -1 -1 -1 -1 -1 -1 -1 -1 -1
179 -1 -1 -1 -1 -1 -1 -1 -1 -1 -1 -1 -1 -1 -1 -1 -1 -1 -1 -1 -1
180 -1 -1 -1 -1 -1 -1 -1 -1 -1 -1 -1 -1 -1 -1 -1 -1 -1 -1 -1 -1
181 -1 -1 -1 -1 -1 -1 -1 -1 -1 -1 -1 -1 -1 -1 -1 -1 -1 -1 -1 -1
182 -1 -1 -1 -1 -1 -1 -1 -1 -1 -1 -1 -1 -1 -1 -1 -1 -1 -1 -1 -1
183 -1 -1 -1 -1 -1 -1 -1 -1 -1 -1 -1 -1 -1 -1 -1 -1 -1 -1 -1 -1
184 -1 -1 -1 -1 -1 -1 -1 -1 -1 -1 -1 -1 -1 -1 -1 -1 -1 -1 -1 -1
185 -1 -1 -1 -1 -1 -1 -1 -1 -1 -1 -1 -1 -1 -1 -1 -1 -1 -1 -1 -1
186 -1 -1 -1 -1 -1 -1 -1 -1 -1 -1 -1 -1 -1 -1 -1 -1 -1 -1 -1 -1
187 -1 -1 -1 -1 -1 -1 -1 -1 -1 -1 -1 -1 -1 -1 -1 -1 -1 -1 -1 -1
188 -1 -1 -1 -1 -1 -1 -1 -1 -1 -1 -1 -1 -1 -1 -1 -1 -1 -1 -1 -1
189 -1 -1 -1 -1 -1 -1 -1 -1 -1 -1 -1 -1 -1 -1 -1 -1 -1 -1 -1 -1
190 -1 -1 -1 -1 -1 -1 -1 -1 -1 -1 -1 -1 -1 -1 -1 -1 -1 -1 -1 -1
191 -1 -1 -1 -1 -1 -1 -1 -1 -1 -1 -1 -1 -1 -1 -1 -1 -1 -1 -1 -1
192 -1 -1 -1 -1 -1 -1 -1 -1 -1 -1 -1 -1 -1 -1 -1 -1 -1 -1 -1 -1
193 -1 -1 -1 -1 -1 -1 -1 -1 -1 -1 -1 -1 -1 -1 -1 -1 -1 -1 -1 -1
194 -1 -1 -1 -1 -1 -1 -1 -1 -1 -1 -1 -1 -1 -1 -1 -1 -1 -1 -1 -1
195 -1 -1 -1 -1 -1 -1 -1 -1 -1 -1 -1 -1 -1 -1 -1 -1 -1 -1 -1 -1
196 -1 -1 -1 -1 -1 -1 -1 -1 -1 -1 -1 -1 -1 -1 -1 -1 -1 -1 -1 -1
197 -1 -1 -1 -1 -1 -1 -1 -1 -1 -1 -1 -1 -1 -1 -1 -1 -1 -1 -1 -1
198 -1 -1 -1 -1 -1 -1 -1 -1 -1 -1 -1 -1 -1 -1 -1 -1 -1 -1 -1 -1
199 -1 -1 -1 -1 -1 -1 -1 -1 -1 -1 -1 -1 -1 -1 -1 -1 -1 -1 -1 -1
200 -1 -1 -1 -1 -1 -1 -1 -1 -1 -1 -1 -1 -1 -1 -1 -1 -1 -1 -1 -1
201 -1 -1 -1 -1 -1 -1 -1 -1 -1 -1 -1 -1 -1 -1 -1 -1 -1 -1 -1 -1
202 -1 -1 -1 -1 -1 -1 -1 -1 -1 -1 -1 -1 -1 -1 -1 -1 -1 -1 -1 -1
203 -1 -1 -1 -1 -1 -1 -1 -1 -1 -1 -1 -1 -1 -1 -1 -1 -1 -1 -1 -1
204 -1 -1 -1 -1 -1 -1 -1 -1 -1 -1 -1 -1 -1 -1 -1 -1 -1 -1 -1 -1
205 -1 -1 -1 -1 -1 -1 -1 -1 -1 -1 -1 -1 -1 -1 -1 -1 -1 -1 -1 -1
206 -1 -1 -1 -1 -1 -1 -1 -1 -1 -1 -1 -1 -1 -1 -1 -1 -1 -1 -1 -1
207 -1 -1 -1 -1 -1 -1 -1 -1 -1 -1 -1 -1 -1 -1 -1 -1 -1 -1 -1 -1
208 -1 -1 -1 -1 -1 -1 -1 -1 -1 -1 -1 -1 -1 -1 -1 -1 -1 -1 -1 -1
209 -1 -1 -1 -1 -1 -1 -1 -1 -1 -1 -1 -1 -1 -1 -1 -1 -1 -1 -1 -1
210 -1 -1 -1 -1 -1 -1 -1 -1 -1 -1 -1 -1 -1 -1 -1 -1 -1 -1 -1 -1
211 -1 -1 -1 -1 -1 -1 -1 -1 -1 -1 -1 -1 -1 -1 -1 -1 -1 -1 -1 -1
212 -1 -1 -1 -1 -1 -1 -1 -1 -1 -1 -1 -1 -1 -1 -1 -1 -1 -1 -1 -1
213 -1 -1 -1 -1 -1 -1 -1 -1 -1 -1 -1 -1 -1 -1 -1 -1 -1 -1 -1 -1
214 -1 -1 -1 -1 -1 -1 -1 -1 -1 -1 -1 -1 -1 -1 -1 -1 -1 -1 -1 -1
215 -1 -1 -1 -1 -1 -1 -1 -1 -1 -1 -1 -1 -1 -1 -1 -1 -1 -1 -1 -1
216 -1 -1 -1 -1 -1 -1 -1 -1 -1 -1 -1 -1 -1 -1 -1 -1 -1 -1 -1 -1
217 -1 -1 -1 -1 -1 -1 -1 -1 -1 -1 -1 -1 -1 -1 -1 -1 -1 -1 -1 -1
218 -1 -1 -1 -1 -1 -1 -1 -1 -1 -1 -1 -1 -1 -1 -1 -1 -1 -1 -1 -1
219 -1 -1 -1 -1 -1 -1 -1 -1 -1 -1 -1 -1 -1 -1 -1 -1 -1 -1 -1 -1
220 -1 -1 -1 -1 -1 -1 -1 -1 -1 -1 -1 -1 -1 -1 -1 -1 -1 -1 -1 -1
221 -1 -1 -1 -1 -1 -1 -1 -1 -1 -1 -1 -1 -1 -1 -1 -1 -1 -1 -1 -1
222 -1 -1 -1 -1 -1 -1 -1 -1 -1 -1 -1 -1 -1 -1 -1 -1 -1 -1 -1 -1
223 -1 -1 -1 -1 -1 -1 -1 -1 -1 -1 -1 -1 -1 -1 -1 -1 -1 -1 -1 -1
224 -1 -1 -1 -1 -1 -1 -1 -1 -1 -1 -1 -1 -1 -1 -1 -1 -1 -1 -1 -1
225 -1 -1 -1 -1 -1 -1 -1 -1 -1 -1 -1 -1 -1 -1 -1 -1 -1 -1 -1 -1
226 -1 -1 -1 -1 -1 -1 -1 -1 -1 -1 -1 -1 -1 -1 -1 -1 -1 -1 -1 -1
227 -1 -1 -1 -1 -1 -1 -1 -1 -1 -1 -1 -1 -1 -1 -1 -1 -1 -1 -1 -1
228 -1 -1 -1 -1 -1 -1 -1 -1 -1 -1 -1 -1 -1 -1 -1 -1 -1 -1 -1 -1
229 -1 -1 -1 -1 -1 -1 -1 -1 -1 -1 -1 -1 -1 -1 -1 -1 -1 -1 -1 -1
230 -1 -1 -1 -1 -1 -1 -1 -1 -1 -1 -1 -1 -1 -1 -1 -1 -1 -1 -1 -1
231 -1 -1 -1 -1 -1 -1 -1 -1 -1 -1 -1 -1 -1 -1 -1 -1 -1 -1 -1 -1
232 -1 -1 -1 -1 -1 -1 -1 -1 -1 -1 -1 -1 -1 -1 -1 -1 -1 -1 -1 -1
233 -1 -1 -1 -1 -1 -1 -1 -1 -1 -1 -1 -1 -1 -1 -1 -1 -1 -1 -1 -1
234 -1 -1 -1 -1 -1 -1 -1 -1 -1 -1 -1 -1 -1 -1 -1 -1 -1 -1 -1 -1
235 -1 -1 -1 -1 -1 -1 -1 -1 -1 -1 -1 -1 -1 -1 -1 -1 -1 -1 -1 -1
236 -1 -1 -1 -1 -1 -1 -1 -1 -1 -1 -1 -1 -1 -1 -1 -1 -1 -1 -1 -1
237 -1 -1 -1 -1 -1 -1 -1 -1 -1 -1 -1 -1 -1 -1 -1 -1 -1 -1 -1 -1
238 -1 -1 -1 -1 -1 -1 -1 -1 -1 -1 -1 -1 -1 -1 -1 -1 -1 -1 -1 -1
239 -1 -1 -1 -1 -1 -1 -1 -1 -1 -1 -1 -1 -1 -1 -1 -1 -1 -1 -1 -1
240 -1 -1 -1 -1 -1 -1 -1 -1 -1 -1 -1 -1 -1 -1 -1 -1 -1 -1 -1 -1
241 -1 -1 -1 -1 -1 -1 -1 -1 -1 -1 -1 -1 -1 -1 -1 -1 -1 -1 -1 -1
242 -1 -1 -1 -1 -1 -1 -1 -1 -1 -1 -1 -1 -1 -1 -1 -1 -1 -1 -1 -1
243 -1 -1 -1 -1 -1 -1 -1 -1 -1 -1 -1 -1 -1 -1 -1 -1 -1 -1 -1 -1
244 -1 -1 -1 -1 -1 -1 -1 -1 -1 -1 -1 -1 -1 -1 -1 -1 -1 -1 -1 -1
245 -1 -1 -1 -1 -1 -1 -1 -1 -1 -1 -1 -1 -1 -1 -1 -1 -1 -1 -1 -1
246 -1 -1 -1 -1 -1 -1 -1 -1 -1 -1 -1 -1 -1 -1 -1 -1 -1 -1 -1 -1
247 -1 -1 -1 -1 -1 -1 -1 -1 -1 -1 -1 -1 -1 -1 -1 -1 -1 -1 -1 -1
248 -1 -1 -1 -1 -1 -1 -1 -1 -1 -1 -1 -1 -1 -1 -1 -1 -1 -1 -1 -1
249 -1 -1 -1 -1 -1 -1 -1 -1 -1 -1 -1 -1 -1 -1 -1 -1 -1 -1 -1 -1
250 -1 -1 -1 -1 -1 -1 -1 -1 -1 -1 -1 -1 -1 -1 -1 -1 -1 -1 -1 -1
251 -1 -1 -1 -1 -1 -1 -1 -1 -1 -1 -1 -1 -1 -1 -1 -1 -1 -1 -1 -1
252 -1 -1 -1 -1 -1 -1 -1 -1 -1 -1 -1 -1 -1 -1 -1 -1 -1 -1 -1 -1
253 -1 -1 -1 -1 -1 -1 -1 -1 -1 -1 -1 -1 -1 -1 -1 -1 -1 -1 -1 -1
254 -1 -1 -1 -1 -1 -1 -1 -1 -1 -1 -1 -1 -1 -1 -1 -1 -1 -1 -1 -1
255 -1 -1 -1 -1 -1 -1 -1 -1 -1 -1 -1 -1 -1 -1 -1 -1 -1 -1 -1 -1
256 -1 -1 -1 -1 -1 -1 -1 -1 -1 -1 -1 -1 -1 -1 -1 -1 -1 -1 -1 -1
257 -1 -1 -1 -1 -1 -1 -1 -1 -1 -1 -1 -1 -1 -1 -1 -1 -1 -1 -1 -1
258 -1 -1 -1 -1 -1 -1 -1 -1 -1 -1 -1 -1 -1 -1 -1 -1 -1 -1 -1 -1
259 -1 -1 -1 -1 -1 -1 -1 -1 -1 -1 -1 -1 -1 -1 -1 -1 -1 -1 -1 -1
260 -1 -1 -1 -1 -1 -1 -1 -1 -1 -1 -1 -1 -1 -1 -1 -1 -1 -1 -1 -1
261 -1 -1 -1 -1 -1 -1 -1 -1 -1 -1 -1 -1 -1 -1 -1 -1 -1 -1 -1 -1
262 -1 -1 -1 -1 -1 -1 -1 -1 -1 -1 -1 -1 -1 -1 -1 -1 -1 -1 -1 -1
263 -1 -1 -1 -1 -1 -1 -1 -1 -1 -1 -1 -1 -1 -1 -1 -1 -1 -1 -1 -1
264 -1 -1 -1 -1 -1 -1 -1 -1 -1 -1 -1 -1 -1 -1 -1 -1 -1 -1 -1 -1
265 -1 -1 -1 -1 -1 -1 -1 -1 -1 -1 -1 -1 -1 -1 -1 -1 -1 -1 -1 -1
266 -1 -1 -1 -1 -1 -1 -1 -1 -1 -1 -1 -1 -1 -1 -1 -1 -1 -1 -1 -1
267 -1 -1 -1 -1 -1 -1 -1 -1 -1 -1 -1 -1 -1 -1 -1 -1 -1 -1 -1 -1
268 -1 -1 -1 -1 -1 -1 -1 -1 -1 -1 -1 -1 -1 -1 -1 -1 -1 -1 -1 -1
269 -1 -1 -1 -1 -1 -1 -1 -1 -1 -1 -1 -1 -1 -1 -1 -1 -1 -1 -1 -1
270 -1 -1 -1 -1 -1 -1 -1 -1 -1 -1 -1 -1 -1 -1 -1 -1 -1 -1 -1 -1
271 -1 -1 -1 -1 -1 -1 -1 -1 -1 -1 -1 -1 -1 -1 -1 -1 -1 -1 -1 -1
272 -1 -1 -1 -1 -1 -1 -1 -1 -1 -1 -1 -1 -1 -1 -1 -1 -1 -1 -1 -1
273 -1 -1 -1 -1 -1 -1 -1 -1 -1 -1 -1 -1 -1 -1 -1 -1 -1 -1 -1 -1
274 -1 -1 -1 -1 -1 -1 -1 -1 -1 -1 -1 -1 -1 -1 -1 -1 -1 -1 -1 -1
275 -1 -1 -1 -1 -1 -1 -1 -1 -1 -1 -1 -1 -1 -1 -1 -1 -1 -1 -1 -1
276 -1 -1 -1 -1 -1 -1 -1 -1 -1 -1 -1 -1 -1 -1 -1 -1 -1 -1 -1 -1
277 -1 -1 -1 -1 -1 -1 -1 -1 -1 -1 -1 -1 -1 -1 -1 -1 -1 -1 -1 -1
278 -1 -1 -1 -1 -1 -1 -1 -1 -1 -1 -1 -1 -1 -1 -1 -1 -1 -1 -1 -1
279 -1 -1 -1 -1 -1 -1 -1 -1 -1 -1 -1 -1 -1 -1 -1 -1 -1 -1 -1 -1
280 -1 -1 -1 -1 -1 -1 -1 -1 -1 -1 -1 -1 -1 -1 -1 -1 -1 -1 -1 -1
281 -1 -1 -1 -1 -1 -1 -1 -1 -1 -1 -1 -1 -1 -1 -1 -1 -1 -1 -1 -1
282 -1 -1 -1 -1 -1 -1 -1 -1 -1 -1 -1 -1 -1 -1 -1 -1 -1 -1 -1 -1
283 -1 -1 -1 -1 -1 -1 -1 -1 -1 -1 -1 -1 -1 -1 -1 -1 -1 -1 -1 -1
284 -1 -1 -1 -1 -1 -1 -1 -1 -1 -1 -1 -1 -1 -1 -1 -1 -1 -1 -1 -1
285 -1 -1 -1 -1 -1 -1 -1 -1 -1 -1 -1 -1 -1 -1 -1 -1 -1 -1 -1 -1
286 -1 -1 -1 -1 -1 -1 -1 -1 -1 -1 -1 -1 -1 -1 -1 -1 -1 -1 -1 -1
287 -1 -1 -1 -1 -1 -1 -1 -1 -1 -1 -1 -1 -1 -1 -1 -1 -1 -1 -1 -1
288 -1 -1 -1 -1 -1 -1 -1 -1 -1 -1 -1 -1 -1 -1 -1 -1 -1 -1 -1 -1
289 -1 -1 -1 -1 -1 -1 -1 -1 -1 -1 -1 -1 -1 -1 -1 -1 -1 -1 -1 -1
290 -1 -1 -1 -1 -1 -1 -1 -1 -1 -1 -1 -1 -1 -1 -1 -1 -1 -1 -1 -1
291 -1 -1 -1 -1 -1 -1 -1 -1 -1 -1 -1 -1 -1 -1 -1 -1 -1 -1 -1 -1
292 -1 -1 -1 -1 -1 -1 -1 -1 -1 -1 -1 -1 -1 -1 -1 -1 -1 -1 -1 -1
293 -1 -1 -1 -1 -1 -1 -1 -1 -1 -1 -1 -1 -1 -1 -1 -1 -1 -1 -1 -1
294 -1 -1 -1 -1 -1 -1 -1 -1 -1 -1 -1 -1 -1 -1 -1 -1 -1 -1 -1 -1
295 -1 -1 -1 -1 -1 -1 -1 -1 -1 -1 -1 -1 -1 -1 -1 -1 -1 -1 -1 -1
296 -1 -1 -1 -1 -1 -1 -1 -1 -1 -1 -1 -1 -1 -1 -1 -1 -1 -1 -1 -1
297 -1 -1 -1 -1 -1 -1 -1 -1 -1 -1 -1 -1 -1 -1 -1 -1 -1 -1 -1 -1
298 -1 -1 -1 -1 -1 -1 -1 -1 -1 -1 -1 -1 -1 -1 -1 -1 -1 -1 -1 -1
299 -1 -1 -1 -1 -1 -1 -1 -1 -1 -1 -1 -1 -1 -1 -1 -1 -1 -1 -1 -1
300 -1 -1 -1 -1 -1 -1 -1 -1 -1 -1 -1 -1 -1 -1 -1 -1 -1 -1 -1 -1
301 -1 -1 -1 -1 -1 -1 -1 -1 -1 -1 -1 -1 -1 -1 -1 -1 -1 -1 -1 -1
302 -1 -1 -1 -1 -1 -1 -1 -1 -1 -1 -1 -1 -1 -1 -1 -1 -1 -1 -1 -1
303 -1 -1 -1 -1 -1 -1 -1 -1 -1 -1 -1 -1 -1 -1 -1 -1 -1 -1 -1 -1
304 -1 -1 -1 -1 -1 -1 -1 -1 -1 -1 -1 -1 -1 -1 -1 -1 -1 -1 -1 -1
305 -1 -1 -1 -1 -1 -1 -1 -1 -1 -1 -1 -1 -1 -1 -1 -1 -1 -1 -1 -1
306 -1 -1 -1 -1 -1 -1 -1 -1 -1 -1 -1 -1 -1 -1 -1 -1 -1 -1 -1 -1
307 -1 -1 -1 -1 -1 -1 -1 -1 -1 -1 -1 -1 -1 -1 -1 -1 -1 -1 -1 -1
308 -1 -1 -1 -1 -1 -1 -1 -1 -1 -1 -1 -1 -1 -1 -1 -1 -1 -1 -1 -1
309 -1 -1 -1 -1 -1 -1 -1 -1 -1 -1 -1 -1 -1 -1 -1 -1 -1 -1 -1 -1
310 -1 -1 -1 -1 -1 -1 -1 -1 -1 -1 -1 -1 -1 -1 -1 -1 -1 -1 -1 -1
311 -1 -1 -1 -1 -1 -1 -1 -1 -1 -1 -1 -1 -1 -1 -1 -1 -1 -1 -1 -1
312 -1 -1 -1 -1 -1 -1 -1 -1 -1 -1 -1 -1 -1 -1 -1 -1 -1 -1 -1 -1
313 -1 -1 -1 -1 -1 -1 -1 -1 -1 -1 -1 -1 -1 -1 -1 -1 -1 -1 -1 -1
314 -1 -1 -1 -1 -1 -1 -1 -1 -1 -1 -1 -1 -1 -1 -1 -1 -1 -1 -1 -1
315 -1 -1 -1 -1 -1 -1 -1 -1 -1 -1 -1 -1 -1 -1 -1 -1 -1 -1 -1 -1
316 -1 -1 -1 -1 -1 -1 -1 -1 -1 -1 -1 -1 -1 -1 -1 -1 -1 -1 -1 -1
317 -1 -1 -1 -1 -1 -1 -1 -1 -1 -1 -1 -1 -1 -1 -1 -1 -1 -1 -1 -1
318 -1 -1 -1 -1 -1 -1 -1 -1 -1 -1 -1 -1 -1 -1 -1 -1 -1 -1 -1 -1
319 -1 -1 -1 -1 -1 -1 -1 -1 -1 -1 -1 -1 -1 -1 -1 -1 -1 -1 -1 -1
320 -1 -1 -1 -1 -1 -1 -1 -1 -1 -1 -1 -1 -1 -1 -1 -1 -1 -1 -1 -1
321 -1 -1 -1 -1 -1 -1 -1 -1 -1 -1 -1 -1 -1 -1 -1 -1 -1 -1 -1 -1
322 -1 -1 -1 -1 -1 -1 -1 -1 -1 -1 -1 -1 -1 -1 -1 -1 -1 -1 -1 -1
323 -1 -1 -1 -1 -1 -1 -1 -1 -1 -1 -1 -1 -1 -1 -1 -1 -1 -1 -1 -1
324 -1 -1 -1 -1 -1 -1 -1 -1 -1 -1 -1 -1 -1 -1 -1 -1 -1 -1 -1 -1
325 -1 -1 -1 -1 -1 -1 -1 -1 -1 -1 -1 -1 -1 -1 -1 -1 -1 -1 -1 -1
326 -1 -1 -1 -1 -1 -1 -1 -1 -1 -1 -1 -1 -1 -1 -1 -1 -1 -1 -1 -1
327 -1 -1 -1 -1 -1 -1 -1 -1 -1 -1 -1 -1 -1 -1 -1 -1 -1 -1 -1 -1
328 -1 -1 -1 -1 -1 -1 -1 -1 -1 -1 -1 -1 -1 -1 -1 -1 -1 -1 -1 -1
329 -1 -1 -1 -1 -1 -1 -1 -1 -1 -1 -1 -1 -1 -1 -1 -1 -1 -1 -1 -1
330 -1 -1 -1 -1 -1 -1 -1 -1 -1 -1 -1 -1 -1 -1 -1 -1 -1 -1 -1 -1
331 -1 -1 -1 -1 -1 -1 -1 -1 -1 -1 -1 -1 -1 -1 -1 -1 -1 -1 -1 -1
332 -1 -1 -1 -1 -1 -1 -1 -1 -1 -1 -1 -1 -1 -1 -1 -1 -1 -1 -1 -1
333 -1 -1 -1 -1 -1 -1 -1 -1 -1 -1 -1 -1 -1 -1 -1 -1 -1 -1 -1 -1
334 -1 -1 -1 -1 -1 -1 -1 -1 -1 -1 -1 -1 -1 -1 -1 -1 -1 -1 -1 -1
335 -1 -1 -1 -1 -1 -1 -1 -1 -1 -1 -1 -1 -1 -1 -1 -1 -1 -1 -1 -1
336 -1 -1 -1 -1 -1 -1 -1 -1 -1 -1 -1 -1 -1 -1 -1 -1 -1 -1 -1 -1
337 -1 -1 -1 -1 -1 -1 -1 -1 -1 -1 -1 -1 -1 -1 -1 -1 -1 -1 -1 -1
338 -1 -1 -1 -1 -1 -1 -1 -1 -1 -1 -1 -1 -1 -1 -1 -1 -1 -1 -1 -1
339 -1 -1 -1 -1 -1 -1 -1 -1 -1 -1 -1 -1 -1 -1 -1 -1 -1 -1 -1 -1
340 -1 -1 -1 -1 -1 -1 -1 -1 -1 -1 -1 -1 -1 -1 -1 -1 -1 -1 -1 -1
341 -1 -1 -1 -1 -1 -1 -1 -1 -1 -1 -1 -1 -1 -1 -1 -1 -1 -1 -1 -1
342 -1 -1 -1 -1 -1 -1 -1 -1 -1 -1 -1 -1 -1 -1 -1 -1 -1 -1 -1 -1
343 -1 -1 -1 -1 -1 -1 -1 -1 -1 -1 -1 -1 -1 -1 -1 -1 -1 -1 -1 -1
344 -1 -1 -1 -1 -1 -1 -1 -1 -1 -1 -1 -1 -1 -1 -1 -1 -1 -1 -1 -1
345 -1 -1 -1 -1 -1 -1 -1 -1 -1 -1 -1 -1 -1 -1 -1 -1 -1 -1 -1 -1
346 -1 -1 -1 -1 -1 -1 -1 -1 -1 -1 -1 -1 -1 -1 -1 -1 -1 -1 -1 -1
347 -1 -1 -1 -1 -1 -1 -1 -1 -1 -1 -1 -1 -1 -1 -1 -1 -1 -1 -1 -1
348 -1 -1 -1 -1 -1 -1 -1 -1 -1 -1 -1 -1 -1 -1 -1 -1 -1 -1 -1 -1
349 -1 -1 -1 -1 -1 -1 -1 -1 -1 -1 -1 -1 -1 -1 -1 -1 -1 -1 -1 -1
350 -1 -1 -1 -1 -1 -1 -1 -1 -1 -1 -1 -1 -1 -1 -1 -1 -1 -1 -1 -1
351 -1 -1 -1 -1 -1 -1 -1 -1 -1 -1 -1 -1 -1 -1 -1 -1 -1 -1 -1 -1
352 -1 -1 -1 -1 -1 -1 -1 -1 -1 -1 -1 -1 -1 -1 -1 -1 -1 -1 -1 -1
353 -1 -1 -1 -1 -1 -1 -1 -1 -1 -1 -1 -1 -1 -1 -1 -1 -1 -1 -1 -1
354 -1 -1 -1 -1 -1 -1 -1 -1 -1 -1 -1 -1 -1 -1 -1 -1 -1 -1 -1 -1
355 -1 -1 -1 -1 -1 -1 -1 -1 -1 -1 -1 -1 -1 -1 -1 -1 -1 -1 -1 -1
356 -1 -1 -1 -1 -1 -1 -1 -1 -1 -1 -1 -1 -1 -1 -1 -1 -1 -1 -1 -1
357 -1 -1 -1 -1 -1 -1 -1 -1 -1 -1 -1 -1 -1 -1 -1 -1 -1 -1 -1 -1
358 -1 -1 -1 -1 -1 -1 -1 -1 -1 -1 -1 -1 -1 -1 -1 -1 -1 -1 -1 -1
359 -1 -1 -1 -1 -1 -1 -1 -1 -1 -1 -1 -1 -1 -1 -1 -1 -1 -1 -1 -1
360 -1 -1 -1 -1 -1 -1 -1 -1 -1 -1 -1 -1 -1 -1 -1 -1 -1 -1 -1 -1
361 -1 -1 -1 -1 -1 -1 -1 -1 -1 -1 -1 -1 -1 -1 -1 -1 -1 -1 -1 -1
362 -1 -1 -1 -1 -1 -1 -1 -1 -1 -1 -1 -1 -1 -1 -1 -1 -1 -1 -1 -1
363 -1 -1 -1 -1 -1 -1 -1 -1 -1 -1 -1 -1 -1 -1 -1 -1 -1 -1 -1 -1
364 -1 -1 -1 -1 -1 -1 -1 -1 -1 -1 -1 -1 -1 -1 -1 -1 -1 -1 -1 -1
365 -1 -1 -1 -1 -1 -1 -1 -1 -1 -1 -1 -1 -1 -1 -1 -1 -1 -1 -1 -1
366 -1 -1 -1 -1 -1 -1 -1 -1 -1 -1 -1 -1 -1 -1 -1 -1 -1 -1 -1 -1
367 -1 -1 -1 -1 -1 -1 -1 -1 -1 -1 -1 -1 -1 -1 -1 -1 -1 -1 -1 -1
368 -1 -1 -1 -1 -1 -1 -1 -1 -1 -1 -1 -1 -1 -1 -1 -1 -1 -1 -1 -1
369 -1 -1 -1 -1 -1 -1 -1 -1 -1 -1 -1 -1 -1 -1 -1 -1 -1 -1 -1 -1
370 -1 -1 -1 -1 -1 -1 -1 -1 -1 -1 -1 -1 -1 -1 -1 -1 -1 -1 -1 -1
371 -1 -1 -1 -1 -1 -1 -1 -1 -1 -1 -1 -1 -1 -1 -1 -1 -1 -1 -1 -1
372 -1 -1 -1 -1 -1 -1 -1 -1 -1 -1 -1 -1 -1 -1 -1 -1 -1 -1 -1 -1
373 -1 -1 -1 -1 -1 -1 -1 -1 -1 -1 -1 -1 -1 -1 -1 -1 -1 -1 -1 -1
374 -1 -1 -1 -1 -1 -1 -1 -1 -1 -1 -1 -1 -1 -1 -1 -1 -1 -1 -1 -1
375 -1 -1 -1 -1 -1 -1 -1 -1 -1 -1 -1 -1 -1 -1 -1 -1 -1 -1 -1 -1
376 -1 -1 -1 -1 -1 -1 -1 -1 -1 -1 -1 -1 -1 -1 -1 -1 -1 -1 -1 -1
377 -1 -1 -1 -1 -1 -1 -1 -1 -1 -1 -1 -1 -1 -1 -1 -1 -1 -1 -1 -1
378 -1 -1 -1 -1 -1 -1 -1 -1 -1 -1 -1 -1 -1 -1 -1 -1 -1 -1 -1 -1
379 -1 -1 -1 -1 -1 -1 -1 -1 -1 -1 -1 -1 -1 -1 -1 -1 -1 -1 -1 -1
380 -1 -1 -1 -1 -1 -1 -1 -1 -1 -1 -1 -1 -1 -1 -1 -1 -1 -1 -1 -1
381 -1 -1 -1 -1 -1 -1 -1 -1 -1 -1 -1 -1 -1 -1 -1 -1 -1 -1 -1 -1
382 -1 -1 -1 -1 -1 -1 -1 -1 -1 -1 -1 -1 -1 -1 -1 -1 -1 -1 -1 -1
383 -1 -1 -1 -1 -1 -1 -1 -1 -1 -1 -1 -1 -1 -1 -1 -1 -1 -1 -1 -1
384 -1 -1 -1 -1 -1 -1 -1 -1 -1 -1 -1 -1 -1 -1 -1 -1 -1 -1 -1 -1
385 -1 -1 -1 -1 -1 -1 -1 -1 -1 -1 -1 -1 -1 -1 -1 -1 -1 -1 -1 -1
386 -1 -1 -1 -1 -1 -1 -1 -1 -1 -1 -1 -1 -1 -1 -1 -1 -1 -1 -1 -1
387 -1 -1 -1 -1 -1 -1 -1 -1 -1 -1 -1 -1 -1 -1 -1 -1 -1 -1 -1 -1
388 -1 -1 -1 -1 -1 -1 -1 -1 -1 -1 -1 -1 -1 -1 -1 -1 -1 -1 -1 -1
389 -1 -1 -1 -1 -1 -1 -1 -1 -1 -1 -1 -1 -1 -1 -1 -1 -1 -1 -1 -1
390 -1 -1 -1 -1 -1 -1 -1 -1 -1 -1 -1 -1 -1 -1 -1 -1 -1 -1 -1 -1
391 -1 -1 -1 -1 -1 -1 -1 -1 -1 -1 -1 -1 -1 -1 -1 -1 -1 -1 -1 -1
392 -1 -1 -1 -1 -1 -1 -1 -1 -1 -1 -1 -1 -1 -1 -1 -1 -1 -1 -1 -1
393 -1 -1 -1 -1 -1 -1 -1 -1 -1 -1 -1 -1 -1 -1 -1 -1 -1 -1 -1 -1
394 -1 -1 -1 -1 -1 -1 -1 -1 -1 -1 -1 -1 -1 -1 -1 -1 -1 -1 -1 -1
395 -1 -1 -1 -1 -1 -1 -1 -1 -1 -1 -1 -1 -1 -1 -1 -1 -1 -1 -1 -1
396 -1 -1 -1 -1 -1 -1 -1 -1 -1 -1 -1 -1 -1 -1 -1 -1 -1 -1 -1 -1
397 -1 -1 -1 -1 -1 -1 -1 -1 -1 -1 -1 -1 -1 -1 -1 -1 -1 -1 -1 -1
398 -1 -1 -1 -1 -1 -1 -1 -1 -1 -1 -1 -1 -1 -1 -1 -1 -1 -1 -1 -1
399 -1 -1 -1 -1 -1 -1 -1 -1 -1 -1 -1 -1 -1 -1 -1 -1 -1 -1 -1 -1
400 -1 -1 -1 -1 -1 -1 -1 -1 -1 -1 -1 -1 -1 -1 -1 -1 -1 -1 -1 -1
401 -1 -1 -1 -1 -1 -1 -1 -1 -1 -1 -1 -1 -1 -1 -1 -1 -1 -1 -1 -1
402 -1 -1 -1 -1 -1 -1 -1 -1 -1 -1 -1 -1 -1 -1 -1 -1 -1 -1 -1 -1
403 -1 -1 -1 -1 -1 -1 -1 -1 -1 -1 -1 -1 -1 -1 -1 -1 -1 -1 -1 -1
404 -1 -1 -1 -1 -1 -1 -1 -1 -1 -1 -1 -1 -1 -1 -1 -1 -1 -1 -1 -1
405 -1 -1 -1 -1 -1 -1 -1 -1 -1 -1 -1 -1 -1 -1 -1 -1 -1 -1 -1 -1
406 -1 -1 -1 -1 -1 -1 -1 -1 -1 -1 -1 -1 -1 -1 -1 -1 -1 -1 -1 -1
407 -1 -1 -1 -1 -1 -1 -1 -1 -1 -1 -1 -1 -1 -1 -1 -1 -1 -1 -1 -1
408 -1 -1 -1 -1 -1 -1 -1 -1 -1 -1 -1 -1 -1 -1 -1 -1 -1 -1 -1 -1
409 -1 -1 -1 -1 -1 -1 -1 -1 -1 -1 -1 -1 -1 -1 -1 -1 -1 -1 -1 -1
410 -1 -1 -1 -1 -1 -1 -1 -1 -1 -1 -1 -1 -1 -1 -1 -1 -1 -1 -1 -1
411 -1 -1 -1 -1 -1 -1 -1 -1 -1 -1 -1 -1 -1 -1 -1 -1 -1 -1 -1 -1
412 -1 -1 -1 -1 -1 -1 -1 -1 -1 -1 -1 -1 -1 -1 -1 -1 -1 -1 -1 -1
413 -1 -1 -1 -1 -1 -1 -1 -1 -1 -1 -1 -1 -1 -1 -1 -1 -1 -1 -1 -1
414 -1 -1 -1 -1 -1 -1 -1 -1 -1 -1 -1 -1 -1 -1 -1 -1 -1 -1 -1 -1
415 -1 -1 -1 -1 -1 -1 -1 -1 -1 -1 -1 -1 -1 -1 -1 -1 -1 -1 -1 -1
416 -1 -1 -1 -1 -1 -1 -1 -1 -1 -1 -1 -1 -1 -1 -1 -1 -1 -1 -1 -1
417 -1 -1 -1 -1 -1 -1 -1 -1 -1 -1 -1 -1 -1 -1 -1 -1 -1 -1 -1 -1
418 -1 -1 -1 -1 -1 -1 -1 -1 -1 -1 -1 -1 -1 -1 -1 -1 -1 -1 -1 -1
419 -1 -1 -1 -1 -1 -1 -1 -1 -1 -1 -1 -1 -1 -1 -1 -1 -1 -1 -1 -1
420 -1 -1 -1 -1 -1 -1 -1 -1 -1 -1 -1 -1 -1 -1 -1 -1 -1 -1 -1 -1
421 -1 -1 -1 -1 -1 -1 -1 -1 -1 -1 -1 -1 -1 -1 -1 -1 -1 -1 -1 -1
422 -1 -1 -1 -1 -1 -1 -1 -1 -1 -1 -1 -1 -1 -1 -1 -1 -1 -1 -1 -1
423 -1 -1 -1 -1 -1 -1 -1 -1 -1 -1 -1 -1 -1 -1 -1 -1 -1 -1 -1 -1
424 -1 -1 -1 -1 -1 -1 -1 -1 -1 -1 -1 -1 -1 -1 -1 -1 -1 -1 -1 -1
425 -1 -1 -1 -1 -1 -1 -1 -1 -1 -1 -1 -1 -1 -1 -1 -1 -1 -1 -1 -1
426 -1 -1 -1 -1 -1 -1 -1 -1 -1 -1 -1 -1 -1 -1 -1 -1 -1 -1 -1 -1
427 -1 -1 -1 -1 -1 -1 -1 -1 -1 -1 -1 -1 -1 -1 -1 -1 -1 -1 -1 -1
428 -1 -1 -1 -1 -1 -1 -1 -1 -1 -1 -1 -1 -1 -1 -1 -1 -1 -1 -1 -1
429 -1 -1 -1 -1 -1 -1 -1 -1 -1 -1 -1 -1 -1 -1 -1 -1 -1 -1 -1 -1
430 -1 -1 -1 -1 -1 -1 -1 -1 -1 -1 -1 -1 -1 -1 -1 -1 -1 -1 -1 -1
431 -1 -1 -1 -1 -1 -1 -1 -1 -1 -1 -1 -1 -1 -1 -1 -1 -1 -1 -1 -1
432 -1 -1 -1 -1 -1 -1 -1 -1 -1 -1 -1 -1 -1 -1 -1 -1 -1 -1 -1 -1
433 -1 -1 -1 -1 -1 -1 -1 -1 -1 -1 -1 -1 -1 -1 -1 -1 -1 -1 -1 -1
434 -1 -1 -1 -1 -1 -1 -1 -1 -1 -1 -1 -1 -1 -1 -1 -1 -1 -1 -1 -1
435 -1 -1 -1 -1 -1 -1 -1 -1 -1 -1 -1 -1 -1 -1 -1 -1 -1 -1 -1 -1
436 -1 -1 -1 -1 -1 -1 -1 -1 -1 -1 -1 -1 -1 -1 -1 -1 -1 -1 -1 -1
437 -1 -1 -1 -1 -1 -1 -1 -1 -1 -1 -1 -1 -1 -1 -1 -1 -1 -1 -1 -1
438 -1 -1 -1 -1 -1 -1 -1 -1 -1 -1 -1 -1 -1 -1 -1 -1 -1 -1 -1 -1
439 -1 -1 -1 -1 -1 -1 -1 -1 -1 -1 -1 -1 -1 -1 -1 -1 -1 -1 -1 -1
440 -1 -1 -1 -1 -1 -1 -1 -1 -1 -1 -1 -1 -1 -1 -1 -1 -1 -1 -1 -1
441 -1 -1 -1 -1 -1 -1 -1 -1 -1 -1 -1 -1 -1 -1 -1 -1 -1 -1 -1 -1
442 -1 -1 -1 -1 -1 -1 -1 -1 -1 -1 -1 -1 -1 -1 -1 -1 -1 -1 -1 -1
443 -1 -1 -1 -1 -1 -1 -1 -1 -1 -1 -1 -1 -1 -1 -1 -1 -1 -1 -1 -1
444 -1 -1 -1 -1 -1 -1 -1 -1 -1 -1 -1 -1 -1 -1 -1 -1 -1 -1 -1 -1
445 -1 -1 -1 -1 -1 -1 -1 -1 -1 -1 -1 -1 -1 -1 -1 -1 -1 -1 -1 -1
446 -1 -1 -1 -1 -1 -1 -1 -1 -1 -1 -1 -1 -1 -1 -1 -1 -1 -1 -1 -1
447 -1 -1 -1 -1 -1 -1 -1 -1 -1 -1 -1 -1 -1 -1 -1 -1 -1 -1 -1 -1
448 -1 -1 -1 -1 -1 -1 -1 -1 -1 -1 -1 -1 -1 -1 -1 -1 -1 -1 -1 -1
449 -1 -1 -1 -1 -1 -1 -1 -1 -1 -1 -1 -1 -1 -1 -1 -1 -1 -1 -1 -1
450 -1 -1 -1 -1 -1 -1 -1 -1 -1 -1 -1 -1 -1 -1 -1 -1 -1 -1 -1 -1
451 -1 -1 -1 -1 -1 -1 -1 -1 -1 -1 -1 -1 -1 -1 -1 -1 -1 -1 -1 -1
452 -1 -1 -1 -1 -1 -1 -1 -1 -1 -1 -1 -1 -1 -1 -1 -1 -1 -1 -1 -1
453 -1 -1 -1 -1 -1 -1 -1 -1 -1 -1 -1 -1 -1 -1 -1 -1 -1 -1 -1 -1
454 -1 -1 -1 -1 -1 -1 -1 -1 -1 -1 -1 -1 -1 -1 -1 -1 -1 -1 -1 -1
455 -1 -1 -1 -1 -1 -1 -1 -1 -1 -1 -1 -1 -1 -1 -1 -1 -1 -1 -1 -1
456 -1 -1 -1 -1 -1 -1 -1 -1 -1 -1 -1 -1 -1 -1 -1 -1 -1 -1 -1 -1
457 -1 -1 -1 -1 -1 -1 -1 -1 -1 -1 -1 -1 -1 -1 -1 -1 -1 -1 -1 -1
458 -1 -1 -1 -1 -1 -1 -1 -1 -1 -1 -1 -1 -1 -1 -1 -1 -1 -1 -1 -1
459 -1 -1 -1 -1 -1 -1 -1 -1 -1 -1 -1 -1 -1 -1 -1 -1 -1 -1 -1 -1
460 -1 -1 -1 -1 -1 -1 -1 -1 -1 -1 -1 -1 -1 -1 -1 -1 -1 -1 -1 -1
461 -1 -1 -1 -1 -1 -1 -1 -1 -1 -1 -1 -1 -1 -1 -1 -1 -1 -1 -1 -1
462 -1 -1 -1 -1 -1 -1 -1 -1 -1 -1 -1 -1 -1 -1 -1 -1 -1 -1 -1 -1
463 -1 -1 -1 -1 -1 -1 -1 -1 -1 -1 -1 -1 -1 -1 -1 -1 -1 -1 -1 -1
464 -1 -1 -1 -1 -1 -1 -1 -1 -1 -1 -1 -1 -1 -1 -1 -1 -1 -1 -1 -1
465 -1 -1 -1 -1 -1 -1 -1 -1 -1 -1 -1 -1 -1 -1 -1 -1 -1 -1 -1 -1
466 -1 -1 -1 -1 -1 -1 -1 -1 -1 -1 -1 -1 -1 -1 -1 -1 -1 -1 -1 -1
467 -1 -1 -1 -1 -1 -1 -1 -1 -1 -1 -1 -1 -1 -1 -1 -1 -1 -1 -1 -1
468 -1 -1 -1 -1 -1 -1 -1 -1 -1 -1 -1 -1 -1 -1 -1 -1 -1 -1 -1 -1
469 -1 -1 -1 -1 -1 -1 -1 -1 -1 -1 -1 -1 -1 -1 -1 -1 -1 -1 -1 -1
470 -1 -1 -1 -1 -1 -1 -1 -1 -1 -1 -1 -1 -1 -1 -1 -1 -1 -1 -1 -1
471 -1 -1 -1 -1 -1 -1 -1 -1 -1 -1 -1 -1 -1 -1 -1 -1 -1 -1 -1 -1
472 -1 -1 -1 -1 -1 -1 -1 -1 -1 -1 -1 -1 -1 -1 -1 -1 -1 -1 -1 -1
473 -1 -1 -1 -1 -1 -1 -1 -1 -1 -1 -1 -1 -1 -1 -1 -1 -1 -1 -1 -1
474 -1 -1 -1 -1 -1 -1 -1 -1 -1 -1 -1 -1 -1 -1 -1 -1 -1 -1 -1 -1
475 -1 -1 -1 -1 -1 -1 -1 -1 -1 -1 -1 -1 -1 -1 -1 -1 -1 -1 -1 -1
476 -1 -1 -1 -1 -1 -1 -1 -1 -1 -1 -1 -1 -1 -1 -1 -1 -1 -1 -1 -1
477 -1 -1 -1 -1 -1 -1 -1 -1 -1 -1 -1 -1 -1 -1 -1 -1 -1 -1 -1 -1
478 -1 -1 -1 -1 -1 -1 -1 -1 -1 -1 -1 -1 -1 -1 -1 -1 -1 -1 -1 -1
479 -1 -1 -1 -1 -1 -1 -1 -1 -1 -1 -1 -1 -1 -1 -1 -1 -1 -1 -1 -1
480 -1 -1 -1 -1 -1 -1 -1 -1 -1 -1 -1 -1 -1 -1 -1 -1 -1 -1 -1 -1
481 -1 -1 -1 -1 -1 -1 -1 -1 -1 -1 -1 -1 -1 -1 -1 -1 -1 -1 -1 -1
482 -1 -1 -1 -1 -1 -1 -1 -1 -1 -1 -1 -1 -1 -1 -1 -1 -1 -1 -1 -1
483 -1 -1 -1 -1 -1 -1 -1 -1 -1 -1 -1 -1 -1 -1 -1 -1 -1 -1 -1 -1
484 -1 -1 -1 -1 -1 -1 -1 -1 -1 -1 -1 -1 -1 -1 -1 -1 -1 -1 -1 -1
485 -1 -1 -1 -1 -1 -1 -1 -1 -1 -1 -1 -1 -1 -1 -1 -1 -1 -1 -1 -1
486 -1 -1 -1 -1 -1 -1 -1 -1 -1 -1 -1 -1 -1 -1 -1 -1 -1 -1 -1 -1
487 -1 -1 -1 -1 -1 -1 -1 -1 -1 -1 -1 -1 -1 -1 -1 -1 -1 -1 -1 -1
488 -1 -1 -1 -1 -1 -1 -1 -1 -1 -1 -1 -1 -1 -1 -1 -1 -1 -1 -1 -1
489 -1 -1 -1 -1 -1 -1 -1 -1 -1 -1 -1 -1 -1 -1 -1 -1 -1 -1 -1 -1
490 -1 -1 -1 -1 -1 -1 -1 -1 -1 -1 -1 -1 -1 -1 -1 -1 -1 -1 -1 -1
491 -1 -1 -1 -1 -1 -1 -1 -1 -1 -1 -1 -1 -1 -1 -1 -1 -1 -1 -1 -1
492 -1 -1 -1 -1 -1 -1 -1 -1 -1 -1 -1 -1 -1 -1 -1 -1 -1 -1 -1 -1
493 -1 -1 -1 -1 -1 -1 -1 -1 -1 -1 -1 -1 -1 -1 -1 -1 -1 -1 -1 -1
494 -1 -1 -1 -1 -1 -1 -1 -1 -1 -1 -1 -1 -1 -1 -1 -1 -1 -1 -1 -1
495 -1 -1 -1 -1 -1 -1 -1 -1 -1 -1 -1 -1 -1 -1 -1 -1 -1 -1 -1 -1
496 -1 -1 -1 -1 -1 -1 -1 -1 -1 -1 -1 -1 -1 -1 -1 -1 -1 -1 -1 -1
497 -1 -1 -1 -1 -1 -1 -1 -1 -1 -1 -1 -1 -1 -1 -1 -1 -1 -1 -1 -1
498 -1 -1 -1 -1 -1 -1 -1 -1 -1 -1 -1 -1 -1 -1 -1 -1 -1 -1 -1 -1
499 -1 -1 -1 -1 -1 -1 -1 -1 -1 -1 -1 -1 -1 -1 -1 -1 -1 -1 -1 -1
500 -1 -1 -1 -1 -1 -1 -1 -1 -1 -1 -1 -1 -1 -1 -1 -1 -1 -1 -1 -1
501 -1 -1 -1 -1 -1 -1 -1 -1 -1 -1 -1 -1 -1 -1 -1 -1 -1 -1 -1 -1
502 -1 -1 -1 -1 -1 -1 -1 -1 -1 -1 -1 -1 -1 -1 -1 -1 -1 -1 -1 -1
503 -1 -1 -1 -1 -1 -1 -1 -1 -1 -1 -1 -1 -1 -1 -1 -1 -1 -1 -1 -1
504 -1 -1 -1 -1 -1 -1 -1 -1 -1 -1 -1 -1 -1 -1 -1 -1 -1 -1 -1 -1
505 -1 -1 -1 -1 -1 -1 -1 -1 -1 -1 -1 -1 -1 -1 -1 -1 -1 -1 -1 -1
506 -1 -1 -1 -1 -1 -1 -1 -1 -1 -1 -1 -1 -1 -1 -1 -1 -1 -1 -1 -1
507 -1 -1 -1 -1 -1 -1 -1 -1 -1 -1 -1 -1 -1 -1 -1 -1 -1 -1 -1 -1
508 -1 -1 -1 -1 -1 -1 -1 -1 -1 -1 -1 -1 -1 -1 -1 -1 -1 -1 -1 -1
509 -1 -1 -1 -1 -1 -1 -1 -1 -1 -1 -1 -1 -1 -1 -1 -1 -1 -1 -1 -1
510 -1 -1 -1 -1 -1 -1 -1 -1 -1 -1 -1 -1 -1 -1 -1 -1 -1 -1 -1 -1
511 -1 -1 -1 -1 -1 -1 -1 -1 -1 -1 -1 -1 -1 -1 -1 -1 -1 -1 -1 -1
512 -1 -1 -1 -1 -1 -1 -1 -1 -1 -1 -1 -1 -1 -1 -1 -1 -1 -1 -1 -1
513 -1 -1 -1 -1 -1 -1 -1 -1 -1 -1 -1 -1 -1 -1 -1 -1 -1 -1 -1 -1
514 -1 -1 -1 -1 -1 -1 -1 -1 -1 -1 -1 -1 -1 -1 -1 -1 -1 -1 -1 -1
515 -1 -1 -1 -1 -1 -1 -1 -1 -1 -1 -1 -1 -1 -1 -1 -1 -1 -1 -1 -1
516 -1 -1 -1 -1 -1 -1 -1 -1 -1 -1 -1 -1 -1 -1 -1 -1 -1 -1 -1 -1
517 -1 -1 -1 -1 -1 -1 -1 -1 -1 -1 -1 -1 -1 -1 -1 -1 -1 -1 -1 -1
518 -1 -1 -1 -1 -1 -1 -1 -1 -1 -1 -1 -1 -1 -1 -1 -1 -1 -1 -1 -1
519 -1 -1 -1 -1 -1 -1 -1 -1 -1 -1 -1 -1 -1 -1 -1 -1 -1 -1 -1 -1
520 -1 -1 -1 -1 -1 -1 -1 -1 -1 -1 -1 -1 -1 -1 -1 -1 -1 -1 -1 -1
521 -1 -1 -1 -1 -1 -1 -1 -1 -1 -1 -1 -1 -1 -1 -1 -1 -1 -1 -1 -1
522 -1 -1 -1 -1 -1 -1 -1 -1 -1 -1 -1 -1 -1 -1 -1 -1 -1 -1 -1 -1
523 -1 -1 -1 -1 -1 -1 -1 -1 -1 -1 -1 -1 -1 -1 -1 -1 -1 -1 -1 -1
524 -1 -1 -1 -1 -1 -1 -1 -1 -1 -1 -1 -1 -1 -1 -1 -1 -1 -1 -1 -1
525 -1 -1 -1 -1 -1 -1 -1 -1 -1 -1 -1 -1 -1 -1 -1 -1 -1 -1 -1 -1
526 -1 -1 -1 -1 -1 -1 -1 -1 -1 -1 -1 -1 -1 -1 -1 -1 -1 -1 -1 -1
527 -1 -1 -1 -1 -1 -1 -1 -1 -1 -1 -1 -1 -1 -1 -1 -1 -1 -1 -1 -1
528 -1 -1 -1 -1 -1 -1 -1 -1 -1 -1 -1 -1 -1 -1 -1 -1 -1 -1 -1 -1
529 -1 -1 -1 -1 -1 -1 -1 -1 -1 -1 -1 -1 -1 -1 -1 -1 -1 -1 -1 -1
530 -1 -1 -1 -1 -1 -1 -1 -1 -1 -1 -1 -1 -1 -1 -1 -1 -1 -1 -1 -1
531 -1 -1 -1 -1 -1 -1 -1 -1 -1 -1 -1 -1 -1 -1 -1 -1 -1 -1 -1 -1
532 -1 -1 -1 -1 -1 -1 -1 -1 -1 -1 -1 -1 -1 -1 -1 -1 -1 -1 -1 -1
533 -1 -1 -1 -1 -1 -1 -1 -1 -1 -1 -1 -1 -1 -1 -1 -1 -1 -1 -1 -1
534 -1 -1 -1 -1 -1 -1 -1 -1 -1 -1 -1 -1 -1 -1 -1 -1 -1 -1 -1 -1
535 -1 -1 -1 -1 -1 -1 -1 -1 -1 -1 -1 -1 -1 -1 -1 -1 -1 -1 -1 -1
536 -1 -1 -1 -1 -1 -1 -1 -1 -1 -1 -1 -1 -1 -1 -1 -1 -1 -1 -1 -1
537 -1 -1 -1 -1 -1 -1 -1 -1 -1 -1 -1 -1 -1 -1 -1 -1 -1 -1 -1 -1
538 -1 -1 -1 -1 -1 -1 -1 -1 -1 -1 -1 -1 -1 -1 -1 -1 -1 -1 -1 -1
539 -1 -1 -1 -1 -1 -1 -1 -1 -1 -1 -1 -1 -1 -1 -1 -1 -1 -1 -1 -1
540 -1 -1 -1 -1 -1 -1 -1 -1 -1 -1 -1 -1 -1 -1 -1 -1 -1 -1 -1 -1
541 -1 -1 -1 -1 -1 -1 -1 -1 -1 -1 -1 -1 -1 -1 -1 -1 -1 -1 -1 -1
542 -1 -1 -1 -1 -1 -1 -1 -1 -1 -1 -1 -1 -1 -1 -1 -1 -1 -1 -1 -1
543 -1 -1 -1 -1 -1 -1 -1 -1 -1 -1 -1 -1 -1 -1 -1 -1 -1 -1 -1 -1
544 -1 -1 -1 -1 -1 -1 -1 -1 -1 -1 -1 -1 -1 -1 -1 -1 -1 -1 -1 -1
545 -1 -1 -1 -1 -1 -1 -1 -1 -1 -1 -1 -1 -1 -1 -1 -1 -1 -1 -1 -1
546 -1 -1 -1 -1 -1 -1 -1 -1 -1 -1 -1 -1 -1 -1 -1 -1 -1 -1 -1 -1
547 -1 -1 -1 -1 -1 -1 -1 -1 -1 -1 -1 -1 -1 -1 -1 -1 -1 -1 -1 -1
548 -1 -1 -1 -1 -1 -1 -1 -1 -1 -1 -1 -1 -1 -1 -1 -1 -1 -1 -1 -1
549 -1 -1 -1 -1 -1 -1 -1 -1 -1 -1 -1 -1 -1 -1 -1 -1 -1 -1 -1 -1
550 -1 -1 -1 -1 -1 -1 -1 -1 -1 -1 -1 -1 -1 -1 -1 -1 -1 -1 -1 -1
551 -1 -1 -1 -1 -1 -1 -1 -1 -1 -1 -1 -1 -1 -1 -1 -1 -1 -1 -1 -1
552 -1 -1 -1 -1 -1 -1 -1 -1 -1 -1 -1 -1 -1 -1 -1 -1 -1 -1 -1 -1
553 -1 -1 -1 -1 -1 -1 -1 -1 -1 -1 -1 -1 -1 -1 -1 -1 -1 -1 -1 -1
554 -1 -1 -1 -1 -1 -1 -1 -1 -1 -1 -1 -1 -1 -1 -1 -1 -1 -1 -1 -1
555 -1 -1 -1 -1 -1 -1 -1 -1 -1 -1 -1 -1 -1 -1 -1 -1 -1 -1 -1 -1
556 0.598703 0.240144 0.602357 0.427204 0.576860 0.427857 0.627855 0.426551 0.576860 0.427857 0.558940 0.491833 0.540625 0.622887 0.627855 0.426551 0.625825 0.508295 0.636511 0.620831
557 0.601317 0.229253 0.602928 0.414622 0.578001 0.415705 0.627854 0.413540 0.578001 0.415705 0.557657 0.490710 0.540325 0.623209 0.627854 0.413540 0.632006 0.493633 0.638402 0.616396
558 0.603632 0.220364 0.604031 0.401004 0.579786 0.402046 0.628277 0.399962 0.579786 0.402046 0.557777 0.489994 0.538758 0.622872 0.628277 0.399962 0.640933 0.488564 0.639827 0.611367
559 0.608397 0.213127 0.605687 0.394504 0.581697 0.394707 0.629678 0.394301 0.581697 0.394707 0.558568 0.490158 0.536624 0.625313 0.629678 0.394301 0.646836 0.494486 0.641627 0.613042
560 0.615544 0.209183 0.607756 0.394800 0.583638 0.393981 0.631873 0.395619 0.583638 0.393981 0.559102 0.499303 0.536277 0.630131 0.631873 0.395619 0.649659 0.499627 0.642222 0.618406
561 0.621372 0.204894 0.610547 0.394666 0.586230 0.393560 0.634864 0.395772 0.586230 0.393560 0.560626 0.502130 0.536396 0.629443 0.634864 0.395772 0.651391 0.503396 0.641651 0.626945
562 0.628599 0.201812 0.613488 0.393200 0.589104 0.390727 0.637872 0.395672 0.589104 0.390727 0.562331 0.505367 0.536681 0.630081 0.637872 0.395672 0.653243 0.503163 0.641791 0.626500
563 0.637023 0.198066 0.617358 0.390908 0.593128 0.387726 0.641587 0.394091 0.593128 0.387726 0.565387 0.505865 0.536840 0.630582 0.641587 0.394091 0.654452 0.504018 0.642494 0.626736
564 0.644938 0.195924 0.622551 0.385496 0.598168 0.381897 0.646933 0.389096 0.598168 0.381897 0.569734 0.504035 0.536354 0.629971 0.646933 0.389096 0.661390 0.503182 0.643529 0.627380
565 0.653073 0.193787 0.628968 0.383449 0.604963 0.379131 0.652973 0.387767 0.604963 0.379131 0.574366 0.501357 0.536418 0.623950 0.652973 0.387767 0.664970 0.504277 0.643753 0.628357
566 0.660642 0.191130 0.635325 0.382493 0.611496 0.377180 0.659155 0.387805 0.611496 0.377180 0.583179 0.489775 0.549422 0.591070 0.659155 0.387805 0.668208 0.504745 0.644448 0.629306
567 0.666866 0.187476 0.641137 0.380613 0.618924 0.375813 0.663349 0.385414 0.618924 0.375813 0.592923 0.478529 0.559692 0.567484 0.663349 0.385414 0.669111 0.505347 0.645228 0.629138
568 0.672761 0.184492 0.644427 0.376328 0.622289 0.370121 0.666565 0.382535 0.622289 0.370121 0.601529 0.466635 0.565489 0.560206 0.666565 0.382535 0.668402 0.504982 0.645327 0.629445
569 0.679180 0.181298 0.648498 0.372174 0.626550 0.365471 0.670447 0.378876 0.626550 0.365471 0.610016 0.463470 0.569969 0.560408 0.670447 0.378876 0.668190 0.501713 0.645179 0.629044
570 0.684328 0.178981 0.651885 0.366811 0.631245 0.359498 0.672525 0.374124 0.631245 0.359498 0.617888 0.468155 0.574918 0.561017 0.672525 0.374124 0.666671 0.501074 0.645071 0.629065
571 0.689376 0.177372 0.655504 0.364080 0.636538 0.356539 0.674469 0.371621 0.636538 0.356539 0.646657 0.468491 0.635620 0.585618 0.674469 0.371621 0.667303 0.499580 0.644259 0.628982
572 0.693606 0.176804 0.659031 0.359816 0.640562 0.350836 0.677501 0.368796 0.640562 0.350836 0.656601 0.465826 0.642668 0.584161 0.677501 0.368796 0.668322 0.497795 0.641945 0.626280
573 0.698403 0.176691 0.662194 0.361989 0.645100 0.352777 0.679288 0.371200 0.645100 0.352777 0.661103 0.467650 0.644796 0.594286 0.679288 0.371200 0.669098 0.498472 0.641127 0.624060
574 0.703002 0.177056 0.665892 0.362043 0.649054 0.352786 0.682730 0.371301 0.649054 0.352786 0.663902 0.468989 0.644998 0.594293 0.682730 0.371301 0.670554 0.498918 0.641170 0.623618
575 0.706988 0.177842 0.669177 0.361668 0.653039 0.352156 0.685316 0.371179 0.653039 0.352156 0.665871 0.473444 0.648388 0.601305 0.685316 0.371179 0.671886 0.499197 0.641601 0.621275
576 0.710954 0.178056 0.673245 0.362443 0.659554 0.353286 0.686936 0.371599 0.659554 0.353286 0.669451 0.479238 0.653887 0.606116 0.686936 0.371599 0.671634 0.498935 0.643503 0.617499
577 0.715269 0.178389 0.676086 0.362505 0.663297 0.352697 0.688874 0.372313 0.663297 0.352697 0.673729 0.478955 0.660211 0.597970 0.688874 0.372313 0.674754 0.498716 0.649355 0.618087
578 0.719177 0.178653 0.681747 0.362648 0.674390 0.352913 0.689103 0.372383 0.674390 0.352913 0.682877 0.483565 0.682935 0.602800 0.689103 0.372383 0.677239 0.498841 0.651020 0.618511
579 0.723986 0.179687 0.685717 0.363887 0.679011 0.355008 0.692424 0.372766 0.679011 0.355008 0.690069 0.485707 0.697768 0.597524 0.692424 0.372766 0.680465 0.497753 0.652530 0.619378
580 0.727622 0.182006 0.690271 0.365792 0.677052 0.358785 0.703489 0.372799 0.677052 0.358785 0.687007 0.490268 0.684432 0.603066 0.703489 0.372799 0.688952 0.495982 0.654700 0.617974
581 0.731704 0.183896 0.696480 0.367397 0.682974 0.361736 0.709987 0.373058 0.682974 0.361736 0.693094 0.491040 0.689532 0.602987 0.709987 0.373058 0.688629 0.496028 0.659795 0.617566
582 0.736792 0.185581 0.702813 0.368765 0.689122 0.364301 0.716503 0.373229 0.689122 0.364301 0.704202 0.490175 0.710665 0.600347 0.716503 0.373229 0.701011 0.495066 0.658722 0.616618
583 0.742541 0.185784 0.710252 0.371511 0.697503 0.367645 0.723000 0.375376 0.697503 0.367645 0.714477 0.490268 0.730512 0.596516 0.723000 0.375376 0.701566 0.503193 0.656522 0.616677
584 0.749567 0.184904 0.718071 0.371496 0.709040 0.367491 0.727103 0.375500 0.709040 0.367491 0.725958 0.489818 0.731865 0.594346 0.727103 0.375500 0.710933 0.503597 0.656357 0.616913
585 0.757730 0.181262 0.729108 0.372087 0.724083 0.367802 0.734133 0.376372 0.724083 0.367802 0.735661 0.489500 0.730002 0.594209 0.734133 0.376372 0.720500 0.504975 0.661701 0.617668
586 0.762864 0.177215 0.736676 0.371646 0.731247 0.367584 0.742105 0.375709 0.731247 0.367584 0.745551 0.487203 0.724011 0.594012 0.742105 0.375709 0.734814 0.504646 0.673632 0.614708
587 0.767114 0.173369 0.744811 0.367771 0.735699 0.362851 0.753924 0.372690 0.735699 0.362851 0.751582 0.482671 0.724934 0.591014 0.753924 0.372690 0.749465 0.502461 0.696443 0.609065
588 0.773848 0.168404 0.751966 0.364655 0.742116 0.360536 0.761816 0.368774 0.742116 0.360536 0.752828 0.481195 0.722871 0.586169 0.761816 0.368774 0.772317 0.499404 0.718245 0.601471
589 0.778953 0.164355 0.757274 0.360682 0.745936 0.356863 0.768612 0.364500 0.745936 0.356863 0.752148 0.476241 0.726728 0.583373 0.768612 0.364500 0.787288 0.493259 0.736190 0.597126
590 0.784342 0.159942 0.762668 0.358495 0.751368 0.354553 0.773968 0.362437 0.751368 0.354553 0.748914 0.475064 0.729847 0.584503 0.773968 0.362437 0.799733 0.490874 0.746956 0.600133
591 0.792719 0.157721 0.769437 0.355018 0.760432 0.351744 0.778442 0.358293 0.760432 0.351744 0.750700 0.472380 0.733798 0.583672 0.778442 0.358293 0.808301 0.486472 0.762058 0.601391
592 0.799790 0.157706 0.776601 0.354885 0.767518 0.351661 0.785684 0.358108 0.767518 0.351661 0.751735 0.470521 0.733239 0.583910 0.785684 0.358108 0.813440 0.487202 0.784630 0.608420
593 0.806473 0.159270 0.783119 0.355720 0.776210 0.352430 0.790027 0.359011 0.776210 0.352430 0.754376 0.470792 0.732095 0.584053 0.790027 0.359011 0.815808 0.486466 0.809584 0.609069
594 0.812282 0.160797 0.789801 0.356208 0.783104 0.352612 0.796498 0.359804 0.783104 0.352612 0.757306 0.470883 0.731760 0.583986 0.796498 0.359804 0.815385 0.485342 0.825478 0.608272
595 0.819404 0.163354 0.797520 0.357225 0.791086 0.354504 0.803955 0.359947 0.791086 0.354504 0.763157 0.471033 0.732061 0.584176 0.803955 0.359947 0.817941 0.483865 0.837143 0.607531
596 0.826486 0.167213 0.805077 0.360311 0.798176 0.357937 0.811978 0.362685 0.798176 0.357937 0.769051 0.471365 0.733179 0.585242 0.811978 0.362685 0.824759 0.484262 0.841111 0.607560
597 0.835033 0.171329 0.815903 0.365758 0.809505 0.362753 0.822300 0.368764 0.809505 0.362753 0.776161 0.471526 0.736386 0.585311 0.822300 0.368764 0.834088 0.486926 0.844220 0.609453
598 0.845130 0.174597 0.826520 0.367992 0.822139 0.365537 0.830901 0.370448 0.822139 0.365537 0.786741 0.471364 0.737661 0.582193 0.830901 0.370448 0.842245 0.487067 0.844776 0.610766
599 0.855246 0.174940 0.835982 0.367768 0.833674 0.365202 0.838289 0.370334 0.833674 0.365202 0.799853 0.471229 0.743872 0.575256 0.838289 0.370334 0.848950 0.487108 0.844002 0.613664
600 0.864846 0.174939 0.845495 0.367621 0.842939 0.365046 0.848051 0.370197 0.842939 0.365046 0.819310 0.471472 0.754714 0.561949 0.848051 0.370197 0.854944 0.490114 0.843331 0.614160
601 0.873696 0.174902 0.856557 0.367436 0.854962 0.364790 0.858151 0.370081 0.854962 0.364790 0.842743 0.474285 0.770883 0.543903 0.858151 0.370081 0.859493 0.490132 0.844378 0.613984
602 0.884028 0.174620 0.865860 0.366880 0.866912 0.364721 0.864807 0.369040 0.866912 0.364721 0.856594 0.475126 0.787441 0.538403 0.864807 0.369040 0.866017 0.488576 0.845175 0.613875
603 0.890130 0.174540 0.871695 0.365930 0.870317 0.363293 0.873074 0.368568 0.870317 0.363293 0.864980 0.475415 0.803322 0.542407 0.873074 0.368568 0.868325 0.489044 0.843879 0.614550
604 0.897803 0.174488 0.878845 0.366120 0.877398 0.363325 0.880293 0.368915 0.877398 0.363325 0.871602 0.477406 0.827519 0.545716 0.880293 0.368915 0.868768 0.490569 0.841044 0.609554
605 0.906079 0.174758 0.884648 0.366422 0.883832 0.363972 0.885464 0.368873 0.883832 0.363972 0.883848 0.479138 0.845074 0.566172 0.885464 0.368873 0.874604 0.490716 0.843428 0.608109
606 0.913947 0.176239 0.893297 0.367924 0.894819 0.366874 0.891775 0.368974 0.894819 0.366874 0.895158 0.480499 0.861180 0.579084 0.891775 0.368974 0.880333 0.490705 0.845465 0.608281
607 0.923029 0.178608 0.900763 0.370651 0.901865 0.370467 0.899660 0.370835 0.901865 0.370467 0.906079 0.483971 0.887635 0.593303 0.899660 0.370835 0.883195 0.492073 0.844894 0.608957
608 0.931164 0.182583 0.906970 0.373502 0.907562 0.373654 0.906379 0.373350 0.907562 0.373654 0.906253 0.488662 0.907931 0.599176 0.906379 0.373350 0.888679 0.494715 0.845184 0.609469
609 0.939194 0.188705 0.912704 0.376910 0.913848 0.377028 0.911560 0.376792 0.913848 0.377028 0.911349 0.491817 0.936977 0.602585 0.911560 0.376792 0.894242 0.496474 0.844499 0.609530
610 0.946990 0.193801 0.919956 0.382464 0.921458 0.382408 0.918454 0.382521 0.921458 0.382408 0.921130 0.496248 0.947283 0.607303 0.918454 0.382521 0.901139 0.500459 0.844554 0.609544
611 0.954455 0.198109 0.928654 0.388779 0.930854 0.388473 0.926453 0.389086 0.930854 0.388473 0.933887 0.499574 0.951907 0.611145 0.926453 0.389086 0.904197 0.507782 0.845540 0.609840
612 0.964759 0.200229 0.939855 0.391466 0.942746 0.391797 0.936963 0.391135 0.942746 0.391797 0.939265 0.505818 0.955923 0.622265 0.936963 0.391135 0.915234 0.510242 0.849419 0.609838
613 0.975510 0.201825 0.953075 0.392501 0.959030 0.393574 0.947120 0.391429 0.959030 0.393574 0.949454 0.506785 0.958190 0.621958 0.947120 0.391429 0.923234 0.511857 0.854282 0.608315
614 0.981496 0.204280 0.964862 0.391934 0.971538 0.393691 0.958186 0.390177 0.971538 0.393691 0.949462 0.510313 0.878223 0.621419 0.958186 0.390177 0.954161 0.511540 0.950415 0.616181
615 0.999978 0.216217 0.976192 0.391229 0.988346 0.393444 0.964038 0.389014 0.988346 0.393444 0.967946 0.515709 0.882213 0.609751 0.964038 0.389014 0.966020 0.514977 0.920459 0.615649
616 -1 -1 -1 -1 -1 -1 -1 -1 -1 -1 -1 -1 -1 -1 -1 -1 -1 -1 -1 -1
617 -1 -1 -1 -1 -1 -1 -1 -1 -1 -1 -1 -1 -1 -1 -1 -1 -1 -1 -1 -1
618 -1 -1 -1 -1 -1 -1 -1 -1 -1 -1 -1 -1 -1 -1 -1 -1 -1 -1 -1 -1
619 -1 -1 -1 -1 -1 -1 -1 -1 -1 -1 -1 -1 -1 -1 -1 -1 -1 -1 -1 -1
620 -1 -1 -1 -1 -1 -1 -1 -1 -1 -1 -1 -1 -1 -1 -1 -1 -1 -1 -1 -1
621 -1 -1 -1 -1 -1 -1 -1 -1 -1 -1 -1 -1 -1 -1 -1 -1 -1 -1 -1 -1
622 -1 -1 -1 -1 -1 -1 -1 -1 -1 -1 -1 -1 -1 -1 -1 -1 -1 -1 -1 -1
623 -1 -1 -1 -1 -1 -1 -1 -1 -1 -1 -1 -1 -1 -1 -1 -1 -1 -1 -1 -1
624 -1 -1 -1 -1 -1 -1 -1 -1 -1 -1 -1 -1 -1 -1 -1 -1 -1 -1 -1 -1
625 -1 -1 -1 -1 -1 -1 -1 -1 -1 -1 -1 -1 -1 -1 -1 -1 -1 -1 -1 -1
626 -1 -1 -1 -1 -1 -1 -1 -1 -1 -1 -1 -1 -1 -1 -1 -1 -1 -1 -1 -1
627 -1 -1 -1 -1 -1 -1 -1 -1 -1 -1 -1 -1 -1 -1 -1 -1 -1 -1 -1 -1
628 -1 -1 -1 -1 -1 -1 -1 -1 -1 -1 -1 -1 -1 -1 -1 -1 -1 -1 -1 -1
629 -1 -1 -1 -1 -1 -1 -1 -1 -1 -1 -1 -1 -1 -1 -1 -1 -1 -1 -1 -1
630 -1 -1 -1 -1 -1 -1 -1 -1 -1 -1 -1 -1 -1 -1 -1 -1 -1 -1 -1 -1
631 -1 -1 -1 -1 -1 -1 -1 -1 -1 -1 -1 -1 -1 -1 -1 -1 -1 -1 -1 -1
632 -1 -1 -1 -1 -1 -1 -1 -1 -1 -1 -1 -1 -1 -1 -1 -1 -1 -1 -1 -1
633 -1 -1 -1 -1 -1 -1 -1 -1 -1 -1 -1 -1 -1 -1 -1 -1 -1 -1 -1 -1
634 -1 -1 -1 -1 -1 -1 -1 -1 -1 -1 -1 -1 -1 -1 -1 -1 -1 -1 -1 -1
635 -1 -1 -1 -1 -1 -1 -1 -1 -1 -1 -1 -1 -1 -1 -1 -1 -1 -1 -1 -1
636 -1 -1 -1 -1 -1 -1 -1 -1 -1 -1 -1 -1 -1 -1 -1 -1 -1 -1 -1 -1
637 -1 -1 -1 -1 -1 -1 -1 -1 -1 -1 -1 -1 -1 -1 -1 -1 -1 -1 -1 -1
638 -1 -1 -1 -1 -1 -1 -1 -1 -1 -1 -1 -1 -1 -1 -1 -1 -1 -1 -1 -1
