0
0
0 -1 -1 -1 -1 -1 -1 -1 -1 -1 -1 -1 -1 -1 -1 -1 -1 -1 -1 -1 -1
1 -1 -1 -1 -1 -1 -1 -1 -1 -1 -1 -1 -1 -1 -1 -1 -1 -1 -1 -1 -1
2 0.693908 0.432174 0.676241 0.568321 0.695957 0.573273 0.656524 0.563368 0.695957 0.573273 0.671008 0.652147 0.675398 0.770619 0.656524 0.563368 0.654524 0.638439 0.657232 0.744662
3 0.692535 0.437874 0.676524 0.582650 0.696541 0.583037 0.656506 0.582262 0.696541 0.583037 0.681904 0.684365 0.682944 0.780572 0.656506 0.582262 0.654109 0.686458 0.653590 0.779788
4 0.690730 0.439987 0.675712 0.583908 0.695786 0.584250 0.655638 0.583566 0.695786 0.584250 0.682881 0.683097 0.682033 0.773351 0.655638 0.583566 0.652328 0.684356 0.650104 0.773934
5 0.689988 0.440264 0.675620 0.584451 0.695603 0.583779 0.655637 0.585123 0.695603 0.583779 0.683931 0.681926 0.684444 0.768695 0.655637 0.585123 0.652739 0.679780 0.646472 0.771466
6 0.689026 0.439345 0.675665 0.584571 0.695688 0.583104 0.655643 0.586038 0.695688 0.583104 0.701532 0.678376 0.695727 0.747249 0.655643 0.586038 0.659642 0.675858 0.657223 0.763266
7 0.688031 0.440139 0.676014 0.585174 0.695719 0.582711 0.656310 0.587637 0.695719 0.582711 0.700498 0.675988 0.695952 0.748587 0.656310 0.587637 0.659068 0.678355 0.657192 0.762564
8 0.686699 0.439798 0.675890 0.583867 0.695472 0.581974 0.656308 0.585759 0.695472 0.581974 0.699367 0.674965 0.693820 0.742713 0.656308 0.585759 0.658982 0.676296 0.657306 0.755452
9 -1 -1 -1 -1 -1 -1 -1 -1 -1 -1 -1 -1 -1 -1 -1 -1 -1 -1 -1 -1
10 -1 -1 -1 -1 -1 -1 -1 -1 -1 -1 -1 -1 -1 -1 -1 -1 -1 -1 -1 -1
11 -1 -1 -1 -1 -1 -1 -1 -1 -1 -1 -1 -1 -1 -1 -1 -1 -1 -1 -1 -1
12 -1 -1 -1 -1 -1 -1 -1 -1 -1 -1 -1 -1 -1 -1 -1 -1 -1 -1 -1 -1
13 -1 -1 -1 -1 -1 -1 -1 -1 -1 -1 -1 -1 -1 -1 -1 -1 -1 -1 -1 -1
14 -1 -1 -1 -1 -1 -1 -1 -1 -1 -1 -1 -1 -1 -1 -1 -1 -1 -1 -1 -1
15 -1 -1 -1 -1 -1 -1 -1 -1 -1 -1 -1 -1 -1 -1 -1 -1 -1 -1 -1 -1
16 -1 -1 -1 -1 -1 -1 -1 -1 -1 -1 -1 -1 -1 -1 -1 -1 -1 -1 -1 -1
17 -1 -1 -1 -1 -1 -1 -1 -1 -1 -1 -1 -1 -1 -1 -1 -1 -1 -1 -1 -1
18 -1 -1 -1 -1 -1 -1 -1 -1 -1 -1 -1 -1 -1 -1 -1 -1 -1 -1 -1 -1
19 -1 -1 -1 -1 -1 -1 -1 -1 -1 -1 -1 -1 -1 -1 -1 -1 -1 -1 -1 -1
20 -1 -1 -1 -1 -1 -1 -1 -1 -1 -1 -1 -1 -1 -1 -1 -1 -1 -1 -1 -1
21 -1 -1 -1 -1 -1 -1 -1 -1 -1 -1 -1 -1 -1 -1 -1 -1 -1 -1 -1 -1
22 -1 -1 -1 -1 -1 -1 -1 -1 -1 -1 -1 -1 -1 -1 -1 -1 -1 -1 -1 -1
23 -1 -1 -1 -1 -1 -1 -1 -1 -1 -1 -1 -1 -1 -1 -1 -1 -1 -1 -1 -1
24 -1 -1 -1 -1 -1 -1 -1 -1 -1 -1 -1 -1 -1 -1 -1 -1 -1 -1 -1 -1
25 -1 -1 -1 -1 -1 -1 -1 -1 -1 -1 -1 -1 -1 -1 -1 -1 -1 -1 -1 -1
26 -1 -1 -1 -1 -1 -1 -1 -1 -1 -1 -1 -1 -1 -1 -1 -1 -1 -1 -1 -1
27 -1 -1 -1 -1 -1 -1 -1 -1 -1 -1 -1 -1 -1 -1 -1 -1 -1 -1 -1 -1
28 -1 -1 -1 -1 -1 -1 -1 -1 -1 -1 -1 -1 -1 -1 -1 -1 -1 -1 -1 -1
29 -1 -1 -1 -1 -1 -1 -1 -1 -1 -1 -1 -1 -1 -1 -1 -1 -1 -1 -1 -1
30 -1 -1 -1 -1 -1 -1 -1 -1 -1 -1 -1 -1 -1 -1 -1 -1 -1 -1 -1 -1
31 -1 -1 -1 -1 -1 -1 -1 -1 -1 -1 -1 -1 -1 -1 -1 -1 -1 -1 -1 -1
32 -1 -1 -1 -1 -1 -1 -1 -1 -1 -1 -1 -1 -1 -1 -1 -1 -1 -1 -1 -1
33 -1 -1 -1 -1 -1 -1 -1 -1 -1 -1 -1 -1 -1 -1 -1 -1 -1 -1 -1 -1
34 -1 -1 -1 -1 -1 -1 -1 -1 -1 -1 -1 -1 -1 -1 -1 -1 -1 -1 -1 -1
35 -1 -1 -1 -1 -1 -1 -1 -1 -1 -1 -1 -1 -1 -1 -1 -1 -1 -1 -1 -1
36 -1 -1 -1 -1 -1 -1 -1 -1 -1 -1 -1 -1 -1 -1 -1 -1 -1 -1 -1 -1
37 -1 -1 -1 -1 -1 -1 -1 -1 -1 -1 -1 -1 -1 -1 -1 -1 -1 -1 -1 -1
38 -1 -1 -1 -1 -1 -1 -1 -1 -1 -1 -1 -1 -1 -1 -1 -1 -1 -1 -1 -1
39 -1 -1 -1 -1 -1 -1 -1 -1 -1 -1 -1 -1 -1 -1 -1 -1 -1 -1 -1 -1
40 -1 -1 -1 -1 -1 -1 -1 -1 -1 -1 -1 -1 -1 -1 -1 -1 -1 -1 -1 -1
41 -1 -1 -1 -1 -1 -1 -1 -1 -1 -1 -1 -1 -1 -1 -1 -1 -1 -1 -1 -1
42 -1 -1 -1 -1 -1 -1 -1 -1 -1 -1 -1 -1 -1 -1 -1 -1 -1 -1 -1 -1
43 -1 -1 -1 -1 -1 -1 -1 -1 -1 -1 -1 -1 -1 -1 -1 -1 -1 -1 -1 -1
44 -1 -1 -1 -1 -1 -1 -1 -1 -1 -1 -1 -1 -1 -1 -1 -1 -1 -1 -1 -1
45 -1 -1 -1 -1 -1 -1 -1 -1 -1 -1 -1 -1 -1 -1 -1 -1 -1 -1 -1 -1
46 -1 -1 -1 -1 -1 -1 -1 -1 -1 -1 -1 -1 -1 -1 -1 -1 -1 -1 -1 -1
47 -1 -1 -1 -1 -1 -1 -1 -1 -1 -1 -1 -1 -1 -1 -1 -1 -1 -1 -1 -1
48 -1 -1 -1 -1 -1 -1 -1 -1 -1 -1 -1 -1 -1 -1 -1 -1 -1 -1 -1 -1
49 -1 -1 -1 -1 -1 -1 -1 -1 -1 -1 -1 -1 -1 -1 -1 -1 -1 -1 -1 -1
50 -1 -1 -1 -1 -1 -1 -1 -1 -1 -1 -1 -1 -1 -1 -1 -1 -1 -1 -1 -1
51 -1 -1 -1 -1 -1 -1 -1 -1 -1 -1 -1 -1 -1 -1 -1 -1 -1 -1 -1 -1
52 -1 -1 -1 -1 -1 -1 -1 -1 -1 -1 -1 -1 -1 -1 -1 -1 -1 -1 -1 -1
53 -1 -1 -1 -1 -1 -1 -1 -1 -1 -1 -1 -1 -1 -1 -1 -1 -1 -1 -1 -1
54 -1 -1 -1 -1 -1 -1 -1 -1 -1 -1 -1 -1 -1 -1 -1 -1 -1 -1 -1 -1
55 -1 -1 -1 -1 -1 -1 -1 -1 -1 -1 -1 -1 -1 -1 -1 -1 -1 -1 -1 -1
56 -1 -1 -1 -1 -1 -1 -1 -1 -1 -1 -1 -1 -1 -1 -1 -1 -1 -1 -1 -1
57 -1 -1 -1 -1 -1 -1 -1 -1 -1 -1 -1 -1 -1 -1 -1 -1 -1 -1 -1 -1
58 -1 -1 -1 -1 -1 -1 -1 -1 -1 -1 -1 -1 -1 -1 -1 -1 -1 -1 -1 -1
59 -1 -1 -1 -1 -1 -1 -1 -1 -1 -1 -1 -1 -1 -1 -1 -1 -1 -1 -1 -1
60 -1 -1 -1 -1 -1 -1 -1 -1 -1 -1 -1 -1 -1 -1 -1 -1 -1 -1 -1 -1
61 -1 -1 -1 -1 -1 -1 -1 -1 -1 -1 -1 -1 -1 -1 -1 -1 -1 -1 -1 -1
62 -1 -1 -1 -1 -1 -1 -1 -1 -1 -1 -1 -1 -1 -1 -1 -1 -1 -1 -1 -1
63 -1 -1 -1 -1 -1 -1 -1 -1 -1 -1 -1 -1 -1 -1 -1 -1 -1 -1 -1 -1
64 -1 -1 -1 -1 -1 -1 -1 -1 -1 -1 -1 -1 -1 -1 -1 -1 -1 -1 -1 -1
65 -1 -1 -1 -1 -1 -1 -1 -1 -1 -1 -1 -1 -1 -1 -1 -1 -1 -1 -1 -1
66 -1 -1 -1 -1 -1 -1 -1 -1 -1 -1 -1 -1 -1 -1 -1 -1 -1 -1 -1 -1
67 -1 -1 -1 -1 -1 -1 -1 -1 -1 -1 -1 -1 -1 -1 -1 -1 -1 -1 -1 -1
68 -1 -1 -1 -1 -1 -1 -1 -1 -1 -1 -1 -1 -1 -1 -1 -1 -1 -1 -1 -1
69 -1 -1 -1 -1 -1 -1 -1 -1 -1 -1 -1 -1 -1 -1 -1 -1 -1 -1 -1 -1
70 -1 -1 -1 -1 -1 -1 -1 -1 -1 -1 -1 -1 -1 -1 -1 -1 -1 -1 -1 -1
71 -1 -1 -1 -1 -1 -1 -1 -1 -1 -1 -1 -1 -1 -1 -1 -1 -1 -1 -1 -1
72 -1 -1 -1 -1 -1 -1 -1 -1 -1 -1 -1 -1 -1 -1 -1 -1 -1 -1 -1 -1
73 -1 -1 -1 -1 -1 -1 -1 -1 -1 -1 -1 -1 -1 -1 -1 -1 -1 -1 -1 -1
74 -1 -1 -1 -1 -1 -1 -1 -1 -1 -1 -1 -1 -1 -1 -1 -1 -1 -1 -1 -1
75 -1 -1 -1 -1 -1 -1 -1 -1 -1 -1 -1 -1 -1 -1 -1 -1 -1 -1 -1 -1
76 -1 -1 -1 -1 -1 -1 -1 -1 -1 -1 -1 -1 -1 -1 -1 -1 -1 -1 -1 -1
77 -1 -1 -1 -1 -1 -1 -1 -1 -1 -1 -1 -1 -1 -1 -1 -1 -1 -1 -1 -1
78 -1 -1 -1 -1 -1 -1 -1 -1 -1 -1 -1 -1 -1 -1 -1 -1 -1 -1 -1 -1
79 -1 -1 -1 -1 -1 -1 -1 -1 -1 -1 -1 -1 -1 -1 -1 -1 -1 -1 -1 -1
80 -1 -1 -1 -1 -1 -1 -1 -1 -1 -1 -1 -1 -1 -1 -1 -1 -1 -1 -1 -1
81 -1 -1 -1 -1 -1 -1 -1 -1 -1 -1 -1 -1 -1 -1 -1 -1 -1 -1 -1 -1
82 -1 -1 -1 -1 -1 -1 -1 -1 -1 -1 -1 -1 -1 -1 -1 -1 -1 -1 -1 -1
83 -1 -1 -1 -1 -1 -1 -1 -1 -1 -1 -1 -1 -1 -1 -1 -1 -1 -1 -1 -1
84 -1 -1 -1 -1 -1 -1 -1 -1 -1 -1 -1 -1 -1 -1 -1 -1 -1 -1 -1 -1
85 -1 -1 -1 -1 -1 -1 -1 -1 -1 -1 -1 -1 -1 -1 -1 -1 -1 -1 -1 -1
86 -1 -1 -1 -1 -1 -1 -1 -1 -1 -1 -1 -1 -1 -1 -1 -1 -1 -1 -1 -1
87 -1 -1 -1 -1 -1 -1 -1 -1 -1 -1 -1 -1 -1 -1 -1 -1 -1 -1 -1 -1
88 -1 -1 -1 -1 -1 -1 -1 -1 -1 -1 -1 -1 -1 -1 -1 -1 -1 -1 -1 -1
89 -1 -1 -1 -1 -1 -1 -1 -1 -1 -1 -1 -1 -1 -1 -1 -1 -1 -1 -1 -1
90 -1 -1 -1 -1 -1 -1 -1 -1 -1 -1 -1 -1 -1 -1 -1 -1 -1 -1 -1 -1
91 -1 -1 -1 -1 -1 -1 -1 -1 -1 -1 -1 -1 -1 -1 -1 -1 -1 -1 -1 -1
92 -1 -1 -1 -1 -1 -1 -1 -1 -1 -1 -1 -1 -1 -1 -1 -1 -1 -1 -1 -1
93 -1 -1 -1 -1 -1 -1 -1 -1 -1 -1 -1 -1 -1 -1 -1 -1 -1 -1 -1 -1
94 -1 -1 -1 -1 -1 -1 -1 -1 -1 -1 -1 -1 -1 -1 -1 -1 -1 -1 -1 -1
95 -1 -1 -1 -1 -1 -1 -1 -1 -1 -1 -1 -1 -1 -1 -1 -1 -1 -1 -1 -1
96 -1 -1 -1 -1 -1 -1 -1 -1 -1 -1 -1 -1 -1 -1 -1 -1 -1 -1 -1 -1
97 -1 -1 -1 -1 -1 -1 -1 -1 -1 -1 -1 -1 -1 -1 -1 -1 -1 -1 -1 -1
98 -1 -1 -1 -1 -1 -1 -1 -1 -1 -1 -1 -1 -1 -1 -1 -1 -1 -1 -1 -1
99 -1 -1 -1 -1 -1 -1 -1 -1 -1 -1 -1 -1 -1 -1 -1 -1 -1 -1 -1 -1
100 -1 -1 -1 -1 -1 -1 -1 -1 -1 -1 -1 -1 -1 -1 -1 -1 -1 -1 -1 -1
101 -1 -1 -1 -1 -1 -1 -1 -1 -1 -1 -1 -1 -1 -1 -1 -1 -1 -1 -1 -1
102 -1 -1 -1 -1 -1 -1 -1 -1 -1 -1 -1 -1 -1 -1 -1 -1 -1 -1 -1 -1
103 -1 -1 -1 -1 -1 -1 -1 -1 -1 -1 -1 -1 -1 -1 -1 -1 -1 -1 -1 -1
104 -1 -1 -1 -1 -1 -1 -1 -1 -1 -1 -1 -1 -1 -1 -1 -1 -1 -1 -1 -1
105 -1 -1 -1 -1 -1 -1 -1 -1 -1 -1 -1 -1 -1 -1 -1 -1 -1 -1 -1 -1
106 -1 -1 -1 -1 -1 -1 -1 -1 -1 -1 -1 -1 -1 -1 -1 -1 -1 -1 -1 -1
107 -1 -1 -1 -1 -1 -1 -1 -1 -1 -1 -1 -1 -1 -1 -1 -1 -1 -1 -1 -1
108 -1 -1 -1 -1 -1 -1 -1 -1 -1 -1 -1 -1 -1 -1 -1 -1 -1 -1 -1 -1
109 -1 -1 -1 -1 -1 -1 -1 -1 -1 -1 -1 -1 -1 -1 -1 -1 -1 -1 -1 -1
110 -1 -1 -1 -1 -1 -1 -1 -1 -1 -1 -1 -1 -1 -1 -1 -1 -1 -1 -1 -1
111 -1 -1 -1 -1 -1 -1 -1 -1 -1 -1 -1 -1 -1 -1 -1 -1 -1 -1 -1 -1
112 -1 -1 -1 -1 -1 -1 -1 -1 -1 -1 -1 -1 -1 -1 -1 -1 -1 -1 -1 -1
113 -1 -1 -1 -1 -1 -1 -1 -1 -1 -1 -1 -1 -1 -1 -1 -1 -1 -1 -1 -1
114 -1 -1 -1 -1 -1 -1 -1 -1 -1 -1 -1 -1 -1 -1 -1 -1 -1 -1 -1 -1
115 -1 -1 -1 -1 -1 -1 -1 -1 -1 -1 -1 -1 -1 -1 -1 -1 -1 -1 -1 -1
116 -1 -1 -1 -1 -1 -1 -1 -1 -1 -1 -1 -1 -1 -1 -1 -1 -1 -1 -1 -1
117 -1 -1 -1 -1 -1 -1 -1 -1 -1 -1 -1 -1 -1 -1 -1 -1 -1 -1 -1 -1
118 -1 -1 -1 -1 -1 -1 -1 -1 -1 -1 -1 -1 -1 -1 -1 -1 -1 -1 -1 -1
119 -1 -1 -1 -1 -1 -1 -1 -1 -1 -1 -1 -1 -1 -1 -1 -1 -1 -1 -1 -1
120 -1 -1 -1 -1 -1 -1 -1 -1 -1 -1 -1 -1 -1 -1 -1 -1 -1 -1 -1 -1
121 -1 -1 -1 -1 -1 -1 -1 -1 -1 -1 -1 -1 -1 -1 -1 -1 -1 -1 -1 -1
122 -1 -1 -1 -1 -1 -1 -1 -1 -1 -1 -1 -1 -1 -1 -1 -1 -1 -1 -1 -1
123 -1 -1 -1 -1 -1 -1 -1 -1 -1 -1 -1 -1 -1 -1 -1 -1 -1 -1 -1 -1
124 -1 -1 -1 -1 -1 -1 -1 -1 -1 -1 -1 -1 -1 -1 -1 -1 -1 -1 -1 -1
125 -1 -1 -1 -1 -1 -1 -1 -1 -1 -1 -1 -1 -1 -1 -1 -1 -1 -1 -1 -1
126 -1 -1 -1 -1 -1 -1 -1 -1 -1 -1 -1 -1 -1 -1 -1 -1 -1 -1 -1 -1
127 -1 -1 -1 -1 -1 -1 -1 -1 -1 -1 -1 -1 -1 -1 -1 -1 -1 -1 -1 -1
128 0.544060 0.303114 0.551652 0.483085 0.535462 0.484698 0.567842 0.481471 0.535462 0.484698 0.534383 0.603752 0.549433 0.722769 0.567842 0.481471 0.558598 0.603584 0.586166 0.729745
129 0.538345 0.299976 0.546322 0.486537 0.531001 0.489786 0.561643 0.483288 0.531001 0.489786 0.532149 0.605012 0.546129 0.720683 0.561643 0.483288 0.548558 0.598069 0.575342 0.724946
130 0.531130 0.294321 0.535905 0.475940 0.520690 0.482168 0.551119 0.469711 0.520690 0.482168 0.527254 0.595556 0.545523 0.715929 0.551119 0.469711 0.548994 0.585715 0.567867 0.699338
131 0.523200 0.295748 0.526256 0.478205 0.510974 0.485847 0.541538 0.470562 0.510974 0.485847 0.523690 0.600361 0.540871 0.721860 0.541538 0.470562 0.536161 0.580599 0.552034 0.690962
132 0.517447 0.295666 0.520775 0.478211 0.506811 0.485583 0.534740 0.470840 0.506811 0.485583 0.519942 0.599172 0.539681 0.721488 0.534740 0.470840 0.518527 0.555580 0.515442 0.653190
133 -1 -1 -1 -1 -1 -1 -1 -1 -1 -1 -1 -1 -1 -1 -1 -1 -1 -1 -1 -1
134 -1 -1 -1 -1 -1 -1 -1 -1 -1 -1 -1 -1 -1 -1 -1 -1 -1 -1 -1 -1
135 -1 -1 -1 -1 -1 -1 -1 -1 -1 -1 -1 -1 -1 -1 -1 -1 -1 -1 -1 -1
136 -1 -1 -1 -1 -1 -1 -1 -1 -1 -1 -1 -1 -1 -1 -1 -1 -1 -1 -1 -1
137 -1 -1 -1 -1 -1 -1 -1 -1 -1 -1 -1 -1 -1 -1 -1 -1 -1 -1 -1 -1
138 -1 -1 -1 -1 -1 -1 -1 -1 -1 -1 -1 -1 -1 -1 -1 -1 -1 -1 -1 -1
139 0.480549 0.270302 0.483698 0.429919 0.472463 0.433429 0.494932 0.426408 0.472463 0.433429 0.473803 0.534630 0.498194 0.639411 0.494932 0.426408 0.477742 0.528864 0.485248 0.621184
140 0.476220 0.264515 0.480739 0.424607 0.466039 0.428392 0.495439 0.420821 0.466039 0.428392 0.465092 0.530794 0.488172 0.624729 0.495439 0.420821 0.483751 0.518687 0.485874 0.615816
141 0.471255 0.259843 0.475089 0.422193 0.457873 0.424900 0.492305 0.419486 0.457873 0.424900 0.454932 0.529094 0.478041 0.623045 0.492305 0.419486 0.484538 0.522416 0.484819 0.619787
142 0.466773 0.253268 0.472518 0.416256 0.456062 0.419627 0.488974 0.412885 0.456062 0.419627 0.448741 0.518312 0.472551 0.619432 0.488974 0.412885 0.482096 0.516198 0.481404 0.619378
143 0.460948 0.248664 0.467514 0.413175 0.455502 0.416683 0.479526 0.409667 0.455502 0.416683 0.453096 0.519901 0.468455 0.619071 0.479526 0.409667 0.474084 0.517180 0.475746 0.618568
144 0.456511 0.244886 0.461555 0.409693 0.448819 0.413661 0.474292 0.405724 0.448819 0.413661 0.444280 0.509394 0.453587 0.607926 0.474292 0.405724 0.471378 0.512006 0.472132 0.612821
145 0.451127 0.243524 0.456795 0.404867 0.448517 0.409402 0.465073 0.400332 0.448517 0.409402 0.453039 0.512016 0.465787 0.614218 0.465073 0.400332 0.462677 0.509629 0.466809 0.608230
146 0.446230 0.241573 0.452335 0.397072 0.442869 0.401848 0.461801 0.392296 0.442869 0.401848 0.448331 0.504377 0.461200 0.604922 0.461801 0.392296 0.456783 0.499969 0.462343 0.597428
147 0.440393 0.240283 0.446389 0.391301 0.437271 0.396283 0.455506 0.386319 0.437271 0.396283 0.450465 0.501309 0.469936 0.603017 0.455506 0.386319 0.444840 0.488045 0.440448 0.578714
148 0.435983 0.237236 0.439757 0.386073 0.434561 0.388800 0.444953 0.383346 0.434561 0.388800 0.445193 0.497968 0.466034 0.593819 0.444953 0.383346 0.436366 0.484307 0.440984 0.577117
149 0.429697 0.231074 0.435063 0.380787 0.429969 0.382794 0.440157 0.378781 0.429969 0.382794 0.442148 0.493235 0.466014 0.590012 0.440157 0.378781 0.426261 0.482093 0.432987 0.575365
150 0.423282 0.226923 0.426778 0.375493 0.421396 0.377651 0.432160 0.373334 0.421396 0.377651 0.431546 0.483027 0.456148 0.576538 0.432160 0.373334 0.429441 0.473603 0.439756 0.567306
151 0.417868 0.227278 0.421535 0.376472 0.411904 0.379436 0.431167 0.373508 0.411904 0.379436 0.420052 0.478821 0.433748 0.568433 0.431167 0.373508 0.430352 0.471089 0.450229 0.564541
152 0.413456 0.224659 0.419354 0.373675 0.409147 0.377504 0.429561 0.369847 0.409147 0.377504 0.413493 0.475819 0.430454 0.569918 0.429561 0.369847 0.427662 0.466696 0.451183 0.554789
153 0.408908 0.221912 0.416295 0.367765 0.404932 0.371722 0.427658 0.363808 0.404932 0.371722 0.409463 0.471533 0.429515 0.569020 0.427658 0.363808 0.430255 0.462134 0.449483 0.546009
154 0.404031 0.218200 0.409353 0.363228 0.397813 0.367286 0.420893 0.359170 0.397813 0.367286 0.405810 0.467789 0.427256 0.567262 0.420893 0.359170 0.413668 0.454335 0.434773 0.547468
155 0.399756 0.214232 0.400706 0.361022 0.392456 0.364518 0.408955 0.357526 0.392456 0.364518 0.402016 0.463525 0.425827 0.566540 0.408955 0.357526 0.402604 0.441984 0.424644 0.541595
156 0.393672 0.213496 0.396672 0.357972 0.386617 0.361327 0.406726 0.354616 0.386617 0.361327 0.397847 0.458995 0.422700 0.562914 0.406726 0.354616 0.395346 0.433053 0.415350 0.517408
157 0.390397 0.208172 0.389475 0.352218 0.388573 0.353889 0.390377 0.350547 0.388573 0.353889 0.392776 0.449031 0.421771 0.555962 0.390377 0.350547 0.386695 0.431778 0.402433 0.515609
158 0.383399 0.211021 0.387506 0.351122 0.377280 0.353936 0.397733 0.348307 0.377280 0.353936 0.391522 0.448474 0.423184 0.559878 0.397733 0.348307 0.386424 0.430468 0.390734 0.507885
159 0.378099 0.211814 0.383414 0.346812 0.373977 0.349915 0.392850 0.343709 0.373977 0.349915 0.388272 0.446174 0.422607 0.558022 0.392850 0.343709 0.380448 0.422966 0.382484 0.500495
160 0.373169 0.211266 0.377954 0.345974 0.368639 0.348971 0.387269 0.342976 0.368639 0.348971 0.383362 0.446025 0.421124 0.558138 0.387269 0.342976 0.375234 0.425772 0.375165 0.509843
161 0.367892 0.210014 0.372585 0.345332 0.364066 0.348404 0.381104 0.342260 0.364066 0.348404 0.379124 0.444552 0.417048 0.552699 0.381104 0.342260 0.370818 0.426902 0.374577 0.511649
162 0.361952 0.205416 0.368064 0.340640 0.362130 0.343752 0.373999 0.337529 0.362130 0.343752 0.371883 0.434682 0.408925 0.543916 0.373999 0.337529 0.365817 0.422259 0.375686 0.507457
163 0.354679 0.200710 0.364227 0.333562 0.360753 0.336552 0.367700 0.330573 0.360753 0.336552 0.364122 0.430055 0.394111 0.526079 0.367700 0.330573 0.361989 0.421759 0.375325 0.508319
164 0.349000 0.191490 0.358251 0.325857 0.358948 0.327515 0.357553 0.324199 0.358948 0.327515 0.355881 0.424875 0.381011 0.514548 0.357553 0.324199 0.356041 0.418125 0.376536 0.507561
165 0.342204 0.189162 0.356227 0.324357 0.352282 0.327475 0.360172 0.321240 0.352282 0.327475 0.342383 0.421787 0.370745 0.508752 0.360172 0.321240 0.354420 0.414818 0.372866 0.502086
166 0.337148 0.192947 0.350681 0.328139 0.346467 0.330839 0.354894 0.325439 0.346467 0.330839 0.349516 0.427795 0.369660 0.510793 0.354894 0.325439 0.353297 0.417993 0.370895 0.501969
167 0.335063 0.190789 0.346815 0.321743 0.345453 0.324410 0.348176 0.319076 0.345453 0.324410 0.349683 0.424958 0.364612 0.513245 0.348176 0.319076 0.350780 0.417517 0.365789 0.504910
168 0.330824 0.189840 0.343456 0.323080 0.344052 0.324414 0.342860 0.321745 0.344052 0.324414 0.346085 0.422094 0.363667 0.518733 0.342860 0.321745 0.343190 0.418842 0.361137 0.505644
169 0.326464 0.184982 0.337703 0.317395 0.339295 0.319343 0.336111 0.315447 0.339295 0.319343 0.339676 0.414578 0.361764 0.510358 0.336111 0.315447 0.326845 0.410114 0.342381 0.497635
170 -1 -1 -1 -1 -1 -1 -1 -1 -1 -1 -1 -1 -1 -1 -1 -1 -1 -1 -1 -1
171 -1 -1 -1 -1 -1 -1 -1 -1 -1 -1 -1 -1 -1 -1 -1 -1 -1 -1 -1 -1
172 -1 -1 -1 -1 -1 -1 -1 -1 -1 -1 -1 -1 -1 -1 -1 -1 -1 -1 -1 -1
173 -1 -1 -1 -1 -1 -1 -1 -1 -1 -1 -1 -1 -1 -1 -1 -1 -1 -1 -1 -1
174 -1 -1 -1 -1 -1 -1 -1 -1 -1 -1 -1 -1 -1 -1 -1 -1 -1 -1 -1 -1
175 -1 -1 -1 -1 -1 -1 -1 -1 -1 -1 -1 -1 -1 -1 -1 -1 -1 -1 -1 -1
176 -1 -1 -1 -1 -1 -1 -1 -1 -1 -1 -1 -1 -1 -1 -1 -1 -1 -1 -1 -1
177 -1 -1 -1 -1 -1 -1 -1 -1 -1 -1 -1 -1 -1 -1 -1 -1 -1 -1 -1 -1
178 -1 -1 -1 -1 -1 -1 -1 -1 -1 -1 -1 -1 -1 -1 -1 -1 -1 -1 -1 -1
179 -1 -1 -1 -1 -1 -1 -1 -1 -1 -1 -1 -1 -1 -1 -1 -1 -1 -1 -1 -1
180 -1 -1 -1 -1 -1 -1 -1 -1 -1 -1 -1 -1 -1 -1 -1 -1 -1 -1 -1 -1
181 -1 -1 -1 -1 -1 -1 -1 -1 -1 -1 -1 -1 -1 -1 -1 -1 -1 -1 -1 -1
182 -1 -1 -1 -1 -1 -1 -1 -1 -1 -1 -1 -1 -1 -1 -1 -1 -1 -1 -1 -1
183 -1 -1 -1 -1 -1 -1 -1 -1 -1 -1 -1 -1 -1 -1 -1 -1 -1 -1 -1 -1
184 -1 -1 -1 -1 -1 -1 -1 -1 -1 -1 -1 -1 -1 -1 -1 -1 -1 -1 -1 -1
185 -1 -1 -1 -1 -1 -1 -1 -1 -1 -1 -1 -1 -1 -1 -1 -1 -1 -1 -1 -1
186 -1 -1 -1 -1 -1 -1 -1 -1 -1 -1 -1 -1 -1 -1 -1 -1 -1 -1 -1 -1
187 -1 -1 -1 -1 -1 -1 -1 -1 -1 -1 -1 -1 -1 -1 -1 -1 -1 -1 -1 -1
188 -1 -1 -1 -1 -1 -1 -1 -1 -1 -1 -1 -1 -1 -1 -1 -1 -1 -1 -1 -1
189 -1 -1 -1 -1 -1 -1 -1 -1 -1 -1 -1 -1 -1 -1 -1 -1 -1 -1 -1 -1
190 -1 -1 -1 -1 -1 -1 -1 -1 -1 -1 -1 -1 -1 -1 -1 -1 -1 -1 -1 -1
191 -1 -1 -1 -1 -1 -1 -1 -1 -1 -1 -1 -1 -1 -1 -1 -1 -1 -1 -1 -1
192 0.250791 0.245444 0.253709 0.331657 0.268175 0.327672 0.239242 0.335642 0.268175 0.327672 0.283965 0.397229 0.288679 0.484988 0.239242 0.335642 0.260103 0.403633 0.270652 0.486318
193 0.251234 0.249407 0.253794 0.337298 0.267953 0.333518 0.239634 0.341078 0.267953 0.333518 0.283995 0.397619 0.290060 0.484749 0.239634 0.341078 0.259826 0.406896 0.270416 0.486228
194 0.251471 0.253208 0.253481 0.340444 0.267551 0.336285 0.239410 0.344602 0.267551 0.336285 0.283245 0.405908 0.289974 0.485462 0.239410 0.344602 0.257747 0.412301 0.267855 0.486984
195 0.251973 0.257191 0.252717 0.343845 0.266725 0.339609 0.238709 0.348080 0.266725 0.339609 0.280582 0.410928 0.287588 0.485171 0.238709 0.348080 0.255876 0.414337 0.267091 0.488790
196 0.252174 0.263072 0.251695 0.343046 0.265734 0.338995 0.237657 0.347098 0.265734 0.338995 0.281293 0.407360 0.287605 0.485578 0.237657 0.347098 0.255445 0.414143 0.264487 0.488944
197 0.252236 0.268896 0.249596 0.344862 0.264311 0.340854 0.234881 0.348871 0.264311 0.340854 0.281632 0.404990 0.288108 0.485771 0.234881 0.348871 0.255474 0.414886 0.265907 0.489993
198 0.251618 0.271535 0.247855 0.347804 0.262615 0.343726 0.233094 0.351881 0.262615 0.343726 0.280394 0.408713 0.286563 0.483180 0.233094 0.351881 0.251621 0.414772 0.265172 0.489923
199 0.250528 0.277093 0.246806 0.348816 0.261919 0.344406 0.231693 0.353226 0.261919 0.344406 0.281962 0.402832 0.286663 0.482793 0.231693 0.353226 0.249377 0.414006 0.254848 0.488647
200 0.248517 0.280229 0.245428 0.351085 0.260353 0.345762 0.230504 0.356409 0.260353 0.345762 0.282028 0.406578 0.287134 0.482779 0.230504 0.356409 0.247675 0.419802 0.258472 0.491305
201 0.245447 0.282841 0.243899 0.354128 0.258305 0.347809 0.229493 0.360448 0.258305 0.347809 0.284189 0.406432 0.287263 0.483629 0.229493 0.360448 0.248942 0.420913 0.257810 0.491501
202 0.242842 0.285005 0.241122 0.360754 0.255134 0.354291 0.227110 0.367218 0.255134 0.354291 0.281985 0.415286 0.286872 0.485411 0.227110 0.367218 0.251795 0.429064 0.255286 0.492122
203 0.239704 0.286802 0.240285 0.360322 0.254287 0.353143 0.226283 0.367502 0.254287 0.353143 0.280671 0.417079 0.286964 0.487265 0.226283 0.367502 0.249663 0.426236 0.259015 0.492433
204 0.237446 0.286373 0.238482 0.362821 0.252353 0.355972 0.224611 0.369670 0.252353 0.355972 0.279062 0.422317 0.286836 0.490463 0.224611 0.369670 0.250177 0.427603 0.260138 0.494937
205 0.234440 0.283738 0.238068 0.360924 0.251571 0.354226 0.224565 0.367623 0.251571 0.354226 0.276393 0.419997 0.283452 0.492280 0.224565 0.367623 0.247594 0.426940 0.259231 0.494595
206 0.232211 0.281950 0.237969 0.360994 0.251475 0.354192 0.224462 0.367795 0.251475 0.354192 0.277244 0.419080 0.284202 0.491614 0.224462 0.367795 0.248095 0.427305 0.260797 0.495630
207 0.230038 0.280117 0.236926 0.360430 0.250491 0.353827 0.223361 0.367032 0.250491 0.353827 0.277865 0.414799 0.284529 0.491415 0.223361 0.367032 0.247727 0.422815 0.257531 0.495034
208 0.228441 0.275496 0.236779 0.359488 0.250676 0.353090 0.222882 0.365886 0.250676 0.353090 0.277996 0.412017 0.284584 0.487939 0.222882 0.365886 0.248137 0.422533 0.258323 0.494653
209 0.227181 0.271879 0.237512 0.359144 0.251291 0.353036 0.223733 0.365253 0.251291 0.353036 0.278693 0.411265 0.284888 0.487491 0.223733 0.365253 0.247980 0.422581 0.259245 0.494624
210 0.226545 0.268974 0.237360 0.358783 0.251208 0.352506 0.223512 0.365060 0.251208 0.352506 0.279757 0.406041 0.285091 0.486932 0.223512 0.365060 0.251545 0.421451 0.259983 0.494521
211 0.225838 0.267107 0.237253 0.358601 0.251113 0.352332 0.223393 0.364871 0.251113 0.352332 0.279805 0.406270 0.285115 0.485674 0.223393 0.364871 0.250400 0.419508 0.260898 0.492560
212 0.225196 0.265754 0.237279 0.359750 0.251080 0.352931 0.223478 0.366568 0.251080 0.352931 0.279835 0.406730 0.284834 0.486569 0.223478 0.366568 0.250746 0.423777 0.262488 0.494901
213 0.224957 0.265466 0.237355 0.359500 0.251044 0.352829 0.223665 0.366170 0.251044 0.352829 0.279870 0.405322 0.284348 0.486730 0.223665 0.366170 0.251591 0.420776 0.263114 0.494782
214 0.224410 0.265358 0.237475 0.359479 0.251122 0.352728 0.223828 0.366230 0.251122 0.352728 0.280267 0.405693 0.284430 0.486955 0.223828 0.366230 0.251439 0.420529 0.264572 0.495222
215 0.224369 0.265237 0.237562 0.359343 0.251263 0.352604 0.223861 0.366081 0.251263 0.352604 0.280205 0.406045 0.284148 0.487469 0.223861 0.366081 0.251410 0.420968 0.265802 0.496543
216 0.224170 0.265409 0.237270 0.359607 0.250921 0.352725 0.223620 0.366489 0.250921 0.352725 0.280215 0.405882 0.282668 0.488895 0.223620 0.366489 0.253154 0.420858 0.265648 0.496425
217 0.224346 0.265539 0.237108 0.360328 0.250896 0.353736 0.223321 0.366920 0.250896 0.353736 0.280099 0.406286 0.282728 0.488900 0.223321 0.366920 0.253280 0.419917 0.267102 0.496505
218 0.224177 0.265611 0.237133 0.360522 0.250915 0.353711 0.223351 0.367332 0.250915 0.353711 0.280084 0.406917 0.282912 0.490711 0.223351 0.367332 0.253249 0.421805 0.267857 0.498657
219 0.224057 0.265757 0.237177 0.361140 0.250956 0.354387 0.223398 0.367894 0.250956 0.354387 0.280126 0.406985 0.283045 0.490850 0.223398 0.367894 0.253236 0.423506 0.269719 0.498744
220 0.224008 0.265957 0.237045 0.362426 0.250660 0.355831 0.223430 0.369021 0.250660 0.355831 0.280215 0.409579 0.282827 0.492311 0.223430 0.369021 0.253146 0.425754 0.269095 0.498509
221 0.224064 0.266274 0.236774 0.362685 0.250393 0.356202 0.223155 0.369167 0.250393 0.356202 0.280057 0.409324 0.282914 0.492186 0.223155 0.369167 0.252939 0.425886 0.268920 0.498422
222 0.224075 0.266446 0.236903 0.362533 0.250630 0.356016 0.223176 0.369051 0.250630 0.356016 0.280061 0.409838 0.285544 0.492030 0.223176 0.369051 0.253104 0.426641 0.270367 0.498646
223 0.224118 0.266796 0.236954 0.362507 0.250682 0.355960 0.223227 0.369054 0.250682 0.355960 0.280048 0.411115 0.285478 0.494705 0.223227 0.369054 0.252831 0.434011 0.270060 0.498694
224 0.224144 0.267128 0.236976 0.362693 0.250701 0.356103 0.223252 0.369284 0.250701 0.356103 0.280967 0.411069 0.285921 0.494271 0.223252 0.369284 0.253304 0.433456 0.269760 0.499117
225 0.224139 0.267573 0.236889 0.363436 0.250732 0.356668 0.223045 0.370205 0.250732 0.356668 0.281677 0.410873 0.286590 0.494228 0.223045 0.370205 0.253273 0.433018 0.269846 0.500694
226 0.224124 0.267639 0.237170 0.363354 0.251184 0.356598 0.223157 0.370109 0.251184 0.356598 0.281596 0.411706 0.286526 0.494756 0.223157 0.370109 0.252364 0.431647 0.269738 0.501031
227 0.224130 0.267694 0.237195 0.363278 0.251221 0.356516 0.223168 0.370041 0.251221 0.356516 0.281575 0.412083 0.286633 0.495015 0.223168 0.370041 0.252203 0.430773 0.270140 0.501708
228 0.224080 0.268080 0.237201 0.363276 0.251228 0.356474 0.223173 0.370079 0.251228 0.356474 0.281535 0.412205 0.286584 0.495060 0.223173 0.370079 0.251889 0.430299 0.270024 0.502239
229 0.224060 0.268337 0.237193 0.363362 0.251234 0.356493 0.223152 0.370230 0.251234 0.356493 0.281788 0.412668 0.286679 0.495011 0.223152 0.370230 0.251372 0.430308 0.269958 0.502183
230 0.224074 0.268394 0.237232 0.363341 0.251302 0.356485 0.223163 0.370197 0.251302 0.356485 0.281599 0.412579 0.286733 0.495457 0.223163 0.370197 0.251376 0.428555 0.269931 0.502102
231 0.224043 0.268749 0.237286 0.363259 0.251395 0.356471 0.223177 0.370047 0.251395 0.356471 0.281238 0.413242 0.286721 0.495980 0.223177 0.370047 0.251381 0.428167 0.270250 0.502572
232 0.224041 0.269281 0.237298 0.362775 0.251400 0.355786 0.223197 0.369764 0.251400 0.355786 0.281353 0.409809 0.286726 0.495899 0.223197 0.369764 0.251386 0.427959 0.270026 0.502548
233 0.224015 0.269449 0.237336 0.363307 0.251466 0.356486 0.223207 0.370127 0.251466 0.356486 0.281364 0.409892 0.286702 0.495850 0.223207 0.370127 0.251514 0.426980 0.269685 0.502286
234 0.224022 0.269822 0.237346 0.363281 0.251470 0.356452 0.223222 0.370110 0.251470 0.356452 0.281423 0.409106 0.286775 0.495831 0.223222 0.370110 0.251518 0.426522 0.269666 0.502224
235 0.224027 0.270029 0.237537 0.363505 0.251675 0.356630 0.223399 0.370380 0.251675 0.356630 0.281409 0.410689 0.286961 0.495904 0.223399 0.370380 0.251596 0.426444 0.269721 0.502142
236 0.224047 0.270389 0.237472 0.363483 0.251653 0.356608 0.223292 0.370358 0.251653 0.356608 0.281012 0.410992 0.286226 0.496048 0.223292 0.370358 0.254088 0.426443 0.269232 0.501983
237 0.224043 0.270446 0.237483 0.363604 0.251663 0.356835 0.223304 0.370373 0.251663 0.356835 0.281292 0.412299 0.287264 0.496216 0.223304 0.370373 0.253988 0.428254 0.270443 0.502475
238 0.224031 0.270637 0.237504 0.363495 0.251665 0.356626 0.223343 0.370365 0.251665 0.356626 0.281238 0.410819 0.287256 0.495574 0.223343 0.370365 0.253853 0.427580 0.270431 0.501083
239 0.224030 0.270799 0.237539 0.363454 0.251687 0.356548 0.223392 0.370361 0.251687 0.356548 0.281302 0.411334 0.287040 0.495760 0.223392 0.370361 0.253505 0.428646 0.268935 0.499922
