0
0
0 -1 -1 -1 -1 -1 -1 -1 -1 -1 -1 -1 -1 -1 -1 -1 -1 -1 -1 -1 -1
1 -1 -1 -1 -1 -1 -1 -1 -1 -1 -1 -1 -1 -1 -1 -1 -1 -1 -1 -1 -1
2 -1 -1 -1 -1 -1 -1 -1 -1 -1 -1 -1 -1 -1 -1 -1 -1 -1 -1 -1 -1
3 -1 -1 -1 -1 -1 -1 -1 -1 -1 -1 -1 -1 -1 -1 -1 -1 -1 -1 -1 -1
4 -1 -1 -1 -1 -1 -1 -1 -1 -1 -1 -1 -1 -1 -1 -1 -1 -1 -1 -1 -1
5 -1 -1 -1 -1 -1 -1 -1 -1 -1 -1 -1 -1 -1 -1 -1 -1 -1 -1 -1 -1
6 -1 -1 -1 -1 -1 -1 -1 -1 -1 -1 -1 -1 -1 -1 -1 -1 -1 -1 -1 -1
7 -1 -1 -1 -1 -1 -1 -1 -1 -1 -1 -1 -1 -1 -1 -1 -1 -1 -1 -1 -1
8 -1 -1 -1 -1 -1 -1 -1 -1 -1 -1 -1 -1 -1 -1 -1 -1 -1 -1 -1 -1
9 -1 -1 -1 -1 -1 -1 -1 -1 -1 -1 -1 -1 -1 -1 -1 -1 -1 -1 -1 -1
10 -1 -1 -1 -1 -1 -1 -1 -1 -1 -1 -1 -1 -1 -1 -1 -1 -1 -1 -1 -1
11 -1 -1 -1 -1 -1 -1 -1 -1 -1 -1 -1 -1 -1 -1 -1 -1 -1 -1 -1 -1
12 -1 -1 -1 -1 -1 -1 -1 -1 -1 -1 -1 -1 -1 -1 -1 -1 -1 -1 -1 -1
13 -1 -1 -1 -1 -1 -1 -1 -1 -1 -1 -1 -1 -1 -1 -1 -1 -1 -1 -1 -1
14 -1 -1 -1 -1 -1 -1 -1 -1 -1 -1 -1 -1 -1 -1 -1 -1 -1 -1 -1 -1
15 -1 -1 -1 -1 -1 -1 -1 -1 -1 -1 -1 -1 -1 -1 -1 -1 -1 -1 -1 -1
16 -1 -1 -1 -1 -1 -1 -1 -1 -1 -1 -1 -1 -1 -1 -1 -1 -1 -1 -1 -1
17 -1 -1 -1 -1 -1 -1 -1 -1 -1 -1 -1 -1 -1 -1 -1 -1 -1 -1 -1 -1
18 -1 -1 -1 -1 -1 -1 -1 -1 -1 -1 -1 -1 -1 -1 -1 -1 -1 -1 -1 -1
19 -1 -1 -1 -1 -1 -1 -1 -1 -1 -1 -1 -1 -1 -1 -1 -1 -1 -1 -1 -1
20 -1 -1 -1 -1 -1 -1 -1 -1 -1 -1 -1 -1 -1 -1 -1 -1 -1 -1 -1 -1
21 -1 -1 -1 -1 -1 -1 -1 -1 -1 -1 -1 -1 -1 -1 -1 -1 -1 -1 -1 -1
22 -1 -1 -1 -1 -1 -1 -1 -1 -1 -1 -1 -1 -1 -1 -1 -1 -1 -1 -1 -1
23 -1 -1 -1 -1 -1 -1 -1 -1 -1 -1 -1 -1 -1 -1 -1 -1 -1 -1 -1 -1
24 -1 -1 -1 -1 -1 -1 -1 -1 -1 -1 -1 -1 -1 -1 -1 -1 -1 -1 -1 -1
25 -1 -1 -1 -1 -1 -1 -1 -1 -1 -1 -1 -1 -1 -1 -1 -1 -1 -1 -1 -1
26 -1 -1 -1 -1 -1 -1 -1 -1 -1 -1 -1 -1 -1 -1 -1 -1 -1 -1 -1 -1
27 -1 -1 -1 -1 -1 -1 -1 -1 -1 -1 -1 -1 -1 -1 -1 -1 -1 -1 -1 -1
28 -1 -1 -1 -1 -1 -1 -1 -1 -1 -1 -1 -1 -1 -1 -1 -1 -1 -1 -1 -1
29 -1 -1 -1 -1 -1 -1 -1 -1 -1 -1 -1 -1 -1 -1 -1 -1 -1 -1 -1 -1
30 -1 -1 -1 -1 -1 -1 -1 -1 -1 -1 -1 -1 -1 -1 -1 -1 -1 -1 -1 -1
31 -1 -1 -1 -1 -1 -1 -1 -1 -1 -1 -1 -1 -1 -1 -1 -1 -1 -1 -1 -1
32 -1 -1 -1 -1 -1 -1 -1 -1 -1 -1 -1 -1 -1 -1 -1 -1 -1 -1 -1 -1
33 -1 -1 -1 -1 -1 -1 -1 -1 -1 -1 -1 -1 -1 -1 -1 -1 -1 -1 -1 -1
34 -1 -1 -1 -1 -1 -1 -1 -1 -1 -1 -1 -1 -1 -1 -1 -1 -1 -1 -1 -1
35 -1 -1 -1 -1 -1 -1 -1 -1 -1 -1 -1 -1 -1 -1 -1 -1 -1 -1 -1 -1
36 -1 -1 -1 -1 -1 -1 -1 -1 -1 -1 -1 -1 -1 -1 -1 -1 -1 -1 -1 -1
37 -1 -1 -1 -1 -1 -1 -1 -1 -1 -1 -1 -1 -1 -1 -1 -1 -1 -1 -1 -1
38 -1 -1 -1 -1 -1 -1 -1 -1 -1 -1 -1 -1 -1 -1 -1 -1 -1 -1 -1 -1
39 -1 -1 -1 -1 -1 -1 -1 -1 -1 -1 -1 -1 -1 -1 -1 -1 -1 -1 -1 -1
40 -1 -1 -1 -1 -1 -1 -1 -1 -1 -1 -1 -1 -1 -1 -1 -1 -1 -1 -1 -1
41 -1 -1 -1 -1 -1 -1 -1 -1 -1 -1 -1 -1 -1 -1 -1 -1 -1 -1 -1 -1
42 -1 -1 -1 -1 -1 -1 -1 -1 -1 -1 -1 -1 -1 -1 -1 -1 -1 -1 -1 -1
43 -1 -1 -1 -1 -1 -1 -1 -1 -1 -1 -1 -1 -1 -1 -1 -1 -1 -1 -1 -1
44 -1 -1 -1 -1 -1 -1 -1 -1 -1 -1 -1 -1 -1 -1 -1 -1 -1 -1 -1 -1
45 -1 -1 -1 -1 -1 -1 -1 -1 -1 -1 -1 -1 -1 -1 -1 -1 -1 -1 -1 -1
46 -1 -1 -1 -1 -1 -1 -1 -1 -1 -1 -1 -1 -1 -1 -1 -1 -1 -1 -1 -1
47 -1 -1 -1 -1 -1 -1 -1 -1 -1 -1 -1 -1 -1 -1 -1 -1 -1 -1 -1 -1
48 -1 -1 -1 -1 -1 -1 -1 -1 -1 -1 -1 -1 -1 -1 -1 -1 -1 -1 -1 -1
49 -1 -1 -1 -1 -1 -1 -1 -1 -1 -1 -1 -1 -1 -1 -1 -1 -1 -1 -1 -1
50 -1 -1 -1 -1 -1 -1 -1 -1 -1 -1 -1 -1 -1 -1 -1 -1 -1 -1 -1 -1
51 -1 -1 -1 -1 -1 -1 -1 -1 -1 -1 -1 -1 -1 -1 -1 -1 -1 -1 -1 -1
52 -1 -1 -1 -1 -1 -1 -1 -1 -1 -1 -1 -1 -1 -1 -1 -1 -1 -1 -1 -1
53 -1 -1 -1 -1 -1 -1 -1 -1 -1 -1 -1 -1 -1 -1 -1 -1 -1 -1 -1 -1
54 -1 -1 -1 -1 -1 -1 -1 -1 -1 -1 -1 -1 -1 -1 -1 -1 -1 -1 -1 -1
55 -1 -1 -1 -1 -1 -1 -1 -1 -1 -1 -1 -1 -1 -1 -1 -1 -1 -1 -1 -1
56 -1 -1 -1 -1 -1 -1 -1 -1 -1 -1 -1 -1 -1 -1 -1 -1 -1 -1 -1 -1
57 -1 -1 -1 -1 -1 -1 -1 -1 -1 -1 -1 -1 -1 -1 -1 -1 -1 -1 -1 -1
58 -1 -1 -1 -1 -1 -1 -1 -1 -1 -1 -1 -1 -1 -1 -1 -1 -1 -1 -1 -1
59 -1 -1 -1 -1 -1 -1 -1 -1 -1 -1 -1 -1 -1 -1 -1 -1 -1 -1 -1 -1
60 -1 -1 -1 -1 -1 -1 -1 -1 -1 -1 -1 -1 -1 -1 -1 -1 -1 -1 -1 -1
61 -1 -1 -1 -1 -1 -1 -1 -1 -1 -1 -1 -1 -1 -1 -1 -1 -1 -1 -1 -1
62 -1 -1 -1 -1 -1 -1 -1 -1 -1 -1 -1 -1 -1 -1 -1 -1 -1 -1 -1 -1
63 -1 -1 -1 -1 -1 -1 -1 -1 -1 -1 -1 -1 -1 -1 -1 -1 -1 -1 -1 -1
64 -1 -1 -1 -1 -1 -1 -1 -1 -1 -1 -1 -1 -1 -1 -1 -1 -1 -1 -1 -1
65 -1 -1 -1 -1 -1 -1 -1 -1 -1 -1 -1 -1 -1 -1 -1 -1 -1 -1 -1 -1
66 -1 -1 -1 -1 -1 -1 -1 -1 -1 -1 -1 -1 -1 -1 -1 -1 -1 -1 -1 -1
67 -1 -1 -1 -1 -1 -1 -1 -1 -1 -1 -1 -1 -1 -1 -1 -1 -1 -1 -1 -1
68 -1 -1 -1 -1 -1 -1 -1 -1 -1 -1 -1 -1 -1 -1 -1 -1 -1 -1 -1 -1
69 -1 -1 -1 -1 -1 -1 -1 -1 -1 -1 -1 -1 -1 -1 -1 -1 -1 -1 -1 -1
70 -1 -1 -1 -1 -1 -1 -1 -1 -1 -1 -1 -1 -1 -1 -1 -1 -1 -1 -1 -1
71 -1 -1 -1 -1 -1 -1 -1 -1 -1 -1 -1 -1 -1 -1 -1 -1 -1 -1 -1 -1
72 -1 -1 -1 -1 -1 -1 -1 -1 -1 -1 -1 -1 -1 -1 -1 -1 -1 -1 -1 -1
73 -1 -1 -1 -1 -1 -1 -1 -1 -1 -1 -1 -1 -1 -1 -1 -1 -1 -1 -1 -1
74 -1 -1 -1 -1 -1 -1 -1 -1 -1 -1 -1 -1 -1 -1 -1 -1 -1 -1 -1 -1
75 -1 -1 -1 -1 -1 -1 -1 -1 -1 -1 -1 -1 -1 -1 -1 -1 -1 -1 -1 -1
76 -1 -1 -1 -1 -1 -1 -1 -1 -1 -1 -1 -1 -1 -1 -1 -1 -1 -1 -1 -1
77 -1 -1 -1 -1 -1 -1 -1 -1 -1 -1 -1 -1 -1 -1 -1 -1 -1 -1 -1 -1
78 -1 -1 -1 -1 -1 -1 -1 -1 -1 -1 -1 -1 -1 -1 -1 -1 -1 -1 -1 -1
79 -1 -1 -1 -1 -1 -1 -1 -1 -1 -1 -1 -1 -1 -1 -1 -1 -1 -1 -1 -1
80 -1 -1 -1 -1 -1 -1 -1 -1 -1 -1 -1 -1 -1 -1 -1 -1 -1 -1 -1 -1
81 -1 -1 -1 -1 -1 -1 -1 -1 -1 -1 -1 -1 -1 -1 -1 -1 -1 -1 -1 -1
82 -1 -1 -1 -1 -1 -1 -1 -1 -1 -1 -1 -1 -1 -1 -1 -1 -1 -1 -1 -1
83 -1 -1 -1 -1 -1 -1 -1 -1 -1 -1 -1 -1 -1 -1 -1 -1 -1 -1 -1 -1
84 -1 -1 -1 -1 -1 -1 -1 -1 -1 -1 -1 -1 -1 -1 -1 -1 -1 -1 -1 -1
85 -1 -1 -1 -1 -1 -1 -1 -1 -1 -1 -1 -1 -1 -1 -1 -1 -1 -1 -1 -1
86 -1 -1 -1 -1 -1 -1 -1 -1 -1 -1 -1 -1 -1 -1 -1 -1 -1 -1 -1 -1
87 -1 -1 -1 -1 -1 -1 -1 -1 -1 -1 -1 -1 -1 -1 -1 -1 -1 -1 -1 -1
88 -1 -1 -1 -1 -1 -1 -1 -1 -1 -1 -1 -1 -1 -1 -1 -1 -1 -1 -1 -1
89 -1 -1 -1 -1 -1 -1 -1 -1 -1 -1 -1 -1 -1 -1 -1 -1 -1 -1 -1 -1
90 -1 -1 -1 -1 -1 -1 -1 -1 -1 -1 -1 -1 -1 -1 -1 -1 -1 -1 -1 -1
91 -1 -1 -1 -1 -1 -1 -1 -1 -1 -1 -1 -1 -1 -1 -1 -1 -1 -1 -1 -1
92 -1 -1 -1 -1 -1 -1 -1 -1 -1 -1 -1 -1 -1 -1 -1 -1 -1 -1 -1 -1
93 -1 -1 -1 -1 -1 -1 -1 -1 -1 -1 -1 -1 -1 -1 -1 -1 -1 -1 -1 -1
94 -1 -1 -1 -1 -1 -1 -1 -1 -1 -1 -1 -1 -1 -1 -1 -1 -1 -1 -1 -1
95 -1 -1 -1 -1 -1 -1 -1 -1 -1 -1 -1 -1 -1 -1 -1 -1 -1 -1 -1 -1
96 -1 -1 -1 -1 -1 -1 -1 -1 -1 -1 -1 -1 -1 -1 -1 -1 -1 -1 -1 -1
97 -1 -1 -1 -1 -1 -1 -1 -1 -1 -1 -1 -1 -1 -1 -1 -1 -1 -1 -1 -1
98 -1 -1 -1 -1 -1 -1 -1 -1 -1 -1 -1 -1 -1 -1 -1 -1 -1 -1 -1 -1
99 -1 -1 -1 -1 -1 -1 -1 -1 -1 -1 -1 -1 -1 -1 -1 -1 -1 -1 -1 -1
100 0.487027 0.275267 0.485859 0.468124 0.477395 0.471510 0.494324 0.464738 0.477395 0.471510 0.499733 0.606489 0.541876 0.745877 0.494324 0.464738 0.473345 0.550206 0.461756 0.654680
101 0.479179 0.274869 0.480884 0.466392 0.470648 0.471096 0.491121 0.461687 0.470648 0.471096 0.490522 0.606114 0.539725 0.745105 0.491121 0.461687 0.470453 0.552371 0.463095 0.653586
102 0.471241 0.271468 0.472067 0.459767 0.464594 0.466580 0.479539 0.452955 0.464594 0.466580 0.478038 0.600694 0.534392 0.734265 0.479539 0.452955 0.462335 0.550081 0.466408 0.649350
103 0.464072 0.267172 0.463218 0.455311 0.455513 0.461908 0.470923 0.448714 0.455513 0.461908 0.463563 0.583716 0.521703 0.700289 0.470923 0.448714 0.457685 0.550410 0.466948 0.647332
104 0.458343 0.260547 0.456249 0.453481 0.451332 0.458137 0.461166 0.448826 0.451332 0.458137 0.451666 0.582368 0.506228 0.689243 0.461166 0.448826 0.452830 0.552472 0.469131 0.651365
105 0.452733 0.256798 0.451660 0.451716 0.448757 0.455118 0.454562 0.448314 0.448757 0.455118 0.441675 0.571429 0.473421 0.668641 0.454562 0.448314 0.455648 0.553681 0.468021 0.648543
106 0.447909 0.251889 0.449475 0.448977 0.446441 0.451572 0.452509 0.446382 0.446441 0.451572 0.432324 0.567778 0.461742 0.665484 0.452509 0.446382 0.450227 0.553853 0.461075 0.648285
107 0.441563 0.250161 0.443929 0.447687 0.437850 0.450227 0.450008 0.445148 0.437850 0.450227 0.424526 0.568100 0.455980 0.676870 0.450008 0.445148 0.452810 0.554581 0.457095 0.651024
108 0.435832 0.248730 0.439070 0.444535 0.432181 0.447251 0.445959 0.441818 0.432181 0.447251 0.410831 0.562978 0.442149 0.670754 0.445959 0.441818 0.452165 0.552741 0.454190 0.656075
109 0.430288 0.247766 0.434677 0.443005 0.425857 0.446341 0.443496 0.439670 0.425857 0.446341 0.402784 0.557299 0.415914 0.667979 0.443496 0.439670 0.450642 0.551355 0.455056 0.656833
110 0.423281 0.247126 0.430381 0.437872 0.420112 0.441974 0.440650 0.433771 0.420112 0.441974 0.396962 0.549771 0.397700 0.662152 0.440650 0.433771 0.448150 0.546421 0.457856 0.656930
111 0.416552 0.246589 0.424448 0.437143 0.416773 0.440735 0.432122 0.433550 0.416773 0.440735 0.393079 0.544300 0.381923 0.654218 0.432122 0.433550 0.443660 0.542512 0.459655 0.656798
112 0.409198 0.246664 0.418564 0.435068 0.414079 0.437711 0.423049 0.432425 0.414079 0.437711 0.392032 0.541639 0.372325 0.650833 0.423049 0.432425 0.437155 0.539380 0.460240 0.656326
113 0.400741 0.247530 0.411420 0.435065 0.408252 0.437946 0.414589 0.432185 0.408252 0.437946 0.386227 0.543570 0.368459 0.650580 0.414589 0.432185 0.433020 0.539425 0.459585 0.656296
114 0.392355 0.247923 0.404968 0.433990 0.400834 0.437050 0.409101 0.430929 0.400834 0.437050 0.392272 0.544756 0.374226 0.651872 0.409101 0.430929 0.424959 0.539555 0.456930 0.655994
115 0.384604 0.247657 0.397184 0.434344 0.389744 0.438223 0.404624 0.430465 0.389744 0.438223 0.370721 0.546562 0.365461 0.654354 0.404624 0.430465 0.424560 0.539819 0.456749 0.655861
116 0.376336 0.247016 0.389040 0.431493 0.382183 0.436404 0.395898 0.426581 0.382183 0.436404 0.362573 0.547088 0.366248 0.654400 0.395898 0.426581 0.418334 0.537104 0.454992 0.650875
117 0.365313 0.247487 0.379132 0.431675 0.370625 0.437261 0.387639 0.426090 0.370625 0.437261 0.355713 0.548217 0.366462 0.655446 0.387639 0.426090 0.410954 0.535451 0.451372 0.640777
118 0.355068 0.247460 0.368895 0.431878 0.362827 0.437595 0.374963 0.426162 0.362827 0.437595 0.354079 0.548480 0.364892 0.654727 0.374963 0.426162 0.392964 0.531047 0.444275 0.628945
119 0.348903 0.247699 0.362652 0.428719 0.357429 0.435311 0.367875 0.422128 0.357429 0.435311 0.350373 0.545756 0.363722 0.655132 0.367875 0.422128 0.381106 0.520624 0.433224 0.608969
120 0.342866 0.247726 0.352360 0.425566 0.348725 0.431620 0.355995 0.419511 0.348725 0.431620 0.345917 0.543257 0.364158 0.653130 0.355995 0.419511 0.367750 0.515719 0.419946 0.599457
121 0.337529 0.248476 0.346889 0.425713 0.340581 0.432601 0.353197 0.418825 0.340581 0.432601 0.342022 0.542992 0.364134 0.651174 0.353197 0.418825 0.359047 0.513380 0.408071 0.596017
122 0.332205 0.249090 0.341152 0.426418 0.333888 0.433001 0.348417 0.419836 0.333888 0.433001 0.340289 0.543210 0.365721 0.647183 0.348417 0.419836 0.351364 0.512523 0.392720 0.597021
123 0.325587 0.250296 0.334361 0.427176 0.329692 0.434022 0.339030 0.420330 0.329692 0.434022 0.336971 0.542140 0.366191 0.647995 0.339030 0.420330 0.341143 0.515976 0.371774 0.617239
124 0.319128 0.252556 0.326064 0.431561 0.327136 0.442272 0.324992 0.420850 0.327136 0.442272 0.337509 0.547055 0.365449 0.646963 0.324992 0.420850 0.334879 0.524934 0.359756 0.618087
125 0.312190 0.255021 0.321176 0.432079 0.326068 0.443028 0.316285 0.421130 0.326068 0.443028 0.334531 0.549553 0.363944 0.647419 0.316285 0.421130 0.327173 0.529925 0.344962 0.615209
126 0.305398 0.257936 0.318769 0.435933 0.323593 0.444288 0.313945 0.427579 0.323593 0.444288 0.327763 0.549561 0.362106 0.645042 0.313945 0.427579 0.314957 0.530275 0.321829 0.616144
127 0.296492 0.258991 0.313269 0.437085 0.323162 0.444156 0.303377 0.430014 0.323162 0.444156 0.326611 0.549486 0.363506 0.644538 0.303377 0.430014 0.295954 0.535174 0.297010 0.630388
128 0.287884 0.259893 0.308631 0.433437 0.321869 0.436893 0.295392 0.429981 0.321869 0.436893 0.329218 0.547799 0.363836 0.643322 0.295392 0.429981 0.289685 0.538731 0.294365 0.634893
129 0.279342 0.260846 0.302408 0.431841 0.319709 0.432412 0.285107 0.431269 0.319709 0.432412 0.330491 0.545568 0.363077 0.640568 0.285107 0.431269 0.280408 0.540804 0.291093 0.635873
130 0.270808 0.261188 0.294360 0.420272 0.315080 0.416984 0.273640 0.423559 0.315080 0.416984 0.327873 0.537534 0.358899 0.639267 0.273640 0.423559 0.274682 0.538616 0.290966 0.635567
131 0.262305 0.262808 0.288607 0.419746 0.311846 0.415883 0.265369 0.423608 0.311846 0.415883 0.327530 0.537078 0.352563 0.639862 0.265369 0.423608 0.275731 0.540992 0.293377 0.637001
132 0.256621 0.267833 0.285346 0.427754 0.309058 0.420046 0.261633 0.435462 0.309058 0.420046 0.329085 0.539103 0.346725 0.640869 0.261633 0.435462 0.274245 0.548240 0.291561 0.638107
133 0.251429 0.270580 0.282332 0.430610 0.306306 0.422137 0.258358 0.439084 0.306306 0.422137 0.324228 0.536412 0.338494 0.639478 0.258358 0.439084 0.274082 0.545980 0.286264 0.637625
134 0.247598 0.276461 0.279937 0.429657 0.302764 0.421728 0.257109 0.437587 0.302764 0.421728 0.318112 0.520321 0.333517 0.630670 0.257109 0.437587 0.276323 0.522753 0.283952 0.630742
135 0.243788 0.280732 0.273619 0.429506 0.296574 0.421776 0.250663 0.437235 0.296574 0.421776 0.312897 0.516688 0.328789 0.626872 0.250663 0.437235 0.270345 0.516048 0.279082 0.629082
136 0.240698 0.287628 0.267886 0.429306 0.290382 0.421912 0.245390 0.436700 0.290382 0.421912 0.306825 0.518720 0.321209 0.620650 0.245390 0.436700 0.269046 0.516718 0.282098 0.628646
137 0.237041 0.296521 0.263930 0.429626 0.286096 0.422254 0.241765 0.436999 0.286096 0.422254 0.301336 0.516189 0.314339 0.612828 0.241765 0.436999 0.266087 0.510535 0.284041 0.623828
138 0.235932 0.305504 0.261171 0.432242 0.282324 0.423631 0.240017 0.440854 0.282324 0.423631 0.297311 0.519129 0.307331 0.606448 0.240017 0.440854 0.268093 0.520357 0.285061 0.620665
139 0.235420 0.311592 0.259081 0.436606 0.279628 0.427606 0.238534 0.445606 0.279628 0.427606 0.291170 0.518760 0.295449 0.601407 0.238534 0.445606 0.266970 0.526737 0.282379 0.616794
140 0.234837 0.318244 0.255258 0.437264 0.275501 0.427630 0.235015 0.446898 0.275501 0.427630 0.286809 0.502393 0.284419 0.595585 0.235015 0.446898 0.263954 0.525049 0.281491 0.609382
141 0.235268 0.320427 0.254486 0.437717 0.274308 0.427802 0.234665 0.447632 0.274308 0.427802 0.281052 0.506746 0.274957 0.598392 0.234665 0.447632 0.263167 0.525883 0.282603 0.608113
142 0.235196 0.326536 0.254228 0.440653 0.273214 0.430042 0.235242 0.451263 0.273214 0.430042 0.274348 0.509254 0.269131 0.601170 0.235242 0.451263 0.261752 0.525890 0.282922 0.606886
143 0.233949 0.330929 0.251320 0.442158 0.268683 0.430720 0.233957 0.453597 0.268683 0.430720 0.273024 0.507909 0.263943 0.594292 0.233957 0.453597 0.260214 0.526732 0.280181 0.607475
144 0.232791 0.343586 0.247048 0.445418 0.263948 0.433725 0.230148 0.457110 0.263948 0.433725 0.273292 0.516586 0.264946 0.597974 0.230148 0.457110 0.258989 0.527628 0.276068 0.608864
145 0.231479 0.354962 0.241701 0.454494 0.257320 0.442276 0.226082 0.466711 0.257320 0.442276 0.269691 0.524197 0.266367 0.599819 0.226082 0.466711 0.255729 0.533797 0.271221 0.614385
146 0.230753 0.365940 0.238635 0.463982 0.253157 0.448630 0.224113 0.479334 0.253157 0.448630 0.269855 0.522322 0.271116 0.599537 0.224113 0.479334 0.255898 0.531742 0.270210 0.617033
147 0.228707 0.374442 0.235336 0.474261 0.248963 0.459260 0.221710 0.489263 0.248963 0.459260 0.264426 0.509281 0.271346 0.578551 0.221710 0.489263 0.254947 0.533438 0.269539 0.621371
148 0.226197 0.377646 0.230463 0.480369 0.243453 0.467298 0.217473 0.493440 0.243453 0.467298 0.264610 0.530514 0.270410 0.588088 0.217473 0.493440 0.250712 0.546090 0.269068 0.620986
149 0.220467 0.387092 0.225376 0.486334 0.237146 0.471447 0.213606 0.501221 0.237146 0.471447 0.264446 0.532328 0.272090 0.608043 0.213606 0.501221 0.246744 0.549080 0.266594 0.621816
150 0.219816 0.395111 0.222281 0.495226 0.233222 0.481977 0.211341 0.508475 0.233222 0.481977 0.261542 0.523798 0.271817 0.606985 0.211341 0.508475 0.246097 0.550072 0.260177 0.625113
151 0.213668 0.404009 0.205699 0.508256 0.217515 0.494094 0.193883 0.522417 0.217515 0.494094 0.261854 0.523490 0.272437 0.606338 0.193883 0.522417 0.214776 0.556018 0.219558 0.626899
152 0.208391 0.410848 0.198598 0.517227 0.211004 0.503718 0.186192 0.530735 0.211004 0.503718 0.262453 0.521439 0.271807 0.613770 0.186192 0.530735 0.175225 0.567433 0.161201 0.634835
153 0.202570 0.420558 0.191356 0.533405 0.201191 0.521988 0.181521 0.544823 0.201191 0.521988 0.254429 0.525164 0.272051 0.614014 0.181521 0.544823 0.198972 0.564775 0.229528 0.632107
154 0.195272 0.428031 0.182254 0.548874 0.188322 0.541366 0.176186 0.556382 0.188322 0.541366 0.247047 0.533601 0.269674 0.613184 0.176186 0.556382 0.219800 0.562924 0.264221 0.631146
155 0.183667 0.432946 0.172078 0.559511 0.175213 0.552728 0.168943 0.566294 0.175213 0.552728 0.240931 0.533543 0.267801 0.612260 0.168943 0.566294 0.237061 0.555650 0.270783 0.630963
156 0.174921 0.433311 0.165970 0.558586 0.168965 0.551631 0.162975 0.565541 0.168965 0.551631 0.232787 0.532731 0.268043 0.611983 0.162975 0.565541 0.237085 0.549930 0.272081 0.630060
157 0.165909 0.433421 0.162894 0.558860 0.165910 0.552381 0.159879 0.565338 0.165910 0.552381 0.237096 0.534417 0.268515 0.614651 0.159879 0.565338 0.236651 0.548992 0.268149 0.630154
158 0.156561 0.430840 0.161682 0.556446 0.169126 0.549212 0.154238 0.563680 0.169126 0.549212 0.241180 0.532609 0.268874 0.614154 0.154238 0.563680 0.235538 0.549034 0.257522 0.630038
159 0.150566 0.436238 0.161751 0.559409 0.170470 0.550032 0.153032 0.568787 0.170470 0.550032 0.242038 0.529760 0.270349 0.614478 0.153032 0.568787 0.224101 0.556369 0.182702 0.618544
160 0.145030 0.440959 0.160861 0.560906 0.167905 0.549617 0.153817 0.572194 0.167905 0.549617 0.241275 0.526899 0.270398 0.615152 0.153817 0.572194 0.226240 0.555921 0.211194 0.621390
161 0.139721 0.441926 0.159855 0.560875 0.171720 0.548210 0.147990 0.573540 0.171720 0.548210 0.242153 0.527008 0.271112 0.615947 0.147990 0.573540 0.199148 0.554239 0.215276 0.613287
162 0.135578 0.445139 0.156807 0.563451 0.161963 0.549533 0.151651 0.577370 0.161963 0.549533 0.217213 0.527680 0.236340 0.620019 0.151651 0.577370 0.217967 0.554852 0.269291 0.615547
163 0.122330 0.450430 0.146114 0.559397 0.164607 0.543039 0.127621 0.575755 0.164607 0.543039 0.227201 0.531153 0.264223 0.619218 0.127621 0.575755 0.091765 0.562391 0.119426 0.563561
164 0.105556 0.453500 0.133094 0.557147 0.145098 0.545069 0.121090 0.569226 0.145098 0.545069 0.193182 0.513638 0.230354 0.599213 0.121090 0.569226 0.104413 0.523056 0.148714 0.564419
165 0.092789 0.449256 0.118493 0.540278 0.119238 0.531790 0.117749 0.548766 0.119238 0.531790 0.157140 0.525615 0.169745 0.575316 0.117749 0.548766 0.151379 0.513779 0.180389 0.550935
166 0.095354 0.478459 0.123723 0.573840 0.137041 0.558771 0.110406 0.588909 0.137041 0.558771 0.195110 0.519745 0.262385 0.583291 0.110406 0.588909 0.069622 0.524450 0.089979 0.469668
167 0.094392 0.480385 0.129269 0.579096 0.139013 0.556579 0.119525 0.601613 0.139013 0.556579 0.205692 0.512491 0.284109 0.590230 0.119525 0.601613 0.071552 0.566806 0.189146 0.584043
168 0.088647 0.482695 0.128208 0.582622 0.134952 0.558611 0.121464 0.606633 0.134952 0.558611 0.204603 0.509041 0.279806 0.580190 0.121464 0.606633 0.164435 0.559526 0.234717 0.582323
169 0.086500 0.489661 0.126658 0.595337 0.135339 0.570358 0.117976 0.620316 0.135339 0.570358 0.207946 0.519294 0.273256 0.595148 0.117976 0.620316 0.134465 0.647843 0.134659 0.682366
170 0.087167 0.495193 0.129934 0.599009 0.137182 0.575295 0.122686 0.622723 0.137182 0.575295 0.206176 0.518570 0.268031 0.595443 0.122686 0.622723 0.163522 0.620127 0.153810 0.683289
171 0.079909 0.491678 0.123808 0.591295 0.124629 0.568819 0.122988 0.613770 0.124629 0.568819 0.186717 0.515569 0.233666 0.595331 0.122988 0.613770 0.164295 0.575441 0.191117 0.586100
172 0.082720 0.492291 0.125548 0.589336 0.132012 0.565487 0.119083 0.613184 0.132012 0.565487 0.196067 0.530585 0.251220 0.598136 0.119083 0.613184 0.143269 0.643317 0.143039 0.676468
173 0.080225 0.492099 0.122839 0.588840 0.130267 0.565340 0.115411 0.612341 0.130267 0.565340 0.185333 0.519100 0.235211 0.588670 0.115411 0.612341 0.137117 0.646408 0.142788 0.670804
174 0.082063 0.493285 0.125415 0.587827 0.132665 0.563904 0.118165 0.611750 0.132665 0.563904 0.172578 0.519158 0.220853 0.582764 0.118165 0.611750 0.142188 0.621750 0.151094 0.651603
175 0.081843 0.493220 0.124751 0.579628 0.131188 0.551309 0.118315 0.607948 0.131188 0.551309 0.183086 0.518969 0.224280 0.585078 0.118315 0.607948 0.142576 0.621998 0.145689 0.619532
176 0.082974 0.491910 0.126394 0.578594 0.132193 0.549642 0.120594 0.607546 0.132193 0.549642 0.187412 0.510713 0.230507 0.587911 0.120594 0.607546 0.145007 0.580861 0.151420 0.591989
177 0.083888 0.492640 0.126801 0.578273 0.132564 0.549818 0.121037 0.606728 0.132564 0.549818 0.196989 0.511911 0.252869 0.601251 0.121037 0.606728 0.148277 0.586809 0.154079 0.601405
178 0.080293 0.492389 0.123855 0.578520 0.128070 0.550472 0.119640 0.606568 0.128070 0.550472 0.196009 0.510516 0.254435 0.602515 0.119640 0.606568 0.147523 0.589498 0.154379 0.606028
179 0.081786 0.493872 0.124184 0.579991 0.128566 0.551235 0.119802 0.608746 0.128566 0.551235 0.196542 0.504890 0.257717 0.604282 0.119802 0.608746 0.154465 0.604907 0.157243 0.615222
180 0.080371 0.494606 0.123111 0.579973 0.126493 0.551841 0.119728 0.608105 0.126493 0.551841 0.186619 0.506761 0.251681 0.598056 0.119728 0.608105 0.154372 0.604519 0.157457 0.636065
181 0.080767 0.497898 0.123645 0.582975 0.127162 0.555888 0.120129 0.610061 0.127162 0.555888 0.186876 0.507056 0.256833 0.603511 0.120129 0.610061 0.153516 0.593648 0.161729 0.617109
182 0.082025 0.498366 0.125232 0.583409 0.127841 0.557094 0.122623 0.609725 0.127841 0.557094 0.191133 0.505872 0.259829 0.603269 0.122623 0.609725 0.153367 0.585481 0.167508 0.605670
183 0.083877 0.500469 0.125350 0.582503 0.128140 0.555624 0.122561 0.609382 0.128140 0.555624 0.193485 0.504937 0.259652 0.602835 0.122561 0.609382 0.140224 0.644743 0.152059 0.721787
184 0.084548 0.501082 0.126233 0.582430 0.128586 0.555872 0.123880 0.608989 0.128586 0.555872 0.193727 0.503522 0.252323 0.596925 0.123880 0.608989 0.146517 0.604324 0.155835 0.627441
185 0.086347 0.506569 0.128437 0.584032 0.132882 0.556781 0.123992 0.611282 0.132882 0.556781 0.204622 0.504316 0.258605 0.600936 0.123992 0.611282 0.143653 0.642809 0.150562 0.719854
186 0.085062 0.504170 0.128834 0.585007 0.133651 0.558409 0.124016 0.611605 0.133651 0.558409 0.203389 0.504248 0.258915 0.602187 0.124016 0.611605 0.142626 0.619714 0.149860 0.644711
187 0.083723 0.499990 0.131040 0.588495 0.137954 0.564969 0.124125 0.612021 0.137954 0.564969 0.206510 0.507248 0.260270 0.603540 0.124125 0.612021 0.143419 0.617054 0.147366 0.657862
188 0.082167 0.498196 0.132570 0.589502 0.140643 0.566661 0.124497 0.612343 0.140643 0.566661 0.208708 0.509082 0.260716 0.603645 0.124497 0.612343 0.144196 0.633471 0.148916 0.693446
189 0.084344 0.502061 0.133559 0.589780 0.139916 0.567462 0.127201 0.612099 0.139916 0.567462 0.207319 0.517061 0.260312 0.604879 0.127201 0.612099 0.161999 0.596005 0.183678 0.659210
190 0.084493 0.504010 0.129676 0.588191 0.133647 0.564371 0.125705 0.612012 0.133647 0.564371 0.200485 0.513042 0.251112 0.585513 0.125705 0.612012 0.159115 0.619740 0.162439 0.685595
191 0.082649 0.498760 0.130595 0.587422 0.135572 0.564222 0.125618 0.610622 0.135572 0.564222 0.207384 0.513769 0.258400 0.596900 0.125618 0.610622 0.150765 0.642002 0.151586 0.726643
192 0.084245 0.502081 0.130523 0.587300 0.135617 0.564057 0.125429 0.610543 0.135617 0.564057 0.206518 0.508555 0.258311 0.598047 0.125429 0.610543 0.150015 0.654982 0.152238 0.762948
193 0.085481 0.503494 0.130579 0.587284 0.135749 0.564000 0.125409 0.610568 0.135749 0.564000 0.206046 0.508070 0.256264 0.596052 0.125409 0.610568 0.155236 0.614208 0.167772 0.681678
194 0.084066 0.500971 0.130493 0.586301 0.136985 0.563587 0.124002 0.609014 0.136985 0.563587 0.211100 0.517107 0.258349 0.601803 0.124002 0.609014 0.122879 0.646521 0.144370 0.742056
195 0.084224 0.498938 0.130386 0.584816 0.136962 0.562234 0.123810 0.607398 0.136962 0.562234 0.210934 0.516130 0.258804 0.602518 0.123810 0.607398 0.132583 0.649228 0.144933 0.735689
196 0.084273 0.498625 0.131335 0.586141 0.137945 0.564574 0.124725 0.607707 0.137945 0.564574 0.213581 0.517627 0.259740 0.603066 0.124725 0.607707 0.135272 0.653851 0.145956 0.743975
197 0.085327 0.499887 0.132643 0.586931 0.140142 0.565588 0.125145 0.608274 0.140142 0.565588 0.212590 0.516913 0.259619 0.603200 0.125145 0.608274 0.136956 0.662945 0.147245 0.771790
198 0.085611 0.498936 0.131826 0.585793 0.138518 0.563299 0.125134 0.608287 0.138518 0.563299 0.208440 0.516479 0.258522 0.597386 0.125134 0.608287 0.143431 0.616041 0.147816 0.667786
199 0.087405 0.500530 0.131213 0.586377 0.137154 0.564179 0.125272 0.608576 0.137154 0.564179 0.201528 0.512951 0.253620 0.586443 0.125272 0.608576 0.148189 0.622232 0.148013 0.669403
200 0.086876 0.499944 0.130117 0.586290 0.135806 0.564024 0.124427 0.608557 0.135806 0.564024 0.199243 0.512423 0.247896 0.584938 0.124427 0.608557 0.143781 0.640805 0.137146 0.681060
201 0.086628 0.499826 0.130156 0.586223 0.135946 0.563725 0.124366 0.608721 0.135946 0.563725 0.200381 0.511551 0.249671 0.587051 0.124366 0.608721 0.146696 0.622199 0.138782 0.685323
202 0.087641 0.504652 0.130055 0.586246 0.135634 0.563730 0.124477 0.608761 0.135634 0.563730 0.201063 0.508826 0.255389 0.595202 0.124477 0.608761 0.150171 0.643248 0.142046 0.742421
203 0.085158 0.501801 0.130112 0.586077 0.135805 0.563384 0.124418 0.608769 0.135805 0.563384 0.205781 0.512362 0.258886 0.600682 0.124418 0.608769 0.135592 0.642955 0.137620 0.726701
204 0.086829 0.503648 0.129564 0.586408 0.134656 0.563599 0.124473 0.609216 0.134656 0.563599 0.203112 0.513405 0.254354 0.593558 0.124473 0.609216 0.153473 0.615477 0.150150 0.690066
205 0.083999 0.499669 0.129489 0.585786 0.135536 0.563300 0.123442 0.608272 0.135536 0.563300 0.206546 0.514178 0.258335 0.597172 0.123442 0.608272 0.135470 0.652573 0.141297 0.727385
206 0.083758 0.498882 0.129513 0.585869 0.135545 0.563456 0.123481 0.608281 0.135545 0.563456 0.201176 0.505879 0.249327 0.579136 0.123481 0.608281 0.142385 0.649032 0.142620 0.715311
207 0.084115 0.498267 0.131344 0.585265 0.137279 0.563298 0.125409 0.607232 0.137279 0.563298 0.202665 0.509480 0.249587 0.584527 0.125409 0.607232 0.149891 0.588174 0.173117 0.633324
208 0.085737 0.500570 0.131588 0.584725 0.137971 0.562108 0.125204 0.607343 0.137971 0.562108 0.207685 0.511031 0.256628 0.596475 0.125204 0.607343 0.131071 0.644831 0.140013 0.728489
209 0.086549 0.499699 0.132423 0.586248 0.139630 0.564615 0.125216 0.607880 0.139630 0.564615 0.207759 0.511875 0.258950 0.599533 0.125216 0.607880 0.133430 0.653367 0.141538 0.751927
210 0.087004 0.499739 0.130375 0.585149 0.137885 0.563623 0.122866 0.606675 0.137885 0.563623 0.200368 0.511896 0.256405 0.598048 0.122866 0.606675 0.136130 0.647155 0.139734 0.712987
211 0.087037 0.500046 0.130238 0.584750 0.137535 0.563117 0.122941 0.606384 0.137535 0.563117 0.203075 0.511904 0.258136 0.600373 0.122941 0.606384 0.136608 0.655711 0.141042 0.750745
212 0.086092 0.499110 0.130796 0.586600 0.138474 0.565807 0.123118 0.607392 0.138474 0.565807 0.201798 0.511841 0.247577 0.588236 0.123118 0.607392 0.137513 0.651255 0.139656 0.736075
213 0.087000 0.500136 0.131600 0.587345 0.139538 0.566372 0.123662 0.608318 0.139538 0.566372 0.203295 0.512924 0.254639 0.597498 0.123662 0.608318 0.138488 0.652002 0.140105 0.755413
214 0.086672 0.501173 0.131452 0.587195 0.138885 0.565798 0.124019 0.608591 0.138885 0.565798 0.200961 0.510412 0.250493 0.588238 0.124019 0.608591 0.145464 0.647579 0.140176 0.725176
215 0.086888 0.501221 0.130465 0.587164 0.136881 0.565718 0.124048 0.608610 0.136881 0.565718 0.200302 0.510035 0.255706 0.595602 0.124048 0.608610 0.145998 0.632400 0.138017 0.694068
