0
0
0 -1 -1 -1 -1 -1 -1 -1 -1 -1 -1 -1 -1 -1 -1 -1 -1 -1 -1 -1 -1
1 -1 -1 -1 -1 -1 -1 -1 -1 -1 -1 -1 -1 -1 -1 -1 -1 -1 -1 -1 -1
2 -1 -1 -1 -1 -1 -1 -1 -1 -1 -1 -1 -1 -1 -1 -1 -1 -1 -1 -1 -1
3 -1 -1 -1 -1 -1 -1 -1 -1 -1 -1 -1 -1 -1 -1 -1 -1 -1 -1 -1 -1
4 -1 -1 -1 -1 -1 -1 -1 -1 -1 -1 -1 -1 -1 -1 -1 -1 -1 -1 -1 -1
5 -1 -1 -1 -1 -1 -1 -1 -1 -1 -1 -1 -1 -1 -1 -1 -1 -1 -1 -1 -1
6 -1 -1 -1 -1 -1 -1 -1 -1 -1 -1 -1 -1 -1 -1 -1 -1 -1 -1 -1 -1
7 -1 -1 -1 -1 -1 -1 -1 -1 -1 -1 -1 -1 -1 -1 -1 -1 -1 -1 -1 -1
8 -1 -1 -1 -1 -1 -1 -1 -1 -1 -1 -1 -1 -1 -1 -1 -1 -1 -1 -1 -1
9 -1 -1 -1 -1 -1 -1 -1 -1 -1 -1 -1 -1 -1 -1 -1 -1 -1 -1 -1 -1
10 -1 -1 -1 -1 -1 -1 -1 -1 -1 -1 -1 -1 -1 -1 -1 -1 -1 -1 -1 -1
11 -1 -1 -1 -1 -1 -1 -1 -1 -1 -1 -1 -1 -1 -1 -1 -1 -1 -1 -1 -1
12 -1 -1 -1 -1 -1 -1 -1 -1 -1 -1 -1 -1 -1 -1 -1 -1 -1 -1 -1 -1
13 -1 -1 -1 -1 -1 -1 -1 -1 -1 -1 -1 -1 -1 -1 -1 -1 -1 -1 -1 -1
14 -1 -1 -1 -1 -1 -1 -1 -1 -1 -1 -1 -1 -1 -1 -1 -1 -1 -1 -1 -1
15 -1 -1 -1 -1 -1 -1 -1 -1 -1 -1 -1 -1 -1 -1 -1 -1 -1 -1 -1 -1
16 -1 -1 -1 -1 -1 -1 -1 -1 -1 -1 -1 -1 -1 -1 -1 -1 -1 -1 -1 -1
17 -1 -1 -1 -1 -1 -1 -1 -1 -1 -1 -1 -1 -1 -1 -1 -1 -1 -1 -1 -1
18 -1 -1 -1 -1 -1 -1 -1 -1 -1 -1 -1 -1 -1 -1 -1 -1 -1 -1 -1 -1
19 -1 -1 -1 -1 -1 -1 -1 -1 -1 -1 -1 -1 -1 -1 -1 -1 -1 -1 -1 -1
20 -1 -1 -1 -1 -1 -1 -1 -1 -1 -1 -1 -1 -1 -1 -1 -1 -1 -1 -1 -1
21 -1 -1 -1 -1 -1 -1 -1 -1 -1 -1 -1 -1 -1 -1 -1 -1 -1 -1 -1 -1
22 -1 -1 -1 -1 -1 -1 -1 -1 -1 -1 -1 -1 -1 -1 -1 -1 -1 -1 -1 -1
23 -1 -1 -1 -1 -1 -1 -1 -1 -1 -1 -1 -1 -1 -1 -1 -1 -1 -1 -1 -1
24 -1 -1 -1 -1 -1 -1 -1 -1 -1 -1 -1 -1 -1 -1 -1 -1 -1 -1 -1 -1
25 -1 -1 -1 -1 -1 -1 -1 -1 -1 -1 -1 -1 -1 -1 -1 -1 -1 -1 -1 -1
26 -1 -1 -1 -1 -1 -1 -1 -1 -1 -1 -1 -1 -1 -1 -1 -1 -1 -1 -1 -1
27 -1 -1 -1 -1 -1 -1 -1 -1 -1 -1 -1 -1 -1 -1 -1 -1 -1 -1 -1 -1
28 -1 -1 -1 -1 -1 -1 -1 -1 -1 -1 -1 -1 -1 -1 -1 -1 -1 -1 -1 -1
29 -1 -1 -1 -1 -1 -1 -1 -1 -1 -1 -1 -1 -1 -1 -1 -1 -1 -1 -1 -1
30 -1 -1 -1 -1 -1 -1 -1 -1 -1 -1 -1 -1 -1 -1 -1 -1 -1 -1 -1 -1
31 -1 -1 -1 -1 -1 -1 -1 -1 -1 -1 -1 -1 -1 -1 -1 -1 -1 -1 -1 -1
32 -1 -1 -1 -1 -1 -1 -1 -1 -1 -1 -1 -1 -1 -1 -1 -1 -1 -1 -1 -1
33 -1 -1 -1 -1 -1 -1 -1 -1 -1 -1 -1 -1 -1 -1 -1 -1 -1 -1 -1 -1
34 -1 -1 -1 -1 -1 -1 -1 -1 -1 -1 -1 -1 -1 -1 -1 -1 -1 -1 -1 -1
35 -1 -1 -1 -1 -1 -1 -1 -1 -1 -1 -1 -1 -1 -1 -1 -1 -1 -1 -1 -1
36 -1 -1 -1 -1 -1 -1 -1 -1 -1 -1 -1 -1 -1 -1 -1 -1 -1 -1 -1 -1
37 -1 -1 -1 -1 -1 -1 -1 -1 -1 -1 -1 -1 -1 -1 -1 -1 -1 -1 -1 -1
38 -1 -1 -1 -1 -1 -1 -1 -1 -1 -1 -1 -1 -1 -1 -1 -1 -1 -1 -1 -1
39 -1 -1 -1 -1 -1 -1 -1 -1 -1 -1 -1 -1 -1 -1 -1 -1 -1 -1 -1 -1
40 -1 -1 -1 -1 -1 -1 -1 -1 -1 -1 -1 -1 -1 -1 -1 -1 -1 -1 -1 -1
41 -1 -1 -1 -1 -1 -1 -1 -1 -1 -1 -1 -1 -1 -1 -1 -1 -1 -1 -1 -1
42 -1 -1 -1 -1 -1 -1 -1 -1 -1 -1 -1 -1 -1 -1 -1 -1 -1 -1 -1 -1
43 -1 -1 -1 -1 -1 -1 -1 -1 -1 -1 -1 -1 -1 -1 -1 -1 -1 -1 -1 -1
44 -1 -1 -1 -1 -1 -1 -1 -1 -1 -1 -1 -1 -1 -1 -1 -1 -1 -1 -1 -1
45 -1 -1 -1 -1 -1 -1 -1 -1 -1 -1 -1 -1 -1 -1 -1 -1 -1 -1 -1 -1
46 -1 -1 -1 -1 -1 -1 -1 -1 -1 -1 -1 -1 -1 -1 -1 -1 -1 -1 -1 -1
47 -1 -1 -1 -1 -1 -1 -1 -1 -1 -1 -1 -1 -1 -1 -1 -1 -1 -1 -1 -1
48 -1 -1 -1 -1 -1 -1 -1 -1 -1 -1 -1 -1 -1 -1 -1 -1 -1 -1 -1 -1
49 -1 -1 -1 -1 -1 -1 -1 -1 -1 -1 -1 -1 -1 -1 -1 -1 -1 -1 -1 -1
50 -1 -1 -1 -1 -1 -1 -1 -1 -1 -1 -1 -1 -1 -1 -1 -1 -1 -1 -1 -1
51 -1 -1 -1 -1 -1 -1 -1 -1 -1 -1 -1 -1 -1 -1 -1 -1 -1 -1 -1 -1
52 -1 -1 -1 -1 -1 -1 -1 -1 -1 -1 -1 -1 -1 -1 -1 -1 -1 -1 -1 -1
53 -1 -1 -1 -1 -1 -1 -1 -1 -1 -1 -1 -1 -1 -1 -1 -1 -1 -1 -1 -1
54 -1 -1 -1 -1 -1 -1 -1 -1 -1 -1 -1 -1 -1 -1 -1 -1 -1 -1 -1 -1
55 -1 -1 -1 -1 -1 -1 -1 -1 -1 -1 -1 -1 -1 -1 -1 -1 -1 -1 -1 -1
56 -1 -1 -1 -1 -1 -1 -1 -1 -1 -1 -1 -1 -1 -1 -1 -1 -1 -1 -1 -1
57 -1 -1 -1 -1 -1 -1 -1 -1 -1 -1 -1 -1 -1 -1 -1 -1 -1 -1 -1 -1
58 -1 -1 -1 -1 -1 -1 -1 -1 -1 -1 -1 -1 -1 -1 -1 -1 -1 -1 -1 -1
59 -1 -1 -1 -1 -1 -1 -1 -1 -1 -1 -1 -1 -1 -1 -1 -1 -1 -1 -1 -1
60 -1 -1 -1 -1 -1 -1 -1 -1 -1 -1 -1 -1 -1 -1 -1 -1 -1 -1 -1 -1
61 -1 -1 -1 -1 -1 -1 -1 -1 -1 -1 -1 -1 -1 -1 -1 -1 -1 -1 -1 -1
62 0.557243 0.109207 0.560795 0.269740 0.565014 0.270330 0.556577 0.269150 0.565014 0.270330 0.571286 0.356919 0.576985 0.445603 0.556577 0.269150 0.550043 0.351749 0.551128 0.434119
63 0.554368 0.112989 0.556674 0.268334 0.558838 0.269516 0.554510 0.267152 0.558838 0.269516 0.547348 0.356581 0.529592 0.437440 0.554510 0.267152 0.562115 0.351677 0.582521 0.440021
64 0.550031 0.117814 0.552795 0.269037 0.553715 0.270884 0.551876 0.267189 0.553715 0.270884 0.537042 0.365412 0.509925 0.457786 0.551876 0.267189 0.559502 0.354121 0.581573 0.441145
65 0.543930 0.120058 0.548138 0.268825 0.550288 0.270787 0.545987 0.266863 0.550288 0.270787 0.542039 0.364902 0.570041 0.455142 0.545987 0.266863 0.533842 0.361669 0.531574 0.455679
66 0.539299 0.122420 0.543762 0.269652 0.543921 0.271488 0.543603 0.267815 0.543921 0.271488 0.529000 0.369624 0.509659 0.468396 0.543603 0.267815 0.543109 0.360378 0.574250 0.454176
67 0.534873 0.123670 0.537871 0.270016 0.536458 0.271559 0.539283 0.268473 0.536458 0.271559 0.527506 0.369947 0.505188 0.477546 0.539283 0.268473 0.543246 0.359935 0.576725 0.450437
68 0.526611 0.124943 0.531583 0.272868 0.535092 0.274371 0.528074 0.271365 0.535092 0.274371 0.534965 0.370594 0.568828 0.469069 0.528074 0.271365 0.524860 0.367350 0.510437 0.481376
69 0.522740 0.125669 0.525759 0.276244 0.525817 0.277443 0.525702 0.275046 0.525817 0.277443 0.536111 0.373696 0.563557 0.466673 0.525702 0.275046 0.524964 0.369058 0.521187 0.474176
70 0.516428 0.126385 0.519544 0.278555 0.521277 0.279718 0.517810 0.277391 0.521277 0.279718 0.532264 0.376592 0.568129 0.463331 0.517810 0.277391 0.514869 0.374948 0.510351 0.477887
71 0.509919 0.126641 0.515048 0.279745 0.520544 0.281483 0.509552 0.278006 0.520544 0.281483 0.531979 0.378618 0.566803 0.462277 0.509552 0.278006 0.510322 0.376654 0.505950 0.475023
72 0.506500 0.126933 0.512512 0.280634 0.518106 0.282241 0.506918 0.279027 0.518106 0.282241 0.521599 0.381133 0.553638 0.473051 0.506918 0.279027 0.511648 0.377588 0.508928 0.477385
73 0.502938 0.126420 0.507982 0.279941 0.513038 0.281449 0.502926 0.278432 0.513038 0.281449 0.514095 0.381354 0.523040 0.476511 0.502926 0.278432 0.510373 0.375679 0.518220 0.466633
74 0.500066 0.126104 0.503319 0.278627 0.507778 0.280264 0.498860 0.276989 0.507778 0.280264 0.508267 0.379886 0.511608 0.477003 0.498860 0.276989 0.506495 0.374813 0.520766 0.452751
75 0.496646 0.125670 0.500849 0.278351 0.505258 0.280003 0.496441 0.276699 0.505258 0.280003 0.504070 0.381828 0.509457 0.487691 0.496441 0.276699 0.503997 0.373958 0.516835 0.457278
76 0.494252 0.125796 0.497865 0.277896 0.502575 0.279747 0.493156 0.276045 0.502575 0.279747 0.499506 0.381071 0.509063 0.483822 0.493156 0.276045 0.497610 0.365939 0.506985 0.450357
77 0.491816 0.125816 0.495869 0.272293 0.500607 0.274818 0.491131 0.269769 0.500607 0.274818 0.493565 0.374506 0.505297 0.482473 0.491131 0.269769 0.489046 0.347343 0.496130 0.425089
78 0.489602 0.126096 0.494657 0.269732 0.499231 0.272372 0.490083 0.267092 0.499231 0.272372 0.485698 0.372236 0.500412 0.480563 0.490083 0.267092 0.484903 0.352462 0.493660 0.431557
79 0.487094 0.126998 0.492063 0.269671 0.496923 0.271882 0.487203 0.267459 0.496923 0.271882 0.478302 0.372345 0.495395 0.480220 0.487203 0.267459 0.480239 0.357278 0.488823 0.463175
80 0.484830 0.128325 0.490143 0.269596 0.493833 0.271345 0.486454 0.267846 0.493833 0.271345 0.468833 0.372506 0.473328 0.482629 0.486454 0.267846 0.479813 0.366268 0.496011 0.470056
81 0.482903 0.130939 0.489071 0.269777 0.492548 0.271471 0.485594 0.268083 0.492548 0.271471 0.465010 0.372632 0.466116 0.485973 0.485594 0.268083 0.476786 0.369970 0.497882 0.471719
82 0.480739 0.134072 0.486961 0.270764 0.489934 0.271824 0.483989 0.269703 0.489934 0.271824 0.461575 0.374678 0.457724 0.490760 0.483989 0.269703 0.473022 0.372889 0.496648 0.469787
83 -1 -1 -1 -1 -1 -1 -1 -1 -1 -1 -1 -1 -1 -1 -1 -1 -1 -1 -1 -1
84 -1 -1 -1 -1 -1 -1 -1 -1 -1 -1 -1 -1 -1 -1 -1 -1 -1 -1 -1 -1
85 -1 -1 -1 -1 -1 -1 -1 -1 -1 -1 -1 -1 -1 -1 -1 -1 -1 -1 -1 -1
86 -1 -1 -1 -1 -1 -1 -1 -1 -1 -1 -1 -1 -1 -1 -1 -1 -1 -1 -1 -1
87 -1 -1 -1 -1 -1 -1 -1 -1 -1 -1 -1 -1 -1 -1 -1 -1 -1 -1 -1 -1
88 -1 -1 -1 -1 -1 -1 -1 -1 -1 -1 -1 -1 -1 -1 -1 -1 -1 -1 -1 -1
89 -1 -1 -1 -1 -1 -1 -1 -1 -1 -1 -1 -1 -1 -1 -1 -1 -1 -1 -1 -1
90 -1 -1 -1 -1 -1 -1 -1 -1 -1 -1 -1 -1 -1 -1 -1 -1 -1 -1 -1 -1
91 -1 -1 -1 -1 -1 -1 -1 -1 -1 -1 -1 -1 -1 -1 -1 -1 -1 -1 -1 -1
92 -1 -1 -1 -1 -1 -1 -1 -1 -1 -1 -1 -1 -1 -1 -1 -1 -1 -1 -1 -1
93 -1 -1 -1 -1 -1 -1 -1 -1 -1 -1 -1 -1 -1 -1 -1 -1 -1 -1 -1 -1
94 -1 -1 -1 -1 -1 -1 -1 -1 -1 -1 -1 -1 -1 -1 -1 -1 -1 -1 -1 -1
95 -1 -1 -1 -1 -1 -1 -1 -1 -1 -1 -1 -1 -1 -1 -1 -1 -1 -1 -1 -1
96 -1 -1 -1 -1 -1 -1 -1 -1 -1 -1 -1 -1 -1 -1 -1 -1 -1 -1 -1 -1
97 -1 -1 -1 -1 -1 -1 -1 -1 -1 -1 -1 -1 -1 -1 -1 -1 -1 -1 -1 -1
98 -1 -1 -1 -1 -1 -1 -1 -1 -1 -1 -1 -1 -1 -1 -1 -1 -1 -1 -1 -1
99 -1 -1 -1 -1 -1 -1 -1 -1 -1 -1 -1 -1 -1 -1 -1 -1 -1 -1 -1 -1
100 -1 -1 -1 -1 -1 -1 -1 -1 -1 -1 -1 -1 -1 -1 -1 -1 -1 -1 -1 -1
101 -1 -1 -1 -1 -1 -1 -1 -1 -1 -1 -1 -1 -1 -1 -1 -1 -1 -1 -1 -1
102 -1 -1 -1 -1 -1 -1 -1 -1 -1 -1 -1 -1 -1 -1 -1 -1 -1 -1 -1 -1
103 -1 -1 -1 -1 -1 -1 -1 -1 -1 -1 -1 -1 -1 -1 -1 -1 -1 -1 -1 -1
104 -1 -1 -1 -1 -1 -1 -1 -1 -1 -1 -1 -1 -1 -1 -1 -1 -1 -1 -1 -1
105 -1 -1 -1 -1 -1 -1 -1 -1 -1 -1 -1 -1 -1 -1 -1 -1 -1 -1 -1 -1
106 -1 -1 -1 -1 -1 -1 -1 -1 -1 -1 -1 -1 -1 -1 -1 -1 -1 -1 -1 -1
107 -1 -1 -1 -1 -1 -1 -1 -1 -1 -1 -1 -1 -1 -1 -1 -1 -1 -1 -1 -1
108 -1 -1 -1 -1 -1 -1 -1 -1 -1 -1 -1 -1 -1 -1 -1 -1 -1 -1 -1 -1
109 -1 -1 -1 -1 -1 -1 -1 -1 -1 -1 -1 -1 -1 -1 -1 -1 -1 -1 -1 -1
110 -1 -1 -1 -1 -1 -1 -1 -1 -1 -1 -1 -1 -1 -1 -1 -1 -1 -1 -1 -1
111 -1 -1 -1 -1 -1 -1 -1 -1 -1 -1 -1 -1 -1 -1 -1 -1 -1 -1 -1 -1
112 -1 -1 -1 -1 -1 -1 -1 -1 -1 -1 -1 -1 -1 -1 -1 -1 -1 -1 -1 -1
113 -1 -1 -1 -1 -1 -1 -1 -1 -1 -1 -1 -1 -1 -1 -1 -1 -1 -1 -1 -1
114 -1 -1 -1 -1 -1 -1 -1 -1 -1 -1 -1 -1 -1 -1 -1 -1 -1 -1 -1 -1
115 -1 -1 -1 -1 -1 -1 -1 -1 -1 -1 -1 -1 -1 -1 -1 -1 -1 -1 -1 -1
116 -1 -1 -1 -1 -1 -1 -1 -1 -1 -1 -1 -1 -1 -1 -1 -1 -1 -1 -1 -1
117 -1 -1 -1 -1 -1 -1 -1 -1 -1 -1 -1 -1 -1 -1 -1 -1 -1 -1 -1 -1
118 -1 -1 -1 -1 -1 -1 -1 -1 -1 -1 -1 -1 -1 -1 -1 -1 -1 -1 -1 -1
119 -1 -1 -1 -1 -1 -1 -1 -1 -1 -1 -1 -1 -1 -1 -1 -1 -1 -1 -1 -1
120 -1 -1 -1 -1 -1 -1 -1 -1 -1 -1 -1 -1 -1 -1 -1 -1 -1 -1 -1 -1
121 -1 -1 -1 -1 -1 -1 -1 -1 -1 -1 -1 -1 -1 -1 -1 -1 -1 -1 -1 -1
122 -1 -1 -1 -1 -1 -1 -1 -1 -1 -1 -1 -1 -1 -1 -1 -1 -1 -1 -1 -1
123 -1 -1 -1 -1 -1 -1 -1 -1 -1 -1 -1 -1 -1 -1 -1 -1 -1 -1 -1 -1
124 -1 -1 -1 -1 -1 -1 -1 -1 -1 -1 -1 -1 -1 -1 -1 -1 -1 -1 -1 -1
125 -1 -1 -1 -1 -1 -1 -1 -1 -1 -1 -1 -1 -1 -1 -1 -1 -1 -1 -1 -1
126 -1 -1 -1 -1 -1 -1 -1 -1 -1 -1 -1 -1 -1 -1 -1 -1 -1 -1 -1 -1
127 -1 -1 -1 -1 -1 -1 -1 -1 -1 -1 -1 -1 -1 -1 -1 -1 -1 -1 -1 -1
128 -1 -1 -1 -1 -1 -1 -1 -1 -1 -1 -1 -1 -1 -1 -1 -1 -1 -1 -1 -1
129 0.476726 0.261773 0.475522 0.385978 0.478359 0.393578 0.472686 0.378378 0.478359 0.393578 0.413209 0.430751 0.421705 0.534734 0.472686 0.378378 0.422920 0.409770 0.451358 0.487000
130 0.476669 0.261879 0.475380 0.385954 0.478343 0.393555 0.472417 0.378354 0.478343 0.393555 0.413233 0.430920 0.421823 0.534694 0.472417 0.378354 0.422954 0.413640 0.451113 0.488064
131 0.476628 0.262575 0.475324 0.385992 0.478241 0.393683 0.472407 0.378301 0.478241 0.393683 0.413243 0.431268 0.421919 0.534663 0.472407 0.378301 0.425832 0.409578 0.451151 0.487060
132 0.476599 0.262541 0.475289 0.385652 0.478237 0.393504 0.472342 0.377801 0.478237 0.393504 0.413250 0.431340 0.421221 0.535440 0.472342 0.377801 0.425879 0.403071 0.450520 0.482576
133 0.476511 0.263401 0.475210 0.385020 0.478358 0.393493 0.472061 0.376547 0.478358 0.393493 0.413603 0.431332 0.421305 0.535028 0.472061 0.376547 0.422550 0.404087 0.450275 0.481286
134 0.476492 0.263319 0.475049 0.384960 0.478172 0.393432 0.471925 0.376488 0.478172 0.393432 0.413583 0.431263 0.420875 0.535025 0.471925 0.376488 0.422585 0.406538 0.450280 0.481358
135 0.476418 0.263503 0.474929 0.384657 0.478168 0.393410 0.471690 0.375904 0.478168 0.393410 0.413581 0.431489 0.420570 0.535609 0.471690 0.375904 0.421461 0.407108 0.450283 0.480104
136 0.476339 0.263463 0.474611 0.384617 0.478075 0.393330 0.471147 0.375904 0.478075 0.393330 0.413794 0.431575 0.421091 0.534744 0.471147 0.375904 0.421546 0.410011 0.451663 0.483249
137 0.476320 0.263694 0.474605 0.384753 0.478093 0.393273 0.471118 0.376234 0.478093 0.393273 0.414597 0.430164 0.421127 0.533917 0.471118 0.376234 0.421585 0.412215 0.452858 0.490505
138 0.475955 0.264346 0.474502 0.384675 0.478006 0.393375 0.470997 0.375974 0.478006 0.393375 0.414578 0.431743 0.420444 0.535416 0.470997 0.375974 0.421985 0.412287 0.451887 0.485326
139 0.475811 0.264199 0.474557 0.384193 0.478076 0.393230 0.471037 0.375156 0.478076 0.393230 0.414931 0.430497 0.420719 0.535362 0.471037 0.375156 0.424679 0.402836 0.450994 0.483138
140 0.475790 0.264343 0.474531 0.384042 0.478028 0.393014 0.471034 0.375070 0.478028 0.393014 0.414878 0.430553 0.420414 0.535304 0.471034 0.375070 0.425775 0.415471 0.450999 0.487046
141 0.475743 0.264448 0.474575 0.383993 0.478151 0.392981 0.470998 0.375004 0.478151 0.392981 0.414916 0.430474 0.420306 0.535268 0.470998 0.375004 0.426612 0.411435 0.450988 0.485350
142 0.475600 0.264526 0.474560 0.383947 0.478066 0.392880 0.471054 0.375013 0.478066 0.392880 0.415681 0.429918 0.420898 0.535247 0.471054 0.375013 0.426545 0.413018 0.450783 0.485525
143 0.475412 0.264625 0.474410 0.383859 0.478096 0.393030 0.470723 0.374688 0.478096 0.393030 0.415646 0.430072 0.420779 0.535733 0.470723 0.374688 0.419443 0.407588 0.448412 0.480368
144 0.475381 0.264916 0.474290 0.384267 0.478078 0.393102 0.470502 0.375433 0.478078 0.393102 0.415619 0.430113 0.420668 0.535707 0.470502 0.375433 0.419554 0.412191 0.448493 0.481170
145 0.475326 0.264838 0.474290 0.384245 0.478080 0.393086 0.470500 0.375403 0.478080 0.393086 0.415345 0.431305 0.420535 0.537595 0.470500 0.375403 0.420024 0.410884 0.448812 0.480108
146 0.475269 0.264963 0.474289 0.384097 0.478077 0.392874 0.470500 0.375320 0.478077 0.392874 0.415330 0.431050 0.421388 0.535325 0.470500 0.375320 0.420370 0.410871 0.448808 0.481599
147 -1 -1 -1 -1 -1 -1 -1 -1 -1 -1 -1 -1 -1 -1 -1 -1 -1 -1 -1 -1
148 0.475194 0.264857 0.474577 0.383898 0.478365 0.392723 0.470789 0.375074 0.478365 0.392723 0.415345 0.430833 0.420805 0.535768 0.470789 0.375074 0.419111 0.403305 0.448748 0.476390
149 0.475145 0.265034 0.474461 0.383969 0.478135 0.392866 0.470787 0.375072 0.478135 0.392866 0.415214 0.430977 0.420581 0.536872 0.470787 0.375072 0.422441 0.405213 0.449322 0.477107
150 -1 -1 -1 -1 -1 -1 -1 -1 -1 -1 -1 -1 -1 -1 -1 -1 -1 -1 -1 -1
151 0.475095 0.264969 0.474135 0.384017 0.477621 0.392562 0.470649 0.375472 0.477621 0.392562 0.415233 0.428709 0.421235 0.535313 0.470649 0.375472 0.423186 0.409060 0.450779 0.483292
152 0.474924 0.264969 0.474079 0.384003 0.477742 0.392580 0.470417 0.375426 0.477742 0.392580 0.415635 0.428348 0.421544 0.535136 0.470417 0.375426 0.421550 0.408269 0.449741 0.480888
153 0.474951 0.264671 0.474055 0.383936 0.477743 0.392518 0.470367 0.375354 0.477743 0.392518 0.415663 0.428742 0.421382 0.535517 0.470367 0.375354 0.421654 0.408335 0.449708 0.480716
154 0.474894 0.265102 0.474022 0.383654 0.477739 0.392641 0.470304 0.374667 0.477739 0.392641 0.414974 0.432923 0.420693 0.538225 0.470304 0.374667 0.421549 0.407878 0.449358 0.478792
155 0.474869 0.265140 0.474050 0.383656 0.477788 0.392644 0.470311 0.374668 0.477788 0.392644 0.414733 0.432868 0.420648 0.539030 0.470311 0.374668 0.421539 0.407892 0.449372 0.478693
156 0.474783 0.265071 0.474357 0.383569 0.478028 0.392508 0.470686 0.374630 0.478028 0.392508 0.414732 0.432725 0.420408 0.538861 0.470686 0.374630 0.422317 0.409570 0.451490 0.481587
157 0.474794 0.265080 0.474313 0.383652 0.477919 0.392508 0.470707 0.374795 0.477919 0.392508 0.414637 0.432736 0.420122 0.537756 0.470707 0.374795 0.425304 0.415985 0.450999 0.483964
158 0.474909 0.264827 0.474351 0.383583 0.477906 0.392462 0.470797 0.374703 0.477906 0.392462 0.414495 0.432658 0.420003 0.537730 0.470797 0.374703 0.424306 0.411694 0.450921 0.481690
159 0.474971 0.264777 0.474382 0.383367 0.477990 0.392477 0.470774 0.374257 0.477990 0.392477 0.414412 0.432456 0.420367 0.536769 0.470774 0.374257 0.423129 0.407901 0.449771 0.480598
160 0.475090 0.264860 0.474236 0.383367 0.477770 0.392400 0.470702 0.374333 0.477770 0.392400 0.414293 0.432406 0.420365 0.536299 0.470702 0.374333 0.423164 0.411278 0.449787 0.481950
161 0.475127 0.264849 0.474349 0.383492 0.477821 0.392470 0.470878 0.374513 0.477821 0.392470 0.414294 0.432299 0.420370 0.536296 0.470878 0.374513 0.423689 0.413777 0.450300 0.483091
162 0.475132 0.264711 0.474402 0.383394 0.477968 0.392457 0.470836 0.374330 0.477968 0.392457 0.414294 0.430465 0.421020 0.533812 0.470836 0.374330 0.422686 0.410610 0.449925 0.483034
163 0.475219 0.264546 0.474197 0.383035 0.478016 0.392402 0.470377 0.373668 0.478016 0.392402 0.414295 0.430834 0.420735 0.533865 0.470377 0.373668 0.422785 0.411625 0.449900 0.481944
164 0.474875 0.264307 0.474378 0.382393 0.478047 0.391991 0.470708 0.372795 0.478047 0.391991 0.413977 0.431130 0.420436 0.533942 0.470708 0.372795 0.422117 0.406736 0.449797 0.479713
165 0.474698 0.264424 0.474032 0.382776 0.477594 0.392111 0.470471 0.373441 0.477594 0.392111 0.412997 0.432325 0.420392 0.534013 0.470471 0.373441 0.422843 0.415649 0.450631 0.486018
166 0.474479 0.264258 0.473768 0.382379 0.477249 0.391831 0.470287 0.372927 0.477249 0.391831 0.413025 0.432141 0.420586 0.533791 0.470287 0.372927 0.421797 0.413184 0.450102 0.483369
167 0.474096 0.264048 0.473778 0.382382 0.477241 0.391856 0.470315 0.372907 0.477241 0.391856 0.412915 0.431984 0.420412 0.534885 0.470315 0.372907 0.420295 0.408962 0.449309 0.479556
