0
0
0 -1 -1 -1 -1 -1 -1 -1 -1 -1 -1 -1 -1 -1 -1 -1 -1 -1 -1 -1 -1
1 -1 -1 -1 -1 -1 -1 -1 -1 -1 -1 -1 -1 -1 -1 -1 -1 -1 -1 -1 -1
2 -1 -1 -1 -1 -1 -1 -1 -1 -1 -1 -1 -1 -1 -1 -1 -1 -1 -1 -1 -1
3 -1 -1 -1 -1 -1 -1 -1 -1 -1 -1 -1 -1 -1 -1 -1 -1 -1 -1 -1 -1
4 -1 -1 -1 -1 -1 -1 -1 -1 -1 -1 -1 -1 -1 -1 -1 -1 -1 -1 -1 -1
5 -1 -1 -1 -1 -1 -1 -1 -1 -1 -1 -1 -1 -1 -1 -1 -1 -1 -1 -1 -1
6 -1 -1 -1 -1 -1 -1 -1 -1 -1 -1 -1 -1 -1 -1 -1 -1 -1 -1 -1 -1
7 -1 -1 -1 -1 -1 -1 -1 -1 -1 -1 -1 -1 -1 -1 -1 -1 -1 -1 -1 -1
8 -1 -1 -1 -1 -1 -1 -1 -1 -1 -1 -1 -1 -1 -1 -1 -1 -1 -1 -1 -1
9 -1 -1 -1 -1 -1 -1 -1 -1 -1 -1 -1 -1 -1 -1 -1 -1 -1 -1 -1 -1
10 -1 -1 -1 -1 -1 -1 -1 -1 -1 -1 -1 -1 -1 -1 -1 -1 -1 -1 -1 -1
11 -1 -1 -1 -1 -1 -1 -1 -1 -1 -1 -1 -1 -1 -1 -1 -1 -1 -1 -1 -1
12 -1 -1 -1 -1 -1 -1 -1 -1 -1 -1 -1 -1 -1 -1 -1 -1 -1 -1 -1 -1
13 -1 -1 -1 -1 -1 -1 -1 -1 -1 -1 -1 -1 -1 -1 -1 -1 -1 -1 -1 -1
14 -1 -1 -1 -1 -1 -1 -1 -1 -1 -1 -1 -1 -1 -1 -1 -1 -1 -1 -1 -1
15 -1 -1 -1 -1 -1 -1 -1 -1 -1 -1 -1 -1 -1 -1 -1 -1 -1 -1 -1 -1
16 -1 -1 -1 -1 -1 -1 -1 -1 -1 -1 -1 -1 -1 -1 -1 -1 -1 -1 -1 -1
17 -1 -1 -1 -1 -1 -1 -1 -1 -1 -1 -1 -1 -1 -1 -1 -1 -1 -1 -1 -1
18 -1 -1 -1 -1 -1 -1 -1 -1 -1 -1 -1 -1 -1 -1 -1 -1 -1 -1 -1 -1
19 -1 -1 -1 -1 -1 -1 -1 -1 -1 -1 -1 -1 -1 -1 -1 -1 -1 -1 -1 -1
20 -1 -1 -1 -1 -1 -1 -1 -1 -1 -1 -1 -1 -1 -1 -1 -1 -1 -1 -1 -1
21 -1 -1 -1 -1 -1 -1 -1 -1 -1 -1 -1 -1 -1 -1 -1 -1 -1 -1 -1 -1
22 -1 -1 -1 -1 -1 -1 -1 -1 -1 -1 -1 -1 -1 -1 -1 -1 -1 -1 -1 -1
23 -1 -1 -1 -1 -1 -1 -1 -1 -1 -1 -1 -1 -1 -1 -1 -1 -1 -1 -1 -1
24 -1 -1 -1 -1 -1 -1 -1 -1 -1 -1 -1 -1 -1 -1 -1 -1 -1 -1 -1 -1
25 -1 -1 -1 -1 -1 -1 -1 -1 -1 -1 -1 -1 -1 -1 -1 -1 -1 -1 -1 -1
26 -1 -1 -1 -1 -1 -1 -1 -1 -1 -1 -1 -1 -1 -1 -1 -1 -1 -1 -1 -1
27 -1 -1 -1 -1 -1 -1 -1 -1 -1 -1 -1 -1 -1 -1 -1 -1 -1 -1 -1 -1
28 -1 -1 -1 -1 -1 -1 -1 -1 -1 -1 -1 -1 -1 -1 -1 -1 -1 -1 -1 -1
29 -1 -1 -1 -1 -1 -1 -1 -1 -1 -1 -1 -1 -1 -1 -1 -1 -1 -1 -1 -1
30 -1 -1 -1 -1 -1 -1 -1 -1 -1 -1 -1 -1 -1 -1 -1 -1 -1 -1 -1 -1
31 -1 -1 -1 -1 -1 -1 -1 -1 -1 -1 -1 -1 -1 -1 -1 -1 -1 -1 -1 -1
32 -1 -1 -1 -1 -1 -1 -1 -1 -1 -1 -1 -1 -1 -1 -1 -1 -1 -1 -1 -1
33 -1 -1 -1 -1 -1 -1 -1 -1 -1 -1 -1 -1 -1 -1 -1 -1 -1 -1 -1 -1
34 -1 -1 -1 -1 -1 -1 -1 -1 -1 -1 -1 -1 -1 -1 -1 -1 -1 -1 -1 -1
35 -1 -1 -1 -1 -1 -1 -1 -1 -1 -1 -1 -1 -1 -1 -1 -1 -1 -1 -1 -1
36 -1 -1 -1 -1 -1 -1 -1 -1 -1 -1 -1 -1 -1 -1 -1 -1 -1 -1 -1 -1
37 -1 -1 -1 -1 -1 -1 -1 -1 -1 -1 -1 -1 -1 -1 -1 -1 -1 -1 -1 -1
38 -1 -1 -1 -1 -1 -1 -1 -1 -1 -1 -1 -1 -1 -1 -1 -1 -1 -1 -1 -1
39 -1 -1 -1 -1 -1 -1 -1 -1 -1 -1 -1 -1 -1 -1 -1 -1 -1 -1 -1 -1
40 -1 -1 -1 -1 -1 -1 -1 -1 -1 -1 -1 -1 -1 -1 -1 -1 -1 -1 -1 -1
41 -1 -1 -1 -1 -1 -1 -1 -1 -1 -1 -1 -1 -1 -1 -1 -1 -1 -1 -1 -1
42 -1 -1 -1 -1 -1 -1 -1 -1 -1 -1 -1 -1 -1 -1 -1 -1 -1 -1 -1 -1
43 -1 -1 -1 -1 -1 -1 -1 -1 -1 -1 -1 -1 -1 -1 -1 -1 -1 -1 -1 -1
44 -1 -1 -1 -1 -1 -1 -1 -1 -1 -1 -1 -1 -1 -1 -1 -1 -1 -1 -1 -1
45 -1 -1 -1 -1 -1 -1 -1 -1 -1 -1 -1 -1 -1 -1 -1 -1 -1 -1 -1 -1
46 -1 -1 -1 -1 -1 -1 -1 -1 -1 -1 -1 -1 -1 -1 -1 -1 -1 -1 -1 -1
47 -1 -1 -1 -1 -1 -1 -1 -1 -1 -1 -1 -1 -1 -1 -1 -1 -1 -1 -1 -1
48 -1 -1 -1 -1 -1 -1 -1 -1 -1 -1 -1 -1 -1 -1 -1 -1 -1 -1 -1 -1
49 -1 -1 -1 -1 -1 -1 -1 -1 -1 -1 -1 -1 -1 -1 -1 -1 -1 -1 -1 -1
50 -1 -1 -1 -1 -1 -1 -1 -1 -1 -1 -1 -1 -1 -1 -1 -1 -1 -1 -1 -1
51 -1 -1 -1 -1 -1 -1 -1 -1 -1 -1 -1 -1 -1 -1 -1 -1 -1 -1 -1 -1
52 -1 -1 -1 -1 -1 -1 -1 -1 -1 -1 -1 -1 -1 -1 -1 -1 -1 -1 -1 -1
53 -1 -1 -1 -1 -1 -1 -1 -1 -1 -1 -1 -1 -1 -1 -1 -1 -1 -1 -1 -1
54 -1 -1 -1 -1 -1 -1 -1 -1 -1 -1 -1 -1 -1 -1 -1 -1 -1 -1 -1 -1
55 -1 -1 -1 -1 -1 -1 -1 -1 -1 -1 -1 -1 -1 -1 -1 -1 -1 -1 -1 -1
56 -1 -1 -1 -1 -1 -1 -1 -1 -1 -1 -1 -1 -1 -1 -1 -1 -1 -1 -1 -1
57 -1 -1 -1 -1 -1 -1 -1 -1 -1 -1 -1 -1 -1 -1 -1 -1 -1 -1 -1 -1
58 -1 -1 -1 -1 -1 -1 -1 -1 -1 -1 -1 -1 -1 -1 -1 -1 -1 -1 -1 -1
59 -1 -1 -1 -1 -1 -1 -1 -1 -1 -1 -1 -1 -1 -1 -1 -1 -1 -1 -1 -1
60 -1 -1 -1 -1 -1 -1 -1 -1 -1 -1 -1 -1 -1 -1 -1 -1 -1 -1 -1 -1
61 -1 -1 -1 -1 -1 -1 -1 -1 -1 -1 -1 -1 -1 -1 -1 -1 -1 -1 -1 -1
62 -1 -1 -1 -1 -1 -1 -1 -1 -1 -1 -1 -1 -1 -1 -1 -1 -1 -1 -1 -1
63 -1 -1 -1 -1 -1 -1 -1 -1 -1 -1 -1 -1 -1 -1 -1 -1 -1 -1 -1 -1
64 -1 -1 -1 -1 -1 -1 -1 -1 -1 -1 -1 -1 -1 -1 -1 -1 -1 -1 -1 -1
65 -1 -1 -1 -1 -1 -1 -1 -1 -1 -1 -1 -1 -1 -1 -1 -1 -1 -1 -1 -1
66 -1 -1 -1 -1 -1 -1 -1 -1 -1 -1 -1 -1 -1 -1 -1 -1 -1 -1 -1 -1
67 -1 -1 -1 -1 -1 -1 -1 -1 -1 -1 -1 -1 -1 -1 -1 -1 -1 -1 -1 -1
68 -1 -1 -1 -1 -1 -1 -1 -1 -1 -1 -1 -1 -1 -1 -1 -1 -1 -1 -1 -1
69 -1 -1 -1 -1 -1 -1 -1 -1 -1 -1 -1 -1 -1 -1 -1 -1 -1 -1 -1 -1
70 -1 -1 -1 -1 -1 -1 -1 -1 -1 -1 -1 -1 -1 -1 -1 -1 -1 -1 -1 -1
71 -1 -1 -1 -1 -1 -1 -1 -1 -1 -1 -1 -1 -1 -1 -1 -1 -1 -1 -1 -1
72 -1 -1 -1 -1 -1 -1 -1 -1 -1 -1 -1 -1 -1 -1 -1 -1 -1 -1 -1 -1
73 -1 -1 -1 -1 -1 -1 -1 -1 -1 -1 -1 -1 -1 -1 -1 -1 -1 -1 -1 -1
74 -1 -1 -1 -1 -1 -1 -1 -1 -1 -1 -1 -1 -1 -1 -1 -1 -1 -1 -1 -1
75 -1 -1 -1 -1 -1 -1 -1 -1 -1 -1 -1 -1 -1 -1 -1 -1 -1 -1 -1 -1
76 -1 -1 -1 -1 -1 -1 -1 -1 -1 -1 -1 -1 -1 -1 -1 -1 -1 -1 -1 -1
77 -1 -1 -1 -1 -1 -1 -1 -1 -1 -1 -1 -1 -1 -1 -1 -1 -1 -1 -1 -1
78 -1 -1 -1 -1 -1 -1 -1 -1 -1 -1 -1 -1 -1 -1 -1 -1 -1 -1 -1 -1
79 -1 -1 -1 -1 -1 -1 -1 -1 -1 -1 -1 -1 -1 -1 -1 -1 -1 -1 -1 -1
80 -1 -1 -1 -1 -1 -1 -1 -1 -1 -1 -1 -1 -1 -1 -1 -1 -1 -1 -1 -1
81 -1 -1 -1 -1 -1 -1 -1 -1 -1 -1 -1 -1 -1 -1 -1 -1 -1 -1 -1 -1
82 -1 -1 -1 -1 -1 -1 -1 -1 -1 -1 -1 -1 -1 -1 -1 -1 -1 -1 -1 -1
83 -1 -1 -1 -1 -1 -1 -1 -1 -1 -1 -1 -1 -1 -1 -1 -1 -1 -1 -1 -1
84 -1 -1 -1 -1 -1 -1 -1 -1 -1 -1 -1 -1 -1 -1 -1 -1 -1 -1 -1 -1
85 -1 -1 -1 -1 -1 -1 -1 -1 -1 -1 -1 -1 -1 -1 -1 -1 -1 -1 -1 -1
86 -1 -1 -1 -1 -1 -1 -1 -1 -1 -1 -1 -1 -1 -1 -1 -1 -1 -1 -1 -1
87 -1 -1 -1 -1 -1 -1 -1 -1 -1 -1 -1 -1 -1 -1 -1 -1 -1 -1 -1 -1
88 -1 -1 -1 -1 -1 -1 -1 -1 -1 -1 -1 -1 -1 -1 -1 -1 -1 -1 -1 -1
89 -1 -1 -1 -1 -1 -1 -1 -1 -1 -1 -1 -1 -1 -1 -1 -1 -1 -1 -1 -1
90 -1 -1 -1 -1 -1 -1 -1 -1 -1 -1 -1 -1 -1 -1 -1 -1 -1 -1 -1 -1
91 -1 -1 -1 -1 -1 -1 -1 -1 -1 -1 -1 -1 -1 -1 -1 -1 -1 -1 -1 -1
92 -1 -1 -1 -1 -1 -1 -1 -1 -1 -1 -1 -1 -1 -1 -1 -1 -1 -1 -1 -1
93 -1 -1 -1 -1 -1 -1 -1 -1 -1 -1 -1 -1 -1 -1 -1 -1 -1 -1 -1 -1
94 -1 -1 -1 -1 -1 -1 -1 -1 -1 -1 -1 -1 -1 -1 -1 -1 -1 -1 -1 -1
95 -1 -1 -1 -1 -1 -1 -1 -1 -1 -1 -1 -1 -1 -1 -1 -1 -1 -1 -1 -1
96 -1 -1 -1 -1 -1 -1 -1 -1 -1 -1 -1 -1 -1 -1 -1 -1 -1 -1 -1 -1
97 -1 -1 -1 -1 -1 -1 -1 -1 -1 -1 -1 -1 -1 -1 -1 -1 -1 -1 -1 -1
98 -1 -1 -1 -1 -1 -1 -1 -1 -1 -1 -1 -1 -1 -1 -1 -1 -1 -1 -1 -1
99 -1 -1 -1 -1 -1 -1 -1 -1 -1 -1 -1 -1 -1 -1 -1 -1 -1 -1 -1 -1
100 -1 -1 -1 -1 -1 -1 -1 -1 -1 -1 -1 -1 -1 -1 -1 -1 -1 -1 -1 -1
101 -1 -1 -1 -1 -1 -1 -1 -1 -1 -1 -1 -1 -1 -1 -1 -1 -1 -1 -1 -1
102 -1 -1 -1 -1 -1 -1 -1 -1 -1 -1 -1 -1 -1 -1 -1 -1 -1 -1 -1 -1
103 -1 -1 -1 -1 -1 -1 -1 -1 -1 -1 -1 -1 -1 -1 -1 -1 -1 -1 -1 -1
104 -1 -1 -1 -1 -1 -1 -1 -1 -1 -1 -1 -1 -1 -1 -1 -1 -1 -1 -1 -1
105 -1 -1 -1 -1 -1 -1 -1 -1 -1 -1 -1 -1 -1 -1 -1 -1 -1 -1 -1 -1
106 -1 -1 -1 -1 -1 -1 -1 -1 -1 -1 -1 -1 -1 -1 -1 -1 -1 -1 -1 -1
107 -1 -1 -1 -1 -1 -1 -1 -1 -1 -1 -1 -1 -1 -1 -1 -1 -1 -1 -1 -1
108 -1 -1 -1 -1 -1 -1 -1 -1 -1 -1 -1 -1 -1 -1 -1 -1 -1 -1 -1 -1
109 -1 -1 -1 -1 -1 -1 -1 -1 -1 -1 -1 -1 -1 -1 -1 -1 -1 -1 -1 -1
110 -1 -1 -1 -1 -1 -1 -1 -1 -1 -1 -1 -1 -1 -1 -1 -1 -1 -1 -1 -1
111 -1 -1 -1 -1 -1 -1 -1 -1 -1 -1 -1 -1 -1 -1 -1 -1 -1 -1 -1 -1
112 -1 -1 -1 -1 -1 -1 -1 -1 -1 -1 -1 -1 -1 -1 -1 -1 -1 -1 -1 -1
113 -1 -1 -1 -1 -1 -1 -1 -1 -1 -1 -1 -1 -1 -1 -1 -1 -1 -1 -1 -1
114 -1 -1 -1 -1 -1 -1 -1 -1 -1 -1 -1 -1 -1 -1 -1 -1 -1 -1 -1 -1
115 -1 -1 -1 -1 -1 -1 -1 -1 -1 -1 -1 -1 -1 -1 -1 -1 -1 -1 -1 -1
116 -1 -1 -1 -1 -1 -1 -1 -1 -1 -1 -1 -1 -1 -1 -1 -1 -1 -1 -1 -1
117 -1 -1 -1 -1 -1 -1 -1 -1 -1 -1 -1 -1 -1 -1 -1 -1 -1 -1 -1 -1
118 -1 -1 -1 -1 -1 -1 -1 -1 -1 -1 -1 -1 -1 -1 -1 -1 -1 -1 -1 -1
119 -1 -1 -1 -1 -1 -1 -1 -1 -1 -1 -1 -1 -1 -1 -1 -1 -1 -1 -1 -1
120 -1 -1 -1 -1 -1 -1 -1 -1 -1 -1 -1 -1 -1 -1 -1 -1 -1 -1 -1 -1
121 -1 -1 -1 -1 -1 -1 -1 -1 -1 -1 -1 -1 -1 -1 -1 -1 -1 -1 -1 -1
122 -1 -1 -1 -1 -1 -1 -1 -1 -1 -1 -1 -1 -1 -1 -1 -1 -1 -1 -1 -1
123 -1 -1 -1 -1 -1 -1 -1 -1 -1 -1 -1 -1 -1 -1 -1 -1 -1 -1 -1 -1
124 -1 -1 -1 -1 -1 -1 -1 -1 -1 -1 -1 -1 -1 -1 -1 -1 -1 -1 -1 -1
125 -1 -1 -1 -1 -1 -1 -1 -1 -1 -1 -1 -1 -1 -1 -1 -1 -1 -1 -1 -1
126 -1 -1 -1 -1 -1 -1 -1 -1 -1 -1 -1 -1 -1 -1 -1 -1 -1 -1 -1 -1
127 -1 -1 -1 -1 -1 -1 -1 -1 -1 -1 -1 -1 -1 -1 -1 -1 -1 -1 -1 -1
128 -1 -1 -1 -1 -1 -1 -1 -1 -1 -1 -1 -1 -1 -1 -1 -1 -1 -1 -1 -1
129 -1 -1 -1 -1 -1 -1 -1 -1 -1 -1 -1 -1 -1 -1 -1 -1 -1 -1 -1 -1
130 -1 -1 -1 -1 -1 -1 -1 -1 -1 -1 -1 -1 -1 -1 -1 -1 -1 -1 -1 -1
131 -1 -1 -1 -1 -1 -1 -1 -1 -1 -1 -1 -1 -1 -1 -1 -1 -1 -1 -1 -1
132 -1 -1 -1 -1 -1 -1 -1 -1 -1 -1 -1 -1 -1 -1 -1 -1 -1 -1 -1 -1
133 -1 -1 -1 -1 -1 -1 -1 -1 -1 -1 -1 -1 -1 -1 -1 -1 -1 -1 -1 -1
134 -1 -1 -1 -1 -1 -1 -1 -1 -1 -1 -1 -1 -1 -1 -1 -1 -1 -1 -1 -1
135 -1 -1 -1 -1 -1 -1 -1 -1 -1 -1 -1 -1 -1 -1 -1 -1 -1 -1 -1 -1
136 -1 -1 -1 -1 -1 -1 -1 -1 -1 -1 -1 -1 -1 -1 -1 -1 -1 -1 -1 -1
137 -1 -1 -1 -1 -1 -1 -1 -1 -1 -1 -1 -1 -1 -1 -1 -1 -1 -1 -1 -1
138 -1 -1 -1 -1 -1 -1 -1 -1 -1 -1 -1 -1 -1 -1 -1 -1 -1 -1 -1 -1
139 -1 -1 -1 -1 -1 -1 -1 -1 -1 -1 -1 -1 -1 -1 -1 -1 -1 -1 -1 -1
140 -1 -1 -1 -1 -1 -1 -1 -1 -1 -1 -1 -1 -1 -1 -1 -1 -1 -1 -1 -1
141 -1 -1 -1 -1 -1 -1 -1 -1 -1 -1 -1 -1 -1 -1 -1 -1 -1 -1 -1 -1
142 -1 -1 -1 -1 -1 -1 -1 -1 -1 -1 -1 -1 -1 -1 -1 -1 -1 -1 -1 -1
143 -1 -1 -1 -1 -1 -1 -1 -1 -1 -1 -1 -1 -1 -1 -1 -1 -1 -1 -1 -1
144 -1 -1 -1 -1 -1 -1 -1 -1 -1 -1 -1 -1 -1 -1 -1 -1 -1 -1 -1 -1
145 -1 -1 -1 -1 -1 -1 -1 -1 -1 -1 -1 -1 -1 -1 -1 -1 -1 -1 -1 -1
146 0.629277 0.164964 0.626711 0.388859 0.607573 0.390266 0.645849 0.387453 0.607573 0.390266 0.580581 0.514360 0.573666 0.658861 0.645849 0.387453 0.629545 0.514086 0.623754 0.633747
147 0.626019 0.165266 0.622817 0.387934 0.601437 0.388629 0.644197 0.387238 0.601437 0.388629 0.573902 0.512796 0.563013 0.655123 0.644197 0.387238 0.629991 0.510099 0.624352 0.628315
148 0.622818 0.165684 0.619282 0.385586 0.596442 0.385448 0.642122 0.385724 0.596442 0.385448 0.568896 0.509576 0.550850 0.650298 0.642122 0.385724 0.630120 0.507573 0.624399 0.626634
149 0.619153 0.166253 0.615058 0.383668 0.590892 0.382440 0.639225 0.384895 0.590892 0.382440 0.562936 0.504711 0.539016 0.643374 0.639225 0.384895 0.630032 0.505308 0.623984 0.623295
150 0.614361 0.166852 0.611166 0.382615 0.586688 0.381002 0.635645 0.384228 0.586688 0.381002 0.558467 0.499592 0.529163 0.645643 0.635645 0.384228 0.629878 0.504528 0.623529 0.621077
151 0.608506 0.166987 0.606028 0.379940 0.581109 0.377838 0.630946 0.382042 0.581109 0.377838 0.553514 0.493307 0.523175 0.639606 0.630946 0.382042 0.628678 0.502743 0.623500 0.621269
152 0.601373 0.167886 0.599107 0.379649 0.573165 0.377547 0.625049 0.381751 0.573165 0.377547 0.548838 0.489819 0.520860 0.628216 0.625049 0.381751 0.625522 0.503325 0.623582 0.622028
153 0.594090 0.170056 0.590974 0.380238 0.565113 0.377639 0.616834 0.382836 0.565113 0.377639 0.544042 0.492534 0.519795 0.627767 0.616834 0.382836 0.621385 0.503751 0.623570 0.622335
154 0.585653 0.171668 0.580777 0.383648 0.555747 0.381817 0.605807 0.385479 0.555747 0.381817 0.537744 0.497941 0.519208 0.632805 0.605807 0.385479 0.614014 0.504048 0.622249 0.622559
155 0.578387 0.171795 0.573757 0.383282 0.549197 0.381992 0.598316 0.384572 0.549197 0.381992 0.536058 0.499225 0.520320 0.633549 0.598316 0.384572 0.608332 0.504155 0.618955 0.625756
156 0.572148 0.172130 0.567808 0.385575 0.544202 0.384941 0.591414 0.386209 0.544202 0.384941 0.532146 0.500687 0.523813 0.633854 0.591414 0.386209 0.603011 0.505148 0.612956 0.627835
157 0.566044 0.171936 0.562315 0.386272 0.539676 0.385691 0.584953 0.386852 0.539676 0.385691 0.530662 0.501064 0.523712 0.633165 0.584953 0.386852 0.596692 0.506949 0.604570 0.632063
158 0.561344 0.169515 0.558482 0.385658 0.537016 0.384844 0.579948 0.386473 0.537016 0.384844 0.529955 0.501514 0.521127 0.634058 0.579948 0.386473 0.591099 0.510535 0.595275 0.638964
159 0.557105 0.166589 0.554359 0.383643 0.533380 0.381794 0.575338 0.385492 0.533380 0.381794 0.529590 0.501730 0.521536 0.634107 0.575338 0.385492 0.585033 0.515697 0.582374 0.647022
160 0.552949 0.164929 0.550465 0.383151 0.530236 0.380805 0.570694 0.385496 0.530236 0.380805 0.529956 0.501861 0.523300 0.633312 0.570694 0.385496 0.580836 0.519178 0.571020 0.651900
161 0.549359 0.163560 0.546269 0.380723 0.526669 0.377746 0.565869 0.383700 0.526669 0.377746 0.529455 0.496442 0.524448 0.628655 0.565869 0.383700 0.577982 0.518338 0.562052 0.651038
162 0.546714 0.161182 0.542509 0.380097 0.524193 0.376872 0.560824 0.383321 0.524193 0.376872 0.528820 0.492500 0.525168 0.625119 0.560824 0.383321 0.570777 0.517900 0.549749 0.648769
163 0.543655 0.160598 0.539638 0.381373 0.522252 0.376971 0.557025 0.385776 0.522252 0.376971 0.529157 0.493062 0.524196 0.621410 0.557025 0.385776 0.563757 0.520847 0.537029 0.649426
164 0.542015 0.160159 0.537489 0.382388 0.521977 0.377200 0.553001 0.387576 0.521977 0.377200 0.530257 0.493920 0.521249 0.622113 0.553001 0.387576 0.554404 0.525069 0.527365 0.652615
165 0.541095 0.158930 0.534190 0.378347 0.520045 0.371779 0.548336 0.384915 0.520045 0.371779 0.531047 0.490680 0.518286 0.616084 0.548336 0.384915 0.549319 0.524175 0.520257 0.651586
166 0.540695 0.158380 0.531766 0.377736 0.519968 0.370613 0.543564 0.384860 0.519968 0.370613 0.531887 0.490926 0.515624 0.617704 0.543564 0.384860 0.540335 0.526892 0.509750 0.656081
167 0.539283 0.158076 0.528550 0.377202 0.517879 0.369613 0.539220 0.384791 0.517879 0.369613 0.532153 0.491742 0.510989 0.617018 0.539220 0.384791 0.535181 0.527025 0.501299 0.657165
168 0.538037 0.157918 0.526240 0.377588 0.518190 0.370120 0.534290 0.385056 0.518190 0.370120 0.531915 0.492055 0.509101 0.615869 0.534290 0.385056 0.530796 0.526288 0.500507 0.655989
169 0.536353 0.157310 0.525278 0.371404 0.518583 0.366507 0.531973 0.376301 0.518583 0.366507 0.530481 0.489793 0.508341 0.611250 0.531973 0.376301 0.527333 0.519535 0.501365 0.648099
170 0.535422 0.157466 0.523968 0.369913 0.518528 0.365928 0.529407 0.373898 0.518528 0.365928 0.528816 0.490292 0.508212 0.612618 0.529407 0.373898 0.524289 0.516879 0.501301 0.646545
171 -1 -1 -1 -1 -1 -1 -1 -1 -1 -1 -1 -1 -1 -1 -1 -1 -1 -1 -1 -1
172 -1 -1 -1 -1 -1 -1 -1 -1 -1 -1 -1 -1 -1 -1 -1 -1 -1 -1 -1 -1
173 -1 -1 -1 -1 -1 -1 -1 -1 -1 -1 -1 -1 -1 -1 -1 -1 -1 -1 -1 -1
174 -1 -1 -1 -1 -1 -1 -1 -1 -1 -1 -1 -1 -1 -1 -1 -1 -1 -1 -1 -1
175 -1 -1 -1 -1 -1 -1 -1 -1 -1 -1 -1 -1 -1 -1 -1 -1 -1 -1 -1 -1
176 -1 -1 -1 -1 -1 -1 -1 -1 -1 -1 -1 -1 -1 -1 -1 -1 -1 -1 -1 -1
177 -1 -1 -1 -1 -1 -1 -1 -1 -1 -1 -1 -1 -1 -1 -1 -1 -1 -1 -1 -1
178 -1 -1 -1 -1 -1 -1 -1 -1 -1 -1 -1 -1 -1 -1 -1 -1 -1 -1 -1 -1
179 -1 -1 -1 -1 -1 -1 -1 -1 -1 -1 -1 -1 -1 -1 -1 -1 -1 -1 -1 -1
180 -1 -1 -1 -1 -1 -1 -1 -1 -1 -1 -1 -1 -1 -1 -1 -1 -1 -1 -1 -1
181 -1 -1 -1 -1 -1 -1 -1 -1 -1 -1 -1 -1 -1 -1 -1 -1 -1 -1 -1 -1
182 -1 -1 -1 -1 -1 -1 -1 -1 -1 -1 -1 -1 -1 -1 -1 -1 -1 -1 -1 -1
183 -1 -1 -1 -1 -1 -1 -1 -1 -1 -1 -1 -1 -1 -1 -1 -1 -1 -1 -1 -1
184 -1 -1 -1 -1 -1 -1 -1 -1 -1 -1 -1 -1 -1 -1 -1 -1 -1 -1 -1 -1
185 -1 -1 -1 -1 -1 -1 -1 -1 -1 -1 -1 -1 -1 -1 -1 -1 -1 -1 -1 -1
186 -1 -1 -1 -1 -1 -1 -1 -1 -1 -1 -1 -1 -1 -1 -1 -1 -1 -1 -1 -1
187 -1 -1 -1 -1 -1 -1 -1 -1 -1 -1 -1 -1 -1 -1 -1 -1 -1 -1 -1 -1
188 -1 -1 -1 -1 -1 -1 -1 -1 -1 -1 -1 -1 -1 -1 -1 -1 -1 -1 -1 -1
189 -1 -1 -1 -1 -1 -1 -1 -1 -1 -1 -1 -1 -1 -1 -1 -1 -1 -1 -1 -1
190 -1 -1 -1 -1 -1 -1 -1 -1 -1 -1 -1 -1 -1 -1 -1 -1 -1 -1 -1 -1
191 -1 -1 -1 -1 -1 -1 -1 -1 -1 -1 -1 -1 -1 -1 -1 -1 -1 -1 -1 -1
192 -1 -1 -1 -1 -1 -1 -1 -1 -1 -1 -1 -1 -1 -1 -1 -1 -1 -1 -1 -1
193 -1 -1 -1 -1 -1 -1 -1 -1 -1 -1 -1 -1 -1 -1 -1 -1 -1 -1 -1 -1
194 -1 -1 -1 -1 -1 -1 -1 -1 -1 -1 -1 -1 -1 -1 -1 -1 -1 -1 -1 -1
195 -1 -1 -1 -1 -1 -1 -1 -1 -1 -1 -1 -1 -1 -1 -1 -1 -1 -1 -1 -1
196 -1 -1 -1 -1 -1 -1 -1 -1 -1 -1 -1 -1 -1 -1 -1 -1 -1 -1 -1 -1
197 -1 -1 -1 -1 -1 -1 -1 -1 -1 -1 -1 -1 -1 -1 -1 -1 -1 -1 -1 -1
198 -1 -1 -1 -1 -1 -1 -1 -1 -1 -1 -1 -1 -1 -1 -1 -1 -1 -1 -1 -1
199 -1 -1 -1 -1 -1 -1 -1 -1 -1 -1 -1 -1 -1 -1 -1 -1 -1 -1 -1 -1
200 -1 -1 -1 -1 -1 -1 -1 -1 -1 -1 -1 -1 -1 -1 -1 -1 -1 -1 -1 -1
201 -1 -1 -1 -1 -1 -1 -1 -1 -1 -1 -1 -1 -1 -1 -1 -1 -1 -1 -1 -1
202 -1 -1 -1 -1 -1 -1 -1 -1 -1 -1 -1 -1 -1 -1 -1 -1 -1 -1 -1 -1
203 -1 -1 -1 -1 -1 -1 -1 -1 -1 -1 -1 -1 -1 -1 -1 -1 -1 -1 -1 -1
204 -1 -1 -1 -1 -1 -1 -1 -1 -1 -1 -1 -1 -1 -1 -1 -1 -1 -1 -1 -1
205 -1 -1 -1 -1 -1 -1 -1 -1 -1 -1 -1 -1 -1 -1 -1 -1 -1 -1 -1 -1
206 -1 -1 -1 -1 -1 -1 -1 -1 -1 -1 -1 -1 -1 -1 -1 -1 -1 -1 -1 -1
207 -1 -1 -1 -1 -1 -1 -1 -1 -1 -1 -1 -1 -1 -1 -1 -1 -1 -1 -1 -1
208 -1 -1 -1 -1 -1 -1 -1 -1 -1 -1 -1 -1 -1 -1 -1 -1 -1 -1 -1 -1
209 -1 -1 -1 -1 -1 -1 -1 -1 -1 -1 -1 -1 -1 -1 -1 -1 -1 -1 -1 -1
210 -1 -1 -1 -1 -1 -1 -1 -1 -1 -1 -1 -1 -1 -1 -1 -1 -1 -1 -1 -1
211 -1 -1 -1 -1 -1 -1 -1 -1 -1 -1 -1 -1 -1 -1 -1 -1 -1 -1 -1 -1
212 -1 -1 -1 -1 -1 -1 -1 -1 -1 -1 -1 -1 -1 -1 -1 -1 -1 -1 -1 -1
213 -1 -1 -1 -1 -1 -1 -1 -1 -1 -1 -1 -1 -1 -1 -1 -1 -1 -1 -1 -1
214 -1 -1 -1 -1 -1 -1 -1 -1 -1 -1 -1 -1 -1 -1 -1 -1 -1 -1 -1 -1
215 -1 -1 -1 -1 -1 -1 -1 -1 -1 -1 -1 -1 -1 -1 -1 -1 -1 -1 -1 -1
216 -1 -1 -1 -1 -1 -1 -1 -1 -1 -1 -1 -1 -1 -1 -1 -1 -1 -1 -1 -1
217 -1 -1 -1 -1 -1 -1 -1 -1 -1 -1 -1 -1 -1 -1 -1 -1 -1 -1 -1 -1
218 -1 -1 -1 -1 -1 -1 -1 -1 -1 -1 -1 -1 -1 -1 -1 -1 -1 -1 -1 -1
219 -1 -1 -1 -1 -1 -1 -1 -1 -1 -1 -1 -1 -1 -1 -1 -1 -1 -1 -1 -1
220 -1 -1 -1 -1 -1 -1 -1 -1 -1 -1 -1 -1 -1 -1 -1 -1 -1 -1 -1 -1
221 -1 -1 -1 -1 -1 -1 -1 -1 -1 -1 -1 -1 -1 -1 -1 -1 -1 -1 -1 -1
222 -1 -1 -1 -1 -1 -1 -1 -1 -1 -1 -1 -1 -1 -1 -1 -1 -1 -1 -1 -1
223 -1 -1 -1 -1 -1 -1 -1 -1 -1 -1 -1 -1 -1 -1 -1 -1 -1 -1 -1 -1
224 -1 -1 -1 -1 -1 -1 -1 -1 -1 -1 -1 -1 -1 -1 -1 -1 -1 -1 -1 -1
225 -1 -1 -1 -1 -1 -1 -1 -1 -1 -1 -1 -1 -1 -1 -1 -1 -1 -1 -1 -1
226 -1 -1 -1 -1 -1 -1 -1 -1 -1 -1 -1 -1 -1 -1 -1 -1 -1 -1 -1 -1
227 -1 -1 -1 -1 -1 -1 -1 -1 -1 -1 -1 -1 -1 -1 -1 -1 -1 -1 -1 -1
228 -1 -1 -1 -1 -1 -1 -1 -1 -1 -1 -1 -1 -1 -1 -1 -1 -1 -1 -1 -1
229 -1 -1 -1 -1 -1 -1 -1 -1 -1 -1 -1 -1 -1 -1 -1 -1 -1 -1 -1 -1
230 -1 -1 -1 -1 -1 -1 -1 -1 -1 -1 -1 -1 -1 -1 -1 -1 -1 -1 -1 -1
231 -1 -1 -1 -1 -1 -1 -1 -1 -1 -1 -1 -1 -1 -1 -1 -1 -1 -1 -1 -1
232 -1 -1 -1 -1 -1 -1 -1 -1 -1 -1 -1 -1 -1 -1 -1 -1 -1 -1 -1 -1
233 -1 -1 -1 -1 -1 -1 -1 -1 -1 -1 -1 -1 -1 -1 -1 -1 -1 -1 -1 -1
234 -1 -1 -1 -1 -1 -1 -1 -1 -1 -1 -1 -1 -1 -1 -1 -1 -1 -1 -1 -1
235 -1 -1 -1 -1 -1 -1 -1 -1 -1 -1 -1 -1 -1 -1 -1 -1 -1 -1 -1 -1
236 -1 -1 -1 -1 -1 -1 -1 -1 -1 -1 -1 -1 -1 -1 -1 -1 -1 -1 -1 -1
237 -1 -1 -1 -1 -1 -1 -1 -1 -1 -1 -1 -1 -1 -1 -1 -1 -1 -1 -1 -1
238 -1 -1 -1 -1 -1 -1 -1 -1 -1 -1 -1 -1 -1 -1 -1 -1 -1 -1 -1 -1
239 -1 -1 -1 -1 -1 -1 -1 -1 -1 -1 -1 -1 -1 -1 -1 -1 -1 -1 -1 -1
240 -1 -1 -1 -1 -1 -1 -1 -1 -1 -1 -1 -1 -1 -1 -1 -1 -1 -1 -1 -1
241 -1 -1 -1 -1 -1 -1 -1 -1 -1 -1 -1 -1 -1 -1 -1 -1 -1 -1 -1 -1
242 -1 -1 -1 -1 -1 -1 -1 -1 -1 -1 -1 -1 -1 -1 -1 -1 -1 -1 -1 -1
243 -1 -1 -1 -1 -1 -1 -1 -1 -1 -1 -1 -1 -1 -1 -1 -1 -1 -1 -1 -1
244 -1 -1 -1 -1 -1 -1 -1 -1 -1 -1 -1 -1 -1 -1 -1 -1 -1 -1 -1 -1
245 -1 -1 -1 -1 -1 -1 -1 -1 -1 -1 -1 -1 -1 -1 -1 -1 -1 -1 -1 -1
246 -1 -1 -1 -1 -1 -1 -1 -1 -1 -1 -1 -1 -1 -1 -1 -1 -1 -1 -1 -1
247 -1 -1 -1 -1 -1 -1 -1 -1 -1 -1 -1 -1 -1 -1 -1 -1 -1 -1 -1 -1
248 -1 -1 -1 -1 -1 -1 -1 -1 -1 -1 -1 -1 -1 -1 -1 -1 -1 -1 -1 -1
249 -1 -1 -1 -1 -1 -1 -1 -1 -1 -1 -1 -1 -1 -1 -1 -1 -1 -1 -1 -1
250 -1 -1 -1 -1 -1 -1 -1 -1 -1 -1 -1 -1 -1 -1 -1 -1 -1 -1 -1 -1
251 -1 -1 -1 -1 -1 -1 -1 -1 -1 -1 -1 -1 -1 -1 -1 -1 -1 -1 -1 -1
252 -1 -1 -1 -1 -1 -1 -1 -1 -1 -1 -1 -1 -1 -1 -1 -1 -1 -1 -1 -1
253 -1 -1 -1 -1 -1 -1 -1 -1 -1 -1 -1 -1 -1 -1 -1 -1 -1 -1 -1 -1
254 -1 -1 -1 -1 -1 -1 -1 -1 -1 -1 -1 -1 -1 -1 -1 -1 -1 -1 -1 -1
255 0.541577 0.157567 0.537172 0.367492 0.513146 0.366262 0.561198 0.368722 0.513146 0.366262 0.521459 0.492348 0.519629 0.627875 0.561198 0.368722 0.567639 0.507658 0.568065 0.643439
256 0.543681 0.157993 0.539283 0.369217 0.515021 0.368370 0.563545 0.370064 0.515021 0.368370 0.520430 0.495270 0.519103 0.628295 0.563545 0.370064 0.570211 0.508236 0.571195 0.646652
257 0.547481 0.159030 0.541556 0.371105 0.517354 0.370060 0.565758 0.372150 0.517354 0.370060 0.519745 0.498399 0.518942 0.629516 0.565758 0.372150 0.572269 0.508582 0.572178 0.646548
258 0.551190 0.159863 0.544236 0.371369 0.520184 0.370405 0.568288 0.372332 0.520184 0.370405 0.519811 0.499528 0.519067 0.630464 0.568288 0.372332 0.573703 0.508151 0.573002 0.646523
259 0.554961 0.160549 0.547880 0.371579 0.523572 0.370404 0.572188 0.372754 0.523572 0.370404 0.519841 0.499443 0.519344 0.630048 0.572188 0.372754 0.574386 0.508109 0.573052 0.646056
260 0.558591 0.160665 0.551237 0.371400 0.526321 0.369963 0.576153 0.372836 0.526321 0.369963 0.520583 0.499292 0.520085 0.629678 0.576153 0.372836 0.574798 0.507285 0.573688 0.643237
261 0.562732 0.160913 0.554938 0.371823 0.529751 0.369922 0.580126 0.373724 0.529751 0.369922 0.521446 0.499241 0.520599 0.629435 0.580126 0.373724 0.576647 0.507164 0.575179 0.642312
262 0.566481 0.160949 0.558176 0.372110 0.532802 0.369887 0.583549 0.374332 0.532802 0.369887 0.523588 0.499692 0.520528 0.635147 0.583549 0.374332 0.578772 0.507210 0.575213 0.642318
263 0.570070 0.161512 0.560822 0.372877 0.535673 0.369798 0.585971 0.375955 0.535673 0.369798 0.525692 0.500670 0.519476 0.644170 0.585971 0.375955 0.580850 0.507238 0.574633 0.642359
264 0.573394 0.162982 0.563440 0.373288 0.538309 0.369775 0.588571 0.376801 0.538309 0.369775 0.526875 0.501420 0.518692 0.642483 0.588571 0.376801 0.581804 0.507571 0.573797 0.644923
265 0.576154 0.164416 0.564875 0.372896 0.539952 0.368995 0.589798 0.376797 0.539952 0.368995 0.528267 0.501363 0.518607 0.641395 0.589798 0.376797 0.581897 0.507497 0.573555 0.644773
266 0.578224 0.164607 0.567228 0.372123 0.542796 0.367957 0.591660 0.376290 0.542796 0.367957 0.529666 0.501288 0.518734 0.641237 0.591660 0.376290 0.582955 0.506527 0.574127 0.644083
267 0.580462 0.164775 0.569310 0.371526 0.545477 0.367023 0.593143 0.376029 0.545477 0.367023 0.530350 0.501238 0.518846 0.640428 0.593143 0.376029 0.583096 0.506536 0.574576 0.644137
268 0.581902 0.164529 0.570966 0.371463 0.547931 0.367029 0.594001 0.375898 0.547931 0.367029 0.530571 0.501361 0.518569 0.640154 0.594001 0.375898 0.583016 0.505569 0.574076 0.641588
269 0.583010 0.164432 0.571802 0.372766 0.549361 0.368750 0.594243 0.376783 0.549361 0.368750 0.530635 0.503173 0.518323 0.641120 0.594243 0.376783 0.582589 0.505632 0.573873 0.639782
270 0.583785 0.163760 0.572307 0.373076 0.550254 0.368948 0.594360 0.377205 0.550254 0.368948 0.530563 0.504311 0.517808 0.642515 0.594360 0.377205 0.582252 0.506056 0.573680 0.639809
271 0.584440 0.163727 0.572942 0.374603 0.551181 0.370580 0.594703 0.378626 0.551181 0.370580 0.530664 0.508699 0.517493 0.646718 0.594703 0.378626 0.582260 0.508260 0.572885 0.639888
272 0.584246 0.162737 0.573435 0.374946 0.551906 0.370745 0.594964 0.379148 0.551906 0.370745 0.530826 0.510287 0.517557 0.648285 0.594964 0.379148 0.582306 0.509568 0.572273 0.639957
273 0.584151 0.161575 0.573632 0.374919 0.552319 0.370735 0.594944 0.379104 0.552319 0.370735 0.530815 0.510962 0.517510 0.649649 0.594944 0.379104 0.582272 0.509541 0.572238 0.638498
274 0.584269 0.160322 0.573832 0.374688 0.552911 0.370690 0.594753 0.378686 0.552911 0.370690 0.530813 0.511207 0.517357 0.650941 0.594753 0.378686 0.581895 0.509494 0.572171 0.638307
275 0.584227 0.158884 0.573916 0.374467 0.553276 0.370557 0.594555 0.378376 0.553276 0.370557 0.530772 0.511640 0.517358 0.652303 0.594555 0.378376 0.581849 0.509483 0.571995 0.638385
276 0.583294 0.157897 0.573896 0.374951 0.553442 0.371426 0.594351 0.378475 0.553442 0.371426 0.530406 0.512677 0.517362 0.653939 0.594351 0.378475 0.581376 0.510150 0.571908 0.638443
277 0.581528 0.157784 0.573707 0.377119 0.553114 0.374388 0.594301 0.379851 0.553114 0.374388 0.530122 0.515080 0.517706 0.655605 0.594301 0.379851 0.581236 0.511760 0.571935 0.639493
278 0.579035 0.158314 0.572640 0.379424 0.552880 0.377592 0.592399 0.381255 0.552880 0.377592 0.529869 0.517230 0.518162 0.656733 0.592399 0.381255 0.580396 0.513323 0.571935 0.639921
279 0.576559 0.158790 0.571338 0.380971 0.552531 0.380124 0.590145 0.381819 0.552531 0.380124 0.529715 0.517769 0.520090 0.657828 0.590145 0.381819 0.580040 0.513473 0.572190 0.638422
280 0.573569 0.159239 0.569139 0.381603 0.551480 0.381191 0.586799 0.382014 0.551480 0.381191 0.529307 0.517877 0.523250 0.657187 0.586799 0.382014 0.578046 0.513637 0.572164 0.637703
281 0.571130 0.160564 0.567354 0.383508 0.549411 0.383448 0.585297 0.383568 0.549411 0.383448 0.528710 0.518623 0.524665 0.656628 0.585297 0.383568 0.577416 0.515189 0.572230 0.637751
282 0.566871 0.162212 0.564933 0.384534 0.546834 0.385165 0.583032 0.383903 0.546834 0.385165 0.527881 0.518844 0.525378 0.656239 0.583032 0.383903 0.576482 0.515384 0.572221 0.637770
283 0.562267 0.163142 0.562230 0.387708 0.544682 0.388983 0.579777 0.386432 0.544682 0.388983 0.526014 0.521688 0.525049 0.656580 0.579777 0.386432 0.574099 0.520743 0.571516 0.640058
284 0.557031 0.163392 0.559122 0.388605 0.542877 0.390807 0.575366 0.386403 0.542877 0.390807 0.524096 0.521983 0.524909 0.656493 0.575366 0.386403 0.570722 0.520922 0.569836 0.639908
285 0.552836 0.163701 0.556427 0.389520 0.540892 0.392820 0.571961 0.386219 0.540892 0.392820 0.522751 0.521885 0.524784 0.655276 0.571961 0.386219 0.567322 0.520424 0.568165 0.638382
286 0.548013 0.164592 0.552943 0.390059 0.538084 0.393961 0.567801 0.386156 0.538084 0.393961 0.522519 0.523341 0.524730 0.653735 0.567801 0.386156 0.563354 0.520131 0.566794 0.636972
287 0.543443 0.164870 0.550174 0.390431 0.535161 0.394810 0.565187 0.386051 0.535161 0.394810 0.521756 0.523530 0.523517 0.653445 0.565187 0.386051 0.560687 0.519867 0.566023 0.636907
288 0.540628 0.164578 0.548103 0.390683 0.533649 0.395399 0.562557 0.385967 0.533649 0.395399 0.520649 0.523771 0.522983 0.655333 0.562557 0.385967 0.558174 0.519144 0.565686 0.637346
289 0.536877 0.164362 0.546135 0.390251 0.532031 0.394894 0.560240 0.385609 0.532031 0.394894 0.519783 0.523721 0.522600 0.656068 0.560240 0.385609 0.555355 0.516294 0.564935 0.636922
290 0.532228 0.164662 0.543932 0.388899 0.530076 0.394445 0.557787 0.383353 0.530076 0.394445 0.518857 0.523666 0.522494 0.656152 0.557787 0.383353 0.551066 0.513593 0.563386 0.635884
291 0.527566 0.165353 0.540442 0.388030 0.528053 0.394005 0.552832 0.382055 0.528053 0.394005 0.518652 0.523591 0.522471 0.656173 0.552832 0.382055 0.546700 0.512588 0.562993 0.632339
292 0.523074 0.168316 0.538577 0.387221 0.527095 0.393748 0.550059 0.380694 0.527095 0.393748 0.518090 0.523445 0.522436 0.656141 0.550059 0.380694 0.541869 0.511411 0.561066 0.627679
293 0.519132 0.170402 0.536895 0.387053 0.526232 0.393685 0.547557 0.380421 0.526232 0.393685 0.517546 0.519588 0.522702 0.653610 0.547557 0.380421 0.537389 0.502486 0.558003 0.618126
294 0.515265 0.173188 0.533407 0.387830 0.526953 0.395210 0.539860 0.380449 0.526953 0.395210 0.517408 0.520691 0.524757 0.655543 0.539860 0.380449 0.533067 0.502940 0.550839 0.622719
295 0.511650 0.175678 0.532473 0.388381 0.527435 0.396254 0.537511 0.380508 0.527435 0.396254 0.517439 0.522544 0.524954 0.656856 0.537511 0.380508 0.529360 0.504206 0.539365 0.636423
296 0.508727 0.178591 0.531081 0.390027 0.526826 0.398430 0.535336 0.381625 0.526826 0.398430 0.515934 0.523146 0.524894 0.653396 0.535336 0.381625 0.526754 0.504527 0.531979 0.636178
297 0.506686 0.181960 0.528859 0.390188 0.527174 0.398775 0.530545 0.381601 0.527174 0.398775 0.515182 0.523135 0.524824 0.648125 0.530545 0.381601 0.523651 0.501844 0.528332 0.622953
298 0.504255 0.185042 0.528009 0.391576 0.527277 0.400180 0.528742 0.382972 0.527277 0.400180 0.513368 0.523518 0.522947 0.648148 0.528742 0.382972 0.521777 0.502119 0.525376 0.623921
299 0.501087 0.185062 0.525443 0.390724 0.526956 0.398452 0.523930 0.382996 0.526956 0.398452 0.510907 0.522424 0.517825 0.644872 0.523930 0.382996 0.520018 0.502472 0.522524 0.624709
300 -1 -1 -1 -1 -1 -1 -1 -1 -1 -1 -1 -1 -1 -1 -1 -1 -1 -1 -1 -1
301 -1 -1 -1 -1 -1 -1 -1 -1 -1 -1 -1 -1 -1 -1 -1 -1 -1 -1 -1 -1
302 -1 -1 -1 -1 -1 -1 -1 -1 -1 -1 -1 -1 -1 -1 -1 -1 -1 -1 -1 -1
303 -1 -1 -1 -1 -1 -1 -1 -1 -1 -1 -1 -1 -1 -1 -1 -1 -1 -1 -1 -1
304 -1 -1 -1 -1 -1 -1 -1 -1 -1 -1 -1 -1 -1 -1 -1 -1 -1 -1 -1 -1
305 -1 -1 -1 -1 -1 -1 -1 -1 -1 -1 -1 -1 -1 -1 -1 -1 -1 -1 -1 -1
306 -1 -1 -1 -1 -1 -1 -1 -1 -1 -1 -1 -1 -1 -1 -1 -1 -1 -1 -1 -1
307 -1 -1 -1 -1 -1 -1 -1 -1 -1 -1 -1 -1 -1 -1 -1 -1 -1 -1 -1 -1
308 -1 -1 -1 -1 -1 -1 -1 -1 -1 -1 -1 -1 -1 -1 -1 -1 -1 -1 -1 -1
309 -1 -1 -1 -1 -1 -1 -1 -1 -1 -1 -1 -1 -1 -1 -1 -1 -1 -1 -1 -1
310 -1 -1 -1 -1 -1 -1 -1 -1 -1 -1 -1 -1 -1 -1 -1 -1 -1 -1 -1 -1
311 -1 -1 -1 -1 -1 -1 -1 -1 -1 -1 -1 -1 -1 -1 -1 -1 -1 -1 -1 -1
312 -1 -1 -1 -1 -1 -1 -1 -1 -1 -1 -1 -1 -1 -1 -1 -1 -1 -1 -1 -1
313 -1 -1 -1 -1 -1 -1 -1 -1 -1 -1 -1 -1 -1 -1 -1 -1 -1 -1 -1 -1
314 -1 -1 -1 -1 -1 -1 -1 -1 -1 -1 -1 -1 -1 -1 -1 -1 -1 -1 -1 -1
315 -1 -1 -1 -1 -1 -1 -1 -1 -1 -1 -1 -1 -1 -1 -1 -1 -1 -1 -1 -1
316 -1 -1 -1 -1 -1 -1 -1 -1 -1 -1 -1 -1 -1 -1 -1 -1 -1 -1 -1 -1
317 -1 -1 -1 -1 -1 -1 -1 -1 -1 -1 -1 -1 -1 -1 -1 -1 -1 -1 -1 -1
318 -1 -1 -1 -1 -1 -1 -1 -1 -1 -1 -1 -1 -1 -1 -1 -1 -1 -1 -1 -1
319 -1 -1 -1 -1 -1 -1 -1 -1 -1 -1 -1 -1 -1 -1 -1 -1 -1 -1 -1 -1
320 -1 -1 -1 -1 -1 -1 -1 -1 -1 -1 -1 -1 -1 -1 -1 -1 -1 -1 -1 -1
321 -1 -1 -1 -1 -1 -1 -1 -1 -1 -1 -1 -1 -1 -1 -1 -1 -1 -1 -1 -1
322 -1 -1 -1 -1 -1 -1 -1 -1 -1 -1 -1 -1 -1 -1 -1 -1 -1 -1 -1 -1
323 -1 -1 -1 -1 -1 -1 -1 -1 -1 -1 -1 -1 -1 -1 -1 -1 -1 -1 -1 -1
324 -1 -1 -1 -1 -1 -1 -1 -1 -1 -1 -1 -1 -1 -1 -1 -1 -1 -1 -1 -1
325 -1 -1 -1 -1 -1 -1 -1 -1 -1 -1 -1 -1 -1 -1 -1 -1 -1 -1 -1 -1
326 -1 -1 -1 -1 -1 -1 -1 -1 -1 -1 -1 -1 -1 -1 -1 -1 -1 -1 -1 -1
327 0.417154 0.195546 0.436250 0.401268 0.435001 0.411044 0.437499 0.391492 0.435001 0.411044 0.412669 0.549780 0.406067 0.685677 0.437499 0.391492 0.444275 0.512753 0.476712 0.627404
328 0.411265 0.199509 0.430971 0.405416 0.430451 0.414933 0.431490 0.395898 0.430451 0.414933 0.409541 0.550191 0.406695 0.685109 0.431490 0.395898 0.440380 0.513099 0.474634 0.625163
329 0.406241 0.200455 0.426244 0.404451 0.427529 0.413221 0.424959 0.395681 0.427529 0.413221 0.406769 0.547045 0.406582 0.685005 0.424959 0.395681 0.435970 0.513605 0.472633 0.619454
330 0.402843 0.201527 0.421600 0.403317 0.424465 0.411648 0.418735 0.394986 0.424465 0.411648 0.403587 0.545336 0.405838 0.684997 0.418735 0.394986 0.430716 0.513922 0.467454 0.616873
331 0.399132 0.201525 0.415498 0.403886 0.420628 0.411513 0.410369 0.396260 0.420628 0.411513 0.400088 0.544647 0.406035 0.684104 0.410369 0.396260 0.424056 0.515859 0.458425 0.616059
332 0.395698 0.202433 0.408960 0.404632 0.415444 0.413064 0.402476 0.396200 0.415444 0.413064 0.395849 0.550911 0.405313 0.684376 0.402476 0.396200 0.415619 0.518098 0.448311 0.614656
333 0.391876 0.202367 0.399083 0.407969 0.408669 0.416062 0.389498 0.399876 0.408669 0.416062 0.391202 0.557300 0.404543 0.683552 0.389498 0.399876 0.406008 0.530299 0.436958 0.621344
334 0.389081 0.201526 0.392484 0.411236 0.404955 0.420579 0.380013 0.401893 0.404955 0.420579 0.394274 0.560558 0.403480 0.682970 0.380013 0.401893 0.391140 0.532157 0.425688 0.631647
335 0.385354 0.201698 0.384473 0.414840 0.402132 0.423956 0.366815 0.405724 0.402132 0.423956 0.395950 0.564968 0.403203 0.682789 0.366815 0.405724 0.372197 0.535706 0.409853 0.634474
336 0.382239 0.204367 0.379238 0.421317 0.399405 0.429495 0.359070 0.413138 0.399405 0.429495 0.397752 0.572082 0.403334 0.682719 0.359070 0.413138 0.357125 0.544770 0.396371 0.646533
337 0.377884 0.205442 0.374574 0.423730 0.396017 0.431131 0.353131 0.416329 0.396017 0.431131 0.398309 0.578479 0.403397 0.682506 0.353131 0.416329 0.341036 0.549348 0.379434 0.651085
338 0.374087 0.206001 0.369865 0.424690 0.392617 0.430769 0.347112 0.418611 0.392617 0.430769 0.396837 0.577951 0.403337 0.684694 0.347112 0.418611 0.331543 0.552514 0.356791 0.660002
339 0.368337 0.206505 0.364599 0.428136 0.388916 0.433117 0.340283 0.423155 0.388916 0.433117 0.395365 0.581701 0.402814 0.686095 0.340283 0.423155 0.320507 0.562407 0.328422 0.680343
340 0.361954 0.208086 0.358886 0.429006 0.384229 0.433479 0.333542 0.424532 0.384229 0.433479 0.392305 0.580382 0.402484 0.685593 0.333542 0.424532 0.310841 0.566757 0.311691 0.692339
341 0.355021 0.210376 0.351511 0.432374 0.378420 0.435476 0.324601 0.429272 0.378420 0.435476 0.390862 0.580808 0.402493 0.685815 0.324601 0.429272 0.303020 0.576916 0.294791 0.716377
342 0.348052 0.212811 0.343828 0.434125 0.371363 0.436072 0.316293 0.432178 0.371363 0.436072 0.390333 0.580163 0.402309 0.686466 0.316293 0.432178 0.294903 0.582293 0.277055 0.727336
343 0.340237 0.215303 0.336482 0.436989 0.363969 0.437610 0.308995 0.436368 0.363969 0.437610 0.387752 0.581223 0.401946 0.686420 0.308995 0.436368 0.287826 0.586624 0.269821 0.730871
344 0.331972 0.219337 0.327440 0.440510 0.354866 0.439950 0.300014 0.441070 0.354866 0.439950 0.383824 0.581830 0.401588 0.686231 0.300014 0.441070 0.281285 0.589153 0.266846 0.732017
345 0.323402 0.226083 0.318332 0.447694 0.346123 0.447131 0.290540 0.448257 0.346123 0.447131 0.377846 0.585404 0.399612 0.686812 0.290540 0.448257 0.273872 0.595924 0.266867 0.731593
346 0.314862 0.231641 0.308721 0.452528 0.335233 0.451547 0.282209 0.453508 0.335233 0.451547 0.371427 0.587139 0.396208 0.698264 0.282209 0.453508 0.268846 0.602449 0.267678 0.732565
347 0.306454 0.236894 0.301925 0.450375 0.327709 0.449663 0.276141 0.451088 0.327709 0.449663 0.361695 0.586088 0.386691 0.696911 0.276141 0.451088 0.267008 0.601817 0.266779 0.732338
348 0.298831 0.245337 0.294312 0.448736 0.319736 0.448171 0.268888 0.449300 0.319736 0.448171 0.355656 0.585236 0.373806 0.691327 0.268888 0.449300 0.266341 0.601108 0.265876 0.731885
349 0.295408 0.255078 0.288007 0.445929 0.313448 0.444503 0.262567 0.447354 0.313448 0.444503 0.346854 0.582430 0.360296 0.676362 0.262567 0.447354 0.264760 0.598091 0.267972 0.733042
350 0.290596 0.266277 0.280912 0.437393 0.306400 0.432468 0.255424 0.442318 0.306400 0.432468 0.334987 0.564074 0.347932 0.663842 0.255424 0.442318 0.263524 0.595596 0.267801 0.731155
351 0.288401 0.278170 0.278159 0.437118 0.303690 0.432223 0.252629 0.442013 0.303690 0.432223 0.327448 0.552853 0.337138 0.655097 0.252629 0.442013 0.259816 0.594743 0.266787 0.729585
352 0.286715 0.292390 0.275197 0.436645 0.300787 0.430501 0.249607 0.442790 0.300787 0.430501 0.317562 0.541825 0.330060 0.645453 0.249607 0.442790 0.259700 0.584020 0.266440 0.728845
353 0.284499 0.306971 0.271492 0.433883 0.298127 0.425974 0.244857 0.441793 0.298127 0.425974 0.310158 0.535111 0.321230 0.640271 0.244857 0.441793 0.258438 0.570158 0.264823 0.728293
354 0.282999 0.317226 0.267665 0.433068 0.294167 0.424962 0.241163 0.441174 0.294167 0.424962 0.307517 0.531018 0.316760 0.639918 0.241163 0.441174 0.255484 0.565679 0.264943 0.727910
355 0.281880 0.320572 0.264994 0.442157 0.290978 0.433911 0.239009 0.450404 0.290978 0.433911 0.300487 0.537239 0.309819 0.640145 0.239009 0.450404 0.254384 0.569361 0.264182 0.727574
356 0.280785 0.331565 0.262557 0.442652 0.289098 0.435893 0.236016 0.449410 0.289098 0.435893 0.300925 0.535300 0.307426 0.639007 0.236016 0.449410 0.250718 0.562354 0.264371 0.726972
357 0.280707 0.342733 0.261248 0.441924 0.287536 0.435257 0.234959 0.448590 0.287536 0.435257 0.300072 0.536304 0.307043 0.640117 0.234959 0.448590 0.250501 0.564578 0.264173 0.724843
358 0.280764 0.349999 0.258742 0.443361 0.285667 0.435962 0.231816 0.450759 0.285667 0.435962 0.302017 0.541783 0.305087 0.634781 0.231816 0.450759 0.250989 0.566170 0.264492 0.719643
359 0.282284 0.355997 0.256640 0.448136 0.283867 0.441162 0.229413 0.455110 0.283867 0.441162 0.305085 0.542362 0.304619 0.631274 0.229413 0.455110 0.252146 0.570329 0.264574 0.724218
360 0.282668 0.362739 0.255492 0.451905 0.282633 0.444482 0.228350 0.459328 0.282633 0.444482 0.302637 0.544033 0.307745 0.623543 0.228350 0.459328 0.253097 0.573946 0.264369 0.726264
361 0.282550 0.369266 0.254329 0.460644 0.282198 0.452473 0.226459 0.468815 0.282198 0.452473 0.304936 0.547409 0.310236 0.620715 0.226459 0.468815 0.253754 0.582757 0.264672 0.728997
362 0.281609 0.377213 0.250642 0.474926 0.278323 0.463824 0.222961 0.486028 0.278323 0.463824 0.306130 0.560368 0.310667 0.624617 0.222961 0.486028 0.253961 0.591035 0.264908 0.731268
363 0.280645 0.382777 0.250313 0.489327 0.278025 0.478858 0.222600 0.499795 0.278025 0.478858 0.303553 0.541394 0.309871 0.626605 0.222600 0.499795 0.256418 0.588788 0.264946 0.729773
364 0.277891 0.389261 0.248484 0.494854 0.274689 0.480769 0.222278 0.508938 0.274689 0.480769 0.306345 0.517154 0.310697 0.624735 0.222278 0.508938 0.258601 0.590289 0.265103 0.730414
365 0.276781 0.388938 0.247076 0.497458 0.273022 0.481844 0.221130 0.513073 0.273022 0.481844 0.310293 0.513574 0.311206 0.623319 0.221130 0.513073 0.259381 0.596863 0.265201 0.730187
366 0.278016 0.388346 0.245932 0.497311 0.271715 0.481538 0.220150 0.513085 0.271715 0.481538 0.314991 0.521655 0.317374 0.622333 0.220150 0.513085 0.261876 0.596326 0.264978 0.730340
367 0.275386 0.388654 0.239639 0.509631 0.260918 0.497026 0.218359 0.522235 0.260918 0.497026 0.316294 0.521732 0.315220 0.622625 0.218359 0.522235 0.266433 0.595711 0.264726 0.729266
368 0.273834 0.390085 0.236939 0.509647 0.258919 0.494704 0.214959 0.524591 0.258919 0.494704 0.317731 0.524425 0.313788 0.631582 0.214959 0.524591 0.266382 0.596698 0.265244 0.728574
369 0.271000 0.390196 0.231486 0.511515 0.251921 0.499455 0.211050 0.523576 0.251921 0.499455 0.318665 0.525170 0.312758 0.637419 0.211050 0.523576 0.266943 0.599583 0.265920 0.728538
370 0.266621 0.392105 0.226882 0.510641 0.247751 0.495669 0.206012 0.525612 0.247751 0.495669 0.318344 0.523499 0.312262 0.636393 0.206012 0.525612 0.267166 0.601432 0.265923 0.728803
371 0.261883 0.390030 0.224391 0.508180 0.245526 0.492492 0.203255 0.523867 0.245526 0.492492 0.318352 0.518690 0.310693 0.635026 0.203255 0.523867 0.267872 0.601304 0.265996 0.727974
372 0.257299 0.388419 0.218339 0.508613 0.236896 0.492945 0.199782 0.524280 0.236896 0.492945 0.317688 0.510348 0.310170 0.631741 0.199782 0.524280 0.267691 0.601024 0.265861 0.728584
373 0.252105 0.385482 0.214069 0.507934 0.232107 0.492263 0.196031 0.523604 0.232107 0.492263 0.317609 0.513224 0.307006 0.632998 0.196031 0.523604 0.267356 0.601867 0.265199 0.729518
374 0.247772 0.377879 0.211202 0.506602 0.229206 0.491439 0.193198 0.521764 0.229206 0.491439 0.317128 0.515261 0.307674 0.635312 0.193198 0.521764 0.265445 0.602252 0.264751 0.733108
375 0.242624 0.369583 0.209142 0.505711 0.226936 0.490803 0.191348 0.520619 0.226936 0.490803 0.317019 0.515442 0.307920 0.639046 0.191348 0.520619 0.264175 0.601825 0.264748 0.734243
376 0.237141 0.364290 0.208376 0.505144 0.225946 0.490381 0.190806 0.519907 0.225946 0.490381 0.316933 0.510663 0.308316 0.638882 0.190806 0.519907 0.264064 0.601245 0.263878 0.734190
377 0.230883 0.359077 0.206649 0.504249 0.224942 0.488904 0.188355 0.519594 0.224942 0.488904 0.315670 0.506647 0.308577 0.638186 0.188355 0.519594 0.262738 0.593760 0.262370 0.733959
378 0.225758 0.354125 0.206502 0.503325 0.225418 0.487402 0.187586 0.519248 0.225418 0.487402 0.315650 0.505236 0.309553 0.637725 0.187586 0.519248 0.262336 0.588505 0.262213 0.732616
379 0.220796 0.351459 0.205803 0.502816 0.224898 0.486505 0.186707 0.519127 0.224898 0.486505 0.315278 0.506291 0.311783 0.638827 0.186707 0.519127 0.261885 0.587017 0.262789 0.732601
380 0.215602 0.350598 0.205327 0.503270 0.224383 0.486566 0.186270 0.519973 0.224383 0.486566 0.315134 0.507239 0.311759 0.641460 0.186270 0.519973 0.261794 0.584793 0.265283 0.734938
381 0.211467 0.348015 0.205684 0.504592 0.225331 0.487823 0.186037 0.521360 0.225331 0.487823 0.314008 0.507939 0.311840 0.640956 0.186037 0.521360 0.260487 0.585957 0.267178 0.742080
382 0.208528 0.349198 0.206637 0.505911 0.226626 0.488310 0.186648 0.523512 0.226626 0.488310 0.312889 0.507484 0.312602 0.640914 0.186648 0.523512 0.260146 0.586686 0.270055 0.741927
383 0.206561 0.349115 0.206920 0.507050 0.226848 0.489576 0.186993 0.524523 0.226848 0.489576 0.311944 0.507800 0.314610 0.641441 0.186993 0.524523 0.259246 0.587169 0.270841 0.741028
384 0.206304 0.351553 0.207234 0.507809 0.227075 0.489540 0.187392 0.526078 0.227075 0.489540 0.311781 0.508082 0.316631 0.643232 0.187392 0.526078 0.259264 0.587583 0.270997 0.740541
385 0.205506 0.354112 0.207349 0.509311 0.227017 0.490486 0.187681 0.528136 0.227017 0.490486 0.311822 0.508330 0.318633 0.648332 0.187681 0.528136 0.259360 0.589656 0.271377 0.742335
386 0.205358 0.354962 0.207579 0.510713 0.227243 0.492322 0.187916 0.529104 0.227243 0.492322 0.311847 0.509031 0.320465 0.650788 0.187916 0.529104 0.259252 0.590487 0.271523 0.744629
387 0.206001 0.355839 0.207705 0.511439 0.227394 0.493013 0.188016 0.529865 0.227394 0.493013 0.311853 0.510033 0.321482 0.651001 0.188016 0.529865 0.259118 0.592837 0.271730 0.745515
388 0.206582 0.357346 0.208033 0.511612 0.227726 0.493148 0.188340 0.530076 0.227726 0.493148 0.311891 0.512153 0.321753 0.651510 0.188340 0.530076 0.258736 0.595779 0.272113 0.746319
389 0.206944 0.358498 0.208932 0.511690 0.229005 0.493396 0.188859 0.529983 0.229005 0.493396 0.311970 0.513633 0.322066 0.651916 0.188859 0.529983 0.258333 0.596638 0.272170 0.746855
390 0.207448 0.359369 0.210174 0.511709 0.230419 0.493569 0.189928 0.529849 0.230419 0.493569 0.311989 0.514489 0.321911 0.652185 0.189928 0.529849 0.258209 0.596441 0.272172 0.746985
391 0.207879 0.360152 0.211087 0.511748 0.231430 0.493551 0.190745 0.529946 0.231430 0.493551 0.311915 0.515407 0.322023 0.652198 0.190745 0.529946 0.257822 0.595717 0.272120 0.746741
392 0.208275 0.360789 0.211422 0.511675 0.231531 0.493498 0.191314 0.529852 0.231531 0.493498 0.311812 0.515501 0.322084 0.651963 0.191314 0.529852 0.257346 0.594214 0.272065 0.746523
393 0.208441 0.361580 0.211609 0.511662 0.231544 0.493323 0.191675 0.530000 0.231544 0.493323 0.311589 0.515483 0.322037 0.651951 0.191675 0.530000 0.257046 0.594252 0.272022 0.746466
394 0.208718 0.361904 0.211945 0.511913 0.231631 0.493468 0.192259 0.530358 0.231631 0.493468 0.311668 0.515496 0.321946 0.652125 0.192259 0.530358 0.256840 0.594467 0.271996 0.746362
395 0.209114 0.362360 0.211985 0.511757 0.231624 0.493209 0.192346 0.530304 0.231624 0.493209 0.311391 0.515512 0.321884 0.652471 0.192346 0.530304 0.256360 0.595027 0.271985 0.746318
396 0.209477 0.362467 0.212187 0.511842 0.231817 0.493369 0.192557 0.530316 0.231817 0.493369 0.311004 0.515671 0.321425 0.652458 0.192557 0.530316 0.256210 0.595119 0.271971 0.746399
397 0.210178 0.362692 0.212261 0.511819 0.231840 0.493353 0.192683 0.530284 0.231840 0.493353 0.310389 0.516111 0.321078 0.652428 0.192683 0.530284 0.256204 0.595110 0.271958 0.746368
398 0.211132 0.362752 0.212323 0.511801 0.231830 0.493343 0.192816 0.530258 0.231830 0.493343 0.310374 0.515663 0.321032 0.652355 0.192816 0.530258 0.256211 0.595224 0.271963 0.746633
399 0.211682 0.362826 0.212240 0.511773 0.231664 0.493298 0.192816 0.530248 0.231664 0.493298 0.310521 0.515277 0.321073 0.652326 0.192816 0.530248 0.256170 0.595508 0.271959 0.746746
400 0.212009 0.362219 0.212284 0.511788 0.231697 0.493338 0.192871 0.530237 0.231697 0.493338 0.311164 0.513201 0.321070 0.652302 0.192871 0.530237 0.256179 0.594828 0.271955 0.746781
401 0.212206 0.362125 0.212292 0.511802 0.231700 0.493387 0.192885 0.530217 0.231700 0.493387 0.311545 0.512314 0.321078 0.652329 0.192885 0.530217 0.256207 0.592695 0.272016 0.746763
402 0.212420 0.362023 0.212270 0.511466 0.231700 0.492883 0.192839 0.530049 0.231700 0.492883 0.311745 0.511891 0.321151 0.652789 0.192839 0.530049 0.256253 0.591416 0.272050 0.746749
403 0.212719 0.362056 0.212282 0.511005 0.231718 0.492084 0.192846 0.529926 0.231718 0.492084 0.311906 0.512166 0.321196 0.653151 0.192846 0.529926 0.256650 0.591227 0.272156 0.746734
404 0.213034 0.361976 0.212344 0.510399 0.231839 0.491336 0.192849 0.529463 0.231839 0.491336 0.311968 0.512319 0.321213 0.653226 0.192849 0.529463 0.256726 0.590774 0.272300 0.746722
405 0.213326 0.361887 0.212346 0.510194 0.231843 0.491223 0.192850 0.529166 0.231843 0.491223 0.312024 0.512495 0.321143 0.653446 0.192850 0.529166 0.256940 0.589262 0.272367 0.746674
406 0.213514 0.362037 0.212358 0.510140 0.231840 0.491171 0.192876 0.529108 0.231840 0.491171 0.312140 0.513041 0.321004 0.653456 0.192876 0.529108 0.256945 0.589360 0.272480 0.746670
407 0.213577 0.361978 0.212390 0.510214 0.231841 0.491341 0.192938 0.529087 0.231841 0.491341 0.312311 0.513299 0.320835 0.653361 0.192938 0.529087 0.256945 0.589474 0.272496 0.746641
408 0.213575 0.361972 0.212390 0.510213 0.231841 0.491422 0.192939 0.529003 0.231841 0.491422 0.312394 0.513853 0.320815 0.653647 0.192939 0.529003 0.256920 0.589524 0.272492 0.746545
409 0.213571 0.361624 0.212386 0.510427 0.231831 0.491929 0.192941 0.528925 0.231831 0.491929 0.312415 0.514453 0.320805 0.653797 0.192941 0.528925 0.256873 0.589661 0.272498 0.746538
410 0.213456 0.361618 0.212425 0.511154 0.231851 0.493238 0.192999 0.529070 0.231851 0.493238 0.312867 0.515031 0.320742 0.653867 0.192999 0.529070 0.256871 0.589602 0.272505 0.746417
411 0.213434 0.361468 0.212484 0.512427 0.231851 0.495476 0.193117 0.529378 0.231851 0.495476 0.313384 0.515099 0.320760 0.653978 0.193117 0.529378 0.256878 0.589313 0.272508 0.746412
412 0.213508 0.361356 0.212516 0.512675 0.231824 0.495947 0.193207 0.529403 0.231824 0.495947 0.313447 0.515137 0.320797 0.653965 0.193207 0.529403 0.256936 0.589241 0.272508 0.746350
413 0.213570 0.361308 0.212689 0.512722 0.231848 0.496000 0.193530 0.529444 0.231848 0.496000 0.313548 0.515293 0.320808 0.653891 0.193530 0.529444 0.256949 0.589118 0.272568 0.746256
414 0.213554 0.361222 0.212860 0.512662 0.231987 0.495932 0.193733 0.529391 0.231987 0.495932 0.313544 0.515385 0.320519 0.653708 0.193733 0.529391 0.256957 0.588773 0.272617 0.746093
415 0.213538 0.361172 0.213052 0.512355 0.232274 0.495707 0.193829 0.529004 0.232274 0.495707 0.313278 0.515478 0.320310 0.653525 0.193829 0.529004 0.256836 0.588573 0.272703 0.745995
416 0.213357 0.360739 0.213096 0.511418 0.232366 0.494619 0.193826 0.528218 0.232366 0.494619 0.313073 0.515527 0.320295 0.653515 0.193826 0.528218 0.256788 0.588586 0.272739 0.745914
417 0.213173 0.360420 0.213104 0.511053 0.232389 0.494204 0.193820 0.527901 0.232389 0.494204 0.312925 0.515753 0.320296 0.653455 0.193820 0.527901 0.256789 0.588597 0.272787 0.745907
418 0.213077 0.360044 0.213118 0.510847 0.232415 0.494034 0.193820 0.527659 0.232415 0.494034 0.312921 0.515673 0.320268 0.653453 0.193820 0.527659 0.256786 0.588129 0.272912 0.745877
419 0.212993 0.359911 0.213126 0.510742 0.232445 0.493893 0.193807 0.527591 0.232445 0.493893 0.312921 0.515510 0.320257 0.653449 0.193807 0.527591 0.256745 0.587761 0.272966 0.745753
420 0.212942 0.360071 0.213137 0.510798 0.232458 0.493965 0.193815 0.527630 0.232458 0.493965 0.312970 0.515148 0.320370 0.653072 0.193815 0.527630 0.256786 0.587774 0.272855 0.745770
421 0.212772 0.360386 0.213104 0.510839 0.232461 0.493971 0.193746 0.527708 0.232461 0.493971 0.312978 0.514945 0.320382 0.652896 0.193746 0.527708 0.256761 0.587823 0.272847 0.745790
422 0.212720 0.360497 0.213102 0.510868 0.232471 0.493975 0.193734 0.527761 0.232471 0.493975 0.312893 0.514923 0.320381 0.652817 0.193734 0.527761 0.256762 0.587887 0.272831 0.745816
423 0.212662 0.360596 0.213086 0.510881 0.232472 0.493974 0.193699 0.527787 0.232472 0.493974 0.312890 0.515292 0.320362 0.652802 0.193699 0.527787 0.256767 0.588579 0.272836 0.745852
424 0.212653 0.360607 0.213094 0.510897 0.232487 0.493972 0.193701 0.527821 0.232487 0.493972 0.312851 0.515603 0.320349 0.652797 0.193701 0.527821 0.256765 0.588834 0.272850 0.745900
425 0.212647 0.360601 0.213104 0.510995 0.232502 0.494051 0.193706 0.527938 0.232502 0.494051 0.312851 0.515755 0.320343 0.652824 0.193706 0.527938 0.256767 0.589706 0.272874 0.746038
426 0.212636 0.360605 0.213109 0.511079 0.232504 0.494119 0.193714 0.528040 0.232504 0.494119 0.312854 0.515793 0.320358 0.653147 0.193714 0.528040 0.256767 0.590041 0.272933 0.746081
427 0.212661 0.360607 0.213107 0.511081 0.232505 0.494118 0.193709 0.528045 0.232505 0.494118 0.312870 0.515570 0.320428 0.653208 0.193709 0.528045 0.256767 0.590191 0.272983 0.746085
428 0.212649 0.360610 0.213111 0.511074 0.232510 0.494111 0.193712 0.528037 0.232510 0.494111 0.312871 0.515363 0.320443 0.653208 0.193712 0.528037 0.256757 0.590227 0.273009 0.746147
429 0.212650 0.360555 0.213121 0.511025 0.232531 0.494046 0.193711 0.528003 0.232531 0.494046 0.312715 0.515758 0.320455 0.653175 0.193711 0.528003 0.256735 0.590179 0.273011 0.746114
430 0.212654 0.360526 0.213155 0.510883 0.232592 0.493868 0.193718 0.527899 0.232592 0.493868 0.312478 0.516202 0.320452 0.653125 0.193718 0.527899 0.256735 0.590178 0.273013 0.745934
431 0.212663 0.360572 0.213212 0.510792 0.232710 0.493769 0.193714 0.527815 0.232710 0.493769 0.311970 0.516564 0.320441 0.652802 0.193714 0.527815 0.256738 0.590097 0.273014 0.745938
432 0.212574 0.360606 0.213322 0.510432 0.232926 0.493527 0.193717 0.527337 0.232926 0.493527 0.311336 0.516684 0.320432 0.651247 0.193717 0.527337 0.256709 0.589217 0.272997 0.745554
433 0.212467 0.360625 0.213329 0.509899 0.232972 0.492948 0.193686 0.526851 0.232972 0.492948 0.311226 0.516807 0.320460 0.651151 0.193686 0.526851 0.256656 0.588698 0.273002 0.745486
434 0.212400 0.360637 0.213396 0.509839 0.233107 0.492914 0.193684 0.526765 0.233107 0.492914 0.311224 0.517426 0.320469 0.651235 0.193684 0.526765 0.256634 0.588328 0.272988 0.745449
435 0.212327 0.360697 0.213427 0.509723 0.233193 0.492855 0.193662 0.526591 0.233193 0.492855 0.311101 0.517547 0.320474 0.651214 0.193662 0.526591 0.256559 0.587787 0.272979 0.745379
436 0.212307 0.360641 0.213451 0.509576 0.233248 0.492774 0.193654 0.526377 0.233248 0.492774 0.311096 0.517647 0.320474 0.651213 0.193654 0.526377 0.256436 0.587499 0.272915 0.745364
437 0.212290 0.360626 0.213508 0.509554 0.233345 0.492779 0.193671 0.526330 0.233345 0.492779 0.311087 0.517646 0.320385 0.651136 0.193671 0.526330 0.256375 0.587253 0.272877 0.745211
438 0.212291 0.360543 0.213522 0.509533 0.233373 0.492773 0.193672 0.526293 0.233373 0.492773 0.311088 0.517697 0.320367 0.651131 0.193672 0.526293 0.256360 0.587238 0.272822 0.745207
439 0.212313 0.360543 0.213598 0.509537 0.233500 0.492774 0.193697 0.526299 0.233500 0.492774 0.311080 0.517827 0.320343 0.651137 0.193697 0.526299 0.256357 0.587358 0.272822 0.745218
440 0.212319 0.360547 0.213636 0.509604 0.233551 0.492788 0.193722 0.526420 0.233551 0.492788 0.311124 0.517789 0.320376 0.651146 0.193722 0.526420 0.256357 0.587429 0.272818 0.745322
441 0.212337 0.360493 0.213669 0.509635 0.233586 0.492786 0.193753 0.526484 0.233586 0.492786 0.311351 0.517518 0.320422 0.651152 0.193753 0.526484 0.256355 0.587514 0.272813 0.745353
442 0.212346 0.360366 0.213668 0.509701 0.233576 0.492811 0.193759 0.526591 0.233576 0.492811 0.311701 0.517169 0.320457 0.651154 0.193759 0.526591 0.256409 0.587565 0.272767 0.745330
443 0.212393 0.360199 0.213670 0.509730 0.233580 0.492811 0.193760 0.526650 0.233580 0.492811 0.311943 0.517074 0.320503 0.651183 0.193760 0.526650 0.256447 0.587617 0.272733 0.745330
444 0.212557 0.360198 0.213661 0.510077 0.233561 0.493084 0.193761 0.527069 0.233561 0.493084 0.312011 0.516819 0.320503 0.650910 0.193761 0.527069 0.256507 0.588031 0.272720 0.745166
445 0.212644 0.359992 0.213610 0.510384 0.233453 0.493373 0.193767 0.527395 0.233453 0.493373 0.312263 0.516759 0.320525 0.650913 0.193767 0.527395 0.256683 0.588038 0.272718 0.745067
446 0.212704 0.359603 0.213542 0.510403 0.233315 0.493410 0.193769 0.527395 0.233315 0.493410 0.312364 0.515900 0.320522 0.650913 0.193769 0.527395 0.256868 0.588080 0.272712 0.745011
447 0.212818 0.359516 0.213487 0.510553 0.233205 0.493578 0.193768 0.527528 0.233205 0.493578 0.312404 0.515329 0.320381 0.650860 0.193768 0.527528 0.256965 0.588203 0.272711 0.745014
448 0.212953 0.359529 0.213476 0.510506 0.233187 0.493536 0.193766 0.527475 0.233187 0.493536 0.312487 0.515358 0.320381 0.650824 0.193766 0.527475 0.256993 0.588221 0.272709 0.744997
449 0.213043 0.359535 0.213472 0.510443 0.233184 0.493479 0.193760 0.527406 0.233184 0.493479 0.312773 0.515406 0.320386 0.650837 0.193760 0.527406 0.256978 0.589293 0.272695 0.744994
450 0.213083 0.359575 0.213432 0.510485 0.233152 0.493473 0.193712 0.527497 0.233152 0.493473 0.313160 0.515520 0.320488 0.650928 0.193712 0.527497 0.256979 0.589777 0.272680 0.744992
451 0.213075 0.359811 0.213126 0.510642 0.232796 0.493546 0.193455 0.527739 0.232796 0.493546 0.313163 0.515655 0.320539 0.651083 0.193455 0.527739 0.256974 0.590006 0.272677 0.745028
452 0.213079 0.360050 0.213050 0.510750 0.232682 0.493589 0.193418 0.527911 0.232682 0.493589 0.313166 0.516173 0.320603 0.651316 0.193418 0.527911 0.257023 0.590889 0.272658 0.745322
453 0.213061 0.360129 0.213018 0.511564 0.232615 0.494669 0.193420 0.528459 0.232615 0.494669 0.313180 0.516187 0.320680 0.651406 0.193420 0.528459 0.256976 0.590909 0.272636 0.745385
454 0.213021 0.360068 0.212953 0.511801 0.232499 0.495110 0.193408 0.528491 0.232499 0.495110 0.312941 0.516074 0.320673 0.651391 0.193408 0.528491 0.256807 0.590900 0.272603 0.745443
455 0.212846 0.360126 0.212934 0.511880 0.232496 0.495120 0.193371 0.528639 0.232496 0.495120 0.312826 0.515863 0.320742 0.651149 0.193371 0.528639 0.256641 0.590895 0.272600 0.745578
456 0.212846 0.360306 0.212935 0.511941 0.232493 0.495156 0.193377 0.528725 0.232493 0.495156 0.312732 0.515886 0.320783 0.651437 0.193377 0.528725 0.256653 0.591773 0.272599 0.745921
457 0.212786 0.360462 0.212917 0.512032 0.232492 0.495315 0.193343 0.528749 0.232492 0.495315 0.312731 0.515828 0.320846 0.651918 0.193343 0.528749 0.256632 0.591421 0.272597 0.746013
458 0.212675 0.360439 0.212932 0.512215 0.232520 0.495682 0.193345 0.528747 0.232520 0.495682 0.312784 0.515586 0.320847 0.652197 0.193345 0.528747 0.256525 0.590876 0.272581 0.746069
459 0.212521 0.360042 0.212897 0.512632 0.232519 0.496498 0.193274 0.528767 0.232519 0.496498 0.313230 0.514890 0.320756 0.652660 0.193274 0.528767 0.256527 0.589741 0.272557 0.745983
460 0.212385 0.360140 0.212875 0.512819 0.232494 0.496734 0.193255 0.528904 0.232494 0.496734 0.313296 0.514883 0.320735 0.652865 0.193255 0.528904 0.256766 0.589677 0.272555 0.745939
461 0.212326 0.360292 0.212785 0.512887 0.232391 0.496813 0.193179 0.528960 0.232391 0.496813 0.313292 0.515821 0.320677 0.653137 0.193179 0.528960 0.256821 0.589750 0.272552 0.745939
462 0.212245 0.360461 0.212747 0.512722 0.232371 0.496596 0.193122 0.528848 0.232371 0.496596 0.313371 0.516917 0.320426 0.653205 0.193122 0.528848 0.256823 0.590351 0.272545 0.745921
463 0.212198 0.360536 0.212595 0.512721 0.232167 0.496592 0.193022 0.528851 0.232167 0.496592 0.313371 0.516901 0.320440 0.653215 0.193022 0.528851 0.256820 0.590366 0.272543 0.745812
464 0.212124 0.360619 0.212359 0.512800 0.231860 0.496724 0.192858 0.528877 0.231860 0.496724 0.313386 0.516414 0.320440 0.653180 0.192858 0.528877 0.256817 0.590198 0.272534 0.745790
465 0.212054 0.360597 0.212172 0.512850 0.231626 0.496825 0.192718 0.528876 0.231626 0.496825 0.313384 0.515781 0.320431 0.653017 0.192718 0.528876 0.256816 0.589884 0.272528 0.745733
466 0.211992 0.360437 0.211978 0.513238 0.231310 0.497464 0.192646 0.529012 0.231310 0.497464 0.313411 0.515443 0.320427 0.653023 0.192646 0.529012 0.256819 0.589922 0.272525 0.745747
467 0.211926 0.360262 0.211827 0.513363 0.231033 0.497625 0.192621 0.529100 0.231033 0.497625 0.313403 0.514879 0.320448 0.653015 0.192621 0.529100 0.256866 0.589927 0.272523 0.745684
468 0.211769 0.360621 0.211800 0.513841 0.230976 0.497909 0.192623 0.529772 0.230976 0.497909 0.313758 0.514653 0.320690 0.652643 0.192623 0.529772 0.256919 0.590177 0.272487 0.745763
469 0.211659 0.361062 0.211780 0.514092 0.230939 0.497957 0.192620 0.530228 0.230939 0.497957 0.314227 0.514438 0.320882 0.652470 0.192620 0.530228 0.256931 0.590328 0.272485 0.745861
470 0.211641 0.360984 0.211802 0.514067 0.230979 0.497909 0.192626 0.530225 0.230979 0.497909 0.314247 0.514256 0.320983 0.652298 0.192626 0.530225 0.256903 0.590003 0.272499 0.745932
471 0.211610 0.360877 0.211857 0.514056 0.231041 0.497902 0.192673 0.530210 0.231041 0.497902 0.314333 0.514219 0.320983 0.652299 0.192673 0.530210 0.256894 0.590182 0.272498 0.746129
472 0.211599 0.360807 0.212009 0.514054 0.231152 0.497901 0.192865 0.530207 0.231152 0.497901 0.314402 0.514217 0.320974 0.652342 0.192865 0.530207 0.256894 0.590273 0.272521 0.746330
473 0.211598 0.360769 0.212383 0.514092 0.231462 0.497961 0.193303 0.530222 0.231462 0.497961 0.314732 0.514217 0.320975 0.652298 0.193303 0.530222 0.256902 0.590254 0.272523 0.746421
474 0.211563 0.360609 0.212639 0.514101 0.231678 0.497965 0.193599 0.530237 0.231678 0.497965 0.315016 0.514215 0.320983 0.652261 0.193599 0.530237 0.256900 0.590219 0.272525 0.746455
475 0.211543 0.360719 0.212904 0.514095 0.231957 0.497945 0.193850 0.530246 0.231957 0.497945 0.315250 0.514549 0.321066 0.652256 0.193850 0.530246 0.256873 0.590133 0.272504 0.746472
476 0.211531 0.360921 0.213278 0.513989 0.232341 0.497751 0.194215 0.530228 0.232341 0.497751 0.315593 0.514549 0.321108 0.651444 0.194215 0.530228 0.256839 0.589821 0.272482 0.746172
477 0.211509 0.360782 0.213500 0.513402 0.232637 0.496979 0.194363 0.529824 0.232637 0.496979 0.315626 0.514565 0.321287 0.650788 0.194363 0.529824 0.256785 0.589667 0.272374 0.746147
478 0.211490 0.360764 0.213589 0.512702 0.232805 0.496098 0.194373 0.529306 0.232805 0.496098 0.315492 0.514644 0.321301 0.650394 0.194373 0.529306 0.256778 0.589144 0.272212 0.746082
479 0.211505 0.360532 0.213736 0.512228 0.233047 0.495586 0.194424 0.528870 0.233047 0.495586 0.315518 0.514688 0.321402 0.649962 0.194424 0.528870 0.256705 0.589025 0.272185 0.745688
480 0.211532 0.360577 0.213773 0.512175 0.233104 0.495521 0.194441 0.528829 0.233104 0.495521 0.315510 0.514689 0.321404 0.649793 0.194441 0.528829 0.256707 0.589447 0.272167 0.745689
481 0.211609 0.360576 0.213802 0.512060 0.233152 0.495295 0.194451 0.528826 0.233152 0.495295 0.315490 0.514686 0.321480 0.649782 0.194451 0.528826 0.256706 0.589556 0.272166 0.745779
482 0.211619 0.360549 0.213825 0.511995 0.233197 0.495155 0.194453 0.528835 0.233197 0.495155 0.315487 0.514687 0.321520 0.649736 0.194453 0.528835 0.256691 0.589673 0.272164 0.745816
483 0.211636 0.360499 0.213921 0.511992 0.233363 0.495160 0.194478 0.528824 0.233363 0.495160 0.315518 0.514688 0.321576 0.649496 0.194478 0.528824 0.256682 0.589610 0.272136 0.745879
484 0.211637 0.360249 0.213964 0.511934 0.233446 0.495156 0.194482 0.528713 0.233446 0.495156 0.315543 0.514693 0.321591 0.649398 0.194482 0.528713 0.256691 0.589624 0.272124 0.745950
485 0.211655 0.359617 0.214027 0.511660 0.233535 0.495015 0.194518 0.528304 0.233535 0.495015 0.315571 0.514640 0.321603 0.649149 0.194518 0.528304 0.256673 0.589168 0.272116 0.745958
486 0.211675 0.359597 0.214074 0.511661 0.233573 0.495023 0.194576 0.528299 0.233573 0.495023 0.315587 0.514624 0.321577 0.648947 0.194576 0.528299 0.256682 0.589200 0.272113 0.746079
487 0.211720 0.359405 0.214093 0.511709 0.233574 0.495099 0.194613 0.528320 0.233574 0.495099 0.315637 0.514600 0.321598 0.648846 0.194613 0.528320 0.256776 0.589203 0.272111 0.746231
488 0.211737 0.359508 0.214107 0.511869 0.233574 0.495357 0.194639 0.528382 0.233574 0.495357 0.315741 0.514548 0.321600 0.648835 0.194639 0.528382 0.256874 0.589112 0.272091 0.746234
489 0.211787 0.359135 0.214117 0.511896 0.233574 0.495411 0.194660 0.528382 0.233574 0.495411 0.315786 0.514270 0.321547 0.648726 0.194660 0.528382 0.256899 0.589088 0.272081 0.746234
490 0.211782 0.359145 0.214087 0.511923 0.233543 0.495437 0.194632 0.528410 0.233543 0.495437 0.315817 0.514247 0.321549 0.648606 0.194632 0.528410 0.256943 0.589063 0.272080 0.746250
491 0.211892 0.358916 0.214068 0.511864 0.233516 0.495395 0.194620 0.528333 0.233516 0.495395 0.315836 0.514241 0.321546 0.648805 0.194620 0.528333 0.256964 0.588890 0.272084 0.746254
492 0.211960 0.358696 0.214068 0.511663 0.233531 0.495160 0.194605 0.528167 0.233531 0.495160 0.315585 0.514253 0.321532 0.648718 0.194605 0.528167 0.256870 0.589031 0.272039 0.746250
493 0.212005 0.358548 0.214015 0.511579 0.233487 0.495061 0.194543 0.528096 0.233487 0.495061 0.315398 0.514219 0.321518 0.648721 0.194543 0.528096 0.256848 0.589071 0.271986 0.746251
494 0.212052 0.358539 0.213915 0.511539 0.233337 0.494978 0.194494 0.528099 0.233337 0.494978 0.315082 0.514217 0.321538 0.648719 0.194494 0.528099 0.256833 0.589353 0.271910 0.746253
495 0.212058 0.358595 0.213841 0.511552 0.233244 0.494995 0.194439 0.528110 0.233244 0.494995 0.314687 0.514290 0.321432 0.648716 0.194439 0.528110 0.256834 0.589358 0.271843 0.746240
496 0.212078 0.358461 0.213821 0.511520 0.233235 0.494995 0.194408 0.528044 0.233235 0.494995 0.314512 0.514578 0.321356 0.648784 0.194408 0.528044 0.256981 0.589260 0.271822 0.746241
497 0.212143 0.358209 0.213876 0.511435 0.233354 0.494925 0.194398 0.527945 0.233354 0.494925 0.314518 0.514568 0.321276 0.648782 0.194398 0.527945 0.256980 0.588812 0.271797 0.746236
498 0.212177 0.358074 0.213887 0.511477 0.233378 0.494963 0.194396 0.527990 0.233378 0.494963 0.314782 0.514233 0.321316 0.648735 0.194396 0.527990 0.256986 0.588079 0.271742 0.746237
499 0.212220 0.357890 0.213914 0.511478 0.233416 0.494964 0.194412 0.527993 0.233416 0.494964 0.314749 0.514232 0.321324 0.648832 0.194412 0.527993 0.257010 0.587688 0.271733 0.746217
500 0.212230 0.357480 0.214011 0.511473 0.233503 0.494953 0.194518 0.527993 0.233503 0.494953 0.314755 0.513850 0.321367 0.648825 0.194518 0.527993 0.257011 0.587653 0.271702 0.746024
501 0.212218 0.357446 0.214076 0.511543 0.233622 0.494960 0.194531 0.528125 0.233622 0.494960 0.314970 0.513616 0.321294 0.648810 0.194531 0.528125 0.256993 0.587657 0.271697 0.746015
502 0.212244 0.357215 0.214075 0.511210 0.233632 0.494522 0.194518 0.527897 0.233632 0.494522 0.314958 0.512506 0.321103 0.648744 0.194518 0.527897 0.256988 0.587662 0.271689 0.745916
503 0.212258 0.357271 0.214015 0.510977 0.233622 0.494070 0.194407 0.527884 0.233622 0.494070 0.314949 0.511967 0.321088 0.648730 0.194407 0.527884 0.257040 0.588428 0.271686 0.745893
504 0.212313 0.357063 0.214045 0.510326 0.233676 0.493144 0.194413 0.527508 0.233676 0.493144 0.314640 0.511983 0.320826 0.648768 0.194413 0.527508 0.257047 0.589987 0.271641 0.745892
505 0.212362 0.356267 0.214051 0.509579 0.233691 0.492096 0.194411 0.527061 0.233691 0.492096 0.314251 0.511995 0.320723 0.649027 0.194411 0.527061 0.257035 0.590206 0.271609 0.746167
506 0.212434 0.355842 0.213866 0.509143 0.233688 0.491706 0.194044 0.526579 0.233688 0.491706 0.313279 0.512897 0.320562 0.649257 0.194044 0.526579 0.256852 0.590093 0.271508 0.746367
507 0.212464 0.355766 0.213731 0.509047 0.233626 0.491511 0.193835 0.526583 0.233626 0.491511 0.312492 0.512901 0.320342 0.649260 0.193835 0.526583 0.256781 0.590851 0.271488 0.746744
508 0.212485 0.355613 0.213654 0.509153 0.233567 0.491524 0.193742 0.526782 0.233567 0.491524 0.312224 0.513719 0.320315 0.650330 0.193742 0.526782 0.256502 0.590999 0.271464 0.746752
509 0.212533 0.355550 0.213511 0.509182 0.233449 0.491543 0.193574 0.526821 0.233449 0.491543 0.312263 0.515604 0.320513 0.651747 0.193574 0.526821 0.256266 0.591564 0.271439 0.746863
510 0.212537 0.355322 0.213474 0.509388 0.233402 0.491906 0.193546 0.526870 0.233402 0.491906 0.312292 0.515768 0.320724 0.652158 0.193546 0.526870 0.255920 0.591599 0.271408 0.746892
511 0.212547 0.355042 0.213414 0.509751 0.233333 0.492590 0.193495 0.526913 0.233333 0.492590 0.312432 0.515768 0.320958 0.652140 0.193495 0.526913 0.255799 0.591637 0.271358 0.746894
512 0.212529 0.355340 0.213355 0.510122 0.233305 0.493168 0.193406 0.527076 0.233305 0.493168 0.312705 0.515603 0.320938 0.651998 0.193406 0.527076 0.255823 0.591090 0.271247 0.746455
513 0.212539 0.355667 0.213396 0.510356 0.233370 0.493533 0.193422 0.527180 0.233370 0.493533 0.312786 0.515573 0.320881 0.651758 0.193422 0.527180 0.255844 0.591142 0.271116 0.746440
514 0.212520 0.356268 0.213389 0.511424 0.233353 0.494858 0.193424 0.527990 0.233353 0.494858 0.312950 0.516132 0.320879 0.651731 0.193424 0.527990 0.256074 0.591200 0.271082 0.746470
515 0.212336 0.356776 0.213337 0.512299 0.233246 0.495727 0.193428 0.528871 0.233246 0.495727 0.312998 0.516578 0.320869 0.651859 0.193428 0.528871 0.256282 0.592175 0.270986 0.746527
516 0.212155 0.358317 0.213192 0.512710 0.232999 0.496091 0.193386 0.529329 0.232999 0.496091 0.313012 0.516539 0.320862 0.651606 0.193386 0.529329 0.256699 0.593741 0.270981 0.746629
517 0.211837 0.358277 0.212854 0.513111 0.232497 0.496834 0.193210 0.529388 0.232497 0.496834 0.312974 0.516543 0.321016 0.651598 0.193210 0.529388 0.256813 0.594655 0.270996 0.746894
518 0.211546 0.358255 0.212880 0.513077 0.232533 0.496796 0.193227 0.529358 0.232533 0.496796 0.313572 0.516809 0.321028 0.651824 0.193227 0.529358 0.257224 0.594566 0.271056 0.746943
519 0.211203 0.358340 0.212862 0.513386 0.232522 0.497200 0.193202 0.529571 0.232522 0.497200 0.314171 0.517857 0.321190 0.652077 0.193202 0.529571 0.257567 0.594455 0.271054 0.746938
520 0.210957 0.358339 0.212942 0.513876 0.232597 0.497740 0.193287 0.530012 0.232597 0.497740 0.314277 0.517835 0.321243 0.651921 0.193287 0.530012 0.257662 0.594172 0.271072 0.746818
521 0.210682 0.358351 0.212950 0.514140 0.232610 0.497986 0.193291 0.530293 0.232610 0.497986 0.314283 0.517837 0.321238 0.652014 0.193291 0.530293 0.257704 0.593988 0.271141 0.746774
522 0.210592 0.358309 0.212968 0.514070 0.232613 0.497865 0.193323 0.530276 0.232613 0.497865 0.314195 0.518238 0.321226 0.652230 0.193323 0.530276 0.257706 0.593927 0.271192 0.746756
523 0.210563 0.358350 0.212986 0.514047 0.232620 0.497813 0.193352 0.530281 0.232620 0.497813 0.314091 0.518647 0.321224 0.652342 0.193352 0.530281 0.257866 0.593913 0.271209 0.746753
524 0.210556 0.358316 0.213005 0.514025 0.232623 0.497780 0.193387 0.530270 0.232623 0.497780 0.314066 0.518950 0.321233 0.652443 0.193387 0.530270 0.257966 0.593880 0.271270 0.746782
525 0.210533 0.358309 0.213072 0.514017 0.232662 0.497769 0.193482 0.530266 0.232662 0.497769 0.314077 0.518933 0.321409 0.652252 0.193482 0.530266 0.257963 0.594004 0.271316 0.746857
526 0.210561 0.358091 0.213149 0.513508 0.232781 0.497209 0.193517 0.529808 0.232781 0.497209 0.313777 0.518555 0.321407 0.651877 0.193517 0.529808 0.257822 0.593985 0.271369 0.746897
527 0.210556 0.357953 0.213417 0.513445 0.233039 0.497084 0.193795 0.529805 0.233039 0.497084 0.313777 0.517449 0.321447 0.651538 0.193795 0.529805 0.257809 0.594107 0.271437 0.746996
528 0.210505 0.358661 0.213736 0.513759 0.233331 0.497243 0.194142 0.530275 0.233331 0.497243 0.314246 0.517176 0.321738 0.651597 0.194142 0.530275 0.257727 0.594252 0.271441 0.747039
529 0.210493 0.359240 0.213972 0.514577 0.233723 0.498190 0.194222 0.530963 0.233723 0.498190 0.314712 0.516383 0.321931 0.651710 0.194222 0.530963 0.257504 0.594246 0.271519 0.747041
530 0.210434 0.359433 0.214329 0.515099 0.234207 0.498849 0.194451 0.531350 0.234207 0.498849 0.314706 0.515102 0.322151 0.651711 0.194451 0.531350 0.257435 0.594023 0.271538 0.747112
531 0.210306 0.360496 0.214307 0.515307 0.234165 0.499003 0.194448 0.531611 0.234165 0.499003 0.314701 0.514380 0.322228 0.651711 0.194448 0.531611 0.257468 0.593998 0.271540 0.747161
532 0.210275 0.360825 0.214075 0.515564 0.233712 0.499334 0.194437 0.531793 0.233712 0.499334 0.314697 0.514420 0.322354 0.652024 0.194437 0.531793 0.257581 0.593993 0.271542 0.747386
533 0.210068 0.360878 0.213921 0.515578 0.233451 0.499315 0.194392 0.531841 0.233451 0.499315 0.314693 0.514437 0.322461 0.652312 0.194392 0.531841 0.257583 0.594001 0.271548 0.747379
534 0.209621 0.361092 0.213637 0.515744 0.232955 0.499342 0.194318 0.532146 0.232955 0.499342 0.314511 0.514463 0.322594 0.652284 0.194318 0.532146 0.257582 0.593997 0.271589 0.747379
535 0.209363 0.361149 0.213484 0.515757 0.232622 0.499299 0.194347 0.532215 0.232622 0.499299 0.314522 0.512913 0.322594 0.651659 0.194347 0.532215 0.257787 0.593946 0.271645 0.747710
536 0.209130 0.361451 0.213483 0.515744 0.232590 0.499254 0.194376 0.532233 0.232590 0.499254 0.314638 0.512096 0.322625 0.651538 0.194376 0.532233 0.257818 0.593856 0.271660 0.747838
537 0.208792 0.361877 0.213539 0.515834 0.232584 0.499244 0.194493 0.532425 0.232584 0.499244 0.314608 0.511421 0.322687 0.651388 0.194493 0.532425 0.257977 0.593819 0.271666 0.747830
538 0.208520 0.363373 0.213572 0.516037 0.232581 0.499241 0.194562 0.532833 0.232581 0.499241 0.314509 0.511492 0.322695 0.651381 0.194562 0.532833 0.258260 0.593780 0.271670 0.747725
539 0.208373 0.364925 0.213624 0.516666 0.232587 0.499709 0.194661 0.533623 0.232587 0.499709 0.314184 0.511984 0.322639 0.651919 0.194661 0.533623 0.258709 0.593810 0.271686 0.747669
540 0.207991 0.365735 0.213627 0.517446 0.232588 0.500876 0.194666 0.534016 0.232588 0.500876 0.313825 0.515703 0.322639 0.653008 0.194666 0.534016 0.258845 0.593575 0.271749 0.747114
541 0.207820 0.365770 0.213712 0.517527 0.232719 0.501045 0.194705 0.534008 0.232719 0.501045 0.313387 0.519349 0.322646 0.653952 0.194705 0.534008 0.258993 0.594136 0.271837 0.747157
542 0.207311 0.365502 0.213747 0.517707 0.232750 0.501271 0.194743 0.534144 0.232750 0.501271 0.313145 0.520223 0.322651 0.654322 0.194743 0.534144 0.259174 0.594428 0.271836 0.747152
543 0.206824 0.365014 0.213753 0.517895 0.232703 0.501367 0.194803 0.534423 0.232703 0.501367 0.313044 0.519823 0.322530 0.654295 0.194803 0.534423 0.259591 0.594612 0.271838 0.747103
544 0.206417 0.363281 0.213738 0.517914 0.232701 0.501375 0.194776 0.534453 0.232701 0.501375 0.313029 0.518812 0.322536 0.654244 0.194776 0.534453 0.259667 0.594519 0.271830 0.747073
545 0.206016 0.361455 0.213533 0.517658 0.232614 0.501046 0.194452 0.534270 0.232614 0.501046 0.312809 0.517909 0.322540 0.654048 0.194452 0.534270 0.259669 0.594312 0.271831 0.746833
546 0.205752 0.361029 0.213299 0.517669 0.232417 0.501040 0.194180 0.534299 0.232417 0.501040 0.312769 0.517317 0.322469 0.653946 0.194180 0.534299 0.260078 0.592952 0.271858 0.746508
547 0.205659 0.360946 0.213219 0.517564 0.232392 0.500953 0.194046 0.534174 0.232392 0.500953 0.312784 0.518318 0.322461 0.653991 0.194046 0.534174 0.260394 0.592611 0.271887 0.746325
548 0.205454 0.360422 0.213201 0.517486 0.232403 0.500929 0.193999 0.534043 0.232403 0.500929 0.312756 0.519508 0.322386 0.654159 0.193999 0.534043 0.260757 0.592527 0.271926 0.746266
549 0.204935 0.359879 0.213144 0.517332 0.232373 0.500921 0.193915 0.533743 0.232373 0.500921 0.312585 0.520292 0.322106 0.654321 0.193915 0.533743 0.261240 0.592486 0.272023 0.746168
550 0.204312 0.358782 0.213106 0.516958 0.232312 0.500611 0.193900 0.533306 0.232312 0.500611 0.312266 0.520443 0.321810 0.654368 0.193900 0.533306 0.261368 0.592523 0.272086 0.746135
551 0.203953 0.358125 0.213272 0.516709 0.232389 0.500174 0.194155 0.533244 0.232389 0.500174 0.312258 0.520323 0.321764 0.653476 0.194155 0.533244 0.261449 0.592600 0.272081 0.746076
552 0.203799 0.357938 0.213364 0.516709 0.232394 0.500176 0.194335 0.533243 0.232394 0.500176 0.312388 0.519498 0.321795 0.652825 0.194335 0.533243 0.261417 0.594296 0.272114 0.746181
553 0.203785 0.356708 0.213544 0.516574 0.232570 0.500329 0.194518 0.532818 0.232570 0.500329 0.312385 0.519323 0.321873 0.652814 0.194518 0.532818 0.260925 0.595558 0.272117 0.746332
554 0.203905 0.354782 0.213493 0.515844 0.232466 0.499957 0.194520 0.531730 0.232466 0.499957 0.312757 0.519068 0.322045 0.652717 0.194520 0.531730 0.260748 0.596003 0.272120 0.746584
555 0.204190 0.351163 0.213423 0.515234 0.232459 0.499716 0.194386 0.530753 0.232459 0.499716 0.313378 0.518922 0.322397 0.652997 0.194386 0.530753 0.260500 0.595930 0.272207 0.746697
556 0.204477 0.349636 0.212855 0.515426 0.231795 0.500093 0.193916 0.530759 0.231795 0.500093 0.313587 0.518796 0.323074 0.653138 0.193916 0.530759 0.260332 0.595450 0.272210 0.746697
557 0.205828 0.348165 0.212837 0.515640 0.231786 0.500501 0.193887 0.530779 0.231786 0.500501 0.313938 0.518735 0.323408 0.653139 0.193887 0.530779 0.259736 0.595523 0.272178 0.746706
558 0.207840 0.347306 0.212844 0.515783 0.231810 0.500821 0.193877 0.530745 0.231810 0.500821 0.314132 0.518727 0.323544 0.653230 0.193877 0.530745 0.259300 0.595945 0.272089 0.746700
559 0.210265 0.347491 0.213026 0.515854 0.232234 0.500952 0.193818 0.530755 0.232234 0.500952 0.314547 0.518701 0.323579 0.653514 0.193818 0.530755 0.259122 0.595939 0.271925 0.746611
560 0.212591 0.347377 0.213224 0.515740 0.232688 0.500952 0.193760 0.530529 0.232688 0.500952 0.314789 0.518663 0.323577 0.653514 0.193760 0.530529 0.258889 0.595921 0.271870 0.746770
561 0.215404 0.347350 0.213537 0.515698 0.233350 0.501058 0.193725 0.530338 0.233350 0.501058 0.315354 0.518679 0.323576 0.653710 0.193725 0.530338 0.258588 0.595854 0.271848 0.746774
562 0.218158 0.346739 0.213950 0.516077 0.234146 0.501815 0.193754 0.530338 0.234146 0.501815 0.315982 0.518663 0.323572 0.653739 0.193754 0.530338 0.258498 0.597632 0.271558 0.748406
563 0.222521 0.346075 0.214842 0.515957 0.235782 0.502035 0.193902 0.529880 0.235782 0.502035 0.316621 0.518936 0.323447 0.653740 0.193902 0.529880 0.258316 0.597556 0.271411 0.748452
564 0.225381 0.342830 0.215027 0.515148 0.236144 0.502033 0.193909 0.528263 0.236144 0.502033 0.316833 0.519479 0.323304 0.653729 0.193909 0.528263 0.258311 0.595862 0.271270 0.748122
565 0.229240 0.341563 0.215318 0.514717 0.236584 0.501996 0.194052 0.527437 0.236584 0.501996 0.316951 0.519655 0.323161 0.653741 0.194052 0.527437 0.258311 0.594445 0.271391 0.747914
566 0.232854 0.341157 0.215631 0.514198 0.237160 0.501862 0.194103 0.526535 0.237160 0.501862 0.316956 0.520457 0.323128 0.653773 0.194103 0.526535 0.258545 0.594381 0.271318 0.747470
567 0.235978 0.340538 0.215602 0.512986 0.237166 0.501241 0.194038 0.524732 0.237166 0.501241 0.316940 0.520876 0.321914 0.653759 0.194038 0.524732 0.258594 0.594532 0.271038 0.747716
568 0.238510 0.340340 0.215578 0.511935 0.237217 0.500995 0.193939 0.522875 0.237217 0.500995 0.316867 0.521577 0.320738 0.653875 0.193939 0.522875 0.258603 0.594531 0.270254 0.747795
569 0.240799 0.339852 0.215375 0.511675 0.236922 0.500986 0.193828 0.522364 0.236922 0.500986 0.316863 0.522361 0.320488 0.654539 0.193828 0.522364 0.258730 0.594780 0.270231 0.747792
570 0.242941 0.339937 0.215351 0.511740 0.236874 0.500964 0.193827 0.522516 0.236874 0.500964 0.316882 0.522322 0.320067 0.654716 0.193827 0.522516 0.260538 0.594761 0.270781 0.748324
571 0.245640 0.340037 0.215424 0.510838 0.236911 0.500020 0.193938 0.521656 0.236911 0.500020 0.316985 0.522300 0.319911 0.654716 0.193938 0.521656 0.261349 0.594718 0.271050 0.748393
572 0.247324 0.340144 0.215423 0.509610 0.236912 0.498783 0.193934 0.520438 0.236912 0.498783 0.317242 0.521154 0.319942 0.653809 0.193934 0.520438 0.262043 0.594777 0.271014 0.748535
573 0.248889 0.340444 0.215444 0.509440 0.236987 0.498711 0.193901 0.520169 0.236987 0.498711 0.317707 0.520744 0.319966 0.653222 0.193901 0.520169 0.262674 0.594956 0.270978 0.749001
574 0.249832 0.340753 0.214986 0.509359 0.236700 0.498718 0.193272 0.519999 0.236700 0.498718 0.317877 0.520685 0.319737 0.653071 0.193272 0.519999 0.263008 0.595915 0.270795 0.749185
575 0.250583 0.340480 0.214452 0.509197 0.236187 0.498730 0.192717 0.519665 0.236187 0.498730 0.318272 0.520167 0.319741 0.652616 0.192717 0.519665 0.263013 0.595932 0.270867 0.749215
576 0.250460 0.340427 0.213746 0.509103 0.235336 0.498667 0.192156 0.519539 0.235336 0.498667 0.318601 0.519498 0.319740 0.652495 0.192156 0.519539 0.263283 0.596518 0.270998 0.749492
577 0.250114 0.340751 0.213140 0.509117 0.234827 0.498672 0.191453 0.519562 0.234827 0.498672 0.318815 0.519110 0.319694 0.652500 0.191453 0.519562 0.263395 0.596768 0.271014 0.749534
578 0.250045 0.341202 0.212795 0.509237 0.234417 0.498839 0.191172 0.519635 0.234417 0.498839 0.318870 0.519005 0.319701 0.652573 0.191172 0.519635 0.263433 0.596968 0.271013 0.749401
579 0.249500 0.341215 0.212252 0.509314 0.233774 0.498850 0.190730 0.519777 0.233774 0.498850 0.318956 0.518732 0.319763 0.652726 0.190730 0.519777 0.263441 0.596879 0.270985 0.749408
580 0.249240 0.341493 0.211773 0.509304 0.233272 0.498731 0.190274 0.519876 0.233272 0.498731 0.319031 0.518584 0.319795 0.653003 0.190274 0.519876 0.263424 0.596815 0.270834 0.749482
581 0.247946 0.341760 0.211560 0.509294 0.233025 0.498483 0.190095 0.520105 0.233025 0.498483 0.319063 0.518540 0.320039 0.653104 0.190095 0.520105 0.263354 0.596377 0.270344 0.749404
582 0.246997 0.343225 0.211286 0.509389 0.232901 0.498363 0.189672 0.520416 0.232901 0.498363 0.319066 0.518444 0.320140 0.653241 0.189672 0.520416 0.263285 0.594745 0.269907 0.748475
583 0.245758 0.346661 0.210292 0.509947 0.231619 0.498446 0.188965 0.521448 0.231619 0.498446 0.319089 0.518429 0.320056 0.653602 0.188965 0.521448 0.262721 0.593692 0.270061 0.742030
584 0.244228 0.349459 0.209734 0.510481 0.230560 0.498464 0.188908 0.522498 0.230560 0.498464 0.319162 0.518222 0.320054 0.653939 0.188908 0.522498 0.262593 0.594094 0.271667 0.734664
585 0.244219 0.350295 0.209789 0.510841 0.230542 0.498586 0.189037 0.523096 0.230542 0.498586 0.319446 0.517343 0.320077 0.653787 0.189037 0.523096 0.262689 0.593355 0.272822 0.722759
586 0.244477 0.355248 0.209812 0.511014 0.230565 0.498590 0.189059 0.523438 0.230565 0.498590 0.319539 0.515129 0.320183 0.653741 0.189059 0.523438 0.262679 0.591932 0.273506 0.719297
587 0.245089 0.362087 0.209836 0.511070 0.230587 0.498496 0.189086 0.523645 0.230587 0.498496 0.318119 0.514368 0.320010 0.652867 0.189086 0.523645 0.262388 0.587253 0.273908 0.713988
588 0.246382 0.364963 0.210716 0.511035 0.231349 0.498418 0.190082 0.523653 0.231349 0.498418 0.317637 0.516948 0.320012 0.652802 0.190082 0.523653 0.263508 0.587697 0.273962 0.709299
589 0.248069 0.369831 0.211767 0.512718 0.232037 0.500083 0.191497 0.525353 0.232037 0.500083 0.316680 0.517699 0.320020 0.652964 0.191497 0.525353 0.264339 0.590279 0.272931 0.707793
590 0.250406 0.375997 0.212362 0.514185 0.232236 0.500752 0.192487 0.527617 0.232236 0.500752 0.316443 0.517677 0.319942 0.652940 0.192487 0.527617 0.265240 0.590172 0.272763 0.707550
591 0.253754 0.381577 0.212730 0.515575 0.232480 0.501971 0.192980 0.529178 0.232480 0.501971 0.316446 0.517905 0.320346 0.653357 0.192980 0.529178 0.266315 0.592146 0.271073 0.706747
592 0.256719 0.388281 0.213324 0.515861 0.233180 0.501908 0.193469 0.529813 0.233180 0.501908 0.316420 0.519152 0.320348 0.653535 0.193469 0.529813 0.267765 0.593495 0.270597 0.707698
593 0.261392 0.391094 0.214164 0.516131 0.233961 0.501892 0.194367 0.530371 0.233961 0.501892 0.316478 0.520408 0.321799 0.653533 0.194367 0.530371 0.268089 0.595574 0.269599 0.708730
594 0.265063 0.392609 0.215457 0.517976 0.234278 0.503266 0.196635 0.532685 0.234278 0.503266 0.316472 0.523521 0.322840 0.653769 0.196635 0.532685 0.269198 0.595914 0.268300 0.708112
595 0.269468 0.391520 0.215913 0.518757 0.234416 0.504537 0.197410 0.532976 0.234416 0.504537 0.316444 0.525865 0.322789 0.653810 0.197410 0.532976 0.269768 0.596275 0.267319 0.708731
596 0.273331 0.391646 0.218223 0.513916 0.238145 0.500447 0.198301 0.527385 0.238145 0.500447 0.317345 0.528666 0.318390 0.660132 0.198301 0.527385 0.269949 0.597594 0.267379 0.709979
597 0.276817 0.391443 0.220074 0.511864 0.240543 0.499371 0.199606 0.524357 0.240543 0.499371 0.318293 0.528292 0.318424 0.660538 0.199606 0.524357 0.269933 0.597567 0.268530 0.712676
598 0.281295 0.388584 0.222985 0.504329 0.243317 0.494705 0.202653 0.513952 0.243317 0.494705 0.318943 0.528782 0.318573 0.660550 0.202653 0.513952 0.269864 0.597164 0.268669 0.714422
599 0.284458 0.385912 0.223773 0.500280 0.244241 0.491374 0.203306 0.509186 0.244241 0.491374 0.319743 0.530842 0.318712 0.661495 0.203306 0.509186 0.269726 0.595829 0.269152 0.714466
600 0.287976 0.379646 0.224813 0.495413 0.245420 0.487472 0.204205 0.503354 0.245420 0.487472 0.320101 0.532214 0.318784 0.661325 0.204205 0.503354 0.269316 0.595470 0.269724 0.714225
601 0.290378 0.370584 0.225943 0.485721 0.246791 0.477722 0.205095 0.493721 0.246791 0.477722 0.320067 0.533239 0.318831 0.661320 0.205095 0.493721 0.268361 0.595460 0.269888 0.714243
602 0.292798 0.357694 0.227019 0.473104 0.248266 0.466580 0.205772 0.479628 0.248266 0.466580 0.319789 0.532965 0.319544 0.661524 0.205772 0.479628 0.268352 0.595618 0.269817 0.714827
603 0.294448 0.344451 0.229180 0.460807 0.250462 0.454176 0.207897 0.467439 0.250462 0.454176 0.318608 0.532893 0.319380 0.661412 0.207897 0.467439 0.268381 0.589403 0.267893 0.715802
604 0.297448 0.332919 0.232644 0.455179 0.253479 0.446585 0.211809 0.463773 0.253479 0.446585 0.318995 0.529868 0.317585 0.658080 0.211809 0.463773 0.268930 0.588460 0.267407 0.715666
605 0.301292 0.316456 0.238133 0.444049 0.258058 0.435845 0.218208 0.452252 0.258058 0.435845 0.319684 0.527977 0.317638 0.654590 0.218208 0.452252 0.269061 0.587843 0.266785 0.715860
606 0.305024 0.300891 0.242495 0.438144 0.260589 0.431339 0.224400 0.444948 0.260589 0.431339 0.320417 0.528099 0.319158 0.650426 0.224400 0.444948 0.268925 0.583471 0.266818 0.715877
607 0.308047 0.283879 0.248353 0.434740 0.265586 0.427132 0.231121 0.442349 0.265586 0.427132 0.321105 0.528150 0.319599 0.651184 0.231121 0.442349 0.273896 0.575054 0.267065 0.715584
608 0.309643 0.268126 0.252737 0.429184 0.268570 0.422501 0.236903 0.435867 0.268570 0.422501 0.321789 0.527436 0.320799 0.651661 0.236903 0.435867 0.277047 0.568467 0.267797 0.715596
609 0.310945 0.253643 0.260090 0.426284 0.276355 0.420275 0.243824 0.432292 0.276355 0.420275 0.322056 0.527049 0.322232 0.652000 0.243824 0.432292 0.278963 0.565684 0.267838 0.712843
610 0.312463 0.238119 0.264460 0.423227 0.279384 0.418401 0.249536 0.428052 0.279384 0.418401 0.324464 0.527008 0.322279 0.652845 0.249536 0.428052 0.280730 0.563942 0.267816 0.712754
611 0.314569 0.222762 0.271386 0.414254 0.281027 0.406628 0.261744 0.421880 0.281027 0.406628 0.324426 0.525059 0.320734 0.652747 0.261744 0.421880 0.290231 0.554581 0.272852 0.705661
612 0.314113 0.207417 0.275390 0.412105 0.282591 0.406611 0.268189 0.417599 0.282591 0.406611 0.324242 0.525455 0.316018 0.652835 0.268189 0.417599 0.294343 0.555116 0.272556 0.706237
613 0.312589 0.196072 0.282735 0.410005 0.290696 0.406751 0.274773 0.413260 0.290696 0.406751 0.323374 0.533181 0.313571 0.654277 0.274773 0.413260 0.293087 0.558660 0.270197 0.706742
614 0.311554 0.184189 0.289755 0.408618 0.298614 0.406768 0.280897 0.410468 0.298614 0.406768 0.322898 0.535280 0.314173 0.654293 0.280897 0.410468 0.296348 0.559872 0.269512 0.708380
615 0.312298 0.175400 0.299616 0.404076 0.309661 0.402468 0.289572 0.405685 0.309661 0.402468 0.323824 0.537212 0.314213 0.659136 0.289572 0.405685 0.300741 0.559038 0.271433 0.708579
616 0.313820 0.171361 0.307278 0.402805 0.316147 0.399738 0.298410 0.405871 0.316147 0.399738 0.323755 0.537032 0.313702 0.656902 0.298410 0.405871 0.308409 0.552952 0.284384 0.696714
617 0.315983 0.166784 0.312327 0.394709 0.321403 0.391339 0.303250 0.398079 0.321403 0.391339 0.326107 0.533206 0.314046 0.654041 0.303250 0.398079 0.314764 0.544908 0.296833 0.687349
618 0.318057 0.168843 0.317898 0.399523 0.325480 0.395896 0.310315 0.403151 0.325480 0.395896 0.329450 0.531665 0.314246 0.653320 0.310315 0.403151 0.320183 0.542989 0.306259 0.683141
619 0.320086 0.167584 0.324226 0.396767 0.330110 0.393571 0.318343 0.399964 0.330110 0.393571 0.336805 0.528021 0.318650 0.655528 0.318343 0.399964 0.328797 0.534662 0.317417 0.679733
620 0.323156 0.167879 0.330009 0.393810 0.336631 0.390696 0.323387 0.396924 0.336631 0.390696 0.343222 0.526501 0.326851 0.658554 0.323387 0.396924 0.332711 0.531579 0.326587 0.678163
621 0.325963 0.169758 0.334947 0.393432 0.341970 0.391761 0.327924 0.395102 0.341970 0.391761 0.345312 0.526272 0.334106 0.661853 0.327924 0.395102 0.342000 0.529983 0.341065 0.676968
622 0.329729 0.172745 0.339079 0.393970 0.345876 0.392640 0.332282 0.395301 0.345876 0.392640 0.343930 0.524935 0.331919 0.659580 0.332282 0.395301 0.350072 0.526768 0.350629 0.668955
623 -1 -1 -1 -1 -1 -1 -1 -1 -1 -1 -1 -1 -1 -1 -1 -1 -1 -1 -1 -1
624 -1 -1 -1 -1 -1 -1 -1 -1 -1 -1 -1 -1 -1 -1 -1 -1 -1 -1 -1 -1
625 -1 -1 -1 -1 -1 -1 -1 -1 -1 -1 -1 -1 -1 -1 -1 -1 -1 -1 -1 -1
626 -1 -1 -1 -1 -1 -1 -1 -1 -1 -1 -1 -1 -1 -1 -1 -1 -1 -1 -1 -1
627 -1 -1 -1 -1 -1 -1 -1 -1 -1 -1 -1 -1 -1 -1 -1 -1 -1 -1 -1 -1
628 -1 -1 -1 -1 -1 -1 -1 -1 -1 -1 -1 -1 -1 -1 -1 -1 -1 -1 -1 -1
629 -1 -1 -1 -1 -1 -1 -1 -1 -1 -1 -1 -1 -1 -1 -1 -1 -1 -1 -1 -1
630 -1 -1 -1 -1 -1 -1 -1 -1 -1 -1 -1 -1 -1 -1 -1 -1 -1 -1 -1 -1
631 -1 -1 -1 -1 -1 -1 -1 -1 -1 -1 -1 -1 -1 -1 -1 -1 -1 -1 -1 -1
632 -1 -1 -1 -1 -1 -1 -1 -1 -1 -1 -1 -1 -1 -1 -1 -1 -1 -1 -1 -1
633 -1 -1 -1 -1 -1 -1 -1 -1 -1 -1 -1 -1 -1 -1 -1 -1 -1 -1 -1 -1
634 -1 -1 -1 -1 -1 -1 -1 -1 -1 -1 -1 -1 -1 -1 -1 -1 -1 -1 -1 -1
635 -1 -1 -1 -1 -1 -1 -1 -1 -1 -1 -1 -1 -1 -1 -1 -1 -1 -1 -1 -1
636 -1 -1 -1 -1 -1 -1 -1 -1 -1 -1 -1 -1 -1 -1 -1 -1 -1 -1 -1 -1
637 -1 -1 -1 -1 -1 -1 -1 -1 -1 -1 -1 -1 -1 -1 -1 -1 -1 -1 -1 -1
638 -1 -1 -1 -1 -1 -1 -1 -1 -1 -1 -1 -1 -1 -1 -1 -1 -1 -1 -1 -1
639 -1 -1 -1 -1 -1 -1 -1 -1 -1 -1 -1 -1 -1 -1 -1 -1 -1 -1 -1 -1
640 -1 -1 -1 -1 -1 -1 -1 -1 -1 -1 -1 -1 -1 -1 -1 -1 -1 -1 -1 -1
641 -1 -1 -1 -1 -1 -1 -1 -1 -1 -1 -1 -1 -1 -1 -1 -1 -1 -1 -1 -1
642 -1 -1 -1 -1 -1 -1 -1 -1 -1 -1 -1 -1 -1 -1 -1 -1 -1 -1 -1 -1
643 -1 -1 -1 -1 -1 -1 -1 -1 -1 -1 -1 -1 -1 -1 -1 -1 -1 -1 -1 -1
644 -1 -1 -1 -1 -1 -1 -1 -1 -1 -1 -1 -1 -1 -1 -1 -1 -1 -1 -1 -1
645 -1 -1 -1 -1 -1 -1 -1 -1 -1 -1 -1 -1 -1 -1 -1 -1 -1 -1 -1 -1
646 -1 -1 -1 -1 -1 -1 -1 -1 -1 -1 -1 -1 -1 -1 -1 -1 -1 -1 -1 -1
647 -1 -1 -1 -1 -1 -1 -1 -1 -1 -1 -1 -1 -1 -1 -1 -1 -1 -1 -1 -1
648 -1 -1 -1 -1 -1 -1 -1 -1 -1 -1 -1 -1 -1 -1 -1 -1 -1 -1 -1 -1
649 -1 -1 -1 -1 -1 -1 -1 -1 -1 -1 -1 -1 -1 -1 -1 -1 -1 -1 -1 -1
650 -1 -1 -1 -1 -1 -1 -1 -1 -1 -1 -1 -1 -1 -1 -1 -1 -1 -1 -1 -1
651 -1 -1 -1 -1 -1 -1 -1 -1 -1 -1 -1 -1 -1 -1 -1 -1 -1 -1 -1 -1
652 -1 -1 -1 -1 -1 -1 -1 -1 -1 -1 -1 -1 -1 -1 -1 -1 -1 -1 -1 -1
653 -1 -1 -1 -1 -1 -1 -1 -1 -1 -1 -1 -1 -1 -1 -1 -1 -1 -1 -1 -1
654 -1 -1 -1 -1 -1 -1 -1 -1 -1 -1 -1 -1 -1 -1 -1 -1 -1 -1 -1 -1
655 -1 -1 -1 -1 -1 -1 -1 -1 -1 -1 -1 -1 -1 -1 -1 -1 -1 -1 -1 -1
656 -1 -1 -1 -1 -1 -1 -1 -1 -1 -1 -1 -1 -1 -1 -1 -1 -1 -1 -1 -1
657 -1 -1 -1 -1 -1 -1 -1 -1 -1 -1 -1 -1 -1 -1 -1 -1 -1 -1 -1 -1
658 -1 -1 -1 -1 -1 -1 -1 -1 -1 -1 -1 -1 -1 -1 -1 -1 -1 -1 -1 -1
659 -1 -1 -1 -1 -1 -1 -1 -1 -1 -1 -1 -1 -1 -1 -1 -1 -1 -1 -1 -1
660 -1 -1 -1 -1 -1 -1 -1 -1 -1 -1 -1 -1 -1 -1 -1 -1 -1 -1 -1 -1
661 -1 -1 -1 -1 -1 -1 -1 -1 -1 -1 -1 -1 -1 -1 -1 -1 -1 -1 -1 -1
662 -1 -1 -1 -1 -1 -1 -1 -1 -1 -1 -1 -1 -1 -1 -1 -1 -1 -1 -1 -1
663 -1 -1 -1 -1 -1 -1 -1 -1 -1 -1 -1 -1 -1 -1 -1 -1 -1 -1 -1 -1
664 -1 -1 -1 -1 -1 -1 -1 -1 -1 -1 -1 -1 -1 -1 -1 -1 -1 -1 -1 -1
665 -1 -1 -1 -1 -1 -1 -1 -1 -1 -1 -1 -1 -1 -1 -1 -1 -1 -1 -1 -1
666 -1 -1 -1 -1 -1 -1 -1 -1 -1 -1 -1 -1 -1 -1 -1 -1 -1 -1 -1 -1
667 -1 -1 -1 -1 -1 -1 -1 -1 -1 -1 -1 -1 -1 -1 -1 -1 -1 -1 -1 -1
668 -1 -1 -1 -1 -1 -1 -1 -1 -1 -1 -1 -1 -1 -1 -1 -1 -1 -1 -1 -1
669 -1 -1 -1 -1 -1 -1 -1 -1 -1 -1 -1 -1 -1 -1 -1 -1 -1 -1 -1 -1
670 -1 -1 -1 -1 -1 -1 -1 -1 -1 -1 -1 -1 -1 -1 -1 -1 -1 -1 -1 -1
671 -1 -1 -1 -1 -1 -1 -1 -1 -1 -1 -1 -1 -1 -1 -1 -1 -1 -1 -1 -1
672 -1 -1 -1 -1 -1 -1 -1 -1 -1 -1 -1 -1 -1 -1 -1 -1 -1 -1 -1 -1
673 -1 -1 -1 -1 -1 -1 -1 -1 -1 -1 -1 -1 -1 -1 -1 -1 -1 -1 -1 -1
674 -1 -1 -1 -1 -1 -1 -1 -1 -1 -1 -1 -1 -1 -1 -1 -1 -1 -1 -1 -1
675 -1 -1 -1 -1 -1 -1 -1 -1 -1 -1 -1 -1 -1 -1 -1 -1 -1 -1 -1 -1
676 -1 -1 -1 -1 -1 -1 -1 -1 -1 -1 -1 -1 -1 -1 -1 -1 -1 -1 -1 -1
677 -1 -1 -1 -1 -1 -1 -1 -1 -1 -1 -1 -1 -1 -1 -1 -1 -1 -1 -1 -1
678 -1 -1 -1 -1 -1 -1 -1 -1 -1 -1 -1 -1 -1 -1 -1 -1 -1 -1 -1 -1
679 -1 -1 -1 -1 -1 -1 -1 -1 -1 -1 -1 -1 -1 -1 -1 -1 -1 -1 -1 -1
680 -1 -1 -1 -1 -1 -1 -1 -1 -1 -1 -1 -1 -1 -1 -1 -1 -1 -1 -1 -1
681 -1 -1 -1 -1 -1 -1 -1 -1 -1 -1 -1 -1 -1 -1 -1 -1 -1 -1 -1 -1
682 -1 -1 -1 -1 -1 -1 -1 -1 -1 -1 -1 -1 -1 -1 -1 -1 -1 -1 -1 -1
683 -1 -1 -1 -1 -1 -1 -1 -1 -1 -1 -1 -1 -1 -1 -1 -1 -1 -1 -1 -1
684 -1 -1 -1 -1 -1 -1 -1 -1 -1 -1 -1 -1 -1 -1 -1 -1 -1 -1 -1 -1
685 -1 -1 -1 -1 -1 -1 -1 -1 -1 -1 -1 -1 -1 -1 -1 -1 -1 -1 -1 -1
686 -1 -1 -1 -1 -1 -1 -1 -1 -1 -1 -1 -1 -1 -1 -1 -1 -1 -1 -1 -1
687 -1 -1 -1 -1 -1 -1 -1 -1 -1 -1 -1 -1 -1 -1 -1 -1 -1 -1 -1 -1
688 -1 -1 -1 -1 -1 -1 -1 -1 -1 -1 -1 -1 -1 -1 -1 -1 -1 -1 -1 -1
689 -1 -1 -1 -1 -1 -1 -1 -1 -1 -1 -1 -1 -1 -1 -1 -1 -1 -1 -1 -1
690 -1 -1 -1 -1 -1 -1 -1 -1 -1 -1 -1 -1 -1 -1 -1 -1 -1 -1 -1 -1
691 -1 -1 -1 -1 -1 -1 -1 -1 -1 -1 -1 -1 -1 -1 -1 -1 -1 -1 -1 -1
692 -1 -1 -1 -1 -1 -1 -1 -1 -1 -1 -1 -1 -1 -1 -1 -1 -1 -1 -1 -1
693 -1 -1 -1 -1 -1 -1 -1 -1 -1 -1 -1 -1 -1 -1 -1 -1 -1 -1 -1 -1
694 -1 -1 -1 -1 -1 -1 -1 -1 -1 -1 -1 -1 -1 -1 -1 -1 -1 -1 -1 -1
695 -1 -1 -1 -1 -1 -1 -1 -1 -1 -1 -1 -1 -1 -1 -1 -1 -1 -1 -1 -1
696 -1 -1 -1 -1 -1 -1 -1 -1 -1 -1 -1 -1 -1 -1 -1 -1 -1 -1 -1 -1
697 -1 -1 -1 -1 -1 -1 -1 -1 -1 -1 -1 -1 -1 -1 -1 -1 -1 -1 -1 -1
698 -1 -1 -1 -1 -1 -1 -1 -1 -1 -1 -1 -1 -1 -1 -1 -1 -1 -1 -1 -1
699 -1 -1 -1 -1 -1 -1 -1 -1 -1 -1 -1 -1 -1 -1 -1 -1 -1 -1 -1 -1
700 -1 -1 -1 -1 -1 -1 -1 -1 -1 -1 -1 -1 -1 -1 -1 -1 -1 -1 -1 -1
701 -1 -1 -1 -1 -1 -1 -1 -1 -1 -1 -1 -1 -1 -1 -1 -1 -1 -1 -1 -1
702 -1 -1 -1 -1 -1 -1 -1 -1 -1 -1 -1 -1 -1 -1 -1 -1 -1 -1 -1 -1
703 -1 -1 -1 -1 -1 -1 -1 -1 -1 -1 -1 -1 -1 -1 -1 -1 -1 -1 -1 -1
704 -1 -1 -1 -1 -1 -1 -1 -1 -1 -1 -1 -1 -1 -1 -1 -1 -1 -1 -1 -1
705 -1 -1 -1 -1 -1 -1 -1 -1 -1 -1 -1 -1 -1 -1 -1 -1 -1 -1 -1 -1
706 -1 -1 -1 -1 -1 -1 -1 -1 -1 -1 -1 -1 -1 -1 -1 -1 -1 -1 -1 -1
707 -1 -1 -1 -1 -1 -1 -1 -1 -1 -1 -1 -1 -1 -1 -1 -1 -1 -1 -1 -1
708 -1 -1 -1 -1 -1 -1 -1 -1 -1 -1 -1 -1 -1 -1 -1 -1 -1 -1 -1 -1
709 -1 -1 -1 -1 -1 -1 -1 -1 -1 -1 -1 -1 -1 -1 -1 -1 -1 -1 -1 -1
710 -1 -1 -1 -1 -1 -1 -1 -1 -1 -1 -1 -1 -1 -1 -1 -1 -1 -1 -1 -1
711 -1 -1 -1 -1 -1 -1 -1 -1 -1 -1 -1 -1 -1 -1 -1 -1 -1 -1 -1 -1
712 -1 -1 -1 -1 -1 -1 -1 -1 -1 -1 -1 -1 -1 -1 -1 -1 -1 -1 -1 -1
713 -1 -1 -1 -1 -1 -1 -1 -1 -1 -1 -1 -1 -1 -1 -1 -1 -1 -1 -1 -1
714 -1 -1 -1 -1 -1 -1 -1 -1 -1 -1 -1 -1 -1 -1 -1 -1 -1 -1 -1 -1
715 -1 -1 -1 -1 -1 -1 -1 -1 -1 -1 -1 -1 -1 -1 -1 -1 -1 -1 -1 -1
716 -1 -1 -1 -1 -1 -1 -1 -1 -1 -1 -1 -1 -1 -1 -1 -1 -1 -1 -1 -1
717 -1 -1 -1 -1 -1 -1 -1 -1 -1 -1 -1 -1 -1 -1 -1 -1 -1 -1 -1 -1
718 -1 -1 -1 -1 -1 -1 -1 -1 -1 -1 -1 -1 -1 -1 -1 -1 -1 -1 -1 -1
719 -1 -1 -1 -1 -1 -1 -1 -1 -1 -1 -1 -1 -1 -1 -1 -1 -1 -1 -1 -1
720 -1 -1 -1 -1 -1 -1 -1 -1 -1 -1 -1 -1 -1 -1 -1 -1 -1 -1 -1 -1
721 -1 -1 -1 -1 -1 -1 -1 -1 -1 -1 -1 -1 -1 -1 -1 -1 -1 -1 -1 -1
722 -1 -1 -1 -1 -1 -1 -1 -1 -1 -1 -1 -1 -1 -1 -1 -1 -1 -1 -1 -1
723 -1 -1 -1 -1 -1 -1 -1 -1 -1 -1 -1 -1 -1 -1 -1 -1 -1 -1 -1 -1
724 -1 -1 -1 -1 -1 -1 -1 -1 -1 -1 -1 -1 -1 -1 -1 -1 -1 -1 -1 -1
725 -1 -1 -1 -1 -1 -1 -1 -1 -1 -1 -1 -1 -1 -1 -1 -1 -1 -1 -1 -1
726 -1 -1 -1 -1 -1 -1 -1 -1 -1 -1 -1 -1 -1 -1 -1 -1 -1 -1 -1 -1
727 -1 -1 -1 -1 -1 -1 -1 -1 -1 -1 -1 -1 -1 -1 -1 -1 -1 -1 -1 -1
728 -1 -1 -1 -1 -1 -1 -1 -1 -1 -1 -1 -1 -1 -1 -1 -1 -1 -1 -1 -1
729 -1 -1 -1 -1 -1 -1 -1 -1 -1 -1 -1 -1 -1 -1 -1 -1 -1 -1 -1 -1
730 -1 -1 -1 -1 -1 -1 -1 -1 -1 -1 -1 -1 -1 -1 -1 -1 -1 -1 -1 -1
731 -1 -1 -1 -1 -1 -1 -1 -1 -1 -1 -1 -1 -1 -1 -1 -1 -1 -1 -1 -1
732 -1 -1 -1 -1 -1 -1 -1 -1 -1 -1 -1 -1 -1 -1 -1 -1 -1 -1 -1 -1
733 -1 -1 -1 -1 -1 -1 -1 -1 -1 -1 -1 -1 -1 -1 -1 -1 -1 -1 -1 -1
734 -1 -1 -1 -1 -1 -1 -1 -1 -1 -1 -1 -1 -1 -1 -1 -1 -1 -1 -1 -1
735 -1 -1 -1 -1 -1 -1 -1 -1 -1 -1 -1 -1 -1 -1 -1 -1 -1 -1 -1 -1
736 -1 -1 -1 -1 -1 -1 -1 -1 -1 -1 -1 -1 -1 -1 -1 -1 -1 -1 -1 -1
737 -1 -1 -1 -1 -1 -1 -1 -1 -1 -1 -1 -1 -1 -1 -1 -1 -1 -1 -1 -1
738 -1 -1 -1 -1 -1 -1 -1 -1 -1 -1 -1 -1 -1 -1 -1 -1 -1 -1 -1 -1
739 -1 -1 -1 -1 -1 -1 -1 -1 -1 -1 -1 -1 -1 -1 -1 -1 -1 -1 -1 -1
740 -1 -1 -1 -1 -1 -1 -1 -1 -1 -1 -1 -1 -1 -1 -1 -1 -1 -1 -1 -1
741 -1 -1 -1 -1 -1 -1 -1 -1 -1 -1 -1 -1 -1 -1 -1 -1 -1 -1 -1 -1
742 -1 -1 -1 -1 -1 -1 -1 -1 -1 -1 -1 -1 -1 -1 -1 -1 -1 -1 -1 -1
743 -1 -1 -1 -1 -1 -1 -1 -1 -1 -1 -1 -1 -1 -1 -1 -1 -1 -1 -1 -1
744 -1 -1 -1 -1 -1 -1 -1 -1 -1 -1 -1 -1 -1 -1 -1 -1 -1 -1 -1 -1
745 -1 -1 -1 -1 -1 -1 -1 -1 -1 -1 -1 -1 -1 -1 -1 -1 -1 -1 -1 -1
746 -1 -1 -1 -1 -1 -1 -1 -1 -1 -1 -1 -1 -1 -1 -1 -1 -1 -1 -1 -1
747 -1 -1 -1 -1 -1 -1 -1 -1 -1 -1 -1 -1 -1 -1 -1 -1 -1 -1 -1 -1
748 -1 -1 -1 -1 -1 -1 -1 -1 -1 -1 -1 -1 -1 -1 -1 -1 -1 -1 -1 -1
749 -1 -1 -1 -1 -1 -1 -1 -1 -1 -1 -1 -1 -1 -1 -1 -1 -1 -1 -1 -1
750 -1 -1 -1 -1 -1 -1 -1 -1 -1 -1 -1 -1 -1 -1 -1 -1 -1 -1 -1 -1
751 -1 -1 -1 -1 -1 -1 -1 -1 -1 -1 -1 -1 -1 -1 -1 -1 -1 -1 -1 -1
752 -1 -1 -1 -1 -1 -1 -1 -1 -1 -1 -1 -1 -1 -1 -1 -1 -1 -1 -1 -1
753 -1 -1 -1 -1 -1 -1 -1 -1 -1 -1 -1 -1 -1 -1 -1 -1 -1 -1 -1 -1
754 -1 -1 -1 -1 -1 -1 -1 -1 -1 -1 -1 -1 -1 -1 -1 -1 -1 -1 -1 -1
755 -1 -1 -1 -1 -1 -1 -1 -1 -1 -1 -1 -1 -1 -1 -1 -1 -1 -1 -1 -1
756 -1 -1 -1 -1 -1 -1 -1 -1 -1 -1 -1 -1 -1 -1 -1 -1 -1 -1 -1 -1
757 -1 -1 -1 -1 -1 -1 -1 -1 -1 -1 -1 -1 -1 -1 -1 -1 -1 -1 -1 -1
758 -1 -1 -1 -1 -1 -1 -1 -1 -1 -1 -1 -1 -1 -1 -1 -1 -1 -1 -1 -1
759 -1 -1 -1 -1 -1 -1 -1 -1 -1 -1 -1 -1 -1 -1 -1 -1 -1 -1 -1 -1
760 -1 -1 -1 -1 -1 -1 -1 -1 -1 -1 -1 -1 -1 -1 -1 -1 -1 -1 -1 -1
761 -1 -1 -1 -1 -1 -1 -1 -1 -1 -1 -1 -1 -1 -1 -1 -1 -1 -1 -1 -1
762 -1 -1 -1 -1 -1 -1 -1 -1 -1 -1 -1 -1 -1 -1 -1 -1 -1 -1 -1 -1
763 -1 -1 -1 -1 -1 -1 -1 -1 -1 -1 -1 -1 -1 -1 -1 -1 -1 -1 -1 -1
764 -1 -1 -1 -1 -1 -1 -1 -1 -1 -1 -1 -1 -1 -1 -1 -1 -1 -1 -1 -1
765 -1 -1 -1 -1 -1 -1 -1 -1 -1 -1 -1 -1 -1 -1 -1 -1 -1 -1 -1 -1
