0
0
0 0.068013 0.350060 0.105837 0.437733 0.093678 0.462327 0.117996 0.413138 0.093678 0.462327 0.068936 0.496167 0.113607 0.564471 0.117996 0.413138 0.115462 0.365397 0.165797 0.348255
1 0.071990 0.345340 0.104685 0.421577 0.090334 0.446312 0.119035 0.396841 0.090334 0.446312 0.076700 0.493554 0.112059 0.560588 0.119035 0.396841 0.117033 0.351513 0.159583 0.343875
2 0.076223 0.342396 0.103254 0.404648 0.087524 0.426700 0.118984 0.382597 0.087524 0.426700 0.059887 0.473782 0.103927 0.544838 0.118984 0.382597 0.127371 0.342652 0.162603 0.314389
3 0.079873 0.330883 0.112218 0.398230 0.093549 0.418569 0.130886 0.377891 0.093549 0.418569 0.056801 0.463791 0.098783 0.535206 0.130886 0.377891 0.129360 0.354123 0.154204 0.356770
4 -1 -1 -1 -1 -1 -1 -1 -1 -1 -1 -1 -1 -1 -1 -1 -1 -1 -1 -1 -1
5 0.662378 0.408616 0.660699 0.542127 0.671040 0.546071 0.650357 0.538183 0.671040 0.546071 0.652499 0.651182 0.636550 0.778754 0.650357 0.538183 0.630570 0.651483 0.623479 0.767314
6 0.667509 0.419028 0.659012 0.576864 0.675708 0.576523 0.642315 0.577204 0.675708 0.576523 0.662225 0.676350 0.644543 0.778521 0.642315 0.577204 0.628234 0.676118 0.626612 0.771708
7 0.666953 0.423659 0.659618 0.577136 0.677805 0.575313 0.641430 0.578959 0.677805 0.575313 0.667133 0.682249 0.654248 0.778859 0.641430 0.578959 0.628240 0.674726 0.630745 0.773863
8 0.666381 0.425954 0.660038 0.571249 0.679194 0.570299 0.640881 0.572199 0.679194 0.570299 0.677346 0.677681 0.666099 0.772560 0.640881 0.572199 0.627653 0.672666 0.631984 0.771517
9 0.665305 0.425994 0.659985 0.568835 0.679492 0.568264 0.640478 0.569406 0.679492 0.568264 0.672802 0.677426 0.663184 0.772807 0.640478 0.569406 0.629309 0.670778 0.631715 0.771578
10 0.664623 0.426443 0.659797 0.567381 0.679464 0.566883 0.640131 0.567879 0.679464 0.566883 0.671903 0.675981 0.655054 0.769219 0.640131 0.567879 0.631927 0.670489 0.634803 0.770781
11 -1 -1 -1 -1 -1 -1 -1 -1 -1 -1 -1 -1 -1 -1 -1 -1 -1 -1 -1 -1
12 -1 -1 -1 -1 -1 -1 -1 -1 -1 -1 -1 -1 -1 -1 -1 -1 -1 -1 -1 -1
13 -1 -1 -1 -1 -1 -1 -1 -1 -1 -1 -1 -1 -1 -1 -1 -1 -1 -1 -1 -1
14 -1 -1 -1 -1 -1 -1 -1 -1 -1 -1 -1 -1 -1 -1 -1 -1 -1 -1 -1 -1
15 -1 -1 -1 -1 -1 -1 -1 -1 -1 -1 -1 -1 -1 -1 -1 -1 -1 -1 -1 -1
16 -1 -1 -1 -1 -1 -1 -1 -1 -1 -1 -1 -1 -1 -1 -1 -1 -1 -1 -1 -1
17 -1 -1 -1 -1 -1 -1 -1 -1 -1 -1 -1 -1 -1 -1 -1 -1 -1 -1 -1 -1
18 -1 -1 -1 -1 -1 -1 -1 -1 -1 -1 -1 -1 -1 -1 -1 -1 -1 -1 -1 -1
19 -1 -1 -1 -1 -1 -1 -1 -1 -1 -1 -1 -1 -1 -1 -1 -1 -1 -1 -1 -1
20 -1 -1 -1 -1 -1 -1 -1 -1 -1 -1 -1 -1 -1 -1 -1 -1 -1 -1 -1 -1
21 -1 -1 -1 -1 -1 -1 -1 -1 -1 -1 -1 -1 -1 -1 -1 -1 -1 -1 -1 -1
22 -1 -1 -1 -1 -1 -1 -1 -1 -1 -1 -1 -1 -1 -1 -1 -1 -1 -1 -1 -1
23 -1 -1 -1 -1 -1 -1 -1 -1 -1 -1 -1 -1 -1 -1 -1 -1 -1 -1 -1 -1
24 -1 -1 -1 -1 -1 -1 -1 -1 -1 -1 -1 -1 -1 -1 -1 -1 -1 -1 -1 -1
25 -1 -1 -1 -1 -1 -1 -1 -1 -1 -1 -1 -1 -1 -1 -1 -1 -1 -1 -1 -1
26 -1 -1 -1 -1 -1 -1 -1 -1 -1 -1 -1 -1 -1 -1 -1 -1 -1 -1 -1 -1
27 -1 -1 -1 -1 -1 -1 -1 -1 -1 -1 -1 -1 -1 -1 -1 -1 -1 -1 -1 -1
28 -1 -1 -1 -1 -1 -1 -1 -1 -1 -1 -1 -1 -1 -1 -1 -1 -1 -1 -1 -1
29 -1 -1 -1 -1 -1 -1 -1 -1 -1 -1 -1 -1 -1 -1 -1 -1 -1 -1 -1 -1
30 -1 -1 -1 -1 -1 -1 -1 -1 -1 -1 -1 -1 -1 -1 -1 -1 -1 -1 -1 -1
31 -1 -1 -1 -1 -1 -1 -1 -1 -1 -1 -1 -1 -1 -1 -1 -1 -1 -1 -1 -1
32 -1 -1 -1 -1 -1 -1 -1 -1 -1 -1 -1 -1 -1 -1 -1 -1 -1 -1 -1 -1
33 -1 -1 -1 -1 -1 -1 -1 -1 -1 -1 -1 -1 -1 -1 -1 -1 -1 -1 -1 -1
34 -1 -1 -1 -1 -1 -1 -1 -1 -1 -1 -1 -1 -1 -1 -1 -1 -1 -1 -1 -1
35 -1 -1 -1 -1 -1 -1 -1 -1 -1 -1 -1 -1 -1 -1 -1 -1 -1 -1 -1 -1
36 -1 -1 -1 -1 -1 -1 -1 -1 -1 -1 -1 -1 -1 -1 -1 -1 -1 -1 -1 -1
37 -1 -1 -1 -1 -1 -1 -1 -1 -1 -1 -1 -1 -1 -1 -1 -1 -1 -1 -1 -1
38 -1 -1 -1 -1 -1 -1 -1 -1 -1 -1 -1 -1 -1 -1 -1 -1 -1 -1 -1 -1
39 -1 -1 -1 -1 -1 -1 -1 -1 -1 -1 -1 -1 -1 -1 -1 -1 -1 -1 -1 -1
40 -1 -1 -1 -1 -1 -1 -1 -1 -1 -1 -1 -1 -1 -1 -1 -1 -1 -1 -1 -1
41 -1 -1 -1 -1 -1 -1 -1 -1 -1 -1 -1 -1 -1 -1 -1 -1 -1 -1 -1 -1
42 -1 -1 -1 -1 -1 -1 -1 -1 -1 -1 -1 -1 -1 -1 -1 -1 -1 -1 -1 -1
43 -1 -1 -1 -1 -1 -1 -1 -1 -1 -1 -1 -1 -1 -1 -1 -1 -1 -1 -1 -1
44 -1 -1 -1 -1 -1 -1 -1 -1 -1 -1 -1 -1 -1 -1 -1 -1 -1 -1 -1 -1
45 -1 -1 -1 -1 -1 -1 -1 -1 -1 -1 -1 -1 -1 -1 -1 -1 -1 -1 -1 -1
46 -1 -1 -1 -1 -1 -1 -1 -1 -1 -1 -1 -1 -1 -1 -1 -1 -1 -1 -1 -1
47 -1 -1 -1 -1 -1 -1 -1 -1 -1 -1 -1 -1 -1 -1 -1 -1 -1 -1 -1 -1
48 -1 -1 -1 -1 -1 -1 -1 -1 -1 -1 -1 -1 -1 -1 -1 -1 -1 -1 -1 -1
49 -1 -1 -1 -1 -1 -1 -1 -1 -1 -1 -1 -1 -1 -1 -1 -1 -1 -1 -1 -1
50 -1 -1 -1 -1 -1 -1 -1 -1 -1 -1 -1 -1 -1 -1 -1 -1 -1 -1 -1 -1
51 -1 -1 -1 -1 -1 -1 -1 -1 -1 -1 -1 -1 -1 -1 -1 -1 -1 -1 -1 -1
52 -1 -1 -1 -1 -1 -1 -1 -1 -1 -1 -1 -1 -1 -1 -1 -1 -1 -1 -1 -1
53 -1 -1 -1 -1 -1 -1 -1 -1 -1 -1 -1 -1 -1 -1 -1 -1 -1 -1 -1 -1
54 -1 -1 -1 -1 -1 -1 -1 -1 -1 -1 -1 -1 -1 -1 -1 -1 -1 -1 -1 -1
55 -1 -1 -1 -1 -1 -1 -1 -1 -1 -1 -1 -1 -1 -1 -1 -1 -1 -1 -1 -1
56 -1 -1 -1 -1 -1 -1 -1 -1 -1 -1 -1 -1 -1 -1 -1 -1 -1 -1 -1 -1
57 -1 -1 -1 -1 -1 -1 -1 -1 -1 -1 -1 -1 -1 -1 -1 -1 -1 -1 -1 -1
58 -1 -1 -1 -1 -1 -1 -1 -1 -1 -1 -1 -1 -1 -1 -1 -1 -1 -1 -1 -1
59 -1 -1 -1 -1 -1 -1 -1 -1 -1 -1 -1 -1 -1 -1 -1 -1 -1 -1 -1 -1
60 -1 -1 -1 -1 -1 -1 -1 -1 -1 -1 -1 -1 -1 -1 -1 -1 -1 -1 -1 -1
61 -1 -1 -1 -1 -1 -1 -1 -1 -1 -1 -1 -1 -1 -1 -1 -1 -1 -1 -1 -1
62 -1 -1 -1 -1 -1 -1 -1 -1 -1 -1 -1 -1 -1 -1 -1 -1 -1 -1 -1 -1
63 -1 -1 -1 -1 -1 -1 -1 -1 -1 -1 -1 -1 -1 -1 -1 -1 -1 -1 -1 -1
64 -1 -1 -1 -1 -1 -1 -1 -1 -1 -1 -1 -1 -1 -1 -1 -1 -1 -1 -1 -1
65 -1 -1 -1 -1 -1 -1 -1 -1 -1 -1 -1 -1 -1 -1 -1 -1 -1 -1 -1 -1
66 -1 -1 -1 -1 -1 -1 -1 -1 -1 -1 -1 -1 -1 -1 -1 -1 -1 -1 -1 -1
67 -1 -1 -1 -1 -1 -1 -1 -1 -1 -1 -1 -1 -1 -1 -1 -1 -1 -1 -1 -1
68 -1 -1 -1 -1 -1 -1 -1 -1 -1 -1 -1 -1 -1 -1 -1 -1 -1 -1 -1 -1
69 -1 -1 -1 -1 -1 -1 -1 -1 -1 -1 -1 -1 -1 -1 -1 -1 -1 -1 -1 -1
70 -1 -1 -1 -1 -1 -1 -1 -1 -1 -1 -1 -1 -1 -1 -1 -1 -1 -1 -1 -1
71 -1 -1 -1 -1 -1 -1 -1 -1 -1 -1 -1 -1 -1 -1 -1 -1 -1 -1 -1 -1
72 -1 -1 -1 -1 -1 -1 -1 -1 -1 -1 -1 -1 -1 -1 -1 -1 -1 -1 -1 -1
73 -1 -1 -1 -1 -1 -1 -1 -1 -1 -1 -1 -1 -1 -1 -1 -1 -1 -1 -1 -1
74 -1 -1 -1 -1 -1 -1 -1 -1 -1 -1 -1 -1 -1 -1 -1 -1 -1 -1 -1 -1
75 -1 -1 -1 -1 -1 -1 -1 -1 -1 -1 -1 -1 -1 -1 -1 -1 -1 -1 -1 -1
76 -1 -1 -1 -1 -1 -1 -1 -1 -1 -1 -1 -1 -1 -1 -1 -1 -1 -1 -1 -1
77 -1 -1 -1 -1 -1 -1 -1 -1 -1 -1 -1 -1 -1 -1 -1 -1 -1 -1 -1 -1
78 -1 -1 -1 -1 -1 -1 -1 -1 -1 -1 -1 -1 -1 -1 -1 -1 -1 -1 -1 -1
79 -1 -1 -1 -1 -1 -1 -1 -1 -1 -1 -1 -1 -1 -1 -1 -1 -1 -1 -1 -1
80 -1 -1 -1 -1 -1 -1 -1 -1 -1 -1 -1 -1 -1 -1 -1 -1 -1 -1 -1 -1
81 -1 -1 -1 -1 -1 -1 -1 -1 -1 -1 -1 -1 -1 -1 -1 -1 -1 -1 -1 -1
82 -1 -1 -1 -1 -1 -1 -1 -1 -1 -1 -1 -1 -1 -1 -1 -1 -1 -1 -1 -1
83 -1 -1 -1 -1 -1 -1 -1 -1 -1 -1 -1 -1 -1 -1 -1 -1 -1 -1 -1 -1
84 -1 -1 -1 -1 -1 -1 -1 -1 -1 -1 -1 -1 -1 -1 -1 -1 -1 -1 -1 -1
85 -1 -1 -1 -1 -1 -1 -1 -1 -1 -1 -1 -1 -1 -1 -1 -1 -1 -1 -1 -1
86 -1 -1 -1 -1 -1 -1 -1 -1 -1 -1 -1 -1 -1 -1 -1 -1 -1 -1 -1 -1
87 -1 -1 -1 -1 -1 -1 -1 -1 -1 -1 -1 -1 -1 -1 -1 -1 -1 -1 -1 -1
88 -1 -1 -1 -1 -1 -1 -1 -1 -1 -1 -1 -1 -1 -1 -1 -1 -1 -1 -1 -1
89 -1 -1 -1 -1 -1 -1 -1 -1 -1 -1 -1 -1 -1 -1 -1 -1 -1 -1 -1 -1
90 -1 -1 -1 -1 -1 -1 -1 -1 -1 -1 -1 -1 -1 -1 -1 -1 -1 -1 -1 -1
91 -1 -1 -1 -1 -1 -1 -1 -1 -1 -1 -1 -1 -1 -1 -1 -1 -1 -1 -1 -1
92 -1 -1 -1 -1 -1 -1 -1 -1 -1 -1 -1 -1 -1 -1 -1 -1 -1 -1 -1 -1
93 -1 -1 -1 -1 -1 -1 -1 -1 -1 -1 -1 -1 -1 -1 -1 -1 -1 -1 -1 -1
94 -1 -1 -1 -1 -1 -1 -1 -1 -1 -1 -1 -1 -1 -1 -1 -1 -1 -1 -1 -1
95 -1 -1 -1 -1 -1 -1 -1 -1 -1 -1 -1 -1 -1 -1 -1 -1 -1 -1 -1 -1
96 -1 -1 -1 -1 -1 -1 -1 -1 -1 -1 -1 -1 -1 -1 -1 -1 -1 -1 -1 -1
97 -1 -1 -1 -1 -1 -1 -1 -1 -1 -1 -1 -1 -1 -1 -1 -1 -1 -1 -1 -1
98 -1 -1 -1 -1 -1 -1 -1 -1 -1 -1 -1 -1 -1 -1 -1 -1 -1 -1 -1 -1
99 -1 -1 -1 -1 -1 -1 -1 -1 -1 -1 -1 -1 -1 -1 -1 -1 -1 -1 -1 -1
100 -1 -1 -1 -1 -1 -1 -1 -1 -1 -1 -1 -1 -1 -1 -1 -1 -1 -1 -1 -1
101 -1 -1 -1 -1 -1 -1 -1 -1 -1 -1 -1 -1 -1 -1 -1 -1 -1 -1 -1 -1
102 -1 -1 -1 -1 -1 -1 -1 -1 -1 -1 -1 -1 -1 -1 -1 -1 -1 -1 -1 -1
103 -1 -1 -1 -1 -1 -1 -1 -1 -1 -1 -1 -1 -1 -1 -1 -1 -1 -1 -1 -1
104 -1 -1 -1 -1 -1 -1 -1 -1 -1 -1 -1 -1 -1 -1 -1 -1 -1 -1 -1 -1
105 -1 -1 -1 -1 -1 -1 -1 -1 -1 -1 -1 -1 -1 -1 -1 -1 -1 -1 -1 -1
106 -1 -1 -1 -1 -1 -1 -1 -1 -1 -1 -1 -1 -1 -1 -1 -1 -1 -1 -1 -1
107 -1 -1 -1 -1 -1 -1 -1 -1 -1 -1 -1 -1 -1 -1 -1 -1 -1 -1 -1 -1
108 -1 -1 -1 -1 -1 -1 -1 -1 -1 -1 -1 -1 -1 -1 -1 -1 -1 -1 -1 -1
109 -1 -1 -1 -1 -1 -1 -1 -1 -1 -1 -1 -1 -1 -1 -1 -1 -1 -1 -1 -1
110 -1 -1 -1 -1 -1 -1 -1 -1 -1 -1 -1 -1 -1 -1 -1 -1 -1 -1 -1 -1
111 -1 -1 -1 -1 -1 -1 -1 -1 -1 -1 -1 -1 -1 -1 -1 -1 -1 -1 -1 -1
112 -1 -1 -1 -1 -1 -1 -1 -1 -1 -1 -1 -1 -1 -1 -1 -1 -1 -1 -1 -1
113 -1 -1 -1 -1 -1 -1 -1 -1 -1 -1 -1 -1 -1 -1 -1 -1 -1 -1 -1 -1
114 -1 -1 -1 -1 -1 -1 -1 -1 -1 -1 -1 -1 -1 -1 -1 -1 -1 -1 -1 -1
115 -1 -1 -1 -1 -1 -1 -1 -1 -1 -1 -1 -1 -1 -1 -1 -1 -1 -1 -1 -1
116 -1 -1 -1 -1 -1 -1 -1 -1 -1 -1 -1 -1 -1 -1 -1 -1 -1 -1 -1 -1
117 -1 -1 -1 -1 -1 -1 -1 -1 -1 -1 -1 -1 -1 -1 -1 -1 -1 -1 -1 -1
118 -1 -1 -1 -1 -1 -1 -1 -1 -1 -1 -1 -1 -1 -1 -1 -1 -1 -1 -1 -1
119 -1 -1 -1 -1 -1 -1 -1 -1 -1 -1 -1 -1 -1 -1 -1 -1 -1 -1 -1 -1
120 -1 -1 -1 -1 -1 -1 -1 -1 -1 -1 -1 -1 -1 -1 -1 -1 -1 -1 -1 -1
121 -1 -1 -1 -1 -1 -1 -1 -1 -1 -1 -1 -1 -1 -1 -1 -1 -1 -1 -1 -1
122 -1 -1 -1 -1 -1 -1 -1 -1 -1 -1 -1 -1 -1 -1 -1 -1 -1 -1 -1 -1
123 -1 -1 -1 -1 -1 -1 -1 -1 -1 -1 -1 -1 -1 -1 -1 -1 -1 -1 -1 -1
124 -1 -1 -1 -1 -1 -1 -1 -1 -1 -1 -1 -1 -1 -1 -1 -1 -1 -1 -1 -1
125 -1 -1 -1 -1 -1 -1 -1 -1 -1 -1 -1 -1 -1 -1 -1 -1 -1 -1 -1 -1
126 -1 -1 -1 -1 -1 -1 -1 -1 -1 -1 -1 -1 -1 -1 -1 -1 -1 -1 -1 -1
127 -1 -1 -1 -1 -1 -1 -1 -1 -1 -1 -1 -1 -1 -1 -1 -1 -1 -1 -1 -1
128 -1 -1 -1 -1 -1 -1 -1 -1 -1 -1 -1 -1 -1 -1 -1 -1 -1 -1 -1 -1
129 -1 -1 -1 -1 -1 -1 -1 -1 -1 -1 -1 -1 -1 -1 -1 -1 -1 -1 -1 -1
130 -1 -1 -1 -1 -1 -1 -1 -1 -1 -1 -1 -1 -1 -1 -1 -1 -1 -1 -1 -1
131 -1 -1 -1 -1 -1 -1 -1 -1 -1 -1 -1 -1 -1 -1 -1 -1 -1 -1 -1 -1
132 -1 -1 -1 -1 -1 -1 -1 -1 -1 -1 -1 -1 -1 -1 -1 -1 -1 -1 -1 -1
133 -1 -1 -1 -1 -1 -1 -1 -1 -1 -1 -1 -1 -1 -1 -1 -1 -1 -1 -1 -1
134 -1 -1 -1 -1 -1 -1 -1 -1 -1 -1 -1 -1 -1 -1 -1 -1 -1 -1 -1 -1
135 -1 -1 -1 -1 -1 -1 -1 -1 -1 -1 -1 -1 -1 -1 -1 -1 -1 -1 -1 -1
136 -1 -1 -1 -1 -1 -1 -1 -1 -1 -1 -1 -1 -1 -1 -1 -1 -1 -1 -1 -1
137 -1 -1 -1 -1 -1 -1 -1 -1 -1 -1 -1 -1 -1 -1 -1 -1 -1 -1 -1 -1
138 -1 -1 -1 -1 -1 -1 -1 -1 -1 -1 -1 -1 -1 -1 -1 -1 -1 -1 -1 -1
139 -1 -1 -1 -1 -1 -1 -1 -1 -1 -1 -1 -1 -1 -1 -1 -1 -1 -1 -1 -1
140 -1 -1 -1 -1 -1 -1 -1 -1 -1 -1 -1 -1 -1 -1 -1 -1 -1 -1 -1 -1
141 -1 -1 -1 -1 -1 -1 -1 -1 -1 -1 -1 -1 -1 -1 -1 -1 -1 -1 -1 -1
142 -1 -1 -1 -1 -1 -1 -1 -1 -1 -1 -1 -1 -1 -1 -1 -1 -1 -1 -1 -1
143 -1 -1 -1 -1 -1 -1 -1 -1 -1 -1 -1 -1 -1 -1 -1 -1 -1 -1 -1 -1
144 -1 -1 -1 -1 -1 -1 -1 -1 -1 -1 -1 -1 -1 -1 -1 -1 -1 -1 -1 -1
145 -1 -1 -1 -1 -1 -1 -1 -1 -1 -1 -1 -1 -1 -1 -1 -1 -1 -1 -1 -1
146 -1 -1 -1 -1 -1 -1 -1 -1 -1 -1 -1 -1 -1 -1 -1 -1 -1 -1 -1 -1
147 -1 -1 -1 -1 -1 -1 -1 -1 -1 -1 -1 -1 -1 -1 -1 -1 -1 -1 -1 -1
148 -1 -1 -1 -1 -1 -1 -1 -1 -1 -1 -1 -1 -1 -1 -1 -1 -1 -1 -1 -1
149 -1 -1 -1 -1 -1 -1 -1 -1 -1 -1 -1 -1 -1 -1 -1 -1 -1 -1 -1 -1
150 -1 -1 -1 -1 -1 -1 -1 -1 -1 -1 -1 -1 -1 -1 -1 -1 -1 -1 -1 -1
151 -1 -1 -1 -1 -1 -1 -1 -1 -1 -1 -1 -1 -1 -1 -1 -1 -1 -1 -1 -1
152 -1 -1 -1 -1 -1 -1 -1 -1 -1 -1 -1 -1 -1 -1 -1 -1 -1 -1 -1 -1
153 -1 -1 -1 -1 -1 -1 -1 -1 -1 -1 -1 -1 -1 -1 -1 -1 -1 -1 -1 -1
154 -1 -1 -1 -1 -1 -1 -1 -1 -1 -1 -1 -1 -1 -1 -1 -1 -1 -1 -1 -1
155 -1 -1 -1 -1 -1 -1 -1 -1 -1 -1 -1 -1 -1 -1 -1 -1 -1 -1 -1 -1
156 -1 -1 -1 -1 -1 -1 -1 -1 -1 -1 -1 -1 -1 -1 -1 -1 -1 -1 -1 -1
157 -1 -1 -1 -1 -1 -1 -1 -1 -1 -1 -1 -1 -1 -1 -1 -1 -1 -1 -1 -1
158 -1 -1 -1 -1 -1 -1 -1 -1 -1 -1 -1 -1 -1 -1 -1 -1 -1 -1 -1 -1
159 -1 -1 -1 -1 -1 -1 -1 -1 -1 -1 -1 -1 -1 -1 -1 -1 -1 -1 -1 -1
160 -1 -1 -1 -1 -1 -1 -1 -1 -1 -1 -1 -1 -1 -1 -1 -1 -1 -1 -1 -1
161 -1 -1 -1 -1 -1 -1 -1 -1 -1 -1 -1 -1 -1 -1 -1 -1 -1 -1 -1 -1
162 -1 -1 -1 -1 -1 -1 -1 -1 -1 -1 -1 -1 -1 -1 -1 -1 -1 -1 -1 -1
163 -1 -1 -1 -1 -1 -1 -1 -1 -1 -1 -1 -1 -1 -1 -1 -1 -1 -1 -1 -1
164 -1 -1 -1 -1 -1 -1 -1 -1 -1 -1 -1 -1 -1 -1 -1 -1 -1 -1 -1 -1
165 -1 -1 -1 -1 -1 -1 -1 -1 -1 -1 -1 -1 -1 -1 -1 -1 -1 -1 -1 -1
166 -1 -1 -1 -1 -1 -1 -1 -1 -1 -1 -1 -1 -1 -1 -1 -1 -1 -1 -1 -1
167 -1 -1 -1 -1 -1 -1 -1 -1 -1 -1 -1 -1 -1 -1 -1 -1 -1 -1 -1 -1
168 -1 -1 -1 -1 -1 -1 -1 -1 -1 -1 -1 -1 -1 -1 -1 -1 -1 -1 -1 -1
169 -1 -1 -1 -1 -1 -1 -1 -1 -1 -1 -1 -1 -1 -1 -1 -1 -1 -1 -1 -1
170 -1 -1 -1 -1 -1 -1 -1 -1 -1 -1 -1 -1 -1 -1 -1 -1 -1 -1 -1 -1
171 -1 -1 -1 -1 -1 -1 -1 -1 -1 -1 -1 -1 -1 -1 -1 -1 -1 -1 -1 -1
172 -1 -1 -1 -1 -1 -1 -1 -1 -1 -1 -1 -1 -1 -1 -1 -1 -1 -1 -1 -1
173 -1 -1 -1 -1 -1 -1 -1 -1 -1 -1 -1 -1 -1 -1 -1 -1 -1 -1 -1 -1
174 -1 -1 -1 -1 -1 -1 -1 -1 -1 -1 -1 -1 -1 -1 -1 -1 -1 -1 -1 -1
175 -1 -1 -1 -1 -1 -1 -1 -1 -1 -1 -1 -1 -1 -1 -1 -1 -1 -1 -1 -1
176 -1 -1 -1 -1 -1 -1 -1 -1 -1 -1 -1 -1 -1 -1 -1 -1 -1 -1 -1 -1
177 -1 -1 -1 -1 -1 -1 -1 -1 -1 -1 -1 -1 -1 -1 -1 -1 -1 -1 -1 -1
178 -1 -1 -1 -1 -1 -1 -1 -1 -1 -1 -1 -1 -1 -1 -1 -1 -1 -1 -1 -1
179 -1 -1 -1 -1 -1 -1 -1 -1 -1 -1 -1 -1 -1 -1 -1 -1 -1 -1 -1 -1
180 -1 -1 -1 -1 -1 -1 -1 -1 -1 -1 -1 -1 -1 -1 -1 -1 -1 -1 -1 -1
181 -1 -1 -1 -1 -1 -1 -1 -1 -1 -1 -1 -1 -1 -1 -1 -1 -1 -1 -1 -1
182 -1 -1 -1 -1 -1 -1 -1 -1 -1 -1 -1 -1 -1 -1 -1 -1 -1 -1 -1 -1
183 -1 -1 -1 -1 -1 -1 -1 -1 -1 -1 -1 -1 -1 -1 -1 -1 -1 -1 -1 -1
184 -1 -1 -1 -1 -1 -1 -1 -1 -1 -1 -1 -1 -1 -1 -1 -1 -1 -1 -1 -1
185 -1 -1 -1 -1 -1 -1 -1 -1 -1 -1 -1 -1 -1 -1 -1 -1 -1 -1 -1 -1
186 -1 -1 -1 -1 -1 -1 -1 -1 -1 -1 -1 -1 -1 -1 -1 -1 -1 -1 -1 -1
187 -1 -1 -1 -1 -1 -1 -1 -1 -1 -1 -1 -1 -1 -1 -1 -1 -1 -1 -1 -1
188 -1 -1 -1 -1 -1 -1 -1 -1 -1 -1 -1 -1 -1 -1 -1 -1 -1 -1 -1 -1
189 -1 -1 -1 -1 -1 -1 -1 -1 -1 -1 -1 -1 -1 -1 -1 -1 -1 -1 -1 -1
190 -1 -1 -1 -1 -1 -1 -1 -1 -1 -1 -1 -1 -1 -1 -1 -1 -1 -1 -1 -1
191 -1 -1 -1 -1 -1 -1 -1 -1 -1 -1 -1 -1 -1 -1 -1 -1 -1 -1 -1 -1
192 -1 -1 -1 -1 -1 -1 -1 -1 -1 -1 -1 -1 -1 -1 -1 -1 -1 -1 -1 -1
193 -1 -1 -1 -1 -1 -1 -1 -1 -1 -1 -1 -1 -1 -1 -1 -1 -1 -1 -1 -1
194 -1 -1 -1 -1 -1 -1 -1 -1 -1 -1 -1 -1 -1 -1 -1 -1 -1 -1 -1 -1
195 -1 -1 -1 -1 -1 -1 -1 -1 -1 -1 -1 -1 -1 -1 -1 -1 -1 -1 -1 -1
196 -1 -1 -1 -1 -1 -1 -1 -1 -1 -1 -1 -1 -1 -1 -1 -1 -1 -1 -1 -1
197 -1 -1 -1 -1 -1 -1 -1 -1 -1 -1 -1 -1 -1 -1 -1 -1 -1 -1 -1 -1
198 -1 -1 -1 -1 -1 -1 -1 -1 -1 -1 -1 -1 -1 -1 -1 -1 -1 -1 -1 -1
199 -1 -1 -1 -1 -1 -1 -1 -1 -1 -1 -1 -1 -1 -1 -1 -1 -1 -1 -1 -1
200 -1 -1 -1 -1 -1 -1 -1 -1 -1 -1 -1 -1 -1 -1 -1 -1 -1 -1 -1 -1
201 -1 -1 -1 -1 -1 -1 -1 -1 -1 -1 -1 -1 -1 -1 -1 -1 -1 -1 -1 -1
202 -1 -1 -1 -1 -1 -1 -1 -1 -1 -1 -1 -1 -1 -1 -1 -1 -1 -1 -1 -1
203 -1 -1 -1 -1 -1 -1 -1 -1 -1 -1 -1 -1 -1 -1 -1 -1 -1 -1 -1 -1
204 -1 -1 -1 -1 -1 -1 -1 -1 -1 -1 -1 -1 -1 -1 -1 -1 -1 -1 -1 -1
205 -1 -1 -1 -1 -1 -1 -1 -1 -1 -1 -1 -1 -1 -1 -1 -1 -1 -1 -1 -1
206 -1 -1 -1 -1 -1 -1 -1 -1 -1 -1 -1 -1 -1 -1 -1 -1 -1 -1 -1 -1
207 -1 -1 -1 -1 -1 -1 -1 -1 -1 -1 -1 -1 -1 -1 -1 -1 -1 -1 -1 -1
208 -1 -1 -1 -1 -1 -1 -1 -1 -1 -1 -1 -1 -1 -1 -1 -1 -1 -1 -1 -1
209 -1 -1 -1 -1 -1 -1 -1 -1 -1 -1 -1 -1 -1 -1 -1 -1 -1 -1 -1 -1
210 -1 -1 -1 -1 -1 -1 -1 -1 -1 -1 -1 -1 -1 -1 -1 -1 -1 -1 -1 -1
211 -1 -1 -1 -1 -1 -1 -1 -1 -1 -1 -1 -1 -1 -1 -1 -1 -1 -1 -1 -1
212 0.534411 0.297323 0.539227 0.478191 0.524747 0.482526 0.553707 0.473855 0.524747 0.482526 0.532864 0.603784 0.579088 0.709456 0.553707 0.473855 0.541690 0.596465 0.540591 0.713719
213 0.530868 0.296365 0.537782 0.473327 0.521068 0.478096 0.554496 0.468558 0.521068 0.478096 0.521089 0.593558 0.532111 0.705943 0.554496 0.468558 0.545826 0.583432 0.571368 0.714480
214 0.525392 0.294186 0.533041 0.470525 0.518083 0.474369 0.547998 0.466680 0.518083 0.474369 0.514802 0.584086 0.532282 0.704886 0.547998 0.466680 0.541995 0.579202 0.555463 0.686146
215 0.517878 0.288838 0.522131 0.462700 0.510378 0.467862 0.533883 0.457539 0.510378 0.467862 0.514049 0.575467 0.533079 0.700014 0.533883 0.457539 0.526340 0.558636 0.543021 0.676246
216 0.511672 0.289680 0.515957 0.467970 0.499928 0.474224 0.531986 0.461715 0.499928 0.474224 0.510611 0.584232 0.529961 0.706708 0.531986 0.461715 0.522883 0.551903 0.537480 0.646366
217 0.506533 0.289338 0.510551 0.467202 0.494460 0.474022 0.526641 0.460381 0.494460 0.474022 0.509553 0.586837 0.526468 0.708512 0.526641 0.460381 0.511297 0.539241 0.519284 0.629341
218 -1 -1 -1 -1 -1 -1 -1 -1 -1 -1 -1 -1 -1 -1 -1 -1 -1 -1 -1 -1
219 -1 -1 -1 -1 -1 -1 -1 -1 -1 -1 -1 -1 -1 -1 -1 -1 -1 -1 -1 -1
220 -1 -1 -1 -1 -1 -1 -1 -1 -1 -1 -1 -1 -1 -1 -1 -1 -1 -1 -1 -1
221 -1 -1 -1 -1 -1 -1 -1 -1 -1 -1 -1 -1 -1 -1 -1 -1 -1 -1 -1 -1
222 -1 -1 -1 -1 -1 -1 -1 -1 -1 -1 -1 -1 -1 -1 -1 -1 -1 -1 -1 -1
223 -1 -1 -1 -1 -1 -1 -1 -1 -1 -1 -1 -1 -1 -1 -1 -1 -1 -1 -1 -1
224 0.473364 0.261902 0.481060 0.422537 0.467666 0.426247 0.494453 0.418827 0.467666 0.426247 0.471846 0.526762 0.493824 0.633524 0.494453 0.418827 0.475581 0.513702 0.478866 0.606091
225 0.468304 0.256338 0.475927 0.414173 0.462588 0.417024 0.489265 0.411322 0.462588 0.417024 0.464730 0.515062 0.483842 0.613170 0.489265 0.411322 0.477924 0.511318 0.480071 0.604132
226 0.465065 0.250792 0.472288 0.408075 0.455927 0.411340 0.488649 0.404810 0.455927 0.411340 0.455469 0.513183 0.476421 0.611298 0.488649 0.404810 0.480017 0.506965 0.482347 0.603023
227 0.461081 0.245664 0.467253 0.406166 0.449944 0.409260 0.484561 0.403073 0.449944 0.409260 0.447617 0.510610 0.470311 0.604808 0.484561 0.403073 0.478453 0.508913 0.479732 0.607669
228 0.457842 0.244389 0.463431 0.404237 0.446679 0.406529 0.480182 0.401945 0.446679 0.406529 0.443311 0.507132 0.462861 0.608473 0.480182 0.401945 0.477074 0.510683 0.476092 0.610646
229 0.453708 0.240517 0.461727 0.399276 0.445682 0.400100 0.477772 0.398452 0.445682 0.400100 0.437829 0.498551 0.446948 0.592812 0.477772 0.398452 0.475204 0.509543 0.474433 0.611970
230 0.449676 0.239916 0.458502 0.397123 0.442597 0.399170 0.474407 0.395077 0.442597 0.399170 0.433137 0.495755 0.440214 0.587351 0.474407 0.395077 0.472655 0.504928 0.472332 0.606313
231 0.445521 0.238737 0.455584 0.395195 0.441845 0.398975 0.469322 0.391415 0.441845 0.398975 0.433754 0.491623 0.434929 0.582051 0.469322 0.391415 0.467041 0.498244 0.470045 0.599327
232 0.440555 0.238586 0.451644 0.393221 0.438907 0.397670 0.464381 0.388773 0.438907 0.397670 0.437864 0.492384 0.443841 0.582581 0.464381 0.388773 0.456407 0.489359 0.466665 0.589900
233 0.434564 0.237392 0.445142 0.389138 0.435111 0.393781 0.455173 0.384495 0.435111 0.393781 0.434465 0.487637 0.438657 0.576080 0.455173 0.384495 0.450225 0.483925 0.468270 0.588260
234 0.428517 0.234517 0.438386 0.386349 0.430842 0.390920 0.445930 0.381778 0.430842 0.390920 0.432950 0.486752 0.442254 0.580005 0.445930 0.381778 0.440735 0.483052 0.444852 0.579759
235 0.424580 0.229080 0.429571 0.378259 0.422652 0.381519 0.436489 0.375000 0.422652 0.381519 0.429517 0.483723 0.444708 0.576717 0.436489 0.375000 0.430491 0.475954 0.434101 0.571054
236 0.419073 0.224594 0.422306 0.375223 0.415912 0.378096 0.428701 0.372351 0.415912 0.378096 0.422007 0.481618 0.439819 0.573215 0.428701 0.372351 0.425499 0.472496 0.439843 0.570906
237 0.414524 0.224177 0.417030 0.373599 0.410305 0.377096 0.423756 0.370103 0.410305 0.377096 0.416931 0.476523 0.437053 0.565569 0.423756 0.370103 0.422182 0.467460 0.436405 0.563820
238 0.409777 0.221979 0.413726 0.368919 0.403895 0.372802 0.423557 0.365036 0.403895 0.372802 0.409427 0.470834 0.424858 0.560317 0.423557 0.365036 0.420084 0.459994 0.442429 0.549282
239 0.405484 0.218774 0.411153 0.361765 0.399706 0.366561 0.422599 0.356969 0.399706 0.366561 0.403439 0.464517 0.420239 0.558993 0.422599 0.356969 0.417212 0.449616 0.443560 0.537148
240 0.401133 0.214558 0.408107 0.356012 0.396743 0.359896 0.419470 0.352128 0.396743 0.359896 0.398371 0.458393 0.419387 0.559061 0.419470 0.352128 0.408031 0.443686 0.438730 0.533777
241 0.398314 0.208108 0.399796 0.352363 0.393758 0.354464 0.405835 0.350263 0.393758 0.354464 0.397501 0.457491 0.418686 0.559676 0.405835 0.350263 0.398867 0.439410 0.421009 0.539626
242 0.391455 0.208847 0.395321 0.351440 0.385270 0.355094 0.405372 0.347786 0.385270 0.355094 0.392938 0.452637 0.415368 0.557158 0.405372 0.347786 0.394149 0.421816 0.416134 0.493696
243 0.386772 0.209174 0.390633 0.351777 0.380069 0.355638 0.401197 0.347915 0.380069 0.355638 0.390930 0.452101 0.414481 0.557700 0.401197 0.347915 0.387937 0.424027 0.401336 0.506293
244 0.382996 0.209334 0.386219 0.349588 0.376636 0.353015 0.395802 0.346162 0.376636 0.353015 0.386860 0.447089 0.412489 0.555891 0.395802 0.346162 0.384481 0.425836 0.393514 0.506487
245 0.378935 0.209092 0.382037 0.345488 0.374969 0.348285 0.389104 0.342691 0.374969 0.348285 0.384738 0.440954 0.412660 0.552401 0.389104 0.342691 0.377672 0.420358 0.384090 0.493357
246 0.375442 0.208046 0.379416 0.341883 0.370653 0.344507 0.388179 0.339259 0.370653 0.344507 0.381205 0.434736 0.413260 0.552728 0.388179 0.339259 0.375755 0.417217 0.381136 0.493522
247 0.371653 0.206517 0.375384 0.339540 0.368715 0.342167 0.382052 0.336914 0.368715 0.342167 0.378956 0.432527 0.412087 0.549198 0.382052 0.336914 0.370694 0.416680 0.379271 0.492707
248 0.366028 0.202325 0.371270 0.336202 0.363261 0.339042 0.379279 0.333362 0.363261 0.339042 0.375090 0.430583 0.408216 0.544996 0.379279 0.333362 0.367431 0.414821 0.377802 0.494894
249 0.363608 0.197794 0.367202 0.332045 0.364116 0.334245 0.370289 0.329845 0.364116 0.334245 0.369294 0.423979 0.399933 0.529147 0.370289 0.329845 0.360470 0.410089 0.376476 0.495019
250 0.357699 0.193844 0.363355 0.322263 0.360980 0.325332 0.365730 0.319195 0.360980 0.325332 0.361796 0.414062 0.387599 0.509730 0.365730 0.319195 0.358981 0.404904 0.374059 0.489297
251 0.351964 0.192902 0.361909 0.319532 0.354719 0.322395 0.369099 0.316668 0.354719 0.322395 0.355454 0.414175 0.381300 0.501953 0.369099 0.316668 0.361027 0.407082 0.374942 0.492503
252 0.347855 0.190762 0.360515 0.318855 0.353273 0.321905 0.367756 0.315806 0.353273 0.321905 0.347050 0.413307 0.375320 0.497159 0.367756 0.315806 0.362644 0.405600 0.376552 0.490041
253 0.341921 0.189259 0.353671 0.319186 0.348993 0.322624 0.358349 0.315748 0.348993 0.322624 0.344804 0.415746 0.373146 0.498316 0.358349 0.315748 0.357217 0.405150 0.373896 0.486963
254 0.340307 0.188329 0.350139 0.318601 0.345848 0.321555 0.354430 0.315647 0.345848 0.321555 0.336451 0.414114 0.365955 0.500081 0.354430 0.315647 0.355224 0.403893 0.368010 0.487592
255 0.335872 0.182096 0.346408 0.313487 0.342775 0.314920 0.350040 0.312055 0.342775 0.314920 0.335643 0.411062 0.363162 0.503156 0.350040 0.312055 0.352819 0.405255 0.367770 0.487770
256 -1 -1 -1 -1 -1 -1 -1 -1 -1 -1 -1 -1 -1 -1 -1 -1 -1 -1 -1 -1
257 -1 -1 -1 -1 -1 -1 -1 -1 -1 -1 -1 -1 -1 -1 -1 -1 -1 -1 -1 -1
258 -1 -1 -1 -1 -1 -1 -1 -1 -1 -1 -1 -1 -1 -1 -1 -1 -1 -1 -1 -1
259 -1 -1 -1 -1 -1 -1 -1 -1 -1 -1 -1 -1 -1 -1 -1 -1 -1 -1 -1 -1
260 -1 -1 -1 -1 -1 -1 -1 -1 -1 -1 -1 -1 -1 -1 -1 -1 -1 -1 -1 -1
261 -1 -1 -1 -1 -1 -1 -1 -1 -1 -1 -1 -1 -1 -1 -1 -1 -1 -1 -1 -1
262 -1 -1 -1 -1 -1 -1 -1 -1 -1 -1 -1 -1 -1 -1 -1 -1 -1 -1 -1 -1
263 -1 -1 -1 -1 -1 -1 -1 -1 -1 -1 -1 -1 -1 -1 -1 -1 -1 -1 -1 -1
264 -1 -1 -1 -1 -1 -1 -1 -1 -1 -1 -1 -1 -1 -1 -1 -1 -1 -1 -1 -1
265 -1 -1 -1 -1 -1 -1 -1 -1 -1 -1 -1 -1 -1 -1 -1 -1 -1 -1 -1 -1
266 -1 -1 -1 -1 -1 -1 -1 -1 -1 -1 -1 -1 -1 -1 -1 -1 -1 -1 -1 -1
267 -1 -1 -1 -1 -1 -1 -1 -1 -1 -1 -1 -1 -1 -1 -1 -1 -1 -1 -1 -1
268 -1 -1 -1 -1 -1 -1 -1 -1 -1 -1 -1 -1 -1 -1 -1 -1 -1 -1 -1 -1
269 -1 -1 -1 -1 -1 -1 -1 -1 -1 -1 -1 -1 -1 -1 -1 -1 -1 -1 -1 -1
270 -1 -1 -1 -1 -1 -1 -1 -1 -1 -1 -1 -1 -1 -1 -1 -1 -1 -1 -1 -1
271 -1 -1 -1 -1 -1 -1 -1 -1 -1 -1 -1 -1 -1 -1 -1 -1 -1 -1 -1 -1
272 -1 -1 -1 -1 -1 -1 -1 -1 -1 -1 -1 -1 -1 -1 -1 -1 -1 -1 -1 -1
273 -1 -1 -1 -1 -1 -1 -1 -1 -1 -1 -1 -1 -1 -1 -1 -1 -1 -1 -1 -1
274 -1 -1 -1 -1 -1 -1 -1 -1 -1 -1 -1 -1 -1 -1 -1 -1 -1 -1 -1 -1
275 0.256142 0.205520 0.267663 0.316354 0.282434 0.315324 0.252892 0.317385 0.282434 0.315324 0.286484 0.403084 0.296352 0.490531 0.252892 0.317385 0.263574 0.404990 0.275363 0.488123
276 0.255963 0.208493 0.266935 0.317961 0.281873 0.316189 0.251997 0.319733 0.281873 0.316189 0.286019 0.403773 0.295241 0.491086 0.251997 0.319733 0.263201 0.407511 0.273886 0.490147
277 0.255237 0.209608 0.264940 0.318218 0.280450 0.316556 0.249431 0.319881 0.280450 0.316556 0.285858 0.403287 0.293275 0.488667 0.249431 0.319881 0.262135 0.407501 0.273410 0.489912
278 0.254546 0.210682 0.264039 0.314495 0.279876 0.311489 0.248201 0.317502 0.279876 0.311489 0.286058 0.398731 0.291658 0.486344 0.248201 0.317502 0.261375 0.405512 0.271899 0.488229
279 0.253550 0.214491 0.261800 0.313138 0.277320 0.309801 0.246281 0.316476 0.277320 0.309801 0.284971 0.396385 0.289882 0.483407 0.246281 0.316476 0.260416 0.403132 0.271467 0.482335
280 0.253267 0.216489 0.260897 0.312769 0.276154 0.309030 0.245640 0.316508 0.276154 0.309030 0.284978 0.396708 0.288658 0.481522 0.245640 0.316508 0.260888 0.403310 0.270533 0.482481
281 0.253559 0.220271 0.259924 0.315072 0.275129 0.309912 0.244719 0.320231 0.275129 0.309912 0.284269 0.397675 0.288258 0.481978 0.244719 0.320231 0.260267 0.403931 0.270603 0.482637
282 0.253817 0.223435 0.258521 0.316560 0.272856 0.310932 0.244185 0.322188 0.272856 0.310932 0.283543 0.398252 0.288923 0.481307 0.244185 0.322188 0.260398 0.407528 0.271983 0.485565
283 0.254636 0.227972 0.257989 0.322394 0.271614 0.317742 0.244365 0.327046 0.271614 0.317742 0.283550 0.398918 0.287615 0.481795 0.244365 0.327046 0.260262 0.409314 0.271149 0.485549
284 0.255203 0.233390 0.257908 0.330176 0.271551 0.326712 0.244264 0.333640 0.271551 0.326712 0.283768 0.405948 0.287944 0.482782 0.244264 0.333640 0.259840 0.415349 0.269692 0.489391
285 0.255413 0.239081 0.257279 0.334393 0.270055 0.331206 0.244502 0.337580 0.270055 0.331206 0.283833 0.410875 0.288082 0.485947 0.244502 0.337580 0.259256 0.418517 0.269540 0.490310
286 0.256224 0.246124 0.257151 0.340186 0.269716 0.337339 0.244585 0.343032 0.269716 0.337339 0.283636 0.414639 0.287972 0.486715 0.244585 0.343032 0.259464 0.423011 0.269178 0.492659
287 0.256538 0.252066 0.255363 0.342920 0.267748 0.340165 0.242978 0.345676 0.267748 0.340165 0.280702 0.416390 0.286951 0.488194 0.242978 0.345676 0.258094 0.423262 0.267737 0.494121
288 0.257020 0.259922 0.255289 0.348038 0.267819 0.345416 0.242760 0.350659 0.267819 0.345416 0.281217 0.421221 0.287200 0.490505 0.242760 0.350659 0.256657 0.426374 0.268115 0.496908
289 0.257126 0.267414 0.253884 0.355738 0.266558 0.353028 0.241210 0.358448 0.266558 0.353028 0.280041 0.424609 0.286334 0.492545 0.241210 0.358448 0.254293 0.428955 0.267404 0.501013
290 0.256874 0.271790 0.252764 0.354905 0.265682 0.351531 0.239846 0.358280 0.265682 0.351531 0.280376 0.421342 0.285726 0.492487 0.239846 0.358280 0.253478 0.427543 0.264996 0.500187
291 0.255793 0.275535 0.250417 0.358903 0.263056 0.356044 0.237778 0.361762 0.263056 0.356044 0.279061 0.420092 0.282253 0.492287 0.237778 0.361762 0.252041 0.426631 0.260896 0.499037
292 0.253728 0.278570 0.249326 0.358918 0.262277 0.353725 0.236376 0.364110 0.262277 0.353725 0.282789 0.419777 0.283233 0.491722 0.236376 0.364110 0.252681 0.427811 0.260804 0.498706
293 0.252035 0.279316 0.248430 0.362187 0.260845 0.357840 0.236015 0.366533 0.260845 0.357840 0.282191 0.423558 0.283639 0.491622 0.236015 0.366533 0.253224 0.429771 0.262070 0.498153
294 0.249928 0.280561 0.246995 0.365999 0.259615 0.361291 0.234375 0.370707 0.259615 0.361291 0.281819 0.424700 0.284385 0.491597 0.234375 0.370707 0.258048 0.431113 0.261593 0.497898
295 0.247191 0.279139 0.244863 0.366722 0.258371 0.361821 0.231355 0.371623 0.258371 0.361821 0.283242 0.424578 0.286487 0.491264 0.231355 0.371623 0.259251 0.429551 0.263743 0.497706
296 0.244475 0.278133 0.242994 0.367280 0.256372 0.363040 0.229615 0.371519 0.256372 0.363040 0.281363 0.423625 0.286445 0.490097 0.229615 0.371519 0.259496 0.426420 0.265736 0.495784
297 0.241711 0.275947 0.243427 0.366274 0.257001 0.362057 0.229852 0.370491 0.257001 0.362057 0.281681 0.423474 0.286578 0.489955 0.229852 0.370491 0.259391 0.427209 0.265999 0.493743
298 0.238954 0.274147 0.242292 0.364563 0.255861 0.360407 0.228723 0.368719 0.255861 0.360407 0.281689 0.414561 0.286561 0.489035 0.228723 0.368719 0.259173 0.424215 0.265760 0.490133
299 0.237452 0.268343 0.241775 0.363959 0.255410 0.360287 0.228140 0.367630 0.255410 0.360287 0.282305 0.414888 0.287664 0.487510 0.228140 0.367630 0.259321 0.422438 0.267407 0.488593
300 0.235701 0.263790 0.241931 0.363349 0.255457 0.359844 0.228405 0.366854 0.255457 0.359844 0.283258 0.415426 0.287733 0.486343 0.228405 0.366854 0.264327 0.418224 0.267978 0.483851
301 0.234230 0.259826 0.242048 0.361091 0.255602 0.358096 0.228493 0.364085 0.255602 0.358096 0.283223 0.417863 0.287715 0.484769 0.228493 0.364085 0.264838 0.419175 0.269179 0.483564
302 0.233256 0.256936 0.242268 0.359203 0.255985 0.356490 0.228550 0.361915 0.255985 0.356490 0.283360 0.419143 0.288529 0.479640 0.228550 0.361915 0.258669 0.419771 0.274610 0.476449
303 0.232077 0.256251 0.242175 0.358943 0.256038 0.356334 0.228312 0.361553 0.256038 0.356334 0.281955 0.419136 0.288463 0.477447 0.228312 0.361553 0.258700 0.384010 0.276038 0.440857
304 0.231815 0.255380 0.241607 0.357463 0.255507 0.355684 0.227707 0.359243 0.255507 0.355684 0.279911 0.418689 0.288635 0.477817 0.227707 0.359243 0.254559 0.392815 0.276118 0.453077
305 0.231659 0.255122 0.241052 0.356720 0.255196 0.355230 0.226908 0.358209 0.255196 0.355230 0.278312 0.418138 0.285295 0.479387 0.226908 0.358209 0.239707 0.411278 0.260250 0.457924
306 0.231645 0.253842 0.240615 0.353393 0.254718 0.351837 0.226511 0.354949 0.254718 0.351837 0.277472 0.415775 0.283227 0.480218 0.226511 0.354949 0.234429 0.411489 0.249359 0.464116
307 0.231488 0.253158 0.240802 0.352514 0.254774 0.350428 0.226831 0.354600 0.254774 0.350428 0.277856 0.415965 0.283469 0.480655 0.226831 0.354600 0.241193 0.405723 0.253976 0.449958
308 0.231521 0.252840 0.240946 0.352927 0.255025 0.350685 0.226866 0.355169 0.255025 0.350685 0.279513 0.416009 0.284018 0.480950 0.226866 0.355169 0.243954 0.406272 0.257133 0.443449
309 0.231667 0.252162 0.242039 0.353179 0.255783 0.350860 0.228295 0.355497 0.255783 0.350860 0.280285 0.417404 0.284196 0.482245 0.228295 0.355497 0.247068 0.400795 0.267328 0.422937
310 0.231778 0.252304 0.242407 0.353293 0.255963 0.350824 0.228850 0.355762 0.255963 0.350824 0.282623 0.417142 0.284158 0.483960 0.228850 0.355762 0.253019 0.420640 0.267133 0.480926
311 0.231857 0.252229 0.242493 0.352560 0.255985 0.349437 0.229002 0.355683 0.255985 0.349437 0.283065 0.413889 0.284265 0.484428 0.229002 0.355683 0.257445 0.418231 0.269402 0.477095
312 0.231907 0.252250 0.243098 0.352665 0.256683 0.349592 0.229512 0.355738 0.256683 0.349592 0.283151 0.414132 0.284357 0.484336 0.229512 0.355738 0.256282 0.399149 0.280990 0.420606
313 0.231984 0.252175 0.242751 0.352388 0.256484 0.349156 0.229018 0.355620 0.256484 0.349156 0.282973 0.412928 0.283701 0.483544 0.229018 0.355620 0.257730 0.372885 0.292665 0.413908
314 0.232055 0.252205 0.242974 0.352486 0.256494 0.349299 0.229454 0.355673 0.256494 0.349299 0.282255 0.413483 0.283331 0.484291 0.229454 0.355673 0.263974 0.377079 0.300111 0.417764
315 0.232093 0.252270 0.242725 0.351839 0.256240 0.348553 0.229209 0.355124 0.256240 0.348553 0.281537 0.410509 0.282294 0.482113 0.229209 0.355124 0.262703 0.385317 0.290081 0.429062
316 0.232152 0.252289 0.242188 0.351816 0.255805 0.348671 0.228572 0.354961 0.255805 0.348671 0.281646 0.410890 0.282469 0.482060 0.228572 0.354961 0.269258 0.378032 0.287651 0.435043
317 0.232215 0.252355 0.241311 0.351896 0.255079 0.348815 0.227543 0.354977 0.255079 0.348815 0.280106 0.411352 0.282241 0.482064 0.227543 0.354977 0.265465 0.365002 0.289579 0.439249
318 0.232251 0.252737 0.241209 0.352995 0.254962 0.349602 0.227457 0.356387 0.254962 0.349602 0.279561 0.411624 0.282348 0.481682 0.227457 0.356387 0.266982 0.373533 0.288197 0.451814
319 0.232381 0.253131 0.241292 0.352979 0.255001 0.349617 0.227583 0.356340 0.255001 0.349617 0.279629 0.411704 0.282847 0.481856 0.227583 0.356340 0.265600 0.386916 0.287093 0.458754
320 0.232484 0.253231 0.241358 0.353410 0.255012 0.350115 0.227703 0.356704 0.255012 0.350115 0.279743 0.411756 0.283092 0.482300 0.227703 0.356704 0.266560 0.406465 0.286523 0.472502
321 0.232594 0.252988 0.241583 0.353854 0.255363 0.350748 0.227804 0.356961 0.255363 0.350748 0.281543 0.411803 0.284051 0.480225 0.227804 0.356961 0.266079 0.412933 0.282103 0.478039
322 0.232646 0.252980 0.241642 0.354387 0.255464 0.351494 0.227820 0.357280 0.255464 0.351494 0.281523 0.413486 0.284030 0.481130 0.227820 0.357280 0.260230 0.413145 0.278133 0.474630
323 0.232784 0.253358 0.241781 0.354410 0.255540 0.351502 0.228022 0.357318 0.255540 0.351502 0.282594 0.414416 0.284058 0.481761 0.228022 0.357318 0.263439 0.410328 0.277602 0.474409
324 0.232918 0.253442 0.241723 0.354345 0.255401 0.351498 0.228045 0.357193 0.255401 0.351498 0.282449 0.414436 0.283686 0.482505 0.228045 0.357193 0.263338 0.414280 0.275937 0.481769
325 0.233014 0.253560 0.241724 0.354892 0.255422 0.352057 0.228026 0.357727 0.255422 0.352057 0.282440 0.414395 0.283738 0.482498 0.228026 0.357727 0.257356 0.421343 0.269873 0.486003
326 0.233179 0.253857 0.242581 0.355294 0.255977 0.352247 0.229185 0.358341 0.255977 0.352247 0.283541 0.414532 0.284765 0.482033 0.229185 0.358341 0.263917 0.419427 0.272327 0.485904
327 0.233255 0.254339 0.242332 0.355417 0.255786 0.352262 0.228877 0.358572 0.255786 0.352262 0.283473 0.414582 0.285051 0.482062 0.228877 0.358572 0.268035 0.416281 0.272890 0.482057
328 0.233283 0.254541 0.242449 0.355431 0.255860 0.352204 0.229038 0.358658 0.255860 0.352204 0.284318 0.414564 0.285472 0.481633 0.229038 0.358658 0.267041 0.416246 0.273624 0.487421
329 0.233415 0.255142 0.242010 0.356338 0.255843 0.353136 0.228177 0.359539 0.255843 0.353136 0.283867 0.416288 0.285452 0.482959 0.228177 0.359539 0.262794 0.416950 0.272453 0.485984
330 0.233499 0.255962 0.242376 0.356406 0.256078 0.353104 0.228674 0.359709 0.256078 0.353104 0.283695 0.416731 0.285429 0.483022 0.228674 0.359709 0.265987 0.416804 0.276730 0.483498
331 0.233594 0.256950 0.242234 0.356575 0.256073 0.353281 0.228396 0.359870 0.256073 0.353281 0.283181 0.417579 0.285393 0.484465 0.228396 0.359870 0.257758 0.419805 0.271294 0.479795
332 0.233572 0.257395 0.242232 0.356899 0.256069 0.353426 0.228395 0.360373 0.256069 0.353426 0.282830 0.417466 0.285388 0.484455 0.228395 0.360373 0.257576 0.422095 0.272275 0.480894
333 0.233543 0.258095 0.241783 0.357452 0.255856 0.354039 0.227710 0.360866 0.255856 0.354039 0.281998 0.417495 0.284865 0.485451 0.227710 0.360866 0.249910 0.423094 0.266442 0.480483
334 0.233441 0.258607 0.241587 0.357693 0.255600 0.354013 0.227575 0.361374 0.255600 0.354013 0.282215 0.416694 0.284789 0.484941 0.227575 0.361374 0.252347 0.427330 0.261951 0.486329
335 0.233372 0.258876 0.241487 0.357834 0.255462 0.353991 0.227512 0.361677 0.255462 0.353991 0.282407 0.416467 0.284709 0.484675 0.227512 0.361677 0.253777 0.428417 0.261587 0.486911
