0
0
0 -1 -1 -1 -1 -1 -1 -1 -1 -1 -1 -1 -1 -1 -1 -1 -1 -1 -1 -1 -1
1 -1 -1 -1 -1 -1 -1 -1 -1 -1 -1 -1 -1 -1 -1 -1 -1 -1 -1 -1 -1
2 -1 -1 -1 -1 -1 -1 -1 -1 -1 -1 -1 -1 -1 -1 -1 -1 -1 -1 -1 -1
3 -1 -1 -1 -1 -1 -1 -1 -1 -1 -1 -1 -1 -1 -1 -1 -1 -1 -1 -1 -1
4 -1 -1 -1 -1 -1 -1 -1 -1 -1 -1 -1 -1 -1 -1 -1 -1 -1 -1 -1 -1
5 -1 -1 -1 -1 -1 -1 -1 -1 -1 -1 -1 -1 -1 -1 -1 -1 -1 -1 -1 -1
6 -1 -1 -1 -1 -1 -1 -1 -1 -1 -1 -1 -1 -1 -1 -1 -1 -1 -1 -1 -1
7 -1 -1 -1 -1 -1 -1 -1 -1 -1 -1 -1 -1 -1 -1 -1 -1 -1 -1 -1 -1
8 -1 -1 -1 -1 -1 -1 -1 -1 -1 -1 -1 -1 -1 -1 -1 -1 -1 -1 -1 -1
9 -1 -1 -1 -1 -1 -1 -1 -1 -1 -1 -1 -1 -1 -1 -1 -1 -1 -1 -1 -1
10 -1 -1 -1 -1 -1 -1 -1 -1 -1 -1 -1 -1 -1 -1 -1 -1 -1 -1 -1 -1
11 -1 -1 -1 -1 -1 -1 -1 -1 -1 -1 -1 -1 -1 -1 -1 -1 -1 -1 -1 -1
12 -1 -1 -1 -1 -1 -1 -1 -1 -1 -1 -1 -1 -1 -1 -1 -1 -1 -1 -1 -1
13 -1 -1 -1 -1 -1 -1 -1 -1 -1 -1 -1 -1 -1 -1 -1 -1 -1 -1 -1 -1
14 -1 -1 -1 -1 -1 -1 -1 -1 -1 -1 -1 -1 -1 -1 -1 -1 -1 -1 -1 -1
15 -1 -1 -1 -1 -1 -1 -1 -1 -1 -1 -1 -1 -1 -1 -1 -1 -1 -1 -1 -1
16 -1 -1 -1 -1 -1 -1 -1 -1 -1 -1 -1 -1 -1 -1 -1 -1 -1 -1 -1 -1
17 -1 -1 -1 -1 -1 -1 -1 -1 -1 -1 -1 -1 -1 -1 -1 -1 -1 -1 -1 -1
18 -1 -1 -1 -1 -1 -1 -1 -1 -1 -1 -1 -1 -1 -1 -1 -1 -1 -1 -1 -1
19 -1 -1 -1 -1 -1 -1 -1 -1 -1 -1 -1 -1 -1 -1 -1 -1 -1 -1 -1 -1
20 -1 -1 -1 -1 -1 -1 -1 -1 -1 -1 -1 -1 -1 -1 -1 -1 -1 -1 -1 -1
21 -1 -1 -1 -1 -1 -1 -1 -1 -1 -1 -1 -1 -1 -1 -1 -1 -1 -1 -1 -1
22 -1 -1 -1 -1 -1 -1 -1 -1 -1 -1 -1 -1 -1 -1 -1 -1 -1 -1 -1 -1
23 -1 -1 -1 -1 -1 -1 -1 -1 -1 -1 -1 -1 -1 -1 -1 -1 -1 -1 -1 -1
24 -1 -1 -1 -1 -1 -1 -1 -1 -1 -1 -1 -1 -1 -1 -1 -1 -1 -1 -1 -1
25 -1 -1 -1 -1 -1 -1 -1 -1 -1 -1 -1 -1 -1 -1 -1 -1 -1 -1 -1 -1
26 -1 -1 -1 -1 -1 -1 -1 -1 -1 -1 -1 -1 -1 -1 -1 -1 -1 -1 -1 -1
27 -1 -1 -1 -1 -1 -1 -1 -1 -1 -1 -1 -1 -1 -1 -1 -1 -1 -1 -1 -1
28 -1 -1 -1 -1 -1 -1 -1 -1 -1 -1 -1 -1 -1 -1 -1 -1 -1 -1 -1 -1
29 -1 -1 -1 -1 -1 -1 -1 -1 -1 -1 -1 -1 -1 -1 -1 -1 -1 -1 -1 -1
30 -1 -1 -1 -1 -1 -1 -1 -1 -1 -1 -1 -1 -1 -1 -1 -1 -1 -1 -1 -1
31 -1 -1 -1 -1 -1 -1 -1 -1 -1 -1 -1 -1 -1 -1 -1 -1 -1 -1 -1 -1
32 -1 -1 -1 -1 -1 -1 -1 -1 -1 -1 -1 -1 -1 -1 -1 -1 -1 -1 -1 -1
33 -1 -1 -1 -1 -1 -1 -1 -1 -1 -1 -1 -1 -1 -1 -1 -1 -1 -1 -1 -1
34 -1 -1 -1 -1 -1 -1 -1 -1 -1 -1 -1 -1 -1 -1 -1 -1 -1 -1 -1 -1
35 -1 -1 -1 -1 -1 -1 -1 -1 -1 -1 -1 -1 -1 -1 -1 -1 -1 -1 -1 -1
36 -1 -1 -1 -1 -1 -1 -1 -1 -1 -1 -1 -1 -1 -1 -1 -1 -1 -1 -1 -1
37 -1 -1 -1 -1 -1 -1 -1 -1 -1 -1 -1 -1 -1 -1 -1 -1 -1 -1 -1 -1
38 -1 -1 -1 -1 -1 -1 -1 -1 -1 -1 -1 -1 -1 -1 -1 -1 -1 -1 -1 -1
39 -1 -1 -1 -1 -1 -1 -1 -1 -1 -1 -1 -1 -1 -1 -1 -1 -1 -1 -1 -1
40 -1 -1 -1 -1 -1 -1 -1 -1 -1 -1 -1 -1 -1 -1 -1 -1 -1 -1 -1 -1
41 -1 -1 -1 -1 -1 -1 -1 -1 -1 -1 -1 -1 -1 -1 -1 -1 -1 -1 -1 -1
42 -1 -1 -1 -1 -1 -1 -1 -1 -1 -1 -1 -1 -1 -1 -1 -1 -1 -1 -1 -1
43 -1 -1 -1 -1 -1 -1 -1 -1 -1 -1 -1 -1 -1 -1 -1 -1 -1 -1 -1 -1
44 -1 -1 -1 -1 -1 -1 -1 -1 -1 -1 -1 -1 -1 -1 -1 -1 -1 -1 -1 -1
45 -1 -1 -1 -1 -1 -1 -1 -1 -1 -1 -1 -1 -1 -1 -1 -1 -1 -1 -1 -1
46 -1 -1 -1 -1 -1 -1 -1 -1 -1 -1 -1 -1 -1 -1 -1 -1 -1 -1 -1 -1
47 -1 -1 -1 -1 -1 -1 -1 -1 -1 -1 -1 -1 -1 -1 -1 -1 -1 -1 -1 -1
48 -1 -1 -1 -1 -1 -1 -1 -1 -1 -1 -1 -1 -1 -1 -1 -1 -1 -1 -1 -1
49 -1 -1 -1 -1 -1 -1 -1 -1 -1 -1 -1 -1 -1 -1 -1 -1 -1 -1 -1 -1
50 -1 -1 -1 -1 -1 -1 -1 -1 -1 -1 -1 -1 -1 -1 -1 -1 -1 -1 -1 -1
51 -1 -1 -1 -1 -1 -1 -1 -1 -1 -1 -1 -1 -1 -1 -1 -1 -1 -1 -1 -1
52 -1 -1 -1 -1 -1 -1 -1 -1 -1 -1 -1 -1 -1 -1 -1 -1 -1 -1 -1 -1
53 -1 -1 -1 -1 -1 -1 -1 -1 -1 -1 -1 -1 -1 -1 -1 -1 -1 -1 -1 -1
54 -1 -1 -1 -1 -1 -1 -1 -1 -1 -1 -1 -1 -1 -1 -1 -1 -1 -1 -1 -1
55 -1 -1 -1 -1 -1 -1 -1 -1 -1 -1 -1 -1 -1 -1 -1 -1 -1 -1 -1 -1
56 -1 -1 -1 -1 -1 -1 -1 -1 -1 -1 -1 -1 -1 -1 -1 -1 -1 -1 -1 -1
57 -1 -1 -1 -1 -1 -1 -1 -1 -1 -1 -1 -1 -1 -1 -1 -1 -1 -1 -1 -1
58 -1 -1 -1 -1 -1 -1 -1 -1 -1 -1 -1 -1 -1 -1 -1 -1 -1 -1 -1 -1
59 -1 -1 -1 -1 -1 -1 -1 -1 -1 -1 -1 -1 -1 -1 -1 -1 -1 -1 -1 -1
60 -1 -1 -1 -1 -1 -1 -1 -1 -1 -1 -1 -1 -1 -1 -1 -1 -1 -1 -1 -1
61 -1 -1 -1 -1 -1 -1 -1 -1 -1 -1 -1 -1 -1 -1 -1 -1 -1 -1 -1 -1
62 -1 -1 -1 -1 -1 -1 -1 -1 -1 -1 -1 -1 -1 -1 -1 -1 -1 -1 -1 -1
63 -1 -1 -1 -1 -1 -1 -1 -1 -1 -1 -1 -1 -1 -1 -1 -1 -1 -1 -1 -1
64 -1 -1 -1 -1 -1 -1 -1 -1 -1 -1 -1 -1 -1 -1 -1 -1 -1 -1 -1 -1
65 -1 -1 -1 -1 -1 -1 -1 -1 -1 -1 -1 -1 -1 -1 -1 -1 -1 -1 -1 -1
66 -1 -1 -1 -1 -1 -1 -1 -1 -1 -1 -1 -1 -1 -1 -1 -1 -1 -1 -1 -1
67 -1 -1 -1 -1 -1 -1 -1 -1 -1 -1 -1 -1 -1 -1 -1 -1 -1 -1 -1 -1
68 -1 -1 -1 -1 -1 -1 -1 -1 -1 -1 -1 -1 -1 -1 -1 -1 -1 -1 -1 -1
69 -1 -1 -1 -1 -1 -1 -1 -1 -1 -1 -1 -1 -1 -1 -1 -1 -1 -1 -1 -1
70 -1 -1 -1 -1 -1 -1 -1 -1 -1 -1 -1 -1 -1 -1 -1 -1 -1 -1 -1 -1
71 -1 -1 -1 -1 -1 -1 -1 -1 -1 -1 -1 -1 -1 -1 -1 -1 -1 -1 -1 -1
72 -1 -1 -1 -1 -1 -1 -1 -1 -1 -1 -1 -1 -1 -1 -1 -1 -1 -1 -1 -1
73 -1 -1 -1 -1 -1 -1 -1 -1 -1 -1 -1 -1 -1 -1 -1 -1 -1 -1 -1 -1
74 -1 -1 -1 -1 -1 -1 -1 -1 -1 -1 -1 -1 -1 -1 -1 -1 -1 -1 -1 -1
75 -1 -1 -1 -1 -1 -1 -1 -1 -1 -1 -1 -1 -1 -1 -1 -1 -1 -1 -1 -1
76 -1 -1 -1 -1 -1 -1 -1 -1 -1 -1 -1 -1 -1 -1 -1 -1 -1 -1 -1 -1
77 -1 -1 -1 -1 -1 -1 -1 -1 -1 -1 -1 -1 -1 -1 -1 -1 -1 -1 -1 -1
78 -1 -1 -1 -1 -1 -1 -1 -1 -1 -1 -1 -1 -1 -1 -1 -1 -1 -1 -1 -1
79 -1 -1 -1 -1 -1 -1 -1 -1 -1 -1 -1 -1 -1 -1 -1 -1 -1 -1 -1 -1
80 -1 -1 -1 -1 -1 -1 -1 -1 -1 -1 -1 -1 -1 -1 -1 -1 -1 -1 -1 -1
81 -1 -1 -1 -1 -1 -1 -1 -1 -1 -1 -1 -1 -1 -1 -1 -1 -1 -1 -1 -1
82 -1 -1 -1 -1 -1 -1 -1 -1 -1 -1 -1 -1 -1 -1 -1 -1 -1 -1 -1 -1
83 -1 -1 -1 -1 -1 -1 -1 -1 -1 -1 -1 -1 -1 -1 -1 -1 -1 -1 -1 -1
84 -1 -1 -1 -1 -1 -1 -1 -1 -1 -1 -1 -1 -1 -1 -1 -1 -1 -1 -1 -1
85 -1 -1 -1 -1 -1 -1 -1 -1 -1 -1 -1 -1 -1 -1 -1 -1 -1 -1 -1 -1
86 -1 -1 -1 -1 -1 -1 -1 -1 -1 -1 -1 -1 -1 -1 -1 -1 -1 -1 -1 -1
87 -1 -1 -1 -1 -1 -1 -1 -1 -1 -1 -1 -1 -1 -1 -1 -1 -1 -1 -1 -1
88 -1 -1 -1 -1 -1 -1 -1 -1 -1 -1 -1 -1 -1 -1 -1 -1 -1 -1 -1 -1
89 -1 -1 -1 -1 -1 -1 -1 -1 -1 -1 -1 -1 -1 -1 -1 -1 -1 -1 -1 -1
90 -1 -1 -1 -1 -1 -1 -1 -1 -1 -1 -1 -1 -1 -1 -1 -1 -1 -1 -1 -1
91 -1 -1 -1 -1 -1 -1 -1 -1 -1 -1 -1 -1 -1 -1 -1 -1 -1 -1 -1 -1
92 -1 -1 -1 -1 -1 -1 -1 -1 -1 -1 -1 -1 -1 -1 -1 -1 -1 -1 -1 -1
93 -1 -1 -1 -1 -1 -1 -1 -1 -1 -1 -1 -1 -1 -1 -1 -1 -1 -1 -1 -1
94 -1 -1 -1 -1 -1 -1 -1 -1 -1 -1 -1 -1 -1 -1 -1 -1 -1 -1 -1 -1
95 -1 -1 -1 -1 -1 -1 -1 -1 -1 -1 -1 -1 -1 -1 -1 -1 -1 -1 -1 -1
96 -1 -1 -1 -1 -1 -1 -1 -1 -1 -1 -1 -1 -1 -1 -1 -1 -1 -1 -1 -1
97 -1 -1 -1 -1 -1 -1 -1 -1 -1 -1 -1 -1 -1 -1 -1 -1 -1 -1 -1 -1
98 -1 -1 -1 -1 -1 -1 -1 -1 -1 -1 -1 -1 -1 -1 -1 -1 -1 -1 -1 -1
99 -1 -1 -1 -1 -1 -1 -1 -1 -1 -1 -1 -1 -1 -1 -1 -1 -1 -1 -1 -1
100 -1 -1 -1 -1 -1 -1 -1 -1 -1 -1 -1 -1 -1 -1 -1 -1 -1 -1 -1 -1
101 -1 -1 -1 -1 -1 -1 -1 -1 -1 -1 -1 -1 -1 -1 -1 -1 -1 -1 -1 -1
102 -1 -1 -1 -1 -1 -1 -1 -1 -1 -1 -1 -1 -1 -1 -1 -1 -1 -1 -1 -1
103 -1 -1 -1 -1 -1 -1 -1 -1 -1 -1 -1 -1 -1 -1 -1 -1 -1 -1 -1 -1
104 -1 -1 -1 -1 -1 -1 -1 -1 -1 -1 -1 -1 -1 -1 -1 -1 -1 -1 -1 -1
105 -1 -1 -1 -1 -1 -1 -1 -1 -1 -1 -1 -1 -1 -1 -1 -1 -1 -1 -1 -1
106 -1 -1 -1 -1 -1 -1 -1 -1 -1 -1 -1 -1 -1 -1 -1 -1 -1 -1 -1 -1
107 -1 -1 -1 -1 -1 -1 -1 -1 -1 -1 -1 -1 -1 -1 -1 -1 -1 -1 -1 -1
108 -1 -1 -1 -1 -1 -1 -1 -1 -1 -1 -1 -1 -1 -1 -1 -1 -1 -1 -1 -1
109 -1 -1 -1 -1 -1 -1 -1 -1 -1 -1 -1 -1 -1 -1 -1 -1 -1 -1 -1 -1
110 -1 -1 -1 -1 -1 -1 -1 -1 -1 -1 -1 -1 -1 -1 -1 -1 -1 -1 -1 -1
111 -1 -1 -1 -1 -1 -1 -1 -1 -1 -1 -1 -1 -1 -1 -1 -1 -1 -1 -1 -1
112 -1 -1 -1 -1 -1 -1 -1 -1 -1 -1 -1 -1 -1 -1 -1 -1 -1 -1 -1 -1
113 -1 -1 -1 -1 -1 -1 -1 -1 -1 -1 -1 -1 -1 -1 -1 -1 -1 -1 -1 -1
114 -1 -1 -1 -1 -1 -1 -1 -1 -1 -1 -1 -1 -1 -1 -1 -1 -1 -1 -1 -1
115 -1 -1 -1 -1 -1 -1 -1 -1 -1 -1 -1 -1 -1 -1 -1 -1 -1 -1 -1 -1
116 -1 -1 -1 -1 -1 -1 -1 -1 -1 -1 -1 -1 -1 -1 -1 -1 -1 -1 -1 -1
117 -1 -1 -1 -1 -1 -1 -1 -1 -1 -1 -1 -1 -1 -1 -1 -1 -1 -1 -1 -1
118 -1 -1 -1 -1 -1 -1 -1 -1 -1 -1 -1 -1 -1 -1 -1 -1 -1 -1 -1 -1
119 -1 -1 -1 -1 -1 -1 -1 -1 -1 -1 -1 -1 -1 -1 -1 -1 -1 -1 -1 -1
120 -1 -1 -1 -1 -1 -1 -1 -1 -1 -1 -1 -1 -1 -1 -1 -1 -1 -1 -1 -1
121 -1 -1 -1 -1 -1 -1 -1 -1 -1 -1 -1 -1 -1 -1 -1 -1 -1 -1 -1 -1
122 -1 -1 -1 -1 -1 -1 -1 -1 -1 -1 -1 -1 -1 -1 -1 -1 -1 -1 -1 -1
123 0.477753 0.186200 0.473854 0.395262 0.466591 0.400177 0.481117 0.390347 0.466591 0.400177 0.446731 0.513847 0.479989 0.624812 0.481117 0.390347 0.486328 0.500976 0.491094 0.610211
124 0.474310 0.184571 0.470603 0.391694 0.463124 0.395146 0.478081 0.388242 0.463124 0.395146 0.444136 0.506432 0.468051 0.617627 0.478081 0.388242 0.484376 0.500082 0.488091 0.610122
125 0.467724 0.183325 0.467850 0.385846 0.455462 0.389305 0.480238 0.382386 0.455462 0.389305 0.439699 0.498956 0.452530 0.612533 0.480238 0.382386 0.485743 0.498319 0.488345 0.610339
126 0.463121 0.182648 0.463934 0.380306 0.450658 0.383139 0.477209 0.377473 0.450658 0.383139 0.440087 0.491172 0.444168 0.605446 0.477209 0.377473 0.484555 0.495804 0.487914 0.610217
127 0.458179 0.181806 0.461636 0.376283 0.448896 0.378164 0.474376 0.374401 0.448896 0.378164 0.442756 0.481408 0.433578 0.592135 0.474376 0.374401 0.480072 0.486915 0.486440 0.607756
128 0.452811 0.182082 0.458021 0.376944 0.443524 0.378992 0.472517 0.374896 0.443524 0.378992 0.441678 0.483492 0.431578 0.582586 0.472517 0.374896 0.479010 0.486356 0.487642 0.606509
129 0.447355 0.182783 0.453920 0.375663 0.438882 0.377838 0.468958 0.373488 0.438882 0.377838 0.436442 0.482087 0.428717 0.582829 0.468958 0.373488 0.476885 0.486100 0.488222 0.606505
130 0.443931 0.183423 0.449889 0.375580 0.433274 0.378001 0.466504 0.373159 0.433274 0.378001 0.429521 0.482067 0.426730 0.584448 0.466504 0.373159 0.476035 0.485812 0.488732 0.606059
131 0.440030 0.183808 0.445257 0.373724 0.427089 0.376413 0.463425 0.371036 0.427089 0.376413 0.424613 0.480625 0.425821 0.583363 0.463425 0.371036 0.473590 0.483209 0.488848 0.602213
132 0.434651 0.183056 0.440061 0.369935 0.422891 0.373146 0.457232 0.366724 0.422891 0.373146 0.421119 0.478568 0.424799 0.582721 0.457232 0.366724 0.468089 0.475302 0.489192 0.595641
133 0.429404 0.179882 0.435439 0.367130 0.419673 0.370210 0.451204 0.364050 0.419673 0.370210 0.419975 0.476250 0.425638 0.581988 0.451204 0.364050 0.467147 0.475867 0.489266 0.591369
134 0.422036 0.177856 0.429592 0.363239 0.412233 0.366442 0.446951 0.360037 0.412233 0.366442 0.413102 0.475794 0.424433 0.580208 0.446951 0.360037 0.462447 0.473278 0.487912 0.583226
135 0.417110 0.177290 0.424361 0.362374 0.406485 0.366084 0.442238 0.358665 0.406485 0.366084 0.408529 0.477085 0.423196 0.578548 0.442238 0.358665 0.457211 0.469926 0.483288 0.574108
136 0.413247 0.176472 0.420323 0.358573 0.403968 0.362781 0.436679 0.354365 0.403968 0.362781 0.407368 0.472274 0.423858 0.574054 0.436679 0.354365 0.448603 0.460088 0.473170 0.556132
137 0.408643 0.175880 0.418647 0.354136 0.403046 0.358803 0.434247 0.349469 0.403046 0.358803 0.407379 0.468076 0.425669 0.574100 0.434247 0.349469 0.435399 0.450246 0.466464 0.549505
138 0.404875 0.174678 0.415919 0.350649 0.400908 0.355331 0.430929 0.345967 0.400908 0.355331 0.406457 0.464962 0.425723 0.574046 0.430929 0.345967 0.427322 0.443105 0.455298 0.542192
139 0.401882 0.172665 0.413034 0.347335 0.398838 0.351104 0.427229 0.343567 0.398838 0.351104 0.405485 0.465438 0.425930 0.575634 0.427229 0.343567 0.429229 0.447815 0.447159 0.545785
140 0.397555 0.171704 0.409986 0.343835 0.398533 0.347175 0.421439 0.340495 0.398533 0.347175 0.405307 0.463839 0.426512 0.573440 0.421439 0.340495 0.415345 0.441478 0.434622 0.547202
141 0.393774 0.169073 0.406772 0.339957 0.394919 0.343428 0.418625 0.336487 0.394919 0.343428 0.404549 0.461395 0.426198 0.574316 0.418625 0.336487 0.408498 0.440498 0.429331 0.552515
142 0.390414 0.168244 0.404712 0.338201 0.392571 0.341782 0.416853 0.334619 0.392571 0.341782 0.403762 0.461478 0.424012 0.575014 0.416853 0.334619 0.405656 0.436846 0.422938 0.548679
143 0.387306 0.167927 0.403731 0.334169 0.389694 0.337756 0.417768 0.330583 0.389694 0.337756 0.400640 0.453892 0.421887 0.572396 0.417768 0.330583 0.403790 0.424786 0.411953 0.524375
144 0.383141 0.167906 0.400573 0.333819 0.386022 0.337629 0.415124 0.330009 0.386022 0.337629 0.399550 0.456221 0.421431 0.572200 0.415124 0.330009 0.401619 0.426003 0.407821 0.526016
145 0.381400 0.167928 0.396821 0.332856 0.383004 0.337265 0.410637 0.328446 0.383004 0.337265 0.398194 0.453792 0.420225 0.568059 0.410637 0.328446 0.398119 0.412267 0.400863 0.500023
146 0.378866 0.168147 0.392554 0.331850 0.381310 0.335689 0.403798 0.328011 0.381310 0.335689 0.395997 0.450675 0.419398 0.564295 0.403798 0.328011 0.395682 0.411776 0.398071 0.500942
147 0.375244 0.167645 0.388699 0.326358 0.375206 0.329885 0.402191 0.322831 0.375206 0.329885 0.393315 0.450207 0.419601 0.565923 0.402191 0.322831 0.392729 0.413743 0.395184 0.501912
148 0.372594 0.167106 0.386058 0.321398 0.372084 0.325330 0.400031 0.317467 0.372084 0.325330 0.390014 0.443780 0.417592 0.558837 0.400031 0.317467 0.391136 0.410104 0.395759 0.500222
149 0.369725 0.165833 0.382561 0.320206 0.369154 0.324550 0.395967 0.315863 0.369154 0.324550 0.387264 0.444102 0.415428 0.558223 0.395967 0.315863 0.392437 0.409851 0.394046 0.500367
150 0.366753 0.162083 0.376669 0.318930 0.362758 0.323920 0.390579 0.313940 0.362758 0.323920 0.385285 0.442912 0.414775 0.556754 0.390579 0.313940 0.384625 0.413484 0.393686 0.506407
151 0.362314 0.156220 0.377557 0.313494 0.366433 0.316768 0.388681 0.310220 0.366433 0.316768 0.380096 0.437632 0.411072 0.548257 0.388681 0.310220 0.380134 0.413545 0.393944 0.509309
152 0.359703 0.153883 0.375960 0.313250 0.363322 0.316458 0.388597 0.310041 0.363322 0.316458 0.372437 0.433477 0.404198 0.540234 0.388597 0.310041 0.381721 0.414988 0.393993 0.512780
153 0.357596 0.152590 0.373264 0.314625 0.361035 0.316789 0.385493 0.312460 0.361035 0.316789 0.364246 0.433929 0.397839 0.529192 0.385493 0.312460 0.380829 0.415176 0.393034 0.512907
154 0.355410 0.152756 0.372602 0.315628 0.361012 0.317731 0.384191 0.313526 0.361012 0.317731 0.354849 0.431459 0.390397 0.519984 0.384191 0.313526 0.378631 0.414783 0.390199 0.510618
155 0.353057 0.150596 0.370232 0.317146 0.359330 0.320132 0.381135 0.314160 0.359330 0.320132 0.350017 0.432620 0.388971 0.522324 0.381135 0.314160 0.379393 0.414149 0.389191 0.510771
156 0.350650 0.147927 0.368027 0.317936 0.360420 0.321385 0.375634 0.314487 0.360420 0.321385 0.348103 0.430963 0.384496 0.522787 0.375634 0.314487 0.378721 0.414423 0.385621 0.509618
157 0.348693 0.145871 0.367838 0.317451 0.360435 0.321252 0.375242 0.313650 0.360435 0.321252 0.340737 0.428728 0.381770 0.524824 0.375242 0.313650 0.378922 0.414408 0.385218 0.510202
158 0.347015 0.145179 0.365603 0.316254 0.358638 0.319773 0.372568 0.312735 0.358638 0.319773 0.340568 0.426614 0.375721 0.525263 0.372568 0.312735 0.377320 0.414126 0.385356 0.512080
159 0.344486 0.145728 0.363845 0.315738 0.356864 0.318601 0.370826 0.312875 0.356864 0.318601 0.340370 0.419243 0.361402 0.521940 0.370826 0.312875 0.373685 0.412738 0.381817 0.512516
160 0.340322 0.144855 0.358738 0.314792 0.356138 0.316683 0.361338 0.312901 0.356138 0.316683 0.336931 0.416882 0.348159 0.518779 0.361338 0.312901 0.367868 0.411342 0.377143 0.512366
161 0.337614 0.144957 0.354611 0.314143 0.353772 0.315942 0.355449 0.312344 0.353772 0.315942 0.336470 0.416831 0.342153 0.516684 0.355449 0.312344 0.362947 0.411399 0.374301 0.512405
162 0.335909 0.144761 0.352433 0.313668 0.350096 0.315523 0.354770 0.311814 0.350096 0.315523 0.333910 0.415778 0.337607 0.515359 0.354770 0.311814 0.361440 0.411562 0.375803 0.512519
163 0.332265 0.144999 0.348225 0.313909 0.347892 0.315877 0.348557 0.311942 0.347892 0.315877 0.336900 0.417340 0.346416 0.515881 0.348557 0.311942 0.356567 0.411678 0.372600 0.512682
164 0.327949 0.144663 0.345146 0.314141 0.343254 0.316241 0.347038 0.312040 0.343254 0.316241 0.332924 0.418434 0.346586 0.516288 0.347038 0.312040 0.354024 0.411924 0.372568 0.512470
165 0.324657 0.144968 0.341341 0.314234 0.339874 0.316365 0.342809 0.312103 0.339874 0.316365 0.328234 0.418785 0.343385 0.516798 0.342809 0.312103 0.351689 0.411760 0.372981 0.511072
166 0.320230 0.144423 0.338258 0.312098 0.336939 0.314636 0.339578 0.309561 0.336939 0.314636 0.322486 0.417749 0.338527 0.515350 0.339578 0.309561 0.348557 0.407135 0.374132 0.501027
167 0.315088 0.145329 0.334448 0.311774 0.334689 0.314504 0.334207 0.309045 0.334689 0.314504 0.321274 0.416514 0.338016 0.514741 0.334207 0.309045 0.340143 0.405828 0.371337 0.493864
168 0.311969 0.146370 0.331852 0.310841 0.331911 0.314153 0.331794 0.307530 0.331911 0.314153 0.319592 0.414261 0.339876 0.514828 0.331794 0.307530 0.334990 0.398002 0.366163 0.481687
169 0.308701 0.146889 0.329905 0.308834 0.329594 0.312958 0.330216 0.304709 0.329594 0.312958 0.319689 0.409313 0.340643 0.510103 0.330216 0.304709 0.336499 0.396151 0.353066 0.473168
170 0.305550 0.147149 0.326934 0.307078 0.327970 0.311517 0.325898 0.302639 0.327970 0.311517 0.318683 0.410723 0.340624 0.509217 0.325898 0.302639 0.331359 0.386863 0.341840 0.460252
171 0.302456 0.148627 0.324306 0.307569 0.325320 0.311759 0.323293 0.303380 0.325320 0.311759 0.317615 0.410878 0.339472 0.506419 0.323293 0.303380 0.330486 0.387457 0.335850 0.465655
172 0.299369 0.149389 0.320506 0.307050 0.320406 0.310743 0.320606 0.303358 0.320406 0.310743 0.318342 0.409834 0.334867 0.505621 0.320606 0.303358 0.321334 0.390694 0.325755 0.472806
173 0.296801 0.153866 0.317766 0.309904 0.319439 0.313772 0.316094 0.306036 0.319439 0.313772 0.319309 0.411325 0.335787 0.506596 0.316094 0.306036 0.312873 0.391010 0.321221 0.471244
174 0.292712 0.155409 0.315200 0.308017 0.315642 0.310709 0.314758 0.305325 0.315642 0.310709 0.313662 0.411498 0.334875 0.507084 0.314758 0.305325 0.316896 0.393226 0.329457 0.490333
175 0.288692 0.158743 0.312497 0.304612 0.316342 0.305139 0.308652 0.304085 0.316342 0.305139 0.315630 0.406568 0.335800 0.506835 0.308652 0.304085 0.307381 0.393880 0.312871 0.492811
176 0.285704 0.159708 0.310035 0.303677 0.314126 0.304065 0.305944 0.303289 0.314126 0.304065 0.314287 0.405578 0.333738 0.506611 0.305944 0.303289 0.305596 0.395686 0.314515 0.493840
177 0.283246 0.161909 0.307602 0.303200 0.312318 0.303819 0.302886 0.302581 0.312318 0.303819 0.314029 0.404660 0.334267 0.506859 0.302886 0.302581 0.301957 0.396306 0.313148 0.493882
178 0.280953 0.165294 0.306071 0.303692 0.313106 0.304232 0.299036 0.303151 0.313106 0.304232 0.314788 0.405387 0.334944 0.507107 0.299036 0.303151 0.297584 0.399767 0.311219 0.495921
179 0.276937 0.168622 0.305422 0.301849 0.313822 0.300696 0.297023 0.303002 0.313822 0.300696 0.315074 0.402751 0.335232 0.502617 0.297023 0.303002 0.296387 0.400050 0.309602 0.497895
180 0.272994 0.173080 0.303227 0.303069 0.313389 0.301614 0.293065 0.304525 0.313389 0.301614 0.315268 0.403566 0.335375 0.503491 0.293065 0.304525 0.291334 0.400271 0.299140 0.498197
181 0.269370 0.174928 0.301870 0.303159 0.314132 0.301084 0.289609 0.305234 0.314132 0.301084 0.315397 0.404128 0.335733 0.504025 0.289609 0.305234 0.285551 0.401686 0.291924 0.497677
182 0.266146 0.177614 0.299809 0.301888 0.314213 0.299151 0.285405 0.304624 0.314213 0.299151 0.315738 0.403595 0.336492 0.504424 0.285405 0.304624 0.280089 0.400005 0.282640 0.491224
183 0.263990 0.179815 0.298350 0.299261 0.313539 0.296347 0.283161 0.302176 0.313539 0.296347 0.315825 0.402398 0.334007 0.502833 0.283161 0.302176 0.278395 0.399408 0.280759 0.488327
184 0.261720 0.183117 0.296448 0.298353 0.311934 0.295568 0.280962 0.301137 0.311934 0.295568 0.314495 0.400652 0.329291 0.500553 0.280962 0.301137 0.276916 0.399195 0.283350 0.488504
185 0.259083 0.184776 0.294144 0.290144 0.310045 0.286712 0.278243 0.293576 0.310045 0.286712 0.314125 0.396686 0.326302 0.493857 0.278243 0.293576 0.276614 0.397700 0.285159 0.488753
186 0.257763 0.187743 0.292128 0.286795 0.308476 0.283502 0.275779 0.290087 0.308476 0.283502 0.314341 0.391740 0.322761 0.490439 0.275779 0.290087 0.275702 0.394845 0.284368 0.488087
187 0.257900 0.189501 0.290344 0.285564 0.306799 0.282942 0.273888 0.288185 0.306799 0.282942 0.314251 0.389534 0.317847 0.487525 0.273888 0.288185 0.272440 0.394583 0.285989 0.486620
188 0.256812 0.189181 0.287022 0.287681 0.303704 0.285218 0.270340 0.290144 0.303704 0.285218 0.314097 0.391107 0.311220 0.485797 0.270340 0.290144 0.268699 0.394842 0.286860 0.486160
189 0.256941 0.192392 0.285401 0.288092 0.302603 0.286330 0.268200 0.289854 0.302603 0.286330 0.311713 0.390574 0.309566 0.487074 0.268200 0.289854 0.269803 0.393614 0.282981 0.486245
190 0.257172 0.194620 0.283187 0.287855 0.300031 0.285794 0.266344 0.289916 0.300031 0.285794 0.306814 0.390050 0.307294 0.482672 0.266344 0.289916 0.267482 0.392508 0.277473 0.483009
191 0.256686 0.197647 0.283229 0.288498 0.300312 0.286490 0.266145 0.290505 0.300312 0.286490 0.306597 0.383385 0.304749 0.479443 0.266145 0.290505 0.265613 0.388698 0.273940 0.477247
192 0.256742 0.201728 0.281032 0.288129 0.298450 0.286023 0.263615 0.290235 0.298450 0.286023 0.304272 0.380444 0.304066 0.479776 0.263615 0.290235 0.264949 0.385001 0.273170 0.477317
193 0.257624 0.210191 0.279912 0.287145 0.297721 0.284578 0.262104 0.289713 0.297721 0.284578 0.305084 0.380343 0.303070 0.480362 0.262104 0.289713 0.264303 0.384219 0.271943 0.477641
194 0.259260 0.222760 0.279385 0.281829 0.298313 0.277667 0.260456 0.285991 0.298313 0.277667 0.304092 0.379081 0.302534 0.481055 0.260456 0.285991 0.264125 0.382944 0.273503 0.477790
195 0.260103 0.229552 0.278264 0.282904 0.296407 0.279072 0.260122 0.286737 0.296407 0.279072 0.303232 0.378493 0.302991 0.481032 0.260122 0.286737 0.263537 0.383370 0.274477 0.478108
196 0.260978 0.240325 0.277251 0.284809 0.295883 0.279291 0.258619 0.290328 0.295883 0.279291 0.302297 0.379535 0.303585 0.481367 0.258619 0.290328 0.262082 0.384347 0.275341 0.482366
197 0.262688 0.252811 0.275305 0.285126 0.293958 0.279895 0.256652 0.290357 0.293958 0.279895 0.301224 0.380255 0.303122 0.481673 0.256652 0.290357 0.260984 0.384763 0.275664 0.484737
198 0.263972 0.259038 0.275805 0.286942 0.294586 0.281209 0.257025 0.292674 0.294586 0.281209 0.301950 0.380737 0.303375 0.481926 0.257025 0.292674 0.258944 0.386976 0.276074 0.485054
199 0.264352 0.269125 0.272221 0.284558 0.291633 0.277182 0.252810 0.291935 0.291633 0.277182 0.300960 0.378895 0.303510 0.480979 0.252810 0.291935 0.259144 0.386629 0.276842 0.485026
200 0.265094 0.278251 0.270075 0.283755 0.288836 0.275891 0.251315 0.291619 0.288836 0.275891 0.298945 0.378597 0.303722 0.481169 0.251315 0.291619 0.255708 0.387220 0.277280 0.485783
201 0.265413 0.286328 0.266832 0.281663 0.286654 0.274641 0.247010 0.288685 0.286654 0.274641 0.299440 0.376067 0.303137 0.478089 0.247010 0.288685 0.254727 0.387220 0.280326 0.485611
202 0.265502 0.291979 0.265843 0.280220 0.285687 0.271816 0.245999 0.288624 0.285687 0.271816 0.297825 0.376730 0.302810 0.476096 0.245999 0.288624 0.254826 0.386850 0.280278 0.482897
203 0.266045 0.298952 0.265179 0.279789 0.285802 0.272549 0.244556 0.287029 0.285802 0.272549 0.298372 0.374321 0.302642 0.476574 0.244556 0.287029 0.255928 0.387615 0.280212 0.482541
204 0.266564 0.301289 0.263967 0.303455 0.285067 0.296480 0.242868 0.310429 0.285067 0.296480 0.297704 0.378788 0.301678 0.481660 0.242868 0.310429 0.252307 0.397444 0.280500 0.486950
205 0.266401 0.300752 0.262555 0.318350 0.283762 0.310454 0.241348 0.326246 0.283762 0.310454 0.298059 0.384963 0.301603 0.485797 0.241348 0.326246 0.247978 0.411429 0.278773 0.488393
206 0.266174 0.300813 0.263582 0.328021 0.284626 0.320084 0.242537 0.335958 0.284626 0.320084 0.297815 0.389681 0.301738 0.486049 0.242537 0.335958 0.250241 0.412251 0.278914 0.490468
207 0.264036 0.295299 0.263894 0.332303 0.283791 0.322976 0.243998 0.341630 0.283791 0.322976 0.297612 0.393035 0.301850 0.485919 0.243998 0.341630 0.251194 0.416198 0.279176 0.490249
208 0.263598 0.292279 0.264436 0.336023 0.284311 0.330776 0.244560 0.341271 0.284311 0.330776 0.299298 0.398546 0.302276 0.485880 0.244560 0.341271 0.251315 0.417139 0.277876 0.493100
209 0.262901 0.291443 0.264223 0.336683 0.283559 0.330982 0.244887 0.342384 0.283559 0.330982 0.300265 0.404446 0.303562 0.485750 0.244887 0.342384 0.249987 0.419363 0.277445 0.493043
210 0.262434 0.289962 0.264129 0.346249 0.283264 0.340920 0.244994 0.351579 0.283264 0.340920 0.301851 0.409186 0.304383 0.485944 0.244994 0.351579 0.250600 0.425610 0.278613 0.496312
211 0.261268 0.288343 0.264257 0.353704 0.282619 0.347345 0.245895 0.360063 0.282619 0.347345 0.302108 0.404615 0.305175 0.486026 0.245895 0.360063 0.250702 0.429617 0.278717 0.495928
212 0.260936 0.286055 0.263967 0.358910 0.281137 0.352678 0.246797 0.365142 0.281137 0.352678 0.303170 0.409847 0.305110 0.488111 0.246797 0.365142 0.250877 0.432531 0.276044 0.498407
213 0.260781 0.283425 0.262661 0.361342 0.279155 0.356232 0.246167 0.366452 0.279155 0.356232 0.303072 0.406858 0.305561 0.488928 0.246167 0.366452 0.250396 0.428846 0.275042 0.497583
214 0.259637 0.280287 0.262132 0.361415 0.278139 0.356049 0.246125 0.366781 0.278139 0.356049 0.302929 0.405973 0.305491 0.488753 0.246125 0.366781 0.249130 0.428637 0.274906 0.495197
215 0.257440 0.273592 0.259141 0.360522 0.274262 0.355697 0.244019 0.365346 0.274262 0.355697 0.302753 0.404998 0.305444 0.489102 0.244019 0.365346 0.249802 0.431927 0.275208 0.496510
216 0.256124 0.269101 0.257971 0.361779 0.272736 0.356919 0.243206 0.366638 0.272736 0.356919 0.302670 0.404312 0.304926 0.488961 0.243206 0.366638 0.250020 0.432575 0.274855 0.496692
217 0.254520 0.262769 0.257222 0.358279 0.272272 0.353756 0.242171 0.362803 0.272272 0.353756 0.302614 0.403821 0.304092 0.488897 0.242171 0.362803 0.250076 0.431670 0.274054 0.496466
218 0.252886 0.257806 0.257112 0.357082 0.272224 0.352637 0.242001 0.361526 0.272224 0.352637 0.303136 0.403355 0.303923 0.488750 0.242001 0.361526 0.250214 0.434831 0.273302 0.496492
219 0.250763 0.253585 0.256929 0.355795 0.272131 0.351331 0.241727 0.360260 0.272131 0.351331 0.303525 0.405590 0.304754 0.488717 0.241727 0.360260 0.250663 0.436535 0.273457 0.496613
220 0.249329 0.251274 0.256101 0.354931 0.271428 0.350239 0.240773 0.359622 0.271428 0.350239 0.303466 0.405202 0.304884 0.488643 0.240773 0.359622 0.250720 0.435738 0.273041 0.497855
221 0.248372 0.249577 0.256199 0.354522 0.271919 0.349844 0.240480 0.359199 0.271919 0.349844 0.303259 0.404861 0.304987 0.488622 0.240480 0.359199 0.250736 0.435509 0.272439 0.498317
222 0.246589 0.247994 0.255635 0.354196 0.271411 0.349545 0.239858 0.358846 0.271411 0.349545 0.303348 0.400691 0.304875 0.487726 0.239858 0.358846 0.249850 0.435096 0.270302 0.497797
223 0.245754 0.247805 0.254773 0.354515 0.270530 0.349862 0.239015 0.359167 0.270530 0.349862 0.303218 0.400709 0.304274 0.487277 0.239015 0.359167 0.249866 0.438348 0.269305 0.498678
224 0.245014 0.247863 0.254376 0.354343 0.270267 0.349640 0.238485 0.359046 0.270267 0.349640 0.303205 0.404584 0.303914 0.487521 0.238485 0.359046 0.249728 0.439116 0.265413 0.501940
225 0.244378 0.248120 0.253632 0.354633 0.270157 0.350086 0.237107 0.359180 0.270157 0.350086 0.302762 0.399452 0.303008 0.487246 0.237107 0.359180 0.249154 0.438883 0.263612 0.504966
226 0.243211 0.247994 0.252469 0.354655 0.268774 0.350134 0.236164 0.359175 0.268774 0.350134 0.303104 0.397084 0.303037 0.485992 0.236164 0.359175 0.248619 0.438257 0.262407 0.504418
227 0.242420 0.247552 0.252108 0.354593 0.268858 0.350031 0.235358 0.359154 0.268858 0.350031 0.302652 0.394704 0.302881 0.485550 0.235358 0.359154 0.248364 0.438121 0.262418 0.505216
228 0.242358 0.247438 0.251899 0.354498 0.268981 0.349895 0.234816 0.359100 0.268981 0.349895 0.301069 0.392099 0.302892 0.483809 0.234816 0.359100 0.247512 0.437652 0.256977 0.504565
229 0.242356 0.246865 0.252004 0.354438 0.269103 0.349832 0.234906 0.359044 0.269103 0.349832 0.300403 0.392894 0.302427 0.483602 0.234906 0.359044 0.244175 0.438529 0.255845 0.504545
230 0.242049 0.246403 0.251868 0.354267 0.268917 0.349629 0.234820 0.358906 0.268917 0.349629 0.300486 0.393334 0.302447 0.483708 0.234820 0.358906 0.244089 0.439470 0.256297 0.510548
231 0.241563 0.246498 0.251968 0.354263 0.269001 0.349576 0.234934 0.358949 0.269001 0.349576 0.300548 0.393456 0.302467 0.483905 0.234934 0.358949 0.244614 0.438819 0.256083 0.508966
232 0.241069 0.246263 0.251882 0.353783 0.268960 0.348878 0.234803 0.358689 0.268960 0.348878 0.300667 0.393773 0.302841 0.483973 0.234803 0.358689 0.245224 0.439337 0.257129 0.509394
233 0.240848 0.246131 0.251845 0.353990 0.268979 0.349026 0.234711 0.358954 0.268979 0.349026 0.299873 0.393876 0.302357 0.484160 0.234711 0.358954 0.246749 0.439870 0.259715 0.510607
234 0.240512 0.246075 0.251867 0.354404 0.269016 0.349324 0.234719 0.359484 0.269016 0.349324 0.300651 0.394400 0.303428 0.484039 0.234719 0.359484 0.244177 0.440892 0.257095 0.509804
235 0.240364 0.245948 0.251717 0.354115 0.268894 0.349029 0.234540 0.359201 0.268894 0.349029 0.300577 0.396480 0.303564 0.484076 0.234540 0.359201 0.243911 0.440641 0.255829 0.509571
236 0.240164 0.245846 0.251634 0.354128 0.268868 0.349000 0.234400 0.359255 0.268868 0.349000 0.300427 0.397708 0.303613 0.483754 0.234400 0.359255 0.243989 0.439473 0.255818 0.508887
237 0.240241 0.245925 0.251526 0.354368 0.268771 0.349116 0.234280 0.359620 0.268771 0.349116 0.300304 0.395722 0.303126 0.483786 0.234280 0.359620 0.242023 0.440684 0.252500 0.511905
238 0.240216 0.245994 0.251526 0.354642 0.268772 0.349227 0.234280 0.360057 0.268772 0.349227 0.300310 0.395684 0.303634 0.484078 0.234280 0.360057 0.242409 0.440546 0.252581 0.511276
239 0.240292 0.245925 0.251511 0.354627 0.268771 0.349224 0.234252 0.360031 0.268771 0.349224 0.300323 0.395378 0.303860 0.483950 0.234252 0.360031 0.242635 0.438534 0.252834 0.510964
