0
0
0 -1 -1 -1 -1 -1 -1 -1 -1 -1 -1 -1 -1 -1 -1 -1 -1 -1 -1 -1 -1
1 -1 -1 -1 -1 -1 -1 -1 -1 -1 -1 -1 -1 -1 -1 -1 -1 -1 -1 -1 -1
2 -1 -1 -1 -1 -1 -1 -1 -1 -1 -1 -1 -1 -1 -1 -1 -1 -1 -1 -1 -1
3 -1 -1 -1 -1 -1 -1 -1 -1 -1 -1 -1 -1 -1 -1 -1 -1 -1 -1 -1 -1
4 -1 -1 -1 -1 -1 -1 -1 -1 -1 -1 -1 -1 -1 -1 -1 -1 -1 -1 -1 -1
5 -1 -1 -1 -1 -1 -1 -1 -1 -1 -1 -1 -1 -1 -1 -1 -1 -1 -1 -1 -1
6 -1 -1 -1 -1 -1 -1 -1 -1 -1 -1 -1 -1 -1 -1 -1 -1 -1 -1 -1 -1
7 -1 -1 -1 -1 -1 -1 -1 -1 -1 -1 -1 -1 -1 -1 -1 -1 -1 -1 -1 -1
8 -1 -1 -1 -1 -1 -1 -1 -1 -1 -1 -1 -1 -1 -1 -1 -1 -1 -1 -1 -1
9 -1 -1 -1 -1 -1 -1 -1 -1 -1 -1 -1 -1 -1 -1 -1 -1 -1 -1 -1 -1
10 -1 -1 -1 -1 -1 -1 -1 -1 -1 -1 -1 -1 -1 -1 -1 -1 -1 -1 -1 -1
11 -1 -1 -1 -1 -1 -1 -1 -1 -1 -1 -1 -1 -1 -1 -1 -1 -1 -1 -1 -1
12 -1 -1 -1 -1 -1 -1 -1 -1 -1 -1 -1 -1 -1 -1 -1 -1 -1 -1 -1 -1
13 -1 -1 -1 -1 -1 -1 -1 -1 -1 -1 -1 -1 -1 -1 -1 -1 -1 -1 -1 -1
14 -1 -1 -1 -1 -1 -1 -1 -1 -1 -1 -1 -1 -1 -1 -1 -1 -1 -1 -1 -1
15 -1 -1 -1 -1 -1 -1 -1 -1 -1 -1 -1 -1 -1 -1 -1 -1 -1 -1 -1 -1
16 -1 -1 -1 -1 -1 -1 -1 -1 -1 -1 -1 -1 -1 -1 -1 -1 -1 -1 -1 -1
17 -1 -1 -1 -1 -1 -1 -1 -1 -1 -1 -1 -1 -1 -1 -1 -1 -1 -1 -1 -1
18 -1 -1 -1 -1 -1 -1 -1 -1 -1 -1 -1 -1 -1 -1 -1 -1 -1 -1 -1 -1
19 -1 -1 -1 -1 -1 -1 -1 -1 -1 -1 -1 -1 -1 -1 -1 -1 -1 -1 -1 -1
20 -1 -1 -1 -1 -1 -1 -1 -1 -1 -1 -1 -1 -1 -1 -1 -1 -1 -1 -1 -1
21 -1 -1 -1 -1 -1 -1 -1 -1 -1 -1 -1 -1 -1 -1 -1 -1 -1 -1 -1 -1
22 -1 -1 -1 -1 -1 -1 -1 -1 -1 -1 -1 -1 -1 -1 -1 -1 -1 -1 -1 -1
23 -1 -1 -1 -1 -1 -1 -1 -1 -1 -1 -1 -1 -1 -1 -1 -1 -1 -1 -1 -1
24 -1 -1 -1 -1 -1 -1 -1 -1 -1 -1 -1 -1 -1 -1 -1 -1 -1 -1 -1 -1
25 -1 -1 -1 -1 -1 -1 -1 -1 -1 -1 -1 -1 -1 -1 -1 -1 -1 -1 -1 -1
26 -1 -1 -1 -1 -1 -1 -1 -1 -1 -1 -1 -1 -1 -1 -1 -1 -1 -1 -1 -1
27 -1 -1 -1 -1 -1 -1 -1 -1 -1 -1 -1 -1 -1 -1 -1 -1 -1 -1 -1 -1
28 -1 -1 -1 -1 -1 -1 -1 -1 -1 -1 -1 -1 -1 -1 -1 -1 -1 -1 -1 -1
29 -1 -1 -1 -1 -1 -1 -1 -1 -1 -1 -1 -1 -1 -1 -1 -1 -1 -1 -1 -1
30 -1 -1 -1 -1 -1 -1 -1 -1 -1 -1 -1 -1 -1 -1 -1 -1 -1 -1 -1 -1
31 -1 -1 -1 -1 -1 -1 -1 -1 -1 -1 -1 -1 -1 -1 -1 -1 -1 -1 -1 -1
32 -1 -1 -1 -1 -1 -1 -1 -1 -1 -1 -1 -1 -1 -1 -1 -1 -1 -1 -1 -1
33 -1 -1 -1 -1 -1 -1 -1 -1 -1 -1 -1 -1 -1 -1 -1 -1 -1 -1 -1 -1
34 -1 -1 -1 -1 -1 -1 -1 -1 -1 -1 -1 -1 -1 -1 -1 -1 -1 -1 -1 -1
35 -1 -1 -1 -1 -1 -1 -1 -1 -1 -1 -1 -1 -1 -1 -1 -1 -1 -1 -1 -1
36 -1 -1 -1 -1 -1 -1 -1 -1 -1 -1 -1 -1 -1 -1 -1 -1 -1 -1 -1 -1
37 -1 -1 -1 -1 -1 -1 -1 -1 -1 -1 -1 -1 -1 -1 -1 -1 -1 -1 -1 -1
38 -1 -1 -1 -1 -1 -1 -1 -1 -1 -1 -1 -1 -1 -1 -1 -1 -1 -1 -1 -1
39 -1 -1 -1 -1 -1 -1 -1 -1 -1 -1 -1 -1 -1 -1 -1 -1 -1 -1 -1 -1
40 -1 -1 -1 -1 -1 -1 -1 -1 -1 -1 -1 -1 -1 -1 -1 -1 -1 -1 -1 -1
41 -1 -1 -1 -1 -1 -1 -1 -1 -1 -1 -1 -1 -1 -1 -1 -1 -1 -1 -1 -1
42 -1 -1 -1 -1 -1 -1 -1 -1 -1 -1 -1 -1 -1 -1 -1 -1 -1 -1 -1 -1
43 -1 -1 -1 -1 -1 -1 -1 -1 -1 -1 -1 -1 -1 -1 -1 -1 -1 -1 -1 -1
44 -1 -1 -1 -1 -1 -1 -1 -1 -1 -1 -1 -1 -1 -1 -1 -1 -1 -1 -1 -1
45 -1 -1 -1 -1 -1 -1 -1 -1 -1 -1 -1 -1 -1 -1 -1 -1 -1 -1 -1 -1
46 -1 -1 -1 -1 -1 -1 -1 -1 -1 -1 -1 -1 -1 -1 -1 -1 -1 -1 -1 -1
47 -1 -1 -1 -1 -1 -1 -1 -1 -1 -1 -1 -1 -1 -1 -1 -1 -1 -1 -1 -1
48 -1 -1 -1 -1 -1 -1 -1 -1 -1 -1 -1 -1 -1 -1 -1 -1 -1 -1 -1 -1
49 -1 -1 -1 -1 -1 -1 -1 -1 -1 -1 -1 -1 -1 -1 -1 -1 -1 -1 -1 -1
50 -1 -1 -1 -1 -1 -1 -1 -1 -1 -1 -1 -1 -1 -1 -1 -1 -1 -1 -1 -1
51 -1 -1 -1 -1 -1 -1 -1 -1 -1 -1 -1 -1 -1 -1 -1 -1 -1 -1 -1 -1
52 -1 -1 -1 -1 -1 -1 -1 -1 -1 -1 -1 -1 -1 -1 -1 -1 -1 -1 -1 -1
53 -1 -1 -1 -1 -1 -1 -1 -1 -1 -1 -1 -1 -1 -1 -1 -1 -1 -1 -1 -1
54 -1 -1 -1 -1 -1 -1 -1 -1 -1 -1 -1 -1 -1 -1 -1 -1 -1 -1 -1 -1
55 -1 -1 -1 -1 -1 -1 -1 -1 -1 -1 -1 -1 -1 -1 -1 -1 -1 -1 -1 -1
56 -1 -1 -1 -1 -1 -1 -1 -1 -1 -1 -1 -1 -1 -1 -1 -1 -1 -1 -1 -1
57 -1 -1 -1 -1 -1 -1 -1 -1 -1 -1 -1 -1 -1 -1 -1 -1 -1 -1 -1 -1
58 -1 -1 -1 -1 -1 -1 -1 -1 -1 -1 -1 -1 -1 -1 -1 -1 -1 -1 -1 -1
59 -1 -1 -1 -1 -1 -1 -1 -1 -1 -1 -1 -1 -1 -1 -1 -1 -1 -1 -1 -1
60 -1 -1 -1 -1 -1 -1 -1 -1 -1 -1 -1 -1 -1 -1 -1 -1 -1 -1 -1 -1
61 -1 -1 -1 -1 -1 -1 -1 -1 -1 -1 -1 -1 -1 -1 -1 -1 -1 -1 -1 -1
62 -1 -1 -1 -1 -1 -1 -1 -1 -1 -1 -1 -1 -1 -1 -1 -1 -1 -1 -1 -1
63 -1 -1 -1 -1 -1 -1 -1 -1 -1 -1 -1 -1 -1 -1 -1 -1 -1 -1 -1 -1
64 -1 -1 -1 -1 -1 -1 -1 -1 -1 -1 -1 -1 -1 -1 -1 -1 -1 -1 -1 -1
65 -1 -1 -1 -1 -1 -1 -1 -1 -1 -1 -1 -1 -1 -1 -1 -1 -1 -1 -1 -1
66 -1 -1 -1 -1 -1 -1 -1 -1 -1 -1 -1 -1 -1 -1 -1 -1 -1 -1 -1 -1
67 -1 -1 -1 -1 -1 -1 -1 -1 -1 -1 -1 -1 -1 -1 -1 -1 -1 -1 -1 -1
68 -1 -1 -1 -1 -1 -1 -1 -1 -1 -1 -1 -1 -1 -1 -1 -1 -1 -1 -1 -1
69 -1 -1 -1 -1 -1 -1 -1 -1 -1 -1 -1 -1 -1 -1 -1 -1 -1 -1 -1 -1
70 -1 -1 -1 -1 -1 -1 -1 -1 -1 -1 -1 -1 -1 -1 -1 -1 -1 -1 -1 -1
71 -1 -1 -1 -1 -1 -1 -1 -1 -1 -1 -1 -1 -1 -1 -1 -1 -1 -1 -1 -1
72 -1 -1 -1 -1 -1 -1 -1 -1 -1 -1 -1 -1 -1 -1 -1 -1 -1 -1 -1 -1
73 -1 -1 -1 -1 -1 -1 -1 -1 -1 -1 -1 -1 -1 -1 -1 -1 -1 -1 -1 -1
74 -1 -1 -1 -1 -1 -1 -1 -1 -1 -1 -1 -1 -1 -1 -1 -1 -1 -1 -1 -1
75 -1 -1 -1 -1 -1 -1 -1 -1 -1 -1 -1 -1 -1 -1 -1 -1 -1 -1 -1 -1
76 -1 -1 -1 -1 -1 -1 -1 -1 -1 -1 -1 -1 -1 -1 -1 -1 -1 -1 -1 -1
77 -1 -1 -1 -1 -1 -1 -1 -1 -1 -1 -1 -1 -1 -1 -1 -1 -1 -1 -1 -1
78 -1 -1 -1 -1 -1 -1 -1 -1 -1 -1 -1 -1 -1 -1 -1 -1 -1 -1 -1 -1
79 -1 -1 -1 -1 -1 -1 -1 -1 -1 -1 -1 -1 -1 -1 -1 -1 -1 -1 -1 -1
80 -1 -1 -1 -1 -1 -1 -1 -1 -1 -1 -1 -1 -1 -1 -1 -1 -1 -1 -1 -1
81 -1 -1 -1 -1 -1 -1 -1 -1 -1 -1 -1 -1 -1 -1 -1 -1 -1 -1 -1 -1
82 -1 -1 -1 -1 -1 -1 -1 -1 -1 -1 -1 -1 -1 -1 -1 -1 -1 -1 -1 -1
83 -1 -1 -1 -1 -1 -1 -1 -1 -1 -1 -1 -1 -1 -1 -1 -1 -1 -1 -1 -1
84 -1 -1 -1 -1 -1 -1 -1 -1 -1 -1 -1 -1 -1 -1 -1 -1 -1 -1 -1 -1
85 -1 -1 -1 -1 -1 -1 -1 -1 -1 -1 -1 -1 -1 -1 -1 -1 -1 -1 -1 -1
86 -1 -1 -1 -1 -1 -1 -1 -1 -1 -1 -1 -1 -1 -1 -1 -1 -1 -1 -1 -1
87 -1 -1 -1 -1 -1 -1 -1 -1 -1 -1 -1 -1 -1 -1 -1 -1 -1 -1 -1 -1
88 -1 -1 -1 -1 -1 -1 -1 -1 -1 -1 -1 -1 -1 -1 -1 -1 -1 -1 -1 -1
89 -1 -1 -1 -1 -1 -1 -1 -1 -1 -1 -1 -1 -1 -1 -1 -1 -1 -1 -1 -1
90 -1 -1 -1 -1 -1 -1 -1 -1 -1 -1 -1 -1 -1 -1 -1 -1 -1 -1 -1 -1
91 -1 -1 -1 -1 -1 -1 -1 -1 -1 -1 -1 -1 -1 -1 -1 -1 -1 -1 -1 -1
92 -1 -1 -1 -1 -1 -1 -1 -1 -1 -1 -1 -1 -1 -1 -1 -1 -1 -1 -1 -1
93 -1 -1 -1 -1 -1 -1 -1 -1 -1 -1 -1 -1 -1 -1 -1 -1 -1 -1 -1 -1
94 -1 -1 -1 -1 -1 -1 -1 -1 -1 -1 -1 -1 -1 -1 -1 -1 -1 -1 -1 -1
95 -1 -1 -1 -1 -1 -1 -1 -1 -1 -1 -1 -1 -1 -1 -1 -1 -1 -1 -1 -1
96 -1 -1 -1 -1 -1 -1 -1 -1 -1 -1 -1 -1 -1 -1 -1 -1 -1 -1 -1 -1
97 -1 -1 -1 -1 -1 -1 -1 -1 -1 -1 -1 -1 -1 -1 -1 -1 -1 -1 -1 -1
98 -1 -1 -1 -1 -1 -1 -1 -1 -1 -1 -1 -1 -1 -1 -1 -1 -1 -1 -1 -1
99 -1 -1 -1 -1 -1 -1 -1 -1 -1 -1 -1 -1 -1 -1 -1 -1 -1 -1 -1 -1
100 -1 -1 -1 -1 -1 -1 -1 -1 -1 -1 -1 -1 -1 -1 -1 -1 -1 -1 -1 -1
101 -1 -1 -1 -1 -1 -1 -1 -1 -1 -1 -1 -1 -1 -1 -1 -1 -1 -1 -1 -1
102 -1 -1 -1 -1 -1 -1 -1 -1 -1 -1 -1 -1 -1 -1 -1 -1 -1 -1 -1 -1
103 -1 -1 -1 -1 -1 -1 -1 -1 -1 -1 -1 -1 -1 -1 -1 -1 -1 -1 -1 -1
104 -1 -1 -1 -1 -1 -1 -1 -1 -1 -1 -1 -1 -1 -1 -1 -1 -1 -1 -1 -1
105 -1 -1 -1 -1 -1 -1 -1 -1 -1 -1 -1 -1 -1 -1 -1 -1 -1 -1 -1 -1
106 -1 -1 -1 -1 -1 -1 -1 -1 -1 -1 -1 -1 -1 -1 -1 -1 -1 -1 -1 -1
107 -1 -1 -1 -1 -1 -1 -1 -1 -1 -1 -1 -1 -1 -1 -1 -1 -1 -1 -1 -1
108 -1 -1 -1 -1 -1 -1 -1 -1 -1 -1 -1 -1 -1 -1 -1 -1 -1 -1 -1 -1
109 -1 -1 -1 -1 -1 -1 -1 -1 -1 -1 -1 -1 -1 -1 -1 -1 -1 -1 -1 -1
110 -1 -1 -1 -1 -1 -1 -1 -1 -1 -1 -1 -1 -1 -1 -1 -1 -1 -1 -1 -1
111 -1 -1 -1 -1 -1 -1 -1 -1 -1 -1 -1 -1 -1 -1 -1 -1 -1 -1 -1 -1
112 -1 -1 -1 -1 -1 -1 -1 -1 -1 -1 -1 -1 -1 -1 -1 -1 -1 -1 -1 -1
113 -1 -1 -1 -1 -1 -1 -1 -1 -1 -1 -1 -1 -1 -1 -1 -1 -1 -1 -1 -1
114 -1 -1 -1 -1 -1 -1 -1 -1 -1 -1 -1 -1 -1 -1 -1 -1 -1 -1 -1 -1
115 -1 -1 -1 -1 -1 -1 -1 -1 -1 -1 -1 -1 -1 -1 -1 -1 -1 -1 -1 -1
116 -1 -1 -1 -1 -1 -1 -1 -1 -1 -1 -1 -1 -1 -1 -1 -1 -1 -1 -1 -1
117 -1 -1 -1 -1 -1 -1 -1 -1 -1 -1 -1 -1 -1 -1 -1 -1 -1 -1 -1 -1
118 -1 -1 -1 -1 -1 -1 -1 -1 -1 -1 -1 -1 -1 -1 -1 -1 -1 -1 -1 -1
119 -1 -1 -1 -1 -1 -1 -1 -1 -1 -1 -1 -1 -1 -1 -1 -1 -1 -1 -1 -1
120 -1 -1 -1 -1 -1 -1 -1 -1 -1 -1 -1 -1 -1 -1 -1 -1 -1 -1 -1 -1
121 -1 -1 -1 -1 -1 -1 -1 -1 -1 -1 -1 -1 -1 -1 -1 -1 -1 -1 -1 -1
122 -1 -1 -1 -1 -1 -1 -1 -1 -1 -1 -1 -1 -1 -1 -1 -1 -1 -1 -1 -1
123 -1 -1 -1 -1 -1 -1 -1 -1 -1 -1 -1 -1 -1 -1 -1 -1 -1 -1 -1 -1
124 -1 -1 -1 -1 -1 -1 -1 -1 -1 -1 -1 -1 -1 -1 -1 -1 -1 -1 -1 -1
125 -1 -1 -1 -1 -1 -1 -1 -1 -1 -1 -1 -1 -1 -1 -1 -1 -1 -1 -1 -1
126 -1 -1 -1 -1 -1 -1 -1 -1 -1 -1 -1 -1 -1 -1 -1 -1 -1 -1 -1 -1
127 -1 -1 -1 -1 -1 -1 -1 -1 -1 -1 -1 -1 -1 -1 -1 -1 -1 -1 -1 -1
128 -1 -1 -1 -1 -1 -1 -1 -1 -1 -1 -1 -1 -1 -1 -1 -1 -1 -1 -1 -1
129 -1 -1 -1 -1 -1 -1 -1 -1 -1 -1 -1 -1 -1 -1 -1 -1 -1 -1 -1 -1
130 -1 -1 -1 -1 -1 -1 -1 -1 -1 -1 -1 -1 -1 -1 -1 -1 -1 -1 -1 -1
131 -1 -1 -1 -1 -1 -1 -1 -1 -1 -1 -1 -1 -1 -1 -1 -1 -1 -1 -1 -1
132 -1 -1 -1 -1 -1 -1 -1 -1 -1 -1 -1 -1 -1 -1 -1 -1 -1 -1 -1 -1
133 -1 -1 -1 -1 -1 -1 -1 -1 -1 -1 -1 -1 -1 -1 -1 -1 -1 -1 -1 -1
134 -1 -1 -1 -1 -1 -1 -1 -1 -1 -1 -1 -1 -1 -1 -1 -1 -1 -1 -1 -1
135 -1 -1 -1 -1 -1 -1 -1 -1 -1 -1 -1 -1 -1 -1 -1 -1 -1 -1 -1 -1
136 -1 -1 -1 -1 -1 -1 -1 -1 -1 -1 -1 -1 -1 -1 -1 -1 -1 -1 -1 -1
137 -1 -1 -1 -1 -1 -1 -1 -1 -1 -1 -1 -1 -1 -1 -1 -1 -1 -1 -1 -1
138 -1 -1 -1 -1 -1 -1 -1 -1 -1 -1 -1 -1 -1 -1 -1 -1 -1 -1 -1 -1
139 -1 -1 -1 -1 -1 -1 -1 -1 -1 -1 -1 -1 -1 -1 -1 -1 -1 -1 -1 -1
140 -1 -1 -1 -1 -1 -1 -1 -1 -1 -1 -1 -1 -1 -1 -1 -1 -1 -1 -1 -1
141 -1 -1 -1 -1 -1 -1 -1 -1 -1 -1 -1 -1 -1 -1 -1 -1 -1 -1 -1 -1
142 -1 -1 -1 -1 -1 -1 -1 -1 -1 -1 -1 -1 -1 -1 -1 -1 -1 -1 -1 -1
143 -1 -1 -1 -1 -1 -1 -1 -1 -1 -1 -1 -1 -1 -1 -1 -1 -1 -1 -1 -1
144 -1 -1 -1 -1 -1 -1 -1 -1 -1 -1 -1 -1 -1 -1 -1 -1 -1 -1 -1 -1
145 -1 -1 -1 -1 -1 -1 -1 -1 -1 -1 -1 -1 -1 -1 -1 -1 -1 -1 -1 -1
146 -1 -1 -1 -1 -1 -1 -1 -1 -1 -1 -1 -1 -1 -1 -1 -1 -1 -1 -1 -1
147 -1 -1 -1 -1 -1 -1 -1 -1 -1 -1 -1 -1 -1 -1 -1 -1 -1 -1 -1 -1
148 -1 -1 -1 -1 -1 -1 -1 -1 -1 -1 -1 -1 -1 -1 -1 -1 -1 -1 -1 -1
149 -1 -1 -1 -1 -1 -1 -1 -1 -1 -1 -1 -1 -1 -1 -1 -1 -1 -1 -1 -1
150 -1 -1 -1 -1 -1 -1 -1 -1 -1 -1 -1 -1 -1 -1 -1 -1 -1 -1 -1 -1
151 -1 -1 -1 -1 -1 -1 -1 -1 -1 -1 -1 -1 -1 -1 -1 -1 -1 -1 -1 -1
152 -1 -1 -1 -1 -1 -1 -1 -1 -1 -1 -1 -1 -1 -1 -1 -1 -1 -1 -1 -1
153 -1 -1 -1 -1 -1 -1 -1 -1 -1 -1 -1 -1 -1 -1 -1 -1 -1 -1 -1 -1
154 -1 -1 -1 -1 -1 -1 -1 -1 -1 -1 -1 -1 -1 -1 -1 -1 -1 -1 -1 -1
155 -1 -1 -1 -1 -1 -1 -1 -1 -1 -1 -1 -1 -1 -1 -1 -1 -1 -1 -1 -1
156 -1 -1 -1 -1 -1 -1 -1 -1 -1 -1 -1 -1 -1 -1 -1 -1 -1 -1 -1 -1
157 -1 -1 -1 -1 -1 -1 -1 -1 -1 -1 -1 -1 -1 -1 -1 -1 -1 -1 -1 -1
158 -1 -1 -1 -1 -1 -1 -1 -1 -1 -1 -1 -1 -1 -1 -1 -1 -1 -1 -1 -1
159 -1 -1 -1 -1 -1 -1 -1 -1 -1 -1 -1 -1 -1 -1 -1 -1 -1 -1 -1 -1
160 -1 -1 -1 -1 -1 -1 -1 -1 -1 -1 -1 -1 -1 -1 -1 -1 -1 -1 -1 -1
161 -1 -1 -1 -1 -1 -1 -1 -1 -1 -1 -1 -1 -1 -1 -1 -1 -1 -1 -1 -1
162 -1 -1 -1 -1 -1 -1 -1 -1 -1 -1 -1 -1 -1 -1 -1 -1 -1 -1 -1 -1
163 -1 -1 -1 -1 -1 -1 -1 -1 -1 -1 -1 -1 -1 -1 -1 -1 -1 -1 -1 -1
164 -1 -1 -1 -1 -1 -1 -1 -1 -1 -1 -1 -1 -1 -1 -1 -1 -1 -1 -1 -1
165 -1 -1 -1 -1 -1 -1 -1 -1 -1 -1 -1 -1 -1 -1 -1 -1 -1 -1 -1 -1
166 -1 -1 -1 -1 -1 -1 -1 -1 -1 -1 -1 -1 -1 -1 -1 -1 -1 -1 -1 -1
167 -1 -1 -1 -1 -1 -1 -1 -1 -1 -1 -1 -1 -1 -1 -1 -1 -1 -1 -1 -1
168 -1 -1 -1 -1 -1 -1 -1 -1 -1 -1 -1 -1 -1 -1 -1 -1 -1 -1 -1 -1
169 -1 -1 -1 -1 -1 -1 -1 -1 -1 -1 -1 -1 -1 -1 -1 -1 -1 -1 -1 -1
170 -1 -1 -1 -1 -1 -1 -1 -1 -1 -1 -1 -1 -1 -1 -1 -1 -1 -1 -1 -1
171 -1 -1 -1 -1 -1 -1 -1 -1 -1 -1 -1 -1 -1 -1 -1 -1 -1 -1 -1 -1
172 -1 -1 -1 -1 -1 -1 -1 -1 -1 -1 -1 -1 -1 -1 -1 -1 -1 -1 -1 -1
173 -1 -1 -1 -1 -1 -1 -1 -1 -1 -1 -1 -1 -1 -1 -1 -1 -1 -1 -1 -1
174 -1 -1 -1 -1 -1 -1 -1 -1 -1 -1 -1 -1 -1 -1 -1 -1 -1 -1 -1 -1
175 -1 -1 -1 -1 -1 -1 -1 -1 -1 -1 -1 -1 -1 -1 -1 -1 -1 -1 -1 -1
176 -1 -1 -1 -1 -1 -1 -1 -1 -1 -1 -1 -1 -1 -1 -1 -1 -1 -1 -1 -1
177 -1 -1 -1 -1 -1 -1 -1 -1 -1 -1 -1 -1 -1 -1 -1 -1 -1 -1 -1 -1
178 -1 -1 -1 -1 -1 -1 -1 -1 -1 -1 -1 -1 -1 -1 -1 -1 -1 -1 -1 -1
179 -1 -1 -1 -1 -1 -1 -1 -1 -1 -1 -1 -1 -1 -1 -1 -1 -1 -1 -1 -1
180 -1 -1 -1 -1 -1 -1 -1 -1 -1 -1 -1 -1 -1 -1 -1 -1 -1 -1 -1 -1
181 0.409435 0.209272 0.414379 0.357895 0.413538 0.359774 0.415221 0.356016 0.413538 0.359774 0.420953 0.460609 0.445736 0.554576 0.415221 0.356016 0.396640 0.451660 0.386428 0.543618
182 0.403444 0.209178 0.408043 0.354955 0.408236 0.356491 0.407850 0.353420 0.408236 0.356491 0.420870 0.454412 0.447139 0.552513 0.407850 0.353420 0.391875 0.447911 0.374959 0.536575
183 0.397097 0.209489 0.400532 0.353755 0.399674 0.355526 0.401389 0.351983 0.399674 0.355526 0.410559 0.451284 0.445072 0.546759 0.401389 0.351983 0.388018 0.445155 0.371446 0.532595
184 0.390258 0.209361 0.393489 0.350887 0.393326 0.352187 0.393652 0.349588 0.393326 0.352187 0.408408 0.450933 0.443827 0.542914 0.393652 0.349588 0.381458 0.447221 0.370009 0.536409
185 0.381177 0.206428 0.384734 0.346954 0.387504 0.347253 0.381963 0.346655 0.387504 0.347253 0.402582 0.448557 0.441592 0.539138 0.381963 0.346655 0.374059 0.446240 0.370419 0.535887
186 0.374553 0.205301 0.377542 0.343771 0.378677 0.344585 0.376407 0.342957 0.378677 0.344585 0.389266 0.446334 0.438668 0.536842 0.376407 0.342957 0.374487 0.440888 0.368260 0.536110
187 0.365915 0.203869 0.370436 0.341276 0.369937 0.342359 0.370935 0.340192 0.369937 0.342359 0.379354 0.445773 0.435074 0.533383 0.370935 0.340192 0.373376 0.439895 0.368652 0.535830
188 0.358400 0.202744 0.362956 0.338698 0.362015 0.340341 0.363898 0.337055 0.362015 0.340341 0.367903 0.441750 0.416162 0.518905 0.363898 0.337055 0.365896 0.434865 0.368537 0.535905
189 0.355108 0.202434 0.358621 0.337732 0.356798 0.339656 0.360444 0.335807 0.356798 0.339656 0.356857 0.436614 0.373737 0.528383 0.360444 0.335807 0.358658 0.427429 0.371058 0.510265
190 0.347295 0.199000 0.353136 0.338718 0.350329 0.341132 0.355942 0.336305 0.350329 0.341132 0.346502 0.433682 0.366752 0.532422 0.355942 0.336305 0.355629 0.426031 0.371405 0.500774
191 0.341291 0.199358 0.351111 0.338420 0.347549 0.341482 0.354674 0.335358 0.347549 0.341482 0.339927 0.429780 0.368193 0.532084 0.354674 0.335358 0.348862 0.421036 0.372332 0.508614
192 -1 -1 -1 -1 -1 -1 -1 -1 -1 -1 -1 -1 -1 -1 -1 -1 -1 -1 -1 -1
193 -1 -1 -1 -1 -1 -1 -1 -1 -1 -1 -1 -1 -1 -1 -1 -1 -1 -1 -1 -1
194 -1 -1 -1 -1 -1 -1 -1 -1 -1 -1 -1 -1 -1 -1 -1 -1 -1 -1 -1 -1
195 -1 -1 -1 -1 -1 -1 -1 -1 -1 -1 -1 -1 -1 -1 -1 -1 -1 -1 -1 -1
196 -1 -1 -1 -1 -1 -1 -1 -1 -1 -1 -1 -1 -1 -1 -1 -1 -1 -1 -1 -1
197 -1 -1 -1 -1 -1 -1 -1 -1 -1 -1 -1 -1 -1 -1 -1 -1 -1 -1 -1 -1
198 -1 -1 -1 -1 -1 -1 -1 -1 -1 -1 -1 -1 -1 -1 -1 -1 -1 -1 -1 -1
199 -1 -1 -1 -1 -1 -1 -1 -1 -1 -1 -1 -1 -1 -1 -1 -1 -1 -1 -1 -1
200 -1 -1 -1 -1 -1 -1 -1 -1 -1 -1 -1 -1 -1 -1 -1 -1 -1 -1 -1 -1
201 -1 -1 -1 -1 -1 -1 -1 -1 -1 -1 -1 -1 -1 -1 -1 -1 -1 -1 -1 -1
202 -1 -1 -1 -1 -1 -1 -1 -1 -1 -1 -1 -1 -1 -1 -1 -1 -1 -1 -1 -1
203 0.280223 0.212062 0.293592 0.332396 0.303397 0.331629 0.283787 0.333163 0.303397 0.331629 0.306785 0.424210 0.344764 0.502701 0.283787 0.333163 0.281271 0.418189 0.294071 0.489639
204 0.274896 0.211122 0.291921 0.326596 0.303589 0.324737 0.280253 0.328455 0.303589 0.324737 0.303928 0.420540 0.339585 0.497389 0.280253 0.328455 0.279506 0.410391 0.296971 0.490860
205 0.271140 0.207513 0.289663 0.323070 0.302442 0.320562 0.276884 0.325579 0.302442 0.320562 0.299776 0.415716 0.328576 0.486669 0.276884 0.325579 0.280467 0.413061 0.301152 0.490737
206 0.268261 0.203759 0.285924 0.319088 0.299097 0.316248 0.272750 0.321928 0.299097 0.316248 0.297446 0.412029 0.314678 0.489218 0.272750 0.321928 0.278059 0.413301 0.305262 0.487508
207 0.265691 0.199688 0.282406 0.318344 0.296470 0.315882 0.268343 0.320806 0.296470 0.315882 0.298304 0.405965 0.310493 0.486540 0.268343 0.320806 0.277198 0.408547 0.300536 0.480674
208 0.263706 0.199145 0.279422 0.318774 0.295119 0.316398 0.263726 0.321149 0.295119 0.316398 0.297656 0.406454 0.309970 0.488528 0.263726 0.321149 0.273769 0.409598 0.291329 0.483354
209 0.262516 0.197936 0.276852 0.317755 0.293093 0.315498 0.260610 0.320013 0.293093 0.315498 0.296017 0.404519 0.304588 0.487952 0.260610 0.320013 0.271207 0.408040 0.280452 0.482057
210 0.262984 0.197861 0.274678 0.317007 0.290816 0.315050 0.258540 0.318965 0.290816 0.315050 0.294574 0.401722 0.298249 0.484079 0.258540 0.318965 0.270895 0.405491 0.278025 0.480351
211 0.263902 0.199923 0.273158 0.316788 0.288979 0.314664 0.257338 0.318911 0.288979 0.314664 0.292032 0.397422 0.295939 0.482563 0.257338 0.318911 0.271568 0.403477 0.282256 0.481986
212 0.263949 0.204301 0.271538 0.317553 0.286588 0.315338 0.256488 0.319768 0.286588 0.315338 0.290888 0.396748 0.296174 0.482712 0.256488 0.319768 0.273185 0.403728 0.284225 0.479053
213 0.264708 0.207388 0.269878 0.318180 0.284682 0.316206 0.255074 0.320154 0.284682 0.316206 0.290771 0.398688 0.298588 0.483569 0.255074 0.320154 0.271521 0.404589 0.279584 0.480341
214 0.265161 0.211614 0.267626 0.318673 0.281943 0.316385 0.253308 0.320961 0.281943 0.316385 0.289446 0.396640 0.294604 0.478823 0.253308 0.320961 0.272538 0.403261 0.282823 0.478921
215 0.265692 0.216846 0.266574 0.321322 0.280777 0.318273 0.252371 0.324372 0.280777 0.318273 0.289110 0.398315 0.296985 0.480341 0.252371 0.324372 0.273040 0.405151 0.284302 0.479786
216 0.265982 0.222438 0.264998 0.324401 0.278920 0.321356 0.251076 0.327446 0.278920 0.321356 0.288872 0.400998 0.298286 0.480882 0.251076 0.327446 0.270629 0.407191 0.281875 0.479946
217 0.266385 0.226577 0.262684 0.326808 0.276273 0.323591 0.249095 0.330026 0.276273 0.323591 0.288242 0.401460 0.297916 0.481467 0.249095 0.330026 0.269145 0.407823 0.280432 0.481913
218 0.267398 0.233404 0.261762 0.334259 0.274741 0.331664 0.248783 0.336855 0.274741 0.331664 0.288895 0.401671 0.295025 0.482252 0.248783 0.336855 0.269549 0.409674 0.281294 0.482633
219 0.267497 0.241505 0.259867 0.338640 0.273049 0.336240 0.246684 0.341039 0.273049 0.336240 0.288101 0.402982 0.295243 0.482962 0.246684 0.341039 0.269936 0.410421 0.278847 0.482798
220 0.267236 0.248242 0.257977 0.341103 0.271280 0.338575 0.244673 0.343631 0.271280 0.338575 0.287416 0.404438 0.295012 0.483322 0.244673 0.343631 0.263823 0.411020 0.265386 0.482413
221 0.267583 0.253386 0.256810 0.344065 0.270070 0.342400 0.243549 0.345730 0.270070 0.342400 0.287876 0.407260 0.294691 0.483974 0.243549 0.345730 0.264669 0.412355 0.270234 0.482575
222 0.266633 0.259818 0.255408 0.348952 0.268139 0.347184 0.242677 0.350720 0.268139 0.347184 0.286854 0.412249 0.294236 0.485205 0.242677 0.350720 0.263406 0.416592 0.268827 0.483432
223 0.265236 0.266134 0.252649 0.356022 0.265664 0.352277 0.239633 0.359766 0.265664 0.352277 0.285829 0.414928 0.294680 0.485158 0.239633 0.359766 0.262139 0.421963 0.264001 0.482753
224 0.262778 0.272601 0.249878 0.359092 0.263120 0.355305 0.236635 0.362878 0.263120 0.355305 0.286281 0.417275 0.294707 0.486406 0.236635 0.362878 0.262694 0.430180 0.266084 0.484247
225 0.260785 0.276678 0.248759 0.360270 0.262157 0.356363 0.235361 0.364178 0.262157 0.356363 0.284404 0.418746 0.293972 0.486340 0.235361 0.364178 0.255948 0.431136 0.265053 0.483728
226 0.258115 0.282983 0.247091 0.365203 0.260689 0.359637 0.233493 0.370768 0.260689 0.359637 0.284958 0.417487 0.294345 0.488412 0.233493 0.370768 0.258503 0.441100 0.265706 0.484233
227 0.254671 0.286387 0.245534 0.371990 0.259437 0.365157 0.231630 0.378823 0.259437 0.365157 0.286238 0.416628 0.294227 0.489254 0.231630 0.378823 0.270235 0.438794 0.271448 0.481702
228 0.251557 0.283728 0.244897 0.369484 0.257489 0.363489 0.232305 0.375479 0.257489 0.363489 0.286366 0.416175 0.292714 0.489995 0.232305 0.375479 0.269435 0.425665 0.282936 0.483135
229 0.248166 0.283328 0.243367 0.371280 0.256049 0.365862 0.230686 0.376698 0.256049 0.365862 0.285397 0.417043 0.293080 0.492677 0.230686 0.376698 0.271250 0.431769 0.279856 0.487982
230 0.243574 0.281666 0.241599 0.371344 0.254039 0.366525 0.229159 0.376164 0.254039 0.366525 0.285539 0.413331 0.293427 0.492249 0.229159 0.376164 0.270171 0.425268 0.278955 0.486662
231 0.239481 0.279835 0.240899 0.369908 0.252948 0.364749 0.228850 0.375067 0.252948 0.364749 0.285501 0.412024 0.294171 0.491988 0.228850 0.375067 0.268754 0.422987 0.277862 0.486784
232 0.236479 0.274106 0.241110 0.368182 0.253313 0.363195 0.228907 0.373169 0.253313 0.363195 0.287832 0.407264 0.295628 0.491419 0.228907 0.373169 0.268716 0.416632 0.272923 0.489091
233 0.233988 0.269681 0.240671 0.367179 0.253099 0.362282 0.228243 0.372076 0.253099 0.362282 0.287794 0.406705 0.295310 0.491098 0.228243 0.372076 0.268880 0.412766 0.276443 0.488693
234 0.231565 0.265295 0.239571 0.365254 0.252088 0.361102 0.227053 0.369407 0.252088 0.361102 0.286960 0.407086 0.293653 0.490833 0.227053 0.369407 0.268719 0.411130 0.274197 0.487429
235 0.229706 0.261732 0.239590 0.362731 0.252269 0.358721 0.226911 0.366741 0.252269 0.358721 0.286315 0.406813 0.293351 0.490100 0.226911 0.366741 0.268295 0.408086 0.274177 0.484451
236 0.228693 0.259471 0.240260 0.361056 0.252792 0.357266 0.227729 0.364846 0.252792 0.357266 0.287610 0.415357 0.293446 0.490045 0.227729 0.364846 0.267150 0.400754 0.276535 0.471652
237 0.227279 0.258425 0.240569 0.360192 0.253287 0.356484 0.227852 0.363901 0.253287 0.356484 0.287282 0.414664 0.292606 0.486264 0.227852 0.363901 0.265807 0.393842 0.278379 0.471500
238 0.226387 0.257011 0.240742 0.359711 0.253594 0.356302 0.227890 0.363120 0.253594 0.356302 0.287370 0.414669 0.292691 0.483226 0.227890 0.363120 0.258396 0.396566 0.275819 0.459565
239 0.224965 0.255662 0.240595 0.358897 0.253757 0.355804 0.227432 0.361990 0.253757 0.355804 0.285969 0.414377 0.292796 0.477897 0.227432 0.361990 0.251270 0.398223 0.274858 0.440400
240 0.223933 0.254962 0.240444 0.358566 0.253751 0.355467 0.227137 0.361665 0.253751 0.355467 0.285118 0.414877 0.293248 0.479161 0.227137 0.361665 0.234497 0.413422 0.265842 0.440887
241 0.223124 0.254218 0.240005 0.356072 0.253255 0.352941 0.226755 0.359203 0.253255 0.352941 0.285056 0.414822 0.293705 0.479637 0.226755 0.359203 0.243018 0.390750 0.266348 0.428315
242 0.222201 0.253955 0.240072 0.356115 0.253236 0.352962 0.226907 0.359268 0.253236 0.352962 0.283574 0.414663 0.293543 0.479184 0.226907 0.359268 0.243585 0.405926 0.263801 0.436950
243 0.221713 0.253614 0.240035 0.356334 0.253086 0.353145 0.226983 0.359524 0.253086 0.353145 0.283751 0.410933 0.293436 0.479706 0.226983 0.359524 0.230115 0.411629 0.251472 0.442586
244 0.221095 0.253295 0.239893 0.356506 0.253060 0.353293 0.226725 0.359719 0.253060 0.353293 0.283882 0.409038 0.292717 0.480056 0.226725 0.359719 0.235692 0.411871 0.254209 0.446346
245 0.220672 0.252735 0.239468 0.354596 0.252483 0.350728 0.226453 0.358464 0.252483 0.350728 0.284013 0.403349 0.291657 0.480628 0.226453 0.358464 0.238348 0.418982 0.256325 0.478424
246 0.220512 0.253065 0.239508 0.354955 0.252567 0.351135 0.226448 0.358776 0.252567 0.351135 0.281385 0.403860 0.288855 0.478937 0.226448 0.358776 0.245443 0.369956 0.288604 0.412277
247 0.220490 0.252954 0.239584 0.355513 0.252635 0.351476 0.226533 0.359549 0.252635 0.351476 0.281456 0.404712 0.287001 0.478535 0.226533 0.359549 0.249949 0.365976 0.296940 0.410110
248 0.220624 0.252783 0.239563 0.355453 0.252616 0.351590 0.226509 0.359315 0.252616 0.351590 0.279652 0.414073 0.285613 0.481887 0.226509 0.359315 0.254171 0.363557 0.298288 0.411717
249 0.220738 0.252652 0.239029 0.355530 0.252013 0.351678 0.226045 0.359382 0.252013 0.351678 0.279789 0.415575 0.284669 0.485343 0.226045 0.359382 0.255586 0.347841 0.296537 0.418132
250 0.220900 0.252688 0.238762 0.355649 0.251715 0.351782 0.225809 0.359516 0.251715 0.351782 0.280091 0.414243 0.285510 0.484090 0.225809 0.359516 0.258600 0.360606 0.299084 0.419484
251 0.221657 0.252782 0.238741 0.357045 0.251732 0.352861 0.225751 0.361229 0.251732 0.352861 0.279974 0.421188 0.285180 0.488637 0.225751 0.361229 0.258703 0.355816 0.295561 0.422030
252 0.222048 0.252931 0.240113 0.357356 0.253162 0.353030 0.227064 0.361682 0.253162 0.353030 0.277371 0.426175 0.284718 0.490481 0.227064 0.361682 0.261267 0.362887 0.296274 0.423497
253 0.223025 0.252936 0.240856 0.357793 0.254221 0.353497 0.227492 0.362089 0.254221 0.353497 0.276007 0.426521 0.284790 0.491412 0.227492 0.362089 0.259565 0.372798 0.291697 0.432557
254 0.224614 0.252424 0.241062 0.358010 0.254462 0.353792 0.227662 0.362228 0.254462 0.353792 0.275828 0.426399 0.285033 0.491748 0.227662 0.362228 0.258672 0.384281 0.291447 0.432168
255 0.226191 0.253075 0.242231 0.358564 0.255568 0.354443 0.228894 0.362685 0.255568 0.354443 0.276433 0.428287 0.285082 0.493274 0.228894 0.362685 0.252506 0.402080 0.284957 0.437016
256 0.227710 0.253357 0.242142 0.358096 0.255468 0.354336 0.228816 0.361855 0.255468 0.354336 0.276701 0.426736 0.285160 0.492443 0.228816 0.361855 0.248644 0.401229 0.280065 0.441268
257 0.229258 0.253824 0.242926 0.358918 0.256469 0.355531 0.229384 0.362304 0.256469 0.355531 0.276930 0.429930 0.284870 0.493335 0.229384 0.362304 0.255957 0.385167 0.285967 0.422770
258 0.230251 0.253956 0.242872 0.358840 0.256437 0.355484 0.229308 0.362197 0.256437 0.355484 0.277299 0.428238 0.284825 0.493162 0.229308 0.362197 0.254274 0.386567 0.287517 0.426546
259 0.231358 0.254323 0.242765 0.358814 0.256372 0.355458 0.229159 0.362170 0.256372 0.355458 0.277321 0.427221 0.284341 0.492736 0.229159 0.362170 0.252114 0.391122 0.288169 0.427135
260 0.232228 0.254923 0.242662 0.359425 0.256262 0.355810 0.229061 0.363039 0.256262 0.355810 0.280114 0.424698 0.284139 0.492454 0.229061 0.363039 0.236130 0.408261 0.270956 0.445539
261 0.233065 0.255201 0.242471 0.359274 0.256248 0.355770 0.228694 0.362778 0.256248 0.355770 0.281386 0.421379 0.284419 0.491974 0.228694 0.362778 0.240856 0.412545 0.275455 0.456873
262 0.233323 0.255973 0.242492 0.359266 0.256246 0.355761 0.228738 0.362772 0.256246 0.355761 0.282463 0.421054 0.286333 0.491806 0.228738 0.362772 0.240100 0.422425 0.264580 0.470376
263 0.234165 0.256310 0.242467 0.359294 0.256204 0.355739 0.228731 0.362850 0.256204 0.355739 0.283160 0.419801 0.286410 0.489734 0.228731 0.362850 0.241641 0.412913 0.271958 0.444518
264 0.234936 0.256227 0.242572 0.359010 0.256164 0.355723 0.228979 0.362298 0.256164 0.355723 0.282971 0.419725 0.286331 0.489847 0.228979 0.362298 0.244287 0.412054 0.272474 0.450056
265 0.235797 0.256703 0.242851 0.358904 0.256462 0.355522 0.229240 0.362285 0.256462 0.355522 0.282882 0.419693 0.286314 0.489860 0.229240 0.362285 0.250839 0.413063 0.280552 0.445454
266 0.236903 0.256917 0.242973 0.358902 0.256445 0.355510 0.229500 0.362293 0.256445 0.355510 0.282901 0.419257 0.286636 0.489957 0.229500 0.362293 0.247129 0.425875 0.270197 0.479147
267 0.237920 0.256928 0.242939 0.357595 0.256398 0.355376 0.229481 0.359813 0.256398 0.355376 0.282096 0.419300 0.285705 0.490306 0.229481 0.359813 0.259696 0.402745 0.273795 0.438912
268 0.238356 0.256990 0.242004 0.356415 0.255369 0.354773 0.228638 0.358057 0.255369 0.354773 0.280521 0.418794 0.285726 0.490320 0.228638 0.358057 0.258343 0.380919 0.275522 0.418529
269 0.238294 0.257357 0.242175 0.359509 0.255453 0.357324 0.228898 0.361694 0.255453 0.357324 0.281005 0.421475 0.286432 0.490934 0.228898 0.361694 0.258612 0.399053 0.267237 0.457113
270 0.238397 0.257929 0.242315 0.359437 0.255710 0.357182 0.228921 0.361692 0.255710 0.357182 0.280124 0.423717 0.286175 0.491708 0.228921 0.361692 0.253947 0.381771 0.266722 0.418530
271 0.238845 0.258074 0.242451 0.359332 0.255768 0.357076 0.229134 0.361588 0.255768 0.357076 0.279828 0.424287 0.286386 0.492239 0.229134 0.361588 0.256844 0.368595 0.286323 0.427737
272 0.239160 0.257874 0.243080 0.359274 0.256327 0.357009 0.229834 0.361539 0.256327 0.357009 0.279945 0.425174 0.286175 0.493453 0.229834 0.361539 0.262331 0.365718 0.292045 0.427903
273 0.239266 0.257955 0.243089 0.359827 0.256324 0.357643 0.229854 0.362011 0.256324 0.357643 0.281207 0.425126 0.286061 0.493585 0.229854 0.362011 0.268013 0.371651 0.290763 0.429443
274 0.239441 0.257508 0.242645 0.359810 0.255762 0.357556 0.229527 0.362063 0.255762 0.357556 0.281159 0.424679 0.285822 0.493733 0.229527 0.362063 0.269493 0.371162 0.296133 0.429458
275 0.239742 0.256642 0.242187 0.359785 0.255119 0.357513 0.229255 0.362057 0.255119 0.357513 0.281223 0.424710 0.285730 0.494140 0.229255 0.362057 0.270526 0.366196 0.295231 0.433071
276 0.239829 0.256862 0.241739 0.359869 0.254488 0.357462 0.228990 0.362277 0.254488 0.357462 0.282224 0.422155 0.285699 0.492726 0.228990 0.362277 0.271632 0.366948 0.295159 0.439007
277 0.239842 0.257128 0.241525 0.360189 0.254193 0.357671 0.228857 0.362708 0.254193 0.357671 0.282683 0.422218 0.285705 0.492620 0.228857 0.362708 0.274562 0.369028 0.298840 0.438948
278 0.239877 0.257231 0.241506 0.360170 0.254229 0.357635 0.228783 0.362705 0.254229 0.357635 0.283022 0.422299 0.286437 0.492572 0.228783 0.362705 0.272227 0.370096 0.296368 0.438917
279 0.239857 0.257297 0.241575 0.360646 0.254242 0.357956 0.228908 0.363336 0.254242 0.357956 0.283133 0.422660 0.286427 0.491445 0.228908 0.363336 0.274890 0.374545 0.296761 0.447544
280 0.239861 0.257957 0.241419 0.360723 0.254267 0.357986 0.228571 0.363461 0.254267 0.357986 0.283780 0.417450 0.287122 0.489677 0.228571 0.363461 0.272763 0.374835 0.294336 0.446808
281 0.239852 0.258264 0.241460 0.360734 0.254341 0.358018 0.228579 0.363450 0.254341 0.358018 0.283728 0.417997 0.286931 0.491214 0.228579 0.363450 0.272143 0.377078 0.288051 0.445740
282 0.239882 0.258223 0.241422 0.360656 0.254308 0.357873 0.228536 0.363439 0.254308 0.357873 0.283633 0.418556 0.286790 0.490940 0.228536 0.363439 0.271509 0.381459 0.292327 0.448208
283 0.239941 0.258299 0.241424 0.360835 0.254312 0.358245 0.228536 0.363425 0.254312 0.358245 0.283339 0.420650 0.286918 0.491845 0.228536 0.363425 0.271153 0.374926 0.294420 0.445454
284 0.239921 0.258260 0.241582 0.361873 0.254528 0.359294 0.228637 0.364453 0.254528 0.359294 0.283443 0.423081 0.286907 0.492020 0.228637 0.364453 0.271462 0.382755 0.292025 0.445390
285 0.239938 0.258282 0.241954 0.361778 0.254946 0.359237 0.228962 0.364318 0.254946 0.359237 0.283059 0.423786 0.286895 0.492311 0.228962 0.364318 0.269306 0.381645 0.292003 0.443513
286 0.240053 0.258121 0.241980 0.361676 0.254964 0.359201 0.228996 0.364151 0.254964 0.359201 0.282849 0.423555 0.286293 0.492691 0.228996 0.364151 0.271054 0.381591 0.291557 0.449426
287 0.240065 0.258146 0.241882 0.361494 0.254976 0.358868 0.228788 0.364121 0.254976 0.358868 0.282271 0.423526 0.286258 0.493252 0.228788 0.364121 0.270188 0.379207 0.291946 0.447682
288 0.240067 0.258220 0.241840 0.361567 0.254968 0.358859 0.228712 0.364275 0.254968 0.358859 0.282345 0.423572 0.286288 0.493757 0.228712 0.364275 0.267693 0.377653 0.294456 0.444368
289 0.240135 0.258478 0.241838 0.361450 0.254971 0.358637 0.228706 0.364263 0.254971 0.358637 0.282346 0.422656 0.286165 0.493466 0.228706 0.364263 0.271713 0.374626 0.296724 0.441749
290 0.240232 0.258966 0.241809 0.361304 0.254954 0.358364 0.228665 0.364244 0.254954 0.358364 0.282381 0.422046 0.286118 0.493301 0.228665 0.364244 0.271239 0.374838 0.296344 0.445184
291 0.240268 0.259184 0.241636 0.361315 0.254778 0.358436 0.228495 0.364195 0.254778 0.358436 0.282382 0.420914 0.286264 0.493227 0.228495 0.364195 0.268401 0.371175 0.295832 0.443635
292 0.240387 0.259688 0.241634 0.361386 0.254792 0.358437 0.228476 0.364334 0.254792 0.358437 0.282550 0.422121 0.286288 0.493907 0.228476 0.364334 0.270191 0.372042 0.296348 0.441638
293 0.240454 0.259997 0.241482 0.361517 0.254571 0.358635 0.228393 0.364398 0.254571 0.358635 0.282520 0.422669 0.286291 0.493880 0.228393 0.364398 0.265839 0.366015 0.296158 0.439339
294 0.240568 0.260162 0.241432 0.361613 0.254564 0.358688 0.228301 0.364537 0.254564 0.358688 0.282780 0.423640 0.286940 0.493761 0.228301 0.364537 0.265945 0.367903 0.294843 0.438133
295 0.240692 0.260205 0.241502 0.361594 0.254565 0.358680 0.228439 0.364509 0.254565 0.358680 0.283331 0.423335 0.286247 0.493511 0.228439 0.364509 0.271384 0.376115 0.290189 0.441435
296 0.240739 0.260147 0.240974 0.361590 0.253729 0.358677 0.228218 0.364502 0.253729 0.358677 0.283595 0.420563 0.286439 0.493267 0.228218 0.364502 0.274717 0.374950 0.296371 0.443490
297 0.240755 0.260210 0.240992 0.361539 0.253765 0.358678 0.228218 0.364400 0.253765 0.358678 0.283225 0.418424 0.286004 0.494182 0.228218 0.364400 0.269182 0.373639 0.296986 0.446701
298 0.240764 0.260121 0.240875 0.361593 0.253646 0.358686 0.228105 0.364500 0.253646 0.358686 0.283223 0.418735 0.286110 0.492896 0.228105 0.364500 0.271193 0.376793 0.296682 0.450090
299 0.240726 0.260033 0.240897 0.361616 0.253688 0.358684 0.228106 0.364549 0.253688 0.358684 0.283802 0.414087 0.286258 0.492911 0.228106 0.364549 0.271252 0.377047 0.293631 0.449223
300 0.240754 0.260293 0.241139 0.361406 0.254071 0.358450 0.228207 0.364362 0.254071 0.358450 0.283661 0.417420 0.285339 0.492964 0.228207 0.364362 0.271398 0.374586 0.293775 0.447453
301 0.240770 0.260277 0.241167 0.361320 0.254128 0.358339 0.228207 0.364302 0.254128 0.358339 0.283515 0.419906 0.285144 0.493083 0.228207 0.364302 0.269785 0.372902 0.297764 0.443533
302 0.240760 0.260271 0.241146 0.361290 0.254112 0.358404 0.228180 0.364176 0.254112 0.358404 0.283851 0.421696 0.285558 0.493077 0.228180 0.364176 0.271284 0.378201 0.297535 0.447340
303 0.240755 0.260263 0.241146 0.361099 0.254110 0.358233 0.228182 0.363964 0.254110 0.358233 0.283544 0.422433 0.285907 0.493715 0.228182 0.363964 0.273510 0.379343 0.299272 0.447078
304 0.240776 0.260264 0.241019 0.361217 0.253924 0.358372 0.228113 0.364061 0.253924 0.358372 0.283966 0.422382 0.286356 0.493506 0.228113 0.364061 0.271479 0.379491 0.299147 0.449245
305 0.240819 0.260245 0.241477 0.361523 0.254497 0.358814 0.228458 0.364231 0.254497 0.358814 0.283839 0.424725 0.285468 0.493460 0.228458 0.364231 0.275325 0.379486 0.295928 0.449356
306 0.240853 0.260233 0.241377 0.361560 0.254474 0.358889 0.228280 0.364231 0.254474 0.358889 0.283549 0.425280 0.285776 0.492621 0.228280 0.364231 0.269686 0.378258 0.296908 0.448936
307 0.240904 0.260042 0.241591 0.361707 0.254700 0.359067 0.228483 0.364347 0.254700 0.359067 0.284307 0.425113 0.286243 0.492897 0.228483 0.364347 0.267561 0.373681 0.291427 0.444517
308 0.240934 0.259902 0.241664 0.361034 0.254758 0.358324 0.228569 0.363744 0.254758 0.358324 0.283787 0.425716 0.286385 0.492948 0.228569 0.363744 0.264258 0.372172 0.291866 0.444163
309 0.240951 0.259856 0.241635 0.361028 0.254707 0.358315 0.228563 0.363742 0.254707 0.358315 0.283826 0.424925 0.286636 0.493014 0.228563 0.363742 0.265092 0.372525 0.292056 0.444130
310 0.240976 0.259814 0.241453 0.360927 0.254395 0.358135 0.228511 0.363719 0.254395 0.358135 0.283834 0.423221 0.286667 0.492473 0.228511 0.363719 0.271507 0.373949 0.294036 0.443360
311 0.241055 0.259551 0.241439 0.360668 0.254386 0.357826 0.228492 0.363511 0.254386 0.357826 0.283895 0.422716 0.286713 0.491637 0.228492 0.363511 0.271311 0.374019 0.296229 0.443112
