0
0
0 -1 -1 -1 -1 -1 -1 -1 -1 -1 -1 -1 -1 -1 -1 -1 -1 -1 -1 -1 -1
1 0.157788 0.346725 0.155420 0.485213 0.157499 0.473537 0.153340 0.496889 0.157499 0.473537 0.226863 0.433737 0.231194 0.542763 0.153340 0.496889 0.228564 0.472450 0.232458 0.547814
2 0.158162 0.345739 0.155400 0.484926 0.157855 0.473070 0.152946 0.496782 0.157855 0.473070 0.228439 0.437228 0.231619 0.545356 0.152946 0.496782 0.232848 0.479776 0.216809 0.544414
3 0.158243 0.347988 0.155988 0.484914 0.159273 0.472886 0.152704 0.496942 0.159273 0.472886 0.229800 0.436038 0.230449 0.541140 0.152704 0.496942 0.241933 0.480484 0.218804 0.545622
4 0.158307 0.346013 0.157242 0.485141 0.161614 0.472775 0.152869 0.497508 0.161614 0.472775 0.230166 0.435450 0.234606 0.542717 0.152869 0.497508 0.241325 0.480970 0.222165 0.542624
5 0.158630 0.346877 0.158829 0.486328 0.162109 0.473753 0.155550 0.498904 0.162109 0.473753 0.229718 0.435230 0.234059 0.541599 0.155550 0.498904 0.243232 0.480185 0.222699 0.542693
6 0.158979 0.348064 0.158872 0.486969 0.161857 0.474245 0.155887 0.499693 0.161857 0.474245 0.229503 0.437978 0.235481 0.542713 0.155887 0.499693 0.244581 0.479942 0.228887 0.543063
7 0.159293 0.345887 0.158114 0.486018 0.161694 0.472914 0.154535 0.499122 0.161694 0.472914 0.229339 0.436516 0.235091 0.542939 0.154535 0.499122 0.243672 0.481720 0.228886 0.544057
8 0.160193 0.345403 0.158609 0.485279 0.162238 0.472470 0.154981 0.498088 0.162238 0.472470 0.229263 0.435506 0.235072 0.541598 0.154981 0.498088 0.242743 0.478980 0.231376 0.543395
9 0.159710 0.346267 0.158561 0.485961 0.162249 0.472853 0.154873 0.499070 0.162249 0.472853 0.229250 0.434495 0.234652 0.541169 0.154873 0.499070 0.242663 0.480601 0.231475 0.545510
10 0.159703 0.345818 0.158129 0.485073 0.162129 0.472121 0.154128 0.498025 0.162129 0.472121 0.229297 0.433881 0.238031 0.541195 0.154128 0.498025 0.231692 0.476639 0.234113 0.548152
11 0.159353 0.345897 0.158071 0.485064 0.162071 0.472073 0.154071 0.498054 0.162071 0.472073 0.229306 0.433864 0.237552 0.541097 0.154071 0.498054 0.232340 0.476788 0.233894 0.549359
12 0.158950 0.346350 0.158022 0.486243 0.162775 0.472977 0.153269 0.499509 0.162775 0.472977 0.229476 0.433850 0.237598 0.542503 0.153269 0.499509 0.233919 0.483003 0.228737 0.549331
13 0.159226 0.346931 0.157987 0.486631 0.162698 0.473080 0.153275 0.500183 0.162698 0.473080 0.229445 0.433816 0.236872 0.542764 0.153275 0.500183 0.235710 0.485727 0.227997 0.549283
14 0.158904 0.346997 0.157654 0.487010 0.162039 0.473798 0.153268 0.500222 0.162039 0.473798 0.229129 0.433763 0.236764 0.542965 0.153268 0.500222 0.235908 0.480294 0.228873 0.547483
15 0.157234 0.348285 0.156593 0.491189 0.162615 0.479653 0.150571 0.502724 0.162615 0.479653 0.229114 0.436951 0.236052 0.545299 0.150571 0.502724 0.235475 0.486231 0.220000 0.551567
16 0.157166 0.347337 0.156999 0.488507 0.162588 0.476948 0.151409 0.500065 0.162588 0.476948 0.229110 0.435016 0.235089 0.544695 0.151409 0.500065 0.235187 0.479881 0.223428 0.551448
17 0.157240 0.347393 0.156743 0.487934 0.162574 0.475760 0.150911 0.500108 0.162574 0.475760 0.229101 0.436804 0.235263 0.545012 0.150911 0.500108 0.234769 0.480813 0.222828 0.551562
18 0.157322 0.347239 0.156722 0.487040 0.162540 0.474058 0.150904 0.500022 0.162540 0.474058 0.229094 0.435315 0.234913 0.543101 0.150904 0.500022 0.234469 0.479652 0.224841 0.549331
19 0.157103 0.347302 0.156566 0.486769 0.162511 0.473436 0.150621 0.500102 0.162511 0.473436 0.229116 0.434140 0.236081 0.543372 0.150621 0.500102 0.233768 0.479678 0.219825 0.545836
20 0.156812 0.347091 0.156401 0.485440 0.162388 0.472570 0.150414 0.498309 0.162388 0.472570 0.229058 0.436329 0.235074 0.543142 0.150414 0.498309 0.232367 0.475795 0.223048 0.552412
21 0.156837 0.346540 0.156655 0.484923 0.162451 0.472075 0.150860 0.497772 0.162451 0.472075 0.229276 0.435359 0.235512 0.543206 0.150860 0.497772 0.231994 0.476130 0.223264 0.551277
22 0.156828 0.346718 0.157097 0.489191 0.163327 0.477279 0.150867 0.501103 0.163327 0.477279 0.229503 0.435028 0.237645 0.543634 0.150867 0.501103 0.231228 0.476450 0.221863 0.548268
23 0.156784 0.346783 0.157769 0.489451 0.163921 0.477904 0.151617 0.500997 0.163921 0.477904 0.229404 0.433869 0.237103 0.542097 0.151617 0.500997 0.227448 0.469748 0.231989 0.550063
24 0.156761 0.346229 0.157752 0.488899 0.163902 0.478035 0.151601 0.499763 0.163902 0.478035 0.229363 0.435884 0.236323 0.543727 0.151601 0.499763 0.228064 0.473325 0.225560 0.552596
25 0.157209 0.349590 0.157502 0.490450 0.163868 0.478834 0.151136 0.502065 0.163868 0.478834 0.228981 0.437339 0.236310 0.544117 0.151136 0.502065 0.229100 0.482738 0.218877 0.550912
26 0.157628 0.347094 0.157752 0.488654 0.164284 0.478665 0.151221 0.498643 0.164284 0.478665 0.229101 0.435824 0.236265 0.543958 0.151221 0.498643 0.228432 0.482315 0.218415 0.550841
27 0.157552 0.347124 0.157739 0.488643 0.164224 0.478581 0.151255 0.498706 0.164224 0.478581 0.229083 0.436363 0.236249 0.543224 0.151255 0.498706 0.229904 0.483440 0.217058 0.548138
28 0.156844 0.347846 0.157402 0.490628 0.164190 0.479509 0.150615 0.501746 0.164190 0.479509 0.229083 0.437054 0.236220 0.543573 0.150615 0.501746 0.229137 0.483057 0.210052 0.548162
29 0.157087 0.347644 0.157385 0.489503 0.163261 0.477495 0.151509 0.501510 0.163261 0.477495 0.229082 0.435215 0.235143 0.540895 0.151509 0.501510 0.232379 0.482734 0.215082 0.545596
30 0.157338 0.347642 0.157260 0.487248 0.163154 0.474302 0.151366 0.500195 0.163154 0.474302 0.229139 0.434252 0.234625 0.541095 0.151366 0.500195 0.231558 0.485998 0.210104 0.545700
31 0.158231 0.347561 0.157251 0.485396 0.163212 0.472410 0.151289 0.498381 0.163212 0.472410 0.229295 0.434541 0.234468 0.542612 0.151289 0.498381 0.216615 0.491193 0.178796 0.547148
32 0.158472 0.347521 0.158040 0.485133 0.163182 0.472466 0.152898 0.497799 0.163182 0.472466 0.229328 0.437064 0.231819 0.541967 0.152898 0.497799 0.226206 0.485309 0.190475 0.546827
33 0.158819 0.348564 0.158016 0.485645 0.163205 0.472572 0.152826 0.498718 0.163205 0.472572 0.229351 0.436545 0.231525 0.542001 0.152826 0.498718 0.228460 0.485477 0.198664 0.544173
34 0.159368 0.349079 0.157797 0.485871 0.163228 0.472835 0.152366 0.498907 0.163228 0.472835 0.229542 0.435911 0.231638 0.541005 0.152366 0.498907 0.229696 0.479437 0.206318 0.540344
35 0.163101 0.349000 0.157612 0.485467 0.162713 0.472686 0.152510 0.498247 0.162713 0.472686 0.229409 0.438107 0.231418 0.541492 0.152510 0.498247 0.234688 0.479679 0.209873 0.540588
36 0.164658 0.348502 0.158821 0.485393 0.164491 0.472830 0.153151 0.497957 0.164491 0.472830 0.230461 0.437104 0.231503 0.541260 0.153151 0.497957 0.230847 0.482475 0.209646 0.541198
37 0.167131 0.345314 0.159336 0.482766 0.165063 0.472091 0.153609 0.493441 0.165063 0.472091 0.230822 0.436742 0.231583 0.541153 0.153609 0.493441 0.226968 0.488767 0.206716 0.541530
38 0.169365 0.344714 0.160160 0.481340 0.165597 0.470607 0.154723 0.492073 0.165597 0.470607 0.231303 0.436506 0.231647 0.541458 0.154723 0.492073 0.226763 0.491897 0.203037 0.539616
39 0.172293 0.344320 0.161030 0.478054 0.166877 0.465927 0.155182 0.490182 0.166877 0.465927 0.231449 0.436170 0.231543 0.540076 0.155182 0.490182 0.226979 0.490873 0.204131 0.535727
40 0.175139 0.344499 0.162815 0.478703 0.168310 0.466451 0.157319 0.490955 0.168310 0.466451 0.231447 0.436130 0.231001 0.540366 0.157319 0.490955 0.235829 0.487053 0.220284 0.536717
41 0.178025 0.343227 0.162528 0.477118 0.168090 0.466825 0.156965 0.487411 0.168090 0.466825 0.231427 0.441436 0.228453 0.540954 0.156965 0.487411 0.232735 0.487859 0.217671 0.539479
42 0.182005 0.343037 0.162567 0.477415 0.168154 0.466782 0.156981 0.488047 0.168154 0.466782 0.231622 0.441340 0.228525 0.547585 0.156981 0.488047 0.231580 0.504339 0.208024 0.556759
43 0.184368 0.343481 0.162680 0.477944 0.168541 0.467222 0.156820 0.488666 0.168541 0.467222 0.231148 0.443700 0.228820 0.548609 0.156820 0.488666 0.226862 0.512716 0.206332 0.554697
44 0.187672 0.346729 0.166552 0.475392 0.173696 0.463955 0.159408 0.486829 0.173696 0.463955 0.231158 0.450459 0.229019 0.551476 0.159408 0.486829 0.227023 0.509148 0.206348 0.561177
45 0.189905 0.348921 0.167706 0.475690 0.176450 0.464544 0.158962 0.486835 0.176450 0.464544 0.231858 0.450060 0.230939 0.552197 0.158962 0.486835 0.220461 0.521403 0.191884 0.575956
46 0.194981 0.350903 0.168641 0.475859 0.174920 0.464817 0.162361 0.486902 0.174920 0.464817 0.231788 0.448944 0.228417 0.544927 0.162361 0.486902 0.229928 0.503329 0.222741 0.562716
47 0.200142 0.351363 0.169880 0.476056 0.175080 0.464905 0.164680 0.487206 0.175080 0.464905 0.232985 0.449894 0.222808 0.542449 0.164680 0.487206 0.230537 0.486588 0.223951 0.562105
48 0.204080 0.351565 0.169444 0.475083 0.174665 0.463912 0.164224 0.486254 0.174665 0.463912 0.237027 0.452848 0.223571 0.542626 0.164224 0.486254 0.237542 0.487973 0.227677 0.559722
49 0.208528 0.352203 0.173380 0.468644 0.180757 0.457481 0.166003 0.479806 0.180757 0.457481 0.244471 0.450262 0.226126 0.533610 0.166003 0.479806 0.240561 0.483239 0.227736 0.553222
50 0.211679 0.351238 0.174836 0.458601 0.183361 0.447368 0.166311 0.469834 0.183361 0.447368 0.242915 0.454705 0.224536 0.538393 0.166311 0.469834 0.238800 0.496247 0.218691 0.564687
51 0.215504 0.350221 0.177733 0.457233 0.189465 0.448092 0.166000 0.466374 0.189465 0.448092 0.243206 0.454277 0.224687 0.541732 0.166000 0.466374 0.232895 0.474657 0.219615 0.564284
52 0.220492 0.348493 0.180157 0.452696 0.194780 0.444866 0.165534 0.460526 0.194780 0.444866 0.247922 0.471075 0.230748 0.545563 0.165534 0.460526 0.223536 0.477118 0.213898 0.562621
53 0.221497 0.347300 0.179314 0.451157 0.193470 0.443487 0.165159 0.458827 0.193470 0.443487 0.248612 0.471503 0.235196 0.545948 0.165159 0.458827 0.221515 0.485519 0.200693 0.559198
54 0.227457 0.344516 0.181476 0.446675 0.197032 0.442587 0.165920 0.450764 0.197032 0.442587 0.249802 0.477110 0.235402 0.550282 0.165920 0.450764 0.223149 0.463275 0.204264 0.558747
55 0.225379 0.345280 0.180218 0.444893 0.194771 0.438458 0.165665 0.451329 0.194771 0.438458 0.252101 0.471712 0.235589 0.544770 0.165665 0.451329 0.224440 0.459448 0.207982 0.555179
56 0.225974 0.343533 0.179428 0.438654 0.193365 0.430022 0.165491 0.447287 0.193365 0.430022 0.251775 0.470546 0.235042 0.538110 0.165491 0.447287 0.224580 0.463687 0.208874 0.554383
57 0.230178 0.339949 0.179089 0.436425 0.192663 0.434183 0.165515 0.438668 0.192663 0.434183 0.240013 0.504791 0.203522 0.581591 0.165515 0.438668 0.224824 0.450386 0.222166 0.553117
58 0.232501 0.337974 0.179138 0.432979 0.192884 0.434283 0.165392 0.431675 0.192884 0.434283 0.226680 0.521182 0.175222 0.587234 0.165392 0.431675 0.226619 0.446425 0.226482 0.553184
59 0.230178 0.333163 0.176857 0.429239 0.189432 0.427578 0.164282 0.430900 0.189432 0.427578 0.231277 0.503300 0.195811 0.582849 0.164282 0.430900 0.227151 0.454845 0.224234 0.553179
60 0.230561 0.328925 0.175979 0.425053 0.187677 0.425368 0.164282 0.424738 0.187677 0.425368 0.225549 0.509801 0.179008 0.594375 0.164282 0.424738 0.229183 0.451966 0.226989 0.553329
61 0.229368 0.325995 0.172547 0.424941 0.182097 0.425633 0.162997 0.424249 0.182097 0.425633 0.214408 0.511034 0.156892 0.589778 0.162997 0.424249 0.229179 0.444414 0.227050 0.553820
62 0.228803 0.320387 0.174334 0.412761 0.185599 0.412076 0.163069 0.413446 0.185599 0.412076 0.221513 0.485583 0.201821 0.570213 0.163069 0.413446 0.194073 0.490056 0.140906 0.579213
63 0.226344 0.314683 0.168346 0.414727 0.173821 0.414354 0.162871 0.415100 0.173821 0.414354 0.196484 0.489319 0.158008 0.570047 0.162871 0.415100 0.199126 0.482712 0.182054 0.572052
64 0.226859 0.307060 0.165560 0.412125 0.167915 0.412821 0.163205 0.411429 0.167915 0.412821 0.176478 0.493941 0.136285 0.573418 0.163205 0.411429 0.223092 0.450565 0.227699 0.558139
65 0.227125 0.298600 0.165837 0.404341 0.164658 0.404808 0.167016 0.403873 0.164658 0.404808 0.125181 0.474244 0.091260 0.477184 0.167016 0.403873 0.226685 0.447105 0.232709 0.548596
66 0.227054 0.291525 0.167813 0.400699 0.168042 0.401663 0.167584 0.399735 0.168042 0.401663 0.173311 0.475644 0.132136 0.528104 0.167584 0.399735 0.232829 0.445792 0.233247 0.549264
67 0.227219 0.283444 0.170564 0.395477 0.169197 0.393228 0.171931 0.397727 0.169197 0.393228 0.177195 0.474118 0.121514 0.525869 0.171931 0.397727 0.232163 0.453564 0.225190 0.563374
68 0.227221 0.273383 0.174839 0.385925 0.174368 0.379907 0.175311 0.391944 0.174368 0.379907 0.185084 0.461563 0.137010 0.524789 0.175311 0.391944 0.232137 0.461546 0.223601 0.564656
69 0.226894 0.262855 0.176045 0.379009 0.176355 0.375062 0.175736 0.382957 0.176355 0.375062 0.190284 0.445380 0.151052 0.499031 0.175736 0.382957 0.232055 0.472709 0.211622 0.570062
70 0.226277 0.257383 0.176394 0.373798 0.177713 0.369926 0.175075 0.377670 0.177713 0.369926 0.208270 0.440119 0.151458 0.507770 0.175075 0.377670 0.232103 0.470623 0.225530 0.565672
71 0.225301 0.245840 0.178875 0.372234 0.182111 0.366538 0.175640 0.377930 0.182111 0.366538 0.223192 0.447507 0.208684 0.522304 0.175640 0.377930 0.231889 0.467872 0.223995 0.562846
72 0.224706 0.238073 0.180656 0.367486 0.183669 0.364611 0.177643 0.370361 0.183669 0.364611 0.221130 0.443667 0.204592 0.523428 0.177643 0.370361 0.231258 0.455576 0.224008 0.555707
73 0.223759 0.230072 0.186016 0.363698 0.193000 0.360805 0.179031 0.366591 0.193000 0.360805 0.224858 0.444581 0.228465 0.531258 0.179031 0.366591 0.230693 0.454561 0.230559 0.552409
74 0.223520 0.224269 0.190456 0.359778 0.198477 0.356789 0.182435 0.362767 0.198477 0.356789 0.226658 0.443988 0.237144 0.532982 0.182435 0.362767 0.230165 0.453292 0.237275 0.547940
75 0.222392 0.219128 0.193368 0.354760 0.201603 0.351299 0.185133 0.358222 0.201603 0.351299 0.226647 0.438807 0.236467 0.536078 0.185133 0.358222 0.228080 0.445295 0.236781 0.548740
76 0.221833 0.215068 0.197313 0.356351 0.203373 0.352095 0.191253 0.360607 0.203373 0.352095 0.228596 0.441029 0.234082 0.536680 0.191253 0.360607 0.228120 0.446162 0.235090 0.550992
77 0.221528 0.210749 0.199563 0.357025 0.203671 0.352929 0.195456 0.361121 0.203671 0.352929 0.229674 0.441348 0.234602 0.536533 0.195456 0.361121 0.228261 0.446271 0.234590 0.548859
78 -1 -1 -1 -1 -1 -1 -1 -1 -1 -1 -1 -1 -1 -1 -1 -1 -1 -1 -1 -1
79 -1 -1 -1 -1 -1 -1 -1 -1 -1 -1 -1 -1 -1 -1 -1 -1 -1 -1 -1 -1
80 -1 -1 -1 -1 -1 -1 -1 -1 -1 -1 -1 -1 -1 -1 -1 -1 -1 -1 -1 -1
81 -1 -1 -1 -1 -1 -1 -1 -1 -1 -1 -1 -1 -1 -1 -1 -1 -1 -1 -1 -1
82 -1 -1 -1 -1 -1 -1 -1 -1 -1 -1 -1 -1 -1 -1 -1 -1 -1 -1 -1 -1
83 -1 -1 -1 -1 -1 -1 -1 -1 -1 -1 -1 -1 -1 -1 -1 -1 -1 -1 -1 -1
84 -1 -1 -1 -1 -1 -1 -1 -1 -1 -1 -1 -1 -1 -1 -1 -1 -1 -1 -1 -1
85 -1 -1 -1 -1 -1 -1 -1 -1 -1 -1 -1 -1 -1 -1 -1 -1 -1 -1 -1 -1
86 -1 -1 -1 -1 -1 -1 -1 -1 -1 -1 -1 -1 -1 -1 -1 -1 -1 -1 -1 -1
87 -1 -1 -1 -1 -1 -1 -1 -1 -1 -1 -1 -1 -1 -1 -1 -1 -1 -1 -1 -1
88 -1 -1 -1 -1 -1 -1 -1 -1 -1 -1 -1 -1 -1 -1 -1 -1 -1 -1 -1 -1
89 -1 -1 -1 -1 -1 -1 -1 -1 -1 -1 -1 -1 -1 -1 -1 -1 -1 -1 -1 -1
90 -1 -1 -1 -1 -1 -1 -1 -1 -1 -1 -1 -1 -1 -1 -1 -1 -1 -1 -1 -1
91 -1 -1 -1 -1 -1 -1 -1 -1 -1 -1 -1 -1 -1 -1 -1 -1 -1 -1 -1 -1
92 -1 -1 -1 -1 -1 -1 -1 -1 -1 -1 -1 -1 -1 -1 -1 -1 -1 -1 -1 -1
93 -1 -1 -1 -1 -1 -1 -1 -1 -1 -1 -1 -1 -1 -1 -1 -1 -1 -1 -1 -1
94 -1 -1 -1 -1 -1 -1 -1 -1 -1 -1 -1 -1 -1 -1 -1 -1 -1 -1 -1 -1
95 -1 -1 -1 -1 -1 -1 -1 -1 -1 -1 -1 -1 -1 -1 -1 -1 -1 -1 -1 -1
96 -1 -1 -1 -1 -1 -1 -1 -1 -1 -1 -1 -1 -1 -1 -1 -1 -1 -1 -1 -1
97 -1 -1 -1 -1 -1 -1 -1 -1 -1 -1 -1 -1 -1 -1 -1 -1 -1 -1 -1 -1
98 -1 -1 -1 -1 -1 -1 -1 -1 -1 -1 -1 -1 -1 -1 -1 -1 -1 -1 -1 -1
99 -1 -1 -1 -1 -1 -1 -1 -1 -1 -1 -1 -1 -1 -1 -1 -1 -1 -1 -1 -1
100 -1 -1 -1 -1 -1 -1 -1 -1 -1 -1 -1 -1 -1 -1 -1 -1 -1 -1 -1 -1
101 -1 -1 -1 -1 -1 -1 -1 -1 -1 -1 -1 -1 -1 -1 -1 -1 -1 -1 -1 -1
102 -1 -1 -1 -1 -1 -1 -1 -1 -1 -1 -1 -1 -1 -1 -1 -1 -1 -1 -1 -1
103 -1 -1 -1 -1 -1 -1 -1 -1 -1 -1 -1 -1 -1 -1 -1 -1 -1 -1 -1 -1
104 -1 -1 -1 -1 -1 -1 -1 -1 -1 -1 -1 -1 -1 -1 -1 -1 -1 -1 -1 -1
105 -1 -1 -1 -1 -1 -1 -1 -1 -1 -1 -1 -1 -1 -1 -1 -1 -1 -1 -1 -1
106 -1 -1 -1 -1 -1 -1 -1 -1 -1 -1 -1 -1 -1 -1 -1 -1 -1 -1 -1 -1
107 -1 -1 -1 -1 -1 -1 -1 -1 -1 -1 -1 -1 -1 -1 -1 -1 -1 -1 -1 -1
108 0.302654 0.161057 0.304319 0.321884 0.310501 0.317695 0.298137 0.326073 0.310501 0.317695 0.315849 0.432419 0.311508 0.539884 0.298137 0.326073 0.335465 0.438560 0.364839 0.552161
109 0.306258 0.161330 0.305460 0.322276 0.310748 0.318363 0.300172 0.326188 0.310748 0.318363 0.316390 0.432564 0.311039 0.540293 0.300172 0.326188 0.336230 0.436249 0.373654 0.551967
110 0.310089 0.162533 0.308789 0.323572 0.315486 0.320527 0.302092 0.326616 0.315486 0.320527 0.320089 0.433186 0.311661 0.540249 0.302092 0.326616 0.338936 0.436303 0.381196 0.551918
111 0.314537 0.167268 0.311765 0.324713 0.319487 0.322685 0.304042 0.326740 0.319487 0.322685 0.320417 0.433394 0.311829 0.540227 0.304042 0.326740 0.343497 0.435218 0.384423 0.552163
112 0.319128 0.170024 0.316031 0.326490 0.322072 0.325708 0.309990 0.327272 0.322072 0.325708 0.321938 0.435361 0.312339 0.540295 0.309990 0.327272 0.349816 0.435308 0.384893 0.555174
113 0.323568 0.172146 0.321222 0.329269 0.323832 0.328565 0.318611 0.329973 0.323832 0.328565 0.324097 0.435850 0.312884 0.540359 0.318611 0.329973 0.353647 0.435500 0.386428 0.557761
114 0.327894 0.172084 0.323497 0.331424 0.324478 0.331152 0.322516 0.331697 0.324478 0.331152 0.327574 0.435640 0.312754 0.539871 0.322516 0.331697 0.356077 0.435653 0.387350 0.559009
115 0.332279 0.173077 0.330238 0.335624 0.331062 0.334568 0.329413 0.336679 0.331062 0.334568 0.330826 0.435516 0.312711 0.537240 0.329413 0.336679 0.362138 0.437469 0.387884 0.560919
116 0.336683 0.173222 0.335804 0.335410 0.337440 0.334285 0.334167 0.336534 0.337440 0.334285 0.335411 0.430185 0.313401 0.527687 0.334167 0.336534 0.363153 0.437809 0.387581 0.560227
117 0.341805 0.175321 0.345596 0.337462 0.351804 0.335805 0.339387 0.339120 0.351804 0.335805 0.345827 0.430267 0.317493 0.522638 0.339387 0.339120 0.374862 0.438271 0.385542 0.557351
118 0.346323 0.176941 0.349926 0.342266 0.351529 0.339852 0.348322 0.344680 0.351529 0.339852 0.355411 0.431646 0.321426 0.520867 0.348322 0.344680 0.369974 0.439253 0.383362 0.558909
119 0.350822 0.176448 0.355931 0.341076 0.358586 0.339064 0.353275 0.343089 0.358586 0.339064 0.367054 0.431492 0.339283 0.517145 0.353275 0.343089 0.372339 0.440636 0.380804 0.560457
120 0.354349 0.176583 0.360527 0.340807 0.364121 0.339022 0.356933 0.342591 0.364121 0.339022 0.376742 0.432300 0.351489 0.507728 0.356933 0.342591 0.379547 0.443341 0.381284 0.560197
121 0.357868 0.177168 0.366809 0.340871 0.370918 0.339204 0.362700 0.342538 0.370918 0.339204 0.384772 0.432459 0.363373 0.512150 0.362700 0.342538 0.384965 0.446406 0.382853 0.559524
122 0.361283 0.175751 0.372610 0.340564 0.379618 0.338800 0.365602 0.342328 0.379618 0.338800 0.397951 0.430045 0.371137 0.518828 0.365602 0.342328 0.385605 0.446029 0.385416 0.555857
123 0.364711 0.173604 0.374794 0.339021 0.384351 0.336312 0.365237 0.341730 0.384351 0.336312 0.410925 0.431014 0.385107 0.519700 0.365237 0.341730 0.387079 0.447241 0.386973 0.554777
124 0.369520 0.171420 0.379387 0.338910 0.390671 0.336222 0.368104 0.341597 0.390671 0.336222 0.420847 0.435171 0.402595 0.524101 0.368104 0.341597 0.386775 0.455084 0.387193 0.556977
125 0.373034 0.171799 0.384143 0.339387 0.395656 0.336902 0.372629 0.341871 0.395656 0.336902 0.426901 0.440983 0.422752 0.540468 0.372629 0.341871 0.389172 0.456201 0.387212 0.557708
126 0.377236 0.173180 0.389499 0.343372 0.402452 0.340811 0.376546 0.345933 0.402452 0.340811 0.428711 0.444281 0.443293 0.543938 0.376546 0.345933 0.387944 0.458586 0.386378 0.557795
127 0.381135 0.175567 0.394323 0.346913 0.407335 0.344122 0.381312 0.349704 0.407335 0.344122 0.433513 0.448341 0.456244 0.550650 0.381312 0.349704 0.388601 0.460057 0.386641 0.559689
128 0.386379 0.177192 0.396321 0.345965 0.410402 0.343350 0.382240 0.348579 0.410402 0.343350 0.438235 0.448668 0.462662 0.558815 0.382240 0.348579 0.391257 0.458709 0.388088 0.559610
129 0.391494 0.178197 0.402638 0.346763 0.417833 0.343743 0.387444 0.349782 0.417833 0.343743 0.443424 0.454018 0.464240 0.566642 0.387444 0.349782 0.394415 0.458277 0.388399 0.559253
130 0.398208 0.181268 0.408215 0.351853 0.425796 0.348772 0.390633 0.354934 0.425796 0.348772 0.450106 0.460667 0.464983 0.569818 0.390633 0.354934 0.397051 0.459760 0.389599 0.558899
131 0.406142 0.186511 0.415718 0.359970 0.434255 0.356463 0.397181 0.363477 0.434255 0.356463 0.456763 0.466849 0.464255 0.570000 0.397181 0.363477 0.401059 0.464562 0.390249 0.558886
132 0.415180 0.186070 0.422833 0.361154 0.442370 0.358148 0.403296 0.364160 0.442370 0.358148 0.461801 0.468454 0.464240 0.569697 0.403296 0.364160 0.405478 0.465079 0.391082 0.558755
133 0.422600 0.185559 0.429570 0.360932 0.448823 0.358109 0.410317 0.363754 0.448823 0.358109 0.464098 0.469407 0.464809 0.572370 0.410317 0.363754 0.410823 0.468423 0.392597 0.557635
134 0.428953 0.186393 0.435626 0.360369 0.454309 0.358396 0.416944 0.362343 0.454309 0.358396 0.468516 0.471453 0.465587 0.571608 0.416944 0.362343 0.419144 0.472588 0.395024 0.552347
135 0.434634 0.185746 0.440410 0.358962 0.460373 0.356941 0.420448 0.360984 0.460373 0.356941 0.471000 0.470487 0.466073 0.571122 0.420448 0.360984 0.426275 0.473687 0.399962 0.544876
136 0.439183 0.185339 0.445746 0.357994 0.466483 0.356833 0.425009 0.359155 0.466483 0.356833 0.469958 0.470827 0.466345 0.571437 0.425009 0.359155 0.436002 0.473942 0.406295 0.539486
137 0.442369 0.184570 0.447512 0.357544 0.466778 0.356702 0.428247 0.358385 0.466778 0.356702 0.471557 0.472395 0.464896 0.572016 0.428247 0.358385 0.440187 0.474210 0.416210 0.537970
138 0.446879 0.183981 0.450327 0.356559 0.469382 0.356060 0.431273 0.357057 0.469382 0.356060 0.471560 0.476403 0.462656 0.570975 0.431273 0.357057 0.446273 0.475660 0.428815 0.540352
139 0.450594 0.183520 0.453165 0.355599 0.471305 0.354485 0.435025 0.356714 0.471305 0.354485 0.473871 0.475858 0.461158 0.570437 0.435025 0.356714 0.454780 0.477896 0.439509 0.548788
140 0.454078 0.183039 0.456528 0.355303 0.474157 0.353761 0.438899 0.356846 0.474157 0.353761 0.474573 0.475776 0.460667 0.570701 0.438899 0.356846 0.460311 0.480158 0.453667 0.571931
141 0.457002 0.182893 0.458746 0.353741 0.475509 0.350762 0.441983 0.356721 0.475509 0.350762 0.475114 0.473176 0.463663 0.570404 0.441983 0.356721 0.463911 0.479052 0.466309 0.574856
142 0.459664 0.183428 0.461670 0.354495 0.477495 0.350747 0.445846 0.358242 0.477495 0.350747 0.473435 0.469325 0.464173 0.565966 0.445846 0.358242 0.467577 0.482327 0.481679 0.612715
143 0.463308 0.184728 0.463529 0.353180 0.479973 0.348198 0.447086 0.358162 0.479973 0.348198 0.476848 0.468537 0.465678 0.563747 0.447086 0.358162 0.468697 0.482243 0.488531 0.609453
144 0.466896 0.189822 0.466188 0.354065 0.482829 0.349084 0.449548 0.359046 0.482829 0.349084 0.477565 0.468402 0.467283 0.563609 0.449548 0.359046 0.470352 0.483050 0.495776 0.613159
145 0.469365 0.195663 0.468847 0.355741 0.485106 0.350387 0.452588 0.361095 0.485106 0.350387 0.479540 0.469893 0.468736 0.563774 0.452588 0.361095 0.474326 0.485330 0.499403 0.618866
146 0.472258 0.200312 0.471677 0.357168 0.488643 0.352075 0.454710 0.362261 0.488643 0.352075 0.482809 0.469929 0.469382 0.564074 0.454710 0.362261 0.477829 0.485076 0.501630 0.617889
147 0.475388 0.203698 0.475586 0.361408 0.492688 0.356541 0.458485 0.366276 0.492688 0.356541 0.488453 0.470463 0.471909 0.564093 0.458485 0.366276 0.481443 0.485281 0.502457 0.620281
148 0.479028 0.205622 0.481190 0.365379 0.499020 0.360944 0.463360 0.369813 0.499020 0.360944 0.494792 0.471217 0.472807 0.564177 0.463360 0.369813 0.486061 0.485378 0.506073 0.624877
149 0.481403 0.207016 0.484608 0.368857 0.502112 0.364697 0.467104 0.373017 0.502112 0.364697 0.497771 0.473432 0.473470 0.566194 0.467104 0.373017 0.490210 0.487725 0.507509 0.626257
150 0.484387 0.208046 0.488556 0.372087 0.505638 0.368564 0.471474 0.375610 0.505638 0.368564 0.500372 0.480270 0.475249 0.566186 0.471474 0.375610 0.494366 0.493945 0.507026 0.622272
151 0.487318 0.208510 0.493298 0.377307 0.509859 0.374000 0.476738 0.380614 0.509859 0.374000 0.505408 0.485501 0.477000 0.564643 0.476738 0.380614 0.498468 0.500442 0.509519 0.626915
152 0.490366 0.209209 0.495667 0.382413 0.513243 0.379832 0.478090 0.384995 0.513243 0.379832 0.516166 0.500144 0.478946 0.564557 0.478090 0.384995 0.501765 0.508672 0.509908 0.633897
153 0.493307 0.211977 0.499234 0.385644 0.517394 0.382427 0.481075 0.388862 0.517394 0.382427 0.526801 0.504090 0.479348 0.564375 0.481075 0.388862 0.505648 0.519885 0.511522 0.640996
154 0.496273 0.212758 0.500764 0.385753 0.519379 0.381552 0.482149 0.389954 0.519379 0.381552 0.539464 0.499580 0.485963 0.552640 0.482149 0.389954 0.507418 0.521950 0.512284 0.639812
155 0.499564 0.212602 0.504767 0.385139 0.523076 0.380455 0.486458 0.389823 0.523076 0.380455 0.550115 0.498391 0.498092 0.542024 0.486458 0.389823 0.512213 0.518776 0.514483 0.644302
156 0.502551 0.213395 0.507968 0.388992 0.526331 0.383730 0.489604 0.394254 0.526331 0.383730 0.557639 0.501864 0.506079 0.581250 0.489604 0.394254 0.513672 0.522959 0.516073 0.645011
157 0.506659 0.213700 0.512195 0.389961 0.531441 0.384801 0.492949 0.395120 0.531441 0.384801 0.563841 0.505506 0.528861 0.590370 0.492949 0.395120 0.513144 0.524364 0.514374 0.643897
158 0.510538 0.214798 0.517594 0.394063 0.537485 0.388725 0.497704 0.399401 0.537485 0.388725 0.569799 0.509848 0.548173 0.601832 0.497704 0.399401 0.513471 0.524925 0.514060 0.641803
159 0.514792 0.215622 0.522361 0.398463 0.542534 0.393176 0.502189 0.403749 0.542534 0.393176 0.576635 0.516656 0.569457 0.622230 0.502189 0.403749 0.513344 0.524663 0.514477 0.640410
160 0.519937 0.218340 0.526943 0.405282 0.546740 0.400035 0.507146 0.410529 0.546740 0.400035 0.581062 0.523612 0.590299 0.641675 0.507146 0.410529 0.516633 0.533299 0.515438 0.645156
161 0.525314 0.221399 0.532896 0.408701 0.555709 0.404001 0.510082 0.413402 0.555709 0.404001 0.585763 0.527036 0.601628 0.632271 0.510082 0.413402 0.515999 0.535033 0.514815 0.643600
162 0.531080 0.223695 0.538046 0.412974 0.560662 0.409560 0.515430 0.416388 0.560662 0.409560 0.590239 0.532003 0.611262 0.645954 0.515430 0.416388 0.516861 0.540037 0.514300 0.642950
163 0.538749 0.227199 0.546001 0.416538 0.569628 0.413158 0.522374 0.419919 0.569628 0.413158 0.596609 0.538271 0.616193 0.656659 0.522374 0.419919 0.519136 0.542937 0.514114 0.643134
164 0.546979 0.229035 0.552185 0.422791 0.575613 0.419282 0.528756 0.426300 0.575613 0.419282 0.603810 0.544543 0.617374 0.662648 0.528756 0.426300 0.523435 0.546681 0.513954 0.644495
165 0.556144 0.229360 0.558507 0.424787 0.583010 0.421861 0.534004 0.427713 0.583010 0.421861 0.607809 0.543904 0.619891 0.657805 0.534004 0.427713 0.527572 0.545278 0.514628 0.643935
166 0.563074 0.229398 0.562585 0.425156 0.586673 0.422238 0.538497 0.428074 0.586673 0.422238 0.611056 0.545403 0.620090 0.662048 0.538497 0.428074 0.531669 0.549242 0.515950 0.646118
167 0.570556 0.227558 0.567860 0.422819 0.591545 0.420210 0.544174 0.425428 0.591545 0.420210 0.614265 0.545298 0.621656 0.665381 0.544174 0.425428 0.536923 0.548438 0.517336 0.645647
168 0.579347 0.224859 0.576561 0.421319 0.601046 0.418998 0.552076 0.423641 0.601046 0.418998 0.618299 0.545512 0.622177 0.663968 0.552076 0.423641 0.543366 0.547065 0.519923 0.642139
169 0.586523 0.221801 0.582236 0.417361 0.606527 0.416878 0.557945 0.417845 0.606527 0.416878 0.618851 0.543076 0.619966 0.663217 0.557945 0.417845 0.551458 0.546228 0.525640 0.632629
170 0.591327 0.221726 0.585516 0.416140 0.609911 0.416394 0.561122 0.415885 0.609911 0.416394 0.622711 0.543859 0.620487 0.669213 0.561122 0.415885 0.557454 0.545273 0.532580 0.633430
171 0.597319 0.221666 0.589055 0.415198 0.614065 0.415867 0.564045 0.414529 0.614065 0.415867 0.624702 0.547294 0.618636 0.671298 0.564045 0.414529 0.561255 0.551845 0.540201 0.651994
172 0.602500 0.221779 0.591670 0.417023 0.616339 0.417746 0.567002 0.416300 0.616339 0.417746 0.624254 0.557774 0.617653 0.671890 0.567002 0.416300 0.563439 0.568772 0.550876 0.684378
173 0.607248 0.221350 0.595371 0.417731 0.620430 0.418789 0.570312 0.416672 0.620430 0.418789 0.622257 0.557477 0.616429 0.668298 0.570312 0.416672 0.570257 0.568575 0.566358 0.689014
174 0.610762 0.221637 0.599622 0.418788 0.625187 0.419027 0.574057 0.418548 0.625187 0.419027 0.623490 0.560325 0.616661 0.665422 0.574057 0.418548 0.576086 0.569001 0.576411 0.696318
175 0.614042 0.222039 0.601225 0.418781 0.627281 0.418762 0.575168 0.418799 0.627281 0.418762 0.623707 0.557510 0.616325 0.655480 0.575168 0.418799 0.577745 0.565445 0.583348 0.694346
176 0.616705 0.223125 0.604067 0.418678 0.630019 0.418485 0.578114 0.418871 0.630019 0.418485 0.623932 0.556951 0.616212 0.657595 0.578114 0.418871 0.580742 0.560918 0.588584 0.685872
177 0.617779 0.224099 0.606778 0.423052 0.632341 0.423020 0.581215 0.423085 0.632341 0.423020 0.626199 0.559409 0.615614 0.663424 0.581215 0.423085 0.587438 0.562308 0.596122 0.686366
178 0.618910 0.226267 0.609389 0.424171 0.635090 0.423962 0.583688 0.424381 0.635090 0.423962 0.625312 0.558842 0.613290 0.664900 0.583688 0.424381 0.590386 0.561564 0.601476 0.686574
179 0.618967 0.228331 0.611168 0.425539 0.636565 0.425194 0.585771 0.425885 0.636565 0.425194 0.624744 0.560243 0.611016 0.665322 0.585771 0.425885 0.593464 0.562143 0.603327 0.688825
180 0.618018 0.231762 0.613098 0.428365 0.639143 0.427523 0.587053 0.429208 0.639143 0.427523 0.626353 0.561238 0.610161 0.662788 0.587053 0.429208 0.595293 0.564925 0.602553 0.690848
181 0.617276 0.233421 0.614820 0.431924 0.641314 0.431287 0.588326 0.432561 0.641314 0.431287 0.628877 0.564012 0.610593 0.658042 0.588326 0.432561 0.596828 0.569891 0.604768 0.688821
182 0.616565 0.233948 0.617733 0.433582 0.644359 0.433033 0.591106 0.434130 0.644359 0.433033 0.632710 0.566443 0.611657 0.658085 0.591106 0.434130 0.595635 0.572512 0.604321 0.687626
183 0.615809 0.234342 0.618618 0.435411 0.645614 0.434462 0.591623 0.436359 0.645614 0.434462 0.636146 0.571907 0.614710 0.652732 0.591623 0.436359 0.594632 0.577451 0.602355 0.689664
184 0.615420 0.235468 0.620422 0.440276 0.648037 0.439300 0.592807 0.441253 0.648037 0.439300 0.639748 0.582230 0.612807 0.658882 0.592807 0.441253 0.594712 0.581497 0.603665 0.691717
185 0.615178 0.236084 0.619754 0.442744 0.647124 0.441880 0.592384 0.443609 0.647124 0.441880 0.643608 0.589839 0.607105 0.662750 0.592384 0.443609 0.594527 0.585053 0.602947 0.697325
186 0.615103 0.236887 0.621264 0.444784 0.648750 0.443718 0.593777 0.445850 0.648750 0.443718 0.646789 0.592229 0.608918 0.663066 0.593777 0.445850 0.596557 0.586138 0.605825 0.702055
187 0.615052 0.237607 0.622613 0.445838 0.650611 0.444601 0.594616 0.447074 0.650611 0.444601 0.649966 0.590769 0.632761 0.654002 0.594616 0.447074 0.598142 0.587312 0.608426 0.708491
188 0.615196 0.238183 0.622222 0.445201 0.649905 0.443633 0.594538 0.446770 0.649905 0.443633 0.649859 0.587781 0.635680 0.643673 0.594538 0.446770 0.598042 0.585827 0.608441 0.707796
189 0.615609 0.239007 0.622473 0.447290 0.649889 0.445535 0.595056 0.449044 0.649889 0.445535 0.648599 0.587543 0.630486 0.657622 0.595056 0.449044 0.597679 0.586577 0.609811 0.712433
190 0.616858 0.239295 0.623837 0.447146 0.651482 0.445378 0.596192 0.448915 0.651482 0.445378 0.649341 0.588177 0.632780 0.647918 0.596192 0.448915 0.598554 0.585735 0.609395 0.709522
191 0.618379 0.239709 0.624786 0.446636 0.652762 0.445065 0.596810 0.448208 0.652762 0.445065 0.649294 0.587030 0.634087 0.646347 0.596810 0.448208 0.598540 0.585906 0.609037 0.707920
192 0.620543 0.240306 0.626439 0.447644 0.654600 0.446299 0.598278 0.448989 0.654600 0.446299 0.650712 0.586296 0.633479 0.626893 0.598278 0.448989 0.599269 0.587301 0.609086 0.707153
193 0.622081 0.240791 0.628356 0.447704 0.656787 0.446715 0.599926 0.448692 0.656787 0.446715 0.651820 0.587528 0.632543 0.604153 0.599926 0.448692 0.599579 0.586899 0.609178 0.705692
194 0.624114 0.241487 0.629983 0.448708 0.658949 0.448186 0.601017 0.449231 0.658949 0.448186 0.652489 0.587178 0.631666 0.615172 0.601017 0.449231 0.599349 0.587228 0.608972 0.705491
195 0.627084 0.242628 0.630718 0.451610 0.659691 0.452483 0.601745 0.450736 0.659691 0.452483 0.654836 0.590558 0.632862 0.587575 0.601745 0.450736 0.599616 0.588159 0.608777 0.705296
196 0.631240 0.243853 0.631649 0.453641 0.660537 0.455536 0.602760 0.451746 0.660537 0.455536 0.654853 0.591088 0.632343 0.603191 0.602760 0.451746 0.599858 0.589461 0.608819 0.705677
197 0.635774 0.245183 0.632248 0.455441 0.660714 0.458577 0.603781 0.452304 0.660714 0.458577 0.654666 0.591841 0.631845 0.609010 0.603781 0.452304 0.600248 0.589857 0.608939 0.705579
198 0.640952 0.247276 0.633483 0.457661 0.661711 0.461719 0.605254 0.453604 0.661711 0.461719 0.655857 0.592110 0.631531 0.603001 0.605254 0.453604 0.601320 0.589731 0.608836 0.705489
199 0.645485 0.248784 0.635080 0.459085 0.663556 0.463817 0.606604 0.454352 0.663556 0.463817 0.657742 0.594780 0.630831 0.617507 0.606604 0.454352 0.601405 0.593104 0.607710 0.707815
200 0.648900 0.249747 0.636621 0.459475 0.664403 0.463809 0.608839 0.455142 0.664403 0.463809 0.659062 0.594455 0.636405 0.598037 0.608839 0.455142 0.601952 0.592633 0.607061 0.707497
201 -1 -1 -1 -1 -1 -1 -1 -1 -1 -1 -1 -1 -1 -1 -1 -1 -1 -1 -1 -1
202 -1 -1 -1 -1 -1 -1 -1 -1 -1 -1 -1 -1 -1 -1 -1 -1 -1 -1 -1 -1
203 -1 -1 -1 -1 -1 -1 -1 -1 -1 -1 -1 -1 -1 -1 -1 -1 -1 -1 -1 -1
204 -1 -1 -1 -1 -1 -1 -1 -1 -1 -1 -1 -1 -1 -1 -1 -1 -1 -1 -1 -1
205 -1 -1 -1 -1 -1 -1 -1 -1 -1 -1 -1 -1 -1 -1 -1 -1 -1 -1 -1 -1
206 -1 -1 -1 -1 -1 -1 -1 -1 -1 -1 -1 -1 -1 -1 -1 -1 -1 -1 -1 -1
207 -1 -1 -1 -1 -1 -1 -1 -1 -1 -1 -1 -1 -1 -1 -1 -1 -1 -1 -1 -1
208 -1 -1 -1 -1 -1 -1 -1 -1 -1 -1 -1 -1 -1 -1 -1 -1 -1 -1 -1 -1
209 -1 -1 -1 -1 -1 -1 -1 -1 -1 -1 -1 -1 -1 -1 -1 -1 -1 -1 -1 -1
210 -1 -1 -1 -1 -1 -1 -1 -1 -1 -1 -1 -1 -1 -1 -1 -1 -1 -1 -1 -1
211 -1 -1 -1 -1 -1 -1 -1 -1 -1 -1 -1 -1 -1 -1 -1 -1 -1 -1 -1 -1
212 -1 -1 -1 -1 -1 -1 -1 -1 -1 -1 -1 -1 -1 -1 -1 -1 -1 -1 -1 -1
213 -1 -1 -1 -1 -1 -1 -1 -1 -1 -1 -1 -1 -1 -1 -1 -1 -1 -1 -1 -1
214 -1 -1 -1 -1 -1 -1 -1 -1 -1 -1 -1 -1 -1 -1 -1 -1 -1 -1 -1 -1
215 -1 -1 -1 -1 -1 -1 -1 -1 -1 -1 -1 -1 -1 -1 -1 -1 -1 -1 -1 -1
216 -1 -1 -1 -1 -1 -1 -1 -1 -1 -1 -1 -1 -1 -1 -1 -1 -1 -1 -1 -1
217 -1 -1 -1 -1 -1 -1 -1 -1 -1 -1 -1 -1 -1 -1 -1 -1 -1 -1 -1 -1
218 -1 -1 -1 -1 -1 -1 -1 -1 -1 -1 -1 -1 -1 -1 -1 -1 -1 -1 -1 -1
219 -1 -1 -1 -1 -1 -1 -1 -1 -1 -1 -1 -1 -1 -1 -1 -1 -1 -1 -1 -1
220 -1 -1 -1 -1 -1 -1 -1 -1 -1 -1 -1 -1 -1 -1 -1 -1 -1 -1 -1 -1
221 -1 -1 -1 -1 -1 -1 -1 -1 -1 -1 -1 -1 -1 -1 -1 -1 -1 -1 -1 -1
222 -1 -1 -1 -1 -1 -1 -1 -1 -1 -1 -1 -1 -1 -1 -1 -1 -1 -1 -1 -1
223 -1 -1 -1 -1 -1 -1 -1 -1 -1 -1 -1 -1 -1 -1 -1 -1 -1 -1 -1 -1
224 -1 -1 -1 -1 -1 -1 -1 -1 -1 -1 -1 -1 -1 -1 -1 -1 -1 -1 -1 -1
225 -1 -1 -1 -1 -1 -1 -1 -1 -1 -1 -1 -1 -1 -1 -1 -1 -1 -1 -1 -1
226 -1 -1 -1 -1 -1 -1 -1 -1 -1 -1 -1 -1 -1 -1 -1 -1 -1 -1 -1 -1
227 -1 -1 -1 -1 -1 -1 -1 -1 -1 -1 -1 -1 -1 -1 -1 -1 -1 -1 -1 -1
228 -1 -1 -1 -1 -1 -1 -1 -1 -1 -1 -1 -1 -1 -1 -1 -1 -1 -1 -1 -1
229 -1 -1 -1 -1 -1 -1 -1 -1 -1 -1 -1 -1 -1 -1 -1 -1 -1 -1 -1 -1
230 -1 -1 -1 -1 -1 -1 -1 -1 -1 -1 -1 -1 -1 -1 -1 -1 -1 -1 -1 -1
231 -1 -1 -1 -1 -1 -1 -1 -1 -1 -1 -1 -1 -1 -1 -1 -1 -1 -1 -1 -1
232 -1 -1 -1 -1 -1 -1 -1 -1 -1 -1 -1 -1 -1 -1 -1 -1 -1 -1 -1 -1
233 -1 -1 -1 -1 -1 -1 -1 -1 -1 -1 -1 -1 -1 -1 -1 -1 -1 -1 -1 -1
234 -1 -1 -1 -1 -1 -1 -1 -1 -1 -1 -1 -1 -1 -1 -1 -1 -1 -1 -1 -1
235 -1 -1 -1 -1 -1 -1 -1 -1 -1 -1 -1 -1 -1 -1 -1 -1 -1 -1 -1 -1
236 -1 -1 -1 -1 -1 -1 -1 -1 -1 -1 -1 -1 -1 -1 -1 -1 -1 -1 -1 -1
237 -1 -1 -1 -1 -1 -1 -1 -1 -1 -1 -1 -1 -1 -1 -1 -1 -1 -1 -1 -1
238 -1 -1 -1 -1 -1 -1 -1 -1 -1 -1 -1 -1 -1 -1 -1 -1 -1 -1 -1 -1
239 -1 -1 -1 -1 -1 -1 -1 -1 -1 -1 -1 -1 -1 -1 -1 -1 -1 -1 -1 -1
240 -1 -1 -1 -1 -1 -1 -1 -1 -1 -1 -1 -1 -1 -1 -1 -1 -1 -1 -1 -1
241 -1 -1 -1 -1 -1 -1 -1 -1 -1 -1 -1 -1 -1 -1 -1 -1 -1 -1 -1 -1
242 -1 -1 -1 -1 -1 -1 -1 -1 -1 -1 -1 -1 -1 -1 -1 -1 -1 -1 -1 -1
243 -1 -1 -1 -1 -1 -1 -1 -1 -1 -1 -1 -1 -1 -1 -1 -1 -1 -1 -1 -1
244 -1 -1 -1 -1 -1 -1 -1 -1 -1 -1 -1 -1 -1 -1 -1 -1 -1 -1 -1 -1
245 -1 -1 -1 -1 -1 -1 -1 -1 -1 -1 -1 -1 -1 -1 -1 -1 -1 -1 -1 -1
246 -1 -1 -1 -1 -1 -1 -1 -1 -1 -1 -1 -1 -1 -1 -1 -1 -1 -1 -1 -1
247 -1 -1 -1 -1 -1 -1 -1 -1 -1 -1 -1 -1 -1 -1 -1 -1 -1 -1 -1 -1
248 -1 -1 -1 -1 -1 -1 -1 -1 -1 -1 -1 -1 -1 -1 -1 -1 -1 -1 -1 -1
249 -1 -1 -1 -1 -1 -1 -1 -1 -1 -1 -1 -1 -1 -1 -1 -1 -1 -1 -1 -1
250 -1 -1 -1 -1 -1 -1 -1 -1 -1 -1 -1 -1 -1 -1 -1 -1 -1 -1 -1 -1
251 -1 -1 -1 -1 -1 -1 -1 -1 -1 -1 -1 -1 -1 -1 -1 -1 -1 -1 -1 -1
252 -1 -1 -1 -1 -1 -1 -1 -1 -1 -1 -1 -1 -1 -1 -1 -1 -1 -1 -1 -1
253 -1 -1 -1 -1 -1 -1 -1 -1 -1 -1 -1 -1 -1 -1 -1 -1 -1 -1 -1 -1
254 -1 -1 -1 -1 -1 -1 -1 -1 -1 -1 -1 -1 -1 -1 -1 -1 -1 -1 -1 -1
255 -1 -1 -1 -1 -1 -1 -1 -1 -1 -1 -1 -1 -1 -1 -1 -1 -1 -1 -1 -1
256 -1 -1 -1 -1 -1 -1 -1 -1 -1 -1 -1 -1 -1 -1 -1 -1 -1 -1 -1 -1
257 -1 -1 -1 -1 -1 -1 -1 -1 -1 -1 -1 -1 -1 -1 -1 -1 -1 -1 -1 -1
258 -1 -1 -1 -1 -1 -1 -1 -1 -1 -1 -1 -1 -1 -1 -1 -1 -1 -1 -1 -1
259 -1 -1 -1 -1 -1 -1 -1 -1 -1 -1 -1 -1 -1 -1 -1 -1 -1 -1 -1 -1
260 -1 -1 -1 -1 -1 -1 -1 -1 -1 -1 -1 -1 -1 -1 -1 -1 -1 -1 -1 -1
261 -1 -1 -1 -1 -1 -1 -1 -1 -1 -1 -1 -1 -1 -1 -1 -1 -1 -1 -1 -1
262 -1 -1 -1 -1 -1 -1 -1 -1 -1 -1 -1 -1 -1 -1 -1 -1 -1 -1 -1 -1
263 -1 -1 -1 -1 -1 -1 -1 -1 -1 -1 -1 -1 -1 -1 -1 -1 -1 -1 -1 -1
264 -1 -1 -1 -1 -1 -1 -1 -1 -1 -1 -1 -1 -1 -1 -1 -1 -1 -1 -1 -1
265 -1 -1 -1 -1 -1 -1 -1 -1 -1 -1 -1 -1 -1 -1 -1 -1 -1 -1 -1 -1
266 -1 -1 -1 -1 -1 -1 -1 -1 -1 -1 -1 -1 -1 -1 -1 -1 -1 -1 -1 -1
267 -1 -1 -1 -1 -1 -1 -1 -1 -1 -1 -1 -1 -1 -1 -1 -1 -1 -1 -1 -1
268 -1 -1 -1 -1 -1 -1 -1 -1 -1 -1 -1 -1 -1 -1 -1 -1 -1 -1 -1 -1
269 -1 -1 -1 -1 -1 -1 -1 -1 -1 -1 -1 -1 -1 -1 -1 -1 -1 -1 -1 -1
270 -1 -1 -1 -1 -1 -1 -1 -1 -1 -1 -1 -1 -1 -1 -1 -1 -1 -1 -1 -1
271 -1 -1 -1 -1 -1 -1 -1 -1 -1 -1 -1 -1 -1 -1 -1 -1 -1 -1 -1 -1
272 -1 -1 -1 -1 -1 -1 -1 -1 -1 -1 -1 -1 -1 -1 -1 -1 -1 -1 -1 -1
273 -1 -1 -1 -1 -1 -1 -1 -1 -1 -1 -1 -1 -1 -1 -1 -1 -1 -1 -1 -1
274 -1 -1 -1 -1 -1 -1 -1 -1 -1 -1 -1 -1 -1 -1 -1 -1 -1 -1 -1 -1
275 -1 -1 -1 -1 -1 -1 -1 -1 -1 -1 -1 -1 -1 -1 -1 -1 -1 -1 -1 -1
276 -1 -1 -1 -1 -1 -1 -1 -1 -1 -1 -1 -1 -1 -1 -1 -1 -1 -1 -1 -1
277 -1 -1 -1 -1 -1 -1 -1 -1 -1 -1 -1 -1 -1 -1 -1 -1 -1 -1 -1 -1
278 -1 -1 -1 -1 -1 -1 -1 -1 -1 -1 -1 -1 -1 -1 -1 -1 -1 -1 -1 -1
279 -1 -1 -1 -1 -1 -1 -1 -1 -1 -1 -1 -1 -1 -1 -1 -1 -1 -1 -1 -1
280 -1 -1 -1 -1 -1 -1 -1 -1 -1 -1 -1 -1 -1 -1 -1 -1 -1 -1 -1 -1
281 -1 -1 -1 -1 -1 -1 -1 -1 -1 -1 -1 -1 -1 -1 -1 -1 -1 -1 -1 -1
282 -1 -1 -1 -1 -1 -1 -1 -1 -1 -1 -1 -1 -1 -1 -1 -1 -1 -1 -1 -1
283 -1 -1 -1 -1 -1 -1 -1 -1 -1 -1 -1 -1 -1 -1 -1 -1 -1 -1 -1 -1
284 -1 -1 -1 -1 -1 -1 -1 -1 -1 -1 -1 -1 -1 -1 -1 -1 -1 -1 -1 -1
285 -1 -1 -1 -1 -1 -1 -1 -1 -1 -1 -1 -1 -1 -1 -1 -1 -1 -1 -1 -1
286 -1 -1 -1 -1 -1 -1 -1 -1 -1 -1 -1 -1 -1 -1 -1 -1 -1 -1 -1 -1
287 -1 -1 -1 -1 -1 -1 -1 -1 -1 -1 -1 -1 -1 -1 -1 -1 -1 -1 -1 -1
