0
0
0 0.743312 0.413044 0.717770 0.532741 0.736391 0.542139 0.699150 0.523342 0.736391 0.542139 0.700682 0.570675 0.673357 0.618477 0.699150 0.523342 0.653043 0.553034 0.663451 0.617618
1 0.742956 0.413734 0.718029 0.534146 0.736892 0.542625 0.699165 0.525667 0.736892 0.542625 0.728207 0.554555 0.686047 0.604399 0.699165 0.525667 0.653112 0.546601 0.665843 0.617634
2 0.742045 0.415219 0.718636 0.532257 0.738066 0.538966 0.699206 0.525548 0.738066 0.538966 0.752587 0.533263 0.694429 0.592276 0.699206 0.525548 0.653068 0.547151 0.675074 0.611055
3 0.741926 0.415580 0.718595 0.531031 0.738162 0.537240 0.699028 0.524822 0.738162 0.537240 0.755477 0.541042 0.692594 0.593329 0.699028 0.524822 0.647240 0.542396 0.678340 0.603521
4 0.741694 0.416534 0.718170 0.532484 0.737684 0.539032 0.698656 0.525936 0.737684 0.539032 0.739327 0.545507 0.689512 0.597889 0.698656 0.525936 0.647591 0.554290 0.675628 0.605903
5 0.741601 0.417125 0.718669 0.533099 0.738234 0.540289 0.699103 0.525909 0.738234 0.540289 0.737727 0.546181 0.687883 0.600034 0.699103 0.525909 0.648072 0.551803 0.674279 0.606461
6 0.741593 0.417211 0.718670 0.533564 0.738260 0.540978 0.699080 0.526150 0.738260 0.540978 0.749637 0.537885 0.688700 0.597507 0.699080 0.526150 0.645841 0.548059 0.678802 0.599869
7 0.741577 0.417397 0.718899 0.534479 0.738346 0.542072 0.699452 0.526886 0.738346 0.542072 0.743370 0.539378 0.687903 0.598962 0.699452 0.526886 0.646390 0.548160 0.677118 0.604281
8 0.741583 0.417762 0.719592 0.538056 0.739367 0.548897 0.699817 0.527215 0.739367 0.548897 0.719561 0.558384 0.684442 0.626628 0.699817 0.527215 0.647912 0.545070 0.671620 0.618663
9 -1 -1 -1 -1 -1 -1 -1 -1 -1 -1 -1 -1 -1 -1 -1 -1 -1 -1 -1 -1
10 -1 -1 -1 -1 -1 -1 -1 -1 -1 -1 -1 -1 -1 -1 -1 -1 -1 -1 -1 -1
11 -1 -1 -1 -1 -1 -1 -1 -1 -1 -1 -1 -1 -1 -1 -1 -1 -1 -1 -1 -1
12 -1 -1 -1 -1 -1 -1 -1 -1 -1 -1 -1 -1 -1 -1 -1 -1 -1 -1 -1 -1
13 -1 -1 -1 -1 -1 -1 -1 -1 -1 -1 -1 -1 -1 -1 -1 -1 -1 -1 -1 -1
14 -1 -1 -1 -1 -1 -1 -1 -1 -1 -1 -1 -1 -1 -1 -1 -1 -1 -1 -1 -1
15 -1 -1 -1 -1 -1 -1 -1 -1 -1 -1 -1 -1 -1 -1 -1 -1 -1 -1 -1 -1
16 -1 -1 -1 -1 -1 -1 -1 -1 -1 -1 -1 -1 -1 -1 -1 -1 -1 -1 -1 -1
17 -1 -1 -1 -1 -1 -1 -1 -1 -1 -1 -1 -1 -1 -1 -1 -1 -1 -1 -1 -1
18 -1 -1 -1 -1 -1 -1 -1 -1 -1 -1 -1 -1 -1 -1 -1 -1 -1 -1 -1 -1
19 -1 -1 -1 -1 -1 -1 -1 -1 -1 -1 -1 -1 -1 -1 -1 -1 -1 -1 -1 -1
20 -1 -1 -1 -1 -1 -1 -1 -1 -1 -1 -1 -1 -1 -1 -1 -1 -1 -1 -1 -1
21 -1 -1 -1 -1 -1 -1 -1 -1 -1 -1 -1 -1 -1 -1 -1 -1 -1 -1 -1 -1
22 -1 -1 -1 -1 -1 -1 -1 -1 -1 -1 -1 -1 -1 -1 -1 -1 -1 -1 -1 -1
23 -1 -1 -1 -1 -1 -1 -1 -1 -1 -1 -1 -1 -1 -1 -1 -1 -1 -1 -1 -1
24 -1 -1 -1 -1 -1 -1 -1 -1 -1 -1 -1 -1 -1 -1 -1 -1 -1 -1 -1 -1
25 -1 -1 -1 -1 -1 -1 -1 -1 -1 -1 -1 -1 -1 -1 -1 -1 -1 -1 -1 -1
26 -1 -1 -1 -1 -1 -1 -1 -1 -1 -1 -1 -1 -1 -1 -1 -1 -1 -1 -1 -1
27 -1 -1 -1 -1 -1 -1 -1 -1 -1 -1 -1 -1 -1 -1 -1 -1 -1 -1 -1 -1
28 -1 -1 -1 -1 -1 -1 -1 -1 -1 -1 -1 -1 -1 -1 -1 -1 -1 -1 -1 -1
29 -1 -1 -1 -1 -1 -1 -1 -1 -1 -1 -1 -1 -1 -1 -1 -1 -1 -1 -1 -1
30 -1 -1 -1 -1 -1 -1 -1 -1 -1 -1 -1 -1 -1 -1 -1 -1 -1 -1 -1 -1
31 -1 -1 -1 -1 -1 -1 -1 -1 -1 -1 -1 -1 -1 -1 -1 -1 -1 -1 -1 -1
32 -1 -1 -1 -1 -1 -1 -1 -1 -1 -1 -1 -1 -1 -1 -1 -1 -1 -1 -1 -1
33 -1 -1 -1 -1 -1 -1 -1 -1 -1 -1 -1 -1 -1 -1 -1 -1 -1 -1 -1 -1
34 -1 -1 -1 -1 -1 -1 -1 -1 -1 -1 -1 -1 -1 -1 -1 -1 -1 -1 -1 -1
35 -1 -1 -1 -1 -1 -1 -1 -1 -1 -1 -1 -1 -1 -1 -1 -1 -1 -1 -1 -1
36 -1 -1 -1 -1 -1 -1 -1 -1 -1 -1 -1 -1 -1 -1 -1 -1 -1 -1 -1 -1
37 -1 -1 -1 -1 -1 -1 -1 -1 -1 -1 -1 -1 -1 -1 -1 -1 -1 -1 -1 -1
38 -1 -1 -1 -1 -1 -1 -1 -1 -1 -1 -1 -1 -1 -1 -1 -1 -1 -1 -1 -1
39 -1 -1 -1 -1 -1 -1 -1 -1 -1 -1 -1 -1 -1 -1 -1 -1 -1 -1 -1 -1
40 -1 -1 -1 -1 -1 -1 -1 -1 -1 -1 -1 -1 -1 -1 -1 -1 -1 -1 -1 -1
41 -1 -1 -1 -1 -1 -1 -1 -1 -1 -1 -1 -1 -1 -1 -1 -1 -1 -1 -1 -1
42 -1 -1 -1 -1 -1 -1 -1 -1 -1 -1 -1 -1 -1 -1 -1 -1 -1 -1 -1 -1
43 -1 -1 -1 -1 -1 -1 -1 -1 -1 -1 -1 -1 -1 -1 -1 -1 -1 -1 -1 -1
44 -1 -1 -1 -1 -1 -1 -1 -1 -1 -1 -1 -1 -1 -1 -1 -1 -1 -1 -1 -1
45 -1 -1 -1 -1 -1 -1 -1 -1 -1 -1 -1 -1 -1 -1 -1 -1 -1 -1 -1 -1
46 -1 -1 -1 -1 -1 -1 -1 -1 -1 -1 -1 -1 -1 -1 -1 -1 -1 -1 -1 -1
47 -1 -1 -1 -1 -1 -1 -1 -1 -1 -1 -1 -1 -1 -1 -1 -1 -1 -1 -1 -1
48 -1 -1 -1 -1 -1 -1 -1 -1 -1 -1 -1 -1 -1 -1 -1 -1 -1 -1 -1 -1
49 -1 -1 -1 -1 -1 -1 -1 -1 -1 -1 -1 -1 -1 -1 -1 -1 -1 -1 -1 -1
50 -1 -1 -1 -1 -1 -1 -1 -1 -1 -1 -1 -1 -1 -1 -1 -1 -1 -1 -1 -1
51 -1 -1 -1 -1 -1 -1 -1 -1 -1 -1 -1 -1 -1 -1 -1 -1 -1 -1 -1 -1
52 -1 -1 -1 -1 -1 -1 -1 -1 -1 -1 -1 -1 -1 -1 -1 -1 -1 -1 -1 -1
53 -1 -1 -1 -1 -1 -1 -1 -1 -1 -1 -1 -1 -1 -1 -1 -1 -1 -1 -1 -1
54 -1 -1 -1 -1 -1 -1 -1 -1 -1 -1 -1 -1 -1 -1 -1 -1 -1 -1 -1 -1
55 -1 -1 -1 -1 -1 -1 -1 -1 -1 -1 -1 -1 -1 -1 -1 -1 -1 -1 -1 -1
56 -1 -1 -1 -1 -1 -1 -1 -1 -1 -1 -1 -1 -1 -1 -1 -1 -1 -1 -1 -1
57 -1 -1 -1 -1 -1 -1 -1 -1 -1 -1 -1 -1 -1 -1 -1 -1 -1 -1 -1 -1
58 -1 -1 -1 -1 -1 -1 -1 -1 -1 -1 -1 -1 -1 -1 -1 -1 -1 -1 -1 -1
59 -1 -1 -1 -1 -1 -1 -1 -1 -1 -1 -1 -1 -1 -1 -1 -1 -1 -1 -1 -1
60 -1 -1 -1 -1 -1 -1 -1 -1 -1 -1 -1 -1 -1 -1 -1 -1 -1 -1 -1 -1
61 -1 -1 -1 -1 -1 -1 -1 -1 -1 -1 -1 -1 -1 -1 -1 -1 -1 -1 -1 -1
62 -1 -1 -1 -1 -1 -1 -1 -1 -1 -1 -1 -1 -1 -1 -1 -1 -1 -1 -1 -1
63 -1 -1 -1 -1 -1 -1 -1 -1 -1 -1 -1 -1 -1 -1 -1 -1 -1 -1 -1 -1
64 -1 -1 -1 -1 -1 -1 -1 -1 -1 -1 -1 -1 -1 -1 -1 -1 -1 -1 -1 -1
65 -1 -1 -1 -1 -1 -1 -1 -1 -1 -1 -1 -1 -1 -1 -1 -1 -1 -1 -1 -1
66 -1 -1 -1 -1 -1 -1 -1 -1 -1 -1 -1 -1 -1 -1 -1 -1 -1 -1 -1 -1
67 -1 -1 -1 -1 -1 -1 -1 -1 -1 -1 -1 -1 -1 -1 -1 -1 -1 -1 -1 -1
68 -1 -1 -1 -1 -1 -1 -1 -1 -1 -1 -1 -1 -1 -1 -1 -1 -1 -1 -1 -1
69 -1 -1 -1 -1 -1 -1 -1 -1 -1 -1 -1 -1 -1 -1 -1 -1 -1 -1 -1 -1
70 -1 -1 -1 -1 -1 -1 -1 -1 -1 -1 -1 -1 -1 -1 -1 -1 -1 -1 -1 -1
71 -1 -1 -1 -1 -1 -1 -1 -1 -1 -1 -1 -1 -1 -1 -1 -1 -1 -1 -1 -1
72 -1 -1 -1 -1 -1 -1 -1 -1 -1 -1 -1 -1 -1 -1 -1 -1 -1 -1 -1 -1
73 -1 -1 -1 -1 -1 -1 -1 -1 -1 -1 -1 -1 -1 -1 -1 -1 -1 -1 -1 -1
74 -1 -1 -1 -1 -1 -1 -1 -1 -1 -1 -1 -1 -1 -1 -1 -1 -1 -1 -1 -1
75 -1 -1 -1 -1 -1 -1 -1 -1 -1 -1 -1 -1 -1 -1 -1 -1 -1 -1 -1 -1
76 -1 -1 -1 -1 -1 -1 -1 -1 -1 -1 -1 -1 -1 -1 -1 -1 -1 -1 -1 -1
77 -1 -1 -1 -1 -1 -1 -1 -1 -1 -1 -1 -1 -1 -1 -1 -1 -1 -1 -1 -1
78 -1 -1 -1 -1 -1 -1 -1 -1 -1 -1 -1 -1 -1 -1 -1 -1 -1 -1 -1 -1
79 -1 -1 -1 -1 -1 -1 -1 -1 -1 -1 -1 -1 -1 -1 -1 -1 -1 -1 -1 -1
80 -1 -1 -1 -1 -1 -1 -1 -1 -1 -1 -1 -1 -1 -1 -1 -1 -1 -1 -1 -1
81 -1 -1 -1 -1 -1 -1 -1 -1 -1 -1 -1 -1 -1 -1 -1 -1 -1 -1 -1 -1
82 -1 -1 -1 -1 -1 -1 -1 -1 -1 -1 -1 -1 -1 -1 -1 -1 -1 -1 -1 -1
83 -1 -1 -1 -1 -1 -1 -1 -1 -1 -1 -1 -1 -1 -1 -1 -1 -1 -1 -1 -1
84 -1 -1 -1 -1 -1 -1 -1 -1 -1 -1 -1 -1 -1 -1 -1 -1 -1 -1 -1 -1
85 -1 -1 -1 -1 -1 -1 -1 -1 -1 -1 -1 -1 -1 -1 -1 -1 -1 -1 -1 -1
86 -1 -1 -1 -1 -1 -1 -1 -1 -1 -1 -1 -1 -1 -1 -1 -1 -1 -1 -1 -1
87 -1 -1 -1 -1 -1 -1 -1 -1 -1 -1 -1 -1 -1 -1 -1 -1 -1 -1 -1 -1
88 -1 -1 -1 -1 -1 -1 -1 -1 -1 -1 -1 -1 -1 -1 -1 -1 -1 -1 -1 -1
89 -1 -1 -1 -1 -1 -1 -1 -1 -1 -1 -1 -1 -1 -1 -1 -1 -1 -1 -1 -1
90 -1 -1 -1 -1 -1 -1 -1 -1 -1 -1 -1 -1 -1 -1 -1 -1 -1 -1 -1 -1
91 -1 -1 -1 -1 -1 -1 -1 -1 -1 -1 -1 -1 -1 -1 -1 -1 -1 -1 -1 -1
92 -1 -1 -1 -1 -1 -1 -1 -1 -1 -1 -1 -1 -1 -1 -1 -1 -1 -1 -1 -1
93 -1 -1 -1 -1 -1 -1 -1 -1 -1 -1 -1 -1 -1 -1 -1 -1 -1 -1 -1 -1
94 -1 -1 -1 -1 -1 -1 -1 -1 -1 -1 -1 -1 -1 -1 -1 -1 -1 -1 -1 -1
95 0.530787 0.225545 0.535699 0.402824 0.518724 0.406798 0.552674 0.398851 0.518724 0.406798 0.535179 0.529353 0.559934 0.648732 0.552674 0.398851 0.523424 0.481786 0.505779 0.571669
96 0.525119 0.224020 0.529819 0.401057 0.512922 0.403416 0.546717 0.398698 0.512922 0.403416 0.532717 0.525257 0.560363 0.649193 0.546717 0.398698 0.516720 0.476714 0.496685 0.564409
97 0.518886 0.223250 0.522609 0.398270 0.506358 0.399783 0.538859 0.396757 0.506358 0.399783 0.526825 0.521283 0.560238 0.648088 0.538859 0.396757 0.508899 0.478580 0.491574 0.568038
98 0.514025 0.222709 0.516362 0.396680 0.499809 0.398938 0.532916 0.394422 0.499809 0.398938 0.521802 0.521611 0.558845 0.647075 0.532916 0.394422 0.505754 0.483385 0.487175 0.575451
99 0.508500 0.221505 0.509264 0.395993 0.493321 0.399398 0.525206 0.392587 0.493321 0.399398 0.516923 0.521505 0.556453 0.644917 0.525206 0.392587 0.501925 0.483586 0.488116 0.575630
100 0.502020 0.218280 0.503291 0.391938 0.488420 0.397762 0.518162 0.386113 0.488420 0.397762 0.507672 0.516692 0.553331 0.631972 0.518162 0.386113 0.496629 0.477880 0.495122 0.571305
101 0.495988 0.214652 0.495460 0.385133 0.479515 0.390522 0.511405 0.379744 0.479515 0.390522 0.492845 0.505511 0.533148 0.605677 0.511405 0.379744 0.492452 0.478877 0.493946 0.566970
102 0.490462 0.211470 0.487957 0.383313 0.473776 0.389779 0.502139 0.376847 0.473776 0.389779 0.480756 0.498980 0.518625 0.589778 0.502139 0.376847 0.487123 0.481076 0.496550 0.571374
103 0.486133 0.207586 0.485729 0.377174 0.472662 0.382270 0.498797 0.372078 0.472662 0.382270 0.470088 0.487218 0.498442 0.578960 0.498797 0.372078 0.490055 0.476661 0.497134 0.565502
104 0.480343 0.203041 0.478080 0.379241 0.467102 0.383529 0.489058 0.374953 0.467102 0.383529 0.460481 0.484528 0.486419 0.573502 0.489058 0.374953 0.483229 0.476622 0.491011 0.565764
105 0.475267 0.199125 0.473572 0.376251 0.462990 0.379116 0.484153 0.373385 0.462990 0.379116 0.449722 0.481915 0.481488 0.584814 0.484153 0.373385 0.483987 0.477957 0.490203 0.575612
106 0.471050 0.197048 0.469488 0.374083 0.458206 0.376557 0.480769 0.371608 0.458206 0.376557 0.439579 0.475881 0.467125 0.586102 0.480769 0.371608 0.481095 0.478333 0.485367 0.583454
107 0.465009 0.196047 0.463793 0.370470 0.451743 0.373658 0.475843 0.367281 0.451743 0.373658 0.434284 0.474930 0.443426 0.579994 0.475843 0.367281 0.480169 0.477658 0.485336 0.583402
108 0.460864 0.194266 0.460070 0.364663 0.451496 0.366908 0.468644 0.362419 0.451496 0.366908 0.430793 0.466147 0.430116 0.570936 0.468644 0.362419 0.476943 0.471950 0.486647 0.583074
109 0.454078 0.195339 0.457194 0.365261 0.446628 0.367688 0.467760 0.362834 0.446628 0.367688 0.427328 0.462524 0.412950 0.558331 0.467760 0.362834 0.474912 0.470594 0.488725 0.582971
110 0.448615 0.196190 0.453697 0.365665 0.443831 0.367830 0.463562 0.363499 0.443831 0.367830 0.422845 0.460550 0.400267 0.550676 0.463562 0.363499 0.471965 0.469309 0.489364 0.581790
111 0.442590 0.196666 0.449073 0.365977 0.439226 0.368148 0.458920 0.363807 0.439226 0.368148 0.419388 0.460633 0.393012 0.548867 0.458920 0.363807 0.469310 0.467934 0.489378 0.579823
112 0.436287 0.196902 0.442399 0.366513 0.432070 0.368855 0.452729 0.364170 0.432070 0.368855 0.414406 0.461446 0.392479 0.550143 0.452729 0.364170 0.466787 0.468405 0.488262 0.578460
113 0.426986 0.197463 0.436646 0.367327 0.423664 0.369886 0.449627 0.364767 0.423664 0.369886 0.408104 0.462430 0.392812 0.553020 0.449627 0.364767 0.464915 0.468110 0.487746 0.576380
114 0.417646 0.197631 0.427232 0.367434 0.413288 0.370310 0.441176 0.364557 0.413288 0.370310 0.403859 0.461543 0.393110 0.553724 0.441176 0.364557 0.461201 0.467023 0.486842 0.572219
115 0.407541 0.195913 0.418299 0.365493 0.403523 0.368895 0.433074 0.362090 0.403523 0.368895 0.397062 0.462639 0.393209 0.555372 0.433074 0.362090 0.455580 0.465474 0.484790 0.568509
116 0.398693 0.190772 0.409901 0.358929 0.394440 0.363437 0.425362 0.354422 0.394440 0.363437 0.391247 0.462241 0.392925 0.555764 0.425362 0.354422 0.445166 0.454321 0.481534 0.560545
117 0.390024 0.186265 0.401634 0.351909 0.385824 0.357785 0.417445 0.346033 0.385824 0.357785 0.386902 0.460077 0.392509 0.553137 0.417445 0.346033 0.432764 0.442090 0.473809 0.545925
118 0.383861 0.183905 0.394222 0.348542 0.379025 0.354367 0.409420 0.342718 0.379025 0.354367 0.384429 0.457324 0.392182 0.551354 0.409420 0.342718 0.423007 0.433721 0.463071 0.526664
119 0.378312 0.181801 0.387942 0.344750 0.373865 0.350166 0.402020 0.339333 0.373865 0.350166 0.383647 0.452060 0.392850 0.549024 0.402020 0.339333 0.407445 0.426822 0.449190 0.516061
120 0.372129 0.181565 0.380759 0.342751 0.367331 0.348524 0.394187 0.336978 0.367331 0.348524 0.382265 0.451729 0.393204 0.549829 0.394187 0.336978 0.395634 0.424555 0.433812 0.509614
121 0.366318 0.181625 0.376785 0.342805 0.362507 0.348384 0.391063 0.337226 0.362507 0.348384 0.377131 0.450627 0.393382 0.548506 0.391063 0.337226 0.388167 0.421256 0.419159 0.511589
122 0.360568 0.181924 0.371042 0.341769 0.356631 0.348356 0.385454 0.335182 0.356631 0.348356 0.370536 0.443992 0.394181 0.542502 0.385454 0.335182 0.375814 0.412739 0.398148 0.511486
123 0.354259 0.182072 0.362826 0.343047 0.350330 0.349920 0.375322 0.336174 0.350330 0.349920 0.369613 0.445602 0.391900 0.543515 0.375322 0.336174 0.367079 0.418676 0.387312 0.519345
124 0.348809 0.182492 0.357995 0.343231 0.345508 0.350219 0.370483 0.336243 0.345508 0.350219 0.368327 0.446336 0.389467 0.542364 0.370483 0.336243 0.363039 0.423099 0.376278 0.510563
125 0.344267 0.182348 0.351012 0.344358 0.340631 0.351298 0.361392 0.337417 0.340631 0.351298 0.361546 0.446439 0.388130 0.543341 0.361392 0.337417 0.348776 0.420433 0.355003 0.503114
126 0.339119 0.182487 0.342574 0.345482 0.335513 0.352657 0.349635 0.338306 0.335513 0.352657 0.357568 0.447873 0.388625 0.544076 0.349635 0.338306 0.331338 0.422706 0.326939 0.501835
127 0.333444 0.182985 0.336732 0.346166 0.334411 0.352770 0.339053 0.339563 0.334411 0.352770 0.357348 0.452206 0.389480 0.546362 0.339053 0.339563 0.318287 0.411091 0.314713 0.486413
128 0.327688 0.185718 0.332347 0.348022 0.328002 0.354996 0.336691 0.341048 0.328002 0.354996 0.348696 0.452616 0.389119 0.546500 0.336691 0.341048 0.330721 0.417817 0.333024 0.484835
129 0.321391 0.186431 0.325803 0.347654 0.324198 0.354120 0.327408 0.341188 0.324198 0.354120 0.343493 0.450518 0.389469 0.544690 0.327408 0.341188 0.320455 0.428479 0.293555 0.489417
130 0.313869 0.189677 0.321023 0.361525 0.318592 0.365536 0.323454 0.357513 0.318592 0.365536 0.344139 0.454494 0.389774 0.544848 0.323454 0.357513 0.321990 0.443467 0.315743 0.515707
131 0.304408 0.192413 0.315425 0.367097 0.315391 0.369679 0.315460 0.364516 0.315391 0.369679 0.343318 0.456133 0.389654 0.544178 0.315460 0.364516 0.302197 0.441396 0.290326 0.514985
132 0.296923 0.193131 0.313232 0.366450 0.312514 0.370510 0.313949 0.362390 0.312514 0.370510 0.340676 0.457124 0.389448 0.542896 0.313949 0.362390 0.310445 0.440377 0.290279 0.514830
133 0.288418 0.193237 0.308984 0.365204 0.309558 0.368851 0.308410 0.361557 0.309558 0.368851 0.337384 0.457084 0.388559 0.538557 0.308410 0.361557 0.310950 0.437599 0.294747 0.504306
134 0.278553 0.191667 0.304429 0.350845 0.304890 0.357039 0.303968 0.344651 0.304890 0.357039 0.330554 0.451989 0.384758 0.531921 0.303968 0.344651 0.307326 0.424521 0.297423 0.492249
135 0.268013 0.185901 0.298861 0.334452 0.298547 0.339012 0.299175 0.329893 0.298547 0.339012 0.319764 0.435808 0.374434 0.520485 0.299175 0.329893 0.290094 0.416037 0.290935 0.492974
136 0.261197 0.183252 0.294699 0.332178 0.296051 0.335478 0.293348 0.328878 0.296051 0.335478 0.313302 0.430171 0.366278 0.509275 0.293348 0.328878 0.295815 0.418003 0.296913 0.495596
137 0.253923 0.181729 0.288594 0.329565 0.290480 0.331415 0.286709 0.327714 0.290480 0.331415 0.299224 0.427277 0.351309 0.503686 0.286709 0.327714 0.298040 0.417109 0.301876 0.496761
138 0.248043 0.181616 0.280495 0.330674 0.285695 0.332068 0.275296 0.329280 0.285695 0.332068 0.299211 0.419801 0.339485 0.498275 0.275296 0.329280 0.274101 0.416516 0.290039 0.496568
139 0.242983 0.178240 0.274227 0.329464 0.283335 0.329213 0.265120 0.329714 0.283335 0.329213 0.296480 0.419208 0.330869 0.494767 0.265120 0.329714 0.266172 0.417103 0.284092 0.495662
140 0.240572 0.177838 0.267665 0.327868 0.278614 0.327257 0.256716 0.328479 0.278614 0.327257 0.291949 0.418970 0.318688 0.494625 0.256716 0.328479 0.262766 0.415643 0.284393 0.491626
141 0.235623 0.178262 0.261950 0.328086 0.274962 0.326601 0.248938 0.329572 0.274962 0.326601 0.287634 0.416835 0.307424 0.491751 0.248938 0.329572 0.261417 0.414442 0.282272 0.487707
142 0.231879 0.178456 0.260388 0.324182 0.274808 0.320622 0.245969 0.327742 0.274808 0.320622 0.285844 0.408530 0.297419 0.492948 0.245969 0.327742 0.257950 0.414534 0.274693 0.488557
143 0.229677 0.181782 0.259363 0.322739 0.274777 0.318167 0.243950 0.327312 0.274777 0.318167 0.285669 0.406540 0.294767 0.492960 0.243950 0.327312 0.257809 0.413516 0.273937 0.484805
144 0.228145 0.184951 0.257285 0.323289 0.272955 0.319134 0.241615 0.327444 0.272955 0.319134 0.283287 0.406201 0.289677 0.494880 0.241615 0.327444 0.255767 0.413240 0.270403 0.485963
145 0.227196 0.188971 0.255576 0.324106 0.271577 0.320344 0.239574 0.327867 0.271577 0.320344 0.281869 0.405990 0.286797 0.493606 0.239574 0.327867 0.253248 0.413598 0.265773 0.486618
146 0.225690 0.191742 0.254097 0.325131 0.269549 0.321506 0.238646 0.328756 0.269549 0.321506 0.281376 0.403551 0.287052 0.489656 0.238646 0.328756 0.253426 0.412585 0.268543 0.485653
147 0.225562 0.197576 0.252489 0.326035 0.267956 0.322366 0.237022 0.329705 0.267956 0.322366 0.278251 0.401067 0.283615 0.486712 0.237022 0.329705 0.248872 0.410818 0.263583 0.486587
148 0.225862 0.206029 0.252642 0.324936 0.268007 0.320469 0.237276 0.329404 0.268007 0.320469 0.280379 0.399388 0.284203 0.488273 0.237276 0.329404 0.245063 0.411123 0.261815 0.495335
149 0.225639 0.213486 0.251672 0.323077 0.266854 0.317157 0.236490 0.328996 0.266854 0.317157 0.280990 0.394749 0.284528 0.487216 0.236490 0.328996 0.246793 0.409455 0.262842 0.495138
150 0.226242 0.222573 0.251997 0.325388 0.267612 0.318314 0.236382 0.332462 0.267612 0.318314 0.280983 0.394484 0.284375 0.484673 0.236382 0.332462 0.249985 0.409121 0.265192 0.495817
151 0.228126 0.235066 0.251438 0.323008 0.267588 0.316149 0.235288 0.329868 0.267588 0.316149 0.278396 0.396811 0.282913 0.485668 0.235288 0.329868 0.251497 0.407667 0.265956 0.496358
152 0.230293 0.247260 0.249099 0.321504 0.265671 0.316799 0.232528 0.326209 0.265671 0.316799 0.276175 0.398157 0.284018 0.486327 0.232528 0.326209 0.244780 0.404431 0.264035 0.489221
153 0.231761 0.259521 0.247603 0.318769 0.264550 0.313753 0.230656 0.323784 0.264550 0.313753 0.275695 0.397175 0.285962 0.479189 0.230656 0.323784 0.242764 0.401012 0.263813 0.478278
154 0.233146 0.268577 0.246643 0.322743 0.263834 0.316821 0.229453 0.328666 0.263834 0.316821 0.276892 0.402679 0.282861 0.479733 0.229453 0.328666 0.244638 0.405415 0.262607 0.470034
155 0.233844 0.273066 0.246333 0.328118 0.263814 0.323906 0.228852 0.332330 0.263814 0.323906 0.277062 0.403810 0.282636 0.476069 0.228852 0.332330 0.240896 0.406966 0.256119 0.436136
156 0.234587 0.280817 0.243965 0.328910 0.262489 0.325693 0.225442 0.332127 0.262489 0.325693 0.277656 0.402702 0.283764 0.486502 0.225442 0.332127 0.235817 0.407915 0.256068 0.459510
157 0.234721 0.285164 0.243427 0.337142 0.261779 0.334298 0.225075 0.339985 0.261779 0.334298 0.277662 0.403602 0.283763 0.488683 0.225075 0.339985 0.237141 0.412196 0.255004 0.458791
158 0.235007 0.290152 0.243679 0.347851 0.262364 0.343381 0.224995 0.352321 0.262364 0.343381 0.278376 0.403700 0.282442 0.488050 0.224995 0.352321 0.235849 0.414576 0.255059 0.468081
159 0.234523 0.290081 0.244363 0.366143 0.262632 0.358555 0.226094 0.373730 0.262632 0.358555 0.278578 0.407441 0.282954 0.488871 0.226094 0.373730 0.243353 0.435153 0.255661 0.489760
160 0.234247 0.290240 0.243868 0.370380 0.262108 0.363933 0.225628 0.376828 0.262108 0.363933 0.278690 0.416536 0.282996 0.490008 0.225628 0.376828 0.243362 0.443076 0.256477 0.499875
161 0.233703 0.289891 0.242224 0.373885 0.259976 0.367219 0.224472 0.380550 0.259976 0.367219 0.279398 0.413861 0.283182 0.490631 0.224472 0.380550 0.239022 0.448684 0.253783 0.501189
162 0.233514 0.290097 0.241508 0.378868 0.258853 0.372302 0.224163 0.385433 0.258853 0.372302 0.282183 0.413734 0.282406 0.490949 0.224163 0.385433 0.239500 0.452540 0.252130 0.503138
163 0.232084 0.290456 0.240109 0.382547 0.257433 0.375547 0.222785 0.389546 0.257433 0.375547 0.282501 0.407632 0.282540 0.492937 0.222785 0.389546 0.239890 0.457896 0.252397 0.506452
164 0.230262 0.290037 0.239095 0.382836 0.256304 0.375725 0.221885 0.389946 0.256304 0.375725 0.283056 0.405743 0.281654 0.494660 0.221885 0.389946 0.240146 0.453085 0.253441 0.506424
165 0.227688 0.288289 0.236962 0.380552 0.254437 0.373639 0.219487 0.387465 0.254437 0.373639 0.282993 0.398905 0.282268 0.495054 0.219487 0.387465 0.240228 0.454590 0.254057 0.506571
166 0.226066 0.284726 0.235953 0.380156 0.253522 0.373693 0.218385 0.386619 0.253522 0.373693 0.281616 0.400040 0.280710 0.494863 0.218385 0.386619 0.240350 0.453247 0.253495 0.503914
167 0.224260 0.280292 0.235624 0.380129 0.253183 0.373118 0.218065 0.387140 0.253183 0.373118 0.281605 0.400522 0.280992 0.494839 0.218065 0.387140 0.239878 0.457010 0.253845 0.503381
168 0.222572 0.274159 0.234757 0.378129 0.252247 0.371426 0.217266 0.384832 0.252247 0.371426 0.281380 0.403827 0.281231 0.494729 0.217266 0.384832 0.239928 0.455651 0.253940 0.503742
169 0.220875 0.268115 0.234513 0.377777 0.251445 0.371206 0.217582 0.384348 0.251445 0.371206 0.281206 0.404893 0.281229 0.494397 0.217582 0.384348 0.239042 0.454643 0.250659 0.503587
170 0.219372 0.265923 0.234088 0.376858 0.250918 0.370526 0.217259 0.383190 0.250918 0.370526 0.281174 0.404344 0.281750 0.493852 0.217259 0.383190 0.235883 0.452772 0.244658 0.507759
171 0.218489 0.265762 0.234237 0.376221 0.251022 0.369441 0.217452 0.383001 0.251022 0.369441 0.282603 0.402654 0.283070 0.491650 0.217452 0.383001 0.230871 0.451770 0.242636 0.513107
172 0.218002 0.267264 0.234600 0.375508 0.251500 0.368734 0.217699 0.382282 0.251500 0.368734 0.282579 0.402735 0.284775 0.491556 0.217699 0.382282 0.229028 0.451515 0.240901 0.513752
173 0.217275 0.268076 0.234296 0.375088 0.251599 0.368391 0.216993 0.381786 0.251599 0.368391 0.282536 0.398270 0.287420 0.491374 0.216993 0.381786 0.219928 0.447160 0.236779 0.513199
174 0.216730 0.268306 0.234426 0.374405 0.251774 0.367071 0.217078 0.381738 0.251774 0.367071 0.283081 0.398571 0.289102 0.490789 0.217078 0.381738 0.223444 0.446869 0.239544 0.517202
175 0.216538 0.268646 0.234455 0.373857 0.251765 0.366260 0.217145 0.381453 0.251765 0.366260 0.284468 0.394740 0.290699 0.489316 0.217145 0.381453 0.224276 0.442283 0.241269 0.504329
176 0.216247 0.268785 0.233213 0.373663 0.249620 0.366118 0.216806 0.381208 0.249620 0.366118 0.285441 0.393306 0.290479 0.486320 0.216806 0.381208 0.224100 0.442734 0.242041 0.504500
177 0.216366 0.268403 0.233205 0.372807 0.249499 0.364911 0.216911 0.380702 0.249499 0.364911 0.285404 0.391928 0.290741 0.486394 0.216911 0.380702 0.225847 0.437658 0.245084 0.499248
178 0.216475 0.268191 0.233000 0.369302 0.248936 0.361160 0.217063 0.377444 0.248936 0.361160 0.284350 0.390122 0.290981 0.483324 0.217063 0.377444 0.226393 0.435993 0.243240 0.496372
179 0.216510 0.268104 0.232274 0.369324 0.247963 0.361247 0.216586 0.377402 0.247963 0.361247 0.285849 0.390865 0.290816 0.484112 0.216586 0.377402 0.225191 0.426597 0.242549 0.495534
180 0.216407 0.268179 0.231889 0.369644 0.247561 0.361398 0.216218 0.377890 0.247561 0.361398 0.286024 0.390261 0.291269 0.484334 0.216218 0.377890 0.225694 0.413932 0.242272 0.492980
181 0.217035 0.269206 0.232128 0.371348 0.247831 0.362838 0.216426 0.379858 0.247831 0.362838 0.286083 0.389104 0.291845 0.484519 0.216426 0.379858 0.225114 0.422021 0.239823 0.490329
182 0.218192 0.271258 0.232241 0.372276 0.247993 0.364078 0.216488 0.380475 0.247993 0.364078 0.286324 0.389864 0.291647 0.484724 0.216488 0.380475 0.223695 0.416589 0.239006 0.491290
183 0.219373 0.273529 0.234182 0.372534 0.249657 0.364318 0.218707 0.380750 0.249657 0.364318 0.285262 0.387931 0.291217 0.484011 0.218707 0.380750 0.226004 0.417258 0.239781 0.487932
184 0.221282 0.277563 0.235200 0.373409 0.251065 0.365296 0.219334 0.381522 0.251065 0.365296 0.286625 0.388610 0.291433 0.483635 0.219334 0.381522 0.221754 0.420890 0.239845 0.489186
185 0.222671 0.280187 0.237525 0.374328 0.252891 0.365919 0.222159 0.382737 0.252891 0.365919 0.286879 0.392598 0.291410 0.484245 0.222159 0.382737 0.226611 0.434533 0.243498 0.498500
186 0.224047 0.281355 0.238396 0.375216 0.253874 0.367207 0.222919 0.383225 0.253874 0.367207 0.288091 0.392231 0.291349 0.484197 0.222919 0.383225 0.222580 0.425131 0.242507 0.491324
187 0.225286 0.282327 0.238301 0.375373 0.254078 0.367643 0.222525 0.383103 0.254078 0.367643 0.287926 0.392596 0.291104 0.484260 0.222525 0.383103 0.221748 0.425965 0.242762 0.491708
188 0.225913 0.283427 0.238311 0.375274 0.254149 0.367523 0.222473 0.383025 0.254149 0.367523 0.287196 0.392286 0.290076 0.483386 0.222473 0.383025 0.219208 0.420778 0.242294 0.482664
189 0.226595 0.284819 0.238268 0.375678 0.254228 0.368395 0.222308 0.382962 0.254228 0.368395 0.286262 0.393254 0.289524 0.483391 0.222308 0.382962 0.217581 0.421129 0.240757 0.485111
190 0.227271 0.285189 0.238317 0.375098 0.254406 0.368354 0.222227 0.381842 0.254406 0.368354 0.281189 0.395880 0.289236 0.484257 0.222227 0.381842 0.217792 0.423778 0.240772 0.494957
191 0.227573 0.285831 0.238759 0.375038 0.255063 0.368238 0.222455 0.381837 0.255063 0.368238 0.281790 0.395780 0.289299 0.485120 0.222455 0.381837 0.217895 0.425532 0.240819 0.497995
192 0.227722 0.285992 0.239871 0.376311 0.256450 0.369864 0.223292 0.382758 0.256450 0.369864 0.279583 0.396214 0.289314 0.488065 0.223292 0.382758 0.216310 0.425368 0.240765 0.498023
193 0.228048 0.287002 0.240858 0.378637 0.257205 0.371704 0.224510 0.385571 0.257205 0.371704 0.278945 0.397905 0.289320 0.488145 0.224510 0.385571 0.216669 0.427932 0.241597 0.498220
194 0.227952 0.287519 0.240783 0.378729 0.257079 0.371649 0.224487 0.385809 0.257079 0.371649 0.279548 0.391144 0.289681 0.486364 0.224487 0.385809 0.210396 0.412538 0.237197 0.481803
195 0.227944 0.287798 0.240636 0.378560 0.256943 0.371522 0.224328 0.385598 0.256943 0.371522 0.280373 0.393786 0.289706 0.486359 0.224328 0.385598 0.211964 0.414911 0.237130 0.483871
196 0.227901 0.288475 0.240643 0.378407 0.256939 0.371327 0.224347 0.385488 0.256939 0.371327 0.282206 0.394317 0.290045 0.486115 0.224347 0.385488 0.211473 0.416911 0.237547 0.491221
197 0.227841 0.289104 0.240496 0.378642 0.256724 0.371557 0.224269 0.385727 0.256724 0.371557 0.281698 0.391903 0.289778 0.485854 0.224269 0.385727 0.211928 0.417959 0.237557 0.471932
198 0.227769 0.289386 0.240750 0.378590 0.256686 0.371449 0.224814 0.385730 0.256686 0.371449 0.280925 0.392244 0.289714 0.485669 0.224814 0.385730 0.218037 0.425761 0.242858 0.489463
199 0.227813 0.289304 0.239968 0.378614 0.255635 0.371518 0.224300 0.385711 0.255635 0.371518 0.281170 0.392468 0.290043 0.485457 0.224300 0.385711 0.218669 0.423131 0.242434 0.481098
200 0.227499 0.289135 0.239786 0.378579 0.255289 0.371420 0.224282 0.385738 0.255289 0.371420 0.282121 0.392636 0.290242 0.485244 0.224282 0.385738 0.220544 0.424011 0.241700 0.482754
201 0.227428 0.289079 0.239351 0.378607 0.255077 0.371478 0.223624 0.385737 0.255077 0.371478 0.280247 0.392722 0.288584 0.484101 0.223624 0.385737 0.220406 0.427249 0.242794 0.485450
202 0.227331 0.288986 0.239119 0.378601 0.254990 0.371509 0.223247 0.385693 0.254990 0.371509 0.283539 0.392797 0.288596 0.484117 0.223247 0.385693 0.217594 0.424448 0.241256 0.489479
203 0.227176 0.288924 0.239070 0.378613 0.254910 0.371566 0.223229 0.385659 0.254910 0.371566 0.284154 0.391042 0.289116 0.484039 0.223229 0.385659 0.216440 0.421923 0.240566 0.490896
204 0.227093 0.288768 0.238896 0.378568 0.254773 0.371550 0.223018 0.385586 0.254773 0.371550 0.284253 0.391201 0.289125 0.484024 0.223018 0.385586 0.216474 0.422492 0.242125 0.499965
205 0.227022 0.288351 0.238821 0.378404 0.254773 0.371533 0.222868 0.385276 0.254773 0.371533 0.284354 0.395922 0.289135 0.484945 0.222868 0.385276 0.216534 0.425982 0.242018 0.498495
206 0.226996 0.288152 0.238796 0.378897 0.254787 0.371918 0.222806 0.385876 0.254787 0.371918 0.284586 0.395866 0.289257 0.484641 0.222806 0.385876 0.219338 0.429268 0.241675 0.488827
207 0.227051 0.288127 0.238877 0.378945 0.254925 0.371995 0.222828 0.385895 0.254925 0.371995 0.284784 0.395692 0.289610 0.484895 0.222828 0.385895 0.218904 0.428478 0.241244 0.496454
208 0.227064 0.287760 0.238485 0.379611 0.254414 0.372394 0.222556 0.386829 0.254414 0.372394 0.285383 0.395578 0.289751 0.484908 0.222556 0.386829 0.224241 0.428803 0.242958 0.495274
209 0.227171 0.287482 0.238005 0.379985 0.254149 0.372976 0.221861 0.386994 0.254149 0.372976 0.285322 0.392429 0.289757 0.485376 0.221861 0.386994 0.221613 0.425697 0.243009 0.501389
210 0.227361 0.287285 0.238230 0.379760 0.254355 0.372847 0.222106 0.386672 0.254355 0.372847 0.285280 0.391123 0.290071 0.485371 0.222106 0.386672 0.214447 0.419359 0.240313 0.500610
211 0.227544 0.287139 0.238223 0.379008 0.254330 0.372463 0.222116 0.385552 0.254330 0.372463 0.285476 0.391209 0.290076 0.485329 0.222116 0.385552 0.214970 0.419256 0.239456 0.498748
212 0.227970 0.287088 0.238922 0.379010 0.255090 0.372456 0.222753 0.385563 0.255090 0.372456 0.285433 0.393158 0.290069 0.485395 0.222753 0.385563 0.216405 0.428210 0.240294 0.505094
213 0.228387 0.286687 0.239048 0.377778 0.255259 0.371627 0.222837 0.383929 0.255259 0.371627 0.286093 0.393154 0.290308 0.484155 0.222837 0.383929 0.214743 0.416215 0.237679 0.487039
214 0.228483 0.286421 0.239147 0.377608 0.255344 0.371285 0.222951 0.383931 0.255344 0.371285 0.286052 0.393163 0.290229 0.484172 0.222951 0.383931 0.214900 0.416913 0.237775 0.488147
215 0.228543 0.286424 0.239134 0.377559 0.255333 0.371281 0.222936 0.383838 0.255333 0.371281 0.286225 0.393514 0.290415 0.484476 0.222936 0.383838 0.213295 0.415981 0.237739 0.488822
