0
0
0 -1 -1 -1 -1 -1 -1 -1 -1 -1 -1 -1 -1 -1 -1 -1 -1 -1 -1 -1 -1
1 -1 -1 -1 -1 -1 -1 -1 -1 -1 -1 -1 -1 -1 -1 -1 -1 -1 -1 -1 -1
2 -1 -1 -1 -1 -1 -1 -1 -1 -1 -1 -1 -1 -1 -1 -1 -1 -1 -1 -1 -1
3 -1 -1 -1 -1 -1 -1 -1 -1 -1 -1 -1 -1 -1 -1 -1 -1 -1 -1 -1 -1
4 -1 -1 -1 -1 -1 -1 -1 -1 -1 -1 -1 -1 -1 -1 -1 -1 -1 -1 -1 -1
5 -1 -1 -1 -1 -1 -1 -1 -1 -1 -1 -1 -1 -1 -1 -1 -1 -1 -1 -1 -1
6 -1 -1 -1 -1 -1 -1 -1 -1 -1 -1 -1 -1 -1 -1 -1 -1 -1 -1 -1 -1
7 -1 -1 -1 -1 -1 -1 -1 -1 -1 -1 -1 -1 -1 -1 -1 -1 -1 -1 -1 -1
8 -1 -1 -1 -1 -1 -1 -1 -1 -1 -1 -1 -1 -1 -1 -1 -1 -1 -1 -1 -1
9 -1 -1 -1 -1 -1 -1 -1 -1 -1 -1 -1 -1 -1 -1 -1 -1 -1 -1 -1 -1
10 -1 -1 -1 -1 -1 -1 -1 -1 -1 -1 -1 -1 -1 -1 -1 -1 -1 -1 -1 -1
11 -1 -1 -1 -1 -1 -1 -1 -1 -1 -1 -1 -1 -1 -1 -1 -1 -1 -1 -1 -1
12 -1 -1 -1 -1 -1 -1 -1 -1 -1 -1 -1 -1 -1 -1 -1 -1 -1 -1 -1 -1
13 -1 -1 -1 -1 -1 -1 -1 -1 -1 -1 -1 -1 -1 -1 -1 -1 -1 -1 -1 -1
14 -1 -1 -1 -1 -1 -1 -1 -1 -1 -1 -1 -1 -1 -1 -1 -1 -1 -1 -1 -1
15 -1 -1 -1 -1 -1 -1 -1 -1 -1 -1 -1 -1 -1 -1 -1 -1 -1 -1 -1 -1
16 -1 -1 -1 -1 -1 -1 -1 -1 -1 -1 -1 -1 -1 -1 -1 -1 -1 -1 -1 -1
17 -1 -1 -1 -1 -1 -1 -1 -1 -1 -1 -1 -1 -1 -1 -1 -1 -1 -1 -1 -1
18 -1 -1 -1 -1 -1 -1 -1 -1 -1 -1 -1 -1 -1 -1 -1 -1 -1 -1 -1 -1
19 -1 -1 -1 -1 -1 -1 -1 -1 -1 -1 -1 -1 -1 -1 -1 -1 -1 -1 -1 -1
20 -1 -1 -1 -1 -1 -1 -1 -1 -1 -1 -1 -1 -1 -1 -1 -1 -1 -1 -1 -1
21 -1 -1 -1 -1 -1 -1 -1 -1 -1 -1 -1 -1 -1 -1 -1 -1 -1 -1 -1 -1
22 -1 -1 -1 -1 -1 -1 -1 -1 -1 -1 -1 -1 -1 -1 -1 -1 -1 -1 -1 -1
23 -1 -1 -1 -1 -1 -1 -1 -1 -1 -1 -1 -1 -1 -1 -1 -1 -1 -1 -1 -1
24 -1 -1 -1 -1 -1 -1 -1 -1 -1 -1 -1 -1 -1 -1 -1 -1 -1 -1 -1 -1
25 -1 -1 -1 -1 -1 -1 -1 -1 -1 -1 -1 -1 -1 -1 -1 -1 -1 -1 -1 -1
26 -1 -1 -1 -1 -1 -1 -1 -1 -1 -1 -1 -1 -1 -1 -1 -1 -1 -1 -1 -1
27 -1 -1 -1 -1 -1 -1 -1 -1 -1 -1 -1 -1 -1 -1 -1 -1 -1 -1 -1 -1
28 -1 -1 -1 -1 -1 -1 -1 -1 -1 -1 -1 -1 -1 -1 -1 -1 -1 -1 -1 -1
29 -1 -1 -1 -1 -1 -1 -1 -1 -1 -1 -1 -1 -1 -1 -1 -1 -1 -1 -1 -1
30 -1 -1 -1 -1 -1 -1 -1 -1 -1 -1 -1 -1 -1 -1 -1 -1 -1 -1 -1 -1
31 -1 -1 -1 -1 -1 -1 -1 -1 -1 -1 -1 -1 -1 -1 -1 -1 -1 -1 -1 -1
32 -1 -1 -1 -1 -1 -1 -1 -1 -1 -1 -1 -1 -1 -1 -1 -1 -1 -1 -1 -1
33 -1 -1 -1 -1 -1 -1 -1 -1 -1 -1 -1 -1 -1 -1 -1 -1 -1 -1 -1 -1
34 -1 -1 -1 -1 -1 -1 -1 -1 -1 -1 -1 -1 -1 -1 -1 -1 -1 -1 -1 -1
35 -1 -1 -1 -1 -1 -1 -1 -1 -1 -1 -1 -1 -1 -1 -1 -1 -1 -1 -1 -1
36 -1 -1 -1 -1 -1 -1 -1 -1 -1 -1 -1 -1 -1 -1 -1 -1 -1 -1 -1 -1
37 -1 -1 -1 -1 -1 -1 -1 -1 -1 -1 -1 -1 -1 -1 -1 -1 -1 -1 -1 -1
38 -1 -1 -1 -1 -1 -1 -1 -1 -1 -1 -1 -1 -1 -1 -1 -1 -1 -1 -1 -1
39 -1 -1 -1 -1 -1 -1 -1 -1 -1 -1 -1 -1 -1 -1 -1 -1 -1 -1 -1 -1
40 -1 -1 -1 -1 -1 -1 -1 -1 -1 -1 -1 -1 -1 -1 -1 -1 -1 -1 -1 -1
41 -1 -1 -1 -1 -1 -1 -1 -1 -1 -1 -1 -1 -1 -1 -1 -1 -1 -1 -1 -1
42 -1 -1 -1 -1 -1 -1 -1 -1 -1 -1 -1 -1 -1 -1 -1 -1 -1 -1 -1 -1
43 -1 -1 -1 -1 -1 -1 -1 -1 -1 -1 -1 -1 -1 -1 -1 -1 -1 -1 -1 -1
44 -1 -1 -1 -1 -1 -1 -1 -1 -1 -1 -1 -1 -1 -1 -1 -1 -1 -1 -1 -1
45 -1 -1 -1 -1 -1 -1 -1 -1 -1 -1 -1 -1 -1 -1 -1 -1 -1 -1 -1 -1
46 -1 -1 -1 -1 -1 -1 -1 -1 -1 -1 -1 -1 -1 -1 -1 -1 -1 -1 -1 -1
47 -1 -1 -1 -1 -1 -1 -1 -1 -1 -1 -1 -1 -1 -1 -1 -1 -1 -1 -1 -1
48 -1 -1 -1 -1 -1 -1 -1 -1 -1 -1 -1 -1 -1 -1 -1 -1 -1 -1 -1 -1
49 -1 -1 -1 -1 -1 -1 -1 -1 -1 -1 -1 -1 -1 -1 -1 -1 -1 -1 -1 -1
50 -1 -1 -1 -1 -1 -1 -1 -1 -1 -1 -1 -1 -1 -1 -1 -1 -1 -1 -1 -1
51 -1 -1 -1 -1 -1 -1 -1 -1 -1 -1 -1 -1 -1 -1 -1 -1 -1 -1 -1 -1
52 -1 -1 -1 -1 -1 -1 -1 -1 -1 -1 -1 -1 -1 -1 -1 -1 -1 -1 -1 -1
53 -1 -1 -1 -1 -1 -1 -1 -1 -1 -1 -1 -1 -1 -1 -1 -1 -1 -1 -1 -1
54 -1 -1 -1 -1 -1 -1 -1 -1 -1 -1 -1 -1 -1 -1 -1 -1 -1 -1 -1 -1
55 -1 -1 -1 -1 -1 -1 -1 -1 -1 -1 -1 -1 -1 -1 -1 -1 -1 -1 -1 -1
56 0.480516 0.106966 0.493745 0.243609 0.510829 0.240212 0.476661 0.247005 0.510829 0.240212 0.517236 0.326537 0.513885 0.398939 0.476661 0.247005 0.488996 0.330300 0.493688 0.399420
57 0.480519 0.107224 0.493745 0.243976 0.510806 0.240456 0.476684 0.247496 0.510806 0.240456 0.517107 0.330853 0.515583 0.404122 0.476684 0.247496 0.488742 0.334687 0.493786 0.403745
58 0.480651 0.107497 0.493862 0.246011 0.510773 0.242409 0.476951 0.249613 0.510773 0.242409 0.516915 0.338777 0.518431 0.414503 0.476951 0.249613 0.488759 0.340291 0.493990 0.412310
59 0.480984 0.108871 0.494179 0.248895 0.510840 0.245615 0.477517 0.252175 0.510840 0.245615 0.516693 0.341046 0.519517 0.418460 0.477517 0.252175 0.488851 0.341622 0.494065 0.413793
60 0.481373 0.111535 0.495016 0.251818 0.511300 0.248912 0.478733 0.254724 0.511300 0.248912 0.516576 0.343766 0.520100 0.423455 0.478733 0.254724 0.490145 0.344569 0.494167 0.414893
61 0.482061 0.114541 0.495614 0.255649 0.511723 0.252907 0.479505 0.258392 0.511723 0.252907 0.516565 0.347336 0.520439 0.426495 0.479505 0.258392 0.490521 0.348607 0.494419 0.413957
62 0.482988 0.117353 0.495965 0.258846 0.512127 0.256507 0.479803 0.261185 0.512127 0.256507 0.516564 0.353863 0.520078 0.437900 0.479803 0.261185 0.492115 0.354629 0.495140 0.415063
63 0.484480 0.120382 0.496966 0.263453 0.513095 0.261270 0.480837 0.265637 0.513095 0.261270 0.516656 0.356495 0.519013 0.439605 0.480837 0.265637 0.492732 0.355901 0.495129 0.413185
64 0.486075 0.122233 0.497854 0.265195 0.514256 0.262811 0.481452 0.267580 0.514256 0.262811 0.516663 0.358167 0.518612 0.445750 0.481452 0.267580 0.492639 0.355439 0.495122 0.410263
65 0.487886 0.125867 0.498637 0.268506 0.514990 0.266507 0.482284 0.270505 0.514990 0.266507 0.516479 0.362030 0.517416 0.453285 0.482284 0.270505 0.492728 0.357390 0.494759 0.406776
66 0.489997 0.128640 0.499681 0.274269 0.516009 0.272544 0.483353 0.275994 0.516009 0.272544 0.516356 0.371390 0.516115 0.466931 0.483353 0.275994 0.493050 0.369957 0.494746 0.410126
67 0.492325 0.130395 0.500808 0.276488 0.517583 0.274989 0.484034 0.277987 0.517583 0.274989 0.516808 0.372561 0.515720 0.466817 0.484034 0.277987 0.493021 0.371852 0.494717 0.413964
68 0.494442 0.131055 0.501271 0.279915 0.518357 0.278891 0.484186 0.280939 0.518357 0.278891 0.517154 0.378095 0.514859 0.472041 0.484186 0.280939 0.492975 0.375555 0.493247 0.436068
69 0.496638 0.131109 0.501844 0.280002 0.519467 0.279189 0.484222 0.280815 0.519467 0.279189 0.517517 0.383198 0.514920 0.477651 0.484222 0.280815 0.492844 0.379792 0.493255 0.450978
70 0.499136 0.131531 0.503614 0.281482 0.521463 0.280886 0.485764 0.282077 0.521463 0.280886 0.518905 0.385483 0.515080 0.475130 0.485764 0.282077 0.492824 0.382851 0.494724 0.457430
71 0.501074 0.132192 0.504874 0.281809 0.522838 0.281549 0.486911 0.282069 0.522838 0.281549 0.520718 0.384650 0.515734 0.475954 0.486911 0.282069 0.492566 0.380655 0.494824 0.448409
72 0.503057 0.132979 0.505869 0.281612 0.523524 0.281404 0.488214 0.281819 0.523524 0.281404 0.521412 0.383755 0.516147 0.475328 0.488214 0.281819 0.492714 0.377914 0.495064 0.443159
73 0.504415 0.133908 0.506445 0.281641 0.524296 0.281843 0.488593 0.281440 0.524296 0.281843 0.521719 0.381785 0.516716 0.471745 0.488593 0.281440 0.492942 0.377105 0.497373 0.444051
74 0.505562 0.134567 0.507215 0.282368 0.525119 0.283182 0.489312 0.281553 0.525119 0.283182 0.521656 0.381374 0.516811 0.470618 0.489312 0.281553 0.494449 0.376630 0.499167 0.445552
75 0.506062 0.135061 0.507514 0.281777 0.525470 0.282444 0.489558 0.281109 0.525470 0.282444 0.521720 0.381019 0.516757 0.466050 0.489558 0.281109 0.497349 0.375998 0.504724 0.454352
76 0.507711 0.135408 0.507622 0.281356 0.525346 0.281905 0.489897 0.280808 0.525346 0.281905 0.521589 0.380256 0.516287 0.464785 0.489897 0.280808 0.499014 0.376114 0.508850 0.472958
77 0.508851 0.136820 0.507494 0.282981 0.525048 0.284173 0.489940 0.281790 0.525048 0.284173 0.520895 0.383823 0.516267 0.469906 0.489940 0.281790 0.499505 0.383206 0.510738 0.477816
78 0.509405 0.138285 0.507306 0.284820 0.524844 0.286527 0.489768 0.283112 0.524844 0.286527 0.520642 0.386413 0.516106 0.475480 0.489768 0.283112 0.498996 0.384531 0.510590 0.476972
79 0.509971 0.138981 0.507104 0.286587 0.524755 0.288651 0.489452 0.284522 0.524755 0.288651 0.520611 0.389397 0.514909 0.476070 0.489452 0.284522 0.496858 0.385511 0.509249 0.471968
80 0.510376 0.139599 0.506304 0.288469 0.524197 0.290766 0.488411 0.286172 0.524197 0.290766 0.520007 0.391618 0.514709 0.478007 0.488411 0.286172 0.494294 0.388992 0.508351 0.475143
81 0.510101 0.140647 0.505606 0.292241 0.523741 0.293915 0.487471 0.290566 0.523741 0.293915 0.519500 0.397771 0.515189 0.479942 0.487471 0.290566 0.492032 0.397796 0.500153 0.489017
82 0.509666 0.142139 0.505291 0.295091 0.523527 0.296691 0.487056 0.293490 0.523527 0.296691 0.519370 0.399538 0.515227 0.485854 0.487056 0.293490 0.489355 0.398898 0.490166 0.492078
83 0.509333 0.144379 0.505017 0.299111 0.523359 0.300042 0.486674 0.298181 0.523359 0.300042 0.519370 0.399236 0.515400 0.482942 0.486674 0.298181 0.484951 0.403971 0.481183 0.495672
84 0.509156 0.147783 0.504598 0.303799 0.522981 0.304285 0.486216 0.303312 0.522981 0.304285 0.519378 0.399190 0.515413 0.481364 0.486216 0.303312 0.481558 0.409402 0.476506 0.498876
85 0.508392 0.151751 0.502944 0.308856 0.520232 0.309388 0.485655 0.308325 0.520232 0.309388 0.518713 0.402430 0.515415 0.482157 0.485655 0.308325 0.477516 0.417882 0.469716 0.514269
86 0.506225 0.157197 0.500920 0.313455 0.517586 0.313800 0.484254 0.313111 0.517586 0.313800 0.518317 0.404075 0.515422 0.484444 0.484254 0.313111 0.475694 0.419452 0.468053 0.512994
87 0.503583 0.165111 0.499169 0.319612 0.515770 0.319254 0.482568 0.319970 0.515770 0.319254 0.518319 0.407023 0.514875 0.488008 0.482568 0.319970 0.473949 0.427049 0.467841 0.520969
88 0.500550 0.174862 0.497256 0.331139 0.514074 0.330600 0.480439 0.331678 0.514074 0.330600 0.518388 0.413126 0.514395 0.493015 0.480439 0.331678 0.473076 0.440322 0.468064 0.539657
89 0.497745 0.183722 0.494560 0.332668 0.511403 0.331771 0.477717 0.333565 0.511403 0.331771 0.518330 0.412289 0.512676 0.492836 0.477717 0.333565 0.473233 0.437330 0.469254 0.529637
90 0.494613 0.193110 0.491945 0.334968 0.509290 0.333322 0.474600 0.336613 0.509290 0.333322 0.518386 0.412802 0.512196 0.492926 0.474600 0.336613 0.473535 0.443449 0.471066 0.533697
91 0.492631 0.205052 0.488926 0.336593 0.506523 0.334164 0.471329 0.339022 0.506523 0.334164 0.518612 0.411442 0.512246 0.494090 0.471329 0.339022 0.472856 0.444715 0.470168 0.540301
92 0.490657 0.218402 0.485214 0.338606 0.502233 0.335908 0.468196 0.341304 0.502233 0.335908 0.517801 0.411488 0.512236 0.497784 0.468196 0.341304 0.471858 0.444121 0.469250 0.550006
93 0.489610 0.230831 0.482462 0.341966 0.499523 0.339002 0.465402 0.344931 0.499523 0.339002 0.515962 0.413107 0.511838 0.504264 0.465402 0.344931 0.471707 0.443743 0.467822 0.557194
94 0.488489 0.241447 0.480267 0.350229 0.497691 0.348181 0.462844 0.352278 0.497691 0.348181 0.514439 0.419329 0.510079 0.505785 0.462844 0.352278 0.471685 0.445104 0.467502 0.559769
95 0.487311 0.253045 0.479557 0.354855 0.496338 0.352892 0.462776 0.356819 0.496338 0.352892 0.512984 0.422343 0.510009 0.511567 0.462776 0.356819 0.471945 0.445742 0.468272 0.553243
96 0.486258 0.262608 0.479432 0.360021 0.496364 0.358521 0.462501 0.361521 0.496364 0.358521 0.512458 0.427427 0.510862 0.509435 0.462501 0.361521 0.471966 0.445395 0.468679 0.556962
97 0.485592 0.267236 0.478320 0.363612 0.495368 0.361964 0.461272 0.365260 0.495368 0.361964 0.512794 0.425762 0.511398 0.509226 0.461272 0.365260 0.471378 0.448099 0.468836 0.560557
98 0.484204 0.272374 0.475875 0.365667 0.492869 0.363022 0.458880 0.368313 0.492869 0.363022 0.515872 0.423967 0.511131 0.507892 0.458880 0.368313 0.471399 0.446503 0.468127 0.558062
99 0.482747 0.277353 0.474818 0.369158 0.491311 0.366229 0.458324 0.372086 0.491311 0.366229 0.517775 0.424309 0.511092 0.507084 0.458324 0.372086 0.471374 0.449017 0.468050 0.560106
100 0.481882 0.280349 0.473035 0.371312 0.489359 0.368192 0.456710 0.374432 0.489359 0.368192 0.517737 0.423985 0.509532 0.506807 0.456710 0.374432 0.471422 0.449887 0.468147 0.562782
101 0.481196 0.282026 0.472722 0.378436 0.488832 0.374858 0.456612 0.382013 0.488832 0.374858 0.517633 0.424217 0.508482 0.506363 0.456612 0.382013 0.471500 0.451945 0.468180 0.563942
102 0.480529 0.282604 0.470048 0.378459 0.486455 0.375360 0.453641 0.381557 0.486455 0.375360 0.517619 0.424246 0.508324 0.505021 0.453641 0.381557 0.471644 0.451599 0.468222 0.560662
103 0.479680 0.282546 0.469976 0.379119 0.486224 0.376153 0.453729 0.382085 0.486224 0.376153 0.517911 0.424828 0.508301 0.504940 0.453729 0.382085 0.471651 0.450842 0.466209 0.559685
104 0.478370 0.283000 0.470472 0.377927 0.486414 0.374272 0.454531 0.381582 0.486414 0.374272 0.518834 0.424916 0.508361 0.504518 0.454531 0.381582 0.470665 0.452315 0.465415 0.559392
105 0.477146 0.279819 0.471120 0.377407 0.487075 0.373661 0.455166 0.381154 0.487075 0.373661 0.519530 0.425342 0.508947 0.504420 0.455166 0.381154 0.470761 0.452383 0.465583 0.558847
106 0.476313 0.277312 0.471554 0.376280 0.487657 0.372262 0.455452 0.380298 0.487657 0.372262 0.520240 0.425762 0.509585 0.503578 0.455452 0.380298 0.469868 0.452992 0.465033 0.556492
107 0.474902 0.276170 0.471612 0.376099 0.487684 0.372101 0.455541 0.380097 0.487684 0.372101 0.520215 0.425591 0.509596 0.502154 0.455541 0.380097 0.469014 0.454990 0.464681 0.555890
108 0.472889 0.273869 0.471361 0.375500 0.487417 0.371556 0.455305 0.379444 0.487417 0.371556 0.520140 0.425465 0.509535 0.501225 0.455305 0.379444 0.467592 0.456526 0.464385 0.555219
109 0.471269 0.271693 0.470968 0.375389 0.487125 0.371209 0.454812 0.379569 0.487125 0.371209 0.519265 0.424968 0.508849 0.501276 0.454812 0.379569 0.467244 0.458998 0.464560 0.559298
110 0.470019 0.268137 0.469741 0.375227 0.486385 0.371046 0.453096 0.379407 0.486385 0.371046 0.518991 0.424682 0.508000 0.501899 0.453096 0.379407 0.465974 0.459140 0.464615 0.556860
111 0.468470 0.263744 0.469455 0.374265 0.486261 0.370048 0.452649 0.378481 0.486261 0.370048 0.518963 0.423758 0.508078 0.501457 0.452649 0.378481 0.464864 0.458264 0.464539 0.551904
112 0.467159 0.260683 0.469574 0.374136 0.486286 0.369955 0.452862 0.378318 0.486286 0.369955 0.518937 0.423420 0.509070 0.500324 0.452862 0.378318 0.464544 0.459573 0.464589 0.551815
113 0.465604 0.257168 0.469468 0.372943 0.486217 0.368620 0.452719 0.377266 0.486217 0.368620 0.518502 0.424304 0.509185 0.500030 0.452719 0.377266 0.464143 0.458650 0.464112 0.547344
114 0.463749 0.253596 0.469489 0.370120 0.486146 0.365713 0.452833 0.374528 0.486146 0.365713 0.517210 0.424159 0.508900 0.498897 0.452833 0.374528 0.464242 0.451943 0.464244 0.531023
115 0.462469 0.249874 0.469502 0.368284 0.486056 0.362724 0.452948 0.373844 0.486056 0.362724 0.517096 0.421384 0.509869 0.497318 0.452948 0.373844 0.464402 0.452022 0.464174 0.536746
116 0.461421 0.248745 0.468839 0.366876 0.484921 0.360768 0.452756 0.372984 0.484921 0.360768 0.517128 0.417078 0.510769 0.496193 0.452756 0.372984 0.464034 0.451524 0.463717 0.539378
117 0.460501 0.245935 0.468160 0.364840 0.483903 0.358889 0.452416 0.370790 0.483903 0.358889 0.517065 0.414241 0.512555 0.496093 0.452416 0.370790 0.463272 0.452678 0.461583 0.543675
118 0.459445 0.245299 0.467351 0.364430 0.482990 0.358374 0.451711 0.370486 0.482990 0.358374 0.517629 0.411061 0.512590 0.496877 0.451711 0.370486 0.462294 0.452749 0.460479 0.548037
119 0.458531 0.244418 0.466431 0.363725 0.481957 0.358246 0.450906 0.369203 0.481957 0.358246 0.518024 0.409965 0.512500 0.503774 0.450906 0.369203 0.462269 0.449135 0.460718 0.549468
120 0.458046 0.243436 0.466305 0.363297 0.481903 0.357837 0.450708 0.368756 0.481903 0.357837 0.518225 0.411343 0.511502 0.508413 0.450708 0.368756 0.462073 0.449551 0.463280 0.545683
121 0.457605 0.243175 0.466277 0.362472 0.482021 0.357204 0.450532 0.367739 0.482021 0.357204 0.518301 0.411713 0.510733 0.512788 0.450532 0.367739 0.462192 0.446110 0.463208 0.545924
122 0.457584 0.243620 0.466402 0.361845 0.482183 0.356806 0.450622 0.366883 0.482183 0.356806 0.517713 0.417694 0.510270 0.515458 0.450622 0.366883 0.462260 0.447670 0.463632 0.545867
123 0.457456 0.244254 0.466714 0.361765 0.482645 0.356552 0.450783 0.366978 0.482645 0.356552 0.517632 0.420709 0.509742 0.517055 0.450783 0.366978 0.462298 0.448143 0.463963 0.544489
124 0.457680 0.244623 0.467182 0.362002 0.483433 0.356797 0.450932 0.367208 0.483433 0.356797 0.517826 0.420835 0.509602 0.516432 0.450932 0.367208 0.462339 0.448837 0.464006 0.544949
125 0.457887 0.244960 0.467392 0.362096 0.483771 0.356861 0.451014 0.367332 0.483771 0.356861 0.517941 0.421342 0.509223 0.517122 0.451014 0.367332 0.461888 0.450355 0.463702 0.545322
126 0.458030 0.245072 0.467536 0.363211 0.484003 0.358213 0.451068 0.368209 0.484003 0.358213 0.518309 0.422336 0.509127 0.518755 0.451068 0.368209 0.461595 0.453332 0.463443 0.550050
127 0.458103 0.245345 0.467615 0.364311 0.484110 0.358875 0.451121 0.369748 0.484110 0.358875 0.519245 0.422562 0.509116 0.518112 0.451121 0.369748 0.460643 0.457946 0.462507 0.551530
128 0.458234 0.245744 0.467968 0.364842 0.484508 0.359333 0.451427 0.370350 0.484508 0.359333 0.519474 0.422653 0.509490 0.518870 0.451427 0.370350 0.460678 0.459136 0.462528 0.553761
129 0.458282 0.246176 0.467979 0.364899 0.484525 0.359367 0.451434 0.370430 0.484525 0.359367 0.519569 0.422702 0.509430 0.519412 0.451434 0.370430 0.460729 0.458750 0.462467 0.552733
130 0.458571 0.246823 0.467995 0.366197 0.484539 0.360942 0.451450 0.371452 0.484539 0.360942 0.519575 0.423334 0.509354 0.519403 0.451450 0.371452 0.460359 0.460446 0.462439 0.553009
131 0.458768 0.247406 0.468070 0.366367 0.484649 0.361019 0.451490 0.371715 0.484649 0.361019 0.519591 0.423239 0.509351 0.519481 0.451490 0.371715 0.460150 0.461895 0.462427 0.552900
132 0.459231 0.247816 0.468103 0.367410 0.484697 0.361995 0.451510 0.372825 0.484697 0.361995 0.519736 0.423176 0.509463 0.519764 0.451510 0.372825 0.460181 0.462016 0.462453 0.552789
133 0.459810 0.248155 0.468152 0.368062 0.484698 0.362612 0.451605 0.373513 0.484698 0.362612 0.519729 0.423234 0.509173 0.520308 0.451605 0.373513 0.460197 0.463658 0.462496 0.553856
134 0.460190 0.248337 0.468325 0.368071 0.484785 0.362640 0.451865 0.373503 0.484785 0.362640 0.519725 0.423403 0.509098 0.520303 0.451865 0.373503 0.460207 0.465988 0.462257 0.555930
135 0.460382 0.248446 0.468413 0.368041 0.484909 0.362629 0.451917 0.373454 0.484909 0.362629 0.519722 0.423397 0.508979 0.520359 0.451917 0.373454 0.460372 0.465852 0.462878 0.551870
136 0.460545 0.248625 0.468442 0.368158 0.484897 0.362849 0.451987 0.373468 0.484897 0.362849 0.519812 0.423504 0.508979 0.520459 0.451987 0.373468 0.460676 0.465353 0.463106 0.551863
137 0.460765 0.248737 0.468483 0.368131 0.484937 0.362850 0.452030 0.373413 0.484937 0.362850 0.519827 0.423939 0.509210 0.520549 0.452030 0.373413 0.460686 0.464079 0.463112 0.551742
138 0.460930 0.248913 0.468672 0.368225 0.484989 0.362988 0.452355 0.373461 0.484989 0.362988 0.519837 0.423929 0.509065 0.520485 0.452355 0.373461 0.461178 0.464012 0.463177 0.551956
139 0.461100 0.248901 0.468733 0.368189 0.484991 0.362973 0.452476 0.373405 0.484991 0.362973 0.519872 0.423916 0.509070 0.520153 0.452476 0.373405 0.461366 0.463275 0.463303 0.551593
140 0.461190 0.248876 0.468787 0.368275 0.485031 0.363119 0.452542 0.373431 0.485031 0.363119 0.520012 0.423904 0.509122 0.519726 0.452542 0.373431 0.461519 0.463144 0.463389 0.551597
141 0.461232 0.248834 0.468840 0.368411 0.485057 0.363330 0.452624 0.373492 0.485057 0.363330 0.520099 0.423733 0.509042 0.519707 0.452624 0.373492 0.462238 0.462911 0.463604 0.553702
142 0.461250 0.248784 0.468861 0.368232 0.485044 0.363135 0.452678 0.373329 0.485044 0.363135 0.520140 0.423644 0.508895 0.519294 0.452678 0.373329 0.462568 0.462798 0.463721 0.553617
143 0.461257 0.248547 0.468939 0.368127 0.485155 0.363024 0.452724 0.373231 0.485155 0.363024 0.520154 0.423627 0.508903 0.519147 0.452724 0.373231 0.462812 0.461439 0.464966 0.551489
144 0.461209 0.248517 0.468964 0.368035 0.485188 0.362920 0.452739 0.373150 0.485188 0.362920 0.520367 0.423216 0.508896 0.519029 0.452739 0.373150 0.462933 0.459334 0.464926 0.550927
145 0.461081 0.248436 0.468904 0.368853 0.485134 0.363725 0.452674 0.373981 0.485134 0.363725 0.520483 0.423412 0.508922 0.519050 0.452674 0.373981 0.462980 0.461303 0.464733 0.554078
146 0.461034 0.248416 0.468900 0.368462 0.485135 0.363186 0.452666 0.373738 0.485135 0.363186 0.520765 0.422526 0.509023 0.517562 0.452666 0.373738 0.462918 0.459127 0.464708 0.549305
147 0.460952 0.248349 0.469268 0.368538 0.485377 0.363227 0.453158 0.373849 0.485377 0.363227 0.520911 0.421723 0.509025 0.516946 0.453158 0.373849 0.463193 0.458612 0.463739 0.549368
148 0.460874 0.248222 0.469239 0.368420 0.485352 0.363106 0.453125 0.373734 0.485352 0.363106 0.521036 0.421599 0.509099 0.516975 0.453125 0.373734 0.463135 0.458507 0.463801 0.549656
149 0.460831 0.248263 0.469142 0.368430 0.485230 0.363093 0.453054 0.373768 0.485230 0.363093 0.520934 0.421715 0.509100 0.517397 0.453054 0.373768 0.463052 0.458535 0.463824 0.549640
150 0.460610 0.248607 0.468975 0.368577 0.484966 0.363140 0.452984 0.374013 0.484966 0.363140 0.520932 0.421721 0.509071 0.517369 0.452984 0.374013 0.463080 0.459256 0.463814 0.549724
151 0.460492 0.248889 0.469068 0.368558 0.485046 0.363132 0.453089 0.373984 0.485046 0.363132 0.520912 0.422589 0.509147 0.517490 0.453089 0.373984 0.462785 0.460115 0.463636 0.550243
152 0.460404 0.248716 0.469067 0.368530 0.485047 0.363059 0.453088 0.374001 0.485047 0.363059 0.520860 0.422591 0.509073 0.517670 0.453088 0.374001 0.462865 0.461255 0.463572 0.554498
153 0.460315 0.248708 0.468952 0.368504 0.484962 0.363011 0.452942 0.373996 0.484962 0.363011 0.520817 0.422202 0.508940 0.517695 0.452942 0.373996 0.462874 0.460477 0.463847 0.552181
154 0.460288 0.248783 0.468956 0.368530 0.484968 0.363005 0.452943 0.374054 0.484968 0.363005 0.520883 0.422216 0.509211 0.517187 0.452943 0.374054 0.462796 0.461011 0.463888 0.551968
155 0.460175 0.248665 0.468945 0.368424 0.484950 0.362810 0.452940 0.374039 0.484950 0.362810 0.520830 0.422122 0.509238 0.517204 0.452940 0.374039 0.462889 0.461026 0.464173 0.551037
156 0.460115 0.248839 0.468841 0.368426 0.484873 0.362867 0.452809 0.373985 0.484873 0.362867 0.520828 0.422133 0.509308 0.517680 0.452809 0.373985 0.462796 0.460973 0.464265 0.550951
157 0.460080 0.248804 0.468856 0.368362 0.484878 0.362839 0.452833 0.373884 0.484878 0.362839 0.520641 0.422136 0.509289 0.517695 0.452833 0.373884 0.462794 0.460964 0.464778 0.550878
158 0.460061 0.248823 0.468884 0.368194 0.484925 0.362700 0.452844 0.373688 0.484925 0.362700 0.520624 0.422203 0.508895 0.517841 0.452844 0.373688 0.462794 0.460653 0.464647 0.551351
159 0.460069 0.248868 0.468840 0.368247 0.484901 0.362752 0.452779 0.373742 0.484901 0.362752 0.520648 0.422231 0.508897 0.517843 0.452779 0.373742 0.462573 0.461341 0.463808 0.551643
160 0.460066 0.248902 0.468908 0.368126 0.484936 0.362642 0.452880 0.373610 0.484936 0.362642 0.520614 0.422132 0.508917 0.517808 0.452880 0.373610 0.462618 0.460147 0.463925 0.551125
161 0.460052 0.248959 0.468793 0.368407 0.484871 0.362929 0.452714 0.373885 0.484871 0.362929 0.520648 0.422106 0.508934 0.517810 0.452714 0.373885 0.462614 0.460687 0.463871 0.551889
162 0.460022 0.248961 0.468831 0.368453 0.484917 0.363012 0.452746 0.373895 0.484917 0.363012 0.520649 0.422060 0.508906 0.517854 0.452746 0.373895 0.462703 0.460881 0.464004 0.551503
163 0.460053 0.248845 0.468835 0.368788 0.484923 0.363409 0.452747 0.374167 0.484923 0.363409 0.520728 0.422063 0.508904 0.518713 0.452747 0.374167 0.462706 0.462479 0.463823 0.554835
164 0.460095 0.248884 0.468810 0.368768 0.484880 0.363406 0.452740 0.374130 0.484880 0.363406 0.520816 0.422060 0.508970 0.518053 0.452740 0.374130 0.462750 0.461939 0.464443 0.551486
165 0.460083 0.248868 0.468811 0.368801 0.484880 0.363472 0.452743 0.374130 0.484880 0.363472 0.520751 0.422176 0.508908 0.518066 0.452743 0.374130 0.462746 0.461332 0.464376 0.551592
166 0.460076 0.248867 0.468767 0.368808 0.484806 0.363489 0.452727 0.374128 0.484806 0.363489 0.520756 0.422161 0.508842 0.518024 0.452727 0.374128 0.462729 0.461040 0.464333 0.550916
167 0.460100 0.248747 0.468732 0.368753 0.484782 0.363494 0.452681 0.374012 0.484782 0.363494 0.520836 0.422115 0.508819 0.518081 0.452681 0.374012 0.462664 0.461315 0.464024 0.553076
