0
0
0 -1 -1 -1 -1 -1 -1 -1 -1 -1 -1 -1 -1 -1 -1 -1 -1 -1 -1 -1 -1
1 0.496287 0.424504 0.491415 0.657580 0.464705 0.659791 0.518124 0.655369 0.464705 0.659791 0.450437 0.801547 0.488290 0.958982 0.518124 0.655369 0.501898 0.791908 0.483616 0.936828
2 0.495308 0.421521 0.489857 0.653387 0.462654 0.654254 0.517060 0.652519 0.462654 0.654254 0.445537 0.800618 0.481346 0.963724 0.517060 0.652519 0.498724 0.792213 0.482209 0.939694
3 0.491771 0.418653 0.486095 0.646320 0.458984 0.646054 0.513206 0.646586 0.458984 0.646054 0.437545 0.790411 0.459413 0.951669 0.513206 0.646586 0.497370 0.792177 0.481734 0.940447
4 0.486303 0.414445 0.481270 0.639902 0.453240 0.639642 0.509300 0.640163 0.453240 0.639642 0.431639 0.786596 0.438065 0.951717 0.509300 0.640163 0.494170 0.792199 0.479559 0.946252
5 0.480787 0.412357 0.474924 0.636169 0.445868 0.635560 0.503980 0.636779 0.445868 0.635560 0.423262 0.780258 0.414394 0.937249 0.503980 0.636779 0.492451 0.791376 0.478748 0.947216
6 0.473307 0.410268 0.467459 0.634262 0.437945 0.633191 0.496974 0.635333 0.437945 0.633191 0.415873 0.771236 0.395861 0.912130 0.496974 0.635333 0.489361 0.789672 0.478300 0.946690
7 0.465429 0.408787 0.460310 0.633302 0.430266 0.631700 0.490355 0.634904 0.430266 0.631700 0.408295 0.768653 0.380392 0.909056 0.490355 0.634904 0.485451 0.788848 0.477223 0.946344
8 0.455581 0.407677 0.453938 0.631794 0.423236 0.630262 0.484641 0.633326 0.423236 0.630262 0.402188 0.762752 0.377817 0.900373 0.484641 0.633326 0.480013 0.785313 0.477315 0.941822
9 0.448360 0.407627 0.445871 0.630083 0.415478 0.628613 0.476264 0.631553 0.415478 0.628613 0.397422 0.757195 0.379309 0.896838 0.476264 0.631553 0.475065 0.782388 0.476282 0.941060
10 0.440873 0.407088 0.438045 0.627700 0.407659 0.626864 0.468431 0.628536 0.407659 0.626864 0.393023 0.752203 0.380712 0.889550 0.468431 0.628536 0.469455 0.776008 0.473327 0.935867
11 0.434183 0.406531 0.432848 0.623007 0.402384 0.622533 0.463313 0.623480 0.402384 0.622533 0.389241 0.749984 0.377951 0.889841 0.463313 0.623480 0.465818 0.769932 0.473262 0.935358
12 0.427566 0.404673 0.427922 0.617993 0.397769 0.617530 0.458076 0.618456 0.397769 0.617530 0.386158 0.749182 0.376694 0.890228 0.458076 0.618456 0.462591 0.762033 0.471119 0.925693
13 0.423833 0.401146 0.423414 0.610640 0.394299 0.610469 0.452530 0.610811 0.394299 0.610469 0.384521 0.746210 0.377420 0.890301 0.452530 0.610811 0.458829 0.751650 0.465070 0.911266
14 0.419207 0.398157 0.420223 0.609138 0.392344 0.609403 0.448103 0.608874 0.392344 0.609403 0.384546 0.745925 0.378092 0.890911 0.448103 0.608874 0.457386 0.746953 0.459575 0.905748
15 0.415888 0.394561 0.417801 0.606404 0.389998 0.606497 0.445605 0.606311 0.389998 0.606497 0.382749 0.744524 0.377859 0.889128 0.445605 0.606311 0.456547 0.744523 0.451489 0.904356
16 0.413418 0.391238 0.414490 0.603802 0.386751 0.603946 0.442229 0.603659 0.386751 0.603946 0.380630 0.744099 0.376384 0.889253 0.442229 0.603659 0.450917 0.739512 0.441042 0.893035
17 0.411304 0.388781 0.412315 0.602815 0.385730 0.602921 0.438900 0.602710 0.385730 0.602921 0.379230 0.743441 0.376067 0.889797 0.438900 0.602710 0.442982 0.736538 0.431413 0.882491
18 0.409263 0.386319 0.409662 0.601030 0.383757 0.600540 0.435567 0.601520 0.383757 0.600540 0.379387 0.741120 0.377521 0.885135 0.435567 0.601520 0.436252 0.733380 0.426410 0.865889
19 0.408761 0.384409 0.407539 0.600401 0.381958 0.599105 0.433120 0.601698 0.381958 0.599105 0.379052 0.740234 0.377211 0.883489 0.433120 0.601698 0.432338 0.731997 0.422020 0.861579
20 0.408903 0.383563 0.406539 0.598877 0.381680 0.597142 0.431398 0.600611 0.381680 0.597142 0.379552 0.739859 0.377510 0.882312 0.431398 0.600611 0.433226 0.732475 0.421878 0.862950
21 0.408925 0.382736 0.406217 0.596223 0.382121 0.594496 0.430313 0.597950 0.382121 0.594496 0.380595 0.734875 0.377645 0.879551 0.430313 0.597950 0.434369 0.731581 0.420357 0.862826
22 0.409285 0.381309 0.406023 0.595654 0.382520 0.594053 0.429527 0.597254 0.382520 0.594053 0.380830 0.732104 0.377199 0.880255 0.429527 0.597254 0.435648 0.731057 0.419167 0.864368
23 0.409620 0.379724 0.406162 0.593486 0.382877 0.591540 0.429447 0.595432 0.382877 0.591540 0.380896 0.730751 0.377290 0.878827 0.429447 0.595432 0.434885 0.730749 0.419519 0.865213
24 0.409903 0.378653 0.405790 0.588684 0.382917 0.586113 0.428663 0.591256 0.382917 0.586113 0.381945 0.722499 0.376907 0.873392 0.428663 0.591256 0.433583 0.726920 0.417585 0.861881
25 0.410278 0.377219 0.404738 0.584113 0.381759 0.580586 0.427716 0.587640 0.381759 0.580586 0.382648 0.714491 0.376103 0.866920 0.427716 0.587640 0.431860 0.722678 0.418645 0.859350
26 0.411501 0.376185 0.403617 0.581051 0.380726 0.577089 0.426507 0.585013 0.380726 0.577089 0.382824 0.708489 0.375560 0.860334 0.426507 0.585013 0.431322 0.719769 0.419050 0.855513
27 0.412762 0.375494 0.403231 0.579662 0.380716 0.575597 0.425746 0.583726 0.380716 0.575597 0.384290 0.701442 0.375717 0.852346 0.425746 0.583726 0.431564 0.718032 0.420337 0.854493
28 0.413544 0.374999 0.402846 0.577920 0.380358 0.573615 0.425333 0.582225 0.380358 0.573615 0.385250 0.691144 0.375208 0.842857 0.425333 0.582225 0.431810 0.712676 0.420927 0.853618
29 0.414194 0.373905 0.402168 0.574790 0.379510 0.570206 0.424827 0.579374 0.379510 0.570206 0.385348 0.683251 0.372587 0.837292 0.424827 0.579374 0.430851 0.706133 0.420941 0.847941
30 0.415138 0.372157 0.401422 0.573540 0.378843 0.569005 0.424002 0.578076 0.378843 0.569005 0.385558 0.679909 0.370824 0.827431 0.424002 0.578076 0.429893 0.705622 0.421048 0.846536
31 0.415967 0.371063 0.400484 0.572720 0.377751 0.568621 0.423217 0.576818 0.377751 0.568621 0.385601 0.675532 0.367915 0.823967 0.423217 0.576818 0.429047 0.702124 0.421360 0.846564
32 0.416233 0.370272 0.399898 0.573266 0.377083 0.569419 0.422713 0.577113 0.377083 0.569419 0.385094 0.672465 0.365697 0.819148 0.422713 0.577113 0.428826 0.704243 0.421380 0.847420
33 0.416563 0.369404 0.399268 0.573250 0.376334 0.569276 0.422202 0.577224 0.376334 0.569276 0.382446 0.671698 0.361945 0.811694 0.422202 0.577224 0.428358 0.706097 0.420921 0.847605
34 0.416770 0.368614 0.398640 0.570748 0.375416 0.566342 0.421864 0.575155 0.375416 0.566342 0.379424 0.669267 0.359240 0.805844 0.421864 0.575155 0.427982 0.705645 0.420239 0.847549
35 0.416506 0.368280 0.397558 0.569691 0.373900 0.565057 0.421216 0.574325 0.373900 0.565057 0.375413 0.666133 0.357549 0.798465 0.421216 0.574325 0.428071 0.704946 0.419966 0.847205
36 0.415034 0.368018 0.397360 0.568114 0.373481 0.563569 0.421238 0.572660 0.373481 0.563569 0.373351 0.662780 0.357282 0.794792 0.421238 0.572660 0.428242 0.704613 0.419488 0.847103
37 0.413088 0.367421 0.397385 0.567878 0.373338 0.563876 0.421432 0.571880 0.373338 0.563876 0.372867 0.661789 0.357622 0.789951 0.421432 0.571880 0.428418 0.705072 0.419304 0.846251
38 0.410205 0.367007 0.397562 0.567739 0.373529 0.564423 0.421594 0.571055 0.373529 0.564423 0.373883 0.660496 0.358003 0.785344 0.421594 0.571055 0.428533 0.705224 0.419242 0.845564
39 0.406468 0.365321 0.397679 0.566250 0.373626 0.563565 0.421731 0.568935 0.373626 0.563565 0.374414 0.659367 0.358224 0.781447 0.421731 0.568935 0.428263 0.705435 0.418919 0.845644
40 0.403184 0.363388 0.397187 0.564210 0.373078 0.561777 0.421296 0.566643 0.373078 0.561777 0.374184 0.656347 0.357496 0.782818 0.421296 0.566643 0.428300 0.703280 0.418807 0.845340
41 0.400302 0.359721 0.395340 0.557121 0.370911 0.554824 0.419768 0.559418 0.370911 0.554824 0.372992 0.654143 0.355569 0.783269 0.419768 0.559418 0.428453 0.695011 0.418745 0.842110
42 0.397576 0.356679 0.394101 0.550669 0.369308 0.549015 0.418895 0.552324 0.369308 0.549015 0.372321 0.654454 0.355107 0.783081 0.418895 0.552324 0.429035 0.686481 0.418915 0.832193
43 0.396011 0.352944 0.392529 0.544440 0.367773 0.543121 0.417286 0.545760 0.367773 0.543121 0.370888 0.653207 0.354578 0.780483 0.417286 0.545760 0.430407 0.676448 0.417790 0.817930
44 0.394852 0.348080 0.392121 0.534564 0.367510 0.533710 0.416732 0.535418 0.367510 0.533710 0.370551 0.650536 0.354931 0.778282 0.416732 0.535418 0.432051 0.662407 0.416180 0.798382
45 0.394149 0.342678 0.392144 0.527565 0.367780 0.526768 0.416509 0.528361 0.367780 0.526768 0.370505 0.646559 0.356092 0.776595 0.416509 0.528361 0.433140 0.650101 0.413958 0.785636
46 0.394366 0.340344 0.392345 0.524490 0.367991 0.523268 0.416700 0.525711 0.367991 0.523268 0.370412 0.645863 0.356981 0.776232 0.416700 0.525711 0.434843 0.642910 0.411007 0.776139
47 0.394725 0.337820 0.392594 0.521951 0.368468 0.520808 0.416721 0.523094 0.368468 0.520808 0.370575 0.643937 0.357328 0.777065 0.416721 0.523094 0.436327 0.634367 0.410987 0.769526
48 0.395211 0.335630 0.394055 0.518457 0.370300 0.517259 0.417810 0.519655 0.370300 0.517259 0.370687 0.642823 0.358958 0.776869 0.417810 0.519655 0.438275 0.628698 0.412561 0.761486
49 0.396239 0.334540 0.396251 0.519212 0.372658 0.518143 0.419844 0.520281 0.372658 0.518143 0.370761 0.641586 0.359449 0.774854 0.419844 0.520281 0.440166 0.624321 0.418678 0.750659
50 0.399730 0.334159 0.399364 0.518771 0.375544 0.517257 0.423183 0.520286 0.375544 0.517257 0.371077 0.640389 0.359476 0.773513 0.423183 0.520286 0.442880 0.616489 0.429084 0.731538
51 0.404647 0.333653 0.402397 0.518452 0.378435 0.516667 0.426359 0.520236 0.378435 0.516667 0.372045 0.638330 0.359480 0.771472 0.426359 0.520236 0.444347 0.615065 0.438997 0.720436
52 0.410479 0.333138 0.405370 0.517051 0.381139 0.515789 0.429600 0.518313 0.381139 0.515789 0.373971 0.637062 0.359709 0.768410 0.429600 0.518313 0.447579 0.610146 0.455665 0.707091
53 0.417674 0.333139 0.408845 0.517624 0.384503 0.516213 0.433187 0.519035 0.384503 0.516213 0.376040 0.637856 0.360041 0.768384 0.433187 0.519035 0.450767 0.608339 0.464556 0.701292
54 0.425347 0.333476 0.413288 0.518010 0.389322 0.516170 0.437255 0.519851 0.389322 0.516170 0.378795 0.637117 0.360313 0.767600 0.437255 0.519851 0.460556 0.599368 0.470653 0.697302
55 0.433324 0.333475 0.420274 0.517585 0.397342 0.515630 0.443205 0.519539 0.397342 0.515630 0.383685 0.633541 0.360950 0.766187 0.443205 0.519539 0.469029 0.597525 0.473718 0.701748
56 0.440865 0.333304 0.427409 0.516633 0.405346 0.514948 0.449471 0.518318 0.405346 0.514948 0.389570 0.629691 0.362720 0.760696 0.449471 0.518318 0.474623 0.596959 0.475284 0.703278
57 0.449287 0.332357 0.434930 0.513228 0.413329 0.511731 0.456531 0.514725 0.413329 0.511731 0.397472 0.620920 0.366557 0.751986 0.456531 0.514725 0.479276 0.596049 0.475642 0.705226
58 0.457262 0.329939 0.441686 0.509454 0.421014 0.507199 0.462358 0.511710 0.421014 0.507199 0.407028 0.614522 0.371503 0.744238 0.462358 0.511710 0.482575 0.596418 0.477272 0.706908
59 0.464192 0.326979 0.448600 0.503778 0.428058 0.501673 0.469142 0.505883 0.428058 0.501673 0.420637 0.600123 0.383401 0.712722 0.469142 0.505883 0.481404 0.596273 0.475677 0.702720
60 0.470018 0.323291 0.454968 0.492642 0.435029 0.490313 0.474907 0.494971 0.435029 0.490313 0.433077 0.585050 0.395928 0.701050 0.474907 0.494971 0.483657 0.592539 0.475831 0.701916
61 0.476152 0.319383 0.461590 0.486353 0.441363 0.483787 0.481818 0.488918 0.441363 0.483787 0.443200 0.584800 0.408181 0.702846 0.481818 0.488918 0.485203 0.592258 0.475506 0.699815
62 0.481734 0.315602 0.467451 0.481405 0.447236 0.478534 0.487665 0.484275 0.447236 0.478534 0.454092 0.576399 0.429018 0.686466 0.487665 0.484275 0.487923 0.590402 0.476320 0.700667
63 0.487107 0.312641 0.474406 0.476491 0.454801 0.473709 0.494010 0.479272 0.454801 0.473709 0.466235 0.570900 0.444082 0.678182 0.494010 0.479272 0.491034 0.590321 0.478343 0.699368
64 0.491794 0.311206 0.480299 0.472650 0.462175 0.469216 0.498423 0.476083 0.462175 0.469216 0.477708 0.567778 0.464688 0.674276 0.498423 0.476083 0.492898 0.588203 0.477322 0.699529
65 0.496547 0.309714 0.484852 0.466145 0.467144 0.461831 0.502559 0.470459 0.467144 0.461831 0.482055 0.559318 0.479317 0.655420 0.502559 0.470459 0.495280 0.586413 0.478547 0.699943
66 0.500655 0.309214 0.489881 0.465865 0.471888 0.461392 0.507874 0.470338 0.471888 0.461392 0.487752 0.550273 0.490873 0.634381 0.507874 0.470338 0.498666 0.586056 0.478185 0.699496
67 0.504620 0.309463 0.494973 0.464056 0.476713 0.460030 0.513233 0.468082 0.476713 0.460030 0.495028 0.545959 0.501109 0.631932 0.513233 0.468082 0.503944 0.581090 0.478675 0.696938
68 0.508661 0.309032 0.499749 0.461167 0.480842 0.457583 0.518657 0.464751 0.480842 0.457583 0.498635 0.545123 0.506048 0.622986 0.518657 0.464751 0.511435 0.574269 0.483160 0.686851
69 0.512103 0.308142 0.504545 0.461279 0.485298 0.458311 0.523793 0.464248 0.485298 0.458311 0.504748 0.547590 0.506257 0.634253 0.523793 0.464248 0.521222 0.571471 0.487965 0.680094
70 0.515945 0.307434 0.509804 0.461478 0.489733 0.459184 0.529874 0.463772 0.489733 0.459184 0.506040 0.547118 0.505968 0.640924 0.529874 0.463772 0.532559 0.564329 0.499959 0.663656
71 0.519883 0.305440 0.517148 0.459351 0.496411 0.458053 0.537885 0.460648 0.496411 0.458053 0.508970 0.550582 0.510001 0.646300 0.537885 0.460648 0.542981 0.555883 0.510702 0.644224
72 0.524507 0.302671 0.522355 0.453654 0.501422 0.453196 0.543287 0.454112 0.501422 0.453196 0.509697 0.550535 0.509260 0.645753 0.543287 0.454112 0.546436 0.551058 0.523007 0.645893
73 0.529059 0.299777 0.527158 0.446664 0.505670 0.446911 0.548645 0.446417 0.505670 0.446911 0.510419 0.545290 0.512608 0.645987 0.548645 0.446417 0.551042 0.544226 0.538448 0.649155
74 0.532908 0.295966 0.532683 0.440458 0.511082 0.440503 0.554284 0.440412 0.511082 0.440503 0.511367 0.542451 0.513593 0.645758 0.554284 0.440412 0.556584 0.541404 0.551656 0.652116
75 0.536080 0.294352 0.539769 0.439025 0.518467 0.439724 0.561071 0.438326 0.518467 0.439724 0.513964 0.541639 0.512600 0.645996 0.561071 0.438326 0.564893 0.537428 0.566991 0.645322
76 0.541066 0.294494 0.546707 0.440229 0.526453 0.441091 0.566961 0.439366 0.526453 0.441091 0.516072 0.541600 0.511217 0.646622 0.566961 0.439366 0.573613 0.538668 0.579475 0.644671
77 0.546249 0.295338 0.553955 0.442896 0.534461 0.443269 0.573449 0.442523 0.534461 0.443269 0.518346 0.539808 0.511593 0.642391 0.573449 0.442523 0.582926 0.534983 0.591484 0.633322
78 0.552580 0.296096 0.562339 0.444545 0.544181 0.444531 0.580498 0.444559 0.544181 0.444531 0.521200 0.537656 0.511956 0.640138 0.580498 0.444559 0.588486 0.536791 0.599052 0.635356
79 0.557567 0.298468 0.570479 0.445484 0.553025 0.445259 0.587932 0.445709 0.553025 0.445259 0.525833 0.538177 0.510735 0.641116 0.587932 0.445709 0.590879 0.535683 0.600843 0.632745
80 0.562681 0.302525 0.577773 0.446235 0.561572 0.445513 0.593974 0.446957 0.561572 0.445513 0.528499 0.538251 0.512379 0.640994 0.593974 0.446957 0.593388 0.536059 0.602553 0.634977
81 0.565192 0.305024 0.585244 0.446539 0.570950 0.445780 0.599538 0.447297 0.570950 0.445780 0.533394 0.538613 0.517269 0.641317 0.599538 0.447297 0.594716 0.535612 0.601594 0.634134
82 0.568059 0.307700 0.591517 0.446308 0.578169 0.445015 0.604864 0.447601 0.578169 0.445015 0.541792 0.537319 0.525571 0.641517 0.604864 0.447601 0.596224 0.535022 0.600613 0.634727
83 0.570915 0.310143 0.597089 0.446671 0.584578 0.444863 0.609601 0.448479 0.584578 0.444863 0.552048 0.537871 0.536351 0.643357 0.609601 0.448479 0.595624 0.534975 0.602630 0.634306
84 0.573118 0.310750 0.600721 0.446252 0.587563 0.443938 0.613880 0.448566 0.587563 0.443938 0.560944 0.538230 0.552765 0.644667 0.613880 0.448566 0.596912 0.534849 0.601962 0.634097
85 0.575295 0.312298 0.602666 0.446058 0.589698 0.443460 0.615634 0.448656 0.589698 0.443460 0.566342 0.538404 0.564255 0.644258 0.615634 0.448656 0.598308 0.535809 0.601780 0.637542
86 0.576928 0.313329 0.605695 0.446328 0.593247 0.443617 0.618142 0.449039 0.593247 0.443617 0.572756 0.539990 0.580527 0.644442 0.618142 0.449039 0.600135 0.538081 0.604170 0.641848
87 0.578292 0.313148 0.608929 0.445450 0.597987 0.442218 0.619872 0.448681 0.597987 0.442218 0.577874 0.540032 0.590590 0.646794 0.619872 0.448681 0.597775 0.538148 0.604610 0.641317
88 0.579136 0.312924 0.611562 0.444826 0.600989 0.441398 0.622136 0.448253 0.600989 0.441398 0.581198 0.539557 0.595383 0.648019 0.622136 0.448253 0.597603 0.537646 0.604277 0.637793
89 0.579687 0.312726 0.613127 0.444424 0.603500 0.441525 0.622754 0.447323 0.603500 0.441525 0.582727 0.540375 0.595549 0.649868 0.622754 0.447323 0.596666 0.537346 0.604404 0.636071
90 0.580701 0.313193 0.614465 0.445084 0.605972 0.442757 0.622958 0.447412 0.605972 0.442757 0.584173 0.541254 0.595981 0.650689 0.622958 0.447412 0.597591 0.537415 0.606496 0.636177
91 0.581564 0.312669 0.616142 0.444984 0.607529 0.442808 0.624756 0.447159 0.607529 0.442808 0.583899 0.540912 0.595360 0.650486 0.624756 0.447159 0.599232 0.537997 0.606554 0.636212
92 0.583298 0.311664 0.616759 0.445156 0.608734 0.443430 0.624784 0.446882 0.608734 0.443430 0.584160 0.540809 0.596109 0.650325 0.624784 0.446882 0.600209 0.538016 0.607029 0.635849
93 0.584759 0.309528 0.616829 0.445204 0.609360 0.444324 0.624297 0.446084 0.609360 0.444324 0.584916 0.540927 0.596404 0.650233 0.624297 0.446084 0.600852 0.538057 0.607162 0.635398
94 0.585832 0.307962 0.616733 0.445428 0.609582 0.445147 0.623885 0.445709 0.609582 0.445147 0.584342 0.541189 0.595672 0.650152 0.623885 0.445709 0.601615 0.538090 0.607120 0.635158
95 0.587063 0.307018 0.616857 0.445726 0.609511 0.445923 0.624204 0.445528 0.609511 0.445923 0.583936 0.541226 0.595047 0.650090 0.624204 0.445528 0.602129 0.538111 0.607093 0.635213
96 0.588025 0.306214 0.616012 0.446402 0.608653 0.447229 0.623370 0.445575 0.608653 0.447229 0.582960 0.541239 0.594397 0.649587 0.623370 0.445575 0.601601 0.538122 0.606909 0.635302
97 0.588728 0.306241 0.615497 0.446673 0.607993 0.447734 0.623002 0.445613 0.607993 0.447734 0.582003 0.541222 0.593626 0.648947 0.623002 0.445613 0.601231 0.538177 0.606637 0.635385
98 0.589894 0.307223 0.615252 0.446835 0.607801 0.448010 0.622703 0.445660 0.607801 0.448010 0.581592 0.540829 0.593512 0.646975 0.622703 0.445660 0.600331 0.538122 0.606595 0.635070
99 0.590540 0.309160 0.615014 0.447496 0.607531 0.448908 0.622497 0.446084 0.607531 0.448908 0.578867 0.540843 0.593226 0.645032 0.622497 0.446084 0.600215 0.537997 0.607360 0.634274
100 -1 -1 -1 -1 -1 -1 -1 -1 -1 -1 -1 -1 -1 -1 -1 -1 -1 -1 -1 -1
101 -1 -1 -1 -1 -1 -1 -1 -1 -1 -1 -1 -1 -1 -1 -1 -1 -1 -1 -1 -1
102 -1 -1 -1 -1 -1 -1 -1 -1 -1 -1 -1 -1 -1 -1 -1 -1 -1 -1 -1 -1
103 -1 -1 -1 -1 -1 -1 -1 -1 -1 -1 -1 -1 -1 -1 -1 -1 -1 -1 -1 -1
104 -1 -1 -1 -1 -1 -1 -1 -1 -1 -1 -1 -1 -1 -1 -1 -1 -1 -1 -1 -1
105 -1 -1 -1 -1 -1 -1 -1 -1 -1 -1 -1 -1 -1 -1 -1 -1 -1 -1 -1 -1
106 -1 -1 -1 -1 -1 -1 -1 -1 -1 -1 -1 -1 -1 -1 -1 -1 -1 -1 -1 -1
107 -1 -1 -1 -1 -1 -1 -1 -1 -1 -1 -1 -1 -1 -1 -1 -1 -1 -1 -1 -1
108 -1 -1 -1 -1 -1 -1 -1 -1 -1 -1 -1 -1 -1 -1 -1 -1 -1 -1 -1 -1
109 -1 -1 -1 -1 -1 -1 -1 -1 -1 -1 -1 -1 -1 -1 -1 -1 -1 -1 -1 -1
110 -1 -1 -1 -1 -1 -1 -1 -1 -1 -1 -1 -1 -1 -1 -1 -1 -1 -1 -1 -1
111 -1 -1 -1 -1 -1 -1 -1 -1 -1 -1 -1 -1 -1 -1 -1 -1 -1 -1 -1 -1
112 -1 -1 -1 -1 -1 -1 -1 -1 -1 -1 -1 -1 -1 -1 -1 -1 -1 -1 -1 -1
113 -1 -1 -1 -1 -1 -1 -1 -1 -1 -1 -1 -1 -1 -1 -1 -1 -1 -1 -1 -1
114 -1 -1 -1 -1 -1 -1 -1 -1 -1 -1 -1 -1 -1 -1 -1 -1 -1 -1 -1 -1
115 -1 -1 -1 -1 -1 -1 -1 -1 -1 -1 -1 -1 -1 -1 -1 -1 -1 -1 -1 -1
116 -1 -1 -1 -1 -1 -1 -1 -1 -1 -1 -1 -1 -1 -1 -1 -1 -1 -1 -1 -1
117 -1 -1 -1 -1 -1 -1 -1 -1 -1 -1 -1 -1 -1 -1 -1 -1 -1 -1 -1 -1
118 -1 -1 -1 -1 -1 -1 -1 -1 -1 -1 -1 -1 -1 -1 -1 -1 -1 -1 -1 -1
119 -1 -1 -1 -1 -1 -1 -1 -1 -1 -1 -1 -1 -1 -1 -1 -1 -1 -1 -1 -1
120 -1 -1 -1 -1 -1 -1 -1 -1 -1 -1 -1 -1 -1 -1 -1 -1 -1 -1 -1 -1
121 -1 -1 -1 -1 -1 -1 -1 -1 -1 -1 -1 -1 -1 -1 -1 -1 -1 -1 -1 -1
122 -1 -1 -1 -1 -1 -1 -1 -1 -1 -1 -1 -1 -1 -1 -1 -1 -1 -1 -1 -1
123 -1 -1 -1 -1 -1 -1 -1 -1 -1 -1 -1 -1 -1 -1 -1 -1 -1 -1 -1 -1
124 -1 -1 -1 -1 -1 -1 -1 -1 -1 -1 -1 -1 -1 -1 -1 -1 -1 -1 -1 -1
125 -1 -1 -1 -1 -1 -1 -1 -1 -1 -1 -1 -1 -1 -1 -1 -1 -1 -1 -1 -1
126 -1 -1 -1 -1 -1 -1 -1 -1 -1 -1 -1 -1 -1 -1 -1 -1 -1 -1 -1 -1
127 -1 -1 -1 -1 -1 -1 -1 -1 -1 -1 -1 -1 -1 -1 -1 -1 -1 -1 -1 -1
128 -1 -1 -1 -1 -1 -1 -1 -1 -1 -1 -1 -1 -1 -1 -1 -1 -1 -1 -1 -1
129 -1 -1 -1 -1 -1 -1 -1 -1 -1 -1 -1 -1 -1 -1 -1 -1 -1 -1 -1 -1
130 -1 -1 -1 -1 -1 -1 -1 -1 -1 -1 -1 -1 -1 -1 -1 -1 -1 -1 -1 -1
131 -1 -1 -1 -1 -1 -1 -1 -1 -1 -1 -1 -1 -1 -1 -1 -1 -1 -1 -1 -1
132 -1 -1 -1 -1 -1 -1 -1 -1 -1 -1 -1 -1 -1 -1 -1 -1 -1 -1 -1 -1
133 -1 -1 -1 -1 -1 -1 -1 -1 -1 -1 -1 -1 -1 -1 -1 -1 -1 -1 -1 -1
134 -1 -1 -1 -1 -1 -1 -1 -1 -1 -1 -1 -1 -1 -1 -1 -1 -1 -1 -1 -1
135 -1 -1 -1 -1 -1 -1 -1 -1 -1 -1 -1 -1 -1 -1 -1 -1 -1 -1 -1 -1
136 -1 -1 -1 -1 -1 -1 -1 -1 -1 -1 -1 -1 -1 -1 -1 -1 -1 -1 -1 -1
137 -1 -1 -1 -1 -1 -1 -1 -1 -1 -1 -1 -1 -1 -1 -1 -1 -1 -1 -1 -1
138 -1 -1 -1 -1 -1 -1 -1 -1 -1 -1 -1 -1 -1 -1 -1 -1 -1 -1 -1 -1
139 -1 -1 -1 -1 -1 -1 -1 -1 -1 -1 -1 -1 -1 -1 -1 -1 -1 -1 -1 -1
140 -1 -1 -1 -1 -1 -1 -1 -1 -1 -1 -1 -1 -1 -1 -1 -1 -1 -1 -1 -1
141 -1 -1 -1 -1 -1 -1 -1 -1 -1 -1 -1 -1 -1 -1 -1 -1 -1 -1 -1 -1
142 -1 -1 -1 -1 -1 -1 -1 -1 -1 -1 -1 -1 -1 -1 -1 -1 -1 -1 -1 -1
143 -1 -1 -1 -1 -1 -1 -1 -1 -1 -1 -1 -1 -1 -1 -1 -1 -1 -1 -1 -1
144 -1 -1 -1 -1 -1 -1 -1 -1 -1 -1 -1 -1 -1 -1 -1 -1 -1 -1 -1 -1
145 -1 -1 -1 -1 -1 -1 -1 -1 -1 -1 -1 -1 -1 -1 -1 -1 -1 -1 -1 -1
146 -1 -1 -1 -1 -1 -1 -1 -1 -1 -1 -1 -1 -1 -1 -1 -1 -1 -1 -1 -1
147 -1 -1 -1 -1 -1 -1 -1 -1 -1 -1 -1 -1 -1 -1 -1 -1 -1 -1 -1 -1
148 -1 -1 -1 -1 -1 -1 -1 -1 -1 -1 -1 -1 -1 -1 -1 -1 -1 -1 -1 -1
149 -1 -1 -1 -1 -1 -1 -1 -1 -1 -1 -1 -1 -1 -1 -1 -1 -1 -1 -1 -1
150 -1 -1 -1 -1 -1 -1 -1 -1 -1 -1 -1 -1 -1 -1 -1 -1 -1 -1 -1 -1
151 -1 -1 -1 -1 -1 -1 -1 -1 -1 -1 -1 -1 -1 -1 -1 -1 -1 -1 -1 -1
152 -1 -1 -1 -1 -1 -1 -1 -1 -1 -1 -1 -1 -1 -1 -1 -1 -1 -1 -1 -1
153 -1 -1 -1 -1 -1 -1 -1 -1 -1 -1 -1 -1 -1 -1 -1 -1 -1 -1 -1 -1
154 -1 -1 -1 -1 -1 -1 -1 -1 -1 -1 -1 -1 -1 -1 -1 -1 -1 -1 -1 -1
155 -1 -1 -1 -1 -1 -1 -1 -1 -1 -1 -1 -1 -1 -1 -1 -1 -1 -1 -1 -1
156 -1 -1 -1 -1 -1 -1 -1 -1 -1 -1 -1 -1 -1 -1 -1 -1 -1 -1 -1 -1
157 -1 -1 -1 -1 -1 -1 -1 -1 -1 -1 -1 -1 -1 -1 -1 -1 -1 -1 -1 -1
158 -1 -1 -1 -1 -1 -1 -1 -1 -1 -1 -1 -1 -1 -1 -1 -1 -1 -1 -1 -1
159 -1 -1 -1 -1 -1 -1 -1 -1 -1 -1 -1 -1 -1 -1 -1 -1 -1 -1 -1 -1
160 -1 -1 -1 -1 -1 -1 -1 -1 -1 -1 -1 -1 -1 -1 -1 -1 -1 -1 -1 -1
161 -1 -1 -1 -1 -1 -1 -1 -1 -1 -1 -1 -1 -1 -1 -1 -1 -1 -1 -1 -1
162 -1 -1 -1 -1 -1 -1 -1 -1 -1 -1 -1 -1 -1 -1 -1 -1 -1 -1 -1 -1
163 -1 -1 -1 -1 -1 -1 -1 -1 -1 -1 -1 -1 -1 -1 -1 -1 -1 -1 -1 -1
164 -1 -1 -1 -1 -1 -1 -1 -1 -1 -1 -1 -1 -1 -1 -1 -1 -1 -1 -1 -1
165 -1 -1 -1 -1 -1 -1 -1 -1 -1 -1 -1 -1 -1 -1 -1 -1 -1 -1 -1 -1
166 -1 -1 -1 -1 -1 -1 -1 -1 -1 -1 -1 -1 -1 -1 -1 -1 -1 -1 -1 -1
167 -1 -1 -1 -1 -1 -1 -1 -1 -1 -1 -1 -1 -1 -1 -1 -1 -1 -1 -1 -1
168 -1 -1 -1 -1 -1 -1 -1 -1 -1 -1 -1 -1 -1 -1 -1 -1 -1 -1 -1 -1
169 -1 -1 -1 -1 -1 -1 -1 -1 -1 -1 -1 -1 -1 -1 -1 -1 -1 -1 -1 -1
170 0.548004 0.310386 0.598131 0.436312 0.606357 0.437761 0.589906 0.434862 0.606357 0.437761 0.599913 0.539325 0.592722 0.653069 0.589906 0.434862 0.572844 0.528312 0.574940 0.621890
171 0.546998 0.311647 0.598309 0.436063 0.606505 0.437255 0.590113 0.434872 0.606505 0.437255 0.599781 0.539376 0.592653 0.653038 0.590113 0.434872 0.573975 0.529043 0.574919 0.622253
172 0.545877 0.312216 0.598467 0.435861 0.606923 0.436833 0.590010 0.434890 0.606923 0.436833 0.599651 0.539210 0.591869 0.652703 0.590010 0.434890 0.573588 0.528934 0.575282 0.622094
173 0.545180 0.312845 0.598637 0.435850 0.607070 0.436797 0.590204 0.434903 0.607070 0.436797 0.599433 0.538856 0.591776 0.652041 0.590204 0.434903 0.574219 0.529138 0.575720 0.622111
174 0.544716 0.313512 0.598421 0.435870 0.607031 0.436823 0.589810 0.434918 0.607031 0.436823 0.597908 0.538697 0.591021 0.651199 0.589810 0.434918 0.574563 0.529148 0.575826 0.622419
175 0.544074 0.314783 0.598310 0.435657 0.607049 0.436388 0.589570 0.434927 0.607049 0.436388 0.596019 0.538135 0.590502 0.650819 0.589570 0.434927 0.574728 0.529184 0.576008 0.622500
176 0.543970 0.316355 0.598262 0.435950 0.606818 0.436822 0.589706 0.435077 0.606818 0.436822 0.594584 0.538327 0.590139 0.650727 0.589706 0.435077 0.574720 0.529361 0.576154 0.622448
177 0.544145 0.317230 0.598304 0.436064 0.606799 0.437024 0.589809 0.435104 0.606799 0.437024 0.594146 0.538235 0.589841 0.650392 0.589809 0.435104 0.574493 0.529385 0.576219 0.621825
178 0.544192 0.317428 0.598427 0.436079 0.606924 0.437040 0.589930 0.435117 0.606924 0.437040 0.593788 0.537943 0.589195 0.649410 0.589930 0.435117 0.575248 0.529424 0.576311 0.621630
179 -1 -1 -1 -1 -1 -1 -1 -1 -1 -1 -1 -1 -1 -1 -1 -1 -1 -1 -1 -1
180 -1 -1 -1 -1 -1 -1 -1 -1 -1 -1 -1 -1 -1 -1 -1 -1 -1 -1 -1 -1
181 -1 -1 -1 -1 -1 -1 -1 -1 -1 -1 -1 -1 -1 -1 -1 -1 -1 -1 -1 -1
182 -1 -1 -1 -1 -1 -1 -1 -1 -1 -1 -1 -1 -1 -1 -1 -1 -1 -1 -1 -1
183 -1 -1 -1 -1 -1 -1 -1 -1 -1 -1 -1 -1 -1 -1 -1 -1 -1 -1 -1 -1
184 -1 -1 -1 -1 -1 -1 -1 -1 -1 -1 -1 -1 -1 -1 -1 -1 -1 -1 -1 -1
185 -1 -1 -1 -1 -1 -1 -1 -1 -1 -1 -1 -1 -1 -1 -1 -1 -1 -1 -1 -1
186 -1 -1 -1 -1 -1 -1 -1 -1 -1 -1 -1 -1 -1 -1 -1 -1 -1 -1 -1 -1
187 -1 -1 -1 -1 -1 -1 -1 -1 -1 -1 -1 -1 -1 -1 -1 -1 -1 -1 -1 -1
188 -1 -1 -1 -1 -1 -1 -1 -1 -1 -1 -1 -1 -1 -1 -1 -1 -1 -1 -1 -1
189 -1 -1 -1 -1 -1 -1 -1 -1 -1 -1 -1 -1 -1 -1 -1 -1 -1 -1 -1 -1
190 -1 -1 -1 -1 -1 -1 -1 -1 -1 -1 -1 -1 -1 -1 -1 -1 -1 -1 -1 -1
191 -1 -1 -1 -1 -1 -1 -1 -1 -1 -1 -1 -1 -1 -1 -1 -1 -1 -1 -1 -1
192 0.552272 0.302390 0.573078 0.439428 0.585617 0.442116 0.560538 0.436740 0.585617 0.442116 0.567934 0.548283 0.579691 0.641911 0.560538 0.436740 0.525860 0.527757 0.550292 0.618037
193 0.551012 0.301708 0.568502 0.439459 0.578977 0.441913 0.558027 0.437004 0.578977 0.441913 0.566188 0.548077 0.578538 0.641451 0.558027 0.437004 0.524303 0.527765 0.539319 0.622066
194 0.549004 0.301260 0.564568 0.440727 0.576431 0.442566 0.552706 0.438887 0.576431 0.442566 0.567053 0.551836 0.578732 0.642690 0.552706 0.438887 0.518855 0.528260 0.528276 0.627443
195 0.546479 0.301227 0.559580 0.441798 0.573129 0.443183 0.546032 0.440412 0.573129 0.443183 0.567356 0.555482 0.580286 0.645420 0.546032 0.440412 0.516137 0.533327 0.513831 0.639092
196 0.543604 0.301488 0.554631 0.446069 0.569909 0.447377 0.539354 0.444761 0.569909 0.447377 0.566101 0.557106 0.581338 0.646798 0.539354 0.444761 0.511206 0.541260 0.503987 0.645916
197 0.539621 0.301715 0.548320 0.447767 0.564717 0.448684 0.531924 0.446849 0.564717 0.448684 0.564381 0.556453 0.581832 0.647405 0.531924 0.446849 0.506737 0.545877 0.495849 0.650597
198 0.534214 0.303245 0.541486 0.449734 0.558848 0.451125 0.524125 0.448344 0.558848 0.451125 0.557722 0.557691 0.581832 0.647549 0.524125 0.448344 0.499912 0.548620 0.493717 0.653389
199 0.528268 0.303850 0.534337 0.451044 0.551705 0.452227 0.516969 0.449861 0.551705 0.452227 0.548106 0.557610 0.579207 0.647143 0.516969 0.449861 0.495569 0.549661 0.493528 0.655147
200 0.523477 0.304435 0.527870 0.454482 0.543846 0.456006 0.511894 0.452957 0.543846 0.456006 0.535207 0.559403 0.574155 0.641088 0.511894 0.452957 0.493364 0.553030 0.493028 0.658107
201 0.518482 0.304367 0.519632 0.455566 0.535926 0.456814 0.503339 0.454318 0.535926 0.456814 0.522860 0.559383 0.564330 0.638707 0.503339 0.454318 0.492178 0.555437 0.494686 0.656005
202 0.514509 0.304201 0.514346 0.454863 0.530667 0.456554 0.498025 0.453173 0.530667 0.456554 0.514461 0.559406 0.551952 0.637078 0.498025 0.453173 0.486795 0.554777 0.494928 0.656688
203 0.509137 0.303966 0.505453 0.454602 0.522287 0.456503 0.488619 0.452701 0.522287 0.456503 0.498998 0.560201 0.536192 0.635654 0.488619 0.452701 0.488083 0.561103 0.496767 0.657645
204 0.504072 0.303324 0.499815 0.455114 0.515607 0.457301 0.484023 0.452926 0.515607 0.457301 0.490529 0.562714 0.515964 0.647285 0.484023 0.452926 0.484542 0.565201 0.496295 0.658601
205 0.498402 0.302822 0.495126 0.456112 0.510735 0.458679 0.479517 0.453545 0.510735 0.458679 0.479937 0.563932 0.497149 0.655903 0.479517 0.453545 0.484968 0.564955 0.491732 0.658590
206 0.493203 0.302825 0.491880 0.456323 0.507711 0.458197 0.476050 0.454450 0.507711 0.458197 0.472004 0.564582 0.476468 0.666695 0.476050 0.454450 0.485958 0.569054 0.489021 0.662251
207 0.487819 0.304241 0.488631 0.457358 0.504530 0.458410 0.472731 0.456307 0.504530 0.458410 0.467131 0.567154 0.454357 0.677136 0.472731 0.456307 0.484307 0.570154 0.492923 0.660745
208 0.482789 0.306520 0.483804 0.460663 0.500023 0.461060 0.467585 0.460266 0.500023 0.461060 0.464350 0.570652 0.441026 0.678126 0.467585 0.460266 0.481859 0.574361 0.493137 0.661992
209 0.478250 0.307705 0.480103 0.462039 0.496504 0.462298 0.463702 0.461781 0.496504 0.462298 0.459890 0.571941 0.433683 0.681360 0.463702 0.461781 0.477173 0.572782 0.493407 0.661172
210 0.474520 0.309194 0.474861 0.465707 0.491375 0.466154 0.458346 0.465259 0.491375 0.466154 0.455126 0.577800 0.428326 0.687309 0.458346 0.465259 0.475646 0.571581 0.491621 0.658829
211 0.470227 0.311525 0.469998 0.468300 0.487029 0.469279 0.452966 0.467321 0.487029 0.469279 0.452332 0.580598 0.425453 0.692085 0.452966 0.467321 0.466508 0.572657 0.485822 0.652614
212 0.466235 0.313721 0.464196 0.473674 0.483275 0.475898 0.445116 0.471451 0.483275 0.475898 0.449304 0.588871 0.423602 0.696006 0.445116 0.471451 0.438170 0.580970 0.473403 0.640536
213 0.461849 0.315045 0.458777 0.476830 0.478890 0.479368 0.438664 0.474292 0.478890 0.479368 0.449495 0.594725 0.425740 0.696168 0.438664 0.474292 0.420278 0.579770 0.471644 0.605510
214 0.458295 0.315972 0.453752 0.478519 0.473984 0.481832 0.433521 0.475206 0.473984 0.481832 0.444840 0.597145 0.425709 0.699274 0.433521 0.475206 0.410467 0.579769 0.458447 0.606952
215 0.455128 0.315831 0.449145 0.478009 0.469330 0.482074 0.428960 0.473944 0.469330 0.482074 0.442041 0.594491 0.425518 0.696408 0.428960 0.473944 0.406697 0.579483 0.439779 0.611924
216 0.452262 0.315609 0.446281 0.477497 0.466552 0.481721 0.426011 0.473273 0.466552 0.481721 0.444346 0.599840 0.422751 0.696205 0.426011 0.473273 0.404864 0.581202 0.425412 0.655356
217 0.449179 0.315862 0.442193 0.479231 0.463676 0.483785 0.420710 0.474677 0.463676 0.483785 0.444509 0.602666 0.423557 0.698545 0.420710 0.474677 0.401973 0.587138 0.402851 0.674238
218 0.446338 0.316881 0.439199 0.482706 0.461395 0.486933 0.417002 0.478478 0.461395 0.486933 0.444926 0.606110 0.424915 0.700272 0.417002 0.478478 0.400565 0.593468 0.390455 0.697394
219 0.442976 0.318416 0.436936 0.485587 0.459758 0.489448 0.414114 0.481726 0.459758 0.489448 0.444712 0.609087 0.424401 0.699146 0.414114 0.481726 0.396474 0.601343 0.378978 0.714620
220 0.439704 0.320910 0.434951 0.490191 0.457927 0.493956 0.411974 0.486426 0.457927 0.493956 0.443919 0.614404 0.424087 0.698463 0.411974 0.486426 0.392920 0.609490 0.373638 0.729019
221 0.435877 0.323922 0.432658 0.495890 0.456179 0.498943 0.409137 0.492836 0.456179 0.498943 0.442093 0.617634 0.424273 0.697744 0.409137 0.492836 0.391165 0.616135 0.371344 0.735660
222 0.432387 0.326531 0.428933 0.500357 0.452869 0.502531 0.404996 0.498184 0.452869 0.502531 0.440316 0.619881 0.425441 0.697178 0.404996 0.498184 0.389901 0.623024 0.375705 0.743113
223 0.428120 0.329201 0.425314 0.504620 0.449496 0.505898 0.401131 0.503342 0.449496 0.505898 0.438886 0.621707 0.426151 0.696877 0.401131 0.503342 0.388852 0.629539 0.381106 0.740788
224 0.423395 0.331191 0.423862 0.507283 0.448503 0.507984 0.399220 0.506582 0.448503 0.507984 0.439171 0.625343 0.426305 0.696589 0.399220 0.506582 0.387744 0.632743 0.380860 0.746130
225 0.419668 0.333647 0.423596 0.511363 0.448815 0.511810 0.398377 0.510916 0.448815 0.511810 0.440176 0.635423 0.426566 0.696087 0.398377 0.510916 0.385726 0.639887 0.380096 0.750789
226 0.416449 0.335198 0.421601 0.513309 0.447352 0.513631 0.395850 0.512987 0.447352 0.513631 0.440983 0.638410 0.426236 0.694387 0.395850 0.512987 0.385366 0.643698 0.380951 0.751200
227 0.414162 0.336272 0.420270 0.513635 0.446386 0.513435 0.394153 0.513835 0.446386 0.513435 0.444349 0.642322 0.424867 0.695636 0.394153 0.513835 0.384173 0.647363 0.379713 0.752302
228 0.412686 0.336995 0.419650 0.514794 0.445773 0.514185 0.393526 0.515402 0.445773 0.514185 0.446773 0.645651 0.424116 0.707353 0.393526 0.515402 0.383767 0.648467 0.380331 0.750242
229 0.411874 0.338210 0.419806 0.516796 0.446167 0.516216 0.393445 0.517376 0.446167 0.516216 0.449330 0.650174 0.424446 0.730394 0.393445 0.517376 0.384024 0.647598 0.381841 0.749218
230 0.412002 0.339678 0.419775 0.518125 0.446352 0.517768 0.393198 0.518482 0.446352 0.517768 0.450331 0.651758 0.425982 0.760563 0.393198 0.518482 0.383896 0.646495 0.381964 0.752974
231 0.412920 0.341939 0.419891 0.520767 0.446402 0.520423 0.393381 0.521111 0.446402 0.520423 0.450846 0.657720 0.430532 0.782626 0.393381 0.521111 0.383216 0.648346 0.382298 0.753067
232 0.413943 0.344900 0.419114 0.527117 0.445452 0.526792 0.392776 0.527442 0.445452 0.526792 0.450682 0.667468 0.437395 0.797958 0.392776 0.527442 0.382214 0.654487 0.382407 0.754076
233 0.415037 0.349046 0.418358 0.535406 0.444470 0.535074 0.392246 0.535739 0.444470 0.535074 0.450032 0.676389 0.444923 0.813694 0.392246 0.535739 0.381130 0.661128 0.382178 0.755018
234 0.416895 0.355196 0.417655 0.543017 0.443527 0.543588 0.391782 0.542446 0.443527 0.543588 0.449299 0.681969 0.451270 0.823493 0.391782 0.542446 0.381153 0.663126 0.382079 0.755633
235 0.422963 0.362110 0.418318 0.551417 0.444089 0.553073 0.392547 0.549760 0.444089 0.553073 0.449262 0.691411 0.452646 0.831011 0.392547 0.549760 0.381846 0.668557 0.381895 0.755621
236 0.430220 0.368079 0.419225 0.556175 0.445675 0.558613 0.392775 0.553736 0.445675 0.558613 0.449710 0.694685 0.453139 0.835939 0.392775 0.553736 0.382374 0.671026 0.380667 0.758323
237 0.436361 0.370949 0.424261 0.560722 0.452074 0.563065 0.396448 0.558379 0.452074 0.563065 0.454754 0.701287 0.454248 0.839101 0.396448 0.558379 0.382745 0.681570 0.380689 0.757772
238 0.443489 0.371760 0.430778 0.559896 0.458869 0.562251 0.402687 0.557540 0.458869 0.562251 0.461284 0.703433 0.455309 0.841730 0.402687 0.557540 0.384178 0.684840 0.380880 0.757301
239 0.450830 0.373185 0.436722 0.561447 0.464884 0.564125 0.408560 0.558770 0.464884 0.564125 0.463788 0.706845 0.455153 0.845421 0.408560 0.558770 0.387601 0.689466 0.381018 0.757613
240 0.458276 0.373571 0.440957 0.564913 0.468977 0.567850 0.412936 0.561976 0.468977 0.567850 0.466390 0.708890 0.455482 0.844887 0.412936 0.561976 0.390932 0.695563 0.381848 0.757163
241 0.463218 0.373198 0.445509 0.567693 0.473659 0.570648 0.417359 0.564739 0.473659 0.570648 0.469176 0.712474 0.455660 0.845663 0.417359 0.564739 0.396544 0.701513 0.384020 0.756818
242 0.468657 0.374220 0.451299 0.569688 0.479325 0.572605 0.423273 0.566771 0.479325 0.572605 0.472373 0.717015 0.455906 0.846090 0.423273 0.566771 0.404453 0.706732 0.386196 0.759819
243 0.473408 0.374954 0.456456 0.572335 0.484332 0.575272 0.428581 0.569398 0.484332 0.575272 0.474462 0.722187 0.455871 0.847608 0.428581 0.569398 0.413239 0.714059 0.391114 0.776065
244 0.477858 0.375895 0.462617 0.575200 0.490183 0.578044 0.435050 0.572355 0.490183 0.578044 0.476908 0.726716 0.457058 0.849821 0.435050 0.572355 0.422126 0.718295 0.397049 0.799154
245 0.481983 0.377370 0.468124 0.577753 0.495369 0.580671 0.440878 0.574835 0.495369 0.580671 0.478447 0.729119 0.456916 0.847909 0.440878 0.574835 0.429654 0.721600 0.405136 0.819334
246 0.486120 0.378800 0.471760 0.579059 0.498927 0.581392 0.444593 0.576727 0.498927 0.581392 0.480509 0.731007 0.457059 0.848576 0.444593 0.576727 0.435605 0.726317 0.415155 0.844520
247 0.490960 0.382119 0.476130 0.582163 0.503294 0.583877 0.448966 0.580449 0.503294 0.583877 0.482513 0.735097 0.457264 0.848680 0.448966 0.580449 0.444147 0.735719 0.426262 0.866169
248 0.495376 0.386531 0.480103 0.587381 0.507068 0.588577 0.453137 0.586186 0.507068 0.588577 0.487022 0.737709 0.457393 0.850712 0.453137 0.586186 0.451007 0.744295 0.442910 0.881438
249 0.499826 0.390084 0.482502 0.598421 0.508541 0.599521 0.456464 0.597320 0.508541 0.599521 0.488806 0.742770 0.457322 0.848830 0.456464 0.597320 0.458367 0.754019 0.460378 0.901333
250 0.502898 0.393437 0.486166 0.606585 0.511882 0.607238 0.460450 0.605931 0.511882 0.607238 0.488262 0.750387 0.457454 0.850457 0.460450 0.605931 0.466659 0.766723 0.474515 0.916544
251 0.506637 0.400088 0.490167 0.613861 0.516145 0.613539 0.464190 0.614183 0.516145 0.613539 0.488584 0.754402 0.459663 0.858957 0.464190 0.614183 0.472920 0.772844 0.488470 0.935282
252 0.510324 0.406741 0.492260 0.618544 0.519340 0.618200 0.465179 0.618887 0.519340 0.618200 0.489402 0.761326 0.475380 0.858718 0.465179 0.618887 0.481008 0.777445 0.501462 0.946092
253 0.513941 0.413622 0.496366 0.624689 0.523155 0.623979 0.469576 0.625400 0.523155 0.623979 0.492601 0.765482 0.476904 0.857550 0.469576 0.625400 0.494207 0.788186 0.513175 0.956685
254 0.517783 0.420034 0.501320 0.631754 0.527578 0.630999 0.475061 0.632509 0.527578 0.630999 0.495683 0.771397 0.474246 0.850602 0.475061 0.632509 0.502589 0.796343 0.515825 0.959034
255 0.521531 0.423927 0.508417 0.642324 0.534139 0.641376 0.482695 0.643272 0.534139 0.641376 0.501117 0.782852 0.472657 0.849184 0.482695 0.643272 0.509848 0.812396 0.518742 0.971701
256 0.525649 0.427152 0.517613 0.651841 0.543082 0.650823 0.492143 0.652859 0.543082 0.650823 0.519747 0.795884 0.471147 0.842915 0.492143 0.652859 0.512535 0.820240 0.519810 0.976691
257 0.529924 0.429302 0.522470 0.654144 0.549488 0.653396 0.495452 0.654892 0.549488 0.653396 0.546249 0.803075 0.472709 0.840270 0.495452 0.654892 0.516340 0.818888 0.522258 0.968180
258 0.534333 0.433254 0.528331 0.659693 0.556282 0.658877 0.500380 0.660509 0.556282 0.658877 0.564016 0.808014 0.482697 0.837217 0.500380 0.660509 0.515937 0.829714 0.524073 0.973981
259 0.540303 0.437039 0.534109 0.660464 0.562299 0.659708 0.505918 0.661219 0.562299 0.659708 0.578605 0.808369 0.502264 0.831784 0.505918 0.661219 0.518694 0.834572 0.523805 0.983994
260 0.546032 0.437528 0.538682 0.664467 0.566523 0.663096 0.510841 0.665839 0.566523 0.663096 0.589275 0.808059 0.526020 0.875505 0.510841 0.665839 0.514657 0.830318 0.522290 0.981958
261 0.552362 0.440003 0.544853 0.673312 0.573826 0.672031 0.515881 0.674593 0.573826 0.672031 0.598891 0.817863 0.548226 0.919956 0.515881 0.674593 0.512638 0.839919 0.524613 0.979791
262 0.559088 0.444130 0.549037 0.676454 0.579328 0.676286 0.518746 0.676621 0.579328 0.676286 0.600752 0.839277 0.571439 0.976634 0.518746 0.676621 0.514347 0.840351 0.522980 0.981948
263 0.566978 0.450167 0.554502 0.684072 0.585258 0.684453 0.523746 0.683691 0.585258 0.684453 0.607145 0.862415 0.601712 1.008496 0.523746 0.683691 0.518251 0.852514 0.522842 0.990250
264 0.574131 0.457484 0.559210 0.691077 0.591083 0.692052 0.527337 0.690102 0.591083 0.692052 0.611351 0.873800 0.629705 1.018234 0.527337 0.690102 0.520604 0.859193 0.522566 0.993239
265 0.584014 0.465656 0.564065 0.699312 0.595550 0.700971 0.532579 0.697653 0.595550 0.700971 0.621034 0.887951 0.644987 1.028332 0.532579 0.697653 0.521162 0.865662 0.522757 0.997872
266 0.593327 0.473726 0.570624 0.709504 0.603274 0.711696 0.537973 0.707312 0.603274 0.711696 0.634827 0.900233 0.650926 1.055601 0.537973 0.707312 0.522697 0.870025 0.523466 1.001093
267 0.602569 0.481760 0.578072 0.712621 0.610706 0.715162 0.545438 0.710080 0.610706 0.715162 0.643950 0.904913 0.658568 1.065451 0.545438 0.710080 0.526677 0.871702 0.522984 1.002568
268 0.611871 0.491073 0.587419 0.720196 0.620991 0.722829 0.553846 0.717563 0.620991 0.722829 0.652294 0.906105 0.661228 1.064438 0.553846 0.717563 0.532373 0.878171 0.522694 1.008293
269 0.623100 0.499290 0.596448 0.731938 0.630440 0.734672 0.562457 0.729204 0.630440 0.734672 0.656345 0.920808 0.659824 1.073532 0.562457 0.729204 0.537943 0.890217 0.522572 1.013115
270 0.634426 0.508805 0.608037 0.745342 0.642152 0.747778 0.573923 0.742907 0.642152 0.747778 0.662418 0.935528 0.661567 1.078780 0.573923 0.742907 0.542929 0.904650 0.522396 1.010533
271 0.646751 0.517086 0.618861 0.754019 0.654173 0.757753 0.583549 0.750285 0.654173 0.757753 0.671119 0.942710 0.676218 1.067182 0.583549 0.750285 0.549202 0.913890 0.523771 1.011385
272 0.659925 0.522273 0.632389 0.763373 0.668460 0.767673 0.596317 0.759073 0.668460 0.767673 0.683746 0.950726 0.683956 1.081493 0.596317 0.759073 0.560145 0.922772 0.527210 1.008757
273 0.672230 0.527380 0.642933 0.769549 0.679714 0.774101 0.606153 0.764996 0.679714 0.774101 0.692964 0.954624 0.690482 1.093257 0.606153 0.764996 0.571108 0.936279 0.536522 1.005342
274 0.684078 0.532114 0.652948 0.776279 0.690480 0.782699 0.615415 0.769860 0.690480 0.782699 0.696126 0.971188 0.692794 1.099852 0.615415 0.769860 0.588590 0.952804 0.552456 1.007659
275 0.691455 0.532275 0.661572 0.778611 0.700572 0.783839 0.622571 0.773383 0.700572 0.783839 0.698789 0.980771 0.691408 1.109983 0.622571 0.773383 0.606314 0.973207 0.584692 1.045691
276 0.697980 0.531277 0.670206 0.784541 0.708415 0.788435 0.631998 0.780647 0.708415 0.788435 0.704639 0.987089 0.699069 1.134511 0.631998 0.780647 0.620789 0.975747 0.603493 1.110418
277 0.705688 0.529836 0.678598 0.790299 0.716031 0.794974 0.641165 0.785623 0.716031 0.794974 0.708656 0.991498 0.704575 1.143621 0.641165 0.785623 0.631249 0.979290 0.605489 1.105477
278 -1 -1 -1 -1 -1 -1 -1 -1 -1 -1 -1 -1 -1 -1 -1 -1 -1 -1 -1 -1
279 -1 -1 -1 -1 -1 -1 -1 -1 -1 -1 -1 -1 -1 -1 -1 -1 -1 -1 -1 -1
280 -1 -1 -1 -1 -1 -1 -1 -1 -1 -1 -1 -1 -1 -1 -1 -1 -1 -1 -1 -1
281 -1 -1 -1 -1 -1 -1 -1 -1 -1 -1 -1 -1 -1 -1 -1 -1 -1 -1 -1 -1
282 -1 -1 -1 -1 -1 -1 -1 -1 -1 -1 -1 -1 -1 -1 -1 -1 -1 -1 -1 -1
283 -1 -1 -1 -1 -1 -1 -1 -1 -1 -1 -1 -1 -1 -1 -1 -1 -1 -1 -1 -1
284 -1 -1 -1 -1 -1 -1 -1 -1 -1 -1 -1 -1 -1 -1 -1 -1 -1 -1 -1 -1
285 -1 -1 -1 -1 -1 -1 -1 -1 -1 -1 -1 -1 -1 -1 -1 -1 -1 -1 -1 -1
286 -1 -1 -1 -1 -1 -1 -1 -1 -1 -1 -1 -1 -1 -1 -1 -1 -1 -1 -1 -1
287 -1 -1 -1 -1 -1 -1 -1 -1 -1 -1 -1 -1 -1 -1 -1 -1 -1 -1 -1 -1
288 -1 -1 -1 -1 -1 -1 -1 -1 -1 -1 -1 -1 -1 -1 -1 -1 -1 -1 -1 -1
289 -1 -1 -1 -1 -1 -1 -1 -1 -1 -1 -1 -1 -1 -1 -1 -1 -1 -1 -1 -1
290 -1 -1 -1 -1 -1 -1 -1 -1 -1 -1 -1 -1 -1 -1 -1 -1 -1 -1 -1 -1
291 -1 -1 -1 -1 -1 -1 -1 -1 -1 -1 -1 -1 -1 -1 -1 -1 -1 -1 -1 -1
292 -1 -1 -1 -1 -1 -1 -1 -1 -1 -1 -1 -1 -1 -1 -1 -1 -1 -1 -1 -1
293 -1 -1 -1 -1 -1 -1 -1 -1 -1 -1 -1 -1 -1 -1 -1 -1 -1 -1 -1 -1
294 -1 -1 -1 -1 -1 -1 -1 -1 -1 -1 -1 -1 -1 -1 -1 -1 -1 -1 -1 -1
295 -1 -1 -1 -1 -1 -1 -1 -1 -1 -1 -1 -1 -1 -1 -1 -1 -1 -1 -1 -1
296 -1 -1 -1 -1 -1 -1 -1 -1 -1 -1 -1 -1 -1 -1 -1 -1 -1 -1 -1 -1
297 -1 -1 -1 -1 -1 -1 -1 -1 -1 -1 -1 -1 -1 -1 -1 -1 -1 -1 -1 -1
