0
0
0 -1 -1 -1 -1 -1 -1 -1 -1 -1 -1 -1 -1 -1 -1 -1 -1 -1 -1 -1 -1
1 0.532419 0.464578 0.531604 0.612286 0.546647 0.610735 0.516562 0.613838 0.546647 0.610735 0.552071 0.717800 0.558040 0.822663 0.516562 0.613838 0.524590 0.714967 0.537304 0.807444
2 0.532187 0.464552 0.531176 0.611559 0.545956 0.610831 0.516396 0.612288 0.545956 0.610831 0.550920 0.717391 0.558191 0.823077 0.516396 0.612288 0.524559 0.713764 0.537734 0.807442
3 0.532152 0.464680 0.530893 0.611980 0.545390 0.611741 0.516397 0.612220 0.545390 0.611741 0.549571 0.715464 0.558566 0.823078 0.516397 0.612220 0.524703 0.713212 0.538208 0.807443
4 0.532158 0.464371 0.530896 0.611147 0.545302 0.611324 0.516491 0.610970 0.545302 0.611324 0.547970 0.711104 0.558669 0.821073 0.516491 0.610970 0.524117 0.710270 0.538202 0.807308
5 0.532130 0.464293 0.530739 0.611157 0.544980 0.611384 0.516498 0.610929 0.544980 0.611384 0.547096 0.710302 0.558853 0.820291 0.516498 0.610929 0.524168 0.710450 0.539166 0.807290
6 0.532114 0.464268 0.530663 0.611667 0.544782 0.612314 0.516545 0.611020 0.544782 0.612314 0.547304 0.710754 0.558872 0.819841 0.516545 0.611020 0.524271 0.710619 0.540079 0.807478
7 0.532011 0.463897 0.530805 0.611717 0.544735 0.612453 0.516875 0.610980 0.544735 0.612453 0.547458 0.712453 0.558874 0.819906 0.516875 0.610980 0.524297 0.710181 0.540576 0.806346
8 0.531770 0.463857 0.530463 0.611147 0.544315 0.612001 0.516611 0.610292 0.544315 0.612001 0.547078 0.712545 0.558686 0.819868 0.516611 0.610292 0.523864 0.709686 0.541003 0.805617
9 0.531200 0.463647 0.529674 0.610424 0.543724 0.611504 0.515624 0.609345 0.543724 0.611504 0.547206 0.712202 0.557831 0.819466 0.515624 0.609345 0.524244 0.707695 0.541599 0.804282
10 0.531114 0.463655 0.529616 0.609057 0.543803 0.610287 0.515429 0.607827 0.543803 0.610287 0.547222 0.710321 0.553987 0.816157 0.515429 0.607827 0.526333 0.705856 0.543261 0.803049
11 0.530965 0.463274 0.530330 0.604272 0.544491 0.605142 0.516169 0.603401 0.544491 0.605142 0.546108 0.705707 0.548037 0.812153 0.516169 0.603401 0.528261 0.701650 0.544065 0.802875
12 0.530968 0.463608 0.530689 0.602123 0.545201 0.603241 0.516177 0.601006 0.545201 0.603241 0.545050 0.704380 0.543140 0.809159 0.516177 0.601006 0.528062 0.701457 0.548400 0.804993
13 0.530489 0.463462 0.530854 0.600920 0.545803 0.602119 0.515906 0.599722 0.545803 0.602119 0.544874 0.704031 0.541513 0.807849 0.515906 0.599722 0.527575 0.699784 0.547756 0.803859
14 0.530405 0.463431 0.530465 0.600288 0.545814 0.601866 0.515115 0.598710 0.545814 0.601866 0.543522 0.704035 0.543150 0.809010 0.515115 0.598710 0.524127 0.698950 0.541843 0.798193
15 0.530291 0.463462 0.528930 0.600817 0.545353 0.602195 0.512508 0.599439 0.545353 0.602195 0.543457 0.704537 0.544177 0.809654 0.512508 0.599439 0.520575 0.699693 0.540372 0.798321
16 0.530289 0.463703 0.528887 0.601064 0.545195 0.602612 0.512578 0.599515 0.545195 0.602612 0.543559 0.704308 0.546571 0.810767 0.512578 0.599515 0.520546 0.700097 0.539751 0.800658
17 0.530330 0.464113 0.528823 0.601318 0.545029 0.602764 0.512616 0.599872 0.545029 0.602764 0.543511 0.704063 0.546893 0.810926 0.512616 0.599872 0.520205 0.700368 0.540266 0.800751
18 0.530396 0.464283 0.528810 0.601707 0.544961 0.602891 0.512660 0.600524 0.544961 0.602891 0.543571 0.704272 0.547731 0.811986 0.512660 0.600524 0.520388 0.700998 0.540874 0.800849
19 0.530432 0.464468 0.528833 0.602084 0.544906 0.602983 0.512761 0.601185 0.544906 0.602983 0.543666 0.704276 0.548507 0.812741 0.512761 0.601185 0.520056 0.701205 0.540974 0.801511
20 0.530423 0.464852 0.528960 0.602128 0.544966 0.602946 0.512953 0.601310 0.544966 0.602946 0.543958 0.702407 0.548698 0.812814 0.512953 0.601310 0.519905 0.699972 0.537755 0.797736
21 0.530436 0.465082 0.529385 0.602257 0.545272 0.603112 0.513498 0.601401 0.545272 0.603112 0.545088 0.702497 0.549647 0.813753 0.513498 0.601401 0.519790 0.699569 0.539032 0.798006
22 0.530441 0.465282 0.530733 0.602526 0.545928 0.603233 0.515537 0.601819 0.545928 0.603233 0.546069 0.702724 0.549843 0.813805 0.515537 0.601819 0.520716 0.699527 0.539225 0.798410
23 0.530517 0.465273 0.532414 0.602368 0.546848 0.602877 0.517979 0.601858 0.546848 0.602877 0.546971 0.702900 0.549866 0.813683 0.517979 0.601858 0.522627 0.699567 0.540306 0.800778
24 0.530754 0.465868 0.533357 0.602137 0.547826 0.602399 0.518887 0.601875 0.547826 0.602399 0.547766 0.702870 0.549982 0.813178 0.518887 0.601875 0.522706 0.699059 0.540043 0.801191
25 0.530923 0.465829 0.533613 0.598347 0.548446 0.597938 0.518781 0.598756 0.548446 0.597938 0.548264 0.702370 0.549804 0.811783 0.518781 0.598756 0.515980 0.696100 0.534387 0.795986
26 0.531163 0.465774 0.532680 0.597235 0.547472 0.597497 0.517888 0.596974 0.547472 0.597497 0.547890 0.701736 0.548937 0.809486 0.517888 0.596974 0.514898 0.695225 0.524618 0.789241
27 0.531308 0.465736 0.530692 0.597858 0.545400 0.598324 0.515984 0.597393 0.545400 0.598324 0.547792 0.702343 0.541950 0.805417 0.515984 0.597393 0.514802 0.695585 0.533382 0.791302
28 0.531374 0.465857 0.530180 0.596718 0.545190 0.597539 0.515170 0.595897 0.545190 0.597539 0.547451 0.702375 0.541933 0.806013 0.515170 0.595897 0.514545 0.695790 0.539541 0.792673
29 0.531433 0.465911 0.529759 0.596906 0.545131 0.597707 0.514388 0.596104 0.545131 0.597707 0.547496 0.702866 0.541861 0.806257 0.514388 0.596104 0.515019 0.695863 0.542132 0.793193
30 0.531361 0.465905 0.529644 0.597285 0.545138 0.598290 0.514149 0.596280 0.545138 0.598290 0.548279 0.702890 0.539707 0.805560 0.514149 0.596280 0.521071 0.697637 0.549568 0.802518
31 0.530878 0.465657 0.528106 0.597693 0.544145 0.598908 0.512067 0.596477 0.544145 0.598908 0.549697 0.702913 0.543772 0.806961 0.512067 0.596477 0.523953 0.703557 0.547540 0.802648
32 0.530276 0.465728 0.526886 0.598245 0.543017 0.599657 0.510755 0.596834 0.543017 0.599657 0.549572 0.702830 0.552636 0.811226 0.510755 0.596834 0.523554 0.703363 0.544440 0.804934
33 0.530188 0.465526 0.525157 0.601510 0.541041 0.603234 0.509272 0.599785 0.541041 0.603234 0.548684 0.705940 0.553961 0.814358 0.509272 0.599785 0.523256 0.703862 0.543021 0.804810
34 0.530300 0.465773 0.523064 0.602142 0.538953 0.604495 0.507174 0.599790 0.538953 0.604495 0.548556 0.706445 0.555212 0.815868 0.507174 0.599790 0.523044 0.703787 0.541884 0.804675
35 0.530383 0.466558 0.522524 0.605848 0.539028 0.609026 0.506021 0.602671 0.539028 0.609026 0.549849 0.711375 0.557652 0.819009 0.506021 0.602671 0.523825 0.707056 0.541667 0.807255
36 0.531489 0.466961 0.522972 0.606670 0.539227 0.610200 0.506717 0.603141 0.539227 0.610200 0.547144 0.710742 0.556360 0.819192 0.506717 0.603141 0.523719 0.706563 0.541618 0.806835
37 0.532090 0.467031 0.523157 0.605738 0.539483 0.609501 0.506831 0.601975 0.539483 0.609501 0.544444 0.706045 0.555964 0.818794 0.506831 0.601975 0.523654 0.703844 0.541607 0.806629
38 0.532617 0.467096 0.523323 0.603870 0.539521 0.607608 0.507126 0.600132 0.539521 0.607608 0.543893 0.704993 0.555385 0.818398 0.507126 0.600132 0.521052 0.704522 0.540166 0.806449
39 0.533259 0.467944 0.523674 0.604760 0.539673 0.607997 0.507675 0.601523 0.539673 0.607997 0.544156 0.706701 0.555802 0.818874 0.507675 0.601523 0.520049 0.708124 0.539092 0.805993
40 0.533906 0.468327 0.525597 0.604662 0.541241 0.607820 0.509952 0.601503 0.541241 0.607820 0.544285 0.707833 0.555486 0.818740 0.509952 0.601503 0.521087 0.707780 0.539130 0.805892
41 0.534073 0.468310 0.527014 0.605418 0.542764 0.609092 0.511265 0.601744 0.542764 0.609092 0.546178 0.711369 0.556566 0.818826 0.511265 0.601744 0.521282 0.707583 0.539128 0.805305
42 0.534260 0.468648 0.527480 0.606028 0.543559 0.610209 0.511401 0.601848 0.543559 0.610209 0.549250 0.713654 0.557204 0.818698 0.511401 0.601848 0.521367 0.712425 0.539131 0.805835
43 0.534367 0.468787 0.527580 0.607252 0.543857 0.611899 0.511302 0.602606 0.543857 0.611899 0.549516 0.714751 0.557024 0.818657 0.511302 0.602606 0.521365 0.715651 0.539140 0.805865
44 0.534371 0.469230 0.527578 0.607120 0.544052 0.611580 0.511105 0.602660 0.544052 0.611580 0.549362 0.715093 0.556901 0.818615 0.511105 0.602660 0.520826 0.714172 0.539461 0.805818
45 0.534704 0.469454 0.527176 0.607772 0.544012 0.612434 0.510340 0.603110 0.544012 0.612434 0.549544 0.716071 0.556765 0.818518 0.510340 0.603110 0.521420 0.714036 0.539935 0.806807
46 0.534953 0.469935 0.526408 0.607850 0.543611 0.612622 0.509204 0.603078 0.543611 0.612622 0.549525 0.716787 0.556633 0.818558 0.509204 0.603078 0.521601 0.715128 0.539957 0.806996
47 0.535633 0.470443 0.526336 0.607426 0.543561 0.612392 0.509110 0.602461 0.543561 0.612392 0.549450 0.717345 0.557080 0.819529 0.509110 0.602461 0.521576 0.714865 0.539978 0.807475
48 0.535898 0.470542 0.526010 0.607329 0.542959 0.612355 0.509061 0.602303 0.542959 0.612355 0.549404 0.716983 0.557009 0.819475 0.509061 0.602303 0.521204 0.714756 0.540008 0.806748
49 0.536261 0.470569 0.525935 0.607477 0.542657 0.612180 0.509212 0.602773 0.542657 0.612180 0.549368 0.716804 0.556896 0.819475 0.509212 0.602773 0.521805 0.714417 0.540028 0.806739
50 0.536578 0.470426 0.526526 0.605025 0.542785 0.608801 0.510267 0.601249 0.542785 0.608801 0.548797 0.714399 0.556441 0.819434 0.510267 0.601249 0.521806 0.709562 0.540027 0.806730
51 0.537134 0.470173 0.527058 0.603894 0.543342 0.607659 0.510773 0.600129 0.543342 0.607659 0.547970 0.714157 0.556391 0.819122 0.510773 0.600129 0.522907 0.708928 0.540027 0.806501
52 0.537309 0.469539 0.525587 0.603988 0.541726 0.607749 0.509449 0.600226 0.541726 0.607749 0.546458 0.713495 0.556383 0.819039 0.509449 0.600226 0.520172 0.706580 0.539852 0.804335
53 0.537438 0.469686 0.525255 0.604038 0.541371 0.607789 0.509139 0.600287 0.541371 0.607789 0.545730 0.712851 0.553203 0.818736 0.509139 0.600287 0.518083 0.706652 0.540224 0.801622
54 0.537715 0.469635 0.525204 0.604072 0.541260 0.607849 0.509147 0.600296 0.541260 0.607849 0.545715 0.711237 0.550111 0.817760 0.509147 0.600296 0.518278 0.706838 0.540762 0.801796
55 0.537873 0.469694 0.525163 0.604437 0.541102 0.608032 0.509224 0.600843 0.541102 0.608032 0.545714 0.709938 0.549545 0.816842 0.509224 0.600843 0.518444 0.706861 0.541559 0.801846
56 0.537889 0.469545 0.525117 0.603659 0.541008 0.607434 0.509227 0.599884 0.541008 0.607434 0.545973 0.709885 0.549910 0.816421 0.509227 0.599884 0.518491 0.706833 0.541680 0.801921
57 0.537857 0.469315 0.525450 0.603405 0.541036 0.606971 0.509865 0.599839 0.541036 0.606971 0.546271 0.709143 0.550192 0.815836 0.509865 0.599839 0.518926 0.706457 0.542188 0.801767
58 0.537641 0.469217 0.526078 0.602583 0.541501 0.605719 0.510656 0.599447 0.541501 0.605719 0.547320 0.709011 0.550283 0.815619 0.510656 0.599447 0.520478 0.706245 0.542597 0.801962
59 0.537535 0.469344 0.528119 0.599888 0.543507 0.601476 0.512732 0.598299 0.543507 0.601476 0.548480 0.706516 0.550451 0.815562 0.512732 0.598299 0.520858 0.705360 0.542788 0.802877
60 0.537759 0.469297 0.531273 0.596907 0.546584 0.596774 0.515962 0.597040 0.546584 0.596774 0.550130 0.704910 0.551288 0.818106 0.515962 0.597040 0.521105 0.704884 0.542728 0.804766
61 0.537769 0.469211 0.532956 0.598094 0.548387 0.598059 0.517525 0.598129 0.548387 0.598059 0.551864 0.705252 0.553602 0.819181 0.517525 0.598129 0.522092 0.705725 0.542178 0.805611
62 0.537826 0.468819 0.533433 0.599367 0.548580 0.598849 0.518285 0.599886 0.548580 0.598849 0.552042 0.705946 0.555376 0.819397 0.518285 0.599886 0.521953 0.705768 0.541391 0.805806
63 0.537797 0.468055 0.533210 0.601264 0.548286 0.599797 0.518133 0.602731 0.548286 0.599797 0.552296 0.706499 0.556182 0.819339 0.518133 0.602731 0.521832 0.706824 0.540677 0.805790
64 0.537843 0.467566 0.532844 0.601814 0.547992 0.600198 0.517696 0.603430 0.547992 0.600198 0.552527 0.707238 0.557060 0.819282 0.517696 0.603430 0.521825 0.707269 0.539827 0.805785
65 0.537983 0.467560 0.532659 0.601868 0.547791 0.600342 0.517527 0.603393 0.547791 0.600342 0.552375 0.707348 0.557406 0.819548 0.517527 0.603393 0.521788 0.707251 0.539562 0.806154
66 0.538213 0.467757 0.532665 0.601910 0.547855 0.600491 0.517475 0.603329 0.547855 0.600491 0.552287 0.708442 0.557488 0.819769 0.517475 0.603329 0.521348 0.707459 0.538594 0.806219
67 0.538217 0.467725 0.532417 0.602305 0.547827 0.601068 0.517007 0.603541 0.547827 0.601068 0.552150 0.709631 0.557481 0.819897 0.517007 0.603541 0.518988 0.708585 0.537561 0.805937
68 0.538177 0.467750 0.532066 0.602336 0.547780 0.601256 0.516351 0.603416 0.547780 0.601256 0.552053 0.709433 0.557386 0.819985 0.516351 0.603416 0.518242 0.708095 0.537256 0.805464
69 0.538163 0.467781 0.532035 0.601007 0.547811 0.600139 0.516258 0.601876 0.547811 0.600139 0.551785 0.705715 0.556565 0.818101 0.516258 0.601876 0.518861 0.708089 0.537364 0.804605
70 0.538185 0.467854 0.532342 0.601197 0.548160 0.600326 0.516524 0.602068 0.548160 0.600326 0.551737 0.704890 0.555471 0.816844 0.516524 0.602068 0.520293 0.708597 0.538459 0.804648
71 0.538225 0.467947 0.532759 0.601282 0.548378 0.600500 0.517140 0.602064 0.548378 0.600500 0.551702 0.704950 0.554990 0.816231 0.517140 0.602064 0.521515 0.708563 0.538807 0.802995
72 0.538137 0.467829 0.533185 0.600104 0.548711 0.599632 0.517659 0.600575 0.548711 0.599632 0.551780 0.704577 0.554268 0.815884 0.517659 0.600575 0.523944 0.708174 0.540382 0.803259
73 0.538011 0.467565 0.533936 0.599243 0.549228 0.598893 0.518643 0.599592 0.549228 0.598893 0.551950 0.704582 0.553419 0.815784 0.518643 0.599592 0.525834 0.707232 0.542017 0.804776
74 0.537979 0.467460 0.534548 0.598444 0.549414 0.597960 0.519681 0.598927 0.549414 0.597960 0.551938 0.704586 0.551982 0.815512 0.519681 0.598927 0.527398 0.706965 0.544085 0.807039
75 0.537935 0.467588 0.534799 0.596986 0.549649 0.596633 0.519949 0.597340 0.549649 0.596633 0.551925 0.704238 0.551164 0.814182 0.519949 0.597340 0.530266 0.705807 0.544536 0.807832
76 0.537998 0.468006 0.534832 0.597347 0.549645 0.596904 0.520018 0.597791 0.549645 0.596904 0.551830 0.704757 0.551175 0.814206 0.520018 0.597791 0.529290 0.705695 0.544829 0.808240
77 0.537955 0.468322 0.534965 0.597440 0.549800 0.597033 0.520131 0.597848 0.549800 0.597033 0.551230 0.704973 0.551223 0.814270 0.520131 0.597848 0.529193 0.705273 0.544973 0.808327
78 0.538049 0.468816 0.535237 0.597560 0.550078 0.597185 0.520396 0.597935 0.550078 0.597185 0.551307 0.705025 0.552356 0.814456 0.520396 0.597935 0.528413 0.705121 0.544449 0.808175
79 0.537960 0.469073 0.535192 0.598025 0.550071 0.597997 0.520312 0.598053 0.550071 0.597997 0.551207 0.706740 0.552370 0.815164 0.520312 0.598053 0.528242 0.705508 0.544342 0.806953
80 0.538058 0.469657 0.534861 0.600936 0.549578 0.601940 0.520143 0.599932 0.549578 0.601940 0.551015 0.708408 0.552415 0.816174 0.520143 0.599932 0.525263 0.705768 0.543943 0.805445
81 0.538293 0.470277 0.534756 0.601270 0.549424 0.602158 0.520087 0.600382 0.549424 0.602158 0.550737 0.708466 0.552427 0.816896 0.520087 0.600382 0.524645 0.706161 0.543917 0.805381
82 0.538506 0.470956 0.534420 0.602425 0.549232 0.602892 0.519608 0.601958 0.549232 0.602892 0.550644 0.708614 0.553095 0.818685 0.519608 0.601958 0.523932 0.707070 0.543163 0.805057
83 0.538492 0.471044 0.533136 0.605126 0.548305 0.605280 0.517968 0.604973 0.548305 0.605280 0.550327 0.710644 0.554158 0.819315 0.517968 0.604973 0.522260 0.708945 0.541522 0.805067
84 0.538310 0.470849 0.532202 0.605935 0.547839 0.605905 0.516566 0.605965 0.547839 0.605905 0.550046 0.710923 0.555284 0.819720 0.516566 0.605965 0.520879 0.709122 0.540147 0.805201
85 0.537918 0.470505 0.531107 0.605657 0.547109 0.605631 0.515106 0.605683 0.547109 0.605631 0.549505 0.711291 0.555338 0.820239 0.515106 0.605683 0.520930 0.709099 0.539688 0.806034
86 0.537529 0.470540 0.531092 0.606832 0.547112 0.606376 0.515072 0.607288 0.547112 0.606376 0.549420 0.714100 0.555322 0.822002 0.515072 0.607288 0.520325 0.709492 0.539145 0.806067
87 0.537275 0.469639 0.530967 0.607012 0.546949 0.606769 0.514986 0.607254 0.546949 0.606769 0.549341 0.715351 0.556022 0.822591 0.514986 0.607254 0.519156 0.709704 0.538411 0.806891
88 0.536995 0.468937 0.529725 0.607920 0.545992 0.608066 0.513459 0.607774 0.545992 0.608066 0.549253 0.716095 0.556426 0.823954 0.513459 0.607774 0.518641 0.710848 0.538107 0.806884
89 0.536934 0.468987 0.528736 0.608414 0.545500 0.609015 0.511971 0.607814 0.545500 0.609015 0.549217 0.717394 0.556671 0.824312 0.511971 0.607814 0.518864 0.711489 0.537925 0.807216
90 0.537167 0.469575 0.529209 0.609269 0.545565 0.610461 0.512853 0.608078 0.545565 0.610461 0.549216 0.717974 0.556619 0.824099 0.512853 0.608078 0.524771 0.714350 0.537860 0.807507
91 0.537861 0.469388 0.532672 0.608899 0.545965 0.610194 0.519379 0.607605 0.545965 0.610194 0.548913 0.717744 0.556823 0.823959 0.519379 0.607605 0.531736 0.714551 0.539274 0.809482
92 0.537536 0.469417 0.533836 0.609521 0.546724 0.610708 0.520948 0.608334 0.546724 0.610708 0.549035 0.718716 0.558330 0.824579 0.520948 0.608334 0.530386 0.714292 0.539282 0.809764
93 0.537337 0.469455 0.534118 0.612041 0.546884 0.613123 0.521352 0.610959 0.546884 0.613123 0.549071 0.719104 0.558776 0.824527 0.521352 0.610959 0.529290 0.714155 0.539119 0.809899
94 0.537287 0.469879 0.534262 0.611882 0.547000 0.612868 0.521524 0.610896 0.547000 0.612868 0.549069 0.718990 0.558932 0.824441 0.521524 0.610896 0.528665 0.713887 0.539142 0.809898
95 0.536345 0.470247 0.534260 0.611690 0.547200 0.612708 0.521320 0.610672 0.547200 0.612708 0.549262 0.718778 0.558987 0.824378 0.521320 0.610672 0.528358 0.713805 0.539204 0.809936
96 0.535776 0.469970 0.534245 0.611556 0.547236 0.612577 0.521254 0.610534 0.547236 0.612577 0.549850 0.718632 0.558929 0.824326 0.521254 0.610534 0.528171 0.713843 0.539301 0.810043
97 0.535663 0.470225 0.534171 0.611419 0.547241 0.612541 0.521100 0.610297 0.547241 0.612541 0.550247 0.718593 0.559058 0.824383 0.521100 0.610297 0.528013 0.713882 0.539402 0.810092
98 0.535495 0.470422 0.534154 0.611252 0.547340 0.612315 0.520969 0.610189 0.547340 0.612315 0.550462 0.718570 0.559035 0.824208 0.520969 0.610189 0.527951 0.713929 0.539502 0.810070
99 0.535176 0.471786 0.534192 0.611495 0.547481 0.612599 0.520903 0.610390 0.547481 0.612599 0.550466 0.719114 0.559037 0.824181 0.520903 0.610390 0.527880 0.715085 0.539516 0.810034
100 0.534571 0.472475 0.533535 0.611543 0.546456 0.612773 0.520614 0.610313 0.546456 0.612773 0.548861 0.719093 0.559008 0.823793 0.520614 0.610313 0.527788 0.715048 0.539524 0.809761
101 0.534198 0.472701 0.532230 0.611716 0.545307 0.613173 0.519153 0.610259 0.545307 0.613173 0.547440 0.719319 0.558941 0.823781 0.519153 0.610259 0.527760 0.715947 0.539530 0.809750
102 0.531885 0.472134 0.530961 0.611759 0.544598 0.613291 0.517324 0.610228 0.544598 0.613291 0.546013 0.719741 0.558062 0.823769 0.517324 0.610228 0.527301 0.716687 0.539817 0.809874
103 0.532084 0.472537 0.530597 0.613235 0.544281 0.615026 0.516913 0.611444 0.544281 0.615026 0.544544 0.721069 0.557984 0.824216 0.516913 0.611444 0.527100 0.717811 0.539868 0.810495
104 0.532138 0.470613 0.530678 0.613296 0.544370 0.615076 0.516985 0.611515 0.544370 0.615076 0.541543 0.720978 0.557068 0.824212 0.516985 0.611515 0.527035 0.718046 0.539888 0.811050
105 0.532402 0.470711 0.530488 0.613435 0.544018 0.615343 0.516959 0.611527 0.544018 0.615343 0.540422 0.721353 0.554196 0.823713 0.516959 0.611527 0.527001 0.718308 0.539727 0.811413
106 0.532173 0.471339 0.530482 0.613525 0.544076 0.615526 0.516887 0.611524 0.544076 0.615526 0.540272 0.722430 0.549981 0.823921 0.516887 0.611524 0.526462 0.718757 0.538358 0.812132
107 0.531390 0.471100 0.530365 0.613534 0.543997 0.615554 0.516733 0.611513 0.543997 0.615554 0.539519 0.723286 0.544684 0.825030 0.516733 0.611513 0.525913 0.718909 0.537024 0.812350
108 0.530461 0.471250 0.530226 0.613518 0.543834 0.615517 0.516617 0.611518 0.543834 0.615517 0.538164 0.723141 0.539590 0.825007 0.516617 0.611518 0.525648 0.718924 0.535040 0.812348
109 0.530547 0.471745 0.529725 0.616222 0.542971 0.618228 0.516480 0.614217 0.542971 0.618228 0.536548 0.725088 0.533365 0.827511 0.516480 0.614217 0.525473 0.720234 0.534446 0.812298
110 0.530646 0.472149 0.529462 0.618297 0.542371 0.620010 0.516552 0.616584 0.542371 0.620010 0.534014 0.726685 0.527843 0.833449 0.516552 0.616584 0.525375 0.721913 0.533683 0.817279
111 0.530232 0.473017 0.528951 0.620502 0.541672 0.622298 0.516229 0.618707 0.541672 0.622298 0.531498 0.729436 0.523207 0.838504 0.516229 0.618707 0.525370 0.725564 0.533647 0.820533
112 0.529556 0.473773 0.528397 0.620802 0.541656 0.622300 0.515137 0.619304 0.541656 0.622300 0.529197 0.729278 0.520187 0.839127 0.515137 0.619304 0.525331 0.726987 0.532996 0.820235
113 0.529113 0.475090 0.527766 0.621635 0.541585 0.623051 0.513946 0.620219 0.541585 0.623051 0.527132 0.729780 0.517788 0.840679 0.513946 0.620219 0.525084 0.728110 0.532589 0.820071
114 0.529111 0.478227 0.526262 0.624255 0.540570 0.626135 0.511953 0.622376 0.540570 0.626135 0.526254 0.731293 0.516312 0.842250 0.511953 0.622376 0.524836 0.729416 0.532141 0.819734
115 0.528635 0.480634 0.524728 0.625555 0.539328 0.627198 0.510127 0.623911 0.539328 0.627198 0.525346 0.733168 0.515800 0.844851 0.510127 0.623911 0.524024 0.732251 0.530902 0.822821
116 0.527806 0.485184 0.524172 0.629156 0.538650 0.630397 0.509695 0.627914 0.538650 0.630397 0.524277 0.735362 0.514807 0.847853 0.509695 0.627914 0.523573 0.735032 0.531166 0.822564
117 0.526974 0.489083 0.523202 0.633266 0.537851 0.634677 0.508553 0.631856 0.537851 0.634677 0.524077 0.741170 0.514175 0.852120 0.508553 0.631856 0.522538 0.738451 0.530880 0.822945
118 0.526470 0.491164 0.522258 0.636959 0.537471 0.638810 0.507044 0.635107 0.537471 0.638810 0.524211 0.747185 0.514008 0.854841 0.507044 0.635107 0.520910 0.743313 0.526329 0.831180
119 0.526486 0.492130 0.521303 0.640433 0.536679 0.642316 0.505926 0.638551 0.536679 0.642316 0.524097 0.752780 0.513899 0.857659 0.505926 0.638551 0.520348 0.749631 0.526850 0.836375
120 0.526311 0.492078 0.519680 0.642368 0.535220 0.644807 0.504140 0.639930 0.535220 0.644807 0.523881 0.756043 0.514165 0.857785 0.504140 0.639930 0.518026 0.754434 0.523601 0.839093
121 0.526316 0.492626 0.518832 0.644586 0.535025 0.646711 0.502638 0.642461 0.535025 0.646711 0.522497 0.756986 0.514065 0.858116 0.502638 0.642461 0.514206 0.755637 0.523467 0.816464
122 0.526465 0.493611 0.517678 0.648376 0.534738 0.651484 0.500617 0.645268 0.534738 0.651484 0.522622 0.764157 0.513327 0.863253 0.500617 0.645268 0.507165 0.757482 0.520514 0.816254
123 0.526160 0.494538 0.516987 0.648734 0.534782 0.651844 0.499193 0.645624 0.534782 0.651844 0.522662 0.762851 0.512880 0.862383 0.499193 0.645624 0.500202 0.755740 0.516973 0.808322
124 0.525478 0.495250 0.516662 0.649742 0.534711 0.652461 0.498612 0.647024 0.534711 0.652461 0.522931 0.766232 0.512832 0.862308 0.498612 0.647024 0.497951 0.759691 0.506931 0.810896
125 0.525104 0.495600 0.515740 0.648874 0.534423 0.651579 0.497058 0.646168 0.534423 0.651579 0.523027 0.765888 0.511692 0.861333 0.497058 0.646168 0.495134 0.761062 0.502374 0.820003
126 0.524901 0.496701 0.514552 0.647804 0.533733 0.650545 0.495371 0.645062 0.533733 0.650545 0.523153 0.764961 0.511990 0.860638 0.495371 0.645062 0.494030 0.760666 0.501885 0.834441
127 0.524427 0.498297 0.514209 0.648046 0.533632 0.650797 0.494785 0.645296 0.533632 0.650797 0.523245 0.766314 0.512149 0.862974 0.494785 0.645296 0.494388 0.762226 0.498226 0.855952
128 0.523921 0.501098 0.514488 0.649929 0.533716 0.652164 0.495261 0.647694 0.533716 0.652164 0.523336 0.769705 0.512946 0.865956 0.495261 0.647694 0.494758 0.768830 0.493841 0.872897
129 0.523535 0.504764 0.514736 0.654694 0.533751 0.656921 0.495721 0.652468 0.533751 0.656921 0.522972 0.773095 0.513096 0.867028 0.495721 0.652468 0.495264 0.774851 0.491597 0.886693
130 0.522997 0.508505 0.514904 0.657737 0.533928 0.659325 0.495880 0.656149 0.533928 0.659325 0.522698 0.775323 0.513136 0.866425 0.495880 0.656149 0.496356 0.779442 0.493522 0.899283
131 0.522223 0.512187 0.515060 0.664761 0.533992 0.666023 0.496127 0.663499 0.533992 0.666023 0.521867 0.778291 0.512858 0.865838 0.496127 0.663499 0.497045 0.786861 0.496333 0.907183
132 0.521749 0.517751 0.515678 0.672803 0.534563 0.673347 0.496792 0.672259 0.534563 0.673347 0.521104 0.785596 0.511482 0.867149 0.496792 0.672259 0.498217 0.797604 0.499840 0.916755
133 0.521090 0.524437 0.515805 0.685260 0.534681 0.685451 0.496929 0.685069 0.534681 0.685451 0.520120 0.797579 0.511599 0.867582 0.496929 0.685069 0.500402 0.811916 0.503869 0.941890
134 0.520133 0.528069 0.516313 0.692447 0.535104 0.691806 0.497521 0.693088 0.535104 0.691806 0.519626 0.807304 0.511695 0.867282 0.497521 0.693088 0.502979 0.821724 0.508635 0.953722
135 0.519300 0.531902 0.516341 0.701265 0.535108 0.701673 0.497574 0.700856 0.535108 0.701673 0.519298 0.816552 0.512598 0.870115 0.497574 0.700856 0.504929 0.831177 0.510836 0.963817
136 0.518216 0.535808 0.516714 0.707842 0.535716 0.706709 0.497713 0.708975 0.535716 0.706709 0.523279 0.818513 0.513847 0.880676 0.497713 0.708975 0.506935 0.839896 0.512538 0.970185
137 0.517407 0.536493 0.516913 0.705872 0.536053 0.704275 0.497774 0.707470 0.536053 0.704275 0.532627 0.814634 0.515667 0.880595 0.497774 0.707470 0.507401 0.842146 0.512404 0.965026
138 0.516932 0.537777 0.517179 0.705233 0.536602 0.703215 0.497755 0.707252 0.536602 0.703215 0.539333 0.816215 0.520176 0.879015 0.497755 0.707252 0.507407 0.840128 0.512405 0.960917
139 0.516372 0.536820 0.516883 0.707505 0.536615 0.705056 0.497152 0.709955 0.536615 0.705056 0.543777 0.818325 0.525061 0.877480 0.497152 0.709955 0.507272 0.841618 0.512161 0.955817
140 0.516373 0.535465 0.517192 0.710404 0.537192 0.707933 0.497192 0.712875 0.537192 0.707933 0.545769 0.824249 0.530055 0.880106 0.497192 0.712875 0.507245 0.844303 0.512014 0.953831
141 0.515865 0.536845 0.517743 0.713796 0.538337 0.711428 0.497150 0.716164 0.538337 0.711428 0.546707 0.834603 0.533430 0.906672 0.497150 0.716164 0.506692 0.848662 0.511816 0.955215
142 0.515826 0.538412 0.518098 0.717874 0.539124 0.716213 0.497072 0.719534 0.539124 0.716213 0.545021 0.851759 0.539226 0.963544 0.497072 0.719534 0.506555 0.855186 0.511675 0.969510
143 0.515983 0.540746 0.518171 0.721195 0.539344 0.720209 0.496998 0.722181 0.539344 0.720209 0.543888 0.857615 0.542503 0.971909 0.496998 0.722181 0.506505 0.857458 0.511629 0.972500
144 0.516406 0.543749 0.518073 0.725351 0.539292 0.725260 0.496854 0.725442 0.539292 0.725260 0.542830 0.862024 0.545196 0.977774 0.496854 0.725442 0.506483 0.859770 0.511446 0.973747
145 0.516806 0.551918 0.518039 0.737566 0.539266 0.737421 0.496813 0.737711 0.539266 0.737421 0.542238 0.872067 0.546147 0.985631 0.496813 0.737711 0.506464 0.867714 0.511420 0.977233
146 0.517114 0.560915 0.518043 0.746910 0.539225 0.747010 0.496862 0.746809 0.539225 0.747010 0.541832 0.883496 0.544301 0.991875 0.496862 0.746809 0.506413 0.875526 0.510989 0.978160
147 0.518383 0.569905 0.518090 0.753971 0.539237 0.754391 0.496943 0.753551 0.539237 0.754391 0.541581 0.889984 0.542737 0.989288 0.496943 0.753551 0.506368 0.881020 0.510794 0.974666
148 0.520931 0.576145 0.518542 0.761233 0.539766 0.761814 0.497318 0.760651 0.539766 0.761814 0.541395 0.899583 0.541699 0.994662 0.497318 0.760651 0.506369 0.887096 0.510543 0.973728
149 0.524572 0.580377 0.519646 0.766499 0.541134 0.767295 0.498158 0.765703 0.541134 0.767295 0.542577 0.902633 0.541054 0.988725 0.498158 0.765703 0.506226 0.888550 0.510164 0.972302
150 0.527632 0.583087 0.520096 0.773143 0.541898 0.775420 0.498294 0.770866 0.541898 0.775420 0.542868 0.912142 0.540980 1.016147 0.498294 0.770866 0.505961 0.889201 0.510021 0.972057
151 0.530298 0.585450 0.521320 0.777547 0.543680 0.780341 0.498959 0.774753 0.543680 0.780341 0.544417 0.918064 0.540480 1.031311 0.498959 0.774753 0.504822 0.894374 0.509997 0.972803
152 0.532777 0.586616 0.523438 0.780754 0.546456 0.784250 0.500420 0.777257 0.546456 0.784250 0.546311 0.924531 0.540299 1.027522 0.500420 0.777257 0.504405 0.902295 0.509936 0.976809
153 0.535304 0.589869 0.526705 0.785039 0.550035 0.788036 0.503375 0.782042 0.550035 0.788036 0.548759 0.927067 0.540018 1.028689 0.503375 0.782042 0.503677 0.906564 0.509921 0.981312
154 0.538540 0.592113 0.529203 0.790029 0.552987 0.793197 0.505419 0.786860 0.552987 0.793197 0.549183 0.939913 0.538483 1.056940 0.505419 0.786860 0.503295 0.922946 0.510001 0.988871
155 0.539742 0.594621 0.531581 0.797943 0.556681 0.800280 0.506482 0.795606 0.556681 0.800280 0.549210 0.959328 0.538453 1.084019 0.506482 0.795606 0.503313 0.950148 0.509944 1.013698
156 0.541457 0.596440 0.532484 0.802737 0.557042 0.806054 0.507925 0.799421 0.557042 0.806054 0.549154 0.956227 0.537200 1.082542 0.507925 0.799421 0.503583 0.950553 0.508508 1.019650
157 0.543131 0.599771 0.532802 0.804267 0.557490 0.808112 0.508113 0.800422 0.557490 0.808112 0.548959 0.951656 0.535539 1.066027 0.508113 0.800422 0.503992 0.950012 0.507042 1.042738
158 0.544145 0.603640 0.533496 0.808800 0.558298 0.812606 0.508694 0.804994 0.558298 0.812606 0.549076 0.952542 0.537666 1.065780 0.508694 0.804994 0.506762 0.951897 0.506576 1.056895
159 0.544980 0.610489 0.533649 0.815737 0.558256 0.819847 0.509041 0.811628 0.558256 0.819847 0.548020 0.963187 0.540595 1.084296 0.509041 0.811628 0.509815 0.960257 0.510950 1.081415
160 0.545030 0.617537 0.534326 0.821313 0.558898 0.824926 0.509754 0.817700 0.558898 0.824926 0.547386 0.967300 0.542624 1.084925 0.509754 0.817700 0.511886 0.963304 0.513836 1.089359
161 0.544348 0.624494 0.535714 0.827943 0.560462 0.830403 0.510966 0.825484 0.560462 0.830403 0.546421 0.974150 0.542747 1.096785 0.510966 0.825484 0.512748 0.968425 0.515628 1.096711
162 0.544186 0.633181 0.535615 0.838779 0.560621 0.841391 0.510608 0.836168 0.560621 0.841391 0.546345 0.983952 0.544887 1.111093 0.510608 0.836168 0.513304 0.975435 0.516046 1.110284
163 0.544101 0.640848 0.535338 0.847950 0.560312 0.850367 0.510364 0.845534 0.560312 0.850367 0.546664 0.989308 0.546692 1.119576 0.510364 0.845534 0.513163 0.982520 0.515725 1.120250
164 -1 -1 -1 -1 -1 -1 -1 -1 -1 -1 -1 -1 -1 -1 -1 -1 -1 -1 -1 -1
165 -1 -1 -1 -1 -1 -1 -1 -1 -1 -1 -1 -1 -1 -1 -1 -1 -1 -1 -1 -1
166 -1 -1 -1 -1 -1 -1 -1 -1 -1 -1 -1 -1 -1 -1 -1 -1 -1 -1 -1 -1
167 -1 -1 -1 -1 -1 -1 -1 -1 -1 -1 -1 -1 -1 -1 -1 -1 -1 -1 -1 -1
168 -1 -1 -1 -1 -1 -1 -1 -1 -1 -1 -1 -1 -1 -1 -1 -1 -1 -1 -1 -1
169 -1 -1 -1 -1 -1 -1 -1 -1 -1 -1 -1 -1 -1 -1 -1 -1 -1 -1 -1 -1
170 -1 -1 -1 -1 -1 -1 -1 -1 -1 -1 -1 -1 -1 -1 -1 -1 -1 -1 -1 -1
171 -1 -1 -1 -1 -1 -1 -1 -1 -1 -1 -1 -1 -1 -1 -1 -1 -1 -1 -1 -1
172 -1 -1 -1 -1 -1 -1 -1 -1 -1 -1 -1 -1 -1 -1 -1 -1 -1 -1 -1 -1
173 -1 -1 -1 -1 -1 -1 -1 -1 -1 -1 -1 -1 -1 -1 -1 -1 -1 -1 -1 -1
174 -1 -1 -1 -1 -1 -1 -1 -1 -1 -1 -1 -1 -1 -1 -1 -1 -1 -1 -1 -1
175 -1 -1 -1 -1 -1 -1 -1 -1 -1 -1 -1 -1 -1 -1 -1 -1 -1 -1 -1 -1
176 -1 -1 -1 -1 -1 -1 -1 -1 -1 -1 -1 -1 -1 -1 -1 -1 -1 -1 -1 -1
177 -1 -1 -1 -1 -1 -1 -1 -1 -1 -1 -1 -1 -1 -1 -1 -1 -1 -1 -1 -1
178 -1 -1 -1 -1 -1 -1 -1 -1 -1 -1 -1 -1 -1 -1 -1 -1 -1 -1 -1 -1
179 -1 -1 -1 -1 -1 -1 -1 -1 -1 -1 -1 -1 -1 -1 -1 -1 -1 -1 -1 -1
180 -1 -1 -1 -1 -1 -1 -1 -1 -1 -1 -1 -1 -1 -1 -1 -1 -1 -1 -1 -1
181 -1 -1 -1 -1 -1 -1 -1 -1 -1 -1 -1 -1 -1 -1 -1 -1 -1 -1 -1 -1
182 -1 -1 -1 -1 -1 -1 -1 -1 -1 -1 -1 -1 -1 -1 -1 -1 -1 -1 -1 -1
183 -1 -1 -1 -1 -1 -1 -1 -1 -1 -1 -1 -1 -1 -1 -1 -1 -1 -1 -1 -1
184 -1 -1 -1 -1 -1 -1 -1 -1 -1 -1 -1 -1 -1 -1 -1 -1 -1 -1 -1 -1
185 -1 -1 -1 -1 -1 -1 -1 -1 -1 -1 -1 -1 -1 -1 -1 -1 -1 -1 -1 -1
186 -1 -1 -1 -1 -1 -1 -1 -1 -1 -1 -1 -1 -1 -1 -1 -1 -1 -1 -1 -1
187 -1 -1 -1 -1 -1 -1 -1 -1 -1 -1 -1 -1 -1 -1 -1 -1 -1 -1 -1 -1
188 -1 -1 -1 -1 -1 -1 -1 -1 -1 -1 -1 -1 -1 -1 -1 -1 -1 -1 -1 -1
189 -1 -1 -1 -1 -1 -1 -1 -1 -1 -1 -1 -1 -1 -1 -1 -1 -1 -1 -1 -1
190 -1 -1 -1 -1 -1 -1 -1 -1 -1 -1 -1 -1 -1 -1 -1 -1 -1 -1 -1 -1
191 -1 -1 -1 -1 -1 -1 -1 -1 -1 -1 -1 -1 -1 -1 -1 -1 -1 -1 -1 -1
192 -1 -1 -1 -1 -1 -1 -1 -1 -1 -1 -1 -1 -1 -1 -1 -1 -1 -1 -1 -1
193 -1 -1 -1 -1 -1 -1 -1 -1 -1 -1 -1 -1 -1 -1 -1 -1 -1 -1 -1 -1
194 -1 -1 -1 -1 -1 -1 -1 -1 -1 -1 -1 -1 -1 -1 -1 -1 -1 -1 -1 -1
195 -1 -1 -1 -1 -1 -1 -1 -1 -1 -1 -1 -1 -1 -1 -1 -1 -1 -1 -1 -1
196 -1 -1 -1 -1 -1 -1 -1 -1 -1 -1 -1 -1 -1 -1 -1 -1 -1 -1 -1 -1
197 -1 -1 -1 -1 -1 -1 -1 -1 -1 -1 -1 -1 -1 -1 -1 -1 -1 -1 -1 -1
198 -1 -1 -1 -1 -1 -1 -1 -1 -1 -1 -1 -1 -1 -1 -1 -1 -1 -1 -1 -1
199 -1 -1 -1 -1 -1 -1 -1 -1 -1 -1 -1 -1 -1 -1 -1 -1 -1 -1 -1 -1
200 -1 -1 -1 -1 -1 -1 -1 -1 -1 -1 -1 -1 -1 -1 -1 -1 -1 -1 -1 -1
201 -1 -1 -1 -1 -1 -1 -1 -1 -1 -1 -1 -1 -1 -1 -1 -1 -1 -1 -1 -1
202 -1 -1 -1 -1 -1 -1 -1 -1 -1 -1 -1 -1 -1 -1 -1 -1 -1 -1 -1 -1
203 -1 -1 -1 -1 -1 -1 -1 -1 -1 -1 -1 -1 -1 -1 -1 -1 -1 -1 -1 -1
204 -1 -1 -1 -1 -1 -1 -1 -1 -1 -1 -1 -1 -1 -1 -1 -1 -1 -1 -1 -1
205 -1 -1 -1 -1 -1 -1 -1 -1 -1 -1 -1 -1 -1 -1 -1 -1 -1 -1 -1 -1
206 -1 -1 -1 -1 -1 -1 -1 -1 -1 -1 -1 -1 -1 -1 -1 -1 -1 -1 -1 -1
207 -1 -1 -1 -1 -1 -1 -1 -1 -1 -1 -1 -1 -1 -1 -1 -1 -1 -1 -1 -1
208 -1 -1 -1 -1 -1 -1 -1 -1 -1 -1 -1 -1 -1 -1 -1 -1 -1 -1 -1 -1
209 -1 -1 -1 -1 -1 -1 -1 -1 -1 -1 -1 -1 -1 -1 -1 -1 -1 -1 -1 -1
210 -1 -1 -1 -1 -1 -1 -1 -1 -1 -1 -1 -1 -1 -1 -1 -1 -1 -1 -1 -1
211 -1 -1 -1 -1 -1 -1 -1 -1 -1 -1 -1 -1 -1 -1 -1 -1 -1 -1 -1 -1
212 -1 -1 -1 -1 -1 -1 -1 -1 -1 -1 -1 -1 -1 -1 -1 -1 -1 -1 -1 -1
213 -1 -1 -1 -1 -1 -1 -1 -1 -1 -1 -1 -1 -1 -1 -1 -1 -1 -1 -1 -1
214 -1 -1 -1 -1 -1 -1 -1 -1 -1 -1 -1 -1 -1 -1 -1 -1 -1 -1 -1 -1
215 -1 -1 -1 -1 -1 -1 -1 -1 -1 -1 -1 -1 -1 -1 -1 -1 -1 -1 -1 -1
216 -1 -1 -1 -1 -1 -1 -1 -1 -1 -1 -1 -1 -1 -1 -1 -1 -1 -1 -1 -1
217 -1 -1 -1 -1 -1 -1 -1 -1 -1 -1 -1 -1 -1 -1 -1 -1 -1 -1 -1 -1
218 -1 -1 -1 -1 -1 -1 -1 -1 -1 -1 -1 -1 -1 -1 -1 -1 -1 -1 -1 -1
219 -1 -1 -1 -1 -1 -1 -1 -1 -1 -1 -1 -1 -1 -1 -1 -1 -1 -1 -1 -1
220 -1 -1 -1 -1 -1 -1 -1 -1 -1 -1 -1 -1 -1 -1 -1 -1 -1 -1 -1 -1
221 -1 -1 -1 -1 -1 -1 -1 -1 -1 -1 -1 -1 -1 -1 -1 -1 -1 -1 -1 -1
222 -1 -1 -1 -1 -1 -1 -1 -1 -1 -1 -1 -1 -1 -1 -1 -1 -1 -1 -1 -1
223 -1 -1 -1 -1 -1 -1 -1 -1 -1 -1 -1 -1 -1 -1 -1 -1 -1 -1 -1 -1
224 -1 -1 -1 -1 -1 -1 -1 -1 -1 -1 -1 -1 -1 -1 -1 -1 -1 -1 -1 -1
225 -1 -1 -1 -1 -1 -1 -1 -1 -1 -1 -1 -1 -1 -1 -1 -1 -1 -1 -1 -1
226 -1 -1 -1 -1 -1 -1 -1 -1 -1 -1 -1 -1 -1 -1 -1 -1 -1 -1 -1 -1
227 -1 -1 -1 -1 -1 -1 -1 -1 -1 -1 -1 -1 -1 -1 -1 -1 -1 -1 -1 -1
228 -1 -1 -1 -1 -1 -1 -1 -1 -1 -1 -1 -1 -1 -1 -1 -1 -1 -1 -1 -1
229 -1 -1 -1 -1 -1 -1 -1 -1 -1 -1 -1 -1 -1 -1 -1 -1 -1 -1 -1 -1
230 -1 -1 -1 -1 -1 -1 -1 -1 -1 -1 -1 -1 -1 -1 -1 -1 -1 -1 -1 -1
231 -1 -1 -1 -1 -1 -1 -1 -1 -1 -1 -1 -1 -1 -1 -1 -1 -1 -1 -1 -1
232 -1 -1 -1 -1 -1 -1 -1 -1 -1 -1 -1 -1 -1 -1 -1 -1 -1 -1 -1 -1
233 -1 -1 -1 -1 -1 -1 -1 -1 -1 -1 -1 -1 -1 -1 -1 -1 -1 -1 -1 -1
234 -1 -1 -1 -1 -1 -1 -1 -1 -1 -1 -1 -1 -1 -1 -1 -1 -1 -1 -1 -1
235 -1 -1 -1 -1 -1 -1 -1 -1 -1 -1 -1 -1 -1 -1 -1 -1 -1 -1 -1 -1
236 -1 -1 -1 -1 -1 -1 -1 -1 -1 -1 -1 -1 -1 -1 -1 -1 -1 -1 -1 -1
237 -1 -1 -1 -1 -1 -1 -1 -1 -1 -1 -1 -1 -1 -1 -1 -1 -1 -1 -1 -1
238 -1 -1 -1 -1 -1 -1 -1 -1 -1 -1 -1 -1 -1 -1 -1 -1 -1 -1 -1 -1
239 -1 -1 -1 -1 -1 -1 -1 -1 -1 -1 -1 -1 -1 -1 -1 -1 -1 -1 -1 -1
240 -1 -1 -1 -1 -1 -1 -1 -1 -1 -1 -1 -1 -1 -1 -1 -1 -1 -1 -1 -1
241 -1 -1 -1 -1 -1 -1 -1 -1 -1 -1 -1 -1 -1 -1 -1 -1 -1 -1 -1 -1
242 -1 -1 -1 -1 -1 -1 -1 -1 -1 -1 -1 -1 -1 -1 -1 -1 -1 -1 -1 -1
243 -1 -1 -1 -1 -1 -1 -1 -1 -1 -1 -1 -1 -1 -1 -1 -1 -1 -1 -1 -1
244 -1 -1 -1 -1 -1 -1 -1 -1 -1 -1 -1 -1 -1 -1 -1 -1 -1 -1 -1 -1
245 -1 -1 -1 -1 -1 -1 -1 -1 -1 -1 -1 -1 -1 -1 -1 -1 -1 -1 -1 -1
246 -1 -1 -1 -1 -1 -1 -1 -1 -1 -1 -1 -1 -1 -1 -1 -1 -1 -1 -1 -1
247 -1 -1 -1 -1 -1 -1 -1 -1 -1 -1 -1 -1 -1 -1 -1 -1 -1 -1 -1 -1
248 -1 -1 -1 -1 -1 -1 -1 -1 -1 -1 -1 -1 -1 -1 -1 -1 -1 -1 -1 -1
249 -1 -1 -1 -1 -1 -1 -1 -1 -1 -1 -1 -1 -1 -1 -1 -1 -1 -1 -1 -1
250 -1 -1 -1 -1 -1 -1 -1 -1 -1 -1 -1 -1 -1 -1 -1 -1 -1 -1 -1 -1
251 -1 -1 -1 -1 -1 -1 -1 -1 -1 -1 -1 -1 -1 -1 -1 -1 -1 -1 -1 -1
252 -1 -1 -1 -1 -1 -1 -1 -1 -1 -1 -1 -1 -1 -1 -1 -1 -1 -1 -1 -1
253 -1 -1 -1 -1 -1 -1 -1 -1 -1 -1 -1 -1 -1 -1 -1 -1 -1 -1 -1 -1
254 -1 -1 -1 -1 -1 -1 -1 -1 -1 -1 -1 -1 -1 -1 -1 -1 -1 -1 -1 -1
255 -1 -1 -1 -1 -1 -1 -1 -1 -1 -1 -1 -1 -1 -1 -1 -1 -1 -1 -1 -1
256 -1 -1 -1 -1 -1 -1 -1 -1 -1 -1 -1 -1 -1 -1 -1 -1 -1 -1 -1 -1
257 -1 -1 -1 -1 -1 -1 -1 -1 -1 -1 -1 -1 -1 -1 -1 -1 -1 -1 -1 -1
258 -1 -1 -1 -1 -1 -1 -1 -1 -1 -1 -1 -1 -1 -1 -1 -1 -1 -1 -1 -1
