0
0
0 -1 -1 -1 -1 -1 -1 -1 -1 -1 -1 -1 -1 -1 -1 -1 -1 -1 -1 -1 -1
1 -1 -1 -1 -1 -1 -1 -1 -1 -1 -1 -1 -1 -1 -1 -1 -1 -1 -1 -1 -1
2 -1 -1 -1 -1 -1 -1 -1 -1 -1 -1 -1 -1 -1 -1 -1 -1 -1 -1 -1 -1
3 -1 -1 -1 -1 -1 -1 -1 -1 -1 -1 -1 -1 -1 -1 -1 -1 -1 -1 -1 -1
4 -1 -1 -1 -1 -1 -1 -1 -1 -1 -1 -1 -1 -1 -1 -1 -1 -1 -1 -1 -1
5 -1 -1 -1 -1 -1 -1 -1 -1 -1 -1 -1 -1 -1 -1 -1 -1 -1 -1 -1 -1
6 -1 -1 -1 -1 -1 -1 -1 -1 -1 -1 -1 -1 -1 -1 -1 -1 -1 -1 -1 -1
7 -1 -1 -1 -1 -1 -1 -1 -1 -1 -1 -1 -1 -1 -1 -1 -1 -1 -1 -1 -1
8 -1 -1 -1 -1 -1 -1 -1 -1 -1 -1 -1 -1 -1 -1 -1 -1 -1 -1 -1 -1
9 -1 -1 -1 -1 -1 -1 -1 -1 -1 -1 -1 -1 -1 -1 -1 -1 -1 -1 -1 -1
10 -1 -1 -1 -1 -1 -1 -1 -1 -1 -1 -1 -1 -1 -1 -1 -1 -1 -1 -1 -1
11 -1 -1 -1 -1 -1 -1 -1 -1 -1 -1 -1 -1 -1 -1 -1 -1 -1 -1 -1 -1
12 -1 -1 -1 -1 -1 -1 -1 -1 -1 -1 -1 -1 -1 -1 -1 -1 -1 -1 -1 -1
13 -1 -1 -1 -1 -1 -1 -1 -1 -1 -1 -1 -1 -1 -1 -1 -1 -1 -1 -1 -1
14 -1 -1 -1 -1 -1 -1 -1 -1 -1 -1 -1 -1 -1 -1 -1 -1 -1 -1 -1 -1
15 0.967495 0.363672 0.941047 0.587710 0.940131 0.591093 0.941963 0.584328 0.940131 0.591093 0.891529 0.709970 0.896192 0.867007 0.941963 0.584328 0.891306 0.706346 0.898144 0.835435
16 0.957596 0.363312 0.924557 0.583189 0.923645 0.587149 0.925469 0.579228 0.923645 0.587149 0.868529 0.704148 0.875408 0.858410 0.925469 0.579228 0.893332 0.704663 0.896576 0.842573
17 0.944437 0.359345 0.912085 0.579509 0.907558 0.582741 0.916613 0.576277 0.907558 0.582741 0.846447 0.691166 0.824724 0.825383 0.916613 0.576277 0.896296 0.702579 0.899984 0.851713
18 0.930801 0.353817 0.899004 0.572559 0.893099 0.574760 0.904909 0.570358 0.893099 0.574760 0.833614 0.681727 0.792953 0.792486 0.904909 0.570358 0.896194 0.702637 0.901383 0.858685
19 0.915294 0.349942 0.885471 0.569314 0.879440 0.571503 0.891502 0.567124 0.879440 0.571503 0.821035 0.676414 0.769701 0.771280 0.891502 0.567124 0.889118 0.700314 0.901892 0.856320
20 0.900245 0.346930 0.868433 0.562981 0.862090 0.566186 0.874777 0.559776 0.862090 0.566186 0.810211 0.676147 0.761774 0.768964 0.874777 0.559776 0.873770 0.694494 0.901573 0.854289
21 0.882950 0.341165 0.849300 0.558180 0.845063 0.561386 0.853538 0.554975 0.845063 0.561386 0.800357 0.673510 0.754850 0.773176 0.853538 0.554975 0.855082 0.689634 0.893451 0.835247
22 0.868216 0.332852 0.834209 0.544911 0.831467 0.547339 0.836951 0.542483 0.831467 0.547339 0.819021 0.676943 0.869051 0.785711 0.836951 0.542483 0.797260 0.670404 0.763128 0.762860
23 0.853509 0.322933 0.819275 0.525769 0.815276 0.528185 0.823273 0.523353 0.815276 0.528185 0.789162 0.652838 0.861544 0.777269 0.823273 0.523353 0.784981 0.633258 0.759227 0.754915
24 0.840807 0.313855 0.805211 0.519866 0.798054 0.522837 0.812369 0.516894 0.798054 0.522837 0.772540 0.640129 0.766601 0.765550 0.812369 0.516894 0.786717 0.626061 0.808107 0.747523
25 0.830752 0.303763 0.796310 0.508015 0.788028 0.511753 0.804591 0.504278 0.788028 0.511753 0.761529 0.634168 0.756449 0.767238 0.804591 0.504278 0.778524 0.612407 0.797707 0.727608
26 0.817232 0.298071 0.785166 0.503417 0.778802 0.508240 0.791530 0.498595 0.778802 0.508240 0.756418 0.634598 0.754727 0.764349 0.791530 0.498595 0.766412 0.604705 0.769055 0.732815
27 0.806084 0.290470 0.772433 0.499538 0.767421 0.503651 0.777444 0.495424 0.767421 0.503651 0.746923 0.636092 0.751560 0.762250 0.777444 0.495424 0.752640 0.605787 0.753944 0.730160
28 0.793160 0.284158 0.762005 0.492958 0.758894 0.495468 0.765116 0.490448 0.758894 0.495468 0.746507 0.624546 0.751713 0.762318 0.765116 0.490448 0.725382 0.569659 0.714042 0.673045
29 0.780858 0.283369 0.753914 0.486778 0.747722 0.486696 0.760105 0.486859 0.747722 0.486696 0.736062 0.613993 0.753515 0.764588 0.760105 0.486859 0.712432 0.556504 0.677909 0.640610
30 0.768321 0.285701 0.743414 0.484889 0.735139 0.484752 0.751688 0.485027 0.735139 0.484752 0.712004 0.588109 0.720969 0.699138 0.751688 0.485027 0.722329 0.581532 0.715731 0.677477
31 0.756494 0.285677 0.731121 0.483326 0.720902 0.482454 0.741341 0.484198 0.720902 0.482454 0.708300 0.594372 0.735148 0.719520 0.741341 0.484198 0.702236 0.573786 0.671276 0.680031
32 0.743173 0.283274 0.719205 0.482406 0.706847 0.480948 0.731564 0.483864 0.706847 0.480948 0.660254 0.525658 0.653315 0.620875 0.731564 0.483864 0.712036 0.585154 0.692336 0.729719
33 0.732095 0.280748 0.705668 0.478048 0.695296 0.476525 0.716041 0.479572 0.695296 0.476525 0.686849 0.570136 0.690704 0.632986 0.716041 0.479572 0.669812 0.567934 0.654360 0.679772
34 0.721277 0.272989 0.693328 0.463178 0.688166 0.466056 0.698489 0.460301 0.688166 0.466056 0.665916 0.577627 0.717105 0.688605 0.698489 0.460301 0.647605 0.530139 0.626869 0.634403
35 0.710317 0.263384 0.683631 0.448634 0.677360 0.449837 0.689902 0.447432 0.677360 0.449837 0.651139 0.568406 0.712191 0.676988 0.689902 0.447432 0.645635 0.528649 0.630032 0.635815
36 0.699587 0.258229 0.677580 0.436119 0.671604 0.438242 0.683556 0.433997 0.671604 0.438242 0.639857 0.549154 0.676259 0.650410 0.683556 0.433997 0.639010 0.521831 0.638598 0.636607
37 0.691491 0.256050 0.673861 0.437805 0.665915 0.441420 0.681808 0.434190 0.665915 0.441420 0.630051 0.540626 0.642094 0.640119 0.681808 0.434190 0.643131 0.518901 0.651671 0.625751
38 0.683884 0.247826 0.672124 0.434129 0.665345 0.436980 0.678903 0.431278 0.665345 0.436980 0.631983 0.535114 0.645843 0.634705 0.678903 0.431278 0.638828 0.514591 0.643355 0.620831
39 0.677287 0.243704 0.670736 0.426836 0.660782 0.429196 0.680689 0.424476 0.660782 0.429196 0.634071 0.524684 0.631569 0.629253 0.680689 0.424476 0.644787 0.503844 0.637661 0.599240
40 0.670729 0.240104 0.667184 0.418273 0.658252 0.420853 0.676116 0.415693 0.658252 0.420853 0.624313 0.502090 0.602196 0.595114 0.676116 0.415693 0.643091 0.501432 0.629357 0.613087
41 0.664246 0.237847 0.662299 0.414946 0.652534 0.418195 0.672064 0.411697 0.652534 0.418195 0.614303 0.501579 0.585431 0.581725 0.672064 0.411697 0.637382 0.500840 0.624054 0.602217
42 0.659682 0.232301 0.656503 0.407104 0.647590 0.409018 0.665417 0.405191 0.647590 0.409018 0.600305 0.492400 0.587230 0.585081 0.665417 0.405191 0.633473 0.502665 0.626357 0.615694
43 0.654086 0.227554 0.650124 0.407166 0.641612 0.408262 0.658635 0.406069 0.641612 0.408262 0.589358 0.483998 0.581752 0.571564 0.658635 0.406069 0.634609 0.508950 0.630093 0.620894
44 0.648568 0.226045 0.645890 0.404626 0.637303 0.405328 0.654478 0.403923 0.637303 0.405328 0.579841 0.468995 0.571510 0.566604 0.654478 0.403923 0.636897 0.508351 0.630464 0.623082
45 0.643209 0.220675 0.641222 0.397209 0.633675 0.399059 0.648769 0.395359 0.633675 0.399059 0.575934 0.460792 0.567771 0.561673 0.648769 0.395359 0.632502 0.499832 0.629159 0.623985
46 0.638651 0.221195 0.635508 0.397696 0.627354 0.398873 0.643662 0.396519 0.627354 0.398873 0.571041 0.464673 0.561705 0.562066 0.643662 0.396519 0.631735 0.502483 0.629678 0.624817
47 0.633340 0.220632 0.630405 0.396589 0.621581 0.398337 0.639230 0.394841 0.621581 0.398337 0.566631 0.462148 0.557645 0.559396 0.639230 0.394841 0.626863 0.502135 0.629435 0.621944
48 0.627353 0.219987 0.624595 0.396297 0.615568 0.398960 0.633622 0.393634 0.615568 0.398960 0.565320 0.468122 0.550490 0.562520 0.633622 0.393634 0.625785 0.502548 0.629578 0.622079
49 0.621275 0.219851 0.620575 0.395492 0.610392 0.398554 0.630759 0.392431 0.610392 0.398554 0.561462 0.470031 0.544983 0.562440 0.630759 0.392431 0.619893 0.503826 0.628318 0.621864
50 0.614699 0.216085 0.614038 0.389375 0.604014 0.394283 0.624061 0.384467 0.604014 0.394283 0.559119 0.470176 0.544503 0.565930 0.624061 0.384467 0.615437 0.496930 0.628748 0.613721
51 0.606738 0.213896 0.604081 0.387977 0.594228 0.394316 0.613935 0.381639 0.594228 0.394316 0.564195 0.488869 0.555850 0.594245 0.613935 0.381639 0.605096 0.492123 0.624352 0.600556
52 0.598329 0.214379 0.593668 0.390516 0.581873 0.396024 0.605463 0.385008 0.581873 0.396024 0.543794 0.499443 0.524187 0.615694 0.605463 0.385008 0.599072 0.491859 0.614735 0.603805
53 0.587969 0.214608 0.586298 0.392287 0.572689 0.397410 0.599907 0.387163 0.572689 0.397410 0.533608 0.513391 0.514581 0.625811 0.599907 0.387163 0.601616 0.495539 0.619047 0.607046
54 0.577497 0.214901 0.574554 0.393221 0.562995 0.398767 0.586114 0.387675 0.562995 0.398767 0.515214 0.516246 0.510770 0.633982 0.586114 0.387675 0.583430 0.496360 0.612301 0.585652
55 0.567428 0.216627 0.567252 0.393939 0.557586 0.398952 0.576919 0.388927 0.557586 0.398952 0.514256 0.520757 0.506093 0.636445 0.576919 0.388927 0.564059 0.495860 0.584854 0.590258
56 0.558994 0.217892 0.559885 0.394639 0.552188 0.399501 0.567583 0.389776 0.552188 0.399501 0.512411 0.522576 0.506633 0.635378 0.567583 0.389776 0.549133 0.492292 0.566974 0.588499
57 -1 -1 -1 -1 -1 -1 -1 -1 -1 -1 -1 -1 -1 -1 -1 -1 -1 -1 -1 -1
58 -1 -1 -1 -1 -1 -1 -1 -1 -1 -1 -1 -1 -1 -1 -1 -1 -1 -1 -1 -1
59 -1 -1 -1 -1 -1 -1 -1 -1 -1 -1 -1 -1 -1 -1 -1 -1 -1 -1 -1 -1
60 -1 -1 -1 -1 -1 -1 -1 -1 -1 -1 -1 -1 -1 -1 -1 -1 -1 -1 -1 -1
61 -1 -1 -1 -1 -1 -1 -1 -1 -1 -1 -1 -1 -1 -1 -1 -1 -1 -1 -1 -1
62 -1 -1 -1 -1 -1 -1 -1 -1 -1 -1 -1 -1 -1 -1 -1 -1 -1 -1 -1 -1
63 0.521431 0.213646 0.538640 0.400191 0.525908 0.404836 0.551372 0.395545 0.525908 0.404836 0.514072 0.515971 0.521404 0.609601 0.551372 0.395545 0.536314 0.506601 0.539741 0.610467
64 0.517596 0.213096 0.538080 0.400326 0.525510 0.404756 0.550650 0.395896 0.525510 0.404756 0.512921 0.511654 0.542048 0.599996 0.550650 0.395896 0.522339 0.508009 0.511286 0.617666
65 0.514359 0.212611 0.536853 0.397693 0.525288 0.401451 0.548419 0.393935 0.525288 0.401451 0.510656 0.510415 0.545197 0.599461 0.548419 0.393935 0.514798 0.498111 0.505715 0.617411
66 0.512263 0.212170 0.534271 0.396268 0.523910 0.399769 0.544632 0.392767 0.523910 0.399769 0.508458 0.511726 0.550443 0.597050 0.544632 0.392767 0.512785 0.498466 0.503539 0.621540
67 0.511170 0.211770 0.533058 0.393354 0.521908 0.397176 0.544208 0.389531 0.521908 0.397176 0.506531 0.511367 0.527577 0.607320 0.544208 0.389531 0.512613 0.494960 0.509284 0.618621
68 0.511066 0.211420 0.532418 0.390627 0.519149 0.394711 0.545686 0.386544 0.519149 0.394711 0.503931 0.509654 0.515878 0.618945 0.545686 0.386544 0.512388 0.488882 0.518429 0.607067
69 0.510203 0.210465 0.531379 0.390206 0.517605 0.394074 0.545154 0.386338 0.517605 0.394074 0.503444 0.509641 0.517548 0.620232 0.545154 0.386338 0.509917 0.489926 0.511678 0.609509
70 0.510511 0.209903 0.530564 0.388153 0.515709 0.391784 0.545419 0.384523 0.515709 0.391784 0.503644 0.509186 0.514825 0.622334 0.545419 0.384523 0.512659 0.490094 0.516208 0.608313
71 0.511161 0.208179 0.529544 0.387614 0.514267 0.390645 0.544821 0.384582 0.514267 0.390645 0.503815 0.508936 0.511315 0.628970 0.544821 0.384582 0.515332 0.490960 0.524575 0.605289
72 0.511620 0.207261 0.528318 0.387953 0.512790 0.390883 0.543846 0.385023 0.512790 0.390883 0.504221 0.511075 0.510097 0.634018 0.543846 0.385023 0.516190 0.494109 0.528959 0.605458
73 0.511294 0.206694 0.527304 0.387679 0.511449 0.390327 0.543160 0.385032 0.511449 0.390327 0.503762 0.511512 0.509350 0.635269 0.543160 0.385032 0.517484 0.494190 0.529463 0.602139
74 0.512023 0.206710 0.527452 0.387999 0.511158 0.390763 0.543745 0.385236 0.511158 0.390763 0.503426 0.513105 0.509260 0.635763 0.543745 0.385236 0.517956 0.494301 0.531512 0.601375
75 0.512949 0.206429 0.527552 0.386688 0.510976 0.389541 0.544128 0.383836 0.510976 0.389541 0.502847 0.513048 0.508577 0.635210 0.544128 0.383836 0.520036 0.492401 0.533844 0.597375
76 0.513769 0.205721 0.527185 0.386096 0.510377 0.388778 0.543994 0.383414 0.510377 0.388778 0.502798 0.512759 0.508306 0.633825 0.543994 0.383414 0.520320 0.492589 0.533511 0.598306
77 0.514430 0.204076 0.526824 0.385201 0.510094 0.387641 0.543554 0.382760 0.510094 0.387641 0.502695 0.512698 0.508462 0.633512 0.543554 0.382760 0.519072 0.492762 0.528548 0.598910
78 0.515047 0.202816 0.526031 0.385442 0.509004 0.387957 0.543059 0.382927 0.509004 0.387957 0.502727 0.513015 0.508120 0.633177 0.543059 0.382927 0.519186 0.492751 0.526716 0.599173
79 0.515340 0.200985 0.525079 0.382812 0.507516 0.385180 0.542642 0.380444 0.507516 0.385180 0.502543 0.511934 0.507486 0.632781 0.542642 0.380444 0.519360 0.492291 0.527237 0.599084
80 0.515512 0.200113 0.523784 0.381638 0.505864 0.384303 0.541705 0.378972 0.505864 0.384303 0.501982 0.510657 0.507569 0.631814 0.541705 0.378972 0.519415 0.490237 0.527348 0.597365
81 0.515704 0.200011 0.522411 0.382070 0.503516 0.384759 0.541306 0.379381 0.503516 0.384759 0.501674 0.511597 0.509011 0.628526 0.541306 0.379381 0.516200 0.490264 0.525006 0.600101
82 0.516172 0.200353 0.522012 0.384298 0.503079 0.386528 0.540944 0.382069 0.503079 0.386528 0.501323 0.514393 0.509544 0.627175 0.540944 0.382069 0.513453 0.490212 0.517528 0.600732
83 0.516773 0.200610 0.521680 0.384874 0.502478 0.387214 0.540883 0.382534 0.502478 0.387214 0.501121 0.515205 0.509385 0.627587 0.540883 0.382534 0.514181 0.490075 0.517976 0.600592
84 0.516891 0.200701 0.521673 0.384955 0.502602 0.387289 0.540744 0.382622 0.502602 0.387289 0.501176 0.515386 0.509070 0.627722 0.540744 0.382622 0.515924 0.489056 0.518956 0.598727
85 0.517124 0.200914 0.521753 0.385086 0.502861 0.387308 0.540646 0.382864 0.502861 0.387308 0.501223 0.515415 0.508923 0.627851 0.540646 0.382864 0.516266 0.489070 0.518571 0.598514
86 0.517117 0.201256 0.521828 0.386216 0.503012 0.388734 0.540644 0.383698 0.503012 0.388734 0.501171 0.515486 0.508718 0.628426 0.540644 0.383698 0.516344 0.488061 0.520888 0.597403
87 0.517132 0.201295 0.521637 0.385926 0.502645 0.388416 0.540630 0.383435 0.502645 0.388416 0.501561 0.508514 0.508603 0.627773 0.540630 0.383435 0.516971 0.485774 0.523282 0.594877
88 0.517144 0.201290 0.521520 0.384337 0.502727 0.386615 0.540312 0.382058 0.502727 0.386615 0.499379 0.505226 0.508393 0.626287 0.540312 0.382058 0.517159 0.485151 0.521949 0.588321
89 0.516929 0.201540 0.521473 0.384391 0.502684 0.386685 0.540262 0.382097 0.502684 0.386685 0.497320 0.495342 0.508787 0.619372 0.540262 0.382097 0.515964 0.484924 0.517212 0.588265
90 0.516295 0.201351 0.521217 0.385633 0.502334 0.387809 0.540101 0.383458 0.502334 0.387809 0.496535 0.496745 0.508800 0.616963 0.540101 0.383458 0.515115 0.483635 0.516003 0.592786
91 0.515578 0.201225 0.520868 0.385334 0.501790 0.387360 0.539945 0.383307 0.501790 0.387360 0.493376 0.495903 0.504827 0.618468 0.539945 0.383307 0.515602 0.476972 0.528980 0.584282
92 0.514493 0.201074 0.520476 0.384460 0.501265 0.386028 0.539687 0.382892 0.501265 0.386028 0.492016 0.497418 0.501452 0.623570 0.539687 0.382892 0.516349 0.476080 0.534472 0.585936
93 0.512915 0.201443 0.519949 0.384035 0.500715 0.385586 0.539183 0.382485 0.500715 0.385586 0.490710 0.497851 0.498162 0.627489 0.539183 0.382485 0.517543 0.475524 0.536092 0.586251
94 0.509925 0.200659 0.517643 0.381735 0.500711 0.383144 0.534574 0.380326 0.500711 0.383144 0.491241 0.498610 0.497734 0.628537 0.534574 0.380326 0.515771 0.477527 0.534058 0.597095
95 0.507845 0.200755 0.515378 0.381802 0.497895 0.383198 0.532861 0.380406 0.497895 0.383198 0.489571 0.503104 0.494091 0.632149 0.532861 0.380406 0.514502 0.481910 0.533084 0.599412
96 0.506575 0.200931 0.514422 0.381934 0.497412 0.383396 0.531432 0.380472 0.497412 0.383396 0.489055 0.504723 0.492075 0.634259 0.531432 0.380472 0.510669 0.488385 0.532823 0.605183
97 0.504886 0.201336 0.513189 0.382021 0.497397 0.383505 0.528981 0.380537 0.497397 0.383505 0.488302 0.506648 0.489576 0.637112 0.528981 0.380537 0.508970 0.493098 0.532098 0.606388
98 0.502391 0.201143 0.511875 0.382020 0.496736 0.383592 0.527015 0.380448 0.496736 0.383592 0.486747 0.507760 0.486654 0.642087 0.527015 0.380448 0.509205 0.495053 0.531942 0.606431
99 0.499538 0.201718 0.509148 0.383458 0.495279 0.385643 0.523017 0.381272 0.495279 0.385643 0.483653 0.512295 0.483104 0.646375 0.523017 0.381272 0.507500 0.497945 0.530337 0.607130
100 0.496629 0.202902 0.505096 0.389456 0.492017 0.392354 0.518174 0.386558 0.492017 0.392354 0.481662 0.523688 0.480939 0.660478 0.518174 0.386558 0.505329 0.501259 0.530154 0.606675
101 0.493253 0.203647 0.502425 0.389543 0.489771 0.392419 0.515079 0.386667 0.489771 0.392419 0.479630 0.522340 0.480214 0.662076 0.515079 0.386667 0.503953 0.500937 0.530019 0.605626
102 0.489043 0.205013 0.498398 0.393369 0.485792 0.396550 0.511003 0.390187 0.485792 0.396550 0.477525 0.528399 0.478871 0.663607 0.511003 0.390187 0.503184 0.502014 0.529129 0.604622
103 0.485092 0.206953 0.494024 0.394051 0.483266 0.396758 0.504782 0.391343 0.483266 0.396758 0.477611 0.526528 0.477853 0.665441 0.504782 0.391343 0.500971 0.505669 0.526707 0.612972
104 0.482052 0.210475 0.490318 0.399640 0.480284 0.402313 0.500351 0.396968 0.480284 0.402313 0.476025 0.530384 0.478637 0.666613 0.500351 0.396968 0.499585 0.513277 0.516961 0.621755
105 0.478758 0.214919 0.486432 0.407865 0.477350 0.411301 0.495513 0.404429 0.477350 0.411301 0.472854 0.530654 0.479721 0.663410 0.495513 0.404429 0.495509 0.515698 0.512433 0.623682
106 0.474296 0.221019 0.480465 0.416737 0.471902 0.420552 0.489027 0.412921 0.471902 0.420552 0.468006 0.533109 0.480129 0.661699 0.489027 0.412921 0.483976 0.520857 0.501592 0.630056
107 0.469972 0.224378 0.473366 0.421124 0.467320 0.425328 0.479412 0.416921 0.467320 0.425328 0.465284 0.541129 0.484451 0.647829 0.479412 0.416921 0.473492 0.524873 0.494470 0.625793
108 0.465258 0.229573 0.464015 0.426452 0.461436 0.430368 0.466594 0.422535 0.461436 0.430368 0.463968 0.547527 0.482987 0.657907 0.466594 0.422535 0.463906 0.526000 0.492990 0.623497
109 0.459975 0.232162 0.457260 0.428940 0.458907 0.432117 0.455613 0.425763 0.458907 0.432117 0.461454 0.553334 0.479051 0.665425 0.455613 0.425763 0.456236 0.531630 0.486519 0.626073
110 0.454714 0.231671 0.453094 0.427225 0.456817 0.430395 0.449371 0.424055 0.456817 0.430395 0.458387 0.554636 0.475365 0.666201 0.449371 0.424055 0.444827 0.530763 0.460059 0.626808
111 0.449082 0.233178 0.449907 0.427244 0.456563 0.430303 0.443250 0.424186 0.456563 0.430303 0.459113 0.558477 0.473960 0.669730 0.443250 0.424186 0.427510 0.529983 0.451141 0.626256
112 0.443330 0.235454 0.446771 0.432099 0.453381 0.434002 0.440160 0.430196 0.453381 0.434002 0.452936 0.560637 0.469520 0.672385 0.440160 0.430196 0.422910 0.538732 0.445357 0.637734
113 0.437696 0.239390 0.442956 0.440310 0.448860 0.442480 0.437053 0.438140 0.448860 0.442480 0.453865 0.562130 0.468793 0.671483 0.437053 0.438140 0.417270 0.542680 0.427135 0.655338
114 0.432070 0.241876 0.436482 0.440254 0.442746 0.443122 0.430219 0.437386 0.442746 0.443122 0.452222 0.561869 0.470214 0.671126 0.430219 0.437386 0.408980 0.543614 0.400748 0.658091
115 0.425510 0.244922 0.429347 0.441349 0.437266 0.444741 0.421427 0.437957 0.437266 0.444741 0.448018 0.565516 0.470817 0.672794 0.421427 0.437957 0.403605 0.549886 0.383978 0.668417
116 0.419552 0.249691 0.422924 0.440438 0.432862 0.443799 0.412987 0.437077 0.432862 0.443799 0.443628 0.565546 0.470702 0.673458 0.412987 0.437077 0.394975 0.560003 0.376886 0.683529
117 0.413761 0.253047 0.415831 0.440901 0.424862 0.444416 0.406801 0.437387 0.424862 0.444416 0.434012 0.566000 0.468578 0.672829 0.406801 0.437387 0.385252 0.562473 0.376268 0.690059
118 0.408251 0.256367 0.407571 0.447306 0.420298 0.451729 0.394844 0.442883 0.420298 0.451729 0.427273 0.573822 0.467754 0.672708 0.394844 0.442883 0.383271 0.571453 0.374352 0.693651
119 0.402893 0.255695 0.399394 0.447332 0.412800 0.451911 0.385989 0.442753 0.412800 0.451911 0.413833 0.575751 0.462542 0.668767 0.385989 0.442753 0.378984 0.570484 0.375280 0.692967
120 0.397389 0.257013 0.390995 0.451404 0.404223 0.456139 0.377766 0.446670 0.404223 0.456139 0.396235 0.581343 0.451299 0.655436 0.377766 0.446670 0.378959 0.580344 0.374433 0.698502
121 0.390448 0.256318 0.385835 0.449057 0.399457 0.453658 0.372213 0.444456 0.399457 0.453658 0.386864 0.584176 0.436571 0.642007 0.372213 0.444456 0.376577 0.580803 0.372970 0.696772
122 0.384124 0.255948 0.383096 0.447795 0.397771 0.452248 0.368421 0.443343 0.397771 0.452248 0.386294 0.581855 0.426780 0.639291 0.368421 0.443343 0.374093 0.579432 0.372858 0.695628
123 0.377760 0.255824 0.382719 0.446396 0.398738 0.449528 0.366700 0.443264 0.398738 0.449528 0.387623 0.580127 0.407984 0.640196 0.366700 0.443264 0.369143 0.575632 0.376583 0.691546
124 0.372306 0.256016 0.377737 0.441384 0.395561 0.443811 0.359912 0.438957 0.395561 0.443811 0.379928 0.579485 0.396776 0.654223 0.359912 0.438957 0.366674 0.574281 0.379978 0.691348
125 0.367887 0.260780 0.374275 0.444941 0.393102 0.447663 0.355448 0.442219 0.393102 0.447663 0.373617 0.591370 0.386957 0.685603 0.355448 0.442219 0.363621 0.578695 0.378150 0.690198
126 0.362559 0.263356 0.372014 0.448660 0.390997 0.451554 0.353032 0.445765 0.390997 0.451554 0.370773 0.595877 0.382042 0.706995 0.353032 0.445765 0.361295 0.585321 0.375673 0.700032
127 0.357948 0.267508 0.369586 0.455027 0.388198 0.458596 0.350974 0.451457 0.388198 0.458596 0.365165 0.606177 0.375722 0.718493 0.350974 0.451457 0.358434 0.588400 0.370483 0.704267
128 0.353019 0.272173 0.366543 0.465708 0.385017 0.469091 0.348070 0.462324 0.385017 0.469091 0.362557 0.623045 0.373672 0.747970 0.348070 0.462324 0.354326 0.590778 0.365427 0.706864
129 0.348132 0.276033 0.363762 0.469590 0.382381 0.472801 0.345143 0.466380 0.382381 0.472801 0.362118 0.620829 0.362560 0.763259 0.345143 0.466380 0.352806 0.592632 0.363914 0.705621
130 0.343224 0.282022 0.359881 0.478066 0.378974 0.480627 0.340788 0.475505 0.378974 0.480627 0.359398 0.626583 0.357459 0.772828 0.340788 0.475505 0.352606 0.597006 0.363709 0.703905
131 0.339232 0.289812 0.355970 0.492859 0.375917 0.495035 0.336024 0.490683 0.375917 0.495035 0.358962 0.649423 0.355182 0.804169 0.336024 0.490683 0.351215 0.600121 0.364293 0.696457
132 0.335427 0.299739 0.354114 0.505448 0.375153 0.507325 0.333075 0.503572 0.375153 0.507325 0.355351 0.662338 0.355687 0.828222 0.333075 0.503572 0.354332 0.611272 0.365656 0.696350
133 0.332228 0.308185 0.350555 0.516845 0.372068 0.518186 0.329042 0.515504 0.372068 0.518186 0.340956 0.676115 0.355318 0.834439 0.329042 0.515504 0.356184 0.634241 0.366921 0.690792
134 0.329662 0.314417 0.346846 0.527598 0.368613 0.529351 0.325080 0.525845 0.368613 0.529351 0.348520 0.687712 0.356350 0.850565 0.325080 0.525845 0.356234 0.658749 0.364443 0.689472
135 0.326765 0.318896 0.344913 0.533127 0.367647 0.534186 0.322178 0.532068 0.367647 0.534186 0.352284 0.692251 0.357639 0.853446 0.322178 0.532068 0.350719 0.676492 0.358788 0.777954
136 0.324130 0.323821 0.340928 0.536984 0.364356 0.538581 0.317499 0.535386 0.364356 0.538581 0.353977 0.702905 0.359212 0.857479 0.317499 0.535386 0.339700 0.684523 0.348800 0.792511
137 0.321492 0.328420 0.336470 0.548137 0.360730 0.549669 0.312209 0.546606 0.360730 0.549669 0.354152 0.719911 0.360602 0.863511 0.312209 0.546606 0.332911 0.705187 0.352254 0.820369
138 0.318996 0.334388 0.331031 0.555277 0.356587 0.557395 0.305474 0.553159 0.356587 0.557395 0.352099 0.722447 0.353876 0.861259 0.305474 0.553159 0.321427 0.704935 0.343893 0.792735
139 0.315196 0.339695 0.328675 0.562807 0.354854 0.564522 0.302496 0.561092 0.354854 0.564522 0.351201 0.729406 0.353308 0.862610 0.302496 0.561092 0.313065 0.708661 0.329485 0.784422
140 0.311233 0.346801 0.326893 0.573122 0.353104 0.575661 0.300682 0.570582 0.353104 0.575661 0.347759 0.738108 0.348068 0.861664 0.300682 0.570582 0.300158 0.728797 0.323272 0.766703
141 0.308542 0.357272 0.323653 0.582165 0.350138 0.584947 0.297169 0.579383 0.350138 0.584947 0.346148 0.740437 0.350652 0.860790 0.297169 0.579383 0.295821 0.744870 0.323927 0.843132
142 0.303530 0.365821 0.318724 0.579934 0.343642 0.581376 0.293806 0.578492 0.343642 0.581376 0.338625 0.736798 0.350731 0.859783 0.293806 0.578492 0.291844 0.749701 0.317883 0.873507
143 0.299304 0.379594 0.311347 0.590181 0.337430 0.592318 0.285264 0.588043 0.337430 0.592318 0.331012 0.739460 0.350524 0.859012 0.285264 0.588043 0.283593 0.761223 0.295558 0.917388
144 0.294463 0.390487 0.306153 0.607264 0.332460 0.609297 0.279846 0.605231 0.332460 0.609297 0.331921 0.749260 0.351381 0.856321 0.279846 0.605231 0.278121 0.776954 0.282607 0.934224
145 0.288030 0.401125 0.298216 0.626507 0.324834 0.628238 0.271598 0.624777 0.324834 0.628238 0.326966 0.767048 0.351932 0.860991 0.271598 0.624777 0.270888 0.797934 0.279557 0.951684
146 0.280088 0.410721 0.289098 0.645490 0.316681 0.645936 0.261516 0.645043 0.316681 0.645936 0.321343 0.780769 0.351567 0.859947 0.261516 0.645043 0.264871 0.804345 0.276483 0.955987
147 0.270839 0.415481 0.281495 0.638626 0.309504 0.639952 0.253486 0.637300 0.309504 0.639952 0.306951 0.776420 0.340848 0.854884 0.253486 0.637300 0.259256 0.802631 0.273189 0.968204
148 0.261198 0.425811 0.274909 0.658696 0.303786 0.659645 0.246032 0.657747 0.303786 0.659645 0.301914 0.802379 0.331163 0.857351 0.246032 0.657747 0.257734 0.818590 0.272343 0.959937
149 0.252655 0.434236 0.263827 0.669279 0.293985 0.671979 0.233668 0.666579 0.293985 0.671979 0.295750 0.835317 0.320482 0.886044 0.233668 0.666579 0.251319 0.839598 0.272693 0.963248
150 0.244680 0.440219 0.257266 0.680509 0.285084 0.684655 0.229448 0.676363 0.285084 0.684655 0.272316 0.877661 0.286355 0.959350 0.229448 0.676363 0.253232 0.858316 0.279417 0.958392
151 0.237194 0.450630 0.249895 0.693132 0.276887 0.695889 0.222903 0.690376 0.276887 0.695889 0.276616 0.869102 0.287698 0.936999 0.222903 0.690376 0.244146 0.863440 0.282203 0.956904
152 0.228136 0.457083 0.239608 0.695446 0.265410 0.699704 0.213806 0.691188 0.265410 0.699704 0.267567 0.865230 0.274691 0.954709 0.213806 0.691188 0.238861 0.859096 0.270308 0.955948
153 0.221086 0.467407 0.230175 0.708304 0.255596 0.711622 0.204754 0.704986 0.255596 0.711622 0.260213 0.890888 0.270680 1.026529 0.204754 0.704986 0.232643 0.866965 0.253963 1.011479
154 0.212563 0.483986 0.224205 0.734647 0.250989 0.734730 0.197421 0.734565 0.250989 0.734730 0.254336 0.917757 0.259276 1.011068 0.197421 0.734565 0.220488 0.904967 0.241490 1.041715
155 0.203171 0.503413 0.216653 0.755619 0.242374 0.761204 0.190932 0.750035 0.242374 0.761204 0.244458 0.931169 0.253799 1.001861 0.190932 0.750035 0.213027 0.910766 0.237042 1.029391
156 0.190945 0.520707 0.203713 0.763181 0.230376 0.767499 0.177049 0.758863 0.230376 0.767499 0.235944 0.925872 0.251890 0.987290 0.177049 0.758863 0.203002 0.908232 0.232294 1.011133
157 0.180155 0.537018 0.197876 0.773539 0.227097 0.775721 0.168655 0.771357 0.227097 0.775721 0.235030 0.923591 0.245782 0.981487 0.168655 0.771357 0.185292 0.910537 0.206298 1.000753
158 0.173139 0.551444 0.190297 0.790819 0.219916 0.791432 0.160678 0.790206 0.219916 0.791432 0.225942 0.953181 0.248601 1.038606 0.160678 0.790206 0.172439 0.941354 0.201061 1.045018
159 0.162158 0.561986 0.178158 0.818053 0.207595 0.816397 0.148721 0.819709 0.207595 0.816397 0.218261 0.982499 0.247490 1.096800 0.148721 0.819709 0.165655 0.967288 0.203073 1.092302
160 0.150081 0.576066 0.166501 0.844568 0.196895 0.845570 0.136107 0.843567 0.196895 0.845570 0.207089 1.039351 0.225199 1.175776 0.136107 0.843567 0.151910 1.024078 0.174221 1.168949
161 -1 -1 -1 -1 -1 -1 -1 -1 -1 -1 -1 -1 -1 -1 -1 -1 -1 -1 -1 -1
162 -1 -1 -1 -1 -1 -1 -1 -1 -1 -1 -1 -1 -1 -1 -1 -1 -1 -1 -1 -1
163 -1 -1 -1 -1 -1 -1 -1 -1 -1 -1 -1 -1 -1 -1 -1 -1 -1 -1 -1 -1
164 -1 -1 -1 -1 -1 -1 -1 -1 -1 -1 -1 -1 -1 -1 -1 -1 -1 -1 -1 -1
165 -1 -1 -1 -1 -1 -1 -1 -1 -1 -1 -1 -1 -1 -1 -1 -1 -1 -1 -1 -1
166 -1 -1 -1 -1 -1 -1 -1 -1 -1 -1 -1 -1 -1 -1 -1 -1 -1 -1 -1 -1
167 -1 -1 -1 -1 -1 -1 -1 -1 -1 -1 -1 -1 -1 -1 -1 -1 -1 -1 -1 -1
168 -1 -1 -1 -1 -1 -1 -1 -1 -1 -1 -1 -1 -1 -1 -1 -1 -1 -1 -1 -1
169 -1 -1 -1 -1 -1 -1 -1 -1 -1 -1 -1 -1 -1 -1 -1 -1 -1 -1 -1 -1
170 -1 -1 -1 -1 -1 -1 -1 -1 -1 -1 -1 -1 -1 -1 -1 -1 -1 -1 -1 -1
171 -1 -1 -1 -1 -1 -1 -1 -1 -1 -1 -1 -1 -1 -1 -1 -1 -1 -1 -1 -1
172 -1 -1 -1 -1 -1 -1 -1 -1 -1 -1 -1 -1 -1 -1 -1 -1 -1 -1 -1 -1
173 -1 -1 -1 -1 -1 -1 -1 -1 -1 -1 -1 -1 -1 -1 -1 -1 -1 -1 -1 -1
174 -1 -1 -1 -1 -1 -1 -1 -1 -1 -1 -1 -1 -1 -1 -1 -1 -1 -1 -1 -1
175 -1 -1 -1 -1 -1 -1 -1 -1 -1 -1 -1 -1 -1 -1 -1 -1 -1 -1 -1 -1
176 -1 -1 -1 -1 -1 -1 -1 -1 -1 -1 -1 -1 -1 -1 -1 -1 -1 -1 -1 -1
177 -1 -1 -1 -1 -1 -1 -1 -1 -1 -1 -1 -1 -1 -1 -1 -1 -1 -1 -1 -1
178 -1 -1 -1 -1 -1 -1 -1 -1 -1 -1 -1 -1 -1 -1 -1 -1 -1 -1 -1 -1
179 -1 -1 -1 -1 -1 -1 -1 -1 -1 -1 -1 -1 -1 -1 -1 -1 -1 -1 -1 -1
180 -1 -1 -1 -1 -1 -1 -1 -1 -1 -1 -1 -1 -1 -1 -1 -1 -1 -1 -1 -1
181 -1 -1 -1 -1 -1 -1 -1 -1 -1 -1 -1 -1 -1 -1 -1 -1 -1 -1 -1 -1
182 -1 -1 -1 -1 -1 -1 -1 -1 -1 -1 -1 -1 -1 -1 -1 -1 -1 -1 -1 -1
183 -1 -1 -1 -1 -1 -1 -1 -1 -1 -1 -1 -1 -1 -1 -1 -1 -1 -1 -1 -1
184 -1 -1 -1 -1 -1 -1 -1 -1 -1 -1 -1 -1 -1 -1 -1 -1 -1 -1 -1 -1
185 -1 -1 -1 -1 -1 -1 -1 -1 -1 -1 -1 -1 -1 -1 -1 -1 -1 -1 -1 -1
186 -1 -1 -1 -1 -1 -1 -1 -1 -1 -1 -1 -1 -1 -1 -1 -1 -1 -1 -1 -1
187 -1 -1 -1 -1 -1 -1 -1 -1 -1 -1 -1 -1 -1 -1 -1 -1 -1 -1 -1 -1
188 -1 -1 -1 -1 -1 -1 -1 -1 -1 -1 -1 -1 -1 -1 -1 -1 -1 -1 -1 -1
189 -1 -1 -1 -1 -1 -1 -1 -1 -1 -1 -1 -1 -1 -1 -1 -1 -1 -1 -1 -1
190 -1 -1 -1 -1 -1 -1 -1 -1 -1 -1 -1 -1 -1 -1 -1 -1 -1 -1 -1 -1
191 -1 -1 -1 -1 -1 -1 -1 -1 -1 -1 -1 -1 -1 -1 -1 -1 -1 -1 -1 -1
192 -1 -1 -1 -1 -1 -1 -1 -1 -1 -1 -1 -1 -1 -1 -1 -1 -1 -1 -1 -1
193 -1 -1 -1 -1 -1 -1 -1 -1 -1 -1 -1 -1 -1 -1 -1 -1 -1 -1 -1 -1
194 -1 -1 -1 -1 -1 -1 -1 -1 -1 -1 -1 -1 -1 -1 -1 -1 -1 -1 -1 -1
195 -1 -1 -1 -1 -1 -1 -1 -1 -1 -1 -1 -1 -1 -1 -1 -1 -1 -1 -1 -1
196 -1 -1 -1 -1 -1 -1 -1 -1 -1 -1 -1 -1 -1 -1 -1 -1 -1 -1 -1 -1
197 -1 -1 -1 -1 -1 -1 -1 -1 -1 -1 -1 -1 -1 -1 -1 -1 -1 -1 -1 -1
198 -1 -1 -1 -1 -1 -1 -1 -1 -1 -1 -1 -1 -1 -1 -1 -1 -1 -1 -1 -1
199 -1 -1 -1 -1 -1 -1 -1 -1 -1 -1 -1 -1 -1 -1 -1 -1 -1 -1 -1 -1
200 -1 -1 -1 -1 -1 -1 -1 -1 -1 -1 -1 -1 -1 -1 -1 -1 -1 -1 -1 -1
201 -1 -1 -1 -1 -1 -1 -1 -1 -1 -1 -1 -1 -1 -1 -1 -1 -1 -1 -1 -1
202 -1 -1 -1 -1 -1 -1 -1 -1 -1 -1 -1 -1 -1 -1 -1 -1 -1 -1 -1 -1
