0
0
0 -1 -1 -1 -1 -1 -1 -1 -1 -1 -1 -1 -1 -1 -1 -1 -1 -1 -1 -1 -1
1 0.749923 0.412569 0.715991 0.543271 0.736697 0.549562 0.695286 0.536980 0.736697 0.549562 0.770519 0.552346 0.674137 0.603851 0.695286 0.536980 0.670557 0.574574 0.682944 0.659760
2 0.749874 0.412973 0.716362 0.540044 0.737437 0.546976 0.695287 0.533111 0.737437 0.546976 0.738546 0.564632 0.676913 0.620843 0.695287 0.533111 0.654981 0.563397 0.670584 0.640966
3 0.749754 0.414668 0.716759 0.538484 0.738232 0.545172 0.695285 0.531795 0.738232 0.545172 0.745807 0.562463 0.678371 0.620591 0.695285 0.531795 0.651431 0.564644 0.670428 0.636163
4 0.749657 0.414798 0.717185 0.538151 0.739075 0.544449 0.695295 0.531854 0.739075 0.544449 0.747890 0.561599 0.681270 0.615254 0.695295 0.531854 0.650496 0.565030 0.670659 0.631931
5 0.749328 0.415642 0.716923 0.538088 0.739026 0.544275 0.694820 0.531901 0.739026 0.544275 0.751433 0.561137 0.683611 0.615068 0.694820 0.531901 0.651270 0.565224 0.670302 0.633766
6 0.749310 0.415785 0.717566 0.537987 0.739497 0.544312 0.695635 0.531662 0.739497 0.544312 0.750930 0.560565 0.683617 0.614130 0.695635 0.531662 0.652955 0.565473 0.667567 0.637100
7 0.749287 0.415594 0.717757 0.538075 0.739745 0.544325 0.695769 0.531826 0.739745 0.544325 0.752560 0.560333 0.685288 0.613456 0.695769 0.531826 0.653583 0.565665 0.668051 0.638478
8 0.749263 0.415318 0.719380 0.535801 0.740747 0.542814 0.698014 0.528787 0.740747 0.542814 0.751994 0.562598 0.681530 0.610381 0.698014 0.528787 0.654231 0.565940 0.669002 0.639197
9 -1 -1 -1 -1 -1 -1 -1 -1 -1 -1 -1 -1 -1 -1 -1 -1 -1 -1 -1 -1
10 -1 -1 -1 -1 -1 -1 -1 -1 -1 -1 -1 -1 -1 -1 -1 -1 -1 -1 -1 -1
11 -1 -1 -1 -1 -1 -1 -1 -1 -1 -1 -1 -1 -1 -1 -1 -1 -1 -1 -1 -1
12 -1 -1 -1 -1 -1 -1 -1 -1 -1 -1 -1 -1 -1 -1 -1 -1 -1 -1 -1 -1
13 -1 -1 -1 -1 -1 -1 -1 -1 -1 -1 -1 -1 -1 -1 -1 -1 -1 -1 -1 -1
14 -1 -1 -1 -1 -1 -1 -1 -1 -1 -1 -1 -1 -1 -1 -1 -1 -1 -1 -1 -1
15 -1 -1 -1 -1 -1 -1 -1 -1 -1 -1 -1 -1 -1 -1 -1 -1 -1 -1 -1 -1
16 -1 -1 -1 -1 -1 -1 -1 -1 -1 -1 -1 -1 -1 -1 -1 -1 -1 -1 -1 -1
17 -1 -1 -1 -1 -1 -1 -1 -1 -1 -1 -1 -1 -1 -1 -1 -1 -1 -1 -1 -1
18 -1 -1 -1 -1 -1 -1 -1 -1 -1 -1 -1 -1 -1 -1 -1 -1 -1 -1 -1 -1
19 -1 -1 -1 -1 -1 -1 -1 -1 -1 -1 -1 -1 -1 -1 -1 -1 -1 -1 -1 -1
20 -1 -1 -1 -1 -1 -1 -1 -1 -1 -1 -1 -1 -1 -1 -1 -1 -1 -1 -1 -1
21 -1 -1 -1 -1 -1 -1 -1 -1 -1 -1 -1 -1 -1 -1 -1 -1 -1 -1 -1 -1
22 -1 -1 -1 -1 -1 -1 -1 -1 -1 -1 -1 -1 -1 -1 -1 -1 -1 -1 -1 -1
23 -1 -1 -1 -1 -1 -1 -1 -1 -1 -1 -1 -1 -1 -1 -1 -1 -1 -1 -1 -1
24 -1 -1 -1 -1 -1 -1 -1 -1 -1 -1 -1 -1 -1 -1 -1 -1 -1 -1 -1 -1
25 -1 -1 -1 -1 -1 -1 -1 -1 -1 -1 -1 -1 -1 -1 -1 -1 -1 -1 -1 -1
26 -1 -1 -1 -1 -1 -1 -1 -1 -1 -1 -1 -1 -1 -1 -1 -1 -1 -1 -1 -1
27 -1 -1 -1 -1 -1 -1 -1 -1 -1 -1 -1 -1 -1 -1 -1 -1 -1 -1 -1 -1
28 -1 -1 -1 -1 -1 -1 -1 -1 -1 -1 -1 -1 -1 -1 -1 -1 -1 -1 -1 -1
29 -1 -1 -1 -1 -1 -1 -1 -1 -1 -1 -1 -1 -1 -1 -1 -1 -1 -1 -1 -1
30 -1 -1 -1 -1 -1 -1 -1 -1 -1 -1 -1 -1 -1 -1 -1 -1 -1 -1 -1 -1
31 -1 -1 -1 -1 -1 -1 -1 -1 -1 -1 -1 -1 -1 -1 -1 -1 -1 -1 -1 -1
32 -1 -1 -1 -1 -1 -1 -1 -1 -1 -1 -1 -1 -1 -1 -1 -1 -1 -1 -1 -1
33 -1 -1 -1 -1 -1 -1 -1 -1 -1 -1 -1 -1 -1 -1 -1 -1 -1 -1 -1 -1
34 -1 -1 -1 -1 -1 -1 -1 -1 -1 -1 -1 -1 -1 -1 -1 -1 -1 -1 -1 -1
35 -1 -1 -1 -1 -1 -1 -1 -1 -1 -1 -1 -1 -1 -1 -1 -1 -1 -1 -1 -1
36 -1 -1 -1 -1 -1 -1 -1 -1 -1 -1 -1 -1 -1 -1 -1 -1 -1 -1 -1 -1
37 -1 -1 -1 -1 -1 -1 -1 -1 -1 -1 -1 -1 -1 -1 -1 -1 -1 -1 -1 -1
38 -1 -1 -1 -1 -1 -1 -1 -1 -1 -1 -1 -1 -1 -1 -1 -1 -1 -1 -1 -1
39 -1 -1 -1 -1 -1 -1 -1 -1 -1 -1 -1 -1 -1 -1 -1 -1 -1 -1 -1 -1
40 -1 -1 -1 -1 -1 -1 -1 -1 -1 -1 -1 -1 -1 -1 -1 -1 -1 -1 -1 -1
41 -1 -1 -1 -1 -1 -1 -1 -1 -1 -1 -1 -1 -1 -1 -1 -1 -1 -1 -1 -1
42 -1 -1 -1 -1 -1 -1 -1 -1 -1 -1 -1 -1 -1 -1 -1 -1 -1 -1 -1 -1
43 -1 -1 -1 -1 -1 -1 -1 -1 -1 -1 -1 -1 -1 -1 -1 -1 -1 -1 -1 -1
44 -1 -1 -1 -1 -1 -1 -1 -1 -1 -1 -1 -1 -1 -1 -1 -1 -1 -1 -1 -1
45 -1 -1 -1 -1 -1 -1 -1 -1 -1 -1 -1 -1 -1 -1 -1 -1 -1 -1 -1 -1
46 -1 -1 -1 -1 -1 -1 -1 -1 -1 -1 -1 -1 -1 -1 -1 -1 -1 -1 -1 -1
47 -1 -1 -1 -1 -1 -1 -1 -1 -1 -1 -1 -1 -1 -1 -1 -1 -1 -1 -1 -1
48 -1 -1 -1 -1 -1 -1 -1 -1 -1 -1 -1 -1 -1 -1 -1 -1 -1 -1 -1 -1
49 -1 -1 -1 -1 -1 -1 -1 -1 -1 -1 -1 -1 -1 -1 -1 -1 -1 -1 -1 -1
50 -1 -1 -1 -1 -1 -1 -1 -1 -1 -1 -1 -1 -1 -1 -1 -1 -1 -1 -1 -1
51 -1 -1 -1 -1 -1 -1 -1 -1 -1 -1 -1 -1 -1 -1 -1 -1 -1 -1 -1 -1
52 -1 -1 -1 -1 -1 -1 -1 -1 -1 -1 -1 -1 -1 -1 -1 -1 -1 -1 -1 -1
53 -1 -1 -1 -1 -1 -1 -1 -1 -1 -1 -1 -1 -1 -1 -1 -1 -1 -1 -1 -1
54 -1 -1 -1 -1 -1 -1 -1 -1 -1 -1 -1 -1 -1 -1 -1 -1 -1 -1 -1 -1
55 -1 -1 -1 -1 -1 -1 -1 -1 -1 -1 -1 -1 -1 -1 -1 -1 -1 -1 -1 -1
56 -1 -1 -1 -1 -1 -1 -1 -1 -1 -1 -1 -1 -1 -1 -1 -1 -1 -1 -1 -1
57 -1 -1 -1 -1 -1 -1 -1 -1 -1 -1 -1 -1 -1 -1 -1 -1 -1 -1 -1 -1
58 -1 -1 -1 -1 -1 -1 -1 -1 -1 -1 -1 -1 -1 -1 -1 -1 -1 -1 -1 -1
59 -1 -1 -1 -1 -1 -1 -1 -1 -1 -1 -1 -1 -1 -1 -1 -1 -1 -1 -1 -1
60 -1 -1 -1 -1 -1 -1 -1 -1 -1 -1 -1 -1 -1 -1 -1 -1 -1 -1 -1 -1
61 -1 -1 -1 -1 -1 -1 -1 -1 -1 -1 -1 -1 -1 -1 -1 -1 -1 -1 -1 -1
62 -1 -1 -1 -1 -1 -1 -1 -1 -1 -1 -1 -1 -1 -1 -1 -1 -1 -1 -1 -1
63 -1 -1 -1 -1 -1 -1 -1 -1 -1 -1 -1 -1 -1 -1 -1 -1 -1 -1 -1 -1
64 -1 -1 -1 -1 -1 -1 -1 -1 -1 -1 -1 -1 -1 -1 -1 -1 -1 -1 -1 -1
65 -1 -1 -1 -1 -1 -1 -1 -1 -1 -1 -1 -1 -1 -1 -1 -1 -1 -1 -1 -1
66 -1 -1 -1 -1 -1 -1 -1 -1 -1 -1 -1 -1 -1 -1 -1 -1 -1 -1 -1 -1
67 -1 -1 -1 -1 -1 -1 -1 -1 -1 -1 -1 -1 -1 -1 -1 -1 -1 -1 -1 -1
68 -1 -1 -1 -1 -1 -1 -1 -1 -1 -1 -1 -1 -1 -1 -1 -1 -1 -1 -1 -1
69 -1 -1 -1 -1 -1 -1 -1 -1 -1 -1 -1 -1 -1 -1 -1 -1 -1 -1 -1 -1
70 -1 -1 -1 -1 -1 -1 -1 -1 -1 -1 -1 -1 -1 -1 -1 -1 -1 -1 -1 -1
71 0.528225 0.272780 0.526667 0.472703 0.524917 0.478232 0.528417 0.467175 0.524917 0.478232 0.537233 0.609094 0.569934 0.728654 0.528417 0.467175 0.507276 0.561313 0.481352 0.659078
72 0.520111 0.273554 0.518359 0.472540 0.517885 0.478012 0.518833 0.467069 0.517885 0.478012 0.530669 0.608789 0.569308 0.729037 0.518833 0.467069 0.499475 0.564624 0.474186 0.659302
73 0.511918 0.275327 0.509857 0.472431 0.508112 0.477936 0.511601 0.466925 0.508112 0.477936 0.524481 0.608507 0.569451 0.728701 0.511601 0.466925 0.489909 0.566240 0.471806 0.661503
74 0.505379 0.274764 0.501680 0.470133 0.501450 0.474223 0.501909 0.466042 0.501450 0.474223 0.519390 0.604821 0.569244 0.727958 0.501909 0.466042 0.484368 0.566261 0.470663 0.663186
75 0.498113 0.274540 0.496333 0.464875 0.495274 0.467301 0.497393 0.462449 0.495274 0.467301 0.517941 0.594427 0.566222 0.721495 0.497393 0.462449 0.479969 0.563416 0.468998 0.664066
76 0.489510 0.273832 0.489988 0.462166 0.487097 0.465741 0.492879 0.458592 0.487097 0.465741 0.492751 0.588528 0.563255 0.710042 0.492879 0.458592 0.472360 0.563554 0.466235 0.664588
77 0.481271 0.271828 0.478056 0.459352 0.474001 0.464636 0.482112 0.454067 0.474001 0.464636 0.475915 0.586150 0.554754 0.692620 0.482112 0.454067 0.465006 0.560441 0.468305 0.663949
78 0.473317 0.267725 0.469674 0.456454 0.466737 0.461322 0.472611 0.451586 0.466737 0.461322 0.462553 0.577471 0.530222 0.677182 0.472611 0.451586 0.458044 0.556295 0.469940 0.660622
79 0.464553 0.265186 0.461370 0.456183 0.459179 0.460234 0.463562 0.452131 0.459179 0.460234 0.452939 0.577486 0.505052 0.670401 0.463562 0.452131 0.460485 0.557915 0.474938 0.661386
80 0.458045 0.263355 0.453957 0.456591 0.450975 0.460494 0.456940 0.452688 0.450975 0.460494 0.445410 0.575427 0.476572 0.665748 0.456940 0.452688 0.453512 0.551735 0.473844 0.651065
81 0.450621 0.261962 0.449603 0.455595 0.447050 0.458760 0.452156 0.452430 0.447050 0.458760 0.436970 0.576435 0.464888 0.675889 0.452156 0.452430 0.445144 0.553373 0.464398 0.653614
82 0.444464 0.259561 0.444939 0.451727 0.437637 0.454950 0.452241 0.448504 0.437637 0.454950 0.415883 0.570890 0.454927 0.680353 0.452241 0.448504 0.452827 0.554638 0.461998 0.663624
83 0.437085 0.257574 0.438985 0.449146 0.429564 0.452319 0.448406 0.445973 0.429564 0.452319 0.402506 0.566989 0.422958 0.682545 0.448406 0.445973 0.454129 0.555275 0.461327 0.667465
84 0.428851 0.257732 0.432238 0.449227 0.422192 0.453171 0.442285 0.445283 0.422192 0.453171 0.396982 0.566695 0.399690 0.682871 0.442285 0.445283 0.450758 0.555464 0.463850 0.667573
85 0.420435 0.257474 0.425701 0.448900 0.416252 0.453367 0.435150 0.444434 0.416252 0.453367 0.392784 0.562660 0.376129 0.679029 0.435150 0.444434 0.446536 0.553567 0.465905 0.668724
86 0.411436 0.257721 0.418105 0.449022 0.409847 0.453591 0.426362 0.444453 0.409847 0.453591 0.388176 0.562023 0.361649 0.674957 0.426362 0.444453 0.440334 0.552590 0.466136 0.668836
87 0.399886 0.259280 0.411287 0.449042 0.404200 0.454010 0.418374 0.444073 0.404200 0.454010 0.385664 0.562637 0.358016 0.673510 0.418374 0.444073 0.428845 0.552370 0.464377 0.667797
88 0.390363 0.260274 0.404255 0.449323 0.396489 0.454154 0.412020 0.444492 0.396489 0.454154 0.373788 0.564051 0.353093 0.674507 0.412020 0.444492 0.430489 0.552777 0.462675 0.667734
89 0.383409 0.259785 0.394068 0.449562 0.389675 0.454363 0.398462 0.444761 0.389675 0.454363 0.373350 0.564763 0.388322 0.667485 0.398462 0.444761 0.414972 0.552814 0.450994 0.665874
90 0.374115 0.259071 0.384289 0.448718 0.379059 0.454130 0.389519 0.443305 0.379059 0.454130 0.365923 0.565178 0.358472 0.669845 0.389519 0.443305 0.413956 0.547579 0.453660 0.661791
91 0.363409 0.257727 0.375257 0.445517 0.366451 0.452125 0.384063 0.438910 0.366451 0.452125 0.352470 0.564463 0.355986 0.670571 0.384063 0.438910 0.408959 0.543045 0.453832 0.655100
92 0.352090 0.257073 0.365048 0.445921 0.358367 0.452172 0.371729 0.439671 0.358367 0.452172 0.351753 0.565897 0.355393 0.671474 0.371729 0.439671 0.393537 0.543713 0.448584 0.647462
93 0.345255 0.255973 0.355438 0.444273 0.349171 0.451356 0.361705 0.437190 0.349171 0.451356 0.344694 0.565679 0.354747 0.672647 0.361705 0.437190 0.379677 0.535093 0.434488 0.625431
94 0.337605 0.254766 0.346850 0.441555 0.341361 0.448562 0.352339 0.434547 0.341361 0.448562 0.340618 0.562266 0.354348 0.673320 0.352339 0.434547 0.365715 0.531564 0.422595 0.618613
95 0.329018 0.254418 0.338229 0.438530 0.332724 0.446426 0.343733 0.430633 0.332724 0.446426 0.336907 0.555612 0.354570 0.671641 0.343733 0.430633 0.352565 0.525880 0.404907 0.613135
96 0.321952 0.255122 0.332662 0.436950 0.325703 0.445607 0.339622 0.428294 0.325703 0.445607 0.330168 0.555996 0.354050 0.669172 0.339622 0.428294 0.344106 0.520110 0.386202 0.613890
97 0.315306 0.254885 0.326224 0.435815 0.321247 0.445176 0.331201 0.426453 0.321247 0.445176 0.327768 0.556349 0.355934 0.666946 0.331201 0.426453 0.336916 0.524856 0.363771 0.621290
98 0.307467 0.255004 0.319747 0.437510 0.316971 0.447277 0.322524 0.427742 0.316971 0.447277 0.327418 0.565980 0.352220 0.667296 0.322524 0.427742 0.329679 0.544764 0.348168 0.638848
99 0.300914 0.255381 0.314385 0.439708 0.314066 0.448497 0.314704 0.430919 0.314066 0.448497 0.325883 0.574505 0.351685 0.671315 0.314704 0.430919 0.323010 0.548296 0.338958 0.638229
100 0.294760 0.255181 0.310511 0.439762 0.311045 0.448160 0.309978 0.431363 0.311045 0.448160 0.317552 0.573076 0.351277 0.671920 0.309978 0.431363 0.315120 0.547223 0.331618 0.633699
101 0.286938 0.255346 0.305199 0.440683 0.305813 0.448258 0.304585 0.433108 0.305813 0.448258 0.310424 0.568532 0.348832 0.669494 0.304585 0.433108 0.300520 0.546335 0.292648 0.618913
102 0.277724 0.255927 0.299620 0.440952 0.302325 0.448338 0.296914 0.433565 0.302325 0.448338 0.307284 0.562737 0.348034 0.668706 0.296914 0.433565 0.286972 0.541273 0.283167 0.617192
103 0.269540 0.259874 0.294041 0.442427 0.300549 0.448743 0.287533 0.436111 0.300549 0.448743 0.307507 0.557422 0.347107 0.663327 0.287533 0.436111 0.286548 0.540658 0.283869 0.619259
104 0.259378 0.263836 0.286697 0.441374 0.300068 0.445114 0.273327 0.437634 0.300068 0.445114 0.310607 0.552792 0.345830 0.656328 0.273327 0.437634 0.275625 0.540622 0.287177 0.620849
105 0.249312 0.263968 0.276462 0.426934 0.294006 0.426665 0.258917 0.427203 0.294006 0.426665 0.309465 0.536596 0.337725 0.649923 0.258917 0.427203 0.265443 0.536713 0.283385 0.621646
106 0.240635 0.262039 0.269105 0.427800 0.290769 0.428011 0.247442 0.427589 0.290769 0.428011 0.309702 0.538261 0.330756 0.651515 0.247442 0.427589 0.261574 0.536141 0.279122 0.622232
107 0.236868 0.263376 0.267008 0.433866 0.289780 0.430850 0.244236 0.436882 0.289780 0.430850 0.308485 0.539239 0.326416 0.647115 0.244236 0.436882 0.258902 0.535732 0.274184 0.619194
108 0.231971 0.264672 0.263152 0.437586 0.284896 0.432034 0.241409 0.443138 0.284896 0.432034 0.302374 0.535767 0.319309 0.632871 0.241409 0.443138 0.257975 0.534613 0.271709 0.609983
109 0.227896 0.264787 0.260281 0.439561 0.281675 0.432423 0.238888 0.446699 0.281675 0.432423 0.299322 0.530255 0.313108 0.615108 0.238888 0.446699 0.256496 0.534711 0.270545 0.612644
110 0.226048 0.266658 0.258802 0.439294 0.280165 0.431503 0.237440 0.447086 0.280165 0.431503 0.293709 0.522821 0.305636 0.601730 0.237440 0.447086 0.255901 0.532658 0.270888 0.612768
111 0.224773 0.268852 0.257507 0.438028 0.279079 0.429435 0.235935 0.446620 0.279079 0.429435 0.287345 0.513249 0.295254 0.589953 0.235935 0.446620 0.252618 0.527319 0.266985 0.611366
112 0.223389 0.272391 0.256510 0.437708 0.277262 0.428709 0.235758 0.446706 0.277262 0.428709 0.283123 0.505966 0.283909 0.573676 0.235758 0.446706 0.250918 0.526589 0.265698 0.603036
113 0.221821 0.279362 0.253947 0.437397 0.272578 0.427830 0.235317 0.446964 0.272578 0.427830 0.279581 0.514060 0.279479 0.592339 0.235317 0.446964 0.246372 0.524725 0.267530 0.597731
114 0.219978 0.286761 0.251797 0.438276 0.270627 0.428317 0.232968 0.448235 0.270627 0.428317 0.275989 0.516394 0.275033 0.593608 0.232968 0.448235 0.246431 0.522003 0.267932 0.594725
115 0.218652 0.293318 0.248252 0.429672 0.267640 0.419576 0.228863 0.439768 0.267640 0.419576 0.275815 0.499137 0.263697 0.558342 0.228863 0.439768 0.237660 0.508616 0.262124 0.584657
116 0.217981 0.301068 0.245723 0.423737 0.266417 0.412792 0.225030 0.434683 0.266417 0.412792 0.277822 0.489322 0.262015 0.546849 0.225030 0.434683 0.239086 0.508057 0.259723 0.588631
117 0.217136 0.305078 0.243110 0.408873 0.264850 0.395109 0.221369 0.422638 0.264850 0.395109 0.281007 0.462564 0.256245 0.490022 0.221369 0.422638 0.237326 0.503228 0.263216 0.590468
118 0.215379 0.304852 0.240091 0.404691 0.260849 0.391784 0.219333 0.417598 0.260849 0.391784 0.285349 0.436765 0.253610 0.504684 0.219333 0.417598 0.229416 0.480844 0.257495 0.579884
119 0.213601 0.306863 0.237585 0.404512 0.258808 0.393446 0.216363 0.415578 0.258808 0.393446 0.290152 0.431462 0.260093 0.459104 0.216363 0.415578 0.229827 0.465193 0.255372 0.577542
120 0.212694 0.311059 0.233431 0.403589 0.253044 0.390639 0.213817 0.416538 0.253044 0.390639 0.292950 0.420232 0.270143 0.420901 0.213817 0.416538 0.230020 0.460967 0.253303 0.564071
121 0.209696 0.315461 0.226712 0.397438 0.244055 0.382617 0.209368 0.412260 0.244055 0.382617 0.281198 0.364278 0.271333 0.439645 0.209368 0.412260 0.230793 0.472780 0.254810 0.570647
122 0.207059 0.323000 0.220628 0.397603 0.237247 0.382579 0.204009 0.412627 0.237247 0.382579 0.279002 0.366166 0.282842 0.398701 0.204009 0.412627 0.226070 0.476758 0.256445 0.574328
123 0.206627 0.333189 0.212967 0.388143 0.229357 0.375750 0.196578 0.400537 0.229357 0.375750 0.276488 0.377474 0.247232 0.447823 0.196578 0.400537 0.224443 0.472306 0.256765 0.578789
124 0.206863 0.337161 0.212146 0.393983 0.228828 0.381882 0.195464 0.406083 0.228828 0.381882 0.268587 0.397153 0.247037 0.459510 0.195464 0.406083 0.227006 0.475874 0.257414 0.581837
125 0.205468 0.336519 0.209288 0.390096 0.224707 0.377585 0.193869 0.402607 0.224707 0.377585 0.261459 0.406687 0.245950 0.484906 0.193869 0.402607 0.227166 0.477448 0.257854 0.581478
126 0.201963 0.339318 0.208740 0.415322 0.224488 0.404250 0.192992 0.426393 0.224488 0.404250 0.258212 0.448502 0.248751 0.529578 0.192992 0.426393 0.227718 0.464199 0.254377 0.570867
127 0.198837 0.347556 0.204100 0.431113 0.220437 0.420484 0.187764 0.441742 0.220437 0.420484 0.249751 0.453839 0.251781 0.546889 0.187764 0.441742 0.227035 0.466347 0.243844 0.562063
128 0.192827 0.351820 0.195423 0.436794 0.211414 0.426863 0.179432 0.446725 0.211414 0.426863 0.242042 0.450240 0.253322 0.569454 0.179432 0.446725 0.213997 0.465796 0.233181 0.551859
129 0.186045 0.361537 0.187684 0.462788 0.201579 0.450783 0.173788 0.474793 0.201579 0.450783 0.244297 0.481730 0.253954 0.576324 0.173788 0.474793 0.211171 0.516966 0.217106 0.556439
130 0.180694 0.371811 0.182540 0.469458 0.191726 0.454805 0.173353 0.484110 0.191726 0.454805 0.240666 0.460564 0.251744 0.554053 0.173353 0.484110 0.235238 0.503275 0.245395 0.562275
131 0.176293 0.376698 0.177673 0.477527 0.183634 0.462461 0.171713 0.492593 0.183634 0.462461 0.235783 0.455578 0.256727 0.552076 0.171713 0.492593 0.239229 0.496829 0.254868 0.564944
132 0.173567 0.383515 0.177049 0.491861 0.180827 0.479582 0.173270 0.504139 0.180827 0.479582 0.232736 0.493322 0.256497 0.570814 0.173270 0.504139 0.238133 0.484236 0.254570 0.541087
133 0.164961 0.389041 0.167253 0.503636 0.166953 0.492268 0.167554 0.515004 0.166953 0.492268 0.215909 0.495683 0.238704 0.569703 0.167554 0.515004 0.236561 0.501800 0.255636 0.556150
134 0.159120 0.398068 0.161891 0.505424 0.170954 0.493684 0.152828 0.517164 0.170954 0.493684 0.223944 0.493406 0.240919 0.560621 0.152828 0.517164 0.167256 0.556213 0.143816 0.623475
135 0.157082 0.396734 0.159343 0.513612 0.160512 0.501280 0.158173 0.525944 0.160512 0.501280 0.215425 0.481874 0.242139 0.556464 0.158173 0.525944 0.199932 0.513731 0.239551 0.596487
136 0.151432 0.393699 0.154375 0.520636 0.150202 0.512041 0.158547 0.529231 0.150202 0.512041 0.198671 0.495134 0.210989 0.575581 0.158547 0.529231 0.217794 0.509361 0.256018 0.591513
137 0.138402 0.391240 0.148996 0.511569 0.135681 0.507386 0.162311 0.515753 0.135681 0.507386 0.168747 0.512567 0.198663 0.568430 0.162311 0.515753 0.219094 0.506956 0.257203 0.584373
138 -1 -1 -1 -1 -1 -1 -1 -1 -1 -1 -1 -1 -1 -1 -1 -1 -1 -1 -1 -1
139 -1 -1 -1 -1 -1 -1 -1 -1 -1 -1 -1 -1 -1 -1 -1 -1 -1 -1 -1 -1
140 -1 -1 -1 -1 -1 -1 -1 -1 -1 -1 -1 -1 -1 -1 -1 -1 -1 -1 -1 -1
141 -1 -1 -1 -1 -1 -1 -1 -1 -1 -1 -1 -1 -1 -1 -1 -1 -1 -1 -1 -1
142 -1 -1 -1 -1 -1 -1 -1 -1 -1 -1 -1 -1 -1 -1 -1 -1 -1 -1 -1 -1
143 -1 -1 -1 -1 -1 -1 -1 -1 -1 -1 -1 -1 -1 -1 -1 -1 -1 -1 -1 -1
144 -1 -1 -1 -1 -1 -1 -1 -1 -1 -1 -1 -1 -1 -1 -1 -1 -1 -1 -1 -1
145 -1 -1 -1 -1 -1 -1 -1 -1 -1 -1 -1 -1 -1 -1 -1 -1 -1 -1 -1 -1
146 -1 -1 -1 -1 -1 -1 -1 -1 -1 -1 -1 -1 -1 -1 -1 -1 -1 -1 -1 -1
147 -1 -1 -1 -1 -1 -1 -1 -1 -1 -1 -1 -1 -1 -1 -1 -1 -1 -1 -1 -1
148 -1 -1 -1 -1 -1 -1 -1 -1 -1 -1 -1 -1 -1 -1 -1 -1 -1 -1 -1 -1
149 -1 -1 -1 -1 -1 -1 -1 -1 -1 -1 -1 -1 -1 -1 -1 -1 -1 -1 -1 -1
150 -1 -1 -1 -1 -1 -1 -1 -1 -1 -1 -1 -1 -1 -1 -1 -1 -1 -1 -1 -1
151 -1 -1 -1 -1 -1 -1 -1 -1 -1 -1 -1 -1 -1 -1 -1 -1 -1 -1 -1 -1
152 -1 -1 -1 -1 -1 -1 -1 -1 -1 -1 -1 -1 -1 -1 -1 -1 -1 -1 -1 -1
153 -1 -1 -1 -1 -1 -1 -1 -1 -1 -1 -1 -1 -1 -1 -1 -1 -1 -1 -1 -1
154 -1 -1 -1 -1 -1 -1 -1 -1 -1 -1 -1 -1 -1 -1 -1 -1 -1 -1 -1 -1
155 -1 -1 -1 -1 -1 -1 -1 -1 -1 -1 -1 -1 -1 -1 -1 -1 -1 -1 -1 -1
156 -1 -1 -1 -1 -1 -1 -1 -1 -1 -1 -1 -1 -1 -1 -1 -1 -1 -1 -1 -1
157 -1 -1 -1 -1 -1 -1 -1 -1 -1 -1 -1 -1 -1 -1 -1 -1 -1 -1 -1 -1
158 -1 -1 -1 -1 -1 -1 -1 -1 -1 -1 -1 -1 -1 -1 -1 -1 -1 -1 -1 -1
159 -1 -1 -1 -1 -1 -1 -1 -1 -1 -1 -1 -1 -1 -1 -1 -1 -1 -1 -1 -1
160 -1 -1 -1 -1 -1 -1 -1 -1 -1 -1 -1 -1 -1 -1 -1 -1 -1 -1 -1 -1
161 -1 -1 -1 -1 -1 -1 -1 -1 -1 -1 -1 -1 -1 -1 -1 -1 -1 -1 -1 -1
162 -1 -1 -1 -1 -1 -1 -1 -1 -1 -1 -1 -1 -1 -1 -1 -1 -1 -1 -1 -1
163 -1 -1 -1 -1 -1 -1 -1 -1 -1 -1 -1 -1 -1 -1 -1 -1 -1 -1 -1 -1
164 -1 -1 -1 -1 -1 -1 -1 -1 -1 -1 -1 -1 -1 -1 -1 -1 -1 -1 -1 -1
165 -1 -1 -1 -1 -1 -1 -1 -1 -1 -1 -1 -1 -1 -1 -1 -1 -1 -1 -1 -1
166 -1 -1 -1 -1 -1 -1 -1 -1 -1 -1 -1 -1 -1 -1 -1 -1 -1 -1 -1 -1
167 -1 -1 -1 -1 -1 -1 -1 -1 -1 -1 -1 -1 -1 -1 -1 -1 -1 -1 -1 -1
168 -1 -1 -1 -1 -1 -1 -1 -1 -1 -1 -1 -1 -1 -1 -1 -1 -1 -1 -1 -1
169 -1 -1 -1 -1 -1 -1 -1 -1 -1 -1 -1 -1 -1 -1 -1 -1 -1 -1 -1 -1
170 -1 -1 -1 -1 -1 -1 -1 -1 -1 -1 -1 -1 -1 -1 -1 -1 -1 -1 -1 -1
171 -1 -1 -1 -1 -1 -1 -1 -1 -1 -1 -1 -1 -1 -1 -1 -1 -1 -1 -1 -1
172 -1 -1 -1 -1 -1 -1 -1 -1 -1 -1 -1 -1 -1 -1 -1 -1 -1 -1 -1 -1
173 -1 -1 -1 -1 -1 -1 -1 -1 -1 -1 -1 -1 -1 -1 -1 -1 -1 -1 -1 -1
174 -1 -1 -1 -1 -1 -1 -1 -1 -1 -1 -1 -1 -1 -1 -1 -1 -1 -1 -1 -1
175 -1 -1 -1 -1 -1 -1 -1 -1 -1 -1 -1 -1 -1 -1 -1 -1 -1 -1 -1 -1
176 -1 -1 -1 -1 -1 -1 -1 -1 -1 -1 -1 -1 -1 -1 -1 -1 -1 -1 -1 -1
177 -1 -1 -1 -1 -1 -1 -1 -1 -1 -1 -1 -1 -1 -1 -1 -1 -1 -1 -1 -1
178 -1 -1 -1 -1 -1 -1 -1 -1 -1 -1 -1 -1 -1 -1 -1 -1 -1 -1 -1 -1
179 -1 -1 -1 -1 -1 -1 -1 -1 -1 -1 -1 -1 -1 -1 -1 -1 -1 -1 -1 -1
180 -1 -1 -1 -1 -1 -1 -1 -1 -1 -1 -1 -1 -1 -1 -1 -1 -1 -1 -1 -1
181 -1 -1 -1 -1 -1 -1 -1 -1 -1 -1 -1 -1 -1 -1 -1 -1 -1 -1 -1 -1
182 -1 -1 -1 -1 -1 -1 -1 -1 -1 -1 -1 -1 -1 -1 -1 -1 -1 -1 -1 -1
183 -1 -1 -1 -1 -1 -1 -1 -1 -1 -1 -1 -1 -1 -1 -1 -1 -1 -1 -1 -1
184 -1 -1 -1 -1 -1 -1 -1 -1 -1 -1 -1 -1 -1 -1 -1 -1 -1 -1 -1 -1
185 -1 -1 -1 -1 -1 -1 -1 -1 -1 -1 -1 -1 -1 -1 -1 -1 -1 -1 -1 -1
186 -1 -1 -1 -1 -1 -1 -1 -1 -1 -1 -1 -1 -1 -1 -1 -1 -1 -1 -1 -1
187 -1 -1 -1 -1 -1 -1 -1 -1 -1 -1 -1 -1 -1 -1 -1 -1 -1 -1 -1 -1
188 -1 -1 -1 -1 -1 -1 -1 -1 -1 -1 -1 -1 -1 -1 -1 -1 -1 -1 -1 -1
189 -1 -1 -1 -1 -1 -1 -1 -1 -1 -1 -1 -1 -1 -1 -1 -1 -1 -1 -1 -1
190 -1 -1 -1 -1 -1 -1 -1 -1 -1 -1 -1 -1 -1 -1 -1 -1 -1 -1 -1 -1
191 -1 -1 -1 -1 -1 -1 -1 -1 -1 -1 -1 -1 -1 -1 -1 -1 -1 -1 -1 -1
192 -1 -1 -1 -1 -1 -1 -1 -1 -1 -1 -1 -1 -1 -1 -1 -1 -1 -1 -1 -1
193 -1 -1 -1 -1 -1 -1 -1 -1 -1 -1 -1 -1 -1 -1 -1 -1 -1 -1 -1 -1
194 -1 -1 -1 -1 -1 -1 -1 -1 -1 -1 -1 -1 -1 -1 -1 -1 -1 -1 -1 -1
195 -1 -1 -1 -1 -1 -1 -1 -1 -1 -1 -1 -1 -1 -1 -1 -1 -1 -1 -1 -1
196 -1 -1 -1 -1 -1 -1 -1 -1 -1 -1 -1 -1 -1 -1 -1 -1 -1 -1 -1 -1
197 -1 -1 -1 -1 -1 -1 -1 -1 -1 -1 -1 -1 -1 -1 -1 -1 -1 -1 -1 -1
198 -1 -1 -1 -1 -1 -1 -1 -1 -1 -1 -1 -1 -1 -1 -1 -1 -1 -1 -1 -1
199 -1 -1 -1 -1 -1 -1 -1 -1 -1 -1 -1 -1 -1 -1 -1 -1 -1 -1 -1 -1
200 -1 -1 -1 -1 -1 -1 -1 -1 -1 -1 -1 -1 -1 -1 -1 -1 -1 -1 -1 -1
201 -1 -1 -1 -1 -1 -1 -1 -1 -1 -1 -1 -1 -1 -1 -1 -1 -1 -1 -1 -1
202 -1 -1 -1 -1 -1 -1 -1 -1 -1 -1 -1 -1 -1 -1 -1 -1 -1 -1 -1 -1
203 -1 -1 -1 -1 -1 -1 -1 -1 -1 -1 -1 -1 -1 -1 -1 -1 -1 -1 -1 -1
204 -1 -1 -1 -1 -1 -1 -1 -1 -1 -1 -1 -1 -1 -1 -1 -1 -1 -1 -1 -1
205 -1 -1 -1 -1 -1 -1 -1 -1 -1 -1 -1 -1 -1 -1 -1 -1 -1 -1 -1 -1
206 -1 -1 -1 -1 -1 -1 -1 -1 -1 -1 -1 -1 -1 -1 -1 -1 -1 -1 -1 -1
207 -1 -1 -1 -1 -1 -1 -1 -1 -1 -1 -1 -1 -1 -1 -1 -1 -1 -1 -1 -1
208 -1 -1 -1 -1 -1 -1 -1 -1 -1 -1 -1 -1 -1 -1 -1 -1 -1 -1 -1 -1
209 -1 -1 -1 -1 -1 -1 -1 -1 -1 -1 -1 -1 -1 -1 -1 -1 -1 -1 -1 -1
210 -1 -1 -1 -1 -1 -1 -1 -1 -1 -1 -1 -1 -1 -1 -1 -1 -1 -1 -1 -1
211 -1 -1 -1 -1 -1 -1 -1 -1 -1 -1 -1 -1 -1 -1 -1 -1 -1 -1 -1 -1
212 -1 -1 -1 -1 -1 -1 -1 -1 -1 -1 -1 -1 -1 -1 -1 -1 -1 -1 -1 -1
213 -1 -1 -1 -1 -1 -1 -1 -1 -1 -1 -1 -1 -1 -1 -1 -1 -1 -1 -1 -1
214 -1 -1 -1 -1 -1 -1 -1 -1 -1 -1 -1 -1 -1 -1 -1 -1 -1 -1 -1 -1
215 -1 -1 -1 -1 -1 -1 -1 -1 -1 -1 -1 -1 -1 -1 -1 -1 -1 -1 -1 -1
