0
0
0 -1 -1 -1 -1 -1 -1 -1 -1 -1 -1 -1 -1 -1 -1 -1 -1 -1 -1 -1 -1
1 -1 -1 -1 -1 -1 -1 -1 -1 -1 -1 -1 -1 -1 -1 -1 -1 -1 -1 -1 -1
2 -1 -1 -1 -1 -1 -1 -1 -1 -1 -1 -1 -1 -1 -1 -1 -1 -1 -1 -1 -1
3 -1 -1 -1 -1 -1 -1 -1 -1 -1 -1 -1 -1 -1 -1 -1 -1 -1 -1 -1 -1
4 -1 -1 -1 -1 -1 -1 -1 -1 -1 -1 -1 -1 -1 -1 -1 -1 -1 -1 -1 -1
5 -1 -1 -1 -1 -1 -1 -1 -1 -1 -1 -1 -1 -1 -1 -1 -1 -1 -1 -1 -1
6 -1 -1 -1 -1 -1 -1 -1 -1 -1 -1 -1 -1 -1 -1 -1 -1 -1 -1 -1 -1
7 -1 -1 -1 -1 -1 -1 -1 -1 -1 -1 -1 -1 -1 -1 -1 -1 -1 -1 -1 -1
8 -1 -1 -1 -1 -1 -1 -1 -1 -1 -1 -1 -1 -1 -1 -1 -1 -1 -1 -1 -1
9 -1 -1 -1 -1 -1 -1 -1 -1 -1 -1 -1 -1 -1 -1 -1 -1 -1 -1 -1 -1
10 -1 -1 -1 -1 -1 -1 -1 -1 -1 -1 -1 -1 -1 -1 -1 -1 -1 -1 -1 -1
11 -1 -1 -1 -1 -1 -1 -1 -1 -1 -1 -1 -1 -1 -1 -1 -1 -1 -1 -1 -1
12 -1 -1 -1 -1 -1 -1 -1 -1 -1 -1 -1 -1 -1 -1 -1 -1 -1 -1 -1 -1
13 -1 -1 -1 -1 -1 -1 -1 -1 -1 -1 -1 -1 -1 -1 -1 -1 -1 -1 -1 -1
14 -1 -1 -1 -1 -1 -1 -1 -1 -1 -1 -1 -1 -1 -1 -1 -1 -1 -1 -1 -1
15 -1 -1 -1 -1 -1 -1 -1 -1 -1 -1 -1 -1 -1 -1 -1 -1 -1 -1 -1 -1
16 -1 -1 -1 -1 -1 -1 -1 -1 -1 -1 -1 -1 -1 -1 -1 -1 -1 -1 -1 -1
17 -1 -1 -1 -1 -1 -1 -1 -1 -1 -1 -1 -1 -1 -1 -1 -1 -1 -1 -1 -1
18 -1 -1 -1 -1 -1 -1 -1 -1 -1 -1 -1 -1 -1 -1 -1 -1 -1 -1 -1 -1
19 -1 -1 -1 -1 -1 -1 -1 -1 -1 -1 -1 -1 -1 -1 -1 -1 -1 -1 -1 -1
20 -1 -1 -1 -1 -1 -1 -1 -1 -1 -1 -1 -1 -1 -1 -1 -1 -1 -1 -1 -1
21 -1 -1 -1 -1 -1 -1 -1 -1 -1 -1 -1 -1 -1 -1 -1 -1 -1 -1 -1 -1
22 -1 -1 -1 -1 -1 -1 -1 -1 -1 -1 -1 -1 -1 -1 -1 -1 -1 -1 -1 -1
23 -1 -1 -1 -1 -1 -1 -1 -1 -1 -1 -1 -1 -1 -1 -1 -1 -1 -1 -1 -1
24 -1 -1 -1 -1 -1 -1 -1 -1 -1 -1 -1 -1 -1 -1 -1 -1 -1 -1 -1 -1
25 -1 -1 -1 -1 -1 -1 -1 -1 -1 -1 -1 -1 -1 -1 -1 -1 -1 -1 -1 -1
26 -1 -1 -1 -1 -1 -1 -1 -1 -1 -1 -1 -1 -1 -1 -1 -1 -1 -1 -1 -1
27 -1 -1 -1 -1 -1 -1 -1 -1 -1 -1 -1 -1 -1 -1 -1 -1 -1 -1 -1 -1
28 -1 -1 -1 -1 -1 -1 -1 -1 -1 -1 -1 -1 -1 -1 -1 -1 -1 -1 -1 -1
29 -1 -1 -1 -1 -1 -1 -1 -1 -1 -1 -1 -1 -1 -1 -1 -1 -1 -1 -1 -1
30 -1 -1 -1 -1 -1 -1 -1 -1 -1 -1 -1 -1 -1 -1 -1 -1 -1 -1 -1 -1
31 -1 -1 -1 -1 -1 -1 -1 -1 -1 -1 -1 -1 -1 -1 -1 -1 -1 -1 -1 -1
32 -1 -1 -1 -1 -1 -1 -1 -1 -1 -1 -1 -1 -1 -1 -1 -1 -1 -1 -1 -1
33 -1 -1 -1 -1 -1 -1 -1 -1 -1 -1 -1 -1 -1 -1 -1 -1 -1 -1 -1 -1
34 -1 -1 -1 -1 -1 -1 -1 -1 -1 -1 -1 -1 -1 -1 -1 -1 -1 -1 -1 -1
35 -1 -1 -1 -1 -1 -1 -1 -1 -1 -1 -1 -1 -1 -1 -1 -1 -1 -1 -1 -1
36 -1 -1 -1 -1 -1 -1 -1 -1 -1 -1 -1 -1 -1 -1 -1 -1 -1 -1 -1 -1
37 -1 -1 -1 -1 -1 -1 -1 -1 -1 -1 -1 -1 -1 -1 -1 -1 -1 -1 -1 -1
38 -1 -1 -1 -1 -1 -1 -1 -1 -1 -1 -1 -1 -1 -1 -1 -1 -1 -1 -1 -1
39 -1 -1 -1 -1 -1 -1 -1 -1 -1 -1 -1 -1 -1 -1 -1 -1 -1 -1 -1 -1
40 -1 -1 -1 -1 -1 -1 -1 -1 -1 -1 -1 -1 -1 -1 -1 -1 -1 -1 -1 -1
41 -1 -1 -1 -1 -1 -1 -1 -1 -1 -1 -1 -1 -1 -1 -1 -1 -1 -1 -1 -1
42 -1 -1 -1 -1 -1 -1 -1 -1 -1 -1 -1 -1 -1 -1 -1 -1 -1 -1 -1 -1
43 -1 -1 -1 -1 -1 -1 -1 -1 -1 -1 -1 -1 -1 -1 -1 -1 -1 -1 -1 -1
44 -1 -1 -1 -1 -1 -1 -1 -1 -1 -1 -1 -1 -1 -1 -1 -1 -1 -1 -1 -1
45 -1 -1 -1 -1 -1 -1 -1 -1 -1 -1 -1 -1 -1 -1 -1 -1 -1 -1 -1 -1
46 -1 -1 -1 -1 -1 -1 -1 -1 -1 -1 -1 -1 -1 -1 -1 -1 -1 -1 -1 -1
47 -1 -1 -1 -1 -1 -1 -1 -1 -1 -1 -1 -1 -1 -1 -1 -1 -1 -1 -1 -1
48 -1 -1 -1 -1 -1 -1 -1 -1 -1 -1 -1 -1 -1 -1 -1 -1 -1 -1 -1 -1
49 -1 -1 -1 -1 -1 -1 -1 -1 -1 -1 -1 -1 -1 -1 -1 -1 -1 -1 -1 -1
50 -1 -1 -1 -1 -1 -1 -1 -1 -1 -1 -1 -1 -1 -1 -1 -1 -1 -1 -1 -1
51 -1 -1 -1 -1 -1 -1 -1 -1 -1 -1 -1 -1 -1 -1 -1 -1 -1 -1 -1 -1
52 -1 -1 -1 -1 -1 -1 -1 -1 -1 -1 -1 -1 -1 -1 -1 -1 -1 -1 -1 -1
53 -1 -1 -1 -1 -1 -1 -1 -1 -1 -1 -1 -1 -1 -1 -1 -1 -1 -1 -1 -1
54 0.099511 0.320995 0.106440 0.416245 0.086792 0.420111 0.126089 0.412379 0.086792 0.420111 0.110739 0.452639 0.112033 0.509840 0.126089 0.412379 0.165279 0.434685 0.199029 0.487695
55 0.098338 0.319329 0.105075 0.412947 0.086610 0.419089 0.123540 0.406806 0.086610 0.419089 0.109251 0.485402 0.119143 0.562916 0.123540 0.406806 0.162567 0.443205 0.186125 0.497079
56 0.096955 0.321812 0.102918 0.414279 0.085907 0.421137 0.119929 0.407421 0.085907 0.421137 0.106933 0.505058 0.117134 0.595223 0.119929 0.407421 0.162880 0.456195 0.194753 0.529044
57 0.096806 0.330091 0.100298 0.413151 0.097423 0.412993 0.103174 0.413308 0.097423 0.412993 0.139821 0.486893 0.159669 0.564158 0.103174 0.413308 0.144440 0.478645 0.164615 0.569025
58 0.107015 0.340963 0.110922 0.426691 0.112387 0.413125 0.109456 0.440256 0.112387 0.413125 0.160429 0.485391 0.190668 0.556223 0.109456 0.440256 0.148376 0.492832 0.155889 0.582902
59 0.112828 0.342955 0.116404 0.437549 0.118549 0.420806 0.114258 0.454292 0.118549 0.420806 0.151323 0.479385 0.163444 0.552006 0.114258 0.454292 0.147549 0.496718 0.153248 0.567396
60 -1 -1 -1 -1 -1 -1 -1 -1 -1 -1 -1 -1 -1 -1 -1 -1 -1 -1 -1 -1
61 0.116009 0.331997 0.101008 0.486641 0.108665 0.487494 0.093352 0.485788 0.108665 0.487494 0.180360 0.452479 0.167058 0.492224 0.093352 0.485788 0.149368 0.544541 0.128481 0.635275
62 -1 -1 -1 -1 -1 -1 -1 -1 -1 -1 -1 -1 -1 -1 -1 -1 -1 -1 -1 -1
63 -1 -1 -1 -1 -1 -1 -1 -1 -1 -1 -1 -1 -1 -1 -1 -1 -1 -1 -1 -1
64 0.170104 0.349365 0.146567 0.481747 0.142508 0.475941 0.150626 0.487553 0.142508 0.475941 0.208774 0.468773 0.220517 0.530335 0.150626 0.487553 0.223214 0.468242 0.233073 0.539173
65 0.174923 0.347583 0.147361 0.468580 0.142901 0.463912 0.151820 0.473248 0.142901 0.463912 0.164971 0.488320 0.158310 0.566537 0.151820 0.473248 0.198512 0.490569 0.180175 0.556026
66 0.182523 0.347691 0.149224 0.470611 0.146325 0.465596 0.152122 0.475626 0.146325 0.465596 0.174849 0.484501 0.183599 0.557714 0.152122 0.475626 0.198348 0.496933 0.192993 0.554444
67 -1 -1 -1 -1 -1 -1 -1 -1 -1 -1 -1 -1 -1 -1 -1 -1 -1 -1 -1 -1
68 -1 -1 -1 -1 -1 -1 -1 -1 -1 -1 -1 -1 -1 -1 -1 -1 -1 -1 -1 -1
69 -1 -1 -1 -1 -1 -1 -1 -1 -1 -1 -1 -1 -1 -1 -1 -1 -1 -1 -1 -1
70 -1 -1 -1 -1 -1 -1 -1 -1 -1 -1 -1 -1 -1 -1 -1 -1 -1 -1 -1 -1
71 -1 -1 -1 -1 -1 -1 -1 -1 -1 -1 -1 -1 -1 -1 -1 -1 -1 -1 -1 -1
72 -1 -1 -1 -1 -1 -1 -1 -1 -1 -1 -1 -1 -1 -1 -1 -1 -1 -1 -1 -1
73 -1 -1 -1 -1 -1 -1 -1 -1 -1 -1 -1 -1 -1 -1 -1 -1 -1 -1 -1 -1
74 -1 -1 -1 -1 -1 -1 -1 -1 -1 -1 -1 -1 -1 -1 -1 -1 -1 -1 -1 -1
75 -1 -1 -1 -1 -1 -1 -1 -1 -1 -1 -1 -1 -1 -1 -1 -1 -1 -1 -1 -1
76 -1 -1 -1 -1 -1 -1 -1 -1 -1 -1 -1 -1 -1 -1 -1 -1 -1 -1 -1 -1
77 -1 -1 -1 -1 -1 -1 -1 -1 -1 -1 -1 -1 -1 -1 -1 -1 -1 -1 -1 -1
78 -1 -1 -1 -1 -1 -1 -1 -1 -1 -1 -1 -1 -1 -1 -1 -1 -1 -1 -1 -1
79 -1 -1 -1 -1 -1 -1 -1 -1 -1 -1 -1 -1 -1 -1 -1 -1 -1 -1 -1 -1
80 -1 -1 -1 -1 -1 -1 -1 -1 -1 -1 -1 -1 -1 -1 -1 -1 -1 -1 -1 -1
81 -1 -1 -1 -1 -1 -1 -1 -1 -1 -1 -1 -1 -1 -1 -1 -1 -1 -1 -1 -1
82 -1 -1 -1 -1 -1 -1 -1 -1 -1 -1 -1 -1 -1 -1 -1 -1 -1 -1 -1 -1
83 -1 -1 -1 -1 -1 -1 -1 -1 -1 -1 -1 -1 -1 -1 -1 -1 -1 -1 -1 -1
84 -1 -1 -1 -1 -1 -1 -1 -1 -1 -1 -1 -1 -1 -1 -1 -1 -1 -1 -1 -1
85 -1 -1 -1 -1 -1 -1 -1 -1 -1 -1 -1 -1 -1 -1 -1 -1 -1 -1 -1 -1
86 -1 -1 -1 -1 -1 -1 -1 -1 -1 -1 -1 -1 -1 -1 -1 -1 -1 -1 -1 -1
87 -1 -1 -1 -1 -1 -1 -1 -1 -1 -1 -1 -1 -1 -1 -1 -1 -1 -1 -1 -1
88 -1 -1 -1 -1 -1 -1 -1 -1 -1 -1 -1 -1 -1 -1 -1 -1 -1 -1 -1 -1
89 -1 -1 -1 -1 -1 -1 -1 -1 -1 -1 -1 -1 -1 -1 -1 -1 -1 -1 -1 -1
90 -1 -1 -1 -1 -1 -1 -1 -1 -1 -1 -1 -1 -1 -1 -1 -1 -1 -1 -1 -1
91 -1 -1 -1 -1 -1 -1 -1 -1 -1 -1 -1 -1 -1 -1 -1 -1 -1 -1 -1 -1
92 -1 -1 -1 -1 -1 -1 -1 -1 -1 -1 -1 -1 -1 -1 -1 -1 -1 -1 -1 -1
93 -1 -1 -1 -1 -1 -1 -1 -1 -1 -1 -1 -1 -1 -1 -1 -1 -1 -1 -1 -1
94 -1 -1 -1 -1 -1 -1 -1 -1 -1 -1 -1 -1 -1 -1 -1 -1 -1 -1 -1 -1
95 -1 -1 -1 -1 -1 -1 -1 -1 -1 -1 -1 -1 -1 -1 -1 -1 -1 -1 -1 -1
96 -1 -1 -1 -1 -1 -1 -1 -1 -1 -1 -1 -1 -1 -1 -1 -1 -1 -1 -1 -1
97 -1 -1 -1 -1 -1 -1 -1 -1 -1 -1 -1 -1 -1 -1 -1 -1 -1 -1 -1 -1
98 -1 -1 -1 -1 -1 -1 -1 -1 -1 -1 -1 -1 -1 -1 -1 -1 -1 -1 -1 -1
99 -1 -1 -1 -1 -1 -1 -1 -1 -1 -1 -1 -1 -1 -1 -1 -1 -1 -1 -1 -1
100 -1 -1 -1 -1 -1 -1 -1 -1 -1 -1 -1 -1 -1 -1 -1 -1 -1 -1 -1 -1
101 0.329724 0.202781 0.347181 0.374281 0.347547 0.372575 0.346815 0.375986 0.347547 0.372575 0.333335 0.468950 0.319432 0.557500 0.346815 0.375986 0.386650 0.463341 0.412438 0.556387
102 0.337395 0.202110 0.353623 0.373099 0.355467 0.371287 0.351778 0.374912 0.355467 0.371287 0.340376 0.466879 0.316930 0.553942 0.351778 0.374912 0.390344 0.463354 0.414607 0.559741
103 0.344239 0.202106 0.362283 0.371646 0.366985 0.369292 0.357581 0.374000 0.366985 0.369292 0.370963 0.465534 0.324665 0.548842 0.357581 0.374000 0.385641 0.464211 0.388485 0.559200
104 0.351023 0.201731 0.374637 0.370816 0.380781 0.368160 0.368494 0.373472 0.380781 0.368160 0.390036 0.464645 0.404317 0.556025 0.368494 0.373472 0.380595 0.472521 0.348225 0.558918
105 0.359181 0.198482 0.385322 0.367593 0.392349 0.363721 0.378296 0.371466 0.392349 0.363721 0.397932 0.463598 0.410585 0.556977 0.378296 0.371466 0.392067 0.470846 0.352708 0.558498
106 0.366276 0.194738 0.392077 0.362895 0.399637 0.359064 0.384518 0.366726 0.399637 0.359064 0.405193 0.458909 0.403830 0.556285 0.384518 0.366726 0.397542 0.468028 0.369106 0.560543
107 0.373665 0.193663 0.396423 0.361074 0.406111 0.357184 0.386734 0.364963 0.406111 0.357184 0.409767 0.456132 0.402290 0.554908 0.386734 0.364963 0.403594 0.466094 0.383778 0.560168
108 0.380712 0.193326 0.402646 0.361225 0.412538 0.357426 0.392753 0.365023 0.412538 0.357426 0.415944 0.453729 0.410255 0.554227 0.392753 0.365023 0.405995 0.465889 0.401141 0.564515
109 0.388835 0.194019 0.408393 0.361226 0.420052 0.357365 0.396733 0.365086 0.420052 0.357365 0.419705 0.453548 0.415354 0.553757 0.396733 0.365086 0.412645 0.465766 0.412620 0.564097
110 0.396449 0.196335 0.414026 0.361636 0.426057 0.357422 0.401994 0.365851 0.426057 0.357422 0.423112 0.457834 0.418149 0.559843 0.401994 0.365851 0.421573 0.472019 0.423310 0.572943
111 0.404261 0.198548 0.418175 0.361763 0.431145 0.357407 0.405204 0.366120 0.431145 0.357407 0.425590 0.460412 0.420619 0.560127 0.405204 0.366120 0.430848 0.471751 0.433708 0.577060
112 0.411614 0.203818 0.424984 0.366118 0.437893 0.359819 0.412074 0.372416 0.437893 0.359819 0.427378 0.463825 0.421410 0.560372 0.412074 0.372416 0.444579 0.478623 0.468745 0.597645
113 0.417869 0.208909 0.432691 0.370251 0.446081 0.364089 0.419300 0.376413 0.446081 0.364089 0.432272 0.466510 0.421877 0.560561 0.419300 0.376413 0.451418 0.483734 0.478446 0.606918
114 0.424559 0.213960 0.441962 0.372651 0.454988 0.366344 0.428936 0.378959 0.454988 0.366344 0.439709 0.467274 0.421401 0.555865 0.428936 0.378959 0.459690 0.489333 0.482651 0.611235
115 0.430206 0.216705 0.447858 0.375668 0.460666 0.369407 0.435049 0.381929 0.460666 0.369407 0.447389 0.473915 0.425546 0.550169 0.435049 0.381929 0.464924 0.495103 0.480110 0.609851
116 0.435742 0.219030 0.454563 0.378830 0.467670 0.372371 0.441455 0.385289 0.467670 0.372371 0.456435 0.476949 0.438100 0.550328 0.441455 0.385289 0.467722 0.495235 0.471780 0.603200
117 0.441097 0.219476 0.459620 0.381200 0.472422 0.375517 0.446818 0.386884 0.472422 0.375517 0.466306 0.480236 0.447496 0.550788 0.446818 0.386884 0.472038 0.495716 0.473232 0.602551
118 0.446518 0.219761 0.468775 0.385482 0.481591 0.379083 0.455959 0.391881 0.481591 0.379083 0.480547 0.483527 0.462474 0.558022 0.455959 0.391881 0.476398 0.501325 0.476841 0.605185
119 0.451309 0.221869 0.474771 0.389191 0.488749 0.382406 0.460793 0.395977 0.488749 0.382406 0.496188 0.483765 0.466144 0.555040 0.460793 0.395977 0.474872 0.508878 0.479985 0.609163
120 0.456630 0.224538 0.481754 0.393592 0.497010 0.387057 0.466498 0.400126 0.497010 0.387057 0.513334 0.487395 0.474200 0.551623 0.466498 0.400126 0.477441 0.512132 0.481294 0.610198
121 0.462232 0.225735 0.485159 0.396637 0.500801 0.390384 0.469516 0.402890 0.500801 0.390384 0.518847 0.496169 0.491271 0.575929 0.469516 0.402890 0.479269 0.511166 0.481317 0.610082
122 0.467832 0.226395 0.488642 0.402331 0.505022 0.397248 0.472262 0.407415 0.505022 0.397248 0.524639 0.501886 0.510213 0.598074 0.472262 0.407415 0.478994 0.515683 0.483713 0.616521
123 0.473717 0.227264 0.492327 0.405364 0.508798 0.400876 0.475855 0.409852 0.508798 0.400876 0.526926 0.511794 0.531447 0.620570 0.475855 0.409852 0.482441 0.524555 0.484548 0.619573
124 0.480690 0.229301 0.496130 0.408269 0.513805 0.404926 0.478455 0.411613 0.513805 0.404926 0.532235 0.523670 0.550214 0.638135 0.478455 0.411613 0.483985 0.528414 0.485662 0.625385
125 0.488140 0.233215 0.501701 0.415187 0.520802 0.412785 0.482601 0.417588 0.520802 0.412785 0.539477 0.532384 0.563285 0.645713 0.482601 0.417588 0.485867 0.530627 0.484252 0.622555
126 0.495099 0.235762 0.506220 0.418952 0.524740 0.417279 0.487699 0.420625 0.524740 0.417279 0.544290 0.537356 0.575105 0.660663 0.487699 0.420625 0.489239 0.531507 0.484289 0.624529
127 0.503407 0.240379 0.511669 0.424126 0.530785 0.423654 0.492554 0.424598 0.530785 0.423654 0.548454 0.543870 0.574502 0.667215 0.492554 0.424598 0.492467 0.533823 0.484916 0.623685
128 0.510907 0.240995 0.517974 0.427700 0.536774 0.427578 0.499174 0.427821 0.536774 0.427578 0.552564 0.545288 0.571534 0.667954 0.499174 0.427821 0.495691 0.536241 0.485146 0.623604
129 0.518223 0.241444 0.525021 0.429286 0.543768 0.429471 0.506273 0.429101 0.543768 0.429471 0.557077 0.543579 0.570936 0.665214 0.506273 0.429101 0.502143 0.534384 0.485710 0.623369
130 0.525321 0.241366 0.532777 0.430915 0.552329 0.430999 0.513225 0.430831 0.552329 0.430999 0.562068 0.546366 0.568208 0.665279 0.513225 0.430831 0.507717 0.538911 0.487830 0.622346
131 0.531927 0.242360 0.541161 0.434730 0.560816 0.434185 0.521506 0.435276 0.560816 0.434185 0.567141 0.550642 0.571317 0.666104 0.521506 0.435276 0.515189 0.545577 0.491037 0.621215
132 0.537027 0.242326 0.544460 0.437414 0.564273 0.436752 0.524646 0.438076 0.564273 0.436752 0.568250 0.552317 0.571346 0.666882 0.524646 0.438076 0.519985 0.548799 0.496371 0.621139
133 0.543384 0.242665 0.548983 0.439698 0.568213 0.438649 0.529753 0.440746 0.568213 0.438649 0.571077 0.553970 0.571096 0.667916 0.529753 0.440746 0.529977 0.553616 0.505087 0.624204
134 0.548584 0.242390 0.552407 0.438315 0.571757 0.436614 0.533057 0.440016 0.571757 0.436614 0.570804 0.556449 0.572638 0.667010 0.533057 0.440016 0.542259 0.561423 0.518933 0.648395
135 0.552423 0.244045 0.555589 0.437152 0.576780 0.435487 0.534398 0.438816 0.576780 0.435487 0.572903 0.560260 0.570894 0.665143 0.534398 0.438816 0.546315 0.563954 0.533571 0.650565
136 0.555690 0.247155 0.559371 0.442894 0.579957 0.441622 0.538786 0.444166 0.579957 0.441622 0.573442 0.566299 0.569263 0.665836 0.538786 0.444166 0.550774 0.571551 0.558529 0.672689
137 0.559875 0.251902 0.562717 0.445734 0.583637 0.444301 0.541798 0.447167 0.583637 0.444301 0.576032 0.566464 0.569207 0.670716 0.541798 0.447167 0.554250 0.575622 0.562606 0.691963
138 0.562448 0.254592 0.565696 0.449925 0.585910 0.447966 0.545482 0.451883 0.585910 0.447966 0.578137 0.571638 0.573999 0.680350 0.545482 0.451883 0.558283 0.584060 0.571844 0.708266
139 0.564538 0.259000 0.567393 0.455421 0.588328 0.454256 0.546459 0.456586 0.588328 0.454256 0.581795 0.580576 0.579919 0.688199 0.546459 0.456586 0.563020 0.596015 0.576664 0.737167
140 0.566653 0.266357 0.570708 0.464133 0.590594 0.463075 0.550822 0.465191 0.590594 0.463075 0.582742 0.582110 0.581009 0.688002 0.550822 0.465191 0.568538 0.604345 0.584547 0.746758
141 0.569283 0.271760 0.573446 0.468887 0.592946 0.467812 0.553946 0.469963 0.592946 0.467812 0.580233 0.592187 0.580545 0.706550 0.553946 0.469963 0.575376 0.602651 0.601242 0.742131
142 0.571296 0.279416 0.576579 0.477464 0.595677 0.475728 0.557481 0.479201 0.595677 0.475728 0.580510 0.616094 0.584145 0.750666 0.557481 0.479201 0.579451 0.603325 0.609676 0.739756
143 0.573292 0.288712 0.579947 0.486924 0.599824 0.485829 0.560071 0.488019 0.599824 0.485829 0.581740 0.630347 0.585912 0.752034 0.560071 0.488019 0.583365 0.600199 0.602839 0.723113
144 0.574467 0.296059 0.581882 0.494353 0.599861 0.491160 0.563904 0.497546 0.599861 0.491160 0.583354 0.631776 0.584113 0.751286 0.563904 0.497546 0.586701 0.623181 0.599840 0.761537
145 0.576038 0.300545 0.584567 0.503219 0.604327 0.501757 0.564808 0.504682 0.604327 0.501757 0.586841 0.641573 0.585654 0.778029 0.564808 0.504682 0.592580 0.640589 0.602635 0.770442
146 0.577227 0.304070 0.588819 0.513671 0.608192 0.511030 0.569446 0.516311 0.608192 0.511030 0.595947 0.636122 0.576065 0.753516 0.569446 0.516311 0.587251 0.648165 0.599070 0.785020
147 0.579821 0.309144 0.593727 0.526532 0.612321 0.525037 0.575133 0.528027 0.612321 0.525037 0.594830 0.667442 0.583743 0.795860 0.575133 0.528027 0.601348 0.658406 0.610638 0.777104
148 0.582917 0.312851 0.600822 0.533455 0.616465 0.527639 0.585180 0.539270 0.616465 0.527639 0.597551 0.658557 0.584751 0.777188 0.585180 0.539270 0.595929 0.666598 0.607301 0.784922
149 0.586576 0.319148 0.605931 0.539947 0.623024 0.538623 0.588838 0.541271 0.623024 0.538623 0.596626 0.665067 0.589190 0.781326 0.588838 0.541271 0.598975 0.662311 0.610039 0.772908
150 0.591178 0.322468 0.608984 0.539157 0.617096 0.532168 0.600872 0.546146 0.617096 0.532168 0.605732 0.653707 0.598017 0.773521 0.600872 0.546146 0.600021 0.665295 0.605681 0.776863
151 0.591630 0.321160 0.607568 0.530932 0.619167 0.523800 0.595969 0.538065 0.619167 0.523800 0.613309 0.646837 0.601310 0.757619 0.595969 0.538065 0.598504 0.656893 0.603634 0.770812
152 0.596310 0.322246 0.609855 0.534452 0.617065 0.526218 0.602645 0.542687 0.617065 0.526218 0.613412 0.644837 0.602930 0.757383 0.602645 0.542687 0.598755 0.658858 0.602367 0.776712
153 0.596652 0.323491 0.611722 0.536134 0.621209 0.527846 0.602236 0.544422 0.621209 0.527846 0.621878 0.637755 0.607577 0.748468 0.602236 0.544422 0.599667 0.659649 0.602169 0.777060
154 0.601607 0.324692 0.616914 0.535537 0.619049 0.526760 0.614779 0.544315 0.619049 0.526760 0.617176 0.637286 0.603902 0.760025 0.614779 0.544315 0.605521 0.659797 0.602984 0.781913
155 0.607140 0.326333 0.618871 0.536660 0.618258 0.526085 0.619484 0.547236 0.618258 0.526085 0.615224 0.644097 0.595966 0.774009 0.619484 0.547236 0.612022 0.661157 0.607059 0.791271
156 -1 -1 -1 -1 -1 -1 -1 -1 -1 -1 -1 -1 -1 -1 -1 -1 -1 -1 -1 -1
157 -1 -1 -1 -1 -1 -1 -1 -1 -1 -1 -1 -1 -1 -1 -1 -1 -1 -1 -1 -1
158 -1 -1 -1 -1 -1 -1 -1 -1 -1 -1 -1 -1 -1 -1 -1 -1 -1 -1 -1 -1
159 -1 -1 -1 -1 -1 -1 -1 -1 -1 -1 -1 -1 -1 -1 -1 -1 -1 -1 -1 -1
160 -1 -1 -1 -1 -1 -1 -1 -1 -1 -1 -1 -1 -1 -1 -1 -1 -1 -1 -1 -1
161 -1 -1 -1 -1 -1 -1 -1 -1 -1 -1 -1 -1 -1 -1 -1 -1 -1 -1 -1 -1
162 -1 -1 -1 -1 -1 -1 -1 -1 -1 -1 -1 -1 -1 -1 -1 -1 -1 -1 -1 -1
163 -1 -1 -1 -1 -1 -1 -1 -1 -1 -1 -1 -1 -1 -1 -1 -1 -1 -1 -1 -1
164 -1 -1 -1 -1 -1 -1 -1 -1 -1 -1 -1 -1 -1 -1 -1 -1 -1 -1 -1 -1
165 -1 -1 -1 -1 -1 -1 -1 -1 -1 -1 -1 -1 -1 -1 -1 -1 -1 -1 -1 -1
166 -1 -1 -1 -1 -1 -1 -1 -1 -1 -1 -1 -1 -1 -1 -1 -1 -1 -1 -1 -1
167 -1 -1 -1 -1 -1 -1 -1 -1 -1 -1 -1 -1 -1 -1 -1 -1 -1 -1 -1 -1
168 -1 -1 -1 -1 -1 -1 -1 -1 -1 -1 -1 -1 -1 -1 -1 -1 -1 -1 -1 -1
169 -1 -1 -1 -1 -1 -1 -1 -1 -1 -1 -1 -1 -1 -1 -1 -1 -1 -1 -1 -1
170 -1 -1 -1 -1 -1 -1 -1 -1 -1 -1 -1 -1 -1 -1 -1 -1 -1 -1 -1 -1
171 -1 -1 -1 -1 -1 -1 -1 -1 -1 -1 -1 -1 -1 -1 -1 -1 -1 -1 -1 -1
172 -1 -1 -1 -1 -1 -1 -1 -1 -1 -1 -1 -1 -1 -1 -1 -1 -1 -1 -1 -1
173 -1 -1 -1 -1 -1 -1 -1 -1 -1 -1 -1 -1 -1 -1 -1 -1 -1 -1 -1 -1
174 -1 -1 -1 -1 -1 -1 -1 -1 -1 -1 -1 -1 -1 -1 -1 -1 -1 -1 -1 -1
175 -1 -1 -1 -1 -1 -1 -1 -1 -1 -1 -1 -1 -1 -1 -1 -1 -1 -1 -1 -1
176 -1 -1 -1 -1 -1 -1 -1 -1 -1 -1 -1 -1 -1 -1 -1 -1 -1 -1 -1 -1
177 -1 -1 -1 -1 -1 -1 -1 -1 -1 -1 -1 -1 -1 -1 -1 -1 -1 -1 -1 -1
178 -1 -1 -1 -1 -1 -1 -1 -1 -1 -1 -1 -1 -1 -1 -1 -1 -1 -1 -1 -1
179 -1 -1 -1 -1 -1 -1 -1 -1 -1 -1 -1 -1 -1 -1 -1 -1 -1 -1 -1 -1
180 -1 -1 -1 -1 -1 -1 -1 -1 -1 -1 -1 -1 -1 -1 -1 -1 -1 -1 -1 -1
181 -1 -1 -1 -1 -1 -1 -1 -1 -1 -1 -1 -1 -1 -1 -1 -1 -1 -1 -1 -1
182 -1 -1 -1 -1 -1 -1 -1 -1 -1 -1 -1 -1 -1 -1 -1 -1 -1 -1 -1 -1
183 -1 -1 -1 -1 -1 -1 -1 -1 -1 -1 -1 -1 -1 -1 -1 -1 -1 -1 -1 -1
184 -1 -1 -1 -1 -1 -1 -1 -1 -1 -1 -1 -1 -1 -1 -1 -1 -1 -1 -1 -1
185 -1 -1 -1 -1 -1 -1 -1 -1 -1 -1 -1 -1 -1 -1 -1 -1 -1 -1 -1 -1
186 -1 -1 -1 -1 -1 -1 -1 -1 -1 -1 -1 -1 -1 -1 -1 -1 -1 -1 -1 -1
187 -1 -1 -1 -1 -1 -1 -1 -1 -1 -1 -1 -1 -1 -1 -1 -1 -1 -1 -1 -1
188 -1 -1 -1 -1 -1 -1 -1 -1 -1 -1 -1 -1 -1 -1 -1 -1 -1 -1 -1 -1
189 -1 -1 -1 -1 -1 -1 -1 -1 -1 -1 -1 -1 -1 -1 -1 -1 -1 -1 -1 -1
190 -1 -1 -1 -1 -1 -1 -1 -1 -1 -1 -1 -1 -1 -1 -1 -1 -1 -1 -1 -1
191 -1 -1 -1 -1 -1 -1 -1 -1 -1 -1 -1 -1 -1 -1 -1 -1 -1 -1 -1 -1
192 -1 -1 -1 -1 -1 -1 -1 -1 -1 -1 -1 -1 -1 -1 -1 -1 -1 -1 -1 -1
193 -1 -1 -1 -1 -1 -1 -1 -1 -1 -1 -1 -1 -1 -1 -1 -1 -1 -1 -1 -1
194 -1 -1 -1 -1 -1 -1 -1 -1 -1 -1 -1 -1 -1 -1 -1 -1 -1 -1 -1 -1
195 -1 -1 -1 -1 -1 -1 -1 -1 -1 -1 -1 -1 -1 -1 -1 -1 -1 -1 -1 -1
196 -1 -1 -1 -1 -1 -1 -1 -1 -1 -1 -1 -1 -1 -1 -1 -1 -1 -1 -1 -1
197 -1 -1 -1 -1 -1 -1 -1 -1 -1 -1 -1 -1 -1 -1 -1 -1 -1 -1 -1 -1
198 -1 -1 -1 -1 -1 -1 -1 -1 -1 -1 -1 -1 -1 -1 -1 -1 -1 -1 -1 -1
199 -1 -1 -1 -1 -1 -1 -1 -1 -1 -1 -1 -1 -1 -1 -1 -1 -1 -1 -1 -1
200 -1 -1 -1 -1 -1 -1 -1 -1 -1 -1 -1 -1 -1 -1 -1 -1 -1 -1 -1 -1
201 -1 -1 -1 -1 -1 -1 -1 -1 -1 -1 -1 -1 -1 -1 -1 -1 -1 -1 -1 -1
202 -1 -1 -1 -1 -1 -1 -1 -1 -1 -1 -1 -1 -1 -1 -1 -1 -1 -1 -1 -1
203 -1 -1 -1 -1 -1 -1 -1 -1 -1 -1 -1 -1 -1 -1 -1 -1 -1 -1 -1 -1
204 -1 -1 -1 -1 -1 -1 -1 -1 -1 -1 -1 -1 -1 -1 -1 -1 -1 -1 -1 -1
205 -1 -1 -1 -1 -1 -1 -1 -1 -1 -1 -1 -1 -1 -1 -1 -1 -1 -1 -1 -1
206 -1 -1 -1 -1 -1 -1 -1 -1 -1 -1 -1 -1 -1 -1 -1 -1 -1 -1 -1 -1
207 -1 -1 -1 -1 -1 -1 -1 -1 -1 -1 -1 -1 -1 -1 -1 -1 -1 -1 -1 -1
208 -1 -1 -1 -1 -1 -1 -1 -1 -1 -1 -1 -1 -1 -1 -1 -1 -1 -1 -1 -1
209 -1 -1 -1 -1 -1 -1 -1 -1 -1 -1 -1 -1 -1 -1 -1 -1 -1 -1 -1 -1
210 -1 -1 -1 -1 -1 -1 -1 -1 -1 -1 -1 -1 -1 -1 -1 -1 -1 -1 -1 -1
211 -1 -1 -1 -1 -1 -1 -1 -1 -1 -1 -1 -1 -1 -1 -1 -1 -1 -1 -1 -1
212 -1 -1 -1 -1 -1 -1 -1 -1 -1 -1 -1 -1 -1 -1 -1 -1 -1 -1 -1 -1
213 -1 -1 -1 -1 -1 -1 -1 -1 -1 -1 -1 -1 -1 -1 -1 -1 -1 -1 -1 -1
214 -1 -1 -1 -1 -1 -1 -1 -1 -1 -1 -1 -1 -1 -1 -1 -1 -1 -1 -1 -1
215 -1 -1 -1 -1 -1 -1 -1 -1 -1 -1 -1 -1 -1 -1 -1 -1 -1 -1 -1 -1
216 -1 -1 -1 -1 -1 -1 -1 -1 -1 -1 -1 -1 -1 -1 -1 -1 -1 -1 -1 -1
217 -1 -1 -1 -1 -1 -1 -1 -1 -1 -1 -1 -1 -1 -1 -1 -1 -1 -1 -1 -1
218 -1 -1 -1 -1 -1 -1 -1 -1 -1 -1 -1 -1 -1 -1 -1 -1 -1 -1 -1 -1
219 -1 -1 -1 -1 -1 -1 -1 -1 -1 -1 -1 -1 -1 -1 -1 -1 -1 -1 -1 -1
220 -1 -1 -1 -1 -1 -1 -1 -1 -1 -1 -1 -1 -1 -1 -1 -1 -1 -1 -1 -1
221 -1 -1 -1 -1 -1 -1 -1 -1 -1 -1 -1 -1 -1 -1 -1 -1 -1 -1 -1 -1
222 -1 -1 -1 -1 -1 -1 -1 -1 -1 -1 -1 -1 -1 -1 -1 -1 -1 -1 -1 -1
223 -1 -1 -1 -1 -1 -1 -1 -1 -1 -1 -1 -1 -1 -1 -1 -1 -1 -1 -1 -1
224 -1 -1 -1 -1 -1 -1 -1 -1 -1 -1 -1 -1 -1 -1 -1 -1 -1 -1 -1 -1
225 -1 -1 -1 -1 -1 -1 -1 -1 -1 -1 -1 -1 -1 -1 -1 -1 -1 -1 -1 -1
226 -1 -1 -1 -1 -1 -1 -1 -1 -1 -1 -1 -1 -1 -1 -1 -1 -1 -1 -1 -1
227 -1 -1 -1 -1 -1 -1 -1 -1 -1 -1 -1 -1 -1 -1 -1 -1 -1 -1 -1 -1
228 -1 -1 -1 -1 -1 -1 -1 -1 -1 -1 -1 -1 -1 -1 -1 -1 -1 -1 -1 -1
229 -1 -1 -1 -1 -1 -1 -1 -1 -1 -1 -1 -1 -1 -1 -1 -1 -1 -1 -1 -1
230 -1 -1 -1 -1 -1 -1 -1 -1 -1 -1 -1 -1 -1 -1 -1 -1 -1 -1 -1 -1
231 -1 -1 -1 -1 -1 -1 -1 -1 -1 -1 -1 -1 -1 -1 -1 -1 -1 -1 -1 -1
232 -1 -1 -1 -1 -1 -1 -1 -1 -1 -1 -1 -1 -1 -1 -1 -1 -1 -1 -1 -1
233 -1 -1 -1 -1 -1 -1 -1 -1 -1 -1 -1 -1 -1 -1 -1 -1 -1 -1 -1 -1
234 -1 -1 -1 -1 -1 -1 -1 -1 -1 -1 -1 -1 -1 -1 -1 -1 -1 -1 -1 -1
235 -1 -1 -1 -1 -1 -1 -1 -1 -1 -1 -1 -1 -1 -1 -1 -1 -1 -1 -1 -1
236 -1 -1 -1 -1 -1 -1 -1 -1 -1 -1 -1 -1 -1 -1 -1 -1 -1 -1 -1 -1
237 -1 -1 -1 -1 -1 -1 -1 -1 -1 -1 -1 -1 -1 -1 -1 -1 -1 -1 -1 -1
238 -1 -1 -1 -1 -1 -1 -1 -1 -1 -1 -1 -1 -1 -1 -1 -1 -1 -1 -1 -1
239 -1 -1 -1 -1 -1 -1 -1 -1 -1 -1 -1 -1 -1 -1 -1 -1 -1 -1 -1 -1
