0
0
0 -1 -1 -1 -1 -1 -1 -1 -1 -1 -1 -1 -1 -1 -1 -1 -1 -1 -1 -1 -1
1 -1 -1 -1 -1 -1 -1 -1 -1 -1 -1 -1 -1 -1 -1 -1 -1 -1 -1 -1 -1
2 -1 -1 -1 -1 -1 -1 -1 -1 -1 -1 -1 -1 -1 -1 -1 -1 -1 -1 -1 -1
3 -1 -1 -1 -1 -1 -1 -1 -1 -1 -1 -1 -1 -1 -1 -1 -1 -1 -1 -1 -1
4 -1 -1 -1 -1 -1 -1 -1 -1 -1 -1 -1 -1 -1 -1 -1 -1 -1 -1 -1 -1
5 -1 -1 -1 -1 -1 -1 -1 -1 -1 -1 -1 -1 -1 -1 -1 -1 -1 -1 -1 -1
6 -1 -1 -1 -1 -1 -1 -1 -1 -1 -1 -1 -1 -1 -1 -1 -1 -1 -1 -1 -1
7 -1 -1 -1 -1 -1 -1 -1 -1 -1 -1 -1 -1 -1 -1 -1 -1 -1 -1 -1 -1
8 -1 -1 -1 -1 -1 -1 -1 -1 -1 -1 -1 -1 -1 -1 -1 -1 -1 -1 -1 -1
9 -1 -1 -1 -1 -1 -1 -1 -1 -1 -1 -1 -1 -1 -1 -1 -1 -1 -1 -1 -1
10 -1 -1 -1 -1 -1 -1 -1 -1 -1 -1 -1 -1 -1 -1 -1 -1 -1 -1 -1 -1
11 -1 -1 -1 -1 -1 -1 -1 -1 -1 -1 -1 -1 -1 -1 -1 -1 -1 -1 -1 -1
12 -1 -1 -1 -1 -1 -1 -1 -1 -1 -1 -1 -1 -1 -1 -1 -1 -1 -1 -1 -1
13 -1 -1 -1 -1 -1 -1 -1 -1 -1 -1 -1 -1 -1 -1 -1 -1 -1 -1 -1 -1
14 -1 -1 -1 -1 -1 -1 -1 -1 -1 -1 -1 -1 -1 -1 -1 -1 -1 -1 -1 -1
15 -1 -1 -1 -1 -1 -1 -1 -1 -1 -1 -1 -1 -1 -1 -1 -1 -1 -1 -1 -1
16 -1 -1 -1 -1 -1 -1 -1 -1 -1 -1 -1 -1 -1 -1 -1 -1 -1 -1 -1 -1
17 -1 -1 -1 -1 -1 -1 -1 -1 -1 -1 -1 -1 -1 -1 -1 -1 -1 -1 -1 -1
18 -1 -1 -1 -1 -1 -1 -1 -1 -1 -1 -1 -1 -1 -1 -1 -1 -1 -1 -1 -1
19 -1 -1 -1 -1 -1 -1 -1 -1 -1 -1 -1 -1 -1 -1 -1 -1 -1 -1 -1 -1
20 -1 -1 -1 -1 -1 -1 -1 -1 -1 -1 -1 -1 -1 -1 -1 -1 -1 -1 -1 -1
21 -1 -1 -1 -1 -1 -1 -1 -1 -1 -1 -1 -1 -1 -1 -1 -1 -1 -1 -1 -1
22 -1 -1 -1 -1 -1 -1 -1 -1 -1 -1 -1 -1 -1 -1 -1 -1 -1 -1 -1 -1
23 -1 -1 -1 -1 -1 -1 -1 -1 -1 -1 -1 -1 -1 -1 -1 -1 -1 -1 -1 -1
24 -1 -1 -1 -1 -1 -1 -1 -1 -1 -1 -1 -1 -1 -1 -1 -1 -1 -1 -1 -1
25 -1 -1 -1 -1 -1 -1 -1 -1 -1 -1 -1 -1 -1 -1 -1 -1 -1 -1 -1 -1
26 -1 -1 -1 -1 -1 -1 -1 -1 -1 -1 -1 -1 -1 -1 -1 -1 -1 -1 -1 -1
27 -1 -1 -1 -1 -1 -1 -1 -1 -1 -1 -1 -1 -1 -1 -1 -1 -1 -1 -1 -1
28 -1 -1 -1 -1 -1 -1 -1 -1 -1 -1 -1 -1 -1 -1 -1 -1 -1 -1 -1 -1
29 -1 -1 -1 -1 -1 -1 -1 -1 -1 -1 -1 -1 -1 -1 -1 -1 -1 -1 -1 -1
30 -1 -1 -1 -1 -1 -1 -1 -1 -1 -1 -1 -1 -1 -1 -1 -1 -1 -1 -1 -1
31 -1 -1 -1 -1 -1 -1 -1 -1 -1 -1 -1 -1 -1 -1 -1 -1 -1 -1 -1 -1
32 -1 -1 -1 -1 -1 -1 -1 -1 -1 -1 -1 -1 -1 -1 -1 -1 -1 -1 -1 -1
33 -1 -1 -1 -1 -1 -1 -1 -1 -1 -1 -1 -1 -1 -1 -1 -1 -1 -1 -1 -1
34 -1 -1 -1 -1 -1 -1 -1 -1 -1 -1 -1 -1 -1 -1 -1 -1 -1 -1 -1 -1
35 -1 -1 -1 -1 -1 -1 -1 -1 -1 -1 -1 -1 -1 -1 -1 -1 -1 -1 -1 -1
36 -1 -1 -1 -1 -1 -1 -1 -1 -1 -1 -1 -1 -1 -1 -1 -1 -1 -1 -1 -1
37 -1 -1 -1 -1 -1 -1 -1 -1 -1 -1 -1 -1 -1 -1 -1 -1 -1 -1 -1 -1
38 -1 -1 -1 -1 -1 -1 -1 -1 -1 -1 -1 -1 -1 -1 -1 -1 -1 -1 -1 -1
39 -1 -1 -1 -1 -1 -1 -1 -1 -1 -1 -1 -1 -1 -1 -1 -1 -1 -1 -1 -1
40 -1 -1 -1 -1 -1 -1 -1 -1 -1 -1 -1 -1 -1 -1 -1 -1 -1 -1 -1 -1
41 -1 -1 -1 -1 -1 -1 -1 -1 -1 -1 -1 -1 -1 -1 -1 -1 -1 -1 -1 -1
42 -1 -1 -1 -1 -1 -1 -1 -1 -1 -1 -1 -1 -1 -1 -1 -1 -1 -1 -1 -1
43 -1 -1 -1 -1 -1 -1 -1 -1 -1 -1 -1 -1 -1 -1 -1 -1 -1 -1 -1 -1
44 -1 -1 -1 -1 -1 -1 -1 -1 -1 -1 -1 -1 -1 -1 -1 -1 -1 -1 -1 -1
45 -1 -1 -1 -1 -1 -1 -1 -1 -1 -1 -1 -1 -1 -1 -1 -1 -1 -1 -1 -1
46 -1 -1 -1 -1 -1 -1 -1 -1 -1 -1 -1 -1 -1 -1 -1 -1 -1 -1 -1 -1
47 -1 -1 -1 -1 -1 -1 -1 -1 -1 -1 -1 -1 -1 -1 -1 -1 -1 -1 -1 -1
48 -1 -1 -1 -1 -1 -1 -1 -1 -1 -1 -1 -1 -1 -1 -1 -1 -1 -1 -1 -1
49 -1 -1 -1 -1 -1 -1 -1 -1 -1 -1 -1 -1 -1 -1 -1 -1 -1 -1 -1 -1
50 -1 -1 -1 -1 -1 -1 -1 -1 -1 -1 -1 -1 -1 -1 -1 -1 -1 -1 -1 -1
51 -1 -1 -1 -1 -1 -1 -1 -1 -1 -1 -1 -1 -1 -1 -1 -1 -1 -1 -1 -1
52 -1 -1 -1 -1 -1 -1 -1 -1 -1 -1 -1 -1 -1 -1 -1 -1 -1 -1 -1 -1
53 -1 -1 -1 -1 -1 -1 -1 -1 -1 -1 -1 -1 -1 -1 -1 -1 -1 -1 -1 -1
54 -1 -1 -1 -1 -1 -1 -1 -1 -1 -1 -1 -1 -1 -1 -1 -1 -1 -1 -1 -1
55 -1 -1 -1 -1 -1 -1 -1 -1 -1 -1 -1 -1 -1 -1 -1 -1 -1 -1 -1 -1
56 -1 -1 -1 -1 -1 -1 -1 -1 -1 -1 -1 -1 -1 -1 -1 -1 -1 -1 -1 -1
57 -1 -1 -1 -1 -1 -1 -1 -1 -1 -1 -1 -1 -1 -1 -1 -1 -1 -1 -1 -1
58 -1 -1 -1 -1 -1 -1 -1 -1 -1 -1 -1 -1 -1 -1 -1 -1 -1 -1 -1 -1
59 -1 -1 -1 -1 -1 -1 -1 -1 -1 -1 -1 -1 -1 -1 -1 -1 -1 -1 -1 -1
60 -1 -1 -1 -1 -1 -1 -1 -1 -1 -1 -1 -1 -1 -1 -1 -1 -1 -1 -1 -1
61 -1 -1 -1 -1 -1 -1 -1 -1 -1 -1 -1 -1 -1 -1 -1 -1 -1 -1 -1 -1
62 -1 -1 -1 -1 -1 -1 -1 -1 -1 -1 -1 -1 -1 -1 -1 -1 -1 -1 -1 -1
63 -1 -1 -1 -1 -1 -1 -1 -1 -1 -1 -1 -1 -1 -1 -1 -1 -1 -1 -1 -1
64 -1 -1 -1 -1 -1 -1 -1 -1 -1 -1 -1 -1 -1 -1 -1 -1 -1 -1 -1 -1
65 -1 -1 -1 -1 -1 -1 -1 -1 -1 -1 -1 -1 -1 -1 -1 -1 -1 -1 -1 -1
66 -1 -1 -1 -1 -1 -1 -1 -1 -1 -1 -1 -1 -1 -1 -1 -1 -1 -1 -1 -1
67 -1 -1 -1 -1 -1 -1 -1 -1 -1 -1 -1 -1 -1 -1 -1 -1 -1 -1 -1 -1
68 -1 -1 -1 -1 -1 -1 -1 -1 -1 -1 -1 -1 -1 -1 -1 -1 -1 -1 -1 -1
69 -1 -1 -1 -1 -1 -1 -1 -1 -1 -1 -1 -1 -1 -1 -1 -1 -1 -1 -1 -1
70 -1 -1 -1 -1 -1 -1 -1 -1 -1 -1 -1 -1 -1 -1 -1 -1 -1 -1 -1 -1
71 -1 -1 -1 -1 -1 -1 -1 -1 -1 -1 -1 -1 -1 -1 -1 -1 -1 -1 -1 -1
72 -1 -1 -1 -1 -1 -1 -1 -1 -1 -1 -1 -1 -1 -1 -1 -1 -1 -1 -1 -1
73 -1 -1 -1 -1 -1 -1 -1 -1 -1 -1 -1 -1 -1 -1 -1 -1 -1 -1 -1 -1
74 -1 -1 -1 -1 -1 -1 -1 -1 -1 -1 -1 -1 -1 -1 -1 -1 -1 -1 -1 -1
75 -1 -1 -1 -1 -1 -1 -1 -1 -1 -1 -1 -1 -1 -1 -1 -1 -1 -1 -1 -1
76 -1 -1 -1 -1 -1 -1 -1 -1 -1 -1 -1 -1 -1 -1 -1 -1 -1 -1 -1 -1
77 -1 -1 -1 -1 -1 -1 -1 -1 -1 -1 -1 -1 -1 -1 -1 -1 -1 -1 -1 -1
78 -1 -1 -1 -1 -1 -1 -1 -1 -1 -1 -1 -1 -1 -1 -1 -1 -1 -1 -1 -1
79 -1 -1 -1 -1 -1 -1 -1 -1 -1 -1 -1 -1 -1 -1 -1 -1 -1 -1 -1 -1
80 -1 -1 -1 -1 -1 -1 -1 -1 -1 -1 -1 -1 -1 -1 -1 -1 -1 -1 -1 -1
81 -1 -1 -1 -1 -1 -1 -1 -1 -1 -1 -1 -1 -1 -1 -1 -1 -1 -1 -1 -1
82 -1 -1 -1 -1 -1 -1 -1 -1 -1 -1 -1 -1 -1 -1 -1 -1 -1 -1 -1 -1
83 -1 -1 -1 -1 -1 -1 -1 -1 -1 -1 -1 -1 -1 -1 -1 -1 -1 -1 -1 -1
84 -1 -1 -1 -1 -1 -1 -1 -1 -1 -1 -1 -1 -1 -1 -1 -1 -1 -1 -1 -1
85 -1 -1 -1 -1 -1 -1 -1 -1 -1 -1 -1 -1 -1 -1 -1 -1 -1 -1 -1 -1
86 -1 -1 -1 -1 -1 -1 -1 -1 -1 -1 -1 -1 -1 -1 -1 -1 -1 -1 -1 -1
87 -1 -1 -1 -1 -1 -1 -1 -1 -1 -1 -1 -1 -1 -1 -1 -1 -1 -1 -1 -1
88 -1 -1 -1 -1 -1 -1 -1 -1 -1 -1 -1 -1 -1 -1 -1 -1 -1 -1 -1 -1
89 -1 -1 -1 -1 -1 -1 -1 -1 -1 -1 -1 -1 -1 -1 -1 -1 -1 -1 -1 -1
90 -1 -1 -1 -1 -1 -1 -1 -1 -1 -1 -1 -1 -1 -1 -1 -1 -1 -1 -1 -1
91 -1 -1 -1 -1 -1 -1 -1 -1 -1 -1 -1 -1 -1 -1 -1 -1 -1 -1 -1 -1
92 -1 -1 -1 -1 -1 -1 -1 -1 -1 -1 -1 -1 -1 -1 -1 -1 -1 -1 -1 -1
93 -1 -1 -1 -1 -1 -1 -1 -1 -1 -1 -1 -1 -1 -1 -1 -1 -1 -1 -1 -1
94 -1 -1 -1 -1 -1 -1 -1 -1 -1 -1 -1 -1 -1 -1 -1 -1 -1 -1 -1 -1
95 -1 -1 -1 -1 -1 -1 -1 -1 -1 -1 -1 -1 -1 -1 -1 -1 -1 -1 -1 -1
96 -1 -1 -1 -1 -1 -1 -1 -1 -1 -1 -1 -1 -1 -1 -1 -1 -1 -1 -1 -1
97 -1 -1 -1 -1 -1 -1 -1 -1 -1 -1 -1 -1 -1 -1 -1 -1 -1 -1 -1 -1
98 -1 -1 -1 -1 -1 -1 -1 -1 -1 -1 -1 -1 -1 -1 -1 -1 -1 -1 -1 -1
99 -1 -1 -1 -1 -1 -1 -1 -1 -1 -1 -1 -1 -1 -1 -1 -1 -1 -1 -1 -1
100 -1 -1 -1 -1 -1 -1 -1 -1 -1 -1 -1 -1 -1 -1 -1 -1 -1 -1 -1 -1
101 -1 -1 -1 -1 -1 -1 -1 -1 -1 -1 -1 -1 -1 -1 -1 -1 -1 -1 -1 -1
102 -1 -1 -1 -1 -1 -1 -1 -1 -1 -1 -1 -1 -1 -1 -1 -1 -1 -1 -1 -1
103 -1 -1 -1 -1 -1 -1 -1 -1 -1 -1 -1 -1 -1 -1 -1 -1 -1 -1 -1 -1
104 -1 -1 -1 -1 -1 -1 -1 -1 -1 -1 -1 -1 -1 -1 -1 -1 -1 -1 -1 -1
105 -1 -1 -1 -1 -1 -1 -1 -1 -1 -1 -1 -1 -1 -1 -1 -1 -1 -1 -1 -1
106 -1 -1 -1 -1 -1 -1 -1 -1 -1 -1 -1 -1 -1 -1 -1 -1 -1 -1 -1 -1
107 -1 -1 -1 -1 -1 -1 -1 -1 -1 -1 -1 -1 -1 -1 -1 -1 -1 -1 -1 -1
108 -1 -1 -1 -1 -1 -1 -1 -1 -1 -1 -1 -1 -1 -1 -1 -1 -1 -1 -1 -1
109 -1 -1 -1 -1 -1 -1 -1 -1 -1 -1 -1 -1 -1 -1 -1 -1 -1 -1 -1 -1
110 -1 -1 -1 -1 -1 -1 -1 -1 -1 -1 -1 -1 -1 -1 -1 -1 -1 -1 -1 -1
111 -1 -1 -1 -1 -1 -1 -1 -1 -1 -1 -1 -1 -1 -1 -1 -1 -1 -1 -1 -1
112 -1 -1 -1 -1 -1 -1 -1 -1 -1 -1 -1 -1 -1 -1 -1 -1 -1 -1 -1 -1
113 -1 -1 -1 -1 -1 -1 -1 -1 -1 -1 -1 -1 -1 -1 -1 -1 -1 -1 -1 -1
114 -1 -1 -1 -1 -1 -1 -1 -1 -1 -1 -1 -1 -1 -1 -1 -1 -1 -1 -1 -1
115 -1 -1 -1 -1 -1 -1 -1 -1 -1 -1 -1 -1 -1 -1 -1 -1 -1 -1 -1 -1
116 -1 -1 -1 -1 -1 -1 -1 -1 -1 -1 -1 -1 -1 -1 -1 -1 -1 -1 -1 -1
117 -1 -1 -1 -1 -1 -1 -1 -1 -1 -1 -1 -1 -1 -1 -1 -1 -1 -1 -1 -1
118 -1 -1 -1 -1 -1 -1 -1 -1 -1 -1 -1 -1 -1 -1 -1 -1 -1 -1 -1 -1
119 -1 -1 -1 -1 -1 -1 -1 -1 -1 -1 -1 -1 -1 -1 -1 -1 -1 -1 -1 -1
120 -1 -1 -1 -1 -1 -1 -1 -1 -1 -1 -1 -1 -1 -1 -1 -1 -1 -1 -1 -1
121 -1 -1 -1 -1 -1 -1 -1 -1 -1 -1 -1 -1 -1 -1 -1 -1 -1 -1 -1 -1
122 -1 -1 -1 -1 -1 -1 -1 -1 -1 -1 -1 -1 -1 -1 -1 -1 -1 -1 -1 -1
123 -1 -1 -1 -1 -1 -1 -1 -1 -1 -1 -1 -1 -1 -1 -1 -1 -1 -1 -1 -1
124 -1 -1 -1 -1 -1 -1 -1 -1 -1 -1 -1 -1 -1 -1 -1 -1 -1 -1 -1 -1
125 -1 -1 -1 -1 -1 -1 -1 -1 -1 -1 -1 -1 -1 -1 -1 -1 -1 -1 -1 -1
126 -1 -1 -1 -1 -1 -1 -1 -1 -1 -1 -1 -1 -1 -1 -1 -1 -1 -1 -1 -1
127 -1 -1 -1 -1 -1 -1 -1 -1 -1 -1 -1 -1 -1 -1 -1 -1 -1 -1 -1 -1
128 -1 -1 -1 -1 -1 -1 -1 -1 -1 -1 -1 -1 -1 -1 -1 -1 -1 -1 -1 -1
129 -1 -1 -1 -1 -1 -1 -1 -1 -1 -1 -1 -1 -1 -1 -1 -1 -1 -1 -1 -1
130 -1 -1 -1 -1 -1 -1 -1 -1 -1 -1 -1 -1 -1 -1 -1 -1 -1 -1 -1 -1
131 -1 -1 -1 -1 -1 -1 -1 -1 -1 -1 -1 -1 -1 -1 -1 -1 -1 -1 -1 -1
132 -1 -1 -1 -1 -1 -1 -1 -1 -1 -1 -1 -1 -1 -1 -1 -1 -1 -1 -1 -1
133 -1 -1 -1 -1 -1 -1 -1 -1 -1 -1 -1 -1 -1 -1 -1 -1 -1 -1 -1 -1
134 -1 -1 -1 -1 -1 -1 -1 -1 -1 -1 -1 -1 -1 -1 -1 -1 -1 -1 -1 -1
135 -1 -1 -1 -1 -1 -1 -1 -1 -1 -1 -1 -1 -1 -1 -1 -1 -1 -1 -1 -1
136 -1 -1 -1 -1 -1 -1 -1 -1 -1 -1 -1 -1 -1 -1 -1 -1 -1 -1 -1 -1
137 -1 -1 -1 -1 -1 -1 -1 -1 -1 -1 -1 -1 -1 -1 -1 -1 -1 -1 -1 -1
138 -1 -1 -1 -1 -1 -1 -1 -1 -1 -1 -1 -1 -1 -1 -1 -1 -1 -1 -1 -1
139 -1 -1 -1 -1 -1 -1 -1 -1 -1 -1 -1 -1 -1 -1 -1 -1 -1 -1 -1 -1
140 -1 -1 -1 -1 -1 -1 -1 -1 -1 -1 -1 -1 -1 -1 -1 -1 -1 -1 -1 -1
141 -1 -1 -1 -1 -1 -1 -1 -1 -1 -1 -1 -1 -1 -1 -1 -1 -1 -1 -1 -1
142 -1 -1 -1 -1 -1 -1 -1 -1 -1 -1 -1 -1 -1 -1 -1 -1 -1 -1 -1 -1
143 -1 -1 -1 -1 -1 -1 -1 -1 -1 -1 -1 -1 -1 -1 -1 -1 -1 -1 -1 -1
144 -1 -1 -1 -1 -1 -1 -1 -1 -1 -1 -1 -1 -1 -1 -1 -1 -1 -1 -1 -1
145 -1 -1 -1 -1 -1 -1 -1 -1 -1 -1 -1 -1 -1 -1 -1 -1 -1 -1 -1 -1
146 -1 -1 -1 -1 -1 -1 -1 -1 -1 -1 -1 -1 -1 -1 -1 -1 -1 -1 -1 -1
147 -1 -1 -1 -1 -1 -1 -1 -1 -1 -1 -1 -1 -1 -1 -1 -1 -1 -1 -1 -1
148 -1 -1 -1 -1 -1 -1 -1 -1 -1 -1 -1 -1 -1 -1 -1 -1 -1 -1 -1 -1
149 -1 -1 -1 -1 -1 -1 -1 -1 -1 -1 -1 -1 -1 -1 -1 -1 -1 -1 -1 -1
150 -1 -1 -1 -1 -1 -1 -1 -1 -1 -1 -1 -1 -1 -1 -1 -1 -1 -1 -1 -1
151 -1 -1 -1 -1 -1 -1 -1 -1 -1 -1 -1 -1 -1 -1 -1 -1 -1 -1 -1 -1
152 -1 -1 -1 -1 -1 -1 -1 -1 -1 -1 -1 -1 -1 -1 -1 -1 -1 -1 -1 -1
153 -1 -1 -1 -1 -1 -1 -1 -1 -1 -1 -1 -1 -1 -1 -1 -1 -1 -1 -1 -1
154 -1 -1 -1 -1 -1 -1 -1 -1 -1 -1 -1 -1 -1 -1 -1 -1 -1 -1 -1 -1
155 -1 -1 -1 -1 -1 -1 -1 -1 -1 -1 -1 -1 -1 -1 -1 -1 -1 -1 -1 -1
156 -1 -1 -1 -1 -1 -1 -1 -1 -1 -1 -1 -1 -1 -1 -1 -1 -1 -1 -1 -1
157 -1 -1 -1 -1 -1 -1 -1 -1 -1 -1 -1 -1 -1 -1 -1 -1 -1 -1 -1 -1
158 -1 -1 -1 -1 -1 -1 -1 -1 -1 -1 -1 -1 -1 -1 -1 -1 -1 -1 -1 -1
159 -1 -1 -1 -1 -1 -1 -1 -1 -1 -1 -1 -1 -1 -1 -1 -1 -1 -1 -1 -1
160 -1 -1 -1 -1 -1 -1 -1 -1 -1 -1 -1 -1 -1 -1 -1 -1 -1 -1 -1 -1
161 -1 -1 -1 -1 -1 -1 -1 -1 -1 -1 -1 -1 -1 -1 -1 -1 -1 -1 -1 -1
162 -1 -1 -1 -1 -1 -1 -1 -1 -1 -1 -1 -1 -1 -1 -1 -1 -1 -1 -1 -1
163 -1 -1 -1 -1 -1 -1 -1 -1 -1 -1 -1 -1 -1 -1 -1 -1 -1 -1 -1 -1
164 -1 -1 -1 -1 -1 -1 -1 -1 -1 -1 -1 -1 -1 -1 -1 -1 -1 -1 -1 -1
165 -1 -1 -1 -1 -1 -1 -1 -1 -1 -1 -1 -1 -1 -1 -1 -1 -1 -1 -1 -1
166 -1 -1 -1 -1 -1 -1 -1 -1 -1 -1 -1 -1 -1 -1 -1 -1 -1 -1 -1 -1
167 -1 -1 -1 -1 -1 -1 -1 -1 -1 -1 -1 -1 -1 -1 -1 -1 -1 -1 -1 -1
168 -1 -1 -1 -1 -1 -1 -1 -1 -1 -1 -1 -1 -1 -1 -1 -1 -1 -1 -1 -1
169 -1 -1 -1 -1 -1 -1 -1 -1 -1 -1 -1 -1 -1 -1 -1 -1 -1 -1 -1 -1
170 -1 -1 -1 -1 -1 -1 -1 -1 -1 -1 -1 -1 -1 -1 -1 -1 -1 -1 -1 -1
171 -1 -1 -1 -1 -1 -1 -1 -1 -1 -1 -1 -1 -1 -1 -1 -1 -1 -1 -1 -1
172 -1 -1 -1 -1 -1 -1 -1 -1 -1 -1 -1 -1 -1 -1 -1 -1 -1 -1 -1 -1
173 -1 -1 -1 -1 -1 -1 -1 -1 -1 -1 -1 -1 -1 -1 -1 -1 -1 -1 -1 -1
174 -1 -1 -1 -1 -1 -1 -1 -1 -1 -1 -1 -1 -1 -1 -1 -1 -1 -1 -1 -1
175 0.336794 0.175236 0.345804 0.349561 0.356548 0.347089 0.335061 0.352033 0.356548 0.347089 0.384579 0.454928 0.406180 0.555888 0.335061 0.352033 0.338215 0.462537 0.338392 0.558294
176 0.340499 0.175526 0.350185 0.351354 0.356847 0.350072 0.343524 0.352635 0.356847 0.350072 0.386219 0.455860 0.412643 0.559771 0.343524 0.352635 0.350396 0.459460 0.338440 0.560960
177 0.349035 0.177625 0.355140 0.352340 0.366072 0.350877 0.344207 0.353802 0.366072 0.350877 0.393687 0.459062 0.416191 0.565341 0.344207 0.353802 0.347161 0.460814 0.338487 0.560237
178 0.353587 0.177030 0.359690 0.351588 0.370220 0.349931 0.349161 0.353245 0.370220 0.349931 0.398667 0.459978 0.419315 0.569014 0.349161 0.353245 0.347935 0.459731 0.338492 0.560368
179 0.358136 0.176930 0.364720 0.351749 0.375346 0.350233 0.354094 0.353265 0.375346 0.350233 0.403472 0.460817 0.420806 0.571659 0.354094 0.353265 0.351345 0.462664 0.338439 0.560080
180 0.363801 0.176499 0.370082 0.350167 0.381844 0.348550 0.358321 0.351783 0.381844 0.348550 0.410007 0.458529 0.419833 0.571849 0.358321 0.351783 0.359628 0.461303 0.339061 0.558978
181 0.371981 0.176469 0.378025 0.350322 0.392067 0.348560 0.363983 0.352083 0.392067 0.348560 0.413218 0.459729 0.419753 0.572968 0.363983 0.352083 0.370042 0.462445 0.340769 0.550318
182 0.376540 0.175550 0.383662 0.351781 0.396760 0.349968 0.370565 0.353594 0.396760 0.349968 0.415341 0.462193 0.418414 0.572128 0.370565 0.353594 0.378653 0.468241 0.345353 0.543505
183 0.381363 0.174051 0.388706 0.351240 0.401530 0.349437 0.375882 0.353044 0.401530 0.349437 0.414320 0.463236 0.417718 0.573756 0.375882 0.353044 0.388874 0.467352 0.351394 0.534461
184 0.387470 0.174058 0.394940 0.351587 0.408234 0.349624 0.381647 0.353549 0.408234 0.349624 0.418138 0.462836 0.420045 0.573720 0.381647 0.353549 0.401418 0.466578 0.365938 0.528741
185 0.393100 0.176004 0.399561 0.351435 0.414225 0.349454 0.384896 0.353416 0.414225 0.349454 0.424539 0.462755 0.422945 0.574269 0.384896 0.353416 0.410076 0.468452 0.375352 0.533472
186 0.398506 0.178420 0.401913 0.351379 0.416200 0.349197 0.387626 0.353561 0.416200 0.349197 0.427777 0.462214 0.420443 0.569946 0.387626 0.353561 0.420189 0.471497 0.395885 0.544751
187 0.403399 0.179155 0.405695 0.350980 0.419536 0.348594 0.391855 0.353366 0.419536 0.348594 0.430092 0.461735 0.417762 0.566401 0.391855 0.353366 0.423617 0.470481 0.408690 0.562543
188 0.409240 0.179225 0.409330 0.347779 0.422039 0.343839 0.396621 0.351719 0.422039 0.343839 0.430557 0.456233 0.419330 0.566164 0.396621 0.351719 0.432164 0.468461 0.419979 0.574507
189 0.414210 0.179128 0.411825 0.346836 0.422223 0.342747 0.401428 0.350925 0.422223 0.342747 0.430493 0.456266 0.420697 0.568877 0.401428 0.350925 0.441061 0.468006 0.433735 0.589342
190 0.421002 0.179179 0.415349 0.345521 0.425665 0.341560 0.405034 0.349481 0.425665 0.341560 0.429799 0.456461 0.420559 0.569214 0.405034 0.349481 0.446203 0.467662 0.461369 0.591909
191 0.428451 0.179555 0.420135 0.344384 0.432193 0.340846 0.408077 0.347922 0.432193 0.340846 0.430806 0.456488 0.421330 0.569640 0.408077 0.347922 0.445833 0.463091 0.477522 0.589360
192 0.434434 0.180692 0.426494 0.345316 0.438244 0.341320 0.414744 0.349313 0.438244 0.341320 0.434345 0.456509 0.421488 0.569380 0.414744 0.349313 0.448823 0.463711 0.489537 0.591278
193 0.440287 0.184564 0.434879 0.347494 0.448252 0.343208 0.421506 0.351781 0.448252 0.343208 0.439737 0.458962 0.421705 0.569491 0.421506 0.351781 0.455508 0.464778 0.494302 0.595537
194 0.444988 0.188402 0.442604 0.353008 0.455515 0.348179 0.429694 0.357836 0.455515 0.348179 0.443587 0.460939 0.421853 0.570088 0.429694 0.357836 0.462461 0.469427 0.496770 0.598176
195 0.448804 0.190389 0.449013 0.356705 0.460382 0.352163 0.437644 0.361248 0.460382 0.352163 0.450007 0.463897 0.422808 0.568754 0.437644 0.361248 0.469589 0.474201 0.496006 0.596003
196 0.453269 0.190875 0.452418 0.355733 0.465149 0.351474 0.439687 0.359991 0.465149 0.351474 0.458851 0.463640 0.424560 0.563418 0.439687 0.359991 0.473313 0.473629 0.497058 0.598482
197 0.457550 0.192563 0.459810 0.358098 0.470486 0.354526 0.449135 0.361670 0.470486 0.354526 0.471713 0.464384 0.430588 0.558488 0.449135 0.361670 0.478299 0.474538 0.496189 0.600301
198 0.462213 0.193060 0.468293 0.362475 0.476747 0.359285 0.459840 0.365665 0.476747 0.359285 0.483677 0.467059 0.440607 0.551187 0.459840 0.365665 0.486966 0.480044 0.496877 0.601568
199 0.468273 0.194291 0.476500 0.368987 0.485582 0.366295 0.467418 0.371678 0.485582 0.366295 0.496192 0.472556 0.449816 0.540250 0.467418 0.371678 0.495194 0.489643 0.498684 0.605191
200 0.474428 0.194799 0.480542 0.372002 0.488990 0.368888 0.472095 0.375115 0.488990 0.368888 0.507891 0.475893 0.463012 0.542441 0.472095 0.375115 0.501037 0.490139 0.497995 0.603827
201 0.478899 0.194638 0.485493 0.370354 0.494351 0.367312 0.476635 0.373397 0.494351 0.367312 0.517941 0.475054 0.478547 0.544100 0.476635 0.373397 0.501057 0.487274 0.499772 0.602366
202 0.484731 0.195851 0.491056 0.369340 0.499285 0.366798 0.482827 0.371882 0.499285 0.366798 0.526661 0.474083 0.494997 0.551548 0.482827 0.371882 0.504624 0.486126 0.498247 0.601499
203 0.490783 0.196517 0.497124 0.372982 0.506374 0.370931 0.487875 0.375034 0.506374 0.370931 0.535302 0.477733 0.509589 0.576389 0.487875 0.375034 0.502773 0.491396 0.497574 0.601736
204 0.495718 0.197161 0.501344 0.377665 0.507376 0.375649 0.495311 0.379681 0.507376 0.375649 0.539240 0.481681 0.523408 0.586398 0.495311 0.379681 0.506525 0.492417 0.501635 0.601718
205 0.502721 0.200471 0.506432 0.381058 0.508163 0.380510 0.504701 0.381607 0.508163 0.380510 0.524662 0.491831 0.518853 0.604846 0.504701 0.381607 0.536447 0.490795 0.545139 0.606156
206 0.508929 0.202791 0.511678 0.386965 0.520913 0.384671 0.502442 0.389259 0.520913 0.384671 0.545949 0.496881 0.567575 0.607205 0.502442 0.389259 0.517047 0.504225 0.543421 0.608255
207 0.513169 0.205433 0.517886 0.389531 0.528315 0.387025 0.507457 0.392038 0.528315 0.387025 0.551979 0.498122 0.577559 0.613015 0.507457 0.392038 0.513719 0.503708 0.534567 0.607433
208 0.518571 0.206406 0.520807 0.391744 0.528258 0.390156 0.513356 0.393331 0.528258 0.390156 0.555032 0.503747 0.581004 0.623828 0.513356 0.393331 0.515486 0.508397 0.523305 0.609704
209 0.525304 0.209950 0.527278 0.393840 0.535080 0.393253 0.519475 0.394428 0.535080 0.393253 0.562885 0.510850 0.582395 0.629403 0.519475 0.394428 0.517761 0.511644 0.517398 0.609795
210 0.533341 0.209829 0.532855 0.397408 0.545013 0.395940 0.520697 0.398876 0.545013 0.395940 0.574044 0.514634 0.585791 0.633858 0.520697 0.398876 0.519137 0.515388 0.514630 0.609775
211 0.539125 0.210098 0.537241 0.398553 0.550442 0.397217 0.524040 0.399890 0.550442 0.397217 0.578791 0.513611 0.586639 0.634590 0.524040 0.399890 0.525820 0.516786 0.510665 0.609313
212 0.545354 0.211066 0.541070 0.397656 0.555647 0.395901 0.526494 0.399410 0.555647 0.395901 0.581262 0.515121 0.583060 0.636202 0.526494 0.399410 0.536210 0.519629 0.511021 0.605393
213 0.554346 0.211858 0.547480 0.395850 0.563254 0.394139 0.531707 0.397560 0.563254 0.394139 0.583712 0.516009 0.582643 0.638058 0.531707 0.397560 0.544671 0.518477 0.514832 0.592456
214 0.559433 0.215237 0.550597 0.398669 0.568229 0.397933 0.532964 0.399406 0.568229 0.397933 0.585414 0.521656 0.580886 0.640473 0.532964 0.399406 0.547325 0.526971 0.518365 0.588900
215 0.566098 0.215248 0.556441 0.397403 0.575649 0.396551 0.537233 0.398255 0.575649 0.396551 0.592429 0.524635 0.581632 0.643907 0.537233 0.398255 0.553231 0.534246 0.522873 0.590978
216 0.570129 0.214408 0.561098 0.398669 0.580778 0.397291 0.541417 0.400047 0.580778 0.397291 0.594533 0.530280 0.580904 0.647526 0.541417 0.400047 0.558184 0.540223 0.529937 0.601465
217 0.575753 0.214073 0.563007 0.398988 0.583324 0.397921 0.542690 0.400055 0.583324 0.397921 0.596103 0.531282 0.584181 0.641795 0.542690 0.400055 0.562634 0.542714 0.541632 0.645718
218 0.579878 0.213695 0.566004 0.398547 0.587301 0.397445 0.544707 0.399648 0.587301 0.397445 0.600764 0.529177 0.584072 0.641261 0.544707 0.399648 0.566008 0.539791 0.558743 0.650322
219 0.582960 0.213846 0.569403 0.398508 0.591355 0.397728 0.547450 0.399287 0.591355 0.397728 0.600809 0.528780 0.585920 0.650260 0.547450 0.399287 0.569345 0.540199 0.574474 0.666932
220 0.587251 0.214728 0.573308 0.396890 0.596010 0.396685 0.550606 0.397096 0.596010 0.396685 0.600918 0.526097 0.587836 0.653281 0.550606 0.397096 0.569273 0.536926 0.581089 0.654090
221 0.589992 0.217152 0.576919 0.396790 0.600273 0.396404 0.553565 0.397176 0.600273 0.396404 0.604357 0.525369 0.589099 0.670662 0.553565 0.397176 0.571543 0.538707 0.589174 0.684350
222 0.591923 0.220435 0.582811 0.404138 0.606454 0.402155 0.559169 0.406120 0.606454 0.402155 0.602385 0.543748 0.586954 0.686438 0.559169 0.406120 0.575307 0.549244 0.600353 0.702441
223 0.594133 0.225756 0.587588 0.415177 0.610753 0.413644 0.564422 0.416709 0.610753 0.413644 0.603239 0.550480 0.585682 0.685858 0.564422 0.416709 0.578301 0.559697 0.594975 0.708683
224 0.595450 0.231872 0.589884 0.422931 0.611202 0.421477 0.568565 0.424384 0.611202 0.421477 0.603753 0.561854 0.587126 0.702739 0.568565 0.424384 0.582432 0.569490 0.599959 0.716516
225 0.596276 0.238132 0.591694 0.427634 0.613234 0.426588 0.570154 0.428679 0.613234 0.426588 0.604228 0.561597 0.586394 0.707241 0.570154 0.428679 0.584480 0.566880 0.603401 0.723606
226 0.597672 0.242531 0.595188 0.434932 0.615831 0.432619 0.574546 0.437245 0.615831 0.432619 0.606550 0.573713 0.587385 0.699756 0.574546 0.437245 0.587665 0.576546 0.604861 0.719485
227 0.599935 0.245346 0.599019 0.437140 0.620753 0.435036 0.577285 0.439244 0.620753 0.435036 0.611486 0.581235 0.586337 0.693797 0.577285 0.439244 0.591808 0.576776 0.612173 0.709703
228 0.600845 0.247511 0.602183 0.441840 0.625103 0.439203 0.579263 0.444476 0.625103 0.439203 0.624660 0.589851 0.588071 0.686929 0.579263 0.444476 0.592686 0.578603 0.606925 0.708398
229 0.601842 0.248459 0.606629 0.444915 0.630602 0.441456 0.582657 0.448374 0.630602 0.441456 0.639419 0.585504 0.595469 0.660205 0.582657 0.448374 0.593765 0.583345 0.606749 0.709616
230 0.602904 0.251712 0.610457 0.450223 0.634260 0.445017 0.586654 0.455428 0.634260 0.445017 0.644753 0.581163 0.599914 0.651275 0.586654 0.455428 0.597868 0.588575 0.607145 0.719729
231 0.605333 0.252033 0.614153 0.449995 0.638011 0.444553 0.590295 0.455437 0.638011 0.444553 0.653210 0.579853 0.605223 0.635162 0.590295 0.455437 0.601991 0.592661 0.608186 0.719443
232 0.607474 0.251958 0.616522 0.450696 0.641505 0.445553 0.591538 0.455839 0.641505 0.445553 0.654715 0.583245 0.603882 0.645086 0.591538 0.455839 0.600349 0.600335 0.610993 0.723330
233 0.609497 0.253442 0.621008 0.456406 0.646449 0.451878 0.595566 0.460934 0.646449 0.451878 0.661554 0.594705 0.604670 0.655276 0.595566 0.460934 0.599976 0.607668 0.611556 0.726623
234 0.611674 0.255707 0.624288 0.459443 0.650255 0.454936 0.598321 0.463951 0.650255 0.454936 0.665058 0.595924 0.604432 0.651736 0.598321 0.463951 0.602992 0.602595 0.611647 0.723787
235 0.614591 0.258139 0.628654 0.459174 0.654951 0.454033 0.602357 0.464316 0.654951 0.454033 0.667216 0.595115 0.618347 0.640906 0.602357 0.464316 0.604781 0.598361 0.612092 0.723928
236 0.617153 0.260767 0.631334 0.457753 0.657541 0.453127 0.605127 0.462378 0.657541 0.453127 0.668204 0.592143 0.632170 0.611322 0.605127 0.462378 0.606692 0.597985 0.610848 0.718402
237 0.620041 0.261581 0.633374 0.461371 0.660139 0.456943 0.606609 0.465798 0.660139 0.456943 0.672930 0.593950 0.632178 0.623975 0.606609 0.465798 0.606086 0.598159 0.610196 0.720981
238 0.624711 0.261195 0.636440 0.461590 0.662743 0.457746 0.610136 0.465433 0.662743 0.457746 0.674419 0.592721 0.631009 0.628354 0.610136 0.465433 0.607058 0.597544 0.611233 0.722242
239 0.630395 0.261835 0.639227 0.466210 0.665434 0.462528 0.613019 0.469891 0.665434 0.462528 0.676941 0.591845 0.635522 0.630010 0.613019 0.469891 0.609087 0.605243 0.612270 0.722787
240 0.636844 0.263466 0.642865 0.469528 0.669435 0.466302 0.616294 0.472754 0.669435 0.466302 0.681551 0.590216 0.658206 0.631158 0.616294 0.472754 0.610802 0.609381 0.611868 0.725301
241 -1 -1 -1 -1 -1 -1 -1 -1 -1 -1 -1 -1 -1 -1 -1 -1 -1 -1 -1 -1
242 -1 -1 -1 -1 -1 -1 -1 -1 -1 -1 -1 -1 -1 -1 -1 -1 -1 -1 -1 -1
243 -1 -1 -1 -1 -1 -1 -1 -1 -1 -1 -1 -1 -1 -1 -1 -1 -1 -1 -1 -1
244 -1 -1 -1 -1 -1 -1 -1 -1 -1 -1 -1 -1 -1 -1 -1 -1 -1 -1 -1 -1
245 -1 -1 -1 -1 -1 -1 -1 -1 -1 -1 -1 -1 -1 -1 -1 -1 -1 -1 -1 -1
246 -1 -1 -1 -1 -1 -1 -1 -1 -1 -1 -1 -1 -1 -1 -1 -1 -1 -1 -1 -1
247 -1 -1 -1 -1 -1 -1 -1 -1 -1 -1 -1 -1 -1 -1 -1 -1 -1 -1 -1 -1
248 -1 -1 -1 -1 -1 -1 -1 -1 -1 -1 -1 -1 -1 -1 -1 -1 -1 -1 -1 -1
249 -1 -1 -1 -1 -1 -1 -1 -1 -1 -1 -1 -1 -1 -1 -1 -1 -1 -1 -1 -1
250 -1 -1 -1 -1 -1 -1 -1 -1 -1 -1 -1 -1 -1 -1 -1 -1 -1 -1 -1 -1
251 -1 -1 -1 -1 -1 -1 -1 -1 -1 -1 -1 -1 -1 -1 -1 -1 -1 -1 -1 -1
252 -1 -1 -1 -1 -1 -1 -1 -1 -1 -1 -1 -1 -1 -1 -1 -1 -1 -1 -1 -1
253 -1 -1 -1 -1 -1 -1 -1 -1 -1 -1 -1 -1 -1 -1 -1 -1 -1 -1 -1 -1
254 -1 -1 -1 -1 -1 -1 -1 -1 -1 -1 -1 -1 -1 -1 -1 -1 -1 -1 -1 -1
255 -1 -1 -1 -1 -1 -1 -1 -1 -1 -1 -1 -1 -1 -1 -1 -1 -1 -1 -1 -1
256 -1 -1 -1 -1 -1 -1 -1 -1 -1 -1 -1 -1 -1 -1 -1 -1 -1 -1 -1 -1
257 -1 -1 -1 -1 -1 -1 -1 -1 -1 -1 -1 -1 -1 -1 -1 -1 -1 -1 -1 -1
258 -1 -1 -1 -1 -1 -1 -1 -1 -1 -1 -1 -1 -1 -1 -1 -1 -1 -1 -1 -1
259 -1 -1 -1 -1 -1 -1 -1 -1 -1 -1 -1 -1 -1 -1 -1 -1 -1 -1 -1 -1
260 -1 -1 -1 -1 -1 -1 -1 -1 -1 -1 -1 -1 -1 -1 -1 -1 -1 -1 -1 -1
261 -1 -1 -1 -1 -1 -1 -1 -1 -1 -1 -1 -1 -1 -1 -1 -1 -1 -1 -1 -1
262 -1 -1 -1 -1 -1 -1 -1 -1 -1 -1 -1 -1 -1 -1 -1 -1 -1 -1 -1 -1
263 -1 -1 -1 -1 -1 -1 -1 -1 -1 -1 -1 -1 -1 -1 -1 -1 -1 -1 -1 -1
264 -1 -1 -1 -1 -1 -1 -1 -1 -1 -1 -1 -1 -1 -1 -1 -1 -1 -1 -1 -1
265 -1 -1 -1 -1 -1 -1 -1 -1 -1 -1 -1 -1 -1 -1 -1 -1 -1 -1 -1 -1
266 -1 -1 -1 -1 -1 -1 -1 -1 -1 -1 -1 -1 -1 -1 -1 -1 -1 -1 -1 -1
267 -1 -1 -1 -1 -1 -1 -1 -1 -1 -1 -1 -1 -1 -1 -1 -1 -1 -1 -1 -1
268 -1 -1 -1 -1 -1 -1 -1 -1 -1 -1 -1 -1 -1 -1 -1 -1 -1 -1 -1 -1
269 -1 -1 -1 -1 -1 -1 -1 -1 -1 -1 -1 -1 -1 -1 -1 -1 -1 -1 -1 -1
270 -1 -1 -1 -1 -1 -1 -1 -1 -1 -1 -1 -1 -1 -1 -1 -1 -1 -1 -1 -1
271 -1 -1 -1 -1 -1 -1 -1 -1 -1 -1 -1 -1 -1 -1 -1 -1 -1 -1 -1 -1
272 -1 -1 -1 -1 -1 -1 -1 -1 -1 -1 -1 -1 -1 -1 -1 -1 -1 -1 -1 -1
273 -1 -1 -1 -1 -1 -1 -1 -1 -1 -1 -1 -1 -1 -1 -1 -1 -1 -1 -1 -1
274 -1 -1 -1 -1 -1 -1 -1 -1 -1 -1 -1 -1 -1 -1 -1 -1 -1 -1 -1 -1
275 -1 -1 -1 -1 -1 -1 -1 -1 -1 -1 -1 -1 -1 -1 -1 -1 -1 -1 -1 -1
276 -1 -1 -1 -1 -1 -1 -1 -1 -1 -1 -1 -1 -1 -1 -1 -1 -1 -1 -1 -1
277 -1 -1 -1 -1 -1 -1 -1 -1 -1 -1 -1 -1 -1 -1 -1 -1 -1 -1 -1 -1
278 -1 -1 -1 -1 -1 -1 -1 -1 -1 -1 -1 -1 -1 -1 -1 -1 -1 -1 -1 -1
279 -1 -1 -1 -1 -1 -1 -1 -1 -1 -1 -1 -1 -1 -1 -1 -1 -1 -1 -1 -1
280 -1 -1 -1 -1 -1 -1 -1 -1 -1 -1 -1 -1 -1 -1 -1 -1 -1 -1 -1 -1
281 -1 -1 -1 -1 -1 -1 -1 -1 -1 -1 -1 -1 -1 -1 -1 -1 -1 -1 -1 -1
282 -1 -1 -1 -1 -1 -1 -1 -1 -1 -1 -1 -1 -1 -1 -1 -1 -1 -1 -1 -1
283 -1 -1 -1 -1 -1 -1 -1 -1 -1 -1 -1 -1 -1 -1 -1 -1 -1 -1 -1 -1
284 -1 -1 -1 -1 -1 -1 -1 -1 -1 -1 -1 -1 -1 -1 -1 -1 -1 -1 -1 -1
285 -1 -1 -1 -1 -1 -1 -1 -1 -1 -1 -1 -1 -1 -1 -1 -1 -1 -1 -1 -1
286 -1 -1 -1 -1 -1 -1 -1 -1 -1 -1 -1 -1 -1 -1 -1 -1 -1 -1 -1 -1
287 -1 -1 -1 -1 -1 -1 -1 -1 -1 -1 -1 -1 -1 -1 -1 -1 -1 -1 -1 -1
288 -1 -1 -1 -1 -1 -1 -1 -1 -1 -1 -1 -1 -1 -1 -1 -1 -1 -1 -1 -1
289 -1 -1 -1 -1 -1 -1 -1 -1 -1 -1 -1 -1 -1 -1 -1 -1 -1 -1 -1 -1
290 -1 -1 -1 -1 -1 -1 -1 -1 -1 -1 -1 -1 -1 -1 -1 -1 -1 -1 -1 -1
291 -1 -1 -1 -1 -1 -1 -1 -1 -1 -1 -1 -1 -1 -1 -1 -1 -1 -1 -1 -1
292 -1 -1 -1 -1 -1 -1 -1 -1 -1 -1 -1 -1 -1 -1 -1 -1 -1 -1 -1 -1
293 -1 -1 -1 -1 -1 -1 -1 -1 -1 -1 -1 -1 -1 -1 -1 -1 -1 -1 -1 -1
294 -1 -1 -1 -1 -1 -1 -1 -1 -1 -1 -1 -1 -1 -1 -1 -1 -1 -1 -1 -1
295 -1 -1 -1 -1 -1 -1 -1 -1 -1 -1 -1 -1 -1 -1 -1 -1 -1 -1 -1 -1
296 -1 -1 -1 -1 -1 -1 -1 -1 -1 -1 -1 -1 -1 -1 -1 -1 -1 -1 -1 -1
297 -1 -1 -1 -1 -1 -1 -1 -1 -1 -1 -1 -1 -1 -1 -1 -1 -1 -1 -1 -1
298 -1 -1 -1 -1 -1 -1 -1 -1 -1 -1 -1 -1 -1 -1 -1 -1 -1 -1 -1 -1
299 -1 -1 -1 -1 -1 -1 -1 -1 -1 -1 -1 -1 -1 -1 -1 -1 -1 -1 -1 -1
300 -1 -1 -1 -1 -1 -1 -1 -1 -1 -1 -1 -1 -1 -1 -1 -1 -1 -1 -1 -1
301 -1 -1 -1 -1 -1 -1 -1 -1 -1 -1 -1 -1 -1 -1 -1 -1 -1 -1 -1 -1
302 -1 -1 -1 -1 -1 -1 -1 -1 -1 -1 -1 -1 -1 -1 -1 -1 -1 -1 -1 -1
303 -1 -1 -1 -1 -1 -1 -1 -1 -1 -1 -1 -1 -1 -1 -1 -1 -1 -1 -1 -1
304 -1 -1 -1 -1 -1 -1 -1 -1 -1 -1 -1 -1 -1 -1 -1 -1 -1 -1 -1 -1
305 -1 -1 -1 -1 -1 -1 -1 -1 -1 -1 -1 -1 -1 -1 -1 -1 -1 -1 -1 -1
306 -1 -1 -1 -1 -1 -1 -1 -1 -1 -1 -1 -1 -1 -1 -1 -1 -1 -1 -1 -1
307 -1 -1 -1 -1 -1 -1 -1 -1 -1 -1 -1 -1 -1 -1 -1 -1 -1 -1 -1 -1
308 -1 -1 -1 -1 -1 -1 -1 -1 -1 -1 -1 -1 -1 -1 -1 -1 -1 -1 -1 -1
309 -1 -1 -1 -1 -1 -1 -1 -1 -1 -1 -1 -1 -1 -1 -1 -1 -1 -1 -1 -1
310 -1 -1 -1 -1 -1 -1 -1 -1 -1 -1 -1 -1 -1 -1 -1 -1 -1 -1 -1 -1
311 -1 -1 -1 -1 -1 -1 -1 -1 -1 -1 -1 -1 -1 -1 -1 -1 -1 -1 -1 -1
