0
0
0 -1 -1 -1 -1 -1 -1 -1 -1 -1 -1 -1 -1 -1 -1 -1 -1 -1 -1 -1 -1
1 -1 -1 -1 -1 -1 -1 -1 -1 -1 -1 -1 -1 -1 -1 -1 -1 -1 -1 -1 -1
2 -1 -1 -1 -1 -1 -1 -1 -1 -1 -1 -1 -1 -1 -1 -1 -1 -1 -1 -1 -1
3 -1 -1 -1 -1 -1 -1 -1 -1 -1 -1 -1 -1 -1 -1 -1 -1 -1 -1 -1 -1
4 -1 -1 -1 -1 -1 -1 -1 -1 -1 -1 -1 -1 -1 -1 -1 -1 -1 -1 -1 -1
5 -1 -1 -1 -1 -1 -1 -1 -1 -1 -1 -1 -1 -1 -1 -1 -1 -1 -1 -1 -1
6 -1 -1 -1 -1 -1 -1 -1 -1 -1 -1 -1 -1 -1 -1 -1 -1 -1 -1 -1 -1
7 -1 -1 -1 -1 -1 -1 -1 -1 -1 -1 -1 -1 -1 -1 -1 -1 -1 -1 -1 -1
8 -1 -1 -1 -1 -1 -1 -1 -1 -1 -1 -1 -1 -1 -1 -1 -1 -1 -1 -1 -1
9 -1 -1 -1 -1 -1 -1 -1 -1 -1 -1 -1 -1 -1 -1 -1 -1 -1 -1 -1 -1
10 -1 -1 -1 -1 -1 -1 -1 -1 -1 -1 -1 -1 -1 -1 -1 -1 -1 -1 -1 -1
11 -1 -1 -1 -1 -1 -1 -1 -1 -1 -1 -1 -1 -1 -1 -1 -1 -1 -1 -1 -1
12 -1 -1 -1 -1 -1 -1 -1 -1 -1 -1 -1 -1 -1 -1 -1 -1 -1 -1 -1 -1
13 -1 -1 -1 -1 -1 -1 -1 -1 -1 -1 -1 -1 -1 -1 -1 -1 -1 -1 -1 -1
14 -1 -1 -1 -1 -1 -1 -1 -1 -1 -1 -1 -1 -1 -1 -1 -1 -1 -1 -1 -1
15 -1 -1 -1 -1 -1 -1 -1 -1 -1 -1 -1 -1 -1 -1 -1 -1 -1 -1 -1 -1
16 -1 -1 -1 -1 -1 -1 -1 -1 -1 -1 -1 -1 -1 -1 -1 -1 -1 -1 -1 -1
17 -1 -1 -1 -1 -1 -1 -1 -1 -1 -1 -1 -1 -1 -1 -1 -1 -1 -1 -1 -1
18 -1 -1 -1 -1 -1 -1 -1 -1 -1 -1 -1 -1 -1 -1 -1 -1 -1 -1 -1 -1
19 -1 -1 -1 -1 -1 -1 -1 -1 -1 -1 -1 -1 -1 -1 -1 -1 -1 -1 -1 -1
20 -1 -1 -1 -1 -1 -1 -1 -1 -1 -1 -1 -1 -1 -1 -1 -1 -1 -1 -1 -1
21 -1 -1 -1 -1 -1 -1 -1 -1 -1 -1 -1 -1 -1 -1 -1 -1 -1 -1 -1 -1
22 -1 -1 -1 -1 -1 -1 -1 -1 -1 -1 -1 -1 -1 -1 -1 -1 -1 -1 -1 -1
23 -1 -1 -1 -1 -1 -1 -1 -1 -1 -1 -1 -1 -1 -1 -1 -1 -1 -1 -1 -1
24 -1 -1 -1 -1 -1 -1 -1 -1 -1 -1 -1 -1 -1 -1 -1 -1 -1 -1 -1 -1
25 -1 -1 -1 -1 -1 -1 -1 -1 -1 -1 -1 -1 -1 -1 -1 -1 -1 -1 -1 -1
26 -1 -1 -1 -1 -1 -1 -1 -1 -1 -1 -1 -1 -1 -1 -1 -1 -1 -1 -1 -1
27 -1 -1 -1 -1 -1 -1 -1 -1 -1 -1 -1 -1 -1 -1 -1 -1 -1 -1 -1 -1
28 -1 -1 -1 -1 -1 -1 -1 -1 -1 -1 -1 -1 -1 -1 -1 -1 -1 -1 -1 -1
29 -1 -1 -1 -1 -1 -1 -1 -1 -1 -1 -1 -1 -1 -1 -1 -1 -1 -1 -1 -1
30 -1 -1 -1 -1 -1 -1 -1 -1 -1 -1 -1 -1 -1 -1 -1 -1 -1 -1 -1 -1
31 -1 -1 -1 -1 -1 -1 -1 -1 -1 -1 -1 -1 -1 -1 -1 -1 -1 -1 -1 -1
32 -1 -1 -1 -1 -1 -1 -1 -1 -1 -1 -1 -1 -1 -1 -1 -1 -1 -1 -1 -1
33 -1 -1 -1 -1 -1 -1 -1 -1 -1 -1 -1 -1 -1 -1 -1 -1 -1 -1 -1 -1
34 -1 -1 -1 -1 -1 -1 -1 -1 -1 -1 -1 -1 -1 -1 -1 -1 -1 -1 -1 -1
35 -1 -1 -1 -1 -1 -1 -1 -1 -1 -1 -1 -1 -1 -1 -1 -1 -1 -1 -1 -1
36 -1 -1 -1 -1 -1 -1 -1 -1 -1 -1 -1 -1 -1 -1 -1 -1 -1 -1 -1 -1
37 -1 -1 -1 -1 -1 -1 -1 -1 -1 -1 -1 -1 -1 -1 -1 -1 -1 -1 -1 -1
38 -1 -1 -1 -1 -1 -1 -1 -1 -1 -1 -1 -1 -1 -1 -1 -1 -1 -1 -1 -1
39 -1 -1 -1 -1 -1 -1 -1 -1 -1 -1 -1 -1 -1 -1 -1 -1 -1 -1 -1 -1
40 -1 -1 -1 -1 -1 -1 -1 -1 -1 -1 -1 -1 -1 -1 -1 -1 -1 -1 -1 -1
41 -1 -1 -1 -1 -1 -1 -1 -1 -1 -1 -1 -1 -1 -1 -1 -1 -1 -1 -1 -1
42 -1 -1 -1 -1 -1 -1 -1 -1 -1 -1 -1 -1 -1 -1 -1 -1 -1 -1 -1 -1
43 -1 -1 -1 -1 -1 -1 -1 -1 -1 -1 -1 -1 -1 -1 -1 -1 -1 -1 -1 -1
44 -1 -1 -1 -1 -1 -1 -1 -1 -1 -1 -1 -1 -1 -1 -1 -1 -1 -1 -1 -1
45 -1 -1 -1 -1 -1 -1 -1 -1 -1 -1 -1 -1 -1 -1 -1 -1 -1 -1 -1 -1
46 -1 -1 -1 -1 -1 -1 -1 -1 -1 -1 -1 -1 -1 -1 -1 -1 -1 -1 -1 -1
47 -1 -1 -1 -1 -1 -1 -1 -1 -1 -1 -1 -1 -1 -1 -1 -1 -1 -1 -1 -1
48 -1 -1 -1 -1 -1 -1 -1 -1 -1 -1 -1 -1 -1 -1 -1 -1 -1 -1 -1 -1
49 -1 -1 -1 -1 -1 -1 -1 -1 -1 -1 -1 -1 -1 -1 -1 -1 -1 -1 -1 -1
50 -1 -1 -1 -1 -1 -1 -1 -1 -1 -1 -1 -1 -1 -1 -1 -1 -1 -1 -1 -1
51 -1 -1 -1 -1 -1 -1 -1 -1 -1 -1 -1 -1 -1 -1 -1 -1 -1 -1 -1 -1
52 -1 -1 -1 -1 -1 -1 -1 -1 -1 -1 -1 -1 -1 -1 -1 -1 -1 -1 -1 -1
53 -1 -1 -1 -1 -1 -1 -1 -1 -1 -1 -1 -1 -1 -1 -1 -1 -1 -1 -1 -1
54 -1 -1 -1 -1 -1 -1 -1 -1 -1 -1 -1 -1 -1 -1 -1 -1 -1 -1 -1 -1
55 -1 -1 -1 -1 -1 -1 -1 -1 -1 -1 -1 -1 -1 -1 -1 -1 -1 -1 -1 -1
56 -1 -1 -1 -1 -1 -1 -1 -1 -1 -1 -1 -1 -1 -1 -1 -1 -1 -1 -1 -1
57 -1 -1 -1 -1 -1 -1 -1 -1 -1 -1 -1 -1 -1 -1 -1 -1 -1 -1 -1 -1
58 -1 -1 -1 -1 -1 -1 -1 -1 -1 -1 -1 -1 -1 -1 -1 -1 -1 -1 -1 -1
59 -1 -1 -1 -1 -1 -1 -1 -1 -1 -1 -1 -1 -1 -1 -1 -1 -1 -1 -1 -1
60 -1 -1 -1 -1 -1 -1 -1 -1 -1 -1 -1 -1 -1 -1 -1 -1 -1 -1 -1 -1
61 -1 -1 -1 -1 -1 -1 -1 -1 -1 -1 -1 -1 -1 -1 -1 -1 -1 -1 -1 -1
62 -1 -1 -1 -1 -1 -1 -1 -1 -1 -1 -1 -1 -1 -1 -1 -1 -1 -1 -1 -1
63 -1 -1 -1 -1 -1 -1 -1 -1 -1 -1 -1 -1 -1 -1 -1 -1 -1 -1 -1 -1
64 -1 -1 -1 -1 -1 -1 -1 -1 -1 -1 -1 -1 -1 -1 -1 -1 -1 -1 -1 -1
65 -1 -1 -1 -1 -1 -1 -1 -1 -1 -1 -1 -1 -1 -1 -1 -1 -1 -1 -1 -1
66 -1 -1 -1 -1 -1 -1 -1 -1 -1 -1 -1 -1 -1 -1 -1 -1 -1 -1 -1 -1
67 -1 -1 -1 -1 -1 -1 -1 -1 -1 -1 -1 -1 -1 -1 -1 -1 -1 -1 -1 -1
68 -1 -1 -1 -1 -1 -1 -1 -1 -1 -1 -1 -1 -1 -1 -1 -1 -1 -1 -1 -1
69 0.511751 0.218444 0.499544 0.435045 0.475493 0.432596 0.523595 0.437494 0.475493 0.432596 0.475046 0.544327 0.457112 0.676859 0.523595 0.437494 0.549875 0.534281 0.578322 0.639781
70 0.522656 0.219223 0.510042 0.436082 0.485475 0.433446 0.534609 0.438719 0.485475 0.433446 0.477364 0.550079 0.460037 0.678878 0.534609 0.438719 0.556501 0.540002 0.589217 0.638397
71 0.534076 0.221762 0.516769 0.436542 0.491878 0.434007 0.541659 0.439078 0.491878 0.434007 0.479994 0.554978 0.459815 0.681549 0.541659 0.439078 0.569972 0.545562 0.590188 0.627320
72 0.547491 0.223894 0.525121 0.437790 0.499889 0.433949 0.550352 0.441631 0.499889 0.433949 0.483710 0.557367 0.460076 0.688343 0.550352 0.441631 0.566009 0.545471 0.592047 0.635166
73 0.559894 0.224855 0.535062 0.432355 0.510087 0.427758 0.560037 0.436952 0.510087 0.427758 0.488617 0.556127 0.461465 0.705226 0.560037 0.436952 0.573320 0.541220 0.594277 0.639589
74 0.571278 0.223671 0.547158 0.422946 0.522708 0.417871 0.571608 0.428021 0.522708 0.417871 0.496020 0.547156 0.469576 0.697660 0.571608 0.428021 0.582384 0.540457 0.595118 0.646255
75 0.579502 0.223141 0.556650 0.420592 0.531580 0.415150 0.581720 0.426034 0.531580 0.415150 0.502459 0.544820 0.476716 0.684481 0.581720 0.426034 0.587936 0.541045 0.598276 0.649293
76 0.587193 0.218615 0.566057 0.414690 0.541011 0.409164 0.591103 0.420216 0.541011 0.409164 0.509614 0.536048 0.487433 0.679227 0.591103 0.420216 0.590089 0.536919 0.599121 0.649856
77 0.593143 0.216071 0.574328 0.412553 0.549437 0.408197 0.599219 0.416908 0.549437 0.408197 0.518289 0.531125 0.496245 0.672214 0.599219 0.416908 0.595178 0.535115 0.601503 0.650461
78 0.598961 0.212269 0.581977 0.404251 0.557208 0.399562 0.606746 0.408940 0.557208 0.399562 0.524233 0.525774 0.503847 0.669057 0.606746 0.408940 0.601591 0.532310 0.605963 0.651547
79 0.604093 0.209850 0.586343 0.400445 0.562107 0.396996 0.610579 0.403893 0.562107 0.396996 0.532231 0.527561 0.510227 0.669375 0.610579 0.403893 0.603887 0.529049 0.609828 0.652256
80 0.608573 0.206296 0.592290 0.397259 0.568832 0.393832 0.615749 0.400686 0.568832 0.393832 0.540105 0.528331 0.517441 0.670013 0.615749 0.400686 0.608687 0.526053 0.612466 0.652611
81 0.611266 0.202815 0.596270 0.395836 0.573199 0.393497 0.619341 0.398175 0.573199 0.393497 0.547983 0.528684 0.529952 0.670323 0.619341 0.398175 0.610817 0.526350 0.609597 0.653027
82 0.614155 0.200069 0.602859 0.391908 0.579481 0.389231 0.626236 0.394586 0.579481 0.389231 0.555155 0.526839 0.546872 0.668858 0.626236 0.394586 0.612813 0.522757 0.609636 0.653596
83 0.616361 0.198000 0.605812 0.391425 0.584172 0.388959 0.627452 0.393891 0.584172 0.388959 0.559556 0.526748 0.560233 0.664570 0.627452 0.393891 0.612794 0.522581 0.608109 0.653808
84 0.618276 0.196653 0.609372 0.393294 0.588555 0.391119 0.630190 0.395469 0.588555 0.391119 0.565386 0.527322 0.575248 0.662172 0.630190 0.395469 0.612677 0.524290 0.608995 0.653242
85 0.620232 0.196316 0.612238 0.394631 0.592463 0.392546 0.632012 0.396716 0.592463 0.392546 0.568337 0.527713 0.575836 0.663163 0.632012 0.396716 0.613051 0.525082 0.614220 0.648570
86 0.623534 0.195787 0.616088 0.395324 0.596599 0.393447 0.635577 0.397201 0.596599 0.393447 0.573988 0.529362 0.578000 0.663508 0.635577 0.397201 0.616734 0.524198 0.622190 0.641172
87 0.627185 0.194851 0.618903 0.396041 0.600073 0.393826 0.637733 0.398257 0.600073 0.393826 0.574345 0.529622 0.576959 0.665227 0.637733 0.398257 0.616706 0.520061 0.629541 0.634153
88 0.631029 0.193701 0.622717 0.396413 0.605005 0.394306 0.640429 0.398519 0.605005 0.394306 0.577102 0.529712 0.578804 0.667224 0.640429 0.398519 0.618396 0.518226 0.634030 0.632247
89 0.635835 0.192807 0.626088 0.396437 0.610742 0.394692 0.641435 0.398183 0.610742 0.394692 0.580894 0.529542 0.577629 0.669672 0.641435 0.398183 0.617711 0.515316 0.634270 0.626819
90 0.639326 0.189289 0.633205 0.394035 0.621243 0.393716 0.645168 0.394353 0.621243 0.393716 0.586050 0.528715 0.578439 0.670032 0.645168 0.394353 0.618653 0.514556 0.633690 0.627954
91 0.644930 0.185533 0.640049 0.390944 0.631955 0.391634 0.648143 0.390253 0.631955 0.391634 0.590983 0.527715 0.582283 0.670036 0.648143 0.390253 0.621062 0.513383 0.635506 0.625238
92 0.649102 0.183154 0.645096 0.387307 0.638138 0.388379 0.652055 0.386234 0.638138 0.388379 0.596887 0.523801 0.589299 0.665039 0.652055 0.386234 0.626542 0.511308 0.636092 0.626533
93 0.654436 0.178954 0.648216 0.384217 0.643389 0.386139 0.653043 0.382295 0.643389 0.386139 0.601911 0.522935 0.600678 0.664381 0.653043 0.382295 0.629821 0.511275 0.635451 0.628024
94 0.656476 0.175866 0.651337 0.381748 0.650603 0.384612 0.652072 0.378884 0.650603 0.384612 0.614492 0.521194 0.621282 0.659696 0.652072 0.378884 0.630358 0.511082 0.633845 0.631769
95 0.657410 0.173824 0.653549 0.379970 0.653266 0.383501 0.653832 0.376439 0.653266 0.383501 0.622804 0.520812 0.633027 0.654801 0.653832 0.376439 0.632609 0.509480 0.634348 0.631883
96 0.660354 0.174493 0.656911 0.379210 0.654683 0.382776 0.659139 0.375643 0.654683 0.382776 0.631283 0.519028 0.643778 0.647652 0.659139 0.375643 0.638323 0.506321 0.640018 0.627975
97 0.663617 0.175836 0.660133 0.379078 0.659310 0.382121 0.660955 0.376036 0.659310 0.382121 0.639367 0.518966 0.657128 0.644157 0.660955 0.376036 0.641474 0.507272 0.647326 0.625389
98 0.666456 0.176752 0.663424 0.379551 0.663009 0.382453 0.663839 0.376649 0.663009 0.382453 0.646927 0.516963 0.670750 0.636365 0.663839 0.376649 0.645456 0.507380 0.652752 0.623216
99 0.670051 0.177308 0.665981 0.379775 0.668255 0.382467 0.663706 0.377083 0.668255 0.382467 0.656872 0.514198 0.682028 0.632715 0.663706 0.377083 0.647784 0.506040 0.651037 0.621273
100 0.671501 0.178220 0.668457 0.379324 0.674165 0.381825 0.662750 0.376822 0.674165 0.381825 0.662183 0.512332 0.685964 0.631401 0.662750 0.376822 0.650384 0.504470 0.649678 0.620348
101 0.672608 0.179433 0.672431 0.379096 0.679982 0.381329 0.664880 0.376863 0.679982 0.381329 0.667311 0.508928 0.685341 0.628983 0.664880 0.376863 0.653146 0.503297 0.650490 0.620423
102 0.674315 0.182242 0.678371 0.377605 0.685916 0.379586 0.670827 0.375624 0.685916 0.379586 0.670919 0.507950 0.685499 0.626924 0.670827 0.375624 0.661686 0.503127 0.652435 0.621043
103 0.677222 0.185156 0.683775 0.377258 0.692122 0.379276 0.675428 0.375241 0.692122 0.379276 0.679754 0.508051 0.685754 0.627045 0.675428 0.375241 0.662297 0.503282 0.651272 0.621418
104 0.680847 0.189625 0.688797 0.377273 0.700057 0.379265 0.677537 0.375281 0.700057 0.379265 0.688241 0.507954 0.688303 0.624667 0.677537 0.375281 0.660608 0.503546 0.650396 0.621679
105 0.683068 0.190338 0.691541 0.376707 0.703286 0.378865 0.679795 0.374550 0.703286 0.378865 0.693480 0.506751 0.690521 0.624119 0.679795 0.374550 0.662569 0.502873 0.650868 0.621892
106 0.685499 0.190507 0.693890 0.375183 0.709037 0.377535 0.678743 0.372832 0.709037 0.377535 0.701194 0.504105 0.693529 0.622028 0.678743 0.372832 0.661394 0.499094 0.650501 0.620198
107 0.687593 0.190454 0.697561 0.373733 0.712922 0.375826 0.682200 0.371639 0.712922 0.375826 0.700889 0.502547 0.692270 0.623579 0.682200 0.371639 0.661600 0.496598 0.650522 0.618803
108 0.690267 0.190750 0.698677 0.372769 0.715319 0.375486 0.682035 0.370052 0.715319 0.375486 0.702415 0.500017 0.693577 0.623125 0.682035 0.370052 0.661297 0.493732 0.650286 0.612686
109 0.692011 0.191148 0.699317 0.373054 0.716577 0.375696 0.682058 0.370411 0.716577 0.375696 0.703551 0.500542 0.693710 0.623936 0.682058 0.370411 0.662412 0.494466 0.651899 0.609831
110 0.694761 0.191099 0.701126 0.371721 0.718637 0.375183 0.683614 0.368259 0.718637 0.375183 0.703508 0.501348 0.694401 0.624452 0.683614 0.368259 0.664728 0.493012 0.654550 0.608506
111 0.696061 0.190902 0.701724 0.371731 0.718172 0.375347 0.685277 0.368116 0.718172 0.375347 0.702083 0.501927 0.694005 0.624787 0.685277 0.368116 0.666313 0.492881 0.656592 0.607744
112 0.697800 0.190751 0.702845 0.371225 0.718990 0.375012 0.686700 0.367438 0.718990 0.375012 0.701518 0.502306 0.693357 0.625194 0.686700 0.367438 0.669003 0.493181 0.656953 0.607427
113 0.699137 0.190700 0.703317 0.370919 0.719112 0.374939 0.687523 0.366898 0.719112 0.374939 0.699598 0.502496 0.692701 0.625763 0.687523 0.366898 0.673210 0.493334 0.657216 0.607383
114 0.699835 0.190045 0.703937 0.370969 0.718644 0.374955 0.689229 0.366982 0.718644 0.374955 0.698410 0.502633 0.692244 0.625862 0.689229 0.366982 0.674856 0.493575 0.658234 0.607477
115 0.700851 0.189615 0.704374 0.371064 0.718481 0.374983 0.690267 0.367145 0.718481 0.374983 0.697772 0.502740 0.691851 0.626003 0.690267 0.367145 0.675904 0.493680 0.659172 0.607807
116 0.702423 0.189611 0.704209 0.371177 0.717851 0.375029 0.690567 0.367325 0.717851 0.375029 0.697454 0.502819 0.691683 0.626054 0.690567 0.367325 0.675556 0.493703 0.659537 0.607970
117 0.703472 0.188837 0.704039 0.371171 0.717883 0.374993 0.690194 0.367349 0.717883 0.374993 0.697216 0.502870 0.691531 0.625442 0.690194 0.367349 0.675957 0.493839 0.659909 0.608043
118 0.703058 0.188239 0.703900 0.370931 0.717838 0.374807 0.689961 0.367054 0.717838 0.374807 0.697129 0.503046 0.691484 0.625497 0.689961 0.367054 0.675486 0.494001 0.659861 0.608178
119 0.703476 0.188166 0.703904 0.370811 0.718162 0.374621 0.689647 0.367001 0.718162 0.374621 0.697066 0.503064 0.691570 0.625542 0.689647 0.367001 0.675133 0.494114 0.659663 0.608290
120 0.703402 0.188335 0.704058 0.370680 0.718704 0.374394 0.689412 0.366965 0.718704 0.374394 0.697014 0.503227 0.691657 0.625587 0.689412 0.366965 0.674907 0.494200 0.659509 0.608365
121 0.703977 0.188516 0.703869 0.370892 0.718424 0.374665 0.689313 0.367119 0.718424 0.374665 0.697258 0.503715 0.691914 0.625634 0.689313 0.367119 0.674229 0.494359 0.659368 0.608427
122 0.704256 0.189074 0.703850 0.370936 0.718424 0.374740 0.689276 0.367131 0.718424 0.374740 0.697552 0.503634 0.692070 0.625592 0.689276 0.367131 0.671558 0.494345 0.658715 0.608169
123 0.704584 0.188283 0.703999 0.370809 0.718845 0.374537 0.689152 0.367081 0.718845 0.374537 0.699116 0.501888 0.692227 0.624241 0.689152 0.367081 0.668390 0.492470 0.657389 0.605749
124 0.706151 0.188463 0.703965 0.371461 0.718767 0.375214 0.689162 0.367708 0.718767 0.375214 0.700599 0.501083 0.692307 0.623133 0.689162 0.367708 0.666593 0.489868 0.657202 0.604227
125 0.707204 0.182486 0.703811 0.370950 0.718340 0.374902 0.689282 0.366998 0.718340 0.374902 0.700939 0.500007 0.692293 0.623547 0.689282 0.366998 0.666382 0.487824 0.657399 0.602605
126 0.706690 0.178847 0.704152 0.370164 0.717760 0.373786 0.690544 0.366543 0.717760 0.373786 0.700728 0.500056 0.692089 0.623610 0.690544 0.366543 0.666525 0.485790 0.658305 0.601157
127 0.705790 0.171291 0.703262 0.368210 0.715522 0.370724 0.691001 0.365697 0.715522 0.370724 0.699651 0.499145 0.691979 0.623460 0.691001 0.365697 0.667554 0.485013 0.659597 0.600247
128 0.705151 0.172471 0.701013 0.368259 0.712024 0.370830 0.690003 0.365688 0.712024 0.370830 0.697856 0.499156 0.691574 0.623441 0.690003 0.365688 0.671054 0.485188 0.661365 0.596779
129 0.704551 0.173840 0.697674 0.368124 0.708139 0.370949 0.687209 0.365299 0.708139 0.370949 0.694848 0.499234 0.691398 0.623492 0.687209 0.365299 0.671510 0.485483 0.663251 0.595795
130 0.703009 0.174044 0.693422 0.368148 0.703694 0.371007 0.683149 0.365290 0.703694 0.371007 0.692669 0.500720 0.691151 0.625459 0.683149 0.365290 0.668214 0.485686 0.662977 0.596229
131 0.700143 0.173809 0.691308 0.367937 0.701351 0.370976 0.681264 0.364897 0.701351 0.370976 0.688383 0.500293 0.691128 0.625580 0.681264 0.364897 0.667734 0.484495 0.663038 0.595715
132 0.698546 0.172530 0.688111 0.368533 0.699145 0.371660 0.677078 0.365407 0.699145 0.371660 0.685993 0.501525 0.691117 0.626072 0.677078 0.365407 0.662360 0.484625 0.662476 0.594753
133 0.696341 0.171697 0.685814 0.368339 0.697104 0.371622 0.674524 0.365056 0.697104 0.371622 0.682525 0.501470 0.691063 0.626151 0.674524 0.365056 0.658515 0.484357 0.662068 0.593019
134 0.695586 0.170999 0.684585 0.367766 0.694994 0.371210 0.674177 0.364322 0.694994 0.371210 0.679909 0.501858 0.690443 0.627813 0.674177 0.364322 0.659387 0.485198 0.661758 0.593561
135 0.693487 0.170875 0.683737 0.366054 0.693978 0.369191 0.673495 0.362917 0.693978 0.369191 0.677542 0.500897 0.688659 0.627851 0.673495 0.362917 0.658240 0.484814 0.661223 0.593746
136 0.689336 0.170194 0.683511 0.360977 0.693310 0.363665 0.673712 0.358289 0.693310 0.363665 0.675946 0.500118 0.684768 0.627956 0.673712 0.358289 0.659017 0.483460 0.661567 0.593217
137 0.687837 0.168828 0.683143 0.358563 0.691896 0.361461 0.674389 0.355665 0.691896 0.361461 0.673294 0.498898 0.679739 0.627938 0.674389 0.355665 0.659126 0.479109 0.661524 0.589563
138 0.687113 0.169152 0.682909 0.356659 0.690996 0.359783 0.674822 0.353534 0.690996 0.359783 0.671547 0.496672 0.675779 0.628369 0.674822 0.353534 0.659601 0.476295 0.660701 0.589842
139 0.686047 0.169500 0.683262 0.349004 0.691504 0.352501 0.675020 0.345506 0.691504 0.352501 0.670692 0.483126 0.672213 0.626777 0.675020 0.345506 0.659865 0.464006 0.657114 0.582309
140 0.684969 0.169545 0.682212 0.347132 0.691758 0.350704 0.672665 0.343560 0.691758 0.350704 0.670711 0.481999 0.667786 0.626876 0.672665 0.343560 0.659980 0.464585 0.655909 0.584021
141 0.683698 0.169604 0.680550 0.347095 0.688469 0.351397 0.672630 0.342792 0.688469 0.351397 0.669292 0.481102 0.663239 0.627504 0.672630 0.342792 0.660512 0.465000 0.654996 0.585002
142 0.684561 0.170413 0.679946 0.347984 0.687417 0.351821 0.672475 0.344146 0.687417 0.351821 0.668401 0.480345 0.662821 0.628198 0.672475 0.344146 0.661202 0.465213 0.654865 0.585516
143 0.684770 0.170861 0.679021 0.348881 0.686905 0.352758 0.671137 0.345004 0.686905 0.352758 0.667880 0.481706 0.662540 0.631263 0.671137 0.345004 0.661059 0.466391 0.653802 0.585874
144 0.685002 0.170985 0.678171 0.349724 0.686112 0.353858 0.670229 0.345591 0.686112 0.353858 0.666776 0.482289 0.662495 0.632429 0.670229 0.345591 0.660863 0.467801 0.653979 0.585981
145 0.684661 0.172584 0.676666 0.351687 0.685101 0.355863 0.668231 0.347511 0.685101 0.355863 0.666002 0.482845 0.662359 0.633836 0.668231 0.347511 0.660639 0.469731 0.654137 0.586245
146 0.684222 0.173836 0.675005 0.356597 0.684074 0.361455 0.665937 0.351739 0.684074 0.361455 0.666019 0.484514 0.662834 0.633942 0.665937 0.351739 0.660294 0.470905 0.654229 0.586432
147 0.683116 0.174036 0.674809 0.356820 0.683641 0.361857 0.665976 0.351783 0.683641 0.361857 0.665676 0.484882 0.663025 0.634207 0.665976 0.351783 0.660178 0.471074 0.654251 0.586538
148 0.681629 0.174385 0.675074 0.357086 0.683920 0.362264 0.666229 0.351908 0.683920 0.362264 0.665796 0.485144 0.662701 0.635590 0.666229 0.351908 0.660055 0.471185 0.654310 0.586641
149 0.680574 0.174376 0.675230 0.357006 0.683864 0.362113 0.666596 0.351899 0.683864 0.362113 0.665815 0.484941 0.662577 0.635537 0.666596 0.351899 0.660072 0.471207 0.654329 0.586869
150 0.679658 0.173325 0.675315 0.356611 0.683922 0.361322 0.666708 0.351900 0.683922 0.361322 0.665292 0.485317 0.662263 0.635430 0.666708 0.351900 0.660562 0.471264 0.654512 0.586942
151 0.678932 0.173550 0.675481 0.357008 0.684032 0.361299 0.666929 0.352717 0.684032 0.361299 0.665423 0.487834 0.662171 0.635783 0.666929 0.352717 0.660577 0.472790 0.654528 0.587285
152 0.677808 0.173554 0.675874 0.359445 0.683747 0.363708 0.668000 0.355182 0.683747 0.363708 0.665139 0.492211 0.661897 0.636659 0.668000 0.355182 0.661164 0.475459 0.654616 0.587643
153 0.676390 0.172949 0.676390 0.361792 0.682458 0.366141 0.670323 0.357444 0.682458 0.366141 0.664881 0.494938 0.661320 0.636925 0.670323 0.357444 0.661773 0.478390 0.654847 0.588772
154 0.675925 0.171428 0.676207 0.362022 0.681215 0.366039 0.671199 0.358005 0.681215 0.366039 0.664874 0.496737 0.660914 0.636895 0.671199 0.358005 0.662365 0.480255 0.654850 0.590156
155 0.674960 0.170546 0.676336 0.362856 0.678837 0.367248 0.673835 0.358464 0.678837 0.367248 0.663721 0.498454 0.660256 0.636407 0.673835 0.358464 0.663478 0.480135 0.654932 0.590931
156 0.674836 0.169625 0.676809 0.362673 0.678205 0.367037 0.675414 0.358309 0.678205 0.367037 0.663578 0.498035 0.660097 0.636394 0.675414 0.358309 0.664057 0.480121 0.654937 0.592522
157 0.674667 0.169924 0.677370 0.363095 0.677854 0.367511 0.676885 0.358680 0.677854 0.367511 0.663426 0.498108 0.659806 0.636399 0.676885 0.358680 0.664554 0.480227 0.654884 0.593293
158 0.674408 0.170060 0.677592 0.363000 0.678168 0.367362 0.677015 0.358639 0.678168 0.367362 0.663450 0.497989 0.659828 0.635968 0.677015 0.358639 0.664533 0.479719 0.654568 0.593494
159 0.674281 0.170096 0.678142 0.362924 0.677954 0.367235 0.678330 0.358614 0.677954 0.367235 0.663491 0.497811 0.659724 0.635880 0.678330 0.358614 0.664501 0.479382 0.654396 0.593524
160 0.674703 0.169362 0.678302 0.359659 0.678194 0.363062 0.678410 0.356256 0.678194 0.363062 0.664295 0.487911 0.659771 0.631662 0.678410 0.356256 0.664721 0.473328 0.654203 0.591382
161 0.675041 0.169214 0.678703 0.359605 0.679243 0.363084 0.678162 0.356126 0.679243 0.363084 0.664860 0.487738 0.659843 0.630453 0.678162 0.356126 0.664746 0.472396 0.654145 0.590015
162 0.675246 0.169182 0.678954 0.359617 0.679838 0.363114 0.678070 0.356120 0.679838 0.363114 0.665674 0.487859 0.659953 0.630047 0.678070 0.356120 0.664733 0.471775 0.654109 0.588914
163 0.675270 0.169166 0.678886 0.359782 0.679856 0.363283 0.677915 0.356281 0.679856 0.363283 0.665563 0.488302 0.659945 0.629976 0.677915 0.356281 0.664429 0.471835 0.653970 0.588916
164 0.675445 0.169179 0.678687 0.360597 0.680806 0.364582 0.676568 0.356612 0.680806 0.364582 0.665608 0.490144 0.659963 0.630093 0.676568 0.356612 0.663432 0.472744 0.653718 0.588918
165 0.675247 0.169619 0.679307 0.361858 0.682200 0.365913 0.676415 0.357802 0.682200 0.365913 0.665687 0.492300 0.659976 0.630204 0.676415 0.357802 0.662867 0.475726 0.653711 0.589854
166 0.675414 0.169665 0.679430 0.361972 0.682688 0.366150 0.676172 0.357795 0.682688 0.366150 0.665736 0.492547 0.660007 0.630292 0.676172 0.357795 0.661700 0.476397 0.653723 0.590085
167 0.675930 0.169870 0.679886 0.361433 0.683855 0.365310 0.675918 0.357557 0.683855 0.365310 0.665759 0.491322 0.660020 0.630359 0.675918 0.357557 0.660861 0.477059 0.653671 0.592840
168 0.676170 0.169961 0.679669 0.357618 0.684885 0.360867 0.674452 0.354370 0.684885 0.360867 0.665893 0.489290 0.660051 0.630418 0.674452 0.354370 0.659793 0.476805 0.653513 0.594257
169 0.676645 0.169865 0.680083 0.353594 0.686403 0.356277 0.673764 0.350912 0.686403 0.356277 0.666451 0.487094 0.660194 0.630439 0.673764 0.350912 0.659624 0.475677 0.653513 0.595471
170 0.677696 0.170422 0.680496 0.352782 0.687333 0.355489 0.673659 0.350074 0.687333 0.355489 0.666451 0.486287 0.660372 0.630479 0.673659 0.350074 0.659696 0.474838 0.653732 0.595300
171 0.678602 0.170047 0.680041 0.352464 0.687320 0.355267 0.672763 0.349661 0.687320 0.355267 0.666444 0.486191 0.660464 0.630745 0.672763 0.349661 0.659730 0.473765 0.653741 0.594576
172 0.678614 0.169870 0.679881 0.351937 0.687203 0.354579 0.672559 0.349295 0.687203 0.354579 0.666416 0.485889 0.660476 0.630991 0.672559 0.349295 0.659948 0.473631 0.653894 0.594553
173 0.679278 0.169781 0.679672 0.352006 0.687042 0.354648 0.672303 0.349364 0.687042 0.354648 0.666324 0.485017 0.660486 0.630976 0.672303 0.349364 0.660010 0.472877 0.653873 0.593883
174 0.679586 0.169289 0.679626 0.351887 0.686923 0.354667 0.672329 0.349108 0.686923 0.354667 0.666264 0.484699 0.660526 0.630992 0.672329 0.349108 0.660138 0.472187 0.653868 0.591964
175 0.680457 0.169118 0.679466 0.352027 0.686832 0.354752 0.672100 0.349302 0.686832 0.354752 0.666266 0.484135 0.660547 0.630916 0.672100 0.349302 0.660057 0.472007 0.653398 0.591737
176 0.681263 0.168615 0.679169 0.353550 0.686684 0.356198 0.671653 0.350902 0.686684 0.356198 0.666401 0.484352 0.660553 0.631035 0.671653 0.350902 0.660037 0.472309 0.653164 0.591494
177 0.681962 0.168710 0.678673 0.354680 0.685941 0.357756 0.671404 0.351603 0.685941 0.357756 0.666421 0.486225 0.660540 0.631612 0.671404 0.351603 0.660032 0.473765 0.653291 0.592080
178 0.682601 0.167914 0.678469 0.355450 0.685926 0.358937 0.671013 0.351963 0.685926 0.358937 0.666427 0.487704 0.660548 0.632748 0.671013 0.351963 0.660095 0.474452 0.653790 0.592022
179 0.682217 0.166167 0.678396 0.354277 0.684577 0.358911 0.672216 0.349642 0.684577 0.358911 0.666303 0.487773 0.660553 0.632929 0.672216 0.349642 0.661032 0.473991 0.654443 0.591856
180 0.682449 0.167788 0.677883 0.355279 0.683344 0.360734 0.672421 0.349823 0.683344 0.360734 0.666079 0.489699 0.660719 0.635896 0.672421 0.349823 0.661745 0.474864 0.654839 0.591858
181 0.683554 0.168122 0.677179 0.356152 0.681876 0.361943 0.672481 0.350362 0.681876 0.361943 0.665075 0.490828 0.660739 0.636685 0.672481 0.350362 0.663249 0.475563 0.656091 0.592038
182 0.683882 0.168200 0.676866 0.356176 0.681255 0.361934 0.672477 0.350418 0.681255 0.361934 0.664583 0.490753 0.661197 0.636724 0.672477 0.350418 0.663530 0.474659 0.656656 0.590904
183 0.684640 0.168237 0.675739 0.356477 0.680160 0.362151 0.671318 0.350803 0.680160 0.362151 0.663974 0.491183 0.662486 0.639346 0.671318 0.350803 0.663487 0.474515 0.657202 0.589260
184 0.685905 0.168648 0.675146 0.358292 0.679143 0.364122 0.671148 0.352461 0.679143 0.364122 0.663224 0.493509 0.663343 0.642664 0.671148 0.352461 0.663276 0.475582 0.657512 0.588589
185 0.686855 0.168968 0.674659 0.358714 0.678040 0.364663 0.671277 0.352766 0.678040 0.364663 0.663013 0.494790 0.664378 0.643859 0.671277 0.352766 0.663258 0.475564 0.657783 0.587781
186 0.688558 0.169571 0.674262 0.359147 0.676815 0.365219 0.671709 0.353075 0.676815 0.365219 0.662549 0.495502 0.664793 0.644550 0.671709 0.353075 0.663201 0.475847 0.657823 0.587486
187 0.689553 0.169815 0.673274 0.363757 0.674794 0.368840 0.671753 0.358674 0.674794 0.368840 0.661797 0.498211 0.665200 0.646131 0.671753 0.358674 0.662953 0.482061 0.658226 0.590799
188 0.691264 0.170238 0.672729 0.366145 0.672325 0.370643 0.673133 0.361647 0.672325 0.370643 0.660864 0.501535 0.665456 0.647678 0.673133 0.361647 0.662876 0.485152 0.658337 0.593218
189 0.691820 0.170858 0.672565 0.367421 0.671837 0.371958 0.673294 0.362884 0.671837 0.371958 0.660712 0.503822 0.665659 0.647270 0.673294 0.362884 0.662317 0.487793 0.658314 0.594243
190 0.692292 0.172829 0.672295 0.369437 0.671656 0.374953 0.672933 0.363922 0.671656 0.374953 0.660758 0.508211 0.665629 0.647406 0.672933 0.363922 0.661354 0.488924 0.657490 0.594069
191 0.693001 0.173495 0.672164 0.371289 0.671697 0.377543 0.672631 0.365035 0.671697 0.377543 0.660748 0.509603 0.665588 0.647324 0.672631 0.365035 0.660770 0.487963 0.656189 0.590217
192 0.693056 0.175018 0.672083 0.370736 0.671906 0.376873 0.672259 0.364598 0.671906 0.376873 0.660776 0.509087 0.665558 0.646639 0.672259 0.364598 0.659820 0.487505 0.655625 0.588414
193 0.693951 0.175950 0.671957 0.371580 0.671702 0.378307 0.672212 0.364853 0.671702 0.378307 0.661066 0.510610 0.665547 0.645931 0.672212 0.364853 0.659063 0.486976 0.654844 0.587811
194 0.694228 0.177314 0.672052 0.373239 0.671850 0.380391 0.672253 0.366087 0.671850 0.380391 0.661373 0.514498 0.665530 0.645831 0.672253 0.366087 0.659008 0.486613 0.654206 0.587686
195 0.694510 0.179898 0.671967 0.377521 0.671962 0.384687 0.671971 0.370355 0.671962 0.384687 0.661969 0.519198 0.665516 0.645809 0.671971 0.370355 0.658523 0.490632 0.653882 0.587608
196 0.695270 0.182363 0.672037 0.379393 0.672040 0.386197 0.672035 0.372590 0.672040 0.386197 0.662732 0.521706 0.665572 0.646153 0.672035 0.372590 0.658297 0.490891 0.653846 0.587524
197 0.696165 0.183059 0.672305 0.382574 0.672755 0.389633 0.671855 0.375514 0.672755 0.389633 0.664022 0.522980 0.665974 0.646896 0.671855 0.375514 0.657018 0.495368 0.653808 0.589236
198 0.697013 0.183534 0.673105 0.384713 0.673291 0.392148 0.672918 0.377278 0.673291 0.392148 0.664735 0.524531 0.666378 0.648549 0.672918 0.377278 0.656602 0.500009 0.653954 0.594813
199 0.698249 0.184484 0.673608 0.388654 0.673965 0.395930 0.673252 0.381379 0.673965 0.395930 0.665775 0.527613 0.666607 0.650225 0.673252 0.381379 0.656438 0.500867 0.653997 0.594386
200 0.699298 0.184586 0.674163 0.387873 0.674844 0.394759 0.673482 0.380987 0.674844 0.394759 0.665790 0.526686 0.667026 0.650915 0.673482 0.380987 0.656491 0.499491 0.654556 0.592541
201 0.700961 0.184609 0.675331 0.387476 0.675888 0.393993 0.674774 0.380960 0.675888 0.393993 0.666134 0.527819 0.667446 0.651790 0.674774 0.380960 0.656347 0.498660 0.654779 0.590324
202 0.700628 0.185184 0.676416 0.387024 0.676246 0.393256 0.676586 0.380793 0.676246 0.393256 0.666435 0.526831 0.667907 0.652023 0.676586 0.380793 0.655964 0.498074 0.655489 0.588856
203 0.700754 0.186148 0.678093 0.386514 0.680039 0.392740 0.676148 0.380288 0.680039 0.392740 0.666711 0.526256 0.668018 0.651903 0.676148 0.380288 0.655346 0.497566 0.656608 0.590343
204 0.700542 0.186496 0.680004 0.386222 0.683979 0.392604 0.676030 0.379840 0.683979 0.392604 0.667628 0.526326 0.668209 0.651778 0.676030 0.379840 0.654426 0.497405 0.656721 0.593450
205 0.700664 0.187235 0.680551 0.387142 0.685176 0.393077 0.675927 0.381207 0.685176 0.393077 0.668153 0.529437 0.667853 0.652574 0.675927 0.381207 0.653920 0.501633 0.656567 0.602066
206 0.699036 0.188655 0.681188 0.387423 0.686599 0.393055 0.675778 0.381792 0.686599 0.393055 0.668422 0.530314 0.667500 0.652823 0.675778 0.381792 0.653697 0.507108 0.656557 0.609621
207 0.698396 0.189222 0.681125 0.388985 0.687334 0.394247 0.674917 0.383724 0.687334 0.394247 0.668575 0.531797 0.667168 0.652816 0.674917 0.383724 0.653094 0.511079 0.656496 0.612525
208 0.696283 0.189256 0.681401 0.388893 0.689025 0.394116 0.673777 0.383670 0.689025 0.394116 0.668980 0.531634 0.666994 0.652754 0.673777 0.383670 0.652362 0.513050 0.656440 0.613857
209 0.694449 0.189143 0.680821 0.388841 0.690146 0.394101 0.671497 0.383581 0.690146 0.394101 0.669173 0.531494 0.666995 0.653059 0.671497 0.383581 0.650679 0.513266 0.656214 0.615526
210 0.695580 0.189233 0.679828 0.389317 0.689447 0.394832 0.670210 0.383801 0.689447 0.394832 0.669157 0.531252 0.667061 0.653406 0.670210 0.383801 0.649983 0.513082 0.655942 0.615235
211 0.695201 0.189745 0.679056 0.390193 0.688969 0.396152 0.669142 0.384234 0.688969 0.396152 0.668211 0.531160 0.667404 0.653398 0.669142 0.384234 0.649376 0.512551 0.655612 0.614527
212 0.695042 0.189703 0.678818 0.390141 0.688638 0.396059 0.668997 0.384222 0.688638 0.396059 0.664833 0.530897 0.667243 0.652934 0.668997 0.384222 0.649557 0.511876 0.655175 0.613691
213 0.693006 0.188336 0.678537 0.387903 0.688497 0.393306 0.668578 0.382501 0.688497 0.393306 0.661388 0.524995 0.665059 0.650122 0.668578 0.382501 0.650366 0.509322 0.654677 0.613060
214 0.691068 0.187882 0.678102 0.384358 0.688402 0.390162 0.667801 0.378555 0.688402 0.390162 0.658178 0.522960 0.664260 0.648041 0.667801 0.378555 0.650594 0.509182 0.654674 0.616149
215 0.690034 0.187283 0.677973 0.383827 0.688264 0.389065 0.667681 0.378589 0.688264 0.389065 0.655566 0.521790 0.662482 0.648192 0.667681 0.378589 0.651233 0.509212 0.654800 0.623548
216 0.689356 0.186355 0.678038 0.381564 0.688429 0.386257 0.667648 0.376872 0.688429 0.386257 0.654550 0.520278 0.659757 0.648222 0.667648 0.376872 0.651401 0.508945 0.654575 0.624712
217 0.688431 0.185412 0.677930 0.380656 0.688343 0.384997 0.667516 0.376314 0.688343 0.384997 0.654783 0.519564 0.656336 0.651016 0.667516 0.376314 0.652571 0.508911 0.654288 0.627442
218 0.687945 0.184687 0.677922 0.380873 0.688497 0.385391 0.667347 0.376355 0.688497 0.385391 0.655206 0.519886 0.652898 0.658891 0.667347 0.376355 0.652614 0.509309 0.653526 0.627226
219 0.686076 0.185570 0.677421 0.381384 0.688590 0.385689 0.666252 0.377080 0.688590 0.385689 0.655264 0.519987 0.650840 0.661557 0.666252 0.377080 0.652250 0.509596 0.652435 0.628415
220 0.684121 0.186461 0.677001 0.381746 0.689131 0.385902 0.664871 0.377589 0.689131 0.385902 0.656093 0.521636 0.648950 0.663983 0.664871 0.377589 0.651300 0.510735 0.652246 0.627779
221 0.683190 0.187792 0.676658 0.382159 0.689218 0.386043 0.664098 0.378276 0.689218 0.386043 0.656766 0.523040 0.648069 0.663446 0.664098 0.378276 0.651300 0.511563 0.652271 0.626932
222 0.682106 0.187862 0.676704 0.382393 0.689192 0.386138 0.664216 0.378648 0.689192 0.386138 0.657160 0.523220 0.646967 0.663853 0.664216 0.378648 0.651398 0.511554 0.652723 0.635254
223 0.680725 0.188166 0.676931 0.382581 0.689524 0.386156 0.664338 0.379007 0.689524 0.386156 0.658026 0.523221 0.646597 0.663652 0.664338 0.379007 0.651736 0.511522 0.652767 0.634006
224 0.678515 0.188464 0.677028 0.382318 0.689726 0.385585 0.664329 0.379051 0.689726 0.385585 0.659304 0.522931 0.646801 0.663405 0.664329 0.379051 0.652036 0.510920 0.652649 0.632702
225 0.677510 0.188781 0.677025 0.383015 0.689708 0.385791 0.664342 0.380239 0.689708 0.385791 0.660165 0.522973 0.647326 0.663172 0.664342 0.380239 0.652444 0.510857 0.652629 0.631772
226 0.675971 0.189690 0.677074 0.383933 0.689757 0.386253 0.664391 0.381612 0.689757 0.386253 0.661430 0.522986 0.647442 0.663202 0.664391 0.381612 0.653178 0.510907 0.652727 0.631156
227 0.675199 0.190579 0.676263 0.386822 0.688115 0.389119 0.664411 0.384525 0.688115 0.389119 0.661314 0.526593 0.647167 0.666928 0.664411 0.384525 0.653482 0.512929 0.652440 0.631721
228 0.674687 0.191129 0.676032 0.389069 0.687472 0.391564 0.664592 0.386575 0.687472 0.391564 0.661006 0.529224 0.647135 0.666851 0.664592 0.386575 0.653472 0.514945 0.652240 0.631909
229 0.673688 0.192837 0.676098 0.390483 0.687385 0.392773 0.664811 0.388193 0.687385 0.392773 0.660505 0.530277 0.646573 0.668220 0.664811 0.388193 0.653580 0.515664 0.652248 0.632237
230 0.673003 0.193026 0.675977 0.390321 0.686915 0.392630 0.665038 0.388013 0.686915 0.392630 0.660350 0.530466 0.646321 0.668868 0.665038 0.388013 0.653649 0.515821 0.652244 0.632159
231 0.672600 0.193123 0.676028 0.390658 0.686239 0.392877 0.665817 0.388439 0.686239 0.392877 0.659623 0.532649 0.646193 0.669854 0.665817 0.388439 0.653592 0.517498 0.652249 0.632216
232 0.672068 0.193414 0.676113 0.390891 0.685932 0.393079 0.666294 0.388704 0.685932 0.393079 0.658869 0.533196 0.646181 0.669792 0.666294 0.388704 0.653607 0.518836 0.652101 0.634319
233 0.672035 0.193616 0.676287 0.391159 0.685883 0.393335 0.666691 0.388984 0.685883 0.393335 0.658455 0.533202 0.646147 0.669981 0.666691 0.388984 0.653607 0.519213 0.651991 0.637109
234 0.671934 0.194359 0.676320 0.391212 0.685904 0.393443 0.666735 0.388982 0.685904 0.393443 0.658144 0.533138 0.646194 0.670011 0.666735 0.388982 0.653568 0.519431 0.651949 0.636737
235 0.671823 0.194441 0.676425 0.391153 0.685914 0.393404 0.666937 0.388902 0.685914 0.393404 0.657906 0.533003 0.646174 0.670820 0.666937 0.388902 0.653568 0.519280 0.651959 0.636424
236 0.671454 0.194528 0.676446 0.391113 0.685947 0.393386 0.666946 0.388840 0.685947 0.393386 0.657888 0.532908 0.646171 0.671521 0.666946 0.388840 0.653472 0.519160 0.652006 0.636204
237 0.671592 0.194386 0.676620 0.390907 0.685976 0.393204 0.667263 0.388610 0.685976 0.393204 0.657871 0.532845 0.646132 0.672576 0.667263 0.388610 0.653449 0.519122 0.652136 0.636139
238 0.672193 0.193637 0.676562 0.391217 0.685815 0.393817 0.667309 0.388618 0.685815 0.393817 0.657783 0.533783 0.646077 0.673125 0.667309 0.388618 0.653519 0.519066 0.652382 0.635497
239 0.673277 0.192878 0.676844 0.391094 0.685744 0.393594 0.667945 0.388594 0.685744 0.393594 0.657789 0.533778 0.646106 0.672979 0.667945 0.388594 0.654009 0.519404 0.652413 0.636210
240 0.673837 0.191204 0.676659 0.390850 0.685514 0.393381 0.667804 0.388319 0.685514 0.393381 0.657778 0.533452 0.646249 0.672914 0.667804 0.388319 0.654458 0.519429 0.652468 0.636443
241 0.674754 0.187558 0.676527 0.386678 0.685192 0.389100 0.667861 0.384256 0.685192 0.389100 0.657476 0.531377 0.646401 0.672244 0.667861 0.384256 0.656749 0.517863 0.652700 0.636401
242 0.676746 0.184717 0.676327 0.385376 0.685213 0.388034 0.667440 0.382719 0.685213 0.388034 0.657384 0.530498 0.646479 0.670944 0.667440 0.382719 0.657471 0.516851 0.652956 0.634322
243 0.678817 0.179293 0.676008 0.382096 0.685203 0.384418 0.666813 0.379773 0.685203 0.384418 0.657396 0.527462 0.646495 0.669394 0.666813 0.379773 0.657829 0.515094 0.652997 0.633825
244 0.679826 0.179068 0.675422 0.380539 0.685111 0.383045 0.665733 0.378034 0.685111 0.383045 0.657448 0.527062 0.646546 0.668299 0.665733 0.378034 0.657733 0.514807 0.653214 0.632245
245 0.680950 0.177219 0.674301 0.377350 0.684610 0.379984 0.663992 0.374716 0.684610 0.379984 0.657392 0.522228 0.646914 0.664474 0.663992 0.374716 0.657688 0.511928 0.653201 0.631449
246 0.681431 0.175997 0.672564 0.374021 0.683665 0.377081 0.661463 0.370962 0.683665 0.377081 0.657193 0.518945 0.646918 0.663181 0.661463 0.370962 0.657725 0.509337 0.653196 0.631284
247 0.681584 0.173731 0.670998 0.373739 0.681714 0.377234 0.660283 0.370244 0.681714 0.377234 0.655768 0.517650 0.646957 0.661912 0.660283 0.370244 0.657978 0.507781 0.653174 0.631541
248 0.682904 0.175014 0.670031 0.373421 0.679705 0.376944 0.660357 0.369899 0.679705 0.376944 0.654273 0.515501 0.647487 0.659122 0.660357 0.369899 0.657788 0.506131 0.652377 0.631599
249 0.684691 0.175288 0.669005 0.373782 0.677279 0.377136 0.660732 0.370427 0.677279 0.377136 0.652786 0.516247 0.647416 0.659614 0.660732 0.370427 0.657627 0.506271 0.651717 0.631403
250 0.684561 0.175445 0.668232 0.374115 0.675950 0.377405 0.660514 0.370825 0.675950 0.377405 0.651455 0.516523 0.647210 0.659994 0.660514 0.370825 0.657217 0.506371 0.651480 0.631455
251 0.685813 0.174913 0.667248 0.374274 0.674675 0.377653 0.659820 0.370895 0.674675 0.377653 0.649947 0.516405 0.646800 0.659579 0.659820 0.370895 0.657067 0.506047 0.651469 0.631402
252 0.686192 0.177186 0.666608 0.374142 0.673548 0.377801 0.659667 0.370482 0.673548 0.377801 0.648758 0.515787 0.646281 0.659056 0.659667 0.370482 0.656088 0.505511 0.651073 0.631409
253 0.687546 0.177405 0.665886 0.374024 0.672014 0.377841 0.659758 0.370207 0.672014 0.377841 0.648049 0.515565 0.645458 0.659151 0.659758 0.370207 0.655331 0.504152 0.649985 0.630364
254 0.688421 0.177622 0.665948 0.373514 0.672097 0.377290 0.659800 0.369738 0.672097 0.377290 0.647611 0.515172 0.645168 0.659320 0.659800 0.369738 0.654804 0.503955 0.649189 0.630392
255 0.689205 0.177957 0.665896 0.373121 0.671919 0.376725 0.659873 0.369518 0.671919 0.376725 0.647257 0.514686 0.645040 0.659398 0.659873 0.369518 0.654734 0.503639 0.649203 0.630849
256 0.689966 0.179116 0.665347 0.373179 0.671919 0.376806 0.658776 0.369552 0.671919 0.376806 0.647017 0.514603 0.645009 0.659516 0.658776 0.369552 0.654442 0.503709 0.648630 0.632712
257 0.691178 0.180918 0.665130 0.373574 0.671399 0.377288 0.658861 0.369860 0.671399 0.377288 0.646391 0.515021 0.644968 0.660140 0.658861 0.369860 0.653813 0.504313 0.648105 0.633441
258 0.691710 0.182559 0.665004 0.374606 0.671095 0.378422 0.658914 0.370790 0.671095 0.378422 0.645771 0.516034 0.644897 0.661118 0.658914 0.370790 0.653428 0.504720 0.647733 0.633461
259 0.691371 0.184866 0.664805 0.375545 0.671148 0.379415 0.658463 0.371674 0.671148 0.379415 0.645626 0.516729 0.644886 0.661963 0.658463 0.371674 0.653118 0.505859 0.647607 0.634845
260 0.691915 0.185796 0.664181 0.375956 0.671227 0.380112 0.657135 0.371801 0.671227 0.380112 0.645618 0.517531 0.644822 0.662033 0.657135 0.371801 0.652829 0.506763 0.647482 0.635701
261 0.691851 0.185753 0.663947 0.376317 0.670924 0.380652 0.656969 0.371982 0.670924 0.380652 0.645504 0.518295 0.644799 0.662511 0.656969 0.371982 0.652429 0.506879 0.647197 0.635327
262 0.692269 0.185770 0.663639 0.376451 0.670961 0.380910 0.656316 0.371992 0.670961 0.380910 0.645574 0.518424 0.644805 0.662590 0.656316 0.371992 0.651450 0.506911 0.646424 0.634146
263 0.692200 0.185942 0.663493 0.376716 0.670604 0.381292 0.656381 0.372140 0.670604 0.381292 0.645634 0.518759 0.644890 0.663842 0.656381 0.372140 0.650761 0.507429 0.645461 0.634155
264 0.692346 0.186893 0.663164 0.377629 0.670508 0.382582 0.655821 0.372675 0.670508 0.382582 0.645659 0.519584 0.644934 0.665103 0.655821 0.372675 0.649669 0.508091 0.644629 0.634115
265 0.692575 0.187349 0.662901 0.377634 0.670101 0.382570 0.655701 0.372697 0.670101 0.382570 0.645518 0.520218 0.644940 0.666098 0.655701 0.372697 0.649254 0.508215 0.644679 0.634013
266 0.692009 0.187473 0.662595 0.377624 0.669921 0.382551 0.655270 0.372696 0.669921 0.382551 0.645411 0.520765 0.645009 0.666255 0.655270 0.372696 0.648520 0.508346 0.644656 0.634003
267 0.691001 0.187050 0.662329 0.376772 0.669948 0.381692 0.654710 0.371852 0.669948 0.381692 0.645180 0.520462 0.645056 0.666489 0.654710 0.371852 0.648459 0.508214 0.644672 0.636239
268 0.690480 0.184657 0.662225 0.375335 0.670099 0.379909 0.654351 0.370761 0.670099 0.379909 0.644601 0.519220 0.645059 0.666887 0.654351 0.370761 0.648491 0.508198 0.644703 0.640194
269 0.688335 0.186484 0.662012 0.375127 0.671003 0.379462 0.653021 0.370791 0.671003 0.379462 0.641986 0.517818 0.644688 0.667043 0.653021 0.370791 0.648529 0.508828 0.645052 0.645102
270 0.688207 0.187037 0.662099 0.374647 0.671266 0.378602 0.652932 0.370691 0.671266 0.378602 0.640537 0.517530 0.643261 0.670233 0.652932 0.370691 0.648659 0.510464 0.645591 0.649645
271 0.687413 0.187436 0.662190 0.374116 0.671285 0.377612 0.653095 0.370621 0.671285 0.377612 0.640749 0.518213 0.641966 0.677146 0.653095 0.370621 0.648709 0.513422 0.645569 0.655424
272 0.687381 0.187384 0.662673 0.373850 0.671272 0.377014 0.654074 0.370686 0.671272 0.377014 0.640969 0.520455 0.640200 0.681122 0.654074 0.370686 0.649023 0.516943 0.645575 0.658913
273 0.686775 0.187231 0.663299 0.374203 0.671075 0.377033 0.655523 0.371372 0.671075 0.377033 0.641082 0.523723 0.637058 0.685134 0.655523 0.371372 0.649574 0.519332 0.645569 0.659839
274 0.685856 0.186332 0.663396 0.374546 0.670580 0.377191 0.656213 0.371902 0.670580 0.377191 0.641464 0.529025 0.636010 0.688706 0.656213 0.371902 0.649591 0.525139 0.645368 0.661528
275 0.684923 0.185767 0.663044 0.375302 0.668979 0.377591 0.657110 0.373013 0.668979 0.377591 0.641569 0.532427 0.634657 0.689992 0.657110 0.373013 0.649606 0.527084 0.645610 0.660564
276 0.684398 0.186365 0.662681 0.376029 0.667177 0.377970 0.658186 0.374088 0.667177 0.377970 0.641612 0.532734 0.634043 0.691037 0.658186 0.374088 0.649617 0.527186 0.646078 0.660202
277 0.683013 0.185842 0.662517 0.376162 0.666129 0.378091 0.658904 0.374233 0.666129 0.378091 0.641577 0.533940 0.634057 0.691030 0.658904 0.374233 0.649602 0.528023 0.646755 0.659518
278 0.682039 0.186275 0.661997 0.381310 0.665150 0.383547 0.658845 0.379072 0.665150 0.383547 0.640800 0.536830 0.633639 0.691450 0.658845 0.379072 0.649691 0.529425 0.649188 0.659226
279 0.680846 0.186736 0.661193 0.382615 0.663587 0.385091 0.658799 0.380139 0.663587 0.385091 0.640140 0.537569 0.633328 0.692121 0.658799 0.380139 0.649927 0.529532 0.650270 0.658838
280 0.679516 0.187130 0.659897 0.384900 0.662286 0.388205 0.657508 0.381595 0.662286 0.388205 0.638830 0.537703 0.633050 0.692209 0.657508 0.381595 0.650760 0.529244 0.651823 0.658042
281 0.678054 0.188014 0.657132 0.388281 0.659608 0.392127 0.654656 0.384435 0.659608 0.392127 0.637862 0.538578 0.632951 0.692464 0.654656 0.384435 0.650747 0.530602 0.651601 0.657866
282 0.674933 0.187665 0.655602 0.387417 0.659601 0.391096 0.651603 0.383739 0.659601 0.391096 0.637991 0.537963 0.633039 0.692440 0.651603 0.383739 0.648860 0.530740 0.649472 0.660800
283 0.674097 0.188582 0.654976 0.390380 0.658013 0.393938 0.651939 0.386822 0.658013 0.393938 0.637670 0.539226 0.632906 0.693171 0.651939 0.386822 0.648537 0.531971 0.649452 0.660713
284 0.673305 0.190639 0.654083 0.390615 0.656173 0.393442 0.651992 0.387788 0.656173 0.393442 0.636183 0.538786 0.632488 0.692882 0.651992 0.387788 0.647976 0.531677 0.649629 0.660428
285 0.671941 0.192614 0.653749 0.393506 0.655434 0.395748 0.652064 0.391264 0.655434 0.395748 0.635313 0.538530 0.632262 0.692676 0.652064 0.391264 0.647117 0.531432 0.649690 0.660109
286 0.671006 0.192974 0.653637 0.393644 0.655053 0.395543 0.652221 0.391746 0.655053 0.395543 0.634588 0.538486 0.631733 0.692525 0.652221 0.391746 0.646615 0.530099 0.650037 0.657607
287 0.669145 0.194852 0.653405 0.395913 0.653442 0.397332 0.653367 0.394494 0.653442 0.397332 0.634215 0.538283 0.631102 0.692811 0.653367 0.394494 0.646103 0.529884 0.649670 0.657198
288 0.667647 0.197382 0.653632 0.399666 0.653865 0.401364 0.653399 0.397969 0.653865 0.401364 0.634391 0.538969 0.630657 0.693191 0.653399 0.397969 0.645691 0.531208 0.645079 0.662221
289 0.665636 0.198464 0.653495 0.406935 0.651398 0.408870 0.655591 0.405000 0.651398 0.408870 0.633783 0.544079 0.629299 0.694693 0.655591 0.405000 0.644634 0.535735 0.640133 0.668815
290 0.663445 0.199701 0.651559 0.407612 0.645086 0.408571 0.658031 0.406654 0.645086 0.408571 0.633075 0.545558 0.627825 0.695377 0.658031 0.406654 0.643603 0.539388 0.636039 0.676792
291 0.663564 0.200386 0.651444 0.409136 0.644742 0.409770 0.658147 0.408502 0.644742 0.409770 0.632809 0.548054 0.626734 0.695835 0.658147 0.408502 0.643053 0.543760 0.634225 0.679751
292 0.662264 0.200859 0.649297 0.408360 0.646067 0.409693 0.652528 0.407026 0.646067 0.409693 0.633097 0.548534 0.626828 0.696016 0.652528 0.407026 0.642092 0.544549 0.633217 0.681646
293 0.660249 0.200775 0.649153 0.407902 0.646975 0.409641 0.651330 0.406162 0.646975 0.409641 0.633129 0.549704 0.626830 0.695956 0.651330 0.406162 0.642099 0.545794 0.633381 0.681067
294 0.659386 0.200005 0.648975 0.407186 0.647451 0.409001 0.650499 0.405370 0.647451 0.409001 0.633485 0.550479 0.626915 0.695918 0.650499 0.405370 0.641880 0.546695 0.633054 0.681321
295 0.659054 0.199429 0.647882 0.407466 0.647656 0.409630 0.648107 0.405302 0.647656 0.409630 0.634372 0.551970 0.626996 0.695927 0.648107 0.405302 0.641461 0.548967 0.632235 0.683577
296 0.658459 0.199448 0.647808 0.407957 0.647842 0.410263 0.647775 0.405652 0.647842 0.410263 0.635022 0.551695 0.627047 0.695795 0.647775 0.405652 0.641211 0.548793 0.632006 0.684151
297 0.657337 0.199076 0.648221 0.408267 0.648536 0.410847 0.647906 0.405687 0.648536 0.410847 0.635738 0.551739 0.627108 0.695607 0.647906 0.405687 0.641143 0.549267 0.631540 0.684410
298 0.656426 0.198769 0.648718 0.408233 0.649673 0.410907 0.647763 0.405560 0.649673 0.410907 0.635844 0.551435 0.627104 0.695208 0.647763 0.405560 0.641170 0.548784 0.631584 0.683912
299 0.656208 0.198584 0.649008 0.408054 0.650034 0.410682 0.647981 0.405426 0.650034 0.410682 0.636208 0.551266 0.627118 0.695023 0.647981 0.405426 0.641198 0.548400 0.631635 0.683929
300 0.655793 0.198169 0.649192 0.408115 0.650263 0.410676 0.648121 0.405554 0.650263 0.410676 0.636757 0.551529 0.627138 0.695220 0.648121 0.405554 0.641218 0.548600 0.631628 0.683894
301 0.655803 0.197811 0.649289 0.408618 0.650347 0.411289 0.648230 0.405948 0.650347 0.411289 0.636995 0.552747 0.627096 0.695452 0.648230 0.405948 0.641247 0.549090 0.631660 0.683657
302 0.655092 0.197382 0.649428 0.408550 0.651565 0.411178 0.647292 0.405923 0.651565 0.411178 0.637378 0.552706 0.627098 0.695609 0.647292 0.405923 0.641078 0.548911 0.631366 0.683473
303 0.654016 0.197413 0.649105 0.408494 0.652260 0.411094 0.645950 0.405893 0.652260 0.411094 0.637596 0.552596 0.627109 0.695599 0.645950 0.405893 0.640723 0.548798 0.631187 0.683417
304 0.653719 0.196537 0.649174 0.407678 0.652759 0.410174 0.645588 0.405182 0.652759 0.410174 0.637699 0.552323 0.627116 0.695552 0.645588 0.405182 0.640402 0.548322 0.631133 0.683176
305 0.653243 0.196182 0.649475 0.406980 0.653846 0.409490 0.645104 0.404471 0.653846 0.409490 0.638003 0.551585 0.627172 0.695328 0.645104 0.404471 0.640057 0.547258 0.631060 0.682997
306 0.652103 0.196424 0.648870 0.406992 0.653862 0.409500 0.643878 0.404484 0.653862 0.409500 0.638145 0.551544 0.627399 0.695098 0.643878 0.404484 0.639782 0.547225 0.631083 0.682970
307 0.652010 0.196710 0.648307 0.407344 0.652267 0.409761 0.644348 0.404927 0.652267 0.409761 0.638110 0.551504 0.627443 0.694986 0.644348 0.404927 0.640076 0.547459 0.631495 0.682761
308 0.652095 0.196827 0.648200 0.407899 0.652013 0.410447 0.644387 0.405352 0.652013 0.410447 0.638112 0.551474 0.627471 0.694593 0.644387 0.405352 0.640090 0.547471 0.631678 0.682266
309 0.651462 0.197229 0.648331 0.408754 0.652147 0.411286 0.644515 0.406222 0.652147 0.411286 0.638336 0.551451 0.627679 0.694055 0.644515 0.406222 0.640110 0.547484 0.631866 0.681976
310 0.651166 0.197313 0.647965 0.408822 0.650574 0.411291 0.645357 0.406352 0.650574 0.411291 0.638251 0.551428 0.627825 0.693844 0.645357 0.406352 0.640407 0.547709 0.632061 0.681895
311 0.649889 0.198116 0.648457 0.409041 0.648268 0.411448 0.648646 0.406634 0.648268 0.411448 0.637955 0.551411 0.627873 0.693761 0.648646 0.406634 0.641883 0.547936 0.632847 0.681493
312 0.648774 0.198820 0.648429 0.409082 0.646724 0.411433 0.650134 0.406732 0.646724 0.411433 0.637910 0.551434 0.627940 0.693903 0.650134 0.406732 0.642574 0.548151 0.633118 0.681460
313 0.648568 0.198941 0.648265 0.409128 0.646347 0.411419 0.650183 0.406837 0.646347 0.411419 0.637901 0.551571 0.627979 0.694135 0.650183 0.406837 0.642776 0.548519 0.633136 0.681477
314 0.647908 0.198965 0.647017 0.409302 0.646447 0.411507 0.647586 0.407097 0.646447 0.411507 0.638306 0.551858 0.628214 0.694373 0.647586 0.407097 0.642646 0.548705 0.633045 0.681894
315 0.648212 0.198936 0.646819 0.409834 0.646726 0.411857 0.646911 0.407811 0.646726 0.411857 0.638315 0.552420 0.628279 0.694647 0.646911 0.407811 0.642558 0.549152 0.632827 0.682549
316 0.648600 0.198456 0.646371 0.409978 0.645772 0.411850 0.646971 0.408105 0.645772 0.411850 0.638266 0.552652 0.628302 0.694767 0.646971 0.408105 0.642544 0.549592 0.632602 0.683706
317 0.648288 0.198894 0.645793 0.409906 0.641898 0.411596 0.649687 0.408216 0.641898 0.411596 0.637562 0.552912 0.628310 0.694826 0.649687 0.408216 0.642802 0.550531 0.632560 0.684845
318 0.648455 0.198839 0.645661 0.409529 0.641666 0.410862 0.649655 0.408196 0.641666 0.410862 0.637319 0.552923 0.628321 0.694827 0.649655 0.408196 0.642790 0.550702 0.632481 0.685459
319 0.648643 0.198514 0.645638 0.409385 0.641536 0.410659 0.649739 0.408112 0.641536 0.410659 0.637314 0.553408 0.628307 0.694842 0.649739 0.408112 0.642781 0.551330 0.632306 0.685737
320 0.648614 0.198436 0.645446 0.409334 0.641179 0.410592 0.649714 0.408076 0.641179 0.410592 0.637317 0.553628 0.628302 0.694851 0.649714 0.408076 0.642787 0.551558 0.632240 0.685659
321 0.648609 0.198306 0.644976 0.409269 0.641208 0.410591 0.648744 0.407947 0.641208 0.410591 0.637273 0.553628 0.628112 0.694864 0.648744 0.407947 0.642783 0.551616 0.632236 0.685663
322 0.647740 0.198570 0.644327 0.409964 0.641412 0.411666 0.647241 0.408261 0.641412 0.411666 0.637277 0.553446 0.627992 0.694861 0.647241 0.408261 0.642758 0.551604 0.632243 0.685543
323 0.647771 0.198703 0.644081 0.410481 0.640864 0.412288 0.647298 0.408675 0.640864 0.412288 0.637065 0.553536 0.627948 0.694765 0.647298 0.408675 0.642752 0.552330 0.632225 0.686055
324 0.647010 0.199002 0.643747 0.410356 0.640962 0.412275 0.646531 0.408436 0.640962 0.412275 0.636912 0.553040 0.627949 0.694763 0.646531 0.408436 0.642441 0.551902 0.632226 0.686069
325 0.646839 0.198709 0.643463 0.410178 0.641071 0.412100 0.645855 0.408257 0.641071 0.412100 0.636507 0.552841 0.627949 0.694755 0.645855 0.408257 0.641988 0.551666 0.632227 0.686093
326 0.646493 0.198887 0.642587 0.409767 0.639275 0.411566 0.645899 0.407969 0.639275 0.411566 0.635508 0.552549 0.627921 0.694743 0.645899 0.407969 0.641456 0.551250 0.632249 0.685817
327 0.646772 0.199587 0.642390 0.409825 0.638971 0.411605 0.645809 0.408045 0.638971 0.411605 0.635207 0.553043 0.627917 0.694766 0.645809 0.408045 0.640550 0.551575 0.632220 0.685913
328 0.647294 0.199731 0.641018 0.410251 0.637028 0.411915 0.645007 0.408586 0.637028 0.411915 0.633861 0.553405 0.627916 0.694775 0.645007 0.408586 0.638727 0.551475 0.632220 0.685910
329 0.649396 0.201199 0.640690 0.410079 0.632733 0.411569 0.648648 0.408590 0.632733 0.411569 0.631631 0.553553 0.627406 0.694775 0.648648 0.408590 0.638810 0.551095 0.632412 0.685499
330 0.650183 0.201770 0.640714 0.410872 0.630236 0.411988 0.651192 0.409756 0.630236 0.411988 0.629964 0.554132 0.627107 0.695040 0.651192 0.409756 0.638213 0.550955 0.632637 0.685100
331 0.650620 0.201572 0.641171 0.411415 0.631457 0.413003 0.650885 0.409826 0.631457 0.413003 0.629129 0.554250 0.626988 0.695444 0.650885 0.409826 0.637342 0.549348 0.633188 0.682546
332 0.650783 0.200687 0.640994 0.411498 0.632011 0.413179 0.649977 0.409817 0.632011 0.413179 0.628726 0.554869 0.626946 0.695788 0.649977 0.409817 0.636052 0.548262 0.633428 0.681444
333 0.650424 0.197168 0.640523 0.410663 0.632474 0.412857 0.648572 0.408469 0.632474 0.412857 0.627939 0.554862 0.626763 0.696180 0.648572 0.408469 0.634960 0.546331 0.633370 0.679133
334 0.651019 0.196393 0.640308 0.410551 0.632503 0.412794 0.648112 0.408308 0.632503 0.412794 0.627884 0.555503 0.626725 0.696106 0.648112 0.408308 0.633442 0.544473 0.632808 0.671769
335 -1 -1 -1 -1 -1 -1 -1 -1 -1 -1 -1 -1 -1 -1 -1 -1 -1 -1 -1 -1
336 -1 -1 -1 -1 -1 -1 -1 -1 -1 -1 -1 -1 -1 -1 -1 -1 -1 -1 -1 -1
337 -1 -1 -1 -1 -1 -1 -1 -1 -1 -1 -1 -1 -1 -1 -1 -1 -1 -1 -1 -1
338 -1 -1 -1 -1 -1 -1 -1 -1 -1 -1 -1 -1 -1 -1 -1 -1 -1 -1 -1 -1
339 -1 -1 -1 -1 -1 -1 -1 -1 -1 -1 -1 -1 -1 -1 -1 -1 -1 -1 -1 -1
340 -1 -1 -1 -1 -1 -1 -1 -1 -1 -1 -1 -1 -1 -1 -1 -1 -1 -1 -1 -1
341 -1 -1 -1 -1 -1 -1 -1 -1 -1 -1 -1 -1 -1 -1 -1 -1 -1 -1 -1 -1
342 -1 -1 -1 -1 -1 -1 -1 -1 -1 -1 -1 -1 -1 -1 -1 -1 -1 -1 -1 -1
343 -1 -1 -1 -1 -1 -1 -1 -1 -1 -1 -1 -1 -1 -1 -1 -1 -1 -1 -1 -1
344 -1 -1 -1 -1 -1 -1 -1 -1 -1 -1 -1 -1 -1 -1 -1 -1 -1 -1 -1 -1
345 -1 -1 -1 -1 -1 -1 -1 -1 -1 -1 -1 -1 -1 -1 -1 -1 -1 -1 -1 -1
346 -1 -1 -1 -1 -1 -1 -1 -1 -1 -1 -1 -1 -1 -1 -1 -1 -1 -1 -1 -1
347 -1 -1 -1 -1 -1 -1 -1 -1 -1 -1 -1 -1 -1 -1 -1 -1 -1 -1 -1 -1
348 -1 -1 -1 -1 -1 -1 -1 -1 -1 -1 -1 -1 -1 -1 -1 -1 -1 -1 -1 -1
349 -1 -1 -1 -1 -1 -1 -1 -1 -1 -1 -1 -1 -1 -1 -1 -1 -1 -1 -1 -1
350 -1 -1 -1 -1 -1 -1 -1 -1 -1 -1 -1 -1 -1 -1 -1 -1 -1 -1 -1 -1
351 -1 -1 -1 -1 -1 -1 -1 -1 -1 -1 -1 -1 -1 -1 -1 -1 -1 -1 -1 -1
352 -1 -1 -1 -1 -1 -1 -1 -1 -1 -1 -1 -1 -1 -1 -1 -1 -1 -1 -1 -1
353 -1 -1 -1 -1 -1 -1 -1 -1 -1 -1 -1 -1 -1 -1 -1 -1 -1 -1 -1 -1
354 -1 -1 -1 -1 -1 -1 -1 -1 -1 -1 -1 -1 -1 -1 -1 -1 -1 -1 -1 -1
355 0.647724 0.182678 0.635138 0.398573 0.620196 0.399645 0.650080 0.397500 0.620196 0.399645 0.592643 0.534043 0.616098 0.677589 0.650080 0.397500 0.631036 0.532320 0.625667 0.660625
356 0.647595 0.182171 0.635831 0.396947 0.619089 0.397701 0.652573 0.396192 0.619089 0.397701 0.591359 0.533804 0.611229 0.677593 0.652573 0.396192 0.631451 0.532113 0.623740 0.658491
357 0.646537 0.182268 0.636292 0.395488 0.618555 0.396120 0.654029 0.394856 0.618555 0.396120 0.590614 0.533593 0.605702 0.672974 0.654029 0.394856 0.632429 0.532342 0.622615 0.657364
358 0.647108 0.182908 0.636835 0.393035 0.617345 0.393070 0.656326 0.392999 0.617345 0.393070 0.589125 0.531343 0.598094 0.665585 0.656326 0.392999 0.633609 0.530614 0.622779 0.655736
359 0.646401 0.184250 0.635077 0.389373 0.613781 0.389158 0.656374 0.389588 0.613781 0.389158 0.588905 0.526765 0.590972 0.659358 0.656374 0.389588 0.634279 0.525393 0.622909 0.649714
360 0.644754 0.185020 0.633190 0.388884 0.610953 0.388527 0.655427 0.389240 0.610953 0.388527 0.588115 0.526663 0.585324 0.660182 0.655427 0.389240 0.634430 0.524389 0.623138 0.648463
361 0.642692 0.186018 0.631463 0.387555 0.608037 0.386619 0.654888 0.388492 0.608037 0.386619 0.587243 0.525868 0.580317 0.658561 0.654888 0.388492 0.634217 0.524942 0.623219 0.649576
362 0.641467 0.187050 0.630904 0.387019 0.607338 0.385385 0.654469 0.388653 0.607338 0.385385 0.585542 0.523412 0.576437 0.651742 0.654469 0.388653 0.634184 0.525045 0.623216 0.649933
363 0.640168 0.189033 0.630709 0.387024 0.607215 0.385359 0.654203 0.388688 0.607215 0.385359 0.584193 0.520868 0.572818 0.647746 0.654203 0.388688 0.634306 0.524696 0.623219 0.649775
364 0.637852 0.189326 0.630831 0.386727 0.607620 0.384881 0.654042 0.388573 0.607620 0.384881 0.582382 0.519461 0.570319 0.645503 0.654042 0.388573 0.634049 0.524186 0.623112 0.648410
365 0.636092 0.189907 0.630525 0.386433 0.607034 0.384806 0.654015 0.388061 0.607034 0.384806 0.581702 0.514923 0.568473 0.642050 0.654015 0.388061 0.633789 0.520058 0.623128 0.643269
366 0.634312 0.190281 0.628760 0.386728 0.605472 0.385206 0.652049 0.388251 0.605472 0.385206 0.579796 0.515607 0.564834 0.643905 0.652049 0.388251 0.633638 0.520228 0.623220 0.642428
367 0.630709 0.190357 0.626676 0.385572 0.603198 0.384680 0.650153 0.386463 0.603198 0.384680 0.578004 0.514748 0.565177 0.643794 0.650153 0.386463 0.632613 0.518742 0.623238 0.640843
368 0.626712 0.190335 0.623100 0.384843 0.599978 0.384394 0.646222 0.385292 0.599978 0.384394 0.578100 0.512628 0.566838 0.640461 0.646222 0.385292 0.629465 0.517304 0.622750 0.639135
369 0.622503 0.190444 0.620063 0.382878 0.596558 0.382914 0.643568 0.382842 0.596558 0.382914 0.576900 0.511765 0.566653 0.639822 0.643568 0.382842 0.627732 0.516211 0.621708 0.636704
370 0.617984 0.190124 0.617624 0.381728 0.594402 0.382440 0.640846 0.381016 0.594402 0.382440 0.575706 0.511612 0.566986 0.640056 0.640846 0.381016 0.627387 0.513848 0.621282 0.634192
371 0.613344 0.188744 0.613336 0.379717 0.589876 0.380543 0.636795 0.378890 0.589876 0.380543 0.574291 0.512011 0.566918 0.640811 0.636795 0.378890 0.626331 0.513192 0.619768 0.634583
372 0.607968 0.188780 0.609406 0.378640 0.585365 0.379430 0.633446 0.377849 0.585365 0.379430 0.570870 0.511793 0.566247 0.640926 0.633446 0.377849 0.625668 0.513005 0.618474 0.635338
373 0.601900 0.188551 0.606429 0.376947 0.582546 0.377878 0.630312 0.376016 0.582546 0.377878 0.568370 0.511250 0.565521 0.640158 0.630312 0.376016 0.623538 0.513263 0.617589 0.635492
374 0.596622 0.189070 0.602047 0.374378 0.578093 0.375845 0.626000 0.372912 0.578093 0.375845 0.566694 0.508823 0.564477 0.637359 0.626000 0.372912 0.621271 0.512636 0.616813 0.635683
375 0.592938 0.189251 0.600193 0.374446 0.576306 0.375935 0.624080 0.372957 0.576306 0.375935 0.566078 0.509111 0.564450 0.638016 0.624080 0.372957 0.620473 0.512698 0.616768 0.637185
376 0.589691 0.188944 0.598866 0.373515 0.575356 0.374970 0.622377 0.372060 0.575356 0.374970 0.564425 0.508222 0.564067 0.638460 0.622377 0.372060 0.619167 0.511549 0.615600 0.639163
377 0.585306 0.188715 0.596310 0.373266 0.573245 0.375133 0.619375 0.371400 0.573245 0.375133 0.564058 0.508654 0.564190 0.638318 0.619375 0.371400 0.616389 0.511592 0.614983 0.639187
378 0.580651 0.188462 0.592887 0.372232 0.569629 0.375164 0.616144 0.369301 0.569629 0.375164 0.564514 0.508952 0.564394 0.637535 0.616144 0.369301 0.613776 0.511234 0.614025 0.639319
379 0.578791 0.188682 0.590574 0.372173 0.566846 0.375351 0.614302 0.368995 0.566846 0.375351 0.564336 0.509063 0.564474 0.635800 0.614302 0.368995 0.611947 0.511242 0.612605 0.638684
380 0.576104 0.188732 0.587799 0.372107 0.565076 0.375430 0.610521 0.368784 0.565076 0.375430 0.563989 0.507893 0.564530 0.634475 0.610521 0.368784 0.609155 0.509976 0.609802 0.638786
381 0.572717 0.188305 0.586051 0.371962 0.566303 0.375290 0.605800 0.368634 0.566303 0.375290 0.563598 0.507752 0.564609 0.634340 0.605800 0.368634 0.608041 0.510118 0.608167 0.640437
382 0.571075 0.187909 0.583948 0.372102 0.567332 0.375404 0.600563 0.368800 0.567332 0.375404 0.563824 0.510827 0.564671 0.634430 0.600563 0.368800 0.605237 0.512454 0.606828 0.643712
383 0.569760 0.187696 0.582929 0.372242 0.567050 0.375473 0.598808 0.369012 0.567050 0.375473 0.563890 0.516285 0.564756 0.634701 0.598808 0.369012 0.603991 0.517401 0.606460 0.646718
384 0.567710 0.187684 0.580998 0.374261 0.567745 0.376788 0.594251 0.371735 0.567745 0.376788 0.563991 0.519105 0.564785 0.635232 0.594251 0.371735 0.602274 0.521081 0.605518 0.650786
385 0.566335 0.187673 0.580174 0.376458 0.568198 0.378371 0.592150 0.374546 0.568198 0.378371 0.564019 0.523317 0.565638 0.637478 0.592150 0.374546 0.602260 0.526369 0.605654 0.657725
386 0.564525 0.187403 0.580338 0.376429 0.565062 0.378387 0.595614 0.374472 0.565062 0.378387 0.564066 0.525225 0.565683 0.641658 0.595614 0.374472 0.603320 0.528319 0.606001 0.662881
387 0.563333 0.186824 0.578236 0.377273 0.565704 0.379087 0.590767 0.375460 0.565704 0.379087 0.564532 0.525795 0.566876 0.644006 0.590767 0.375460 0.601132 0.528459 0.605260 0.663057
388 0.562955 0.186565 0.578932 0.377860 0.564400 0.380073 0.593464 0.375647 0.564400 0.380073 0.564468 0.525885 0.566903 0.645653 0.593464 0.375647 0.600819 0.528219 0.605062 0.664211
389 0.562141 0.186176 0.578501 0.377822 0.561931 0.380193 0.595071 0.375451 0.561931 0.380193 0.563886 0.525671 0.566897 0.646743 0.595071 0.375451 0.601003 0.528176 0.604870 0.665550
390 0.561996 0.186037 0.577627 0.377963 0.559311 0.380499 0.595943 0.375426 0.559311 0.380499 0.563153 0.526634 0.566486 0.646976 0.595943 0.375426 0.601342 0.529145 0.604969 0.666283
391 0.561866 0.186665 0.577024 0.378615 0.557696 0.381603 0.596351 0.375627 0.557696 0.381603 0.562599 0.527478 0.566063 0.647740 0.596351 0.375627 0.601642 0.530311 0.605080 0.667985
392 0.561960 0.186725 0.576575 0.378788 0.556354 0.381781 0.596797 0.375796 0.556354 0.381781 0.562434 0.528008 0.565881 0.648383 0.596797 0.375796 0.601775 0.530493 0.604909 0.668567
393 0.561905 0.186741 0.576501 0.379194 0.555935 0.382272 0.597068 0.376117 0.555935 0.382272 0.562250 0.529119 0.565835 0.650453 0.597068 0.376117 0.601776 0.531013 0.604561 0.668606
394 0.561884 0.186461 0.576493 0.379076 0.555698 0.382157 0.597288 0.375995 0.555698 0.382157 0.561662 0.529705 0.565383 0.650920 0.597288 0.375995 0.601721 0.531112 0.604455 0.667930
395 0.561999 0.186264 0.576546 0.379041 0.555682 0.382142 0.597410 0.375940 0.555682 0.382142 0.561109 0.529393 0.564564 0.650709 0.597410 0.375940 0.601469 0.530931 0.604491 0.667861
396 0.562112 0.185887 0.576632 0.378954 0.555760 0.382129 0.597504 0.375779 0.555760 0.382129 0.560744 0.529239 0.563948 0.650936 0.597504 0.375779 0.600929 0.530802 0.604363 0.667215
397 0.562337 0.185588 0.576735 0.378482 0.555715 0.381534 0.597756 0.375431 0.555715 0.381534 0.560261 0.528473 0.563642 0.650934 0.597756 0.375431 0.600653 0.530307 0.603321 0.666931
398 0.562670 0.185614 0.576744 0.378386 0.555688 0.381374 0.597801 0.375398 0.555688 0.381374 0.559435 0.527729 0.563491 0.651650 0.597801 0.375398 0.600363 0.529961 0.600627 0.668646
399 0.563183 0.185743 0.576518 0.378151 0.555149 0.380974 0.597887 0.375327 0.555149 0.380974 0.559070 0.527514 0.563379 0.651783 0.597887 0.375327 0.599486 0.529534 0.596923 0.668815
400 0.564222 0.185780 0.576347 0.378264 0.554735 0.380954 0.597958 0.375574 0.554735 0.380954 0.558329 0.527443 0.563390 0.651729 0.597958 0.375574 0.598757 0.529469 0.594608 0.668778
401 0.564962 0.185093 0.575887 0.378301 0.554178 0.380798 0.597597 0.375804 0.554178 0.380798 0.557891 0.527386 0.563370 0.652625 0.597597 0.375804 0.598069 0.529856 0.593415 0.668715
402 0.566025 0.184755 0.575352 0.379775 0.554069 0.381651 0.596635 0.377900 0.554069 0.381651 0.557332 0.527470 0.562820 0.652582 0.596635 0.377900 0.597001 0.530721 0.592849 0.670851
403 0.567351 0.183275 0.574152 0.380111 0.554171 0.381677 0.594133 0.378546 0.554171 0.381677 0.556197 0.525780 0.562130 0.648636 0.594133 0.378546 0.594509 0.530587 0.592364 0.670728
404 0.568265 0.181877 0.572686 0.380968 0.554237 0.381991 0.591134 0.379944 0.554237 0.381991 0.554047 0.523714 0.559347 0.644557 0.591134 0.379944 0.592760 0.530529 0.591047 0.670674
405 0.568929 0.180829 0.571522 0.381069 0.553667 0.381824 0.589377 0.380314 0.553667 0.381824 0.548261 0.521488 0.556185 0.642228 0.589377 0.380314 0.592419 0.530410 0.591058 0.671012
406 0.568766 0.180870 0.568823 0.382006 0.549909 0.381926 0.587737 0.382085 0.549909 0.381926 0.545962 0.521621 0.551853 0.640021 0.587737 0.382085 0.592285 0.531646 0.591219 0.671419
407 0.568689 0.181115 0.567237 0.382107 0.547504 0.381979 0.586969 0.382235 0.547504 0.381979 0.545649 0.519547 0.547760 0.639720 0.586969 0.382235 0.591116 0.531606 0.591054 0.671338
408 0.567658 0.182475 0.563564 0.382905 0.543483 0.382585 0.583644 0.383225 0.543483 0.382585 0.543820 0.519751 0.546725 0.639843 0.583644 0.383225 0.588320 0.531789 0.591288 0.671823
409 0.565905 0.183268 0.561537 0.384754 0.541396 0.384779 0.581678 0.384730 0.541396 0.384779 0.541484 0.519797 0.545807 0.639953 0.581678 0.384730 0.586587 0.533607 0.591359 0.671766
410 0.564096 0.183444 0.558952 0.384673 0.539180 0.384749 0.578724 0.384596 0.539180 0.384749 0.541483 0.519947 0.546117 0.640697 0.578724 0.384596 0.582199 0.533714 0.590981 0.670989
411 0.563315 0.182401 0.555893 0.383540 0.536368 0.383489 0.575417 0.383592 0.536368 0.383489 0.541512 0.519433 0.545422 0.641001 0.575417 0.383592 0.578458 0.533666 0.587286 0.670955
412 0.563286 0.181478 0.554707 0.382337 0.535850 0.381891 0.573564 0.382783 0.535850 0.381891 0.542144 0.518423 0.545374 0.641230 0.573564 0.382783 0.576608 0.533629 0.582817 0.672952
413 0.562649 0.180825 0.554510 0.380514 0.536092 0.380056 0.572929 0.380972 0.536092 0.380056 0.542606 0.517189 0.545629 0.642771 0.572929 0.380972 0.574771 0.533475 0.578865 0.674338
414 0.563457 0.180070 0.552992 0.378769 0.536266 0.377698 0.569719 0.379839 0.536266 0.377698 0.542890 0.517364 0.545017 0.649003 0.569719 0.379839 0.572480 0.533431 0.570234 0.677736
415 0.564142 0.179514 0.551692 0.380070 0.536957 0.378069 0.566427 0.382070 0.536957 0.378069 0.546275 0.521018 0.545398 0.659293 0.566427 0.382070 0.569063 0.535656 0.562075 0.684192
416 0.565264 0.178256 0.551001 0.380668 0.537418 0.378118 0.564585 0.383217 0.537418 0.378118 0.547733 0.521039 0.545201 0.660230 0.564585 0.383217 0.566163 0.536396 0.555606 0.685725
417 0.565783 0.178334 0.549421 0.382899 0.537606 0.379916 0.561237 0.385882 0.537606 0.379916 0.549260 0.522052 0.544871 0.660892 0.561237 0.385882 0.561974 0.537190 0.551175 0.685168
418 0.566599 0.178258 0.549161 0.384151 0.538564 0.381187 0.559758 0.387116 0.538564 0.381187 0.551860 0.522565 0.545028 0.663673 0.559758 0.387116 0.560312 0.537605 0.550366 0.685008
419 0.567180 0.177911 0.549740 0.385392 0.539824 0.383254 0.559657 0.387530 0.539824 0.383254 0.552338 0.523491 0.544971 0.667294 0.559657 0.387530 0.559490 0.537528 0.550621 0.685557
420 0.567691 0.177944 0.549886 0.386502 0.541413 0.384918 0.558358 0.388085 0.541413 0.384918 0.553405 0.524614 0.544934 0.669028 0.558358 0.388085 0.559377 0.537456 0.550716 0.686226
421 0.567910 0.177758 0.549922 0.386977 0.541515 0.385706 0.558329 0.388249 0.541515 0.385706 0.554069 0.525179 0.544984 0.669469 0.558329 0.388249 0.559492 0.537511 0.550234 0.686324
422 0.569173 0.176940 0.550338 0.386920 0.542875 0.385794 0.557800 0.388046 0.542875 0.385794 0.554411 0.525259 0.544975 0.669629 0.557800 0.388046 0.558773 0.537462 0.550007 0.685996
423 0.569275 0.177019 0.549732 0.387268 0.542980 0.386128 0.556485 0.388407 0.542980 0.386128 0.554262 0.525224 0.544916 0.669041 0.556485 0.388407 0.557836 0.537596 0.549701 0.685817
424 0.569663 0.177016 0.549260 0.387364 0.543042 0.386285 0.555478 0.388443 0.543042 0.386285 0.554094 0.525478 0.544993 0.669763 0.555478 0.388443 0.556512 0.537570 0.549795 0.685653
425 0.569868 0.176957 0.548936 0.387447 0.542961 0.386536 0.554911 0.388358 0.542961 0.386536 0.551416 0.529588 0.545162 0.669720 0.554911 0.388358 0.555725 0.537556 0.549911 0.685573
426 0.570471 0.176917 0.548831 0.387264 0.542952 0.386317 0.554711 0.388212 0.542952 0.386317 0.551741 0.526310 0.545173 0.669316 0.554711 0.388212 0.555522 0.536232 0.550308 0.685252
427 0.571278 0.176996 0.548416 0.387150 0.542954 0.386150 0.553878 0.388149 0.542954 0.386150 0.552009 0.524784 0.545164 0.669242 0.553878 0.388149 0.555494 0.536170 0.550490 0.685166
428 -1 -1 -1 -1 -1 -1 -1 -1 -1 -1 -1 -1 -1 -1 -1 -1 -1 -1 -1 -1
429 -1 -1 -1 -1 -1 -1 -1 -1 -1 -1 -1 -1 -1 -1 -1 -1 -1 -1 -1 -1
430 -1 -1 -1 -1 -1 -1 -1 -1 -1 -1 -1 -1 -1 -1 -1 -1 -1 -1 -1 -1
431 -1 -1 -1 -1 -1 -1 -1 -1 -1 -1 -1 -1 -1 -1 -1 -1 -1 -1 -1 -1
432 -1 -1 -1 -1 -1 -1 -1 -1 -1 -1 -1 -1 -1 -1 -1 -1 -1 -1 -1 -1
433 -1 -1 -1 -1 -1 -1 -1 -1 -1 -1 -1 -1 -1 -1 -1 -1 -1 -1 -1 -1
434 -1 -1 -1 -1 -1 -1 -1 -1 -1 -1 -1 -1 -1 -1 -1 -1 -1 -1 -1 -1
435 -1 -1 -1 -1 -1 -1 -1 -1 -1 -1 -1 -1 -1 -1 -1 -1 -1 -1 -1 -1
436 -1 -1 -1 -1 -1 -1 -1 -1 -1 -1 -1 -1 -1 -1 -1 -1 -1 -1 -1 -1
437 -1 -1 -1 -1 -1 -1 -1 -1 -1 -1 -1 -1 -1 -1 -1 -1 -1 -1 -1 -1
438 -1 -1 -1 -1 -1 -1 -1 -1 -1 -1 -1 -1 -1 -1 -1 -1 -1 -1 -1 -1
439 -1 -1 -1 -1 -1 -1 -1 -1 -1 -1 -1 -1 -1 -1 -1 -1 -1 -1 -1 -1
440 -1 -1 -1 -1 -1 -1 -1 -1 -1 -1 -1 -1 -1 -1 -1 -1 -1 -1 -1 -1
441 -1 -1 -1 -1 -1 -1 -1 -1 -1 -1 -1 -1 -1 -1 -1 -1 -1 -1 -1 -1
442 -1 -1 -1 -1 -1 -1 -1 -1 -1 -1 -1 -1 -1 -1 -1 -1 -1 -1 -1 -1
443 -1 -1 -1 -1 -1 -1 -1 -1 -1 -1 -1 -1 -1 -1 -1 -1 -1 -1 -1 -1
444 -1 -1 -1 -1 -1 -1 -1 -1 -1 -1 -1 -1 -1 -1 -1 -1 -1 -1 -1 -1
445 -1 -1 -1 -1 -1 -1 -1 -1 -1 -1 -1 -1 -1 -1 -1 -1 -1 -1 -1 -1
446 -1 -1 -1 -1 -1 -1 -1 -1 -1 -1 -1 -1 -1 -1 -1 -1 -1 -1 -1 -1
447 -1 -1 -1 -1 -1 -1 -1 -1 -1 -1 -1 -1 -1 -1 -1 -1 -1 -1 -1 -1
448 -1 -1 -1 -1 -1 -1 -1 -1 -1 -1 -1 -1 -1 -1 -1 -1 -1 -1 -1 -1
449 -1 -1 -1 -1 -1 -1 -1 -1 -1 -1 -1 -1 -1 -1 -1 -1 -1 -1 -1 -1
450 -1 -1 -1 -1 -1 -1 -1 -1 -1 -1 -1 -1 -1 -1 -1 -1 -1 -1 -1 -1
451 -1 -1 -1 -1 -1 -1 -1 -1 -1 -1 -1 -1 -1 -1 -1 -1 -1 -1 -1 -1
452 -1 -1 -1 -1 -1 -1 -1 -1 -1 -1 -1 -1 -1 -1 -1 -1 -1 -1 -1 -1
453 -1 -1 -1 -1 -1 -1 -1 -1 -1 -1 -1 -1 -1 -1 -1 -1 -1 -1 -1 -1
454 -1 -1 -1 -1 -1 -1 -1 -1 -1 -1 -1 -1 -1 -1 -1 -1 -1 -1 -1 -1
455 -1 -1 -1 -1 -1 -1 -1 -1 -1 -1 -1 -1 -1 -1 -1 -1 -1 -1 -1 -1
456 -1 -1 -1 -1 -1 -1 -1 -1 -1 -1 -1 -1 -1 -1 -1 -1 -1 -1 -1 -1
457 -1 -1 -1 -1 -1 -1 -1 -1 -1 -1 -1 -1 -1 -1 -1 -1 -1 -1 -1 -1
458 0.662643 0.256200 0.637871 0.458858 0.640678 0.456740 0.635064 0.460977 0.640678 0.456740 0.623347 0.582550 0.584436 0.688373 0.635064 0.460977 0.671028 0.594311 0.708630 0.726470
459 0.671381 0.261278 0.646115 0.464071 0.649356 0.462382 0.642874 0.465761 0.649356 0.462382 0.621860 0.584781 0.583028 0.687036 0.642874 0.465761 0.685533 0.603924 0.712236 0.738941
460 0.680617 0.262589 0.657906 0.467729 0.660686 0.465668 0.655126 0.469791 0.660686 0.465668 0.628102 0.591594 0.583091 0.685360 0.655126 0.469791 0.691081 0.609543 0.714426 0.745432
461 0.690866 0.263839 0.671098 0.466588 0.675172 0.464047 0.667024 0.469129 0.675172 0.464047 0.648146 0.589973 0.583963 0.684777 0.667024 0.469129 0.690757 0.605820 0.714462 0.745542
462 0.701708 0.264365 0.686246 0.467535 0.696702 0.465252 0.675790 0.469817 0.696702 0.465252 0.700349 0.602947 0.711088 0.739166 0.675790 0.469817 0.673776 0.602081 0.600841 0.690833
463 0.712027 0.264631 0.699507 0.470758 0.713945 0.468652 0.685068 0.472863 0.713945 0.468652 0.720879 0.606627 0.719469 0.744515 0.685068 0.472863 0.669029 0.609102 0.603684 0.674588
464 0.722233 0.263697 0.711367 0.474213 0.725826 0.471876 0.696907 0.476550 0.725826 0.471876 0.729137 0.614957 0.717648 0.744842 0.696907 0.476550 0.682511 0.621031 0.615029 0.672340
465 0.732909 0.262047 0.722616 0.476628 0.737713 0.474495 0.707518 0.478761 0.737713 0.474495 0.732087 0.618347 0.720594 0.746119 0.707518 0.478761 0.706175 0.627862 0.625656 0.671541
466 0.742229 0.263218 0.728064 0.477819 0.745192 0.475905 0.710935 0.479733 0.745192 0.475905 0.737884 0.618788 0.718562 0.741773 0.710935 0.479733 0.716777 0.627948 0.636079 0.677597
467 0.752029 0.266853 0.734741 0.477987 0.753743 0.476859 0.715738 0.479115 0.753743 0.476859 0.745988 0.621432 0.715135 0.736695 0.715738 0.479115 0.722692 0.629079 0.676170 0.706362
468 0.762924 0.270962 0.739411 0.482908 0.758037 0.481817 0.720785 0.483999 0.758037 0.481817 0.750911 0.617259 0.719063 0.732351 0.720785 0.483999 0.732936 0.630378 0.706433 0.741073
469 0.772359 0.274565 0.744319 0.485179 0.763465 0.484626 0.725173 0.485732 0.763465 0.484626 0.756369 0.625529 0.723895 0.747616 0.725173 0.485732 0.739518 0.635516 0.715197 0.786215
470 0.782522 0.280619 0.753944 0.493255 0.772422 0.492845 0.735467 0.493666 0.772422 0.492845 0.759346 0.638296 0.726496 0.753998 0.735467 0.493666 0.746430 0.643271 0.732371 0.799407
471 0.791905 0.287354 0.762501 0.502726 0.781247 0.502146 0.743755 0.503306 0.781247 0.502146 0.759160 0.636357 0.731059 0.747992 0.743755 0.503306 0.763464 0.647526 0.775561 0.813993
472 0.800200 0.297513 0.769146 0.514040 0.787869 0.512176 0.750424 0.515905 0.787869 0.512176 0.761471 0.636648 0.727343 0.744669 0.750424 0.515905 0.778101 0.658996 0.803907 0.829628
473 0.809404 0.305746 0.776005 0.520310 0.794195 0.519116 0.757815 0.521504 0.794195 0.519116 0.764876 0.641921 0.724090 0.743840 0.757815 0.521504 0.785896 0.666395 0.818604 0.847704
474 0.820988 0.313305 0.784849 0.526312 0.802283 0.524299 0.767416 0.528324 0.802283 0.524299 0.774327 0.648326 0.726426 0.742917 0.767416 0.528324 0.810485 0.683283 0.815618 0.835560
475 0.831343 0.322011 0.798150 0.539920 0.815377 0.536754 0.780924 0.543087 0.815377 0.536754 0.779956 0.659931 0.729397 0.742367 0.780924 0.543087 0.824467 0.702555 0.825387 0.847500
476 0.840571 0.331876 0.808826 0.552523 0.826696 0.549189 0.790956 0.555856 0.826696 0.549189 0.790679 0.672564 0.733326 0.741987 0.790956 0.555856 0.825437 0.715600 0.829722 0.873408
477 0.850695 0.338002 0.822515 0.562461 0.840304 0.557736 0.804727 0.567187 0.840304 0.557736 0.806972 0.683687 0.744868 0.737002 0.804727 0.567187 0.835152 0.724433 0.831837 0.878748
478 0.860951 0.345146 0.837768 0.574568 0.854963 0.568562 0.820574 0.580575 0.854963 0.568562 0.834409 0.699733 0.766300 0.733382 0.820574 0.580575 0.837160 0.739624 0.828118 0.879043
479 0.872787 0.349235 0.855581 0.582533 0.872774 0.578347 0.838388 0.586718 0.872774 0.578347 0.859851 0.718881 0.786552 0.733470 0.838388 0.586718 0.842850 0.738175 0.830978 0.878661
480 0.882115 0.353509 0.871076 0.592604 0.887004 0.588658 0.855147 0.596550 0.887004 0.588658 0.875535 0.727267 0.805872 0.771194 0.855147 0.596550 0.852637 0.744905 0.829562 0.873756
481 0.890425 0.360137 0.877144 0.597772 0.894053 0.592731 0.860235 0.602812 0.894053 0.592731 0.902796 0.738727 0.827554 0.801176 0.860235 0.602812 0.856737 0.755431 0.831364 0.880380
482 0.901103 0.363536 0.883918 0.600710 0.900745 0.598093 0.867090 0.603326 0.900745 0.598093 0.914825 0.751194 0.845359 0.845779 0.867090 0.603326 0.859942 0.764658 0.834946 0.884686
483 0.913528 0.367629 0.888698 0.598297 0.899020 0.593119 0.878376 0.603476 0.899020 0.593119 0.888406 0.745692 0.846941 0.870778 0.878376 0.603476 0.904113 0.760297 0.849510 0.890393
484 0.924964 0.375452 0.896243 0.613211 0.897855 0.608972 0.894631 0.617450 0.897855 0.608972 0.873965 0.748310 0.839001 0.884163 0.894631 0.617450 0.927448 0.771976 0.901950 0.932766
485 0.939253 0.384719 0.902282 0.629729 0.907353 0.625548 0.897211 0.633910 0.907353 0.625548 0.890035 0.776877 0.837287 0.877333 0.897211 0.633910 0.913047 0.773658 0.866859 0.906977
486 0.950356 0.400135 0.912831 0.639690 0.922730 0.636034 0.902933 0.643346 0.922730 0.636034 0.885740 0.761523 0.836322 0.869383 0.902933 0.643346 0.915685 0.811600 0.908538 0.947100
487 0.963628 0.420121 0.928585 0.659597 0.944961 0.661063 0.912209 0.658131 0.944961 0.661063 0.894235 0.770084 0.840619 0.863330 0.912209 0.658131 0.905800 0.817281 0.879314 0.930795
488 0.990595 0.437543 0.943125 0.681500 0.962244 0.684061 0.924006 0.678939 0.962244 0.684061 0.932048 0.813751 0.845796 0.865589 0.924006 0.678939 0.898722 0.799141 0.859322 0.897020
489 0.998094 0.453693 0.955274 0.689825 0.969135 0.685869 0.941412 0.693781 0.969135 0.685869 0.931021 0.797972 0.854114 0.860962 0.941412 0.693781 0.900312 0.796976 0.856574 0.882467
490 1.020495 0.479889 0.980675 0.712230 1.004406 0.714606 0.956943 0.709854 1.004406 0.714606 0.948798 0.823712 0.856282 0.862192 0.956943 0.709854 0.916103 0.807975 0.856308 0.877103
491 1.043919 0.478821 1.010786 0.710365 1.034547 0.713328 0.987025 0.707402 1.034547 0.713328 0.965701 0.841834 0.864405 0.873021 0.987025 0.707402 0.944993 0.838540 0.860748 0.878409
492 -1 -1 -1 -1 -1 -1 -1 -1 -1 -1 -1 -1 -1 -1 -1 -1 -1 -1 -1 -1
493 -1 -1 -1 -1 -1 -1 -1 -1 -1 -1 -1 -1 -1 -1 -1 -1 -1 -1 -1 -1
494 -1 -1 -1 -1 -1 -1 -1 -1 -1 -1 -1 -1 -1 -1 -1 -1 -1 -1 -1 -1
495 -1 -1 -1 -1 -1 -1 -1 -1 -1 -1 -1 -1 -1 -1 -1 -1 -1 -1 -1 -1
496 -1 -1 -1 -1 -1 -1 -1 -1 -1 -1 -1 -1 -1 -1 -1 -1 -1 -1 -1 -1
497 -1 -1 -1 -1 -1 -1 -1 -1 -1 -1 -1 -1 -1 -1 -1 -1 -1 -1 -1 -1
498 -1 -1 -1 -1 -1 -1 -1 -1 -1 -1 -1 -1 -1 -1 -1 -1 -1 -1 -1 -1
499 -1 -1 -1 -1 -1 -1 -1 -1 -1 -1 -1 -1 -1 -1 -1 -1 -1 -1 -1 -1
500 -1 -1 -1 -1 -1 -1 -1 -1 -1 -1 -1 -1 -1 -1 -1 -1 -1 -1 -1 -1
501 -1 -1 -1 -1 -1 -1 -1 -1 -1 -1 -1 -1 -1 -1 -1 -1 -1 -1 -1 -1
502 -1 -1 -1 -1 -1 -1 -1 -1 -1 -1 -1 -1 -1 -1 -1 -1 -1 -1 -1 -1
503 -1 -1 -1 -1 -1 -1 -1 -1 -1 -1 -1 -1 -1 -1 -1 -1 -1 -1 -1 -1
504 -1 -1 -1 -1 -1 -1 -1 -1 -1 -1 -1 -1 -1 -1 -1 -1 -1 -1 -1 -1
