0
0
0 0.241631 0.246554 0.251658 0.355252 0.268967 0.350032 0.234349 0.360472 0.268967 0.350032 0.299905 0.392671 0.303858 0.483749 0.234349 0.360472 0.242270 0.439725 0.252278 0.511407
1 0.242563 0.246893 0.252279 0.355456 0.269461 0.350225 0.235096 0.360687 0.269461 0.350225 0.299751 0.392943 0.304131 0.483662 0.235096 0.360687 0.242690 0.438661 0.252610 0.509877
2 0.243116 0.247228 0.252349 0.355594 0.269544 0.350397 0.235153 0.360792 0.269544 0.350397 0.299757 0.393057 0.304153 0.483669 0.235153 0.360792 0.242766 0.440766 0.254866 0.513115
3 0.243611 0.247451 0.252715 0.355594 0.270060 0.350414 0.235370 0.360773 0.270060 0.350414 0.298747 0.393130 0.304150 0.483499 0.235370 0.360773 0.245778 0.440298 0.256262 0.512823
4 0.243832 0.248221 0.253331 0.355967 0.270436 0.350799 0.236226 0.361134 0.270436 0.350799 0.298233 0.393211 0.304285 0.483529 0.236226 0.361134 0.246405 0.439633 0.256436 0.511399
5 0.244097 0.248468 0.253141 0.355965 0.270172 0.350805 0.236111 0.361124 0.270172 0.350805 0.298266 0.393032 0.304223 0.483526 0.236111 0.361124 0.244200 0.435108 0.254453 0.508394
6 0.244352 0.248923 0.253701 0.356524 0.270586 0.351364 0.236815 0.361684 0.270586 0.351364 0.298312 0.393087 0.304395 0.483221 0.236815 0.361684 0.244699 0.433238 0.256315 0.506342
7 0.244467 0.249281 0.254369 0.356902 0.271082 0.351678 0.237656 0.362126 0.271082 0.351678 0.298349 0.393107 0.304729 0.483228 0.237656 0.362126 0.247506 0.435741 0.257135 0.506171
8 0.244547 0.249902 0.254284 0.356981 0.270925 0.351863 0.237642 0.362099 0.270925 0.351863 0.299090 0.393136 0.305062 0.483227 0.237642 0.362099 0.244815 0.436293 0.256373 0.506265
9 0.244556 0.250085 0.253760 0.357006 0.270609 0.351862 0.236910 0.362149 0.270609 0.351862 0.298923 0.393639 0.305195 0.483211 0.236910 0.362149 0.245476 0.438678 0.255246 0.506359
10 0.244602 0.250475 0.253754 0.357076 0.270599 0.351895 0.236909 0.362258 0.270599 0.351895 0.298843 0.394049 0.305107 0.483253 0.236909 0.362258 0.246123 0.438371 0.255275 0.505850
11 0.244670 0.251002 0.253906 0.357788 0.270741 0.352557 0.237070 0.363019 0.270741 0.352557 0.299066 0.393968 0.305197 0.483235 0.237070 0.363019 0.248219 0.438423 0.256947 0.505412
12 0.244686 0.251246 0.254234 0.358182 0.270807 0.353009 0.237661 0.363355 0.270807 0.353009 0.298397 0.393991 0.305080 0.482990 0.237661 0.363355 0.248054 0.438416 0.257181 0.505268
13 0.244751 0.251366 0.254215 0.358423 0.270803 0.353146 0.237628 0.363700 0.270803 0.353146 0.298549 0.394591 0.305047 0.482669 0.237628 0.363700 0.247969 0.440806 0.256835 0.505320
14 0.244843 0.251366 0.254052 0.358417 0.270576 0.353147 0.237528 0.363686 0.270576 0.353147 0.297878 0.394817 0.304899 0.482546 0.237528 0.363686 0.245834 0.438017 0.256191 0.505373
15 0.244925 0.251801 0.254238 0.358301 0.270615 0.353023 0.237862 0.363580 0.270615 0.353023 0.298365 0.396525 0.305323 0.482539 0.237862 0.363580 0.247677 0.437624 0.257626 0.504983
16 0.245046 0.252018 0.254133 0.358264 0.270428 0.353015 0.237837 0.363514 0.270428 0.353015 0.298380 0.396516 0.305238 0.483542 0.237837 0.363514 0.247656 0.437379 0.257250 0.505029
17 0.245123 0.252104 0.253718 0.358128 0.269802 0.353024 0.237635 0.363231 0.269802 0.353024 0.298342 0.395921 0.305116 0.484263 0.237635 0.363231 0.248987 0.436152 0.257212 0.505326
18 0.245267 0.252204 0.253698 0.357675 0.269781 0.352771 0.237616 0.362578 0.269781 0.352771 0.298320 0.395912 0.304927 0.484250 0.237616 0.362578 0.247633 0.433536 0.257012 0.505241
19 0.245380 0.252697 0.253406 0.357616 0.269433 0.352749 0.237379 0.362484 0.269433 0.352749 0.298210 0.394129 0.304877 0.484268 0.237379 0.362484 0.246399 0.433714 0.256988 0.505260
20 0.245432 0.253172 0.253236 0.357422 0.269109 0.352610 0.237362 0.362234 0.269109 0.352610 0.298230 0.394342 0.304328 0.484259 0.237362 0.362234 0.246414 0.433797 0.256602 0.505188
21 0.245671 0.254107 0.253082 0.357415 0.268814 0.352599 0.237349 0.362231 0.268814 0.352599 0.298547 0.393469 0.304496 0.483924 0.237349 0.362231 0.245644 0.433282 0.256666 0.505128
22 0.246086 0.255408 0.253084 0.357056 0.268828 0.352317 0.237339 0.361796 0.268828 0.352317 0.298560 0.390557 0.304496 0.482690 0.237339 0.361796 0.240855 0.432117 0.256051 0.505703
23 0.246147 0.256932 0.252923 0.357575 0.268771 0.352481 0.237075 0.362669 0.268771 0.352481 0.298395 0.392040 0.303575 0.483187 0.237075 0.362669 0.240771 0.431725 0.255988 0.505433
24 0.246370 0.259059 0.253274 0.358241 0.269200 0.352727 0.237348 0.363756 0.269200 0.352727 0.298601 0.393311 0.303605 0.483176 0.237348 0.363756 0.241367 0.433081 0.256055 0.505369
25 0.247087 0.260327 0.253272 0.358474 0.269201 0.353109 0.237343 0.363840 0.269201 0.353109 0.298493 0.393353 0.303621 0.483261 0.237343 0.363840 0.241667 0.433173 0.255825 0.505895
26 0.248055 0.261616 0.254183 0.358544 0.270015 0.353200 0.238352 0.363887 0.270015 0.353200 0.298701 0.394216 0.303633 0.483888 0.238352 0.363887 0.242107 0.431549 0.256406 0.506080
27 0.248847 0.264725 0.254175 0.358457 0.270009 0.353044 0.238341 0.363871 0.270009 0.353044 0.299094 0.393843 0.303874 0.483880 0.238341 0.363871 0.241378 0.430337 0.256864 0.505836
28 0.249148 0.267659 0.254289 0.358589 0.270238 0.353041 0.238341 0.364137 0.270238 0.353041 0.299989 0.394212 0.304935 0.483899 0.238341 0.364137 0.241558 0.431101 0.256344 0.506204
29 0.249764 0.269656 0.254839 0.358573 0.270800 0.353014 0.238878 0.364132 0.270800 0.353014 0.302257 0.396223 0.305980 0.483917 0.238878 0.364132 0.240224 0.429928 0.256048 0.506879
30 0.250219 0.273841 0.255717 0.358965 0.271690 0.353121 0.239743 0.364808 0.271690 0.353121 0.303627 0.394710 0.306932 0.483899 0.239743 0.364808 0.237824 0.433109 0.255080 0.506882
31 0.250450 0.278604 0.256169 0.358853 0.272073 0.352876 0.240265 0.364829 0.272073 0.352876 0.303641 0.395436 0.307057 0.484178 0.240265 0.364829 0.238486 0.434109 0.255099 0.507340
32 0.250852 0.280173 0.256691 0.359682 0.272803 0.353499 0.240580 0.365864 0.272803 0.353499 0.303878 0.395583 0.307242 0.484496 0.240580 0.365864 0.232926 0.435193 0.253910 0.508283
33 0.251163 0.282141 0.256970 0.359808 0.273159 0.353713 0.240780 0.365903 0.273159 0.353713 0.304203 0.395509 0.307214 0.484476 0.240780 0.365903 0.234415 0.435115 0.254020 0.508480
34 0.251642 0.284398 0.257891 0.360801 0.274377 0.355229 0.241406 0.366373 0.274377 0.355229 0.304323 0.396230 0.307159 0.484480 0.241406 0.366373 0.235315 0.434416 0.254093 0.508460
35 0.252408 0.286782 0.259447 0.362382 0.276495 0.356851 0.242400 0.367912 0.276495 0.356851 0.304222 0.397786 0.307107 0.484659 0.242400 0.367912 0.235827 0.433691 0.254148 0.509363
36 0.253392 0.287007 0.259699 0.362236 0.276624 0.356737 0.242773 0.367734 0.276624 0.356737 0.304036 0.396091 0.307096 0.484523 0.242773 0.367734 0.238375 0.431290 0.254193 0.507414
37 0.253037 0.288599 0.259627 0.362442 0.276518 0.357014 0.242736 0.367871 0.276518 0.357014 0.304641 0.395921 0.307056 0.485165 0.242736 0.367871 0.237309 0.430548 0.254234 0.507420
38 0.252946 0.290527 0.260069 0.363642 0.277065 0.358428 0.243073 0.368855 0.277065 0.358428 0.304540 0.394057 0.307193 0.485522 0.243073 0.368855 0.236939 0.430204 0.254222 0.507855
39 0.253072 0.293606 0.260067 0.363634 0.277153 0.358377 0.242981 0.368892 0.277153 0.358377 0.304946 0.392716 0.307171 0.485698 0.242981 0.368892 0.234017 0.431551 0.254747 0.507801
40 0.252940 0.297269 0.259687 0.363535 0.277042 0.358240 0.242333 0.368830 0.277042 0.358240 0.305719 0.392321 0.307146 0.485747 0.242333 0.368830 0.231516 0.427120 0.254738 0.507472
41 0.252772 0.296112 0.259678 0.363774 0.276823 0.358362 0.242532 0.369186 0.276823 0.358362 0.307258 0.391318 0.307132 0.485782 0.242532 0.369186 0.232200 0.430434 0.255154 0.507436
42 0.253220 0.295853 0.260222 0.363739 0.277607 0.358322 0.242838 0.369156 0.277607 0.358322 0.307139 0.390601 0.307071 0.485740 0.242838 0.369156 0.232644 0.429330 0.255511 0.506650
43 0.253153 0.296624 0.260054 0.364210 0.277462 0.358569 0.242646 0.369851 0.277462 0.358569 0.306863 0.390870 0.307013 0.485733 0.242646 0.369851 0.231360 0.438580 0.255055 0.507186
44 0.253461 0.295573 0.260263 0.364155 0.277732 0.358509 0.242794 0.369800 0.277732 0.358509 0.306670 0.391060 0.306910 0.485229 0.242794 0.369800 0.233440 0.437291 0.255088 0.507056
45 0.255016 0.294806 0.260456 0.365141 0.277959 0.359937 0.242953 0.370344 0.277959 0.359937 0.306431 0.390456 0.306637 0.485090 0.242953 0.370344 0.236585 0.433015 0.255301 0.507041
46 0.255027 0.294557 0.260409 0.363128 0.277886 0.358065 0.242931 0.368192 0.277886 0.358065 0.306370 0.391574 0.306498 0.485244 0.242931 0.368192 0.238056 0.432417 0.255251 0.507043
47 0.255087 0.293555 0.260133 0.363071 0.277337 0.358067 0.242929 0.368074 0.277337 0.358067 0.306364 0.390980 0.306644 0.485385 0.242929 0.368074 0.237718 0.428936 0.255106 0.507331
48 0.255247 0.291131 0.260287 0.363069 0.277293 0.358057 0.243282 0.368080 0.277293 0.358057 0.306248 0.390878 0.306642 0.484946 0.243282 0.368080 0.239330 0.428757 0.255087 0.507083
49 0.255634 0.288256 0.259894 0.363364 0.276485 0.358483 0.243302 0.368244 0.276485 0.358483 0.306312 0.390689 0.306527 0.484623 0.243302 0.368244 0.238224 0.431488 0.255206 0.507569
50 0.255782 0.285353 0.260008 0.363727 0.276484 0.358556 0.243533 0.368899 0.276484 0.358556 0.305973 0.390574 0.306520 0.483616 0.243533 0.368899 0.238121 0.432407 0.255138 0.507032
51 0.255852 0.282592 0.259900 0.364010 0.276135 0.358698 0.243665 0.369323 0.276135 0.358698 0.305958 0.390675 0.306448 0.483482 0.243665 0.369323 0.238983 0.435647 0.256252 0.507346
52 0.255896 0.280017 0.259625 0.364045 0.275677 0.358853 0.243573 0.369236 0.275677 0.358853 0.305914 0.390563 0.306456 0.483343 0.243573 0.369236 0.238772 0.435254 0.256478 0.507261
53 0.255854 0.279114 0.259623 0.364149 0.275682 0.358919 0.243563 0.369379 0.275682 0.358919 0.305594 0.391484 0.305984 0.483351 0.243563 0.369379 0.238627 0.435202 0.256212 0.507296
54 0.255429 0.278324 0.259073 0.363492 0.275034 0.358768 0.243112 0.368215 0.275034 0.358768 0.305712 0.391484 0.306004 0.483450 0.243112 0.368215 0.238113 0.435579 0.255475 0.507322
55 0.254797 0.276137 0.258797 0.362882 0.274895 0.358449 0.242700 0.367314 0.274895 0.358449 0.305641 0.391422 0.305978 0.483418 0.242700 0.367314 0.238020 0.435984 0.255215 0.507431
56 0.253995 0.274841 0.258725 0.362871 0.274747 0.358395 0.242702 0.367346 0.274747 0.358395 0.305403 0.392636 0.306030 0.483242 0.242702 0.367346 0.242227 0.438239 0.256239 0.507236
57 0.253757 0.273363 0.258389 0.362890 0.274362 0.358393 0.242417 0.367386 0.274362 0.358393 0.305502 0.392606 0.306756 0.482414 0.242417 0.367386 0.241722 0.437876 0.258055 0.506681
58 0.252614 0.272189 0.257560 0.362761 0.273271 0.358136 0.241849 0.367386 0.273271 0.358136 0.305522 0.392679 0.306771 0.482432 0.241849 0.367386 0.242500 0.437856 0.257887 0.506617
59 0.252307 0.269865 0.257426 0.362549 0.273199 0.358017 0.241652 0.367081 0.273199 0.358017 0.305522 0.392721 0.306542 0.482509 0.241652 0.367081 0.242014 0.437686 0.257748 0.506349
60 0.252093 0.269491 0.256801 0.361851 0.272827 0.357346 0.240776 0.366356 0.272827 0.357346 0.304945 0.395007 0.306590 0.482531 0.240776 0.366356 0.241796 0.437580 0.257696 0.506270
61 0.251701 0.268289 0.256870 0.361699 0.272903 0.357190 0.240837 0.366208 0.272903 0.357190 0.304677 0.393988 0.306618 0.482555 0.240837 0.366208 0.241734 0.435838 0.258090 0.506081
62 0.251378 0.266871 0.256860 0.361192 0.272943 0.356415 0.240777 0.365969 0.272943 0.356415 0.303517 0.397034 0.306627 0.482915 0.240777 0.365969 0.243799 0.435809 0.257999 0.506169
63 0.251061 0.266139 0.256881 0.361158 0.272973 0.356360 0.240789 0.365957 0.272973 0.356360 0.303469 0.395048 0.306655 0.483023 0.240789 0.365957 0.243319 0.433138 0.258125 0.505582
64 0.250780 0.265492 0.256541 0.361211 0.272883 0.356436 0.240198 0.365986 0.272883 0.356436 0.303331 0.394906 0.306695 0.483505 0.240198 0.365986 0.242666 0.433276 0.255661 0.505655
65 0.250581 0.264735 0.256577 0.361209 0.272917 0.356410 0.240237 0.366008 0.272917 0.356410 0.303061 0.394888 0.306749 0.483499 0.240237 0.366008 0.242917 0.433404 0.255646 0.505402
66 0.250403 0.264253 0.256823 0.361000 0.273379 0.356270 0.240267 0.365730 0.273379 0.356270 0.303021 0.395121 0.306970 0.483642 0.240267 0.365730 0.244281 0.433530 0.255859 0.505964
67 0.250318 0.263648 0.256926 0.361011 0.273561 0.356272 0.240290 0.365750 0.273561 0.356272 0.302652 0.395892 0.306964 0.483693 0.240290 0.365750 0.241723 0.433610 0.254517 0.506720
68 0.250097 0.263644 0.256590 0.360968 0.273394 0.356233 0.239785 0.365704 0.273394 0.356233 0.303374 0.395870 0.307036 0.483709 0.239785 0.365704 0.238802 0.433713 0.254500 0.507354
69 0.249871 0.263359 0.256828 0.360271 0.273734 0.355317 0.239922 0.365226 0.273734 0.355317 0.303122 0.396096 0.307044 0.484177 0.239922 0.365226 0.240536 0.433366 0.256090 0.507183
70 0.249714 0.263397 0.256724 0.360431 0.273738 0.355482 0.239710 0.365381 0.273738 0.355482 0.303065 0.393013 0.306838 0.484501 0.239710 0.365381 0.232838 0.433411 0.252511 0.508534
71 0.249525 0.263100 0.256731 0.360154 0.273728 0.355217 0.239733 0.365090 0.273728 0.355217 0.302144 0.393235 0.306695 0.484462 0.239733 0.365090 0.237864 0.434079 0.252844 0.508466
72 0.249479 0.262961 0.256658 0.360169 0.273605 0.355229 0.239711 0.365110 0.273605 0.355229 0.302377 0.391534 0.306837 0.484649 0.239711 0.365110 0.238063 0.433900 0.253690 0.508413
73 0.249456 0.262712 0.256596 0.359877 0.273484 0.355110 0.239709 0.364644 0.273484 0.355110 0.302401 0.391580 0.306838 0.484758 0.239709 0.364644 0.240052 0.432067 0.255135 0.508237
74 0.249410 0.262611 0.256111 0.359498 0.273015 0.354869 0.239206 0.364127 0.273015 0.354869 0.302426 0.391129 0.306804 0.484886 0.239206 0.364127 0.240631 0.431041 0.255543 0.507425
75 0.249457 0.262703 0.256403 0.359852 0.273299 0.354881 0.239508 0.364824 0.273299 0.354881 0.302440 0.389817 0.306747 0.484463 0.239508 0.364824 0.241363 0.429815 0.256186 0.504184
76 0.249560 0.262688 0.256425 0.359826 0.273302 0.354818 0.239548 0.364833 0.273302 0.354818 0.302513 0.388750 0.306777 0.484499 0.239548 0.364833 0.242458 0.427453 0.256388 0.504324
77 0.249627 0.262714 0.256098 0.359499 0.273041 0.354646 0.239155 0.364351 0.273041 0.354646 0.302352 0.387728 0.306842 0.484501 0.239155 0.364351 0.242557 0.422796 0.256188 0.504456
78 0.249776 0.263285 0.255636 0.359516 0.272364 0.354650 0.238907 0.364382 0.272364 0.354650 0.302446 0.386996 0.306149 0.484025 0.238907 0.364382 0.242130 0.412940 0.255248 0.501957
79 0.250048 0.263342 0.255645 0.359720 0.272372 0.354670 0.238918 0.364770 0.272372 0.354670 0.303563 0.385240 0.306474 0.483963 0.238918 0.364770 0.241768 0.417415 0.255370 0.502060
80 0.250402 0.263434 0.255683 0.359549 0.272381 0.354337 0.238985 0.364761 0.272381 0.354337 0.303977 0.385707 0.306511 0.483194 0.238985 0.364761 0.241834 0.424893 0.255574 0.502283
81 0.250761 0.263874 0.255554 0.359269 0.272153 0.354166 0.238954 0.364371 0.272153 0.354166 0.304531 0.385845 0.306454 0.483047 0.238954 0.364371 0.241798 0.417088 0.256371 0.501506
82 0.251391 0.264488 0.255683 0.359069 0.272163 0.354140 0.239204 0.363998 0.272163 0.354140 0.304762 0.385889 0.306674 0.483113 0.239204 0.363998 0.241815 0.409218 0.257448 0.501587
83 0.252096 0.265076 0.255677 0.359139 0.272142 0.354206 0.239211 0.364072 0.272142 0.354206 0.304920 0.385988 0.306409 0.482637 0.239211 0.364072 0.241914 0.410753 0.257399 0.500495
84 0.252927 0.266670 0.255786 0.358555 0.272250 0.353260 0.239323 0.363849 0.272250 0.353260 0.305060 0.387909 0.306891 0.483055 0.239323 0.363849 0.242747 0.418661 0.257800 0.501734
85 0.253875 0.268554 0.257182 0.358592 0.274355 0.353291 0.240010 0.363894 0.274355 0.353291 0.304653 0.392234 0.306888 0.483372 0.240010 0.363894 0.243015 0.419785 0.257944 0.501794
86 0.254726 0.269408 0.258726 0.359491 0.275756 0.354307 0.241695 0.364675 0.275756 0.354307 0.304407 0.392289 0.306008 0.483121 0.241695 0.364675 0.242510 0.429276 0.257895 0.502535
87 0.256272 0.271452 0.259445 0.360455 0.276771 0.355718 0.242119 0.365191 0.276771 0.355718 0.304405 0.392130 0.303049 0.482783 0.242119 0.365191 0.240253 0.427786 0.257780 0.499919
88 0.256694 0.273967 0.259963 0.360115 0.277059 0.355067 0.242868 0.365164 0.277059 0.355067 0.304755 0.392016 0.301219 0.481922 0.242868 0.365164 0.242655 0.429395 0.258864 0.501208
89 0.257175 0.277976 0.260772 0.360133 0.278051 0.355060 0.243494 0.365206 0.278051 0.355060 0.304187 0.393647 0.298869 0.481721 0.243494 0.365206 0.243289 0.422232 0.258773 0.497799
90 0.258893 0.281293 0.261961 0.360172 0.279428 0.355130 0.244494 0.365214 0.279428 0.355130 0.304160 0.393365 0.299057 0.480912 0.244494 0.365214 0.240819 0.419374 0.257969 0.496473
91 0.260945 0.285590 0.263162 0.363196 0.281056 0.358937 0.245268 0.367454 0.281056 0.358937 0.304409 0.395049 0.298480 0.480973 0.245268 0.367454 0.242403 0.414500 0.257964 0.496752
92 0.262006 0.288896 0.263403 0.363853 0.281627 0.359897 0.245179 0.367810 0.281627 0.359897 0.304334 0.394687 0.298011 0.481235 0.245179 0.367810 0.242008 0.415802 0.256951 0.496868
93 0.264666 0.292771 0.264945 0.364835 0.283783 0.361498 0.246107 0.368172 0.283783 0.361498 0.304333 0.396685 0.298266 0.481271 0.246107 0.368172 0.240424 0.413964 0.255650 0.496368
94 0.264810 0.296749 0.265967 0.364966 0.284579 0.361201 0.247354 0.368730 0.284579 0.361201 0.304088 0.398264 0.297035 0.482244 0.247354 0.368730 0.245256 0.414102 0.256547 0.495766
95 0.266234 0.299707 0.267123 0.365430 0.285463 0.361561 0.248784 0.369298 0.285463 0.361561 0.305014 0.404667 0.297505 0.482339 0.248784 0.369298 0.244855 0.417381 0.256427 0.495905
96 0.266909 0.304089 0.267338 0.365420 0.286259 0.361650 0.248417 0.369190 0.286259 0.361650 0.304064 0.408484 0.297462 0.481933 0.248417 0.369190 0.241566 0.422093 0.255899 0.495937
97 0.266583 0.308285 0.267552 0.363982 0.286933 0.361449 0.248171 0.366515 0.286933 0.361449 0.301406 0.406495 0.297009 0.481589 0.248171 0.366515 0.244211 0.422376 0.255918 0.496036
98 0.267882 0.311457 0.270020 0.367117 0.288347 0.364266 0.251693 0.369969 0.288347 0.364266 0.299383 0.413521 0.296583 0.481445 0.251693 0.369969 0.244240 0.424886 0.255769 0.496151
99 0.268532 0.317881 0.270607 0.365868 0.289092 0.361900 0.252121 0.369837 0.289092 0.361900 0.299565 0.410318 0.296522 0.481556 0.252121 0.369837 0.244234 0.421895 0.256038 0.496246
100 0.267845 0.323452 0.270273 0.357174 0.288546 0.352696 0.252001 0.361651 0.288546 0.352696 0.297303 0.408757 0.296286 0.481763 0.252001 0.361651 0.241195 0.415621 0.256981 0.496149
101 0.266120 0.331022 0.268982 0.353731 0.288235 0.352282 0.249729 0.355180 0.288235 0.352282 0.297935 0.403438 0.296424 0.481890 0.249729 0.355180 0.241292 0.413484 0.257012 0.495613
102 0.266514 0.322463 0.269064 0.354485 0.287903 0.352281 0.250225 0.356690 0.287903 0.352281 0.298328 0.403412 0.296505 0.481817 0.250225 0.356690 0.242073 0.412269 0.257105 0.495774
103 0.266821 0.323377 0.268831 0.344979 0.287597 0.342710 0.250066 0.347247 0.287597 0.342710 0.298393 0.397388 0.297037 0.481264 0.250066 0.347247 0.242918 0.409922 0.257164 0.492953
104 0.267204 0.321854 0.269887 0.348593 0.287847 0.345661 0.251928 0.351525 0.287847 0.345661 0.298465 0.400202 0.297062 0.481588 0.251928 0.351525 0.246704 0.410641 0.258001 0.493335
105 0.270475 0.311214 0.271420 0.350540 0.289248 0.347431 0.253592 0.353648 0.289248 0.347431 0.298438 0.411293 0.297098 0.483181 0.253592 0.353648 0.247137 0.417474 0.259221 0.494013
106 0.270997 0.301107 0.271165 0.344390 0.289364 0.340777 0.252966 0.348003 0.289364 0.340777 0.299353 0.409366 0.297107 0.483219 0.252966 0.348003 0.250723 0.418562 0.259461 0.494032
107 0.271571 0.293063 0.271019 0.333094 0.289107 0.329773 0.252931 0.336415 0.289107 0.329773 0.299335 0.407579 0.297132 0.483623 0.252931 0.336415 0.245949 0.416332 0.259156 0.493507
108 0.271259 0.284960 0.270813 0.324045 0.289049 0.321535 0.252578 0.326554 0.289049 0.321535 0.298564 0.399965 0.297011 0.483151 0.252578 0.326554 0.243798 0.403250 0.255890 0.486649
109 0.270302 0.276540 0.267912 0.323431 0.286251 0.320441 0.249573 0.326421 0.286251 0.320441 0.299360 0.398251 0.297112 0.481528 0.249573 0.326421 0.243143 0.405462 0.257214 0.488074
110 0.269272 0.266282 0.264376 0.321321 0.281986 0.318592 0.246766 0.324050 0.281986 0.318592 0.299391 0.395736 0.297583 0.481055 0.246766 0.324050 0.245445 0.405368 0.261375 0.495901
111 0.267390 0.256588 0.261620 0.319890 0.278512 0.317429 0.244728 0.322352 0.278512 0.317429 0.299423 0.393398 0.297749 0.480572 0.244728 0.322352 0.245770 0.402686 0.259840 0.487407
112 0.266254 0.248391 0.259985 0.317788 0.276867 0.314750 0.243103 0.320825 0.276867 0.314750 0.298926 0.391052 0.297787 0.480034 0.243103 0.320825 0.247818 0.402335 0.259747 0.482365
113 0.264855 0.239018 0.258122 0.317043 0.274899 0.314434 0.241344 0.319653 0.274899 0.314434 0.298537 0.392640 0.297748 0.480192 0.241344 0.319653 0.250057 0.403582 0.259944 0.484722
114 0.263508 0.230461 0.257673 0.311032 0.274393 0.308095 0.240953 0.313969 0.274393 0.308095 0.298140 0.389686 0.297945 0.480089 0.240953 0.313969 0.249605 0.399786 0.260854 0.484424
115 0.262068 0.224273 0.257981 0.310162 0.274758 0.306992 0.241203 0.313332 0.274758 0.306992 0.297873 0.390875 0.298038 0.480136 0.241203 0.313332 0.250092 0.400138 0.261078 0.485197
116 0.261380 0.215687 0.257942 0.307380 0.274823 0.304280 0.241061 0.310479 0.274823 0.304280 0.297765 0.390738 0.298073 0.480434 0.241061 0.310479 0.249963 0.398068 0.260530 0.484992
117 0.260301 0.204956 0.258186 0.304372 0.274771 0.301414 0.241602 0.307329 0.274771 0.301414 0.297052 0.391293 0.297800 0.481087 0.241602 0.307329 0.250134 0.398910 0.260470 0.485410
118 0.258977 0.198505 0.258559 0.302443 0.275186 0.298786 0.241932 0.306099 0.275186 0.298786 0.296561 0.391088 0.297523 0.481125 0.241932 0.306099 0.251770 0.399344 0.260586 0.485616
119 0.257523 0.190931 0.258826 0.301890 0.275519 0.298044 0.242133 0.305735 0.275519 0.298044 0.296619 0.391319 0.297442 0.481652 0.242133 0.305735 0.252429 0.401695 0.261953 0.487910
120 0.256059 0.185721 0.258928 0.303053 0.275623 0.299188 0.242232 0.306918 0.275623 0.299188 0.296681 0.391546 0.297916 0.481846 0.242232 0.306918 0.252787 0.403485 0.262433 0.489611
121 0.254299 0.180335 0.259022 0.301811 0.275848 0.297946 0.242196 0.305677 0.275848 0.297946 0.296447 0.391790 0.297389 0.481934 0.242196 0.305677 0.252859 0.403601 0.262307 0.490576
122 0.253161 0.175273 0.258941 0.301609 0.275926 0.298016 0.241957 0.305202 0.275926 0.298016 0.295650 0.391990 0.297257 0.482359 0.241957 0.305202 0.252691 0.403568 0.261695 0.491537
123 0.251515 0.171038 0.258913 0.300902 0.276140 0.297786 0.241686 0.304019 0.276140 0.297786 0.294323 0.392122 0.297360 0.482575 0.241686 0.304019 0.252543 0.402796 0.259859 0.491774
124 0.250076 0.166800 0.258960 0.300316 0.276285 0.297283 0.241634 0.303348 0.276285 0.297283 0.293564 0.393518 0.297743 0.483220 0.241634 0.303348 0.252470 0.402687 0.258838 0.492202
125 0.248287 0.162011 0.258944 0.298248 0.276392 0.294820 0.241496 0.301675 0.276392 0.294820 0.292991 0.393045 0.297948 0.483145 0.241496 0.301675 0.252360 0.402247 0.258862 0.492133
126 0.247036 0.157765 0.258657 0.296819 0.276470 0.293376 0.240843 0.300262 0.276470 0.293376 0.292029 0.393068 0.297984 0.482981 0.240843 0.300262 0.252260 0.402269 0.258648 0.492320
127 0.245509 0.154034 0.257475 0.295791 0.275789 0.292377 0.239161 0.299204 0.275789 0.292377 0.291282 0.393794 0.297960 0.483172 0.239161 0.299204 0.251659 0.402534 0.258676 0.492395
128 0.243165 0.152069 0.256061 0.295586 0.274705 0.292277 0.237417 0.298895 0.274705 0.292277 0.289198 0.394343 0.297955 0.483415 0.237417 0.298895 0.251623 0.402854 0.259391 0.492797
129 0.241648 0.150222 0.254978 0.295225 0.273692 0.291567 0.236265 0.298883 0.273692 0.291567 0.288656 0.394478 0.298041 0.483572 0.236265 0.298883 0.250900 0.404445 0.259471 0.495532
130 0.240300 0.147612 0.254531 0.295473 0.273123 0.291682 0.235939 0.299265 0.273123 0.291682 0.287950 0.394694 0.297913 0.483585 0.235939 0.299265 0.250866 0.404636 0.259957 0.495140
131 0.239399 0.146676 0.253331 0.294404 0.271900 0.290688 0.234762 0.298121 0.271900 0.290688 0.287523 0.394111 0.297937 0.482643 0.234762 0.298121 0.250023 0.404021 0.259770 0.492705
132 0.238330 0.146660 0.252508 0.294518 0.271155 0.290535 0.233860 0.298501 0.271155 0.290535 0.287048 0.393877 0.298005 0.482636 0.233860 0.298501 0.249334 0.404067 0.259364 0.492817
133 0.237967 0.146600 0.252310 0.294878 0.271009 0.290945 0.233610 0.298811 0.271009 0.290945 0.287002 0.394450 0.297650 0.482649 0.233610 0.298811 0.248601 0.404699 0.259017 0.492749
134 0.237261 0.146500 0.251885 0.295027 0.270622 0.291037 0.233147 0.299018 0.270622 0.291037 0.286777 0.394725 0.296336 0.483088 0.233147 0.299018 0.248078 0.405246 0.259011 0.492872
135 0.236389 0.147049 0.251687 0.295128 0.270205 0.291194 0.233170 0.299062 0.270205 0.291194 0.286936 0.395140 0.295648 0.485522 0.233170 0.299062 0.248483 0.405235 0.259009 0.490949
136 0.236110 0.146610 0.251763 0.295548 0.270304 0.291500 0.233222 0.299595 0.270304 0.291500 0.287041 0.396901 0.294763 0.488550 0.233222 0.299595 0.248490 0.406538 0.259639 0.490773
137 0.236418 0.146603 0.251932 0.295631 0.270432 0.291611 0.233432 0.299651 0.270432 0.291611 0.287136 0.397621 0.294779 0.492330 0.233432 0.299651 0.248415 0.406759 0.259627 0.490263
138 0.236654 0.146583 0.252321 0.295659 0.271043 0.291624 0.233598 0.299695 0.271043 0.291624 0.287280 0.398554 0.295875 0.497284 0.233598 0.299695 0.248932 0.406776 0.259610 0.488124
139 0.237332 0.147025 0.252450 0.296000 0.271213 0.291861 0.233688 0.300139 0.271213 0.291861 0.287338 0.401581 0.296830 0.501757 0.233688 0.300139 0.248947 0.407265 0.259567 0.489085
140 0.238914 0.147355 0.252979 0.296874 0.271805 0.292893 0.234154 0.300854 0.271805 0.292893 0.287577 0.403695 0.298270 0.504975 0.234154 0.300854 0.249011 0.407438 0.258986 0.488904
141 0.240398 0.148300 0.254044 0.298245 0.272720 0.294600 0.235368 0.301890 0.272720 0.294600 0.287649 0.406023 0.298913 0.506328 0.235368 0.301890 0.249586 0.408698 0.257842 0.490233
142 0.243192 0.148619 0.255650 0.299400 0.274529 0.296355 0.236771 0.302445 0.274529 0.296355 0.288391 0.407343 0.299421 0.508339 0.236771 0.302445 0.249617 0.409456 0.257824 0.491141
143 0.247025 0.148781 0.259037 0.299979 0.278227 0.297340 0.239846 0.302618 0.278227 0.297340 0.289505 0.406806 0.300029 0.508049 0.239846 0.302618 0.250615 0.409341 0.258452 0.491505
144 0.249866 0.149236 0.260919 0.300215 0.280194 0.297779 0.241643 0.302651 0.280194 0.297779 0.290091 0.406560 0.300359 0.508354 0.241643 0.302651 0.252939 0.408968 0.258506 0.491396
145 0.252837 0.150101 0.264899 0.302876 0.284055 0.300574 0.245743 0.305178 0.284055 0.300574 0.291592 0.409487 0.300640 0.509619 0.245743 0.305178 0.255417 0.409867 0.258389 0.493646
146 0.256214 0.150167 0.267720 0.303758 0.286855 0.301586 0.248586 0.305929 0.286855 0.301586 0.292930 0.410587 0.300781 0.510559 0.248586 0.305929 0.256540 0.409973 0.257818 0.493601
147 0.259221 0.149910 0.271034 0.303314 0.290004 0.301254 0.252064 0.305374 0.290004 0.301254 0.294078 0.409984 0.300994 0.510604 0.252064 0.305374 0.258307 0.408429 0.256516 0.493342
148 0.262843 0.150123 0.274049 0.303800 0.293339 0.301687 0.254758 0.305912 0.293339 0.301687 0.296160 0.409630 0.300529 0.510909 0.254758 0.305912 0.260096 0.408609 0.256644 0.493337
149 0.264371 0.150119 0.276218 0.303644 0.295088 0.301394 0.257348 0.305895 0.295088 0.301394 0.297751 0.407084 0.299470 0.510342 0.257348 0.305895 0.263650 0.403794 0.258937 0.488575
150 0.266351 0.150086 0.277108 0.302221 0.295610 0.299188 0.258606 0.305255 0.295610 0.299188 0.299273 0.406588 0.298897 0.510264 0.258606 0.305255 0.267746 0.402559 0.262781 0.488337
151 0.269728 0.150109 0.278964 0.302199 0.297224 0.299173 0.260703 0.305226 0.297224 0.299173 0.301543 0.406815 0.298894 0.509900 0.260703 0.305226 0.270995 0.402881 0.267161 0.490048
152 0.271240 0.150555 0.281853 0.302155 0.299928 0.299094 0.263778 0.305216 0.299928 0.299094 0.303576 0.409665 0.298753 0.512374 0.263778 0.305216 0.275112 0.403848 0.274010 0.504192
153 0.273167 0.151053 0.284958 0.302232 0.301828 0.299074 0.268088 0.305390 0.301828 0.299074 0.305313 0.410081 0.298007 0.513029 0.268088 0.305390 0.281441 0.410836 0.282865 0.513699
154 0.275685 0.151347 0.286322 0.302504 0.302832 0.299066 0.269812 0.305942 0.302832 0.299066 0.307986 0.406436 0.294093 0.506914 0.269812 0.305942 0.287043 0.414561 0.289794 0.516935
155 0.278278 0.152263 0.289520 0.303734 0.306365 0.300045 0.272674 0.307422 0.306365 0.300045 0.310405 0.404797 0.295455 0.467443 0.272674 0.307422 0.292299 0.418674 0.300184 0.522302
156 0.280949 0.153217 0.291838 0.304968 0.308427 0.300569 0.275250 0.309367 0.308427 0.300569 0.315360 0.401576 0.294207 0.452640 0.275250 0.309367 0.296227 0.422510 0.309413 0.535046
157 0.282916 0.155185 0.293239 0.306172 0.309715 0.301422 0.276763 0.310923 0.309715 0.301422 0.319352 0.401904 0.296337 0.446416 0.276763 0.310923 0.299001 0.423386 0.316230 0.536309
158 0.284802 0.157980 0.296766 0.309391 0.312733 0.303805 0.280799 0.314978 0.312733 0.303805 0.319713 0.402060 0.296540 0.462442 0.280799 0.314978 0.301070 0.425327 0.324509 0.539595
159 0.287364 0.160596 0.299769 0.312230 0.315410 0.307059 0.284129 0.317402 0.315410 0.307059 0.321282 0.402969 0.297391 0.470088 0.284129 0.317402 0.304682 0.426255 0.329918 0.543543
160 0.289810 0.162400 0.300584 0.313608 0.315827 0.308486 0.285342 0.318730 0.315827 0.308486 0.319333 0.407867 0.299419 0.485745 0.285342 0.318730 0.307590 0.427878 0.333273 0.547890
161 0.292377 0.164246 0.302619 0.315559 0.317848 0.310800 0.287390 0.320318 0.317848 0.310800 0.319575 0.410934 0.300867 0.490160 0.287390 0.320318 0.311941 0.429586 0.334540 0.549327
162 0.294892 0.165972 0.304674 0.315803 0.319460 0.310966 0.289888 0.320640 0.319460 0.310966 0.322732 0.409169 0.302870 0.490453 0.289888 0.320640 0.315105 0.429581 0.335628 0.551192
163 0.297359 0.165730 0.305723 0.315181 0.320213 0.310545 0.291232 0.319818 0.320213 0.310545 0.323104 0.408637 0.304251 0.491504 0.291232 0.319818 0.316093 0.428562 0.335808 0.550854
164 0.299394 0.165928 0.307987 0.315128 0.322129 0.310437 0.293845 0.319818 0.322129 0.310437 0.324279 0.409027 0.304592 0.492582 0.293845 0.319818 0.317844 0.427987 0.335708 0.549603
165 0.301708 0.166159 0.310906 0.315490 0.324585 0.310787 0.297227 0.320194 0.324585 0.310787 0.327128 0.410163 0.307300 0.495042 0.297227 0.320194 0.321719 0.429287 0.337457 0.551171
166 0.304355 0.166157 0.313399 0.317964 0.326983 0.313792 0.299814 0.322137 0.326983 0.313792 0.334859 0.416478 0.310085 0.494782 0.299814 0.322137 0.324739 0.434093 0.337128 0.551327
167 0.306768 0.166064 0.313388 0.319391 0.327799 0.315562 0.298977 0.323220 0.327799 0.315562 0.342353 0.423906 0.311356 0.494658 0.298977 0.323220 0.325939 0.439482 0.337582 0.552696
168 0.308736 0.165983 0.313472 0.318883 0.328435 0.314868 0.298509 0.322898 0.328435 0.314868 0.350410 0.426594 0.317064 0.486979 0.298509 0.322898 0.327917 0.441631 0.339643 0.555542
169 0.311468 0.167415 0.316847 0.320113 0.331685 0.316001 0.302008 0.324226 0.331685 0.316001 0.358678 0.429165 0.326592 0.489200 0.302008 0.324226 0.331502 0.442115 0.340372 0.557020
170 0.314717 0.168552 0.320576 0.323203 0.334870 0.319315 0.306281 0.327091 0.334870 0.319315 0.364535 0.428076 0.336914 0.503659 0.306281 0.327091 0.332971 0.441028 0.341797 0.555497
171 0.316986 0.170719 0.325619 0.326589 0.338644 0.322754 0.312594 0.330425 0.338644 0.322754 0.369524 0.431111 0.348215 0.518655 0.312594 0.330425 0.334573 0.440249 0.341556 0.553685
172 0.319720 0.172392 0.330468 0.329618 0.342561 0.325912 0.318374 0.333325 0.342561 0.325912 0.372942 0.432842 0.363072 0.533078 0.318374 0.333325 0.336789 0.440279 0.342277 0.553377
173 0.324120 0.174568 0.335787 0.339206 0.345222 0.336513 0.326351 0.341898 0.345222 0.336513 0.375184 0.443908 0.374041 0.545594 0.326351 0.341898 0.337615 0.450040 0.341824 0.554371
174 0.329384 0.174517 0.339546 0.343865 0.347567 0.341668 0.331525 0.346062 0.347567 0.341668 0.378361 0.450546 0.394346 0.554872 0.331525 0.346062 0.338444 0.458315 0.341024 0.559767
175 0.336308 0.175491 0.344006 0.349065 0.353148 0.347135 0.334863 0.350996 0.353148 0.347135 0.382105 0.454339 0.405810 0.555291 0.334863 0.350996 0.338824 0.461870 0.340508 0.560729
176 0.340195 0.176020 0.350226 0.352439 0.357781 0.350782 0.342671 0.354096 0.357781 0.350782 0.387237 0.458809 0.414020 0.562550 0.342671 0.354096 0.342453 0.464712 0.340091 0.562034
177 0.348660 0.176572 0.354513 0.351050 0.365919 0.349297 0.343107 0.352803 0.365919 0.349297 0.393984 0.459052 0.416252 0.565372 0.343107 0.352803 0.343647 0.461411 0.339800 0.561002
178 0.353519 0.176722 0.359416 0.351146 0.371981 0.349164 0.346851 0.353128 0.371981 0.349164 0.399992 0.460523 0.419409 0.569464 0.346851 0.353128 0.346456 0.460427 0.339696 0.560467
179 0.358363 0.176275 0.364750 0.350866 0.376466 0.349087 0.353035 0.352646 0.376466 0.349087 0.404372 0.460634 0.420611 0.572093 0.353035 0.352646 0.350812 0.463389 0.339533 0.560791
180 0.364673 0.175518 0.369647 0.349236 0.381984 0.347074 0.357311 0.351398 0.381984 0.347074 0.410213 0.457869 0.419564 0.572001 0.357311 0.351398 0.360451 0.462857 0.340124 0.558737
181 0.372172 0.175777 0.378389 0.350223 0.392306 0.348215 0.364472 0.352231 0.392306 0.348215 0.412896 0.459544 0.419152 0.572048 0.364472 0.352231 0.370262 0.463791 0.341870 0.552417
182 0.376593 0.174541 0.384005 0.351499 0.396621 0.349616 0.371389 0.353382 0.396621 0.349616 0.415383 0.460838 0.418194 0.571269 0.371389 0.353382 0.379516 0.467061 0.346670 0.543300
183 0.381441 0.173116 0.388895 0.351004 0.401675 0.349196 0.376114 0.352812 0.401675 0.349196 0.414790 0.462513 0.417892 0.572606 0.376114 0.352812 0.388815 0.467014 0.352914 0.533207
184 0.387266 0.173534 0.394804 0.351574 0.408382 0.349700 0.381225 0.353447 0.408382 0.349700 0.418732 0.463460 0.420392 0.573241 0.381225 0.353447 0.401781 0.468849 0.365125 0.528740
185 0.393026 0.175978 0.399483 0.351158 0.414060 0.349275 0.384906 0.353040 0.414060 0.349275 0.424605 0.462851 0.422497 0.573911 0.384906 0.353040 0.410254 0.468865 0.375717 0.533481
186 0.398292 0.178227 0.402065 0.350963 0.416296 0.348967 0.387835 0.352960 0.416296 0.348967 0.427787 0.462126 0.421464 0.571564 0.387835 0.352960 0.419764 0.471252 0.392306 0.543991
187 0.403545 0.179217 0.405777 0.350744 0.419480 0.348660 0.392073 0.352829 0.419480 0.348660 0.430434 0.461881 0.418333 0.567549 0.392073 0.352829 0.423430 0.470223 0.409408 0.563617
188 0.409268 0.179201 0.409142 0.347407 0.421463 0.343602 0.396821 0.351211 0.421463 0.343602 0.430971 0.455999 0.419796 0.567389 0.396821 0.351211 0.432255 0.468723 0.420292 0.575642
189 0.414016 0.179227 0.411833 0.346412 0.422629 0.342437 0.401037 0.350388 0.422629 0.342437 0.431141 0.456023 0.421066 0.569789 0.401037 0.350388 0.441298 0.468568 0.433877 0.588683
190 0.421205 0.179463 0.415339 0.345256 0.425732 0.341258 0.404946 0.349255 0.425732 0.341258 0.429961 0.456198 0.420657 0.569436 0.404946 0.349255 0.446398 0.468219 0.461799 0.592031
191 0.428375 0.179801 0.420062 0.344427 0.432310 0.340831 0.407815 0.348023 0.432310 0.340831 0.431003 0.456213 0.421277 0.569532 0.407815 0.348023 0.445522 0.463101 0.478041 0.589621
192 0.434417 0.181026 0.426560 0.345973 0.438043 0.341846 0.415078 0.350100 0.438043 0.341846 0.434287 0.456594 0.421351 0.569302 0.415078 0.350100 0.448950 0.464452 0.490091 0.592658
193 0.440154 0.185080 0.434717 0.348118 0.447735 0.343828 0.421699 0.352409 0.447735 0.343828 0.439513 0.458554 0.421430 0.569509 0.421699 0.352409 0.454503 0.464956 0.494554 0.596104
194 0.444884 0.188778 0.442745 0.353163 0.455582 0.348188 0.429908 0.358139 0.455582 0.348188 0.443574 0.460479 0.421737 0.569920 0.429908 0.358139 0.462733 0.469190 0.496564 0.598006
195 0.448895 0.190550 0.449183 0.356788 0.460620 0.352406 0.437747 0.361170 0.460620 0.352406 0.449911 0.463645 0.422563 0.568721 0.437747 0.361170 0.469973 0.473814 0.495653 0.595422
196 0.453112 0.190981 0.452637 0.355740 0.465345 0.351562 0.439929 0.359918 0.465345 0.351562 0.458722 0.463410 0.424574 0.563134 0.439929 0.359918 0.473653 0.473575 0.496902 0.597567
197 0.457669 0.192276 0.459892 0.357382 0.470704 0.353805 0.449081 0.360958 0.470704 0.353805 0.471204 0.463501 0.431064 0.558893 0.449081 0.360958 0.478055 0.473826 0.495604 0.599872
198 0.462209 0.192862 0.468502 0.362535 0.476596 0.359347 0.460407 0.365722 0.476596 0.359347 0.483974 0.466420 0.439690 0.551015 0.460407 0.365722 0.487147 0.479899 0.496099 0.600981
199 0.468369 0.193885 0.476474 0.368337 0.485303 0.365582 0.467645 0.371092 0.485303 0.365582 0.495936 0.471224 0.449838 0.539256 0.467645 0.371092 0.496312 0.489599 0.498777 0.604890
200 0.474502 0.194434 0.480410 0.371366 0.488739 0.368208 0.472081 0.374524 0.488739 0.368208 0.508844 0.474978 0.463807 0.542015 0.472081 0.374524 0.501156 0.489542 0.497867 0.602622
201 0.478840 0.194412 0.485296 0.370242 0.493603 0.367227 0.476990 0.373256 0.493603 0.367227 0.517705 0.474032 0.478721 0.544826 0.476990 0.373256 0.501318 0.487167 0.499566 0.602352
202 0.484723 0.195591 0.491246 0.369218 0.499642 0.366702 0.482850 0.371734 0.499642 0.366702 0.528576 0.473544 0.494975 0.551693 0.482850 0.371734 0.504743 0.486144 0.498251 0.601345
203 0.490757 0.196375 0.497188 0.372814 0.506745 0.370628 0.487630 0.375000 0.506745 0.370628 0.536319 0.477385 0.510201 0.576642 0.487630 0.375000 0.502623 0.491392 0.497579 0.602068
204 0.495714 0.197091 0.501245 0.377954 0.507303 0.375883 0.495187 0.380025 0.507303 0.375883 0.539997 0.481867 0.523901 0.586888 0.495187 0.380025 0.506108 0.493001 0.501676 0.602351
205 0.502771 0.200388 0.506396 0.381160 0.508686 0.380463 0.504107 0.381857 0.508686 0.380463 0.526270 0.491308 0.519675 0.604489 0.504107 0.381857 0.534757 0.491253 0.542396 0.606315
206 0.508898 0.202884 0.511773 0.387225 0.521290 0.384834 0.502255 0.389617 0.521290 0.384834 0.546527 0.497111 0.567698 0.607626 0.502255 0.389617 0.516220 0.504807 0.539242 0.608442
207 0.513188 0.205508 0.517967 0.389874 0.528436 0.387297 0.507499 0.392451 0.528436 0.387297 0.552002 0.498480 0.577561 0.613091 0.507499 0.392451 0.513512 0.503723 0.533405 0.607476
208 0.518591 0.206200 0.520857 0.391772 0.528158 0.390106 0.513556 0.393437 0.528158 0.390106 0.555330 0.503521 0.581179 0.623753 0.513556 0.393437 0.515637 0.507987 0.521244 0.609477
209 0.525356 0.209802 0.527304 0.394262 0.534797 0.393698 0.519811 0.394827 0.534797 0.393698 0.562389 0.511350 0.581570 0.629271 0.519811 0.394827 0.518075 0.511635 0.515601 0.609532
210 0.533144 0.209798 0.532824 0.397838 0.544712 0.396448 0.520936 0.399228 0.544712 0.396448 0.572991 0.515101 0.585447 0.633738 0.520936 0.399228 0.519191 0.515820 0.512456 0.609685
211 0.538821 0.209975 0.537275 0.398247 0.550651 0.396796 0.523898 0.399697 0.550651 0.396796 0.578683 0.513166 0.586232 0.633659 0.523898 0.399697 0.526120 0.516113 0.509350 0.609362
212 0.545153 0.210693 0.540984 0.398309 0.555251 0.396846 0.526718 0.399772 0.555251 0.396846 0.580950 0.515398 0.583263 0.636908 0.526718 0.399772 0.535960 0.519839 0.510045 0.604875
213 0.554679 0.212036 0.547572 0.396343 0.563264 0.394813 0.531879 0.397873 0.563264 0.394813 0.583520 0.516129 0.582969 0.638545 0.531879 0.397873 0.544781 0.518472 0.514427 0.592571
214 0.559367 0.215208 0.550297 0.398514 0.567944 0.397896 0.532651 0.399132 0.567944 0.397896 0.585244 0.521009 0.581232 0.640755 0.532651 0.399132 0.547292 0.526141 0.518911 0.588231
215 0.566257 0.215315 0.556444 0.397414 0.575697 0.396738 0.537190 0.398090 0.575697 0.396738 0.592592 0.524278 0.581860 0.643411 0.537190 0.398090 0.553225 0.533953 0.522877 0.590656
216 0.570152 0.214384 0.561076 0.398649 0.580567 0.397276 0.541585 0.400021 0.580567 0.397276 0.593996 0.529356 0.581041 0.646880 0.541585 0.400021 0.558241 0.539976 0.529890 0.601717
217 0.575606 0.213979 0.563072 0.399015 0.583321 0.397919 0.542822 0.400111 0.583321 0.397919 0.595761 0.531198 0.583744 0.641536 0.542822 0.400111 0.562272 0.542248 0.540829 0.642519
218 0.579961 0.213627 0.566037 0.398553 0.587388 0.397543 0.544687 0.399563 0.587388 0.397543 0.600808 0.529183 0.584091 0.641306 0.544687 0.399563 0.565996 0.539513 0.559071 0.649889
219 0.582931 0.213809 0.569267 0.398451 0.591206 0.397721 0.547328 0.399181 0.591206 0.397721 0.600710 0.528596 0.585927 0.650038 0.547328 0.399181 0.569238 0.539968 0.574334 0.666939
220 0.587136 0.214649 0.573469 0.396876 0.596283 0.396607 0.550655 0.397145 0.596283 0.396607 0.601486 0.525904 0.587771 0.653047 0.550655 0.397145 0.569461 0.537648 0.581000 0.653678
221 0.589962 0.217216 0.576921 0.396808 0.600205 0.396391 0.553637 0.397226 0.600205 0.396391 0.604262 0.525447 0.588850 0.670482 0.553637 0.397226 0.571626 0.539505 0.589326 0.684766
222 0.591923 0.220611 0.582663 0.403016 0.606336 0.400912 0.558989 0.405120 0.606336 0.400912 0.602276 0.542454 0.587180 0.684744 0.558989 0.405120 0.575207 0.548464 0.599066 0.700433
223 0.594324 0.225876 0.587440 0.415258 0.610497 0.413951 0.564383 0.416565 0.610497 0.413951 0.603040 0.550969 0.585935 0.686247 0.564383 0.416565 0.577915 0.559306 0.594426 0.708697
224 0.595500 0.231976 0.589910 0.423448 0.611410 0.422093 0.568410 0.424802 0.611410 0.422093 0.604173 0.561381 0.587216 0.701247 0.568410 0.424802 0.582418 0.569720 0.599795 0.715180
225 0.596149 0.238148 0.591462 0.427428 0.612898 0.426306 0.570025 0.428549 0.612898 0.426306 0.604434 0.560953 0.586405 0.705660 0.570025 0.428549 0.584659 0.567074 0.603207 0.723765
226 0.597635 0.242491 0.595105 0.434417 0.615712 0.432237 0.574498 0.436596 0.615712 0.432237 0.606115 0.573859 0.585910 0.704523 0.574498 0.436596 0.588231 0.574098 0.607677 0.717808
227 0.599935 0.245021 0.599046 0.437054 0.620695 0.435048 0.577397 0.439059 0.620695 0.435048 0.611242 0.581558 0.585405 0.695881 0.577397 0.439059 0.591789 0.576447 0.612144 0.709523
228 0.600873 0.247601 0.602163 0.442318 0.625061 0.439688 0.579264 0.444948 0.625061 0.439688 0.624454 0.589948 0.587793 0.688269 0.579264 0.444948 0.592553 0.579873 0.607210 0.709029
229 0.601884 0.248285 0.606472 0.444449 0.630508 0.441079 0.582435 0.447819 0.630508 0.441079 0.639553 0.585570 0.595368 0.659587 0.582435 0.447819 0.593711 0.583418 0.606765 0.710214
230 0.602820 0.251467 0.610238 0.449816 0.634070 0.444642 0.586405 0.454990 0.634070 0.444642 0.644823 0.581332 0.600044 0.651420 0.586405 0.454990 0.597937 0.587519 0.607015 0.718431
231 0.605237 0.251685 0.614346 0.449261 0.638220 0.443784 0.590472 0.454738 0.638220 0.443784 0.652946 0.579797 0.605606 0.634262 0.590472 0.454738 0.601737 0.591690 0.607589 0.716661
232 0.607464 0.251535 0.616605 0.450866 0.641654 0.445685 0.591556 0.456047 0.641654 0.445685 0.654914 0.582899 0.604418 0.645058 0.591556 0.456047 0.600276 0.600860 0.611380 0.722542
233 0.609401 0.253120 0.620920 0.456131 0.646366 0.451595 0.595475 0.460667 0.646366 0.451595 0.661497 0.594343 0.604920 0.654729 0.595475 0.460667 0.600215 0.607257 0.611874 0.726648
234 0.611635 0.255527 0.624316 0.459581 0.650281 0.455154 0.598351 0.464008 0.650281 0.455154 0.665200 0.596197 0.604826 0.651822 0.598351 0.464008 0.603321 0.602537 0.611816 0.723685
235 0.614618 0.258006 0.628714 0.459546 0.655028 0.454389 0.602401 0.464704 0.655028 0.454389 0.667375 0.595284 0.619001 0.639262 0.602401 0.464704 0.604792 0.598276 0.612074 0.724168
236 0.617176 0.260863 0.631232 0.457977 0.657421 0.453336 0.605044 0.462618 0.657421 0.453336 0.668210 0.592323 0.632379 0.611279 0.605044 0.462618 0.606824 0.597370 0.610851 0.719294
237 0.620066 0.261587 0.633333 0.461532 0.660074 0.457173 0.606592 0.465891 0.660074 0.457173 0.672700 0.593914 0.632089 0.624729 0.606592 0.465891 0.606169 0.597825 0.610227 0.721414
238 0.624772 0.261221 0.636504 0.461789 0.662865 0.458001 0.610142 0.465577 0.662865 0.458001 0.674395 0.592931 0.631577 0.626709 0.610142 0.465577 0.607127 0.597787 0.611136 0.722967
239 0.630634 0.261974 0.639277 0.466843 0.665534 0.463350 0.613020 0.470337 0.665534 0.463350 0.676829 0.592184 0.634137 0.631153 0.613020 0.470337 0.609171 0.605371 0.612423 0.723111
240 0.636834 0.263305 0.642995 0.469969 0.669502 0.466785 0.616487 0.473153 0.669502 0.466785 0.681385 0.590544 0.654074 0.634231 0.616487 0.473153 0.610864 0.608564 0.612064 0.724883
241 -1 -1 -1 -1 -1 -1 -1 -1 -1 -1 -1 -1 -1 -1 -1 -1 -1 -1 -1 -1
242 -1 -1 -1 -1 -1 -1 -1 -1 -1 -1 -1 -1 -1 -1 -1 -1 -1 -1 -1 -1
243 -1 -1 -1 -1 -1 -1 -1 -1 -1 -1 -1 -1 -1 -1 -1 -1 -1 -1 -1 -1
244 -1 -1 -1 -1 -1 -1 -1 -1 -1 -1 -1 -1 -1 -1 -1 -1 -1 -1 -1 -1
245 -1 -1 -1 -1 -1 -1 -1 -1 -1 -1 -1 -1 -1 -1 -1 -1 -1 -1 -1 -1
246 -1 -1 -1 -1 -1 -1 -1 -1 -1 -1 -1 -1 -1 -1 -1 -1 -1 -1 -1 -1
247 -1 -1 -1 -1 -1 -1 -1 -1 -1 -1 -1 -1 -1 -1 -1 -1 -1 -1 -1 -1
248 -1 -1 -1 -1 -1 -1 -1 -1 -1 -1 -1 -1 -1 -1 -1 -1 -1 -1 -1 -1
249 -1 -1 -1 -1 -1 -1 -1 -1 -1 -1 -1 -1 -1 -1 -1 -1 -1 -1 -1 -1
250 -1 -1 -1 -1 -1 -1 -1 -1 -1 -1 -1 -1 -1 -1 -1 -1 -1 -1 -1 -1
251 -1 -1 -1 -1 -1 -1 -1 -1 -1 -1 -1 -1 -1 -1 -1 -1 -1 -1 -1 -1
252 -1 -1 -1 -1 -1 -1 -1 -1 -1 -1 -1 -1 -1 -1 -1 -1 -1 -1 -1 -1
253 -1 -1 -1 -1 -1 -1 -1 -1 -1 -1 -1 -1 -1 -1 -1 -1 -1 -1 -1 -1
254 -1 -1 -1 -1 -1 -1 -1 -1 -1 -1 -1 -1 -1 -1 -1 -1 -1 -1 -1 -1
255 -1 -1 -1 -1 -1 -1 -1 -1 -1 -1 -1 -1 -1 -1 -1 -1 -1 -1 -1 -1
256 -1 -1 -1 -1 -1 -1 -1 -1 -1 -1 -1 -1 -1 -1 -1 -1 -1 -1 -1 -1
257 -1 -1 -1 -1 -1 -1 -1 -1 -1 -1 -1 -1 -1 -1 -1 -1 -1 -1 -1 -1
258 -1 -1 -1 -1 -1 -1 -1 -1 -1 -1 -1 -1 -1 -1 -1 -1 -1 -1 -1 -1
259 -1 -1 -1 -1 -1 -1 -1 -1 -1 -1 -1 -1 -1 -1 -1 -1 -1 -1 -1 -1
260 -1 -1 -1 -1 -1 -1 -1 -1 -1 -1 -1 -1 -1 -1 -1 -1 -1 -1 -1 -1
261 -1 -1 -1 -1 -1 -1 -1 -1 -1 -1 -1 -1 -1 -1 -1 -1 -1 -1 -1 -1
262 -1 -1 -1 -1 -1 -1 -1 -1 -1 -1 -1 -1 -1 -1 -1 -1 -1 -1 -1 -1
263 -1 -1 -1 -1 -1 -1 -1 -1 -1 -1 -1 -1 -1 -1 -1 -1 -1 -1 -1 -1
264 -1 -1 -1 -1 -1 -1 -1 -1 -1 -1 -1 -1 -1 -1 -1 -1 -1 -1 -1 -1
265 -1 -1 -1 -1 -1 -1 -1 -1 -1 -1 -1 -1 -1 -1 -1 -1 -1 -1 -1 -1
266 -1 -1 -1 -1 -1 -1 -1 -1 -1 -1 -1 -1 -1 -1 -1 -1 -1 -1 -1 -1
267 -1 -1 -1 -1 -1 -1 -1 -1 -1 -1 -1 -1 -1 -1 -1 -1 -1 -1 -1 -1
268 -1 -1 -1 -1 -1 -1 -1 -1 -1 -1 -1 -1 -1 -1 -1 -1 -1 -1 -1 -1
269 -1 -1 -1 -1 -1 -1 -1 -1 -1 -1 -1 -1 -1 -1 -1 -1 -1 -1 -1 -1
270 -1 -1 -1 -1 -1 -1 -1 -1 -1 -1 -1 -1 -1 -1 -1 -1 -1 -1 -1 -1
271 -1 -1 -1 -1 -1 -1 -1 -1 -1 -1 -1 -1 -1 -1 -1 -1 -1 -1 -1 -1
272 -1 -1 -1 -1 -1 -1 -1 -1 -1 -1 -1 -1 -1 -1 -1 -1 -1 -1 -1 -1
273 -1 -1 -1 -1 -1 -1 -1 -1 -1 -1 -1 -1 -1 -1 -1 -1 -1 -1 -1 -1
274 -1 -1 -1 -1 -1 -1 -1 -1 -1 -1 -1 -1 -1 -1 -1 -1 -1 -1 -1 -1
275 -1 -1 -1 -1 -1 -1 -1 -1 -1 -1 -1 -1 -1 -1 -1 -1 -1 -1 -1 -1
276 -1 -1 -1 -1 -1 -1 -1 -1 -1 -1 -1 -1 -1 -1 -1 -1 -1 -1 -1 -1
277 -1 -1 -1 -1 -1 -1 -1 -1 -1 -1 -1 -1 -1 -1 -1 -1 -1 -1 -1 -1
278 -1 -1 -1 -1 -1 -1 -1 -1 -1 -1 -1 -1 -1 -1 -1 -1 -1 -1 -1 -1
279 -1 -1 -1 -1 -1 -1 -1 -1 -1 -1 -1 -1 -1 -1 -1 -1 -1 -1 -1 -1
280 -1 -1 -1 -1 -1 -1 -1 -1 -1 -1 -1 -1 -1 -1 -1 -1 -1 -1 -1 -1
281 -1 -1 -1 -1 -1 -1 -1 -1 -1 -1 -1 -1 -1 -1 -1 -1 -1 -1 -1 -1
282 -1 -1 -1 -1 -1 -1 -1 -1 -1 -1 -1 -1 -1 -1 -1 -1 -1 -1 -1 -1
283 -1 -1 -1 -1 -1 -1 -1 -1 -1 -1 -1 -1 -1 -1 -1 -1 -1 -1 -1 -1
284 -1 -1 -1 -1 -1 -1 -1 -1 -1 -1 -1 -1 -1 -1 -1 -1 -1 -1 -1 -1
285 -1 -1 -1 -1 -1 -1 -1 -1 -1 -1 -1 -1 -1 -1 -1 -1 -1 -1 -1 -1
286 -1 -1 -1 -1 -1 -1 -1 -1 -1 -1 -1 -1 -1 -1 -1 -1 -1 -1 -1 -1
287 -1 -1 -1 -1 -1 -1 -1 -1 -1 -1 -1 -1 -1 -1 -1 -1 -1 -1 -1 -1
288 -1 -1 -1 -1 -1 -1 -1 -1 -1 -1 -1 -1 -1 -1 -1 -1 -1 -1 -1 -1
289 -1 -1 -1 -1 -1 -1 -1 -1 -1 -1 -1 -1 -1 -1 -1 -1 -1 -1 -1 -1
290 -1 -1 -1 -1 -1 -1 -1 -1 -1 -1 -1 -1 -1 -1 -1 -1 -1 -1 -1 -1
291 -1 -1 -1 -1 -1 -1 -1 -1 -1 -1 -1 -1 -1 -1 -1 -1 -1 -1 -1 -1
292 -1 -1 -1 -1 -1 -1 -1 -1 -1 -1 -1 -1 -1 -1 -1 -1 -1 -1 -1 -1
293 -1 -1 -1 -1 -1 -1 -1 -1 -1 -1 -1 -1 -1 -1 -1 -1 -1 -1 -1 -1
294 -1 -1 -1 -1 -1 -1 -1 -1 -1 -1 -1 -1 -1 -1 -1 -1 -1 -1 -1 -1
295 -1 -1 -1 -1 -1 -1 -1 -1 -1 -1 -1 -1 -1 -1 -1 -1 -1 -1 -1 -1
296 -1 -1 -1 -1 -1 -1 -1 -1 -1 -1 -1 -1 -1 -1 -1 -1 -1 -1 -1 -1
297 -1 -1 -1 -1 -1 -1 -1 -1 -1 -1 -1 -1 -1 -1 -1 -1 -1 -1 -1 -1
298 -1 -1 -1 -1 -1 -1 -1 -1 -1 -1 -1 -1 -1 -1 -1 -1 -1 -1 -1 -1
299 -1 -1 -1 -1 -1 -1 -1 -1 -1 -1 -1 -1 -1 -1 -1 -1 -1 -1 -1 -1
300 -1 -1 -1 -1 -1 -1 -1 -1 -1 -1 -1 -1 -1 -1 -1 -1 -1 -1 -1 -1
301 -1 -1 -1 -1 -1 -1 -1 -1 -1 -1 -1 -1 -1 -1 -1 -1 -1 -1 -1 -1
302 -1 -1 -1 -1 -1 -1 -1 -1 -1 -1 -1 -1 -1 -1 -1 -1 -1 -1 -1 -1
303 -1 -1 -1 -1 -1 -1 -1 -1 -1 -1 -1 -1 -1 -1 -1 -1 -1 -1 -1 -1
304 -1 -1 -1 -1 -1 -1 -1 -1 -1 -1 -1 -1 -1 -1 -1 -1 -1 -1 -1 -1
305 -1 -1 -1 -1 -1 -1 -1 -1 -1 -1 -1 -1 -1 -1 -1 -1 -1 -1 -1 -1
306 -1 -1 -1 -1 -1 -1 -1 -1 -1 -1 -1 -1 -1 -1 -1 -1 -1 -1 -1 -1
307 -1 -1 -1 -1 -1 -1 -1 -1 -1 -1 -1 -1 -1 -1 -1 -1 -1 -1 -1 -1
308 -1 -1 -1 -1 -1 -1 -1 -1 -1 -1 -1 -1 -1 -1 -1 -1 -1 -1 -1 -1
309 -1 -1 -1 -1 -1 -1 -1 -1 -1 -1 -1 -1 -1 -1 -1 -1 -1 -1 -1 -1
310 -1 -1 -1 -1 -1 -1 -1 -1 -1 -1 -1 -1 -1 -1 -1 -1 -1 -1 -1 -1
311 -1 -1 -1 -1 -1 -1 -1 -1 -1 -1 -1 -1 -1 -1 -1 -1 -1 -1 -1 -1
