0
0
0 0.198749 0.193015 0.178470 0.337420 0.194208 0.335944 0.162732 0.338897 0.194208 0.335944 0.239407 0.366738 0.228869 0.460391 0.162732 0.338897 0.176630 0.395597 0.188583 0.478800
1 0.197161 0.192539 0.199386 0.340046 0.219457 0.335944 0.179314 0.344147 0.219457 0.335944 0.256471 0.412530 0.265026 0.494402 0.179314 0.344147 0.209583 0.425029 0.227025 0.511711
2 0.197025 0.192266 0.209213 0.343967 0.227671 0.338152 0.190755 0.349782 0.227671 0.338152 0.257355 0.418782 0.266638 0.499197 0.190755 0.349782 0.217134 0.434314 0.234989 0.523663
3 0.196631 0.192904 0.217151 0.347926 0.235418 0.341442 0.198885 0.354409 0.235418 0.341442 0.268859 0.422245 0.275433 0.498242 0.198885 0.354409 0.221520 0.436294 0.236777 0.520580
4 0.195620 0.192322 0.218515 0.347376 0.236386 0.341109 0.200645 0.353642 0.236386 0.341109 0.263581 0.415714 0.277206 0.495396 0.200645 0.353642 0.220584 0.432111 0.237906 0.517484
5 0.194787 0.193175 0.220283 0.346857 0.237673 0.340526 0.202893 0.353188 0.237673 0.340526 0.264130 0.412762 0.275218 0.494705 0.202893 0.353188 0.219881 0.432188 0.236391 0.515122
6 0.194338 0.193478 0.220589 0.346360 0.236981 0.339981 0.204196 0.352740 0.236981 0.339981 0.265378 0.413002 0.276682 0.494372 0.204196 0.352740 0.221005 0.432486 0.239390 0.515935
7 0.194456 0.193337 0.221092 0.345559 0.237243 0.338905 0.204941 0.352213 0.237243 0.338905 0.265224 0.412531 0.274973 0.494231 0.204941 0.352213 0.220823 0.432378 0.238024 0.513468
8 0.194413 0.192950 0.221628 0.345332 0.237971 0.338697 0.205285 0.351968 0.237971 0.338697 0.263850 0.414832 0.273316 0.495619 0.205285 0.351968 0.221109 0.433285 0.239660 0.512598
9 0.194496 0.192543 0.221580 0.345027 0.237785 0.338328 0.205375 0.351725 0.237785 0.338328 0.263800 0.415475 0.273689 0.495916 0.205375 0.351725 0.220909 0.433398 0.237410 0.511863
10 0.194525 0.192464 0.222020 0.344909 0.238301 0.338216 0.205739 0.351602 0.238301 0.338216 0.264434 0.417105 0.275390 0.498448 0.205739 0.351602 0.221391 0.433921 0.237917 0.513941
11 0.194506 0.192424 0.222125 0.344950 0.238389 0.338199 0.205860 0.351702 0.238389 0.338199 0.265166 0.416209 0.276260 0.497147 0.205860 0.351702 0.221232 0.433976 0.237677 0.513235
12 0.194719 0.192199 0.222033 0.344910 0.238511 0.338174 0.205556 0.351647 0.238511 0.338174 0.264620 0.416283 0.274866 0.496362 0.205556 0.351647 0.220251 0.433457 0.236773 0.512909
13 0.194662 0.192226 0.222037 0.344914 0.238480 0.338177 0.205593 0.351652 0.238480 0.338177 0.264623 0.416190 0.274788 0.496041 0.205593 0.351652 0.221032 0.433134 0.237809 0.512531
14 0.194650 0.192388 0.222060 0.345263 0.238537 0.338508 0.205582 0.352019 0.238537 0.338508 0.264874 0.416322 0.275158 0.495774 0.205582 0.352019 0.221861 0.433274 0.238905 0.512315
15 0.194567 0.192470 0.221711 0.345029 0.238246 0.338124 0.205176 0.351934 0.238246 0.338124 0.264767 0.416279 0.274630 0.495450 0.205176 0.351934 0.221356 0.433111 0.238332 0.512237
16 0.194564 0.192567 0.221617 0.345201 0.238110 0.338347 0.205123 0.352055 0.238110 0.338347 0.264706 0.416313 0.274305 0.495419 0.205123 0.352055 0.221340 0.432947 0.238281 0.512117
17 0.194519 0.192876 0.221607 0.345615 0.238162 0.338746 0.205052 0.352483 0.238162 0.338746 0.265641 0.416531 0.275061 0.495310 0.205052 0.352483 0.221096 0.433161 0.237925 0.511352
18 0.194444 0.193690 0.221790 0.345880 0.238279 0.338756 0.205301 0.353003 0.238279 0.338756 0.265427 0.416588 0.275539 0.495263 0.205301 0.353003 0.221256 0.433239 0.237849 0.511247
19 0.194435 0.193796 0.221733 0.345965 0.238232 0.338902 0.205233 0.353027 0.238232 0.338902 0.264367 0.416923 0.275119 0.495072 0.205233 0.353027 0.221139 0.433302 0.237919 0.511816
20 0.194526 0.193951 0.221933 0.346381 0.238385 0.339408 0.205481 0.353353 0.238385 0.339408 0.265196 0.417600 0.275189 0.494920 0.205481 0.353353 0.221533 0.433615 0.238761 0.512973
21 0.194481 0.194232 0.221990 0.346588 0.238574 0.339549 0.205405 0.353626 0.238574 0.339549 0.265545 0.417534 0.275940 0.496355 0.205405 0.353626 0.221421 0.433796 0.238611 0.513674
22 0.194523 0.194348 0.222063 0.346491 0.238627 0.339336 0.205498 0.353646 0.238627 0.339336 0.265617 0.416403 0.276375 0.495680 0.205498 0.353646 0.221336 0.433764 0.238451 0.513765
23 0.194525 0.194854 0.222128 0.346484 0.238731 0.339331 0.205525 0.353636 0.238731 0.339331 0.265562 0.416386 0.276314 0.495371 0.205525 0.353636 0.221318 0.433642 0.237744 0.513575
24 0.194684 0.194828 0.222152 0.346644 0.238731 0.339662 0.205573 0.353625 0.238731 0.339662 0.265093 0.416992 0.275845 0.495321 0.205573 0.353625 0.221291 0.433542 0.237080 0.513279
25 0.194776 0.194828 0.222159 0.346524 0.238755 0.339568 0.205563 0.353481 0.238755 0.339568 0.265079 0.417030 0.276173 0.495245 0.205563 0.353481 0.221248 0.433514 0.236928 0.513209
26 0.195012 0.194472 0.222166 0.346187 0.238790 0.339018 0.205543 0.353356 0.238790 0.339018 0.265191 0.417002 0.276233 0.495180 0.205543 0.353356 0.221212 0.433517 0.237006 0.511923
27 0.195439 0.194733 0.222251 0.346150 0.238776 0.338954 0.205726 0.353346 0.238776 0.338954 0.265174 0.416601 0.276134 0.492586 0.205726 0.353346 0.221644 0.433495 0.238095 0.510950
28 0.195989 0.194842 0.222409 0.346766 0.238806 0.339627 0.206012 0.353905 0.238806 0.339627 0.265464 0.416580 0.274687 0.492897 0.206012 0.353905 0.221668 0.433666 0.238607 0.513256
29 0.196561 0.194774 0.222771 0.346792 0.239064 0.339659 0.206478 0.353924 0.239064 0.339659 0.265260 0.418282 0.271306 0.497124 0.206478 0.353924 0.221774 0.434014 0.239615 0.514604
30 0.197731 0.195126 0.223200 0.347361 0.239056 0.340313 0.207345 0.354409 0.239056 0.340313 0.264794 0.418250 0.268683 0.497710 0.207345 0.354409 0.222207 0.434386 0.239985 0.516552
31 0.198573 0.195567 0.223422 0.347797 0.239186 0.341115 0.207658 0.354479 0.239186 0.341115 0.261381 0.422964 0.266780 0.502489 0.207658 0.354479 0.222388 0.436351 0.239887 0.519899
32 0.200296 0.195411 0.224188 0.348849 0.239777 0.342347 0.208599 0.355351 0.239777 0.342347 0.260761 0.425038 0.264197 0.505162 0.208599 0.355351 0.223057 0.437088 0.240473 0.519875
33 0.201369 0.196334 0.225066 0.350035 0.239792 0.343423 0.210341 0.356647 0.239792 0.343423 0.258603 0.424973 0.261774 0.507596 0.210341 0.356647 0.223615 0.438081 0.240625 0.521975
34 0.202805 0.196162 0.225593 0.350083 0.240485 0.343570 0.210701 0.356596 0.240485 0.343570 0.258116 0.426064 0.261180 0.509128 0.210701 0.356596 0.223677 0.438780 0.240474 0.522456
35 0.204735 0.196775 0.226627 0.351637 0.241250 0.345274 0.212005 0.357999 0.241250 0.345274 0.258515 0.427133 0.262110 0.512148 0.212005 0.357999 0.225350 0.440895 0.240674 0.525125
36 0.207126 0.195743 0.227732 0.351113 0.242393 0.345109 0.213072 0.357116 0.242393 0.345109 0.258568 0.426995 0.262474 0.510727 0.213072 0.357116 0.225730 0.440581 0.240598 0.524371
37 0.208886 0.195199 0.229683 0.351381 0.244473 0.345663 0.214894 0.357099 0.244473 0.345663 0.262354 0.426873 0.264368 0.509951 0.214894 0.357099 0.227585 0.440636 0.240557 0.524734
38 0.211021 0.194954 0.231968 0.351564 0.246621 0.346005 0.217316 0.357123 0.246621 0.346005 0.264584 0.426503 0.264656 0.509438 0.217316 0.357123 0.229502 0.440884 0.242314 0.524955
39 0.212997 0.194621 0.233487 0.351169 0.248338 0.345683 0.218636 0.356654 0.248338 0.345683 0.266426 0.425971 0.266631 0.510962 0.218636 0.356654 0.230316 0.440533 0.242502 0.524627
40 0.216056 0.193715 0.236035 0.351022 0.250496 0.345592 0.221573 0.356452 0.250496 0.345592 0.268690 0.425027 0.267225 0.510600 0.221573 0.356452 0.230343 0.439225 0.242623 0.523970
41 0.218203 0.192623 0.238232 0.350997 0.252287 0.345547 0.224178 0.356446 0.252287 0.345547 0.272860 0.423491 0.267345 0.510355 0.224178 0.356446 0.232600 0.438846 0.244922 0.523806
42 0.220642 0.190682 0.240682 0.350265 0.254412 0.345476 0.226951 0.355054 0.254412 0.345476 0.271792 0.423917 0.267213 0.510176 0.226951 0.355054 0.233461 0.438251 0.245705 0.523431
43 0.222655 0.189153 0.242895 0.349763 0.256625 0.345394 0.229166 0.354131 0.256625 0.345394 0.271002 0.424287 0.266922 0.508382 0.229166 0.354131 0.236825 0.437994 0.246212 0.523350
44 0.225096 0.186967 0.245715 0.348037 0.258327 0.343980 0.233103 0.352094 0.258327 0.343980 0.270765 0.424243 0.266917 0.507111 0.233103 0.352094 0.243868 0.440173 0.247814 0.523161
45 0.227281 0.186601 0.249471 0.347323 0.261768 0.343463 0.237175 0.351183 0.261768 0.343463 0.281190 0.432118 0.259945 0.491916 0.237175 0.351183 0.253632 0.441609 0.247431 0.521701
46 0.229255 0.184067 0.249673 0.346608 0.261276 0.343072 0.238070 0.350143 0.261276 0.343072 0.279558 0.431881 0.259398 0.494578 0.238070 0.350143 0.250222 0.444600 0.249852 0.523354
47 0.230803 0.183259 0.251511 0.345201 0.262668 0.341861 0.240355 0.348541 0.262668 0.341861 0.277540 0.431412 0.259027 0.496143 0.240355 0.348541 0.250814 0.444449 0.250710 0.523728
48 0.233665 0.183234 0.253717 0.345301 0.264747 0.341913 0.242687 0.348690 0.264747 0.341913 0.278933 0.431585 0.259374 0.507312 0.242687 0.348690 0.254642 0.448522 0.253345 0.528892
49 0.236196 0.182055 0.256324 0.345467 0.266957 0.342069 0.245691 0.348864 0.266957 0.342069 0.281155 0.431996 0.260685 0.516210 0.245691 0.348864 0.257675 0.450232 0.255318 0.532085
50 0.238337 0.181485 0.259384 0.344920 0.268748 0.341748 0.250020 0.348093 0.268748 0.341748 0.283317 0.431926 0.267885 0.525968 0.250020 0.348093 0.263774 0.442317 0.260160 0.537692
51 0.241731 0.180080 0.263265 0.344380 0.271429 0.341351 0.255102 0.347409 0.271429 0.341351 0.284386 0.432261 0.274543 0.528974 0.255102 0.347409 0.268814 0.446721 0.266825 0.538693
52 0.244585 0.180303 0.264446 0.343752 0.271823 0.340797 0.257069 0.346706 0.271823 0.340797 0.285432 0.432351 0.280552 0.530617 0.257069 0.346706 0.271911 0.447578 0.275326 0.537507
53 0.248426 0.180466 0.268649 0.342249 0.276432 0.339260 0.260865 0.345238 0.276432 0.339260 0.287344 0.432272 0.282697 0.527157 0.260865 0.345238 0.281280 0.440035 0.292626 0.538409
54 0.251569 0.180343 0.272671 0.339197 0.280236 0.336136 0.265106 0.342257 0.280236 0.336136 0.289550 0.425418 0.288333 0.526407 0.265106 0.342257 0.286517 0.433000 0.300974 0.537491
55 0.255404 0.180579 0.278246 0.339441 0.284350 0.336190 0.272141 0.342692 0.284350 0.336190 0.292863 0.425607 0.296734 0.525262 0.272141 0.342692 0.290348 0.433007 0.309658 0.537460
56 0.260152 0.180798 0.281971 0.338276 0.288858 0.334356 0.275083 0.342196 0.288858 0.334356 0.292622 0.424000 0.295277 0.520191 0.275083 0.342196 0.293012 0.433978 0.317523 0.538483
57 0.264466 0.181231 0.285470 0.338551 0.293409 0.334675 0.277531 0.342427 0.293409 0.334675 0.298272 0.426844 0.302330 0.521044 0.277531 0.342427 0.292765 0.434182 0.314240 0.538105
58 0.267623 0.182499 0.288823 0.340534 0.294880 0.336209 0.282765 0.344859 0.294880 0.336209 0.299535 0.430334 0.297179 0.522125 0.282765 0.344859 0.297515 0.437362 0.315493 0.540065
59 0.271405 0.183761 0.292257 0.340898 0.298558 0.336477 0.285955 0.345320 0.298558 0.336477 0.303455 0.430220 0.294666 0.519101 0.285955 0.345320 0.299167 0.436724 0.309756 0.534208
60 0.275341 0.184098 0.295517 0.340822 0.302484 0.336380 0.288551 0.345264 0.302484 0.336380 0.305230 0.428425 0.285373 0.511516 0.288551 0.345264 0.305260 0.435994 0.315881 0.534580
61 0.279764 0.183763 0.297620 0.340504 0.303075 0.336276 0.292165 0.344731 0.303075 0.336276 0.307107 0.428096 0.276913 0.508729 0.292165 0.344731 0.310770 0.434812 0.316988 0.535685
62 0.283946 0.183410 0.299086 0.340213 0.305360 0.336082 0.292812 0.344345 0.305360 0.336082 0.312188 0.427932 0.281920 0.509885 0.292812 0.344345 0.312500 0.434725 0.312405 0.529943
63 0.287927 0.181997 0.303663 0.338598 0.309027 0.335248 0.298300 0.341949 0.309027 0.335248 0.316148 0.427728 0.287055 0.515909 0.298300 0.341949 0.314440 0.434578 0.311848 0.531971
64 0.291528 0.180859 0.307087 0.338393 0.311722 0.335054 0.302452 0.341733 0.311722 0.335054 0.324590 0.425231 0.302030 0.517093 0.302452 0.341733 0.315664 0.434634 0.314001 0.534120
65 -1 -1 -1 -1 -1 -1 -1 -1 -1 -1 -1 -1 -1 -1 -1 -1 -1 -1 -1 -1
66 -1 -1 -1 -1 -1 -1 -1 -1 -1 -1 -1 -1 -1 -1 -1 -1 -1 -1 -1 -1
67 -1 -1 -1 -1 -1 -1 -1 -1 -1 -1 -1 -1 -1 -1 -1 -1 -1 -1 -1 -1
68 -1 -1 -1 -1 -1 -1 -1 -1 -1 -1 -1 -1 -1 -1 -1 -1 -1 -1 -1 -1
69 -1 -1 -1 -1 -1 -1 -1 -1 -1 -1 -1 -1 -1 -1 -1 -1 -1 -1 -1 -1
70 -1 -1 -1 -1 -1 -1 -1 -1 -1 -1 -1 -1 -1 -1 -1 -1 -1 -1 -1 -1
71 -1 -1 -1 -1 -1 -1 -1 -1 -1 -1 -1 -1 -1 -1 -1 -1 -1 -1 -1 -1
72 -1 -1 -1 -1 -1 -1 -1 -1 -1 -1 -1 -1 -1 -1 -1 -1 -1 -1 -1 -1
73 -1 -1 -1 -1 -1 -1 -1 -1 -1 -1 -1 -1 -1 -1 -1 -1 -1 -1 -1 -1
74 -1 -1 -1 -1 -1 -1 -1 -1 -1 -1 -1 -1 -1 -1 -1 -1 -1 -1 -1 -1
75 -1 -1 -1 -1 -1 -1 -1 -1 -1 -1 -1 -1 -1 -1 -1 -1 -1 -1 -1 -1
76 -1 -1 -1 -1 -1 -1 -1 -1 -1 -1 -1 -1 -1 -1 -1 -1 -1 -1 -1 -1
77 -1 -1 -1 -1 -1 -1 -1 -1 -1 -1 -1 -1 -1 -1 -1 -1 -1 -1 -1 -1
78 -1 -1 -1 -1 -1 -1 -1 -1 -1 -1 -1 -1 -1 -1 -1 -1 -1 -1 -1 -1
79 -1 -1 -1 -1 -1 -1 -1 -1 -1 -1 -1 -1 -1 -1 -1 -1 -1 -1 -1 -1
80 -1 -1 -1 -1 -1 -1 -1 -1 -1 -1 -1 -1 -1 -1 -1 -1 -1 -1 -1 -1
81 -1 -1 -1 -1 -1 -1 -1 -1 -1 -1 -1 -1 -1 -1 -1 -1 -1 -1 -1 -1
82 -1 -1 -1 -1 -1 -1 -1 -1 -1 -1 -1 -1 -1 -1 -1 -1 -1 -1 -1 -1
83 -1 -1 -1 -1 -1 -1 -1 -1 -1 -1 -1 -1 -1 -1 -1 -1 -1 -1 -1 -1
84 -1 -1 -1 -1 -1 -1 -1 -1 -1 -1 -1 -1 -1 -1 -1 -1 -1 -1 -1 -1
85 -1 -1 -1 -1 -1 -1 -1 -1 -1 -1 -1 -1 -1 -1 -1 -1 -1 -1 -1 -1
86 -1 -1 -1 -1 -1 -1 -1 -1 -1 -1 -1 -1 -1 -1 -1 -1 -1 -1 -1 -1
87 -1 -1 -1 -1 -1 -1 -1 -1 -1 -1 -1 -1 -1 -1 -1 -1 -1 -1 -1 -1
88 0.362675 0.146389 0.378280 0.303493 0.362163 0.304675 0.394397 0.302310 0.362163 0.304675 0.374083 0.398688 0.381795 0.503771 0.394397 0.302310 0.415627 0.401626 0.436799 0.498158
89 0.367229 0.145773 0.382140 0.301549 0.364993 0.303341 0.399288 0.299757 0.364993 0.303341 0.374166 0.400351 0.382299 0.503932 0.399288 0.299757 0.421332 0.403730 0.443649 0.503011
90 0.371447 0.145524 0.385202 0.298636 0.367952 0.301024 0.402452 0.296248 0.367952 0.301024 0.375335 0.401369 0.382632 0.504223 0.402452 0.296248 0.426001 0.401214 0.447092 0.502316
91 0.376294 0.146156 0.388336 0.298631 0.370927 0.301318 0.405745 0.295944 0.370927 0.301318 0.376049 0.402025 0.382278 0.504104 0.405745 0.295944 0.429142 0.396414 0.449615 0.495077
92 0.382149 0.146688 0.393035 0.299757 0.375560 0.302190 0.410511 0.297323 0.375560 0.302190 0.377543 0.402698 0.382326 0.507514 0.410511 0.297323 0.432302 0.396312 0.449825 0.493921
93 0.388385 0.147300 0.397746 0.300994 0.380316 0.303079 0.415176 0.298909 0.380316 0.303079 0.378653 0.406555 0.382515 0.510262 0.415176 0.298909 0.436617 0.398193 0.451092 0.509019
94 0.394613 0.148647 0.401514 0.301733 0.383918 0.303647 0.419110 0.299819 0.383918 0.303647 0.380060 0.407505 0.383237 0.512273 0.419110 0.299819 0.436760 0.399444 0.449664 0.508918
95 0.399579 0.150238 0.405520 0.301855 0.387043 0.303419 0.423997 0.300292 0.387043 0.303419 0.382600 0.407335 0.383932 0.514214 0.423997 0.300292 0.437615 0.400669 0.450767 0.508844
96 0.403648 0.152844 0.411031 0.302193 0.392693 0.303797 0.429369 0.300590 0.392693 0.303797 0.386672 0.407319 0.386003 0.514370 0.429369 0.300590 0.439435 0.402023 0.452444 0.516644
97 0.405938 0.155764 0.416031 0.303208 0.397974 0.305063 0.434088 0.301352 0.397974 0.305063 0.390801 0.407315 0.390049 0.513942 0.434088 0.301352 0.442862 0.405256 0.451062 0.517363
98 0.408942 0.157735 0.419414 0.303356 0.401363 0.305160 0.437465 0.301551 0.401363 0.305160 0.397026 0.406969 0.398832 0.513825 0.437465 0.301551 0.444761 0.406379 0.452427 0.519933
99 0.410162 0.159144 0.421850 0.303439 0.404713 0.305202 0.438987 0.301675 0.404713 0.305202 0.402610 0.407031 0.409494 0.513747 0.438987 0.301675 0.446790 0.408086 0.451857 0.518585
100 0.411361 0.161813 0.424951 0.304087 0.408938 0.305450 0.440964 0.302724 0.408938 0.305450 0.407936 0.407778 0.420747 0.513523 0.440964 0.302724 0.446730 0.411325 0.452153 0.518666
101 0.412383 0.166281 0.429244 0.307692 0.413616 0.308533 0.444871 0.306851 0.413616 0.308533 0.411360 0.409760 0.427901 0.513613 0.444871 0.306851 0.448922 0.414211 0.452979 0.518523
102 0.412269 0.171681 0.432093 0.310237 0.416985 0.311225 0.447201 0.309248 0.416985 0.311225 0.413708 0.409732 0.430931 0.511604 0.447201 0.309248 0.448843 0.413282 0.451960 0.506671
103 0.411524 0.176826 0.434983 0.311291 0.420327 0.312470 0.449640 0.310111 0.420327 0.312470 0.414810 0.410673 0.431915 0.511592 0.449640 0.310111 0.448874 0.410638 0.452414 0.503769
104 0.411149 0.182923 0.438798 0.313549 0.424499 0.315521 0.453096 0.311576 0.424499 0.315521 0.415425 0.411940 0.430366 0.513879 0.453096 0.311576 0.448924 0.410043 0.453655 0.500107
105 0.410999 0.190764 0.441352 0.317885 0.426840 0.320680 0.455863 0.315090 0.426840 0.320680 0.417648 0.414490 0.430707 0.515747 0.455863 0.315090 0.450175 0.411416 0.456022 0.502042
106 0.411108 0.199778 0.444320 0.324242 0.429900 0.327349 0.458740 0.321134 0.429900 0.327349 0.418477 0.415904 0.430597 0.515977 0.458740 0.321134 0.449797 0.411653 0.457053 0.502594
107 0.411374 0.208711 0.446550 0.331047 0.432608 0.335072 0.460491 0.327021 0.432608 0.335072 0.417231 0.418303 0.432039 0.516801 0.460491 0.327021 0.449169 0.409399 0.462553 0.490754
108 0.411488 0.217330 0.448379 0.336630 0.435278 0.340210 0.461479 0.333050 0.435278 0.340210 0.417132 0.422599 0.429917 0.517853 0.461479 0.333050 0.448820 0.411719 0.460675 0.497591
109 0.411500 0.224541 0.450759 0.341386 0.438990 0.344567 0.462528 0.338205 0.438990 0.344567 0.417073 0.422907 0.429816 0.519381 0.462528 0.338205 0.447831 0.412310 0.459225 0.498439
110 0.412137 0.232651 0.453258 0.347045 0.441537 0.350794 0.464980 0.343295 0.441537 0.350794 0.416232 0.422083 0.428838 0.519004 0.464980 0.343295 0.444797 0.412412 0.455853 0.498039
111 0.412366 0.238753 0.453842 0.348294 0.441913 0.351201 0.465772 0.345387 0.441913 0.351201 0.415706 0.421757 0.428359 0.518776 0.465772 0.345387 0.442236 0.409795 0.451675 0.487916
112 0.413124 0.245807 0.456468 0.352707 0.445228 0.356299 0.467708 0.349114 0.445228 0.356299 0.413591 0.421330 0.428035 0.517818 0.467708 0.349114 0.438980 0.409304 0.450766 0.477461
113 0.414043 0.250486 0.457973 0.356620 0.446462 0.360553 0.469483 0.352687 0.446462 0.360553 0.412248 0.421074 0.427699 0.516707 0.469483 0.352687 0.439310 0.407415 0.457326 0.473062
114 0.415380 0.256063 0.460635 0.360435 0.449446 0.364398 0.471824 0.356471 0.449446 0.364398 0.412150 0.421188 0.427532 0.515671 0.471824 0.356471 0.441978 0.407577 0.457262 0.479450
115 0.416662 0.259065 0.462623 0.363813 0.451317 0.368288 0.473929 0.359338 0.451317 0.368288 0.411790 0.422297 0.427388 0.514378 0.473929 0.359338 0.443741 0.407191 0.461285 0.476162
116 0.418113 0.261288 0.463453 0.367443 0.451604 0.370956 0.475303 0.363931 0.451604 0.370956 0.411294 0.423292 0.427526 0.514400 0.475303 0.363931 0.444107 0.409647 0.460462 0.479283
117 -1 -1 -1 -1 -1 -1 -1 -1 -1 -1 -1 -1 -1 -1 -1 -1 -1 -1 -1 -1
118 -1 -1 -1 -1 -1 -1 -1 -1 -1 -1 -1 -1 -1 -1 -1 -1 -1 -1 -1 -1
119 -1 -1 -1 -1 -1 -1 -1 -1 -1 -1 -1 -1 -1 -1 -1 -1 -1 -1 -1 -1
120 -1 -1 -1 -1 -1 -1 -1 -1 -1 -1 -1 -1 -1 -1 -1 -1 -1 -1 -1 -1
121 -1 -1 -1 -1 -1 -1 -1 -1 -1 -1 -1 -1 -1 -1 -1 -1 -1 -1 -1 -1
122 -1 -1 -1 -1 -1 -1 -1 -1 -1 -1 -1 -1 -1 -1 -1 -1 -1 -1 -1 -1
123 -1 -1 -1 -1 -1 -1 -1 -1 -1 -1 -1 -1 -1 -1 -1 -1 -1 -1 -1 -1
124 -1 -1 -1 -1 -1 -1 -1 -1 -1 -1 -1 -1 -1 -1 -1 -1 -1 -1 -1 -1
125 -1 -1 -1 -1 -1 -1 -1 -1 -1 -1 -1 -1 -1 -1 -1 -1 -1 -1 -1 -1
126 -1 -1 -1 -1 -1 -1 -1 -1 -1 -1 -1 -1 -1 -1 -1 -1 -1 -1 -1 -1
127 -1 -1 -1 -1 -1 -1 -1 -1 -1 -1 -1 -1 -1 -1 -1 -1 -1 -1 -1 -1
128 -1 -1 -1 -1 -1 -1 -1 -1 -1 -1 -1 -1 -1 -1 -1 -1 -1 -1 -1 -1
129 -1 -1 -1 -1 -1 -1 -1 -1 -1 -1 -1 -1 -1 -1 -1 -1 -1 -1 -1 -1
130 -1 -1 -1 -1 -1 -1 -1 -1 -1 -1 -1 -1 -1 -1 -1 -1 -1 -1 -1 -1
131 -1 -1 -1 -1 -1 -1 -1 -1 -1 -1 -1 -1 -1 -1 -1 -1 -1 -1 -1 -1
132 -1 -1 -1 -1 -1 -1 -1 -1 -1 -1 -1 -1 -1 -1 -1 -1 -1 -1 -1 -1
133 -1 -1 -1 -1 -1 -1 -1 -1 -1 -1 -1 -1 -1 -1 -1 -1 -1 -1 -1 -1
134 -1 -1 -1 -1 -1 -1 -1 -1 -1 -1 -1 -1 -1 -1 -1 -1 -1 -1 -1 -1
135 -1 -1 -1 -1 -1 -1 -1 -1 -1 -1 -1 -1 -1 -1 -1 -1 -1 -1 -1 -1
136 -1 -1 -1 -1 -1 -1 -1 -1 -1 -1 -1 -1 -1 -1 -1 -1 -1 -1 -1 -1
137 -1 -1 -1 -1 -1 -1 -1 -1 -1 -1 -1 -1 -1 -1 -1 -1 -1 -1 -1 -1
138 -1 -1 -1 -1 -1 -1 -1 -1 -1 -1 -1 -1 -1 -1 -1 -1 -1 -1 -1 -1
139 -1 -1 -1 -1 -1 -1 -1 -1 -1 -1 -1 -1 -1 -1 -1 -1 -1 -1 -1 -1
140 -1 -1 -1 -1 -1 -1 -1 -1 -1 -1 -1 -1 -1 -1 -1 -1 -1 -1 -1 -1
141 -1 -1 -1 -1 -1 -1 -1 -1 -1 -1 -1 -1 -1 -1 -1 -1 -1 -1 -1 -1
142 -1 -1 -1 -1 -1 -1 -1 -1 -1 -1 -1 -1 -1 -1 -1 -1 -1 -1 -1 -1
143 -1 -1 -1 -1 -1 -1 -1 -1 -1 -1 -1 -1 -1 -1 -1 -1 -1 -1 -1 -1
144 -1 -1 -1 -1 -1 -1 -1 -1 -1 -1 -1 -1 -1 -1 -1 -1 -1 -1 -1 -1
145 -1 -1 -1 -1 -1 -1 -1 -1 -1 -1 -1 -1 -1 -1 -1 -1 -1 -1 -1 -1
146 -1 -1 -1 -1 -1 -1 -1 -1 -1 -1 -1 -1 -1 -1 -1 -1 -1 -1 -1 -1
147 -1 -1 -1 -1 -1 -1 -1 -1 -1 -1 -1 -1 -1 -1 -1 -1 -1 -1 -1 -1
148 -1 -1 -1 -1 -1 -1 -1 -1 -1 -1 -1 -1 -1 -1 -1 -1 -1 -1 -1 -1
149 -1 -1 -1 -1 -1 -1 -1 -1 -1 -1 -1 -1 -1 -1 -1 -1 -1 -1 -1 -1
150 -1 -1 -1 -1 -1 -1 -1 -1 -1 -1 -1 -1 -1 -1 -1 -1 -1 -1 -1 -1
151 -1 -1 -1 -1 -1 -1 -1 -1 -1 -1 -1 -1 -1 -1 -1 -1 -1 -1 -1 -1
152 -1 -1 -1 -1 -1 -1 -1 -1 -1 -1 -1 -1 -1 -1 -1 -1 -1 -1 -1 -1
153 -1 -1 -1 -1 -1 -1 -1 -1 -1 -1 -1 -1 -1 -1 -1 -1 -1 -1 -1 -1
154 -1 -1 -1 -1 -1 -1 -1 -1 -1 -1 -1 -1 -1 -1 -1 -1 -1 -1 -1 -1
155 -1 -1 -1 -1 -1 -1 -1 -1 -1 -1 -1 -1 -1 -1 -1 -1 -1 -1 -1 -1
156 -1 -1 -1 -1 -1 -1 -1 -1 -1 -1 -1 -1 -1 -1 -1 -1 -1 -1 -1 -1
157 -1 -1 -1 -1 -1 -1 -1 -1 -1 -1 -1 -1 -1 -1 -1 -1 -1 -1 -1 -1
158 -1 -1 -1 -1 -1 -1 -1 -1 -1 -1 -1 -1 -1 -1 -1 -1 -1 -1 -1 -1
159 -1 -1 -1 -1 -1 -1 -1 -1 -1 -1 -1 -1 -1 -1 -1 -1 -1 -1 -1 -1
160 -1 -1 -1 -1 -1 -1 -1 -1 -1 -1 -1 -1 -1 -1 -1 -1 -1 -1 -1 -1
161 -1 -1 -1 -1 -1 -1 -1 -1 -1 -1 -1 -1 -1 -1 -1 -1 -1 -1 -1 -1
162 -1 -1 -1 -1 -1 -1 -1 -1 -1 -1 -1 -1 -1 -1 -1 -1 -1 -1 -1 -1
163 -1 -1 -1 -1 -1 -1 -1 -1 -1 -1 -1 -1 -1 -1 -1 -1 -1 -1 -1 -1
164 -1 -1 -1 -1 -1 -1 -1 -1 -1 -1 -1 -1 -1 -1 -1 -1 -1 -1 -1 -1
165 -1 -1 -1 -1 -1 -1 -1 -1 -1 -1 -1 -1 -1 -1 -1 -1 -1 -1 -1 -1
166 -1 -1 -1 -1 -1 -1 -1 -1 -1 -1 -1 -1 -1 -1 -1 -1 -1 -1 -1 -1
167 -1 -1 -1 -1 -1 -1 -1 -1 -1 -1 -1 -1 -1 -1 -1 -1 -1 -1 -1 -1
168 -1 -1 -1 -1 -1 -1 -1 -1 -1 -1 -1 -1 -1 -1 -1 -1 -1 -1 -1 -1
169 -1 -1 -1 -1 -1 -1 -1 -1 -1 -1 -1 -1 -1 -1 -1 -1 -1 -1 -1 -1
170 -1 -1 -1 -1 -1 -1 -1 -1 -1 -1 -1 -1 -1 -1 -1 -1 -1 -1 -1 -1
171 -1 -1 -1 -1 -1 -1 -1 -1 -1 -1 -1 -1 -1 -1 -1 -1 -1 -1 -1 -1
172 -1 -1 -1 -1 -1 -1 -1 -1 -1 -1 -1 -1 -1 -1 -1 -1 -1 -1 -1 -1
173 -1 -1 -1 -1 -1 -1 -1 -1 -1 -1 -1 -1 -1 -1 -1 -1 -1 -1 -1 -1
174 -1 -1 -1 -1 -1 -1 -1 -1 -1 -1 -1 -1 -1 -1 -1 -1 -1 -1 -1 -1
175 -1 -1 -1 -1 -1 -1 -1 -1 -1 -1 -1 -1 -1 -1 -1 -1 -1 -1 -1 -1
176 -1 -1 -1 -1 -1 -1 -1 -1 -1 -1 -1 -1 -1 -1 -1 -1 -1 -1 -1 -1
177 -1 -1 -1 -1 -1 -1 -1 -1 -1 -1 -1 -1 -1 -1 -1 -1 -1 -1 -1 -1
178 -1 -1 -1 -1 -1 -1 -1 -1 -1 -1 -1 -1 -1 -1 -1 -1 -1 -1 -1 -1
179 -1 -1 -1 -1 -1 -1 -1 -1 -1 -1 -1 -1 -1 -1 -1 -1 -1 -1 -1 -1
180 -1 -1 -1 -1 -1 -1 -1 -1 -1 -1 -1 -1 -1 -1 -1 -1 -1 -1 -1 -1
181 -1 -1 -1 -1 -1 -1 -1 -1 -1 -1 -1 -1 -1 -1 -1 -1 -1 -1 -1 -1
182 -1 -1 -1 -1 -1 -1 -1 -1 -1 -1 -1 -1 -1 -1 -1 -1 -1 -1 -1 -1
183 -1 -1 -1 -1 -1 -1 -1 -1 -1 -1 -1 -1 -1 -1 -1 -1 -1 -1 -1 -1
184 -1 -1 -1 -1 -1 -1 -1 -1 -1 -1 -1 -1 -1 -1 -1 -1 -1 -1 -1 -1
185 -1 -1 -1 -1 -1 -1 -1 -1 -1 -1 -1 -1 -1 -1 -1 -1 -1 -1 -1 -1
186 -1 -1 -1 -1 -1 -1 -1 -1 -1 -1 -1 -1 -1 -1 -1 -1 -1 -1 -1 -1
187 -1 -1 -1 -1 -1 -1 -1 -1 -1 -1 -1 -1 -1 -1 -1 -1 -1 -1 -1 -1
188 -1 -1 -1 -1 -1 -1 -1 -1 -1 -1 -1 -1 -1 -1 -1 -1 -1 -1 -1 -1
189 -1 -1 -1 -1 -1 -1 -1 -1 -1 -1 -1 -1 -1 -1 -1 -1 -1 -1 -1 -1
190 -1 -1 -1 -1 -1 -1 -1 -1 -1 -1 -1 -1 -1 -1 -1 -1 -1 -1 -1 -1
191 -1 -1 -1 -1 -1 -1 -1 -1 -1 -1 -1 -1 -1 -1 -1 -1 -1 -1 -1 -1
