0
0
0 -1 -1 -1 -1 -1 -1 -1 -1 -1 -1 -1 -1 -1 -1 -1 -1 -1 -1 -1 -1
1 -1 -1 -1 -1 -1 -1 -1 -1 -1 -1 -1 -1 -1 -1 -1 -1 -1 -1 -1 -1
2 -1 -1 -1 -1 -1 -1 -1 -1 -1 -1 -1 -1 -1 -1 -1 -1 -1 -1 -1 -1
3 -1 -1 -1 -1 -1 -1 -1 -1 -1 -1 -1 -1 -1 -1 -1 -1 -1 -1 -1 -1
4 -1 -1 -1 -1 -1 -1 -1 -1 -1 -1 -1 -1 -1 -1 -1 -1 -1 -1 -1 -1
5 -1 -1 -1 -1 -1 -1 -1 -1 -1 -1 -1 -1 -1 -1 -1 -1 -1 -1 -1 -1
6 -1 -1 -1 -1 -1 -1 -1 -1 -1 -1 -1 -1 -1 -1 -1 -1 -1 -1 -1 -1
7 -1 -1 -1 -1 -1 -1 -1 -1 -1 -1 -1 -1 -1 -1 -1 -1 -1 -1 -1 -1
8 -1 -1 -1 -1 -1 -1 -1 -1 -1 -1 -1 -1 -1 -1 -1 -1 -1 -1 -1 -1
9 -1 -1 -1 -1 -1 -1 -1 -1 -1 -1 -1 -1 -1 -1 -1 -1 -1 -1 -1 -1
10 -1 -1 -1 -1 -1 -1 -1 -1 -1 -1 -1 -1 -1 -1 -1 -1 -1 -1 -1 -1
11 -1 -1 -1 -1 -1 -1 -1 -1 -1 -1 -1 -1 -1 -1 -1 -1 -1 -1 -1 -1
12 -1 -1 -1 -1 -1 -1 -1 -1 -1 -1 -1 -1 -1 -1 -1 -1 -1 -1 -1 -1
13 -1 -1 -1 -1 -1 -1 -1 -1 -1 -1 -1 -1 -1 -1 -1 -1 -1 -1 -1 -1
14 -1 -1 -1 -1 -1 -1 -1 -1 -1 -1 -1 -1 -1 -1 -1 -1 -1 -1 -1 -1
15 -1 -1 -1 -1 -1 -1 -1 -1 -1 -1 -1 -1 -1 -1 -1 -1 -1 -1 -1 -1
16 -1 -1 -1 -1 -1 -1 -1 -1 -1 -1 -1 -1 -1 -1 -1 -1 -1 -1 -1 -1
17 -1 -1 -1 -1 -1 -1 -1 -1 -1 -1 -1 -1 -1 -1 -1 -1 -1 -1 -1 -1
18 -1 -1 -1 -1 -1 -1 -1 -1 -1 -1 -1 -1 -1 -1 -1 -1 -1 -1 -1 -1
19 -1 -1 -1 -1 -1 -1 -1 -1 -1 -1 -1 -1 -1 -1 -1 -1 -1 -1 -1 -1
20 -1 -1 -1 -1 -1 -1 -1 -1 -1 -1 -1 -1 -1 -1 -1 -1 -1 -1 -1 -1
21 -1 -1 -1 -1 -1 -1 -1 -1 -1 -1 -1 -1 -1 -1 -1 -1 -1 -1 -1 -1
22 -1 -1 -1 -1 -1 -1 -1 -1 -1 -1 -1 -1 -1 -1 -1 -1 -1 -1 -1 -1
23 -1 -1 -1 -1 -1 -1 -1 -1 -1 -1 -1 -1 -1 -1 -1 -1 -1 -1 -1 -1
24 -1 -1 -1 -1 -1 -1 -1 -1 -1 -1 -1 -1 -1 -1 -1 -1 -1 -1 -1 -1
25 -1 -1 -1 -1 -1 -1 -1 -1 -1 -1 -1 -1 -1 -1 -1 -1 -1 -1 -1 -1
26 -1 -1 -1 -1 -1 -1 -1 -1 -1 -1 -1 -1 -1 -1 -1 -1 -1 -1 -1 -1
27 -1 -1 -1 -1 -1 -1 -1 -1 -1 -1 -1 -1 -1 -1 -1 -1 -1 -1 -1 -1
28 -1 -1 -1 -1 -1 -1 -1 -1 -1 -1 -1 -1 -1 -1 -1 -1 -1 -1 -1 -1
29 -1 -1 -1 -1 -1 -1 -1 -1 -1 -1 -1 -1 -1 -1 -1 -1 -1 -1 -1 -1
30 -1 -1 -1 -1 -1 -1 -1 -1 -1 -1 -1 -1 -1 -1 -1 -1 -1 -1 -1 -1
31 -1 -1 -1 -1 -1 -1 -1 -1 -1 -1 -1 -1 -1 -1 -1 -1 -1 -1 -1 -1
32 -1 -1 -1 -1 -1 -1 -1 -1 -1 -1 -1 -1 -1 -1 -1 -1 -1 -1 -1 -1
33 -1 -1 -1 -1 -1 -1 -1 -1 -1 -1 -1 -1 -1 -1 -1 -1 -1 -1 -1 -1
34 -1 -1 -1 -1 -1 -1 -1 -1 -1 -1 -1 -1 -1 -1 -1 -1 -1 -1 -1 -1
35 -1 -1 -1 -1 -1 -1 -1 -1 -1 -1 -1 -1 -1 -1 -1 -1 -1 -1 -1 -1
36 -1 -1 -1 -1 -1 -1 -1 -1 -1 -1 -1 -1 -1 -1 -1 -1 -1 -1 -1 -1
37 -1 -1 -1 -1 -1 -1 -1 -1 -1 -1 -1 -1 -1 -1 -1 -1 -1 -1 -1 -1
38 -1 -1 -1 -1 -1 -1 -1 -1 -1 -1 -1 -1 -1 -1 -1 -1 -1 -1 -1 -1
39 -1 -1 -1 -1 -1 -1 -1 -1 -1 -1 -1 -1 -1 -1 -1 -1 -1 -1 -1 -1
40 -1 -1 -1 -1 -1 -1 -1 -1 -1 -1 -1 -1 -1 -1 -1 -1 -1 -1 -1 -1
41 -1 -1 -1 -1 -1 -1 -1 -1 -1 -1 -1 -1 -1 -1 -1 -1 -1 -1 -1 -1
42 -1 -1 -1 -1 -1 -1 -1 -1 -1 -1 -1 -1 -1 -1 -1 -1 -1 -1 -1 -1
43 -1 -1 -1 -1 -1 -1 -1 -1 -1 -1 -1 -1 -1 -1 -1 -1 -1 -1 -1 -1
44 -1 -1 -1 -1 -1 -1 -1 -1 -1 -1 -1 -1 -1 -1 -1 -1 -1 -1 -1 -1
45 -1 -1 -1 -1 -1 -1 -1 -1 -1 -1 -1 -1 -1 -1 -1 -1 -1 -1 -1 -1
46 -1 -1 -1 -1 -1 -1 -1 -1 -1 -1 -1 -1 -1 -1 -1 -1 -1 -1 -1 -1
47 -1 -1 -1 -1 -1 -1 -1 -1 -1 -1 -1 -1 -1 -1 -1 -1 -1 -1 -1 -1
48 -1 -1 -1 -1 -1 -1 -1 -1 -1 -1 -1 -1 -1 -1 -1 -1 -1 -1 -1 -1
49 -1 -1 -1 -1 -1 -1 -1 -1 -1 -1 -1 -1 -1 -1 -1 -1 -1 -1 -1 -1
50 -1 -1 -1 -1 -1 -1 -1 -1 -1 -1 -1 -1 -1 -1 -1 -1 -1 -1 -1 -1
51 -1 -1 -1 -1 -1 -1 -1 -1 -1 -1 -1 -1 -1 -1 -1 -1 -1 -1 -1 -1
52 -1 -1 -1 -1 -1 -1 -1 -1 -1 -1 -1 -1 -1 -1 -1 -1 -1 -1 -1 -1
53 -1 -1 -1 -1 -1 -1 -1 -1 -1 -1 -1 -1 -1 -1 -1 -1 -1 -1 -1 -1
54 -1 -1 -1 -1 -1 -1 -1 -1 -1 -1 -1 -1 -1 -1 -1 -1 -1 -1 -1 -1
55 -1 -1 -1 -1 -1 -1 -1 -1 -1 -1 -1 -1 -1 -1 -1 -1 -1 -1 -1 -1
56 -1 -1 -1 -1 -1 -1 -1 -1 -1 -1 -1 -1 -1 -1 -1 -1 -1 -1 -1 -1
57 -1 -1 -1 -1 -1 -1 -1 -1 -1 -1 -1 -1 -1 -1 -1 -1 -1 -1 -1 -1
58 -1 -1 -1 -1 -1 -1 -1 -1 -1 -1 -1 -1 -1 -1 -1 -1 -1 -1 -1 -1
59 -1 -1 -1 -1 -1 -1 -1 -1 -1 -1 -1 -1 -1 -1 -1 -1 -1 -1 -1 -1
60 -1 -1 -1 -1 -1 -1 -1 -1 -1 -1 -1 -1 -1 -1 -1 -1 -1 -1 -1 -1
61 -1 -1 -1 -1 -1 -1 -1 -1 -1 -1 -1 -1 -1 -1 -1 -1 -1 -1 -1 -1
62 -1 -1 -1 -1 -1 -1 -1 -1 -1 -1 -1 -1 -1 -1 -1 -1 -1 -1 -1 -1
63 -1 -1 -1 -1 -1 -1 -1 -1 -1 -1 -1 -1 -1 -1 -1 -1 -1 -1 -1 -1
64 -1 -1 -1 -1 -1 -1 -1 -1 -1 -1 -1 -1 -1 -1 -1 -1 -1 -1 -1 -1
65 -1 -1 -1 -1 -1 -1 -1 -1 -1 -1 -1 -1 -1 -1 -1 -1 -1 -1 -1 -1
66 -1 -1 -1 -1 -1 -1 -1 -1 -1 -1 -1 -1 -1 -1 -1 -1 -1 -1 -1 -1
67 -1 -1 -1 -1 -1 -1 -1 -1 -1 -1 -1 -1 -1 -1 -1 -1 -1 -1 -1 -1
68 -1 -1 -1 -1 -1 -1 -1 -1 -1 -1 -1 -1 -1 -1 -1 -1 -1 -1 -1 -1
69 -1 -1 -1 -1 -1 -1 -1 -1 -1 -1 -1 -1 -1 -1 -1 -1 -1 -1 -1 -1
70 -1 -1 -1 -1 -1 -1 -1 -1 -1 -1 -1 -1 -1 -1 -1 -1 -1 -1 -1 -1
71 -1 -1 -1 -1 -1 -1 -1 -1 -1 -1 -1 -1 -1 -1 -1 -1 -1 -1 -1 -1
72 -1 -1 -1 -1 -1 -1 -1 -1 -1 -1 -1 -1 -1 -1 -1 -1 -1 -1 -1 -1
73 -1 -1 -1 -1 -1 -1 -1 -1 -1 -1 -1 -1 -1 -1 -1 -1 -1 -1 -1 -1
74 -1 -1 -1 -1 -1 -1 -1 -1 -1 -1 -1 -1 -1 -1 -1 -1 -1 -1 -1 -1
75 -1 -1 -1 -1 -1 -1 -1 -1 -1 -1 -1 -1 -1 -1 -1 -1 -1 -1 -1 -1
76 -1 -1 -1 -1 -1 -1 -1 -1 -1 -1 -1 -1 -1 -1 -1 -1 -1 -1 -1 -1
77 -1 -1 -1 -1 -1 -1 -1 -1 -1 -1 -1 -1 -1 -1 -1 -1 -1 -1 -1 -1
78 -1 -1 -1 -1 -1 -1 -1 -1 -1 -1 -1 -1 -1 -1 -1 -1 -1 -1 -1 -1
79 -1 -1 -1 -1 -1 -1 -1 -1 -1 -1 -1 -1 -1 -1 -1 -1 -1 -1 -1 -1
80 -1 -1 -1 -1 -1 -1 -1 -1 -1 -1 -1 -1 -1 -1 -1 -1 -1 -1 -1 -1
81 -1 -1 -1 -1 -1 -1 -1 -1 -1 -1 -1 -1 -1 -1 -1 -1 -1 -1 -1 -1
82 -1 -1 -1 -1 -1 -1 -1 -1 -1 -1 -1 -1 -1 -1 -1 -1 -1 -1 -1 -1
83 -1 -1 -1 -1 -1 -1 -1 -1 -1 -1 -1 -1 -1 -1 -1 -1 -1 -1 -1 -1
84 -1 -1 -1 -1 -1 -1 -1 -1 -1 -1 -1 -1 -1 -1 -1 -1 -1 -1 -1 -1
85 -1 -1 -1 -1 -1 -1 -1 -1 -1 -1 -1 -1 -1 -1 -1 -1 -1 -1 -1 -1
86 -1 -1 -1 -1 -1 -1 -1 -1 -1 -1 -1 -1 -1 -1 -1 -1 -1 -1 -1 -1
87 -1 -1 -1 -1 -1 -1 -1 -1 -1 -1 -1 -1 -1 -1 -1 -1 -1 -1 -1 -1
88 -1 -1 -1 -1 -1 -1 -1 -1 -1 -1 -1 -1 -1 -1 -1 -1 -1 -1 -1 -1
89 -1 -1 -1 -1 -1 -1 -1 -1 -1 -1 -1 -1 -1 -1 -1 -1 -1 -1 -1 -1
90 -1 -1 -1 -1 -1 -1 -1 -1 -1 -1 -1 -1 -1 -1 -1 -1 -1 -1 -1 -1
91 -1 -1 -1 -1 -1 -1 -1 -1 -1 -1 -1 -1 -1 -1 -1 -1 -1 -1 -1 -1
92 -1 -1 -1 -1 -1 -1 -1 -1 -1 -1 -1 -1 -1 -1 -1 -1 -1 -1 -1 -1
93 -1 -1 -1 -1 -1 -1 -1 -1 -1 -1 -1 -1 -1 -1 -1 -1 -1 -1 -1 -1
94 -1 -1 -1 -1 -1 -1 -1 -1 -1 -1 -1 -1 -1 -1 -1 -1 -1 -1 -1 -1
95 -1 -1 -1 -1 -1 -1 -1 -1 -1 -1 -1 -1 -1 -1 -1 -1 -1 -1 -1 -1
96 -1 -1 -1 -1 -1 -1 -1 -1 -1 -1 -1 -1 -1 -1 -1 -1 -1 -1 -1 -1
97 -1 -1 -1 -1 -1 -1 -1 -1 -1 -1 -1 -1 -1 -1 -1 -1 -1 -1 -1 -1
98 -1 -1 -1 -1 -1 -1 -1 -1 -1 -1 -1 -1 -1 -1 -1 -1 -1 -1 -1 -1
99 -1 -1 -1 -1 -1 -1 -1 -1 -1 -1 -1 -1 -1 -1 -1 -1 -1 -1 -1 -1
100 -1 -1 -1 -1 -1 -1 -1 -1 -1 -1 -1 -1 -1 -1 -1 -1 -1 -1 -1 -1
101 -1 -1 -1 -1 -1 -1 -1 -1 -1 -1 -1 -1 -1 -1 -1 -1 -1 -1 -1 -1
102 -1 -1 -1 -1 -1 -1 -1 -1 -1 -1 -1 -1 -1 -1 -1 -1 -1 -1 -1 -1
103 -1 -1 -1 -1 -1 -1 -1 -1 -1 -1 -1 -1 -1 -1 -1 -1 -1 -1 -1 -1
104 -1 -1 -1 -1 -1 -1 -1 -1 -1 -1 -1 -1 -1 -1 -1 -1 -1 -1 -1 -1
105 -1 -1 -1 -1 -1 -1 -1 -1 -1 -1 -1 -1 -1 -1 -1 -1 -1 -1 -1 -1
106 -1 -1 -1 -1 -1 -1 -1 -1 -1 -1 -1 -1 -1 -1 -1 -1 -1 -1 -1 -1
107 0.970891 0.303305 0.929057 0.517770 0.924399 0.522186 0.933715 0.513355 0.924399 0.522186 0.872557 0.649469 0.833436 0.772995 0.933715 0.513355 0.929202 0.661267 0.953549 0.805662
108 0.960626 0.299745 0.917417 0.515568 0.914898 0.519977 0.919937 0.511159 0.914898 0.519977 0.864825 0.648500 0.833361 0.774595 0.919937 0.511159 0.913590 0.657282 0.947668 0.793636
109 0.947856 0.293111 0.905141 0.510292 0.903304 0.514615 0.906979 0.505969 0.903304 0.514615 0.859845 0.644302 0.833365 0.774622 0.906979 0.505969 0.891111 0.642686 0.939441 0.774187
110 0.937919 0.288655 0.897653 0.507236 0.893617 0.511220 0.901689 0.503251 0.893617 0.511220 0.852748 0.639407 0.833552 0.774324 0.901689 0.503251 0.877898 0.630825 0.928891 0.754375
111 0.929070 0.285895 0.890451 0.504244 0.886675 0.507912 0.894227 0.500576 0.886675 0.507912 0.847293 0.637318 0.833524 0.773896 0.894227 0.500576 0.868299 0.625055 0.914267 0.744091
112 0.920970 0.281987 0.883450 0.500698 0.877301 0.503226 0.889599 0.498169 0.877301 0.503226 0.842859 0.635320 0.833644 0.775035 0.889599 0.498169 0.862165 0.620232 0.896025 0.734809
113 0.911918 0.278719 0.872686 0.497325 0.867871 0.501665 0.877500 0.492985 0.867871 0.501665 0.841032 0.635781 0.834287 0.774730 0.877500 0.492985 0.854077 0.622226 0.861375 0.735847
114 0.903338 0.276501 0.863518 0.497512 0.859325 0.502279 0.867711 0.492746 0.859325 0.502279 0.838595 0.639090 0.833773 0.774944 0.867711 0.492746 0.844073 0.624558 0.840210 0.742392
115 0.894327 0.276031 0.854361 0.496320 0.853012 0.501929 0.855710 0.490711 0.853012 0.501929 0.836682 0.642279 0.831026 0.774914 0.855710 0.490711 0.832940 0.622681 0.821569 0.731099
116 0.886326 0.275258 0.848302 0.492624 0.850226 0.498747 0.846379 0.486501 0.850226 0.498747 0.834153 0.641442 0.830362 0.774107 0.846379 0.486501 0.818828 0.602440 0.792596 0.708539
117 0.877515 0.273656 0.844123 0.486401 0.846402 0.491031 0.841845 0.481771 0.846402 0.491031 0.828681 0.632415 0.829989 0.773252 0.841845 0.481771 0.814761 0.598929 0.775838 0.703292
118 0.869326 0.270432 0.838026 0.482433 0.839039 0.486366 0.837012 0.478501 0.839039 0.486366 0.821458 0.627142 0.829586 0.770323 0.837012 0.478501 0.807930 0.600411 0.768487 0.706075
119 0.860988 0.269472 0.830266 0.481520 0.830043 0.485139 0.830489 0.477902 0.830043 0.485139 0.811590 0.623438 0.825087 0.765282 0.830489 0.477902 0.803156 0.603596 0.770086 0.708387
120 0.852083 0.263417 0.820785 0.479380 0.820701 0.482868 0.820869 0.475893 0.820701 0.482868 0.801919 0.622334 0.821759 0.763527 0.820869 0.475893 0.792329 0.598270 0.768911 0.707622
121 0.845773 0.260383 0.814968 0.474572 0.818828 0.480348 0.811107 0.468797 0.818828 0.480348 0.791279 0.619362 0.818443 0.763095 0.811107 0.468797 0.784634 0.596626 0.769057 0.710072
122 0.838585 0.259949 0.807091 0.467018 0.813351 0.474175 0.800832 0.459861 0.813351 0.474175 0.782757 0.613226 0.812066 0.755561 0.800832 0.459861 0.777306 0.593547 0.770475 0.708506
123 0.831369 0.259272 0.798467 0.467524 0.805876 0.475175 0.791057 0.459873 0.805876 0.475175 0.774291 0.610895 0.802253 0.746467 0.791057 0.459873 0.770620 0.591154 0.767324 0.707727
124 0.825027 0.256221 0.791522 0.464487 0.801713 0.473635 0.781331 0.455340 0.801713 0.473635 0.766346 0.607515 0.785393 0.734218 0.781331 0.455340 0.762876 0.588599 0.767922 0.704273
125 0.816043 0.254683 0.785418 0.462964 0.798073 0.472900 0.772763 0.453028 0.798073 0.472900 0.760204 0.603736 0.769779 0.731843 0.772763 0.453028 0.760963 0.582754 0.762208 0.701809
126 0.809010 0.252824 0.781125 0.461121 0.795464 0.469212 0.766786 0.453030 0.795464 0.469212 0.754786 0.599107 0.758017 0.734371 0.766786 0.453030 0.758886 0.586144 0.757667 0.708637
127 0.801140 0.251155 0.776705 0.457378 0.789524 0.462963 0.763887 0.451794 0.789524 0.462963 0.750339 0.590572 0.745463 0.728803 0.763887 0.451794 0.758673 0.587913 0.751458 0.721267
128 0.794125 0.249936 0.772446 0.455545 0.786770 0.460475 0.758122 0.450614 0.786770 0.460475 0.743727 0.587600 0.720004 0.726986 0.758122 0.450614 0.759962 0.585417 0.760164 0.718191
129 0.786511 0.249379 0.769001 0.454260 0.785455 0.458794 0.752547 0.449725 0.785455 0.458794 0.740266 0.587772 0.709204 0.725444 0.752547 0.449725 0.758044 0.585468 0.762327 0.714651
130 0.780763 0.248817 0.764566 0.455545 0.780190 0.460015 0.748942 0.451076 0.780190 0.460015 0.736114 0.589724 0.707283 0.725510 0.748942 0.451076 0.755035 0.586404 0.763682 0.713713
131 0.774681 0.249638 0.761128 0.453882 0.777252 0.458644 0.745005 0.449119 0.777252 0.458644 0.732193 0.588944 0.706307 0.724946 0.745005 0.449119 0.751192 0.585230 0.761861 0.708773
132 0.769123 0.251529 0.756660 0.454238 0.774422 0.458761 0.738897 0.449715 0.774422 0.458761 0.728873 0.590199 0.705472 0.725169 0.738897 0.449715 0.748224 0.584391 0.761081 0.707573
133 0.762790 0.252851 0.752426 0.453467 0.771007 0.457994 0.733845 0.448940 0.771007 0.457994 0.728157 0.590110 0.703203 0.726204 0.733845 0.448940 0.743742 0.581951 0.758618 0.703665
134 0.757816 0.253370 0.750500 0.452237 0.769320 0.457513 0.731680 0.446961 0.769320 0.457513 0.725731 0.590072 0.700815 0.726918 0.731680 0.446961 0.739349 0.578915 0.755366 0.702439
135 0.752177 0.254846 0.747394 0.451692 0.765380 0.457013 0.729409 0.446372 0.765380 0.457013 0.724430 0.590537 0.700992 0.727484 0.729409 0.446372 0.736873 0.578084 0.754377 0.702484
136 0.747919 0.255262 0.743810 0.449770 0.762720 0.455339 0.724901 0.444200 0.762720 0.455339 0.724770 0.589940 0.700733 0.727842 0.724901 0.444200 0.734222 0.577222 0.752524 0.700840
137 0.743962 0.255045 0.741754 0.447435 0.759737 0.453244 0.723772 0.441625 0.759737 0.453244 0.724321 0.588804 0.700568 0.727877 0.723772 0.441625 0.732221 0.576241 0.748919 0.698249
138 0.740233 0.252643 0.738146 0.444391 0.756585 0.450718 0.719707 0.438063 0.756585 0.450718 0.724400 0.586351 0.702340 0.728141 0.719707 0.438063 0.728214 0.575811 0.741901 0.696931
139 0.737384 0.251171 0.735065 0.441376 0.753308 0.447929 0.716822 0.434823 0.753308 0.447929 0.723998 0.582567 0.705074 0.724104 0.716822 0.434823 0.725569 0.575389 0.733824 0.696470
140 0.734584 0.250360 0.732816 0.440393 0.750678 0.447859 0.714954 0.432927 0.750678 0.447859 0.722326 0.580097 0.706153 0.721416 0.714954 0.432927 0.723001 0.573700 0.728729 0.693778
141 0.732798 0.249139 0.730194 0.438944 0.748043 0.447367 0.712346 0.430522 0.748043 0.447367 0.721326 0.580185 0.706476 0.721723 0.712346 0.430522 0.717825 0.569717 0.722926 0.689472
142 0.731469 0.247715 0.727920 0.438643 0.745564 0.447749 0.710276 0.429537 0.745564 0.447749 0.719684 0.580553 0.707034 0.718867 0.710276 0.429537 0.710634 0.560305 0.717873 0.663613
143 0.729489 0.247548 0.724458 0.442506 0.741621 0.452931 0.707295 0.432082 0.741621 0.452931 0.719281 0.581514 0.706658 0.717735 0.707295 0.432082 0.708606 0.553996 0.712744 0.645962
144 0.728043 0.245749 0.722884 0.444223 0.739787 0.455562 0.705980 0.432884 0.739787 0.455562 0.717963 0.585248 0.705055 0.718546 0.705980 0.432884 0.707982 0.547818 0.710313 0.636311
145 0.726815 0.244497 0.721466 0.445254 0.737473 0.457225 0.705459 0.433283 0.737473 0.457225 0.716090 0.588221 0.704592 0.718757 0.705459 0.433283 0.706272 0.546662 0.706189 0.635621
146 0.725464 0.243006 0.720713 0.445787 0.736367 0.457092 0.705060 0.434482 0.736367 0.457092 0.714776 0.589262 0.703638 0.717895 0.705060 0.434482 0.708413 0.547751 0.701545 0.641992
147 0.723662 0.239993 0.720916 0.445848 0.734696 0.456910 0.707136 0.434785 0.734696 0.456910 0.712811 0.591296 0.703272 0.717607 0.707136 0.434785 0.709038 0.549595 0.699827 0.642329
148 0.720348 0.236871 0.717894 0.444105 0.727901 0.454384 0.707887 0.433825 0.727901 0.454384 0.708977 0.591831 0.700928 0.713978 0.707887 0.433825 0.710436 0.569764 0.704424 0.682643
149 0.718568 0.230720 0.717220 0.435373 0.724744 0.447223 0.709696 0.423522 0.724744 0.447223 0.708079 0.590508 0.700573 0.714481 0.709696 0.423522 0.708661 0.550371 0.705829 0.662713
150 0.718120 0.222842 0.716931 0.430077 0.723662 0.438275 0.710200 0.421880 0.723662 0.438275 0.706317 0.588163 0.700730 0.709868 0.710200 0.421880 0.708719 0.550779 0.706841 0.672214
151 0.718931 0.219941 0.716024 0.427599 0.721696 0.434197 0.710352 0.421000 0.721696 0.434197 0.705381 0.583348 0.700927 0.703820 0.710352 0.421000 0.707145 0.552941 0.704265 0.671699
152 0.718640 0.215895 0.714070 0.426593 0.718350 0.431756 0.709790 0.421430 0.718350 0.431756 0.702460 0.582067 0.700703 0.701282 0.709790 0.421430 0.705283 0.557074 0.705406 0.681132
153 0.718382 0.209968 0.712170 0.422296 0.715525 0.426822 0.708816 0.417771 0.715525 0.426822 0.699389 0.578976 0.701021 0.702548 0.708816 0.417771 0.700596 0.550548 0.705339 0.668804
154 0.717760 0.208525 0.708151 0.419888 0.709478 0.425123 0.706823 0.414653 0.709478 0.425123 0.694650 0.574529 0.701650 0.703436 0.706823 0.414653 0.691718 0.545644 0.695074 0.666633
155 0.718120 0.204495 0.707214 0.416032 0.706997 0.419690 0.707430 0.412375 0.706997 0.419690 0.688139 0.567814 0.702637 0.704136 0.707430 0.412375 0.690574 0.547124 0.696935 0.681112
156 0.718829 0.202117 0.707383 0.411471 0.707069 0.414274 0.707697 0.408668 0.707069 0.414274 0.682685 0.559593 0.701584 0.701244 0.707697 0.408668 0.687548 0.542256 0.694923 0.679390
157 0.719404 0.201767 0.706227 0.406853 0.707087 0.409403 0.705366 0.404302 0.707087 0.409403 0.687043 0.535853 0.696943 0.654612 0.705366 0.404302 0.690773 0.537966 0.696605 0.671998
158 0.719346 0.199351 0.704548 0.405448 0.705516 0.408742 0.703580 0.402153 0.705516 0.408742 0.689480 0.538389 0.696152 0.668800 0.703580 0.402153 0.691240 0.528989 0.695445 0.648296
159 0.717885 0.194032 0.703723 0.402632 0.704140 0.406339 0.703306 0.398926 0.704140 0.406339 0.686933 0.533174 0.688779 0.654870 0.703306 0.398926 0.686899 0.512854 0.682601 0.631483
160 0.716978 0.190744 0.701703 0.400309 0.701771 0.403792 0.701635 0.396826 0.701771 0.403792 0.685283 0.529475 0.684638 0.647761 0.701635 0.396826 0.687117 0.512245 0.680243 0.629145
161 -1 -1 -1 -1 -1 -1 -1 -1 -1 -1 -1 -1 -1 -1 -1 -1 -1 -1 -1 -1
162 -1 -1 -1 -1 -1 -1 -1 -1 -1 -1 -1 -1 -1 -1 -1 -1 -1 -1 -1 -1
163 -1 -1 -1 -1 -1 -1 -1 -1 -1 -1 -1 -1 -1 -1 -1 -1 -1 -1 -1 -1
164 -1 -1 -1 -1 -1 -1 -1 -1 -1 -1 -1 -1 -1 -1 -1 -1 -1 -1 -1 -1
165 0.703469 0.185335 0.688503 0.392857 0.673375 0.392413 0.703630 0.393301 0.673375 0.392413 0.617880 0.470558 0.620443 0.555452 0.703630 0.393301 0.687635 0.502596 0.681372 0.624095
166 0.701008 0.184383 0.684316 0.392322 0.667674 0.390830 0.700959 0.393814 0.667674 0.390830 0.602486 0.475777 0.604017 0.584208 0.700959 0.393814 0.687478 0.504814 0.681718 0.625973
167 0.696892 0.184531 0.678173 0.391787 0.659921 0.389427 0.696426 0.394146 0.659921 0.389427 0.597582 0.463724 0.605865 0.570576 0.696426 0.394146 0.685209 0.505194 0.681491 0.626979
168 0.691901 0.184702 0.671990 0.390786 0.652272 0.387008 0.691707 0.394564 0.652272 0.387008 0.589668 0.442186 0.586981 0.552918 0.691707 0.394564 0.681388 0.503753 0.680344 0.627455
169 0.688047 0.184868 0.668295 0.389097 0.647738 0.383428 0.688851 0.394765 0.647738 0.383428 0.586199 0.422975 0.581667 0.512887 0.688851 0.394765 0.678738 0.500040 0.678217 0.626695
170 0.683103 0.184865 0.665100 0.385526 0.643734 0.377941 0.686465 0.393111 0.643734 0.377941 0.585888 0.402776 0.577971 0.498887 0.686465 0.393111 0.676485 0.500395 0.678516 0.626608
171 0.676966 0.186553 0.662615 0.383793 0.640710 0.376475 0.684521 0.391111 0.640710 0.376475 0.584938 0.401394 0.581585 0.482445 0.684521 0.391111 0.674965 0.501022 0.678905 0.626934
172 0.667826 0.189187 0.655245 0.384700 0.633176 0.378083 0.677314 0.391317 0.633176 0.378083 0.582965 0.416401 0.578993 0.559772 0.677314 0.391317 0.671060 0.500525 0.678672 0.625439
173 0.657995 0.190717 0.647195 0.383399 0.625227 0.378576 0.669164 0.388222 0.625227 0.378576 0.579818 0.446068 0.576840 0.584983 0.669164 0.388222 0.666862 0.499140 0.676727 0.621501
174 0.647225 0.191492 0.641324 0.380978 0.618435 0.378610 0.664213 0.383346 0.618435 0.378610 0.583978 0.475053 0.575168 0.592827 0.664213 0.383346 0.663430 0.497367 0.673673 0.618146
175 0.638952 0.191771 0.636051 0.377954 0.613221 0.377947 0.658880 0.377962 0.613221 0.377947 0.582794 0.479650 0.574433 0.593879 0.658880 0.377962 0.660077 0.487566 0.668726 0.608171
176 0.629345 0.191087 0.632283 0.373909 0.608464 0.376049 0.656102 0.371769 0.608464 0.376049 0.582126 0.476719 0.573856 0.590626 0.656102 0.371769 0.656468 0.479451 0.663466 0.597340
177 0.622327 0.189456 0.630461 0.371136 0.605976 0.374243 0.654946 0.368029 0.605976 0.374243 0.580978 0.474954 0.574997 0.590713 0.654946 0.368029 0.651143 0.474257 0.656284 0.590592
178 0.615809 0.188587 0.629177 0.370676 0.605774 0.374636 0.652581 0.366716 0.605774 0.374636 0.581455 0.473588 0.575124 0.591318 0.652581 0.366716 0.643359 0.475264 0.647102 0.594903
179 0.610663 0.187939 0.627524 0.367377 0.602783 0.372312 0.652265 0.362443 0.602783 0.372312 0.581744 0.472396 0.574416 0.592291 0.652265 0.362443 0.641422 0.475629 0.639586 0.598514
180 0.608015 0.189705 0.625951 0.367963 0.601536 0.371538 0.650367 0.364387 0.601536 0.371538 0.582337 0.472053 0.570671 0.591430 0.650367 0.364387 0.637610 0.474044 0.634677 0.600147
181 0.604731 0.192958 0.624000 0.369150 0.599447 0.372130 0.648553 0.366171 0.599447 0.372130 0.582540 0.479480 0.571298 0.594918 0.648553 0.366171 0.636578 0.480404 0.626063 0.602141
182 0.602370 0.196973 0.623025 0.369844 0.598717 0.372536 0.647333 0.367153 0.598717 0.372536 0.582219 0.483384 0.572038 0.595261 0.647333 0.367153 0.632740 0.489720 0.622162 0.607356
183 0.599582 0.202887 0.621220 0.375159 0.597005 0.378605 0.645435 0.371714 0.597005 0.378605 0.579802 0.481334 0.570845 0.593946 0.645435 0.371714 0.628010 0.495770 0.619345 0.620823
184 0.599421 0.210349 0.620032 0.382154 0.597376 0.385446 0.642688 0.378863 0.597376 0.385446 0.579368 0.483027 0.570690 0.593092 0.642688 0.378863 0.624423 0.496466 0.621797 0.620099
185 0.597674 0.218558 0.618485 0.387079 0.596129 0.389784 0.640841 0.384375 0.596129 0.389784 0.573576 0.473588 0.568648 0.591800 0.640841 0.384375 0.617361 0.493836 0.620552 0.608579
186 0.597030 0.228634 0.615685 0.398741 0.593050 0.400625 0.638320 0.396857 0.593050 0.400625 0.562221 0.457022 0.566618 0.584003 0.638320 0.396857 0.608178 0.493629 0.615169 0.601734
187 0.596838 0.236233 0.615944 0.405063 0.593428 0.405732 0.638460 0.404395 0.593428 0.405732 0.560133 0.457667 0.564091 0.584925 0.638460 0.404395 0.606415 0.494706 0.612250 0.603037
188 0.595701 0.246719 0.615358 0.417311 0.593358 0.418238 0.637359 0.416385 0.593358 0.418238 0.560138 0.458836 0.563377 0.584962 0.637359 0.416385 0.604581 0.494243 0.612393 0.593331
189 0.595407 0.258088 0.613547 0.430489 0.590564 0.431890 0.636531 0.429088 0.590564 0.431890 0.562602 0.451103 0.562822 0.581626 0.636531 0.429088 0.603661 0.494179 0.614082 0.591995
190 0.595581 0.267558 0.612930 0.436106 0.589982 0.437250 0.635878 0.434963 0.589982 0.437250 0.563972 0.453662 0.563326 0.581706 0.635878 0.434963 0.600328 0.494617 0.605210 0.590207
191 0.595548 0.275391 0.613540 0.440712 0.590428 0.442137 0.636651 0.439287 0.590428 0.442137 0.564022 0.456493 0.563010 0.582066 0.636651 0.439287 0.602409 0.499859 0.608015 0.592430
192 0.595671 0.286059 0.613805 0.451879 0.591199 0.452614 0.636412 0.451143 0.591199 0.452614 0.562473 0.467254 0.562222 0.586023 0.636412 0.451143 0.604986 0.516878 0.609951 0.604851
193 0.595958 0.296600 0.613812 0.465665 0.591363 0.466973 0.636262 0.464357 0.591363 0.466973 0.561762 0.477429 0.560230 0.596156 0.636262 0.464357 0.605044 0.524745 0.610241 0.607429
194 0.596013 0.307441 0.613707 0.478641 0.590996 0.480099 0.636417 0.477184 0.590996 0.480099 0.562014 0.484708 0.563845 0.601000 0.636417 0.477184 0.606080 0.530936 0.615722 0.611501
195 0.595591 0.319369 0.613665 0.503640 0.590961 0.507887 0.636368 0.499392 0.590961 0.507887 0.558828 0.481772 0.563385 0.598513 0.636368 0.499392 0.606587 0.540405 0.617278 0.619979
196 0.595858 0.332626 0.612960 0.526018 0.589888 0.525779 0.636032 0.526258 0.589888 0.525779 0.557677 0.480207 0.558129 0.599357 0.636032 0.526258 0.606946 0.555244 0.618884 0.628096
197 -1 -1 -1 -1 -1 -1 -1 -1 -1 -1 -1 -1 -1 -1 -1 -1 -1 -1 -1 -1
198 -1 -1 -1 -1 -1 -1 -1 -1 -1 -1 -1 -1 -1 -1 -1 -1 -1 -1 -1 -1
199 -1 -1 -1 -1 -1 -1 -1 -1 -1 -1 -1 -1 -1 -1 -1 -1 -1 -1 -1 -1
200 -1 -1 -1 -1 -1 -1 -1 -1 -1 -1 -1 -1 -1 -1 -1 -1 -1 -1 -1 -1
201 -1 -1 -1 -1 -1 -1 -1 -1 -1 -1 -1 -1 -1 -1 -1 -1 -1 -1 -1 -1
202 -1 -1 -1 -1 -1 -1 -1 -1 -1 -1 -1 -1 -1 -1 -1 -1 -1 -1 -1 -1
203 -1 -1 -1 -1 -1 -1 -1 -1 -1 -1 -1 -1 -1 -1 -1 -1 -1 -1 -1 -1
204 -1 -1 -1 -1 -1 -1 -1 -1 -1 -1 -1 -1 -1 -1 -1 -1 -1 -1 -1 -1
205 -1 -1 -1 -1 -1 -1 -1 -1 -1 -1 -1 -1 -1 -1 -1 -1 -1 -1 -1 -1
206 -1 -1 -1 -1 -1 -1 -1 -1 -1 -1 -1 -1 -1 -1 -1 -1 -1 -1 -1 -1
207 -1 -1 -1 -1 -1 -1 -1 -1 -1 -1 -1 -1 -1 -1 -1 -1 -1 -1 -1 -1
208 -1 -1 -1 -1 -1 -1 -1 -1 -1 -1 -1 -1 -1 -1 -1 -1 -1 -1 -1 -1
209 -1 -1 -1 -1 -1 -1 -1 -1 -1 -1 -1 -1 -1 -1 -1 -1 -1 -1 -1 -1
210 -1 -1 -1 -1 -1 -1 -1 -1 -1 -1 -1 -1 -1 -1 -1 -1 -1 -1 -1 -1
211 -1 -1 -1 -1 -1 -1 -1 -1 -1 -1 -1 -1 -1 -1 -1 -1 -1 -1 -1 -1
212 -1 -1 -1 -1 -1 -1 -1 -1 -1 -1 -1 -1 -1 -1 -1 -1 -1 -1 -1 -1
213 -1 -1 -1 -1 -1 -1 -1 -1 -1 -1 -1 -1 -1 -1 -1 -1 -1 -1 -1 -1
214 -1 -1 -1 -1 -1 -1 -1 -1 -1 -1 -1 -1 -1 -1 -1 -1 -1 -1 -1 -1
215 -1 -1 -1 -1 -1 -1 -1 -1 -1 -1 -1 -1 -1 -1 -1 -1 -1 -1 -1 -1
216 -1 -1 -1 -1 -1 -1 -1 -1 -1 -1 -1 -1 -1 -1 -1 -1 -1 -1 -1 -1
217 -1 -1 -1 -1 -1 -1 -1 -1 -1 -1 -1 -1 -1 -1 -1 -1 -1 -1 -1 -1
218 -1 -1 -1 -1 -1 -1 -1 -1 -1 -1 -1 -1 -1 -1 -1 -1 -1 -1 -1 -1
219 -1 -1 -1 -1 -1 -1 -1 -1 -1 -1 -1 -1 -1 -1 -1 -1 -1 -1 -1 -1
220 -1 -1 -1 -1 -1 -1 -1 -1 -1 -1 -1 -1 -1 -1 -1 -1 -1 -1 -1 -1
221 -1 -1 -1 -1 -1 -1 -1 -1 -1 -1 -1 -1 -1 -1 -1 -1 -1 -1 -1 -1
222 -1 -1 -1 -1 -1 -1 -1 -1 -1 -1 -1 -1 -1 -1 -1 -1 -1 -1 -1 -1
223 -1 -1 -1 -1 -1 -1 -1 -1 -1 -1 -1 -1 -1 -1 -1 -1 -1 -1 -1 -1
224 -1 -1 -1 -1 -1 -1 -1 -1 -1 -1 -1 -1 -1 -1 -1 -1 -1 -1 -1 -1
225 -1 -1 -1 -1 -1 -1 -1 -1 -1 -1 -1 -1 -1 -1 -1 -1 -1 -1 -1 -1
226 -1 -1 -1 -1 -1 -1 -1 -1 -1 -1 -1 -1 -1 -1 -1 -1 -1 -1 -1 -1
227 -1 -1 -1 -1 -1 -1 -1 -1 -1 -1 -1 -1 -1 -1 -1 -1 -1 -1 -1 -1
228 -1 -1 -1 -1 -1 -1 -1 -1 -1 -1 -1 -1 -1 -1 -1 -1 -1 -1 -1 -1
229 -1 -1 -1 -1 -1 -1 -1 -1 -1 -1 -1 -1 -1 -1 -1 -1 -1 -1 -1 -1
230 -1 -1 -1 -1 -1 -1 -1 -1 -1 -1 -1 -1 -1 -1 -1 -1 -1 -1 -1 -1
231 -1 -1 -1 -1 -1 -1 -1 -1 -1 -1 -1 -1 -1 -1 -1 -1 -1 -1 -1 -1
232 -1 -1 -1 -1 -1 -1 -1 -1 -1 -1 -1 -1 -1 -1 -1 -1 -1 -1 -1 -1
233 -1 -1 -1 -1 -1 -1 -1 -1 -1 -1 -1 -1 -1 -1 -1 -1 -1 -1 -1 -1
234 -1 -1 -1 -1 -1 -1 -1 -1 -1 -1 -1 -1 -1 -1 -1 -1 -1 -1 -1 -1
235 -1 -1 -1 -1 -1 -1 -1 -1 -1 -1 -1 -1 -1 -1 -1 -1 -1 -1 -1 -1
236 -1 -1 -1 -1 -1 -1 -1 -1 -1 -1 -1 -1 -1 -1 -1 -1 -1 -1 -1 -1
237 -1 -1 -1 -1 -1 -1 -1 -1 -1 -1 -1 -1 -1 -1 -1 -1 -1 -1 -1 -1
238 -1 -1 -1 -1 -1 -1 -1 -1 -1 -1 -1 -1 -1 -1 -1 -1 -1 -1 -1 -1
239 -1 -1 -1 -1 -1 -1 -1 -1 -1 -1 -1 -1 -1 -1 -1 -1 -1 -1 -1 -1
240 -1 -1 -1 -1 -1 -1 -1 -1 -1 -1 -1 -1 -1 -1 -1 -1 -1 -1 -1 -1
241 -1 -1 -1 -1 -1 -1 -1 -1 -1 -1 -1 -1 -1 -1 -1 -1 -1 -1 -1 -1
242 -1 -1 -1 -1 -1 -1 -1 -1 -1 -1 -1 -1 -1 -1 -1 -1 -1 -1 -1 -1
243 -1 -1 -1 -1 -1 -1 -1 -1 -1 -1 -1 -1 -1 -1 -1 -1 -1 -1 -1 -1
244 -1 -1 -1 -1 -1 -1 -1 -1 -1 -1 -1 -1 -1 -1 -1 -1 -1 -1 -1 -1
245 -1 -1 -1 -1 -1 -1 -1 -1 -1 -1 -1 -1 -1 -1 -1 -1 -1 -1 -1 -1
246 -1 -1 -1 -1 -1 -1 -1 -1 -1 -1 -1 -1 -1 -1 -1 -1 -1 -1 -1 -1
247 -1 -1 -1 -1 -1 -1 -1 -1 -1 -1 -1 -1 -1 -1 -1 -1 -1 -1 -1 -1
248 -1 -1 -1 -1 -1 -1 -1 -1 -1 -1 -1 -1 -1 -1 -1 -1 -1 -1 -1 -1
249 -1 -1 -1 -1 -1 -1 -1 -1 -1 -1 -1 -1 -1 -1 -1 -1 -1 -1 -1 -1
250 -1 -1 -1 -1 -1 -1 -1 -1 -1 -1 -1 -1 -1 -1 -1 -1 -1 -1 -1 -1
251 -1 -1 -1 -1 -1 -1 -1 -1 -1 -1 -1 -1 -1 -1 -1 -1 -1 -1 -1 -1
252 -1 -1 -1 -1 -1 -1 -1 -1 -1 -1 -1 -1 -1 -1 -1 -1 -1 -1 -1 -1
253 -1 -1 -1 -1 -1 -1 -1 -1 -1 -1 -1 -1 -1 -1 -1 -1 -1 -1 -1 -1
254 -1 -1 -1 -1 -1 -1 -1 -1 -1 -1 -1 -1 -1 -1 -1 -1 -1 -1 -1 -1
255 -1 -1 -1 -1 -1 -1 -1 -1 -1 -1 -1 -1 -1 -1 -1 -1 -1 -1 -1 -1
256 -1 -1 -1 -1 -1 -1 -1 -1 -1 -1 -1 -1 -1 -1 -1 -1 -1 -1 -1 -1
257 -1 -1 -1 -1 -1 -1 -1 -1 -1 -1 -1 -1 -1 -1 -1 -1 -1 -1 -1 -1
258 -1 -1 -1 -1 -1 -1 -1 -1 -1 -1 -1 -1 -1 -1 -1 -1 -1 -1 -1 -1
259 -1 -1 -1 -1 -1 -1 -1 -1 -1 -1 -1 -1 -1 -1 -1 -1 -1 -1 -1 -1
260 -1 -1 -1 -1 -1 -1 -1 -1 -1 -1 -1 -1 -1 -1 -1 -1 -1 -1 -1 -1
261 -1 -1 -1 -1 -1 -1 -1 -1 -1 -1 -1 -1 -1 -1 -1 -1 -1 -1 -1 -1
262 -1 -1 -1 -1 -1 -1 -1 -1 -1 -1 -1 -1 -1 -1 -1 -1 -1 -1 -1 -1
263 -1 -1 -1 -1 -1 -1 -1 -1 -1 -1 -1 -1 -1 -1 -1 -1 -1 -1 -1 -1
264 -1 -1 -1 -1 -1 -1 -1 -1 -1 -1 -1 -1 -1 -1 -1 -1 -1 -1 -1 -1
265 -1 -1 -1 -1 -1 -1 -1 -1 -1 -1 -1 -1 -1 -1 -1 -1 -1 -1 -1 -1
266 -1 -1 -1 -1 -1 -1 -1 -1 -1 -1 -1 -1 -1 -1 -1 -1 -1 -1 -1 -1
267 -1 -1 -1 -1 -1 -1 -1 -1 -1 -1 -1 -1 -1 -1 -1 -1 -1 -1 -1 -1
268 -1 -1 -1 -1 -1 -1 -1 -1 -1 -1 -1 -1 -1 -1 -1 -1 -1 -1 -1 -1
269 -1 -1 -1 -1 -1 -1 -1 -1 -1 -1 -1 -1 -1 -1 -1 -1 -1 -1 -1 -1
270 -1 -1 -1 -1 -1 -1 -1 -1 -1 -1 -1 -1 -1 -1 -1 -1 -1 -1 -1 -1
271 -1 -1 -1 -1 -1 -1 -1 -1 -1 -1 -1 -1 -1 -1 -1 -1 -1 -1 -1 -1
272 -1 -1 -1 -1 -1 -1 -1 -1 -1 -1 -1 -1 -1 -1 -1 -1 -1 -1 -1 -1
273 -1 -1 -1 -1 -1 -1 -1 -1 -1 -1 -1 -1 -1 -1 -1 -1 -1 -1 -1 -1
274 -1 -1 -1 -1 -1 -1 -1 -1 -1 -1 -1 -1 -1 -1 -1 -1 -1 -1 -1 -1
275 -1 -1 -1 -1 -1 -1 -1 -1 -1 -1 -1 -1 -1 -1 -1 -1 -1 -1 -1 -1
276 -1 -1 -1 -1 -1 -1 -1 -1 -1 -1 -1 -1 -1 -1 -1 -1 -1 -1 -1 -1
277 -1 -1 -1 -1 -1 -1 -1 -1 -1 -1 -1 -1 -1 -1 -1 -1 -1 -1 -1 -1
278 -1 -1 -1 -1 -1 -1 -1 -1 -1 -1 -1 -1 -1 -1 -1 -1 -1 -1 -1 -1
279 -1 -1 -1 -1 -1 -1 -1 -1 -1 -1 -1 -1 -1 -1 -1 -1 -1 -1 -1 -1
280 -1 -1 -1 -1 -1 -1 -1 -1 -1 -1 -1 -1 -1 -1 -1 -1 -1 -1 -1 -1
281 -1 -1 -1 -1 -1 -1 -1 -1 -1 -1 -1 -1 -1 -1 -1 -1 -1 -1 -1 -1
282 -1 -1 -1 -1 -1 -1 -1 -1 -1 -1 -1 -1 -1 -1 -1 -1 -1 -1 -1 -1
283 -1 -1 -1 -1 -1 -1 -1 -1 -1 -1 -1 -1 -1 -1 -1 -1 -1 -1 -1 -1
284 -1 -1 -1 -1 -1 -1 -1 -1 -1 -1 -1 -1 -1 -1 -1 -1 -1 -1 -1 -1
285 -1 -1 -1 -1 -1 -1 -1 -1 -1 -1 -1 -1 -1 -1 -1 -1 -1 -1 -1 -1
286 -1 -1 -1 -1 -1 -1 -1 -1 -1 -1 -1 -1 -1 -1 -1 -1 -1 -1 -1 -1
287 -1 -1 -1 -1 -1 -1 -1 -1 -1 -1 -1 -1 -1 -1 -1 -1 -1 -1 -1 -1
288 -1 -1 -1 -1 -1 -1 -1 -1 -1 -1 -1 -1 -1 -1 -1 -1 -1 -1 -1 -1
289 -1 -1 -1 -1 -1 -1 -1 -1 -1 -1 -1 -1 -1 -1 -1 -1 -1 -1 -1 -1
290 -1 -1 -1 -1 -1 -1 -1 -1 -1 -1 -1 -1 -1 -1 -1 -1 -1 -1 -1 -1
291 -1 -1 -1 -1 -1 -1 -1 -1 -1 -1 -1 -1 -1 -1 -1 -1 -1 -1 -1 -1
292 -1 -1 -1 -1 -1 -1 -1 -1 -1 -1 -1 -1 -1 -1 -1 -1 -1 -1 -1 -1
293 -1 -1 -1 -1 -1 -1 -1 -1 -1 -1 -1 -1 -1 -1 -1 -1 -1 -1 -1 -1
294 -1 -1 -1 -1 -1 -1 -1 -1 -1 -1 -1 -1 -1 -1 -1 -1 -1 -1 -1 -1
295 -1 -1 -1 -1 -1 -1 -1 -1 -1 -1 -1 -1 -1 -1 -1 -1 -1 -1 -1 -1
296 -1 -1 -1 -1 -1 -1 -1 -1 -1 -1 -1 -1 -1 -1 -1 -1 -1 -1 -1 -1
297 -1 -1 -1 -1 -1 -1 -1 -1 -1 -1 -1 -1 -1 -1 -1 -1 -1 -1 -1 -1
298 -1 -1 -1 -1 -1 -1 -1 -1 -1 -1 -1 -1 -1 -1 -1 -1 -1 -1 -1 -1
299 -1 -1 -1 -1 -1 -1 -1 -1 -1 -1 -1 -1 -1 -1 -1 -1 -1 -1 -1 -1
300 -1 -1 -1 -1 -1 -1 -1 -1 -1 -1 -1 -1 -1 -1 -1 -1 -1 -1 -1 -1
301 -1 -1 -1 -1 -1 -1 -1 -1 -1 -1 -1 -1 -1 -1 -1 -1 -1 -1 -1 -1
302 -1 -1 -1 -1 -1 -1 -1 -1 -1 -1 -1 -1 -1 -1 -1 -1 -1 -1 -1 -1
303 -1 -1 -1 -1 -1 -1 -1 -1 -1 -1 -1 -1 -1 -1 -1 -1 -1 -1 -1 -1
304 -1 -1 -1 -1 -1 -1 -1 -1 -1 -1 -1 -1 -1 -1 -1 -1 -1 -1 -1 -1
305 -1 -1 -1 -1 -1 -1 -1 -1 -1 -1 -1 -1 -1 -1 -1 -1 -1 -1 -1 -1
306 -1 -1 -1 -1 -1 -1 -1 -1 -1 -1 -1 -1 -1 -1 -1 -1 -1 -1 -1 -1
307 -1 -1 -1 -1 -1 -1 -1 -1 -1 -1 -1 -1 -1 -1 -1 -1 -1 -1 -1 -1
308 -1 -1 -1 -1 -1 -1 -1 -1 -1 -1 -1 -1 -1 -1 -1 -1 -1 -1 -1 -1
309 -1 -1 -1 -1 -1 -1 -1 -1 -1 -1 -1 -1 -1 -1 -1 -1 -1 -1 -1 -1
310 -1 -1 -1 -1 -1 -1 -1 -1 -1 -1 -1 -1 -1 -1 -1 -1 -1 -1 -1 -1
311 -1 -1 -1 -1 -1 -1 -1 -1 -1 -1 -1 -1 -1 -1 -1 -1 -1 -1 -1 -1
312 -1 -1 -1 -1 -1 -1 -1 -1 -1 -1 -1 -1 -1 -1 -1 -1 -1 -1 -1 -1
313 -1 -1 -1 -1 -1 -1 -1 -1 -1 -1 -1 -1 -1 -1 -1 -1 -1 -1 -1 -1
314 -1 -1 -1 -1 -1 -1 -1 -1 -1 -1 -1 -1 -1 -1 -1 -1 -1 -1 -1 -1
315 -1 -1 -1 -1 -1 -1 -1 -1 -1 -1 -1 -1 -1 -1 -1 -1 -1 -1 -1 -1
316 -1 -1 -1 -1 -1 -1 -1 -1 -1 -1 -1 -1 -1 -1 -1 -1 -1 -1 -1 -1
317 -1 -1 -1 -1 -1 -1 -1 -1 -1 -1 -1 -1 -1 -1 -1 -1 -1 -1 -1 -1
318 -1 -1 -1 -1 -1 -1 -1 -1 -1 -1 -1 -1 -1 -1 -1 -1 -1 -1 -1 -1
319 -1 -1 -1 -1 -1 -1 -1 -1 -1 -1 -1 -1 -1 -1 -1 -1 -1 -1 -1 -1
320 -1 -1 -1 -1 -1 -1 -1 -1 -1 -1 -1 -1 -1 -1 -1 -1 -1 -1 -1 -1
321 -1 -1 -1 -1 -1 -1 -1 -1 -1 -1 -1 -1 -1 -1 -1 -1 -1 -1 -1 -1
322 -1 -1 -1 -1 -1 -1 -1 -1 -1 -1 -1 -1 -1 -1 -1 -1 -1 -1 -1 -1
323 -1 -1 -1 -1 -1 -1 -1 -1 -1 -1 -1 -1 -1 -1 -1 -1 -1 -1 -1 -1
324 -1 -1 -1 -1 -1 -1 -1 -1 -1 -1 -1 -1 -1 -1 -1 -1 -1 -1 -1 -1
325 -1 -1 -1 -1 -1 -1 -1 -1 -1 -1 -1 -1 -1 -1 -1 -1 -1 -1 -1 -1
326 -1 -1 -1 -1 -1 -1 -1 -1 -1 -1 -1 -1 -1 -1 -1 -1 -1 -1 -1 -1
327 -1 -1 -1 -1 -1 -1 -1 -1 -1 -1 -1 -1 -1 -1 -1 -1 -1 -1 -1 -1
328 -1 -1 -1 -1 -1 -1 -1 -1 -1 -1 -1 -1 -1 -1 -1 -1 -1 -1 -1 -1
329 -1 -1 -1 -1 -1 -1 -1 -1 -1 -1 -1 -1 -1 -1 -1 -1 -1 -1 -1 -1
330 -1 -1 -1 -1 -1 -1 -1 -1 -1 -1 -1 -1 -1 -1 -1 -1 -1 -1 -1 -1
331 -1 -1 -1 -1 -1 -1 -1 -1 -1 -1 -1 -1 -1 -1 -1 -1 -1 -1 -1 -1
332 -1 -1 -1 -1 -1 -1 -1 -1 -1 -1 -1 -1 -1 -1 -1 -1 -1 -1 -1 -1
333 -1 -1 -1 -1 -1 -1 -1 -1 -1 -1 -1 -1 -1 -1 -1 -1 -1 -1 -1 -1
334 -1 -1 -1 -1 -1 -1 -1 -1 -1 -1 -1 -1 -1 -1 -1 -1 -1 -1 -1 -1
335 -1 -1 -1 -1 -1 -1 -1 -1 -1 -1 -1 -1 -1 -1 -1 -1 -1 -1 -1 -1
336 -1 -1 -1 -1 -1 -1 -1 -1 -1 -1 -1 -1 -1 -1 -1 -1 -1 -1 -1 -1
337 -1 -1 -1 -1 -1 -1 -1 -1 -1 -1 -1 -1 -1 -1 -1 -1 -1 -1 -1 -1
338 -1 -1 -1 -1 -1 -1 -1 -1 -1 -1 -1 -1 -1 -1 -1 -1 -1 -1 -1 -1
339 -1 -1 -1 -1 -1 -1 -1 -1 -1 -1 -1 -1 -1 -1 -1 -1 -1 -1 -1 -1
340 -1 -1 -1 -1 -1 -1 -1 -1 -1 -1 -1 -1 -1 -1 -1 -1 -1 -1 -1 -1
341 -1 -1 -1 -1 -1 -1 -1 -1 -1 -1 -1 -1 -1 -1 -1 -1 -1 -1 -1 -1
342 -1 -1 -1 -1 -1 -1 -1 -1 -1 -1 -1 -1 -1 -1 -1 -1 -1 -1 -1 -1
343 -1 -1 -1 -1 -1 -1 -1 -1 -1 -1 -1 -1 -1 -1 -1 -1 -1 -1 -1 -1
344 -1 -1 -1 -1 -1 -1 -1 -1 -1 -1 -1 -1 -1 -1 -1 -1 -1 -1 -1 -1
345 -1 -1 -1 -1 -1 -1 -1 -1 -1 -1 -1 -1 -1 -1 -1 -1 -1 -1 -1 -1
346 -1 -1 -1 -1 -1 -1 -1 -1 -1 -1 -1 -1 -1 -1 -1 -1 -1 -1 -1 -1
347 -1 -1 -1 -1 -1 -1 -1 -1 -1 -1 -1 -1 -1 -1 -1 -1 -1 -1 -1 -1
348 -1 -1 -1 -1 -1 -1 -1 -1 -1 -1 -1 -1 -1 -1 -1 -1 -1 -1 -1 -1
349 -1 -1 -1 -1 -1 -1 -1 -1 -1 -1 -1 -1 -1 -1 -1 -1 -1 -1 -1 -1
350 -1 -1 -1 -1 -1 -1 -1 -1 -1 -1 -1 -1 -1 -1 -1 -1 -1 -1 -1 -1
351 -1 -1 -1 -1 -1 -1 -1 -1 -1 -1 -1 -1 -1 -1 -1 -1 -1 -1 -1 -1
352 -1 -1 -1 -1 -1 -1 -1 -1 -1 -1 -1 -1 -1 -1 -1 -1 -1 -1 -1 -1
353 -1 -1 -1 -1 -1 -1 -1 -1 -1 -1 -1 -1 -1 -1 -1 -1 -1 -1 -1 -1
354 -1 -1 -1 -1 -1 -1 -1 -1 -1 -1 -1 -1 -1 -1 -1 -1 -1 -1 -1 -1
355 -1 -1 -1 -1 -1 -1 -1 -1 -1 -1 -1 -1 -1 -1 -1 -1 -1 -1 -1 -1
356 -1 -1 -1 -1 -1 -1 -1 -1 -1 -1 -1 -1 -1 -1 -1 -1 -1 -1 -1 -1
357 -1 -1 -1 -1 -1 -1 -1 -1 -1 -1 -1 -1 -1 -1 -1 -1 -1 -1 -1 -1
358 -1 -1 -1 -1 -1 -1 -1 -1 -1 -1 -1 -1 -1 -1 -1 -1 -1 -1 -1 -1
359 -1 -1 -1 -1 -1 -1 -1 -1 -1 -1 -1 -1 -1 -1 -1 -1 -1 -1 -1 -1
360 -1 -1 -1 -1 -1 -1 -1 -1 -1 -1 -1 -1 -1 -1 -1 -1 -1 -1 -1 -1
361 -1 -1 -1 -1 -1 -1 -1 -1 -1 -1 -1 -1 -1 -1 -1 -1 -1 -1 -1 -1
362 -1 -1 -1 -1 -1 -1 -1 -1 -1 -1 -1 -1 -1 -1 -1 -1 -1 -1 -1 -1
363 -1 -1 -1 -1 -1 -1 -1 -1 -1 -1 -1 -1 -1 -1 -1 -1 -1 -1 -1 -1
364 -1 -1 -1 -1 -1 -1 -1 -1 -1 -1 -1 -1 -1 -1 -1 -1 -1 -1 -1 -1
365 -1 -1 -1 -1 -1 -1 -1 -1 -1 -1 -1 -1 -1 -1 -1 -1 -1 -1 -1 -1
366 -1 -1 -1 -1 -1 -1 -1 -1 -1 -1 -1 -1 -1 -1 -1 -1 -1 -1 -1 -1
367 -1 -1 -1 -1 -1 -1 -1 -1 -1 -1 -1 -1 -1 -1 -1 -1 -1 -1 -1 -1
368 -1 -1 -1 -1 -1 -1 -1 -1 -1 -1 -1 -1 -1 -1 -1 -1 -1 -1 -1 -1
369 -1 -1 -1 -1 -1 -1 -1 -1 -1 -1 -1 -1 -1 -1 -1 -1 -1 -1 -1 -1
370 -1 -1 -1 -1 -1 -1 -1 -1 -1 -1 -1 -1 -1 -1 -1 -1 -1 -1 -1 -1
371 -1 -1 -1 -1 -1 -1 -1 -1 -1 -1 -1 -1 -1 -1 -1 -1 -1 -1 -1 -1
372 -1 -1 -1 -1 -1 -1 -1 -1 -1 -1 -1 -1 -1 -1 -1 -1 -1 -1 -1 -1
373 -1 -1 -1 -1 -1 -1 -1 -1 -1 -1 -1 -1 -1 -1 -1 -1 -1 -1 -1 -1
374 -1 -1 -1 -1 -1 -1 -1 -1 -1 -1 -1 -1 -1 -1 -1 -1 -1 -1 -1 -1
375 -1 -1 -1 -1 -1 -1 -1 -1 -1 -1 -1 -1 -1 -1 -1 -1 -1 -1 -1 -1
376 -1 -1 -1 -1 -1 -1 -1 -1 -1 -1 -1 -1 -1 -1 -1 -1 -1 -1 -1 -1
377 -1 -1 -1 -1 -1 -1 -1 -1 -1 -1 -1 -1 -1 -1 -1 -1 -1 -1 -1 -1
378 -1 -1 -1 -1 -1 -1 -1 -1 -1 -1 -1 -1 -1 -1 -1 -1 -1 -1 -1 -1
379 -1 -1 -1 -1 -1 -1 -1 -1 -1 -1 -1 -1 -1 -1 -1 -1 -1 -1 -1 -1
380 -1 -1 -1 -1 -1 -1 -1 -1 -1 -1 -1 -1 -1 -1 -1 -1 -1 -1 -1 -1
381 -1 -1 -1 -1 -1 -1 -1 -1 -1 -1 -1 -1 -1 -1 -1 -1 -1 -1 -1 -1
382 -1 -1 -1 -1 -1 -1 -1 -1 -1 -1 -1 -1 -1 -1 -1 -1 -1 -1 -1 -1
383 -1 -1 -1 -1 -1 -1 -1 -1 -1 -1 -1 -1 -1 -1 -1 -1 -1 -1 -1 -1
384 -1 -1 -1 -1 -1 -1 -1 -1 -1 -1 -1 -1 -1 -1 -1 -1 -1 -1 -1 -1
385 -1 -1 -1 -1 -1 -1 -1 -1 -1 -1 -1 -1 -1 -1 -1 -1 -1 -1 -1 -1
386 -1 -1 -1 -1 -1 -1 -1 -1 -1 -1 -1 -1 -1 -1 -1 -1 -1 -1 -1 -1
387 -1 -1 -1 -1 -1 -1 -1 -1 -1 -1 -1 -1 -1 -1 -1 -1 -1 -1 -1 -1
388 -1 -1 -1 -1 -1 -1 -1 -1 -1 -1 -1 -1 -1 -1 -1 -1 -1 -1 -1 -1
389 -1 -1 -1 -1 -1 -1 -1 -1 -1 -1 -1 -1 -1 -1 -1 -1 -1 -1 -1 -1
390 -1 -1 -1 -1 -1 -1 -1 -1 -1 -1 -1 -1 -1 -1 -1 -1 -1 -1 -1 -1
391 -1 -1 -1 -1 -1 -1 -1 -1 -1 -1 -1 -1 -1 -1 -1 -1 -1 -1 -1 -1
392 -1 -1 -1 -1 -1 -1 -1 -1 -1 -1 -1 -1 -1 -1 -1 -1 -1 -1 -1 -1
393 -1 -1 -1 -1 -1 -1 -1 -1 -1 -1 -1 -1 -1 -1 -1 -1 -1 -1 -1 -1
394 -1 -1 -1 -1 -1 -1 -1 -1 -1 -1 -1 -1 -1 -1 -1 -1 -1 -1 -1 -1
395 -1 -1 -1 -1 -1 -1 -1 -1 -1 -1 -1 -1 -1 -1 -1 -1 -1 -1 -1 -1
396 -1 -1 -1 -1 -1 -1 -1 -1 -1 -1 -1 -1 -1 -1 -1 -1 -1 -1 -1 -1
397 -1 -1 -1 -1 -1 -1 -1 -1 -1 -1 -1 -1 -1 -1 -1 -1 -1 -1 -1 -1
398 -1 -1 -1 -1 -1 -1 -1 -1 -1 -1 -1 -1 -1 -1 -1 -1 -1 -1 -1 -1
399 -1 -1 -1 -1 -1 -1 -1 -1 -1 -1 -1 -1 -1 -1 -1 -1 -1 -1 -1 -1
400 -1 -1 -1 -1 -1 -1 -1 -1 -1 -1 -1 -1 -1 -1 -1 -1 -1 -1 -1 -1
401 -1 -1 -1 -1 -1 -1 -1 -1 -1 -1 -1 -1 -1 -1 -1 -1 -1 -1 -1 -1
402 -1 -1 -1 -1 -1 -1 -1 -1 -1 -1 -1 -1 -1 -1 -1 -1 -1 -1 -1 -1
403 -1 -1 -1 -1 -1 -1 -1 -1 -1 -1 -1 -1 -1 -1 -1 -1 -1 -1 -1 -1
404 -1 -1 -1 -1 -1 -1 -1 -1 -1 -1 -1 -1 -1 -1 -1 -1 -1 -1 -1 -1
405 -1 -1 -1 -1 -1 -1 -1 -1 -1 -1 -1 -1 -1 -1 -1 -1 -1 -1 -1 -1
406 -1 -1 -1 -1 -1 -1 -1 -1 -1 -1 -1 -1 -1 -1 -1 -1 -1 -1 -1 -1
407 -1 -1 -1 -1 -1 -1 -1 -1 -1 -1 -1 -1 -1 -1 -1 -1 -1 -1 -1 -1
408 -1 -1 -1 -1 -1 -1 -1 -1 -1 -1 -1 -1 -1 -1 -1 -1 -1 -1 -1 -1
409 -1 -1 -1 -1 -1 -1 -1 -1 -1 -1 -1 -1 -1 -1 -1 -1 -1 -1 -1 -1
410 -1 -1 -1 -1 -1 -1 -1 -1 -1 -1 -1 -1 -1 -1 -1 -1 -1 -1 -1 -1
411 -1 -1 -1 -1 -1 -1 -1 -1 -1 -1 -1 -1 -1 -1 -1 -1 -1 -1 -1 -1
412 -1 -1 -1 -1 -1 -1 -1 -1 -1 -1 -1 -1 -1 -1 -1 -1 -1 -1 -1 -1
413 -1 -1 -1 -1 -1 -1 -1 -1 -1 -1 -1 -1 -1 -1 -1 -1 -1 -1 -1 -1
414 -1 -1 -1 -1 -1 -1 -1 -1 -1 -1 -1 -1 -1 -1 -1 -1 -1 -1 -1 -1
415 -1 -1 -1 -1 -1 -1 -1 -1 -1 -1 -1 -1 -1 -1 -1 -1 -1 -1 -1 -1
416 -1 -1 -1 -1 -1 -1 -1 -1 -1 -1 -1 -1 -1 -1 -1 -1 -1 -1 -1 -1
417 -1 -1 -1 -1 -1 -1 -1 -1 -1 -1 -1 -1 -1 -1 -1 -1 -1 -1 -1 -1
418 -1 -1 -1 -1 -1 -1 -1 -1 -1 -1 -1 -1 -1 -1 -1 -1 -1 -1 -1 -1
419 -1 -1 -1 -1 -1 -1 -1 -1 -1 -1 -1 -1 -1 -1 -1 -1 -1 -1 -1 -1
420 -1 -1 -1 -1 -1 -1 -1 -1 -1 -1 -1 -1 -1 -1 -1 -1 -1 -1 -1 -1
421 -1 -1 -1 -1 -1 -1 -1 -1 -1 -1 -1 -1 -1 -1 -1 -1 -1 -1 -1 -1
422 -1 -1 -1 -1 -1 -1 -1 -1 -1 -1 -1 -1 -1 -1 -1 -1 -1 -1 -1 -1
423 -1 -1 -1 -1 -1 -1 -1 -1 -1 -1 -1 -1 -1 -1 -1 -1 -1 -1 -1 -1
424 -1 -1 -1 -1 -1 -1 -1 -1 -1 -1 -1 -1 -1 -1 -1 -1 -1 -1 -1 -1
425 -1 -1 -1 -1 -1 -1 -1 -1 -1 -1 -1 -1 -1 -1 -1 -1 -1 -1 -1 -1
426 -1 -1 -1 -1 -1 -1 -1 -1 -1 -1 -1 -1 -1 -1 -1 -1 -1 -1 -1 -1
427 -1 -1 -1 -1 -1 -1 -1 -1 -1 -1 -1 -1 -1 -1 -1 -1 -1 -1 -1 -1
428 -1 -1 -1 -1 -1 -1 -1 -1 -1 -1 -1 -1 -1 -1 -1 -1 -1 -1 -1 -1
429 -1 -1 -1 -1 -1 -1 -1 -1 -1 -1 -1 -1 -1 -1 -1 -1 -1 -1 -1 -1
430 -1 -1 -1 -1 -1 -1 -1 -1 -1 -1 -1 -1 -1 -1 -1 -1 -1 -1 -1 -1
431 -1 -1 -1 -1 -1 -1 -1 -1 -1 -1 -1 -1 -1 -1 -1 -1 -1 -1 -1 -1
432 -1 -1 -1 -1 -1 -1 -1 -1 -1 -1 -1 -1 -1 -1 -1 -1 -1 -1 -1 -1
433 -1 -1 -1 -1 -1 -1 -1 -1 -1 -1 -1 -1 -1 -1 -1 -1 -1 -1 -1 -1
434 -1 -1 -1 -1 -1 -1 -1 -1 -1 -1 -1 -1 -1 -1 -1 -1 -1 -1 -1 -1
435 -1 -1 -1 -1 -1 -1 -1 -1 -1 -1 -1 -1 -1 -1 -1 -1 -1 -1 -1 -1
436 -1 -1 -1 -1 -1 -1 -1 -1 -1 -1 -1 -1 -1 -1 -1 -1 -1 -1 -1 -1
437 -1 -1 -1 -1 -1 -1 -1 -1 -1 -1 -1 -1 -1 -1 -1 -1 -1 -1 -1 -1
438 -1 -1 -1 -1 -1 -1 -1 -1 -1 -1 -1 -1 -1 -1 -1 -1 -1 -1 -1 -1
439 -1 -1 -1 -1 -1 -1 -1 -1 -1 -1 -1 -1 -1 -1 -1 -1 -1 -1 -1 -1
440 -1 -1 -1 -1 -1 -1 -1 -1 -1 -1 -1 -1 -1 -1 -1 -1 -1 -1 -1 -1
441 -1 -1 -1 -1 -1 -1 -1 -1 -1 -1 -1 -1 -1 -1 -1 -1 -1 -1 -1 -1
442 -1 -1 -1 -1 -1 -1 -1 -1 -1 -1 -1 -1 -1 -1 -1 -1 -1 -1 -1 -1
443 -1 -1 -1 -1 -1 -1 -1 -1 -1 -1 -1 -1 -1 -1 -1 -1 -1 -1 -1 -1
444 -1 -1 -1 -1 -1 -1 -1 -1 -1 -1 -1 -1 -1 -1 -1 -1 -1 -1 -1 -1
445 -1 -1 -1 -1 -1 -1 -1 -1 -1 -1 -1 -1 -1 -1 -1 -1 -1 -1 -1 -1
446 -1 -1 -1 -1 -1 -1 -1 -1 -1 -1 -1 -1 -1 -1 -1 -1 -1 -1 -1 -1
447 -1 -1 -1 -1 -1 -1 -1 -1 -1 -1 -1 -1 -1 -1 -1 -1 -1 -1 -1 -1
448 -1 -1 -1 -1 -1 -1 -1 -1 -1 -1 -1 -1 -1 -1 -1 -1 -1 -1 -1 -1
449 -1 -1 -1 -1 -1 -1 -1 -1 -1 -1 -1 -1 -1 -1 -1 -1 -1 -1 -1 -1
450 -1 -1 -1 -1 -1 -1 -1 -1 -1 -1 -1 -1 -1 -1 -1 -1 -1 -1 -1 -1
451 -1 -1 -1 -1 -1 -1 -1 -1 -1 -1 -1 -1 -1 -1 -1 -1 -1 -1 -1 -1
452 -1 -1 -1 -1 -1 -1 -1 -1 -1 -1 -1 -1 -1 -1 -1 -1 -1 -1 -1 -1
453 -1 -1 -1 -1 -1 -1 -1 -1 -1 -1 -1 -1 -1 -1 -1 -1 -1 -1 -1 -1
454 -1 -1 -1 -1 -1 -1 -1 -1 -1 -1 -1 -1 -1 -1 -1 -1 -1 -1 -1 -1
455 -1 -1 -1 -1 -1 -1 -1 -1 -1 -1 -1 -1 -1 -1 -1 -1 -1 -1 -1 -1
456 -1 -1 -1 -1 -1 -1 -1 -1 -1 -1 -1 -1 -1 -1 -1 -1 -1 -1 -1 -1
457 -1 -1 -1 -1 -1 -1 -1 -1 -1 -1 -1 -1 -1 -1 -1 -1 -1 -1 -1 -1
458 -1 -1 -1 -1 -1 -1 -1 -1 -1 -1 -1 -1 -1 -1 -1 -1 -1 -1 -1 -1
459 -1 -1 -1 -1 -1 -1 -1 -1 -1 -1 -1 -1 -1 -1 -1 -1 -1 -1 -1 -1
460 -1 -1 -1 -1 -1 -1 -1 -1 -1 -1 -1 -1 -1 -1 -1 -1 -1 -1 -1 -1
461 -1 -1 -1 -1 -1 -1 -1 -1 -1 -1 -1 -1 -1 -1 -1 -1 -1 -1 -1 -1
462 -1 -1 -1 -1 -1 -1 -1 -1 -1 -1 -1 -1 -1 -1 -1 -1 -1 -1 -1 -1
463 -1 -1 -1 -1 -1 -1 -1 -1 -1 -1 -1 -1 -1 -1 -1 -1 -1 -1 -1 -1
464 -1 -1 -1 -1 -1 -1 -1 -1 -1 -1 -1 -1 -1 -1 -1 -1 -1 -1 -1 -1
465 -1 -1 -1 -1 -1 -1 -1 -1 -1 -1 -1 -1 -1 -1 -1 -1 -1 -1 -1 -1
466 -1 -1 -1 -1 -1 -1 -1 -1 -1 -1 -1 -1 -1 -1 -1 -1 -1 -1 -1 -1
467 -1 -1 -1 -1 -1 -1 -1 -1 -1 -1 -1 -1 -1 -1 -1 -1 -1 -1 -1 -1
468 -1 -1 -1 -1 -1 -1 -1 -1 -1 -1 -1 -1 -1 -1 -1 -1 -1 -1 -1 -1
469 -1 -1 -1 -1 -1 -1 -1 -1 -1 -1 -1 -1 -1 -1 -1 -1 -1 -1 -1 -1
470 0.650646 0.275340 0.618918 0.448622 0.594504 0.443501 0.643331 0.453743 0.594504 0.443501 0.588014 0.517442 0.571205 0.606979 0.643331 0.453743 0.649038 0.531853 0.650250 0.633434
471 0.653715 0.259803 0.621625 0.432164 0.596834 0.426002 0.646417 0.438327 0.596834 0.426002 0.587358 0.492728 0.570866 0.594266 0.646417 0.438327 0.658131 0.507314 0.652427 0.626167
472 0.656411 0.248141 0.622715 0.420451 0.598106 0.413680 0.647323 0.427221 0.598106 0.413680 0.586435 0.494714 0.571221 0.592173 0.647323 0.427221 0.660224 0.510314 0.652026 0.626809
473 0.659144 0.237147 0.623299 0.412832 0.598694 0.407047 0.647904 0.418617 0.598694 0.407047 0.585915 0.489655 0.571098 0.588069 0.647904 0.418617 0.663980 0.505425 0.651937 0.624824
474 0.662061 0.224504 0.624144 0.399988 0.600185 0.393618 0.648103 0.406359 0.600185 0.393618 0.585600 0.490360 0.571889 0.588480 0.648103 0.406359 0.666061 0.501587 0.651800 0.624692
475 0.663528 0.218984 0.625265 0.391948 0.601636 0.386072 0.648894 0.397824 0.601636 0.386072 0.586041 0.489767 0.571920 0.589991 0.648894 0.397824 0.667638 0.500080 0.653590 0.621977
476 0.666977 0.215705 0.626792 0.389263 0.603540 0.382341 0.650044 0.396184 0.603540 0.382341 0.586477 0.484248 0.571822 0.588667 0.650044 0.396184 0.669061 0.497912 0.654444 0.618945
477 0.669751 0.213472 0.630457 0.388914 0.607067 0.381278 0.653846 0.396551 0.607067 0.381278 0.589129 0.484750 0.571740 0.587870 0.653846 0.396551 0.669133 0.499642 0.654235 0.616802
478 0.673943 0.212562 0.634641 0.386917 0.611579 0.378887 0.657703 0.394947 0.611579 0.378887 0.592164 0.482376 0.571873 0.587922 0.657703 0.394947 0.669697 0.501464 0.654022 0.615277
479 0.679222 0.211520 0.639602 0.385522 0.617236 0.376890 0.661968 0.394154 0.617236 0.376890 0.597735 0.484805 0.571961 0.588307 0.661968 0.394154 0.670761 0.501217 0.653848 0.616698
480 0.684021 0.210720 0.644648 0.388833 0.622545 0.379960 0.666751 0.397706 0.622545 0.379960 0.602318 0.483589 0.573208 0.587384 0.666751 0.397706 0.671953 0.502348 0.653437 0.617791
481 0.687635 0.208100 0.650170 0.388427 0.628623 0.378671 0.671717 0.398183 0.628623 0.378671 0.609274 0.482395 0.579122 0.585885 0.671717 0.398183 0.672337 0.506066 0.653394 0.622665
482 0.691251 0.202231 0.653962 0.387906 0.633200 0.377322 0.674724 0.398489 0.633200 0.377322 0.611918 0.483307 0.579181 0.580830 0.674724 0.398489 0.671907 0.514226 0.653495 0.631153
483 0.693682 0.193331 0.659165 0.387660 0.640154 0.376869 0.678176 0.398451 0.640154 0.376869 0.630914 0.486766 0.599954 0.581280 0.678176 0.398451 0.671754 0.521138 0.645843 0.645663
484 0.697742 0.189711 0.665084 0.389072 0.650137 0.378518 0.680031 0.399626 0.650137 0.378518 0.646815 0.494063 0.636040 0.604514 0.680031 0.399626 0.671135 0.524836 0.642919 0.647002
485 0.700785 0.186128 0.669620 0.387779 0.657709 0.378155 0.681531 0.397402 0.657709 0.378155 0.663753 0.495491 0.640955 0.607220 0.681531 0.397402 0.671056 0.523555 0.643972 0.643458
486 0.705730 0.181627 0.674073 0.384962 0.666330 0.377665 0.681816 0.392259 0.666330 0.377665 0.668364 0.498960 0.643813 0.611333 0.681816 0.392259 0.670933 0.522847 0.644485 0.642662
487 0.705619 0.181030 0.678153 0.385034 0.669668 0.378471 0.686639 0.391596 0.669668 0.378471 0.670454 0.502795 0.648302 0.617350 0.686639 0.391596 0.671106 0.522482 0.646082 0.639310
488 -1 -1 -1 -1 -1 -1 -1 -1 -1 -1 -1 -1 -1 -1 -1 -1 -1 -1 -1 -1
489 -1 -1 -1 -1 -1 -1 -1 -1 -1 -1 -1 -1 -1 -1 -1 -1 -1 -1 -1 -1
490 -1 -1 -1 -1 -1 -1 -1 -1 -1 -1 -1 -1 -1 -1 -1 -1 -1 -1 -1 -1
491 -1 -1 -1 -1 -1 -1 -1 -1 -1 -1 -1 -1 -1 -1 -1 -1 -1 -1 -1 -1
492 -1 -1 -1 -1 -1 -1 -1 -1 -1 -1 -1 -1 -1 -1 -1 -1 -1 -1 -1 -1
493 -1 -1 -1 -1 -1 -1 -1 -1 -1 -1 -1 -1 -1 -1 -1 -1 -1 -1 -1 -1
494 -1 -1 -1 -1 -1 -1 -1 -1 -1 -1 -1 -1 -1 -1 -1 -1 -1 -1 -1 -1
495 -1 -1 -1 -1 -1 -1 -1 -1 -1 -1 -1 -1 -1 -1 -1 -1 -1 -1 -1 -1
496 -1 -1 -1 -1 -1 -1 -1 -1 -1 -1 -1 -1 -1 -1 -1 -1 -1 -1 -1 -1
497 -1 -1 -1 -1 -1 -1 -1 -1 -1 -1 -1 -1 -1 -1 -1 -1 -1 -1 -1 -1
498 -1 -1 -1 -1 -1 -1 -1 -1 -1 -1 -1 -1 -1 -1 -1 -1 -1 -1 -1 -1
499 -1 -1 -1 -1 -1 -1 -1 -1 -1 -1 -1 -1 -1 -1 -1 -1 -1 -1 -1 -1
500 -1 -1 -1 -1 -1 -1 -1 -1 -1 -1 -1 -1 -1 -1 -1 -1 -1 -1 -1 -1
501 -1 -1 -1 -1 -1 -1 -1 -1 -1 -1 -1 -1 -1 -1 -1 -1 -1 -1 -1 -1
502 -1 -1 -1 -1 -1 -1 -1 -1 -1 -1 -1 -1 -1 -1 -1 -1 -1 -1 -1 -1
503 -1 -1 -1 -1 -1 -1 -1 -1 -1 -1 -1 -1 -1 -1 -1 -1 -1 -1 -1 -1
504 -1 -1 -1 -1 -1 -1 -1 -1 -1 -1 -1 -1 -1 -1 -1 -1 -1 -1 -1 -1
505 -1 -1 -1 -1 -1 -1 -1 -1 -1 -1 -1 -1 -1 -1 -1 -1 -1 -1 -1 -1
506 -1 -1 -1 -1 -1 -1 -1 -1 -1 -1 -1 -1 -1 -1 -1 -1 -1 -1 -1 -1
507 -1 -1 -1 -1 -1 -1 -1 -1 -1 -1 -1 -1 -1 -1 -1 -1 -1 -1 -1 -1
508 -1 -1 -1 -1 -1 -1 -1 -1 -1 -1 -1 -1 -1 -1 -1 -1 -1 -1 -1 -1
509 -1 -1 -1 -1 -1 -1 -1 -1 -1 -1 -1 -1 -1 -1 -1 -1 -1 -1 -1 -1
510 -1 -1 -1 -1 -1 -1 -1 -1 -1 -1 -1 -1 -1 -1 -1 -1 -1 -1 -1 -1
511 0.868782 0.215815 0.845995 0.414298 0.843096 0.410317 0.848894 0.418278 0.843096 0.410317 0.813452 0.519544 0.766069 0.624497 0.848894 0.418278 0.857092 0.562826 0.869921 0.716313
512 0.878969 0.219571 0.855247 0.416707 0.853266 0.412871 0.857228 0.420544 0.853266 0.412871 0.822820 0.523962 0.768917 0.621194 0.857228 0.420544 0.868267 0.567424 0.872527 0.719862
513 0.887919 0.223347 0.867684 0.421295 0.868145 0.418077 0.867224 0.424514 0.868145 0.418077 0.837665 0.531392 0.775371 0.614766 0.867224 0.424514 0.877428 0.573177 0.874120 0.718986
514 0.898021 0.225749 0.878873 0.426325 0.883157 0.423488 0.874588 0.429161 0.883157 0.423488 0.865167 0.543511 0.788002 0.607835 0.874588 0.429161 0.883754 0.574192 0.874735 0.718143
515 0.907818 0.228724 0.887284 0.429426 0.893038 0.427602 0.881530 0.431249 0.893038 0.427602 0.883448 0.556379 0.799876 0.605787 0.881530 0.431249 0.888934 0.572639 0.875969 0.716826
516 0.915566 0.230680 0.896266 0.438116 0.902550 0.436438 0.889982 0.439794 0.902550 0.436438 0.889753 0.562761 0.815067 0.604511 0.889982 0.439794 0.894340 0.577618 0.875849 0.719852
517 0.923468 0.231081 0.905264 0.439121 0.912011 0.438106 0.898516 0.440136 0.912011 0.438106 0.900523 0.566078 0.857020 0.665711 0.898516 0.440136 0.902222 0.577453 0.864722 0.686512
518 0.931507 0.231655 0.913516 0.440427 0.918722 0.439251 0.908311 0.441604 0.918722 0.439251 0.909426 0.567095 0.853852 0.648216 0.908311 0.441604 0.915553 0.579391 0.872286 0.703366
519 0.939261 0.233610 0.917913 0.442809 0.920940 0.441894 0.914887 0.443725 0.920940 0.441894 0.909583 0.573508 0.872015 0.675325 0.914887 0.443725 0.925973 0.579194 0.874698 0.702991
520 -1 -1 -1 -1 -1 -1 -1 -1 -1 -1 -1 -1 -1 -1 -1 -1 -1 -1 -1 -1
521 -1 -1 -1 -1 -1 -1 -1 -1 -1 -1 -1 -1 -1 -1 -1 -1 -1 -1 -1 -1
522 -1 -1 -1 -1 -1 -1 -1 -1 -1 -1 -1 -1 -1 -1 -1 -1 -1 -1 -1 -1
523 -1 -1 -1 -1 -1 -1 -1 -1 -1 -1 -1 -1 -1 -1 -1 -1 -1 -1 -1 -1
524 -1 -1 -1 -1 -1 -1 -1 -1 -1 -1 -1 -1 -1 -1 -1 -1 -1 -1 -1 -1
525 -1 -1 -1 -1 -1 -1 -1 -1 -1 -1 -1 -1 -1 -1 -1 -1 -1 -1 -1 -1
526 -1 -1 -1 -1 -1 -1 -1 -1 -1 -1 -1 -1 -1 -1 -1 -1 -1 -1 -1 -1
527 -1 -1 -1 -1 -1 -1 -1 -1 -1 -1 -1 -1 -1 -1 -1 -1 -1 -1 -1 -1
528 -1 -1 -1 -1 -1 -1 -1 -1 -1 -1 -1 -1 -1 -1 -1 -1 -1 -1 -1 -1
529 -1 -1 -1 -1 -1 -1 -1 -1 -1 -1 -1 -1 -1 -1 -1 -1 -1 -1 -1 -1
530 -1 -1 -1 -1 -1 -1 -1 -1 -1 -1 -1 -1 -1 -1 -1 -1 -1 -1 -1 -1
531 -1 -1 -1 -1 -1 -1 -1 -1 -1 -1 -1 -1 -1 -1 -1 -1 -1 -1 -1 -1
532 -1 -1 -1 -1 -1 -1 -1 -1 -1 -1 -1 -1 -1 -1 -1 -1 -1 -1 -1 -1
533 -1 -1 -1 -1 -1 -1 -1 -1 -1 -1 -1 -1 -1 -1 -1 -1 -1 -1 -1 -1
534 -1 -1 -1 -1 -1 -1 -1 -1 -1 -1 -1 -1 -1 -1 -1 -1 -1 -1 -1 -1
535 -1 -1 -1 -1 -1 -1 -1 -1 -1 -1 -1 -1 -1 -1 -1 -1 -1 -1 -1 -1
536 -1 -1 -1 -1 -1 -1 -1 -1 -1 -1 -1 -1 -1 -1 -1 -1 -1 -1 -1 -1
537 -1 -1 -1 -1 -1 -1 -1 -1 -1 -1 -1 -1 -1 -1 -1 -1 -1 -1 -1 -1
538 -1 -1 -1 -1 -1 -1 -1 -1 -1 -1 -1 -1 -1 -1 -1 -1 -1 -1 -1 -1
539 -1 -1 -1 -1 -1 -1 -1 -1 -1 -1 -1 -1 -1 -1 -1 -1 -1 -1 -1 -1
540 -1 -1 -1 -1 -1 -1 -1 -1 -1 -1 -1 -1 -1 -1 -1 -1 -1 -1 -1 -1
541 -1 -1 -1 -1 -1 -1 -1 -1 -1 -1 -1 -1 -1 -1 -1 -1 -1 -1 -1 -1
542 -1 -1 -1 -1 -1 -1 -1 -1 -1 -1 -1 -1 -1 -1 -1 -1 -1 -1 -1 -1
543 -1 -1 -1 -1 -1 -1 -1 -1 -1 -1 -1 -1 -1 -1 -1 -1 -1 -1 -1 -1
