0
0
0 -1 -1 -1 -1 -1 -1 -1 -1 -1 -1 -1 -1 -1 -1 -1 -1 -1 -1 -1 -1
1 -1 -1 -1 -1 -1 -1 -1 -1 -1 -1 -1 -1 -1 -1 -1 -1 -1 -1 -1 -1
2 -1 -1 -1 -1 -1 -1 -1 -1 -1 -1 -1 -1 -1 -1 -1 -1 -1 -1 -1 -1
3 -1 -1 -1 -1 -1 -1 -1 -1 -1 -1 -1 -1 -1 -1 -1 -1 -1 -1 -1 -1
4 -1 -1 -1 -1 -1 -1 -1 -1 -1 -1 -1 -1 -1 -1 -1 -1 -1 -1 -1 -1
5 -1 -1 -1 -1 -1 -1 -1 -1 -1 -1 -1 -1 -1 -1 -1 -1 -1 -1 -1 -1
6 0.214044 0.280190 0.218785 0.372904 0.236916 0.365877 0.200654 0.379931 0.236916 0.365877 0.274288 0.402744 0.271130 0.497328 0.200654 0.379931 0.222140 0.437760 0.243013 0.514421
7 0.212900 0.276159 0.218149 0.369511 0.236347 0.363361 0.199951 0.375661 0.236347 0.363361 0.271898 0.412335 0.271272 0.498899 0.199951 0.375661 0.222065 0.439469 0.243233 0.515089
8 0.212547 0.271790 0.217541 0.366050 0.235772 0.359762 0.199311 0.372339 0.235772 0.359762 0.268554 0.408153 0.272798 0.499581 0.199311 0.372339 0.218753 0.437674 0.244251 0.514860
9 0.211913 0.269029 0.217363 0.368023 0.235484 0.361648 0.199242 0.374399 0.235484 0.361648 0.268734 0.410517 0.273424 0.498506 0.199242 0.374399 0.223111 0.436743 0.245674 0.512199
10 0.211447 0.265989 0.217031 0.365282 0.235078 0.359277 0.198985 0.371287 0.235078 0.359277 0.267721 0.408582 0.273110 0.498308 0.198985 0.371287 0.223179 0.436426 0.245501 0.512638
11 0.211344 0.264155 0.216913 0.365817 0.235012 0.359993 0.198815 0.371642 0.235012 0.359993 0.266752 0.416094 0.270456 0.500242 0.198815 0.371642 0.223239 0.437676 0.245265 0.513295
12 0.211186 0.263032 0.214861 0.364149 0.232662 0.359308 0.197061 0.368991 0.232662 0.359308 0.264114 0.418376 0.269478 0.502043 0.197061 0.368991 0.221105 0.437802 0.244700 0.514245
13 0.210800 0.262553 0.213166 0.363587 0.230442 0.358684 0.195889 0.368491 0.230442 0.358684 0.265315 0.420049 0.269467 0.501335 0.195889 0.368491 0.223590 0.437409 0.244584 0.516937
14 0.210741 0.263694 0.212607 0.364234 0.229683 0.359280 0.195531 0.369187 0.229683 0.359280 0.261344 0.422593 0.265955 0.503438 0.195531 0.369187 0.221203 0.443041 0.244413 0.519880
15 0.210650 0.264769 0.211630 0.364988 0.228739 0.359901 0.194522 0.370075 0.228739 0.359901 0.262722 0.424876 0.262483 0.502032 0.194522 0.370075 0.220601 0.445363 0.245107 0.520907
16 0.209725 0.265653 0.209047 0.365888 0.226523 0.360265 0.191572 0.371510 0.226523 0.360265 0.262729 0.422215 0.261136 0.501602 0.191572 0.371510 0.219330 0.445376 0.245015 0.520725
17 0.208442 0.270801 0.207176 0.365920 0.223536 0.360190 0.190816 0.371649 0.223536 0.360190 0.256971 0.420695 0.261907 0.502738 0.190816 0.371649 0.219634 0.445155 0.244688 0.520687
18 0.206480 0.278443 0.205621 0.367320 0.221637 0.360538 0.189605 0.374101 0.221637 0.360538 0.258637 0.420500 0.262454 0.502502 0.189605 0.374101 0.221998 0.443563 0.244758 0.520542
19 0.205027 0.286809 0.204251 0.369911 0.220341 0.362546 0.188161 0.377277 0.220341 0.362546 0.262626 0.411740 0.263359 0.502345 0.188161 0.377277 0.220192 0.439002 0.244679 0.520476
20 0.202732 0.292700 0.203308 0.375967 0.219257 0.368386 0.187360 0.383549 0.219257 0.368386 0.261859 0.411801 0.263462 0.502909 0.187360 0.383549 0.220602 0.442911 0.243920 0.522031
21 0.200072 0.297476 0.201175 0.379755 0.216625 0.372085 0.185726 0.387425 0.216625 0.372085 0.258128 0.407418 0.263608 0.502767 0.185726 0.387425 0.221372 0.428496 0.243677 0.518049
22 0.195615 0.299206 0.200966 0.383425 0.216677 0.375057 0.185255 0.391794 0.216677 0.375057 0.256276 0.413133 0.267089 0.504201 0.185255 0.391794 0.220987 0.435363 0.243672 0.521805
23 0.191555 0.299400 0.197329 0.385448 0.212845 0.376032 0.181812 0.394863 0.212845 0.376032 0.255488 0.414140 0.269893 0.503986 0.181812 0.394863 0.220905 0.435532 0.243720 0.521672
24 0.186464 0.297012 0.196632 0.385444 0.211893 0.376616 0.181370 0.394273 0.211893 0.376616 0.251040 0.418632 0.269915 0.504396 0.181370 0.394273 0.224383 0.445532 0.242937 0.523962
25 0.182079 0.295021 0.195981 0.387049 0.211215 0.378460 0.180747 0.395639 0.211215 0.378460 0.249159 0.421675 0.268717 0.504742 0.180747 0.395639 0.221639 0.448774 0.242936 0.524299
26 0.177820 0.293264 0.196552 0.386131 0.211489 0.377103 0.181614 0.395160 0.211489 0.377103 0.250438 0.421066 0.267712 0.504990 0.181614 0.395160 0.220100 0.447118 0.242406 0.522134
27 0.173587 0.291511 0.196285 0.385646 0.211142 0.376467 0.181428 0.394824 0.211142 0.376467 0.249025 0.424179 0.267904 0.504926 0.181428 0.394824 0.220171 0.448319 0.242462 0.522112
28 0.169733 0.290182 0.196153 0.385821 0.211048 0.376123 0.181257 0.395519 0.211048 0.376123 0.248229 0.426476 0.268264 0.506546 0.181257 0.395519 0.220400 0.448657 0.243545 0.522361
29 0.166443 0.289539 0.195627 0.385545 0.210726 0.375820 0.180528 0.395270 0.210726 0.375820 0.247051 0.425370 0.268233 0.506400 0.180528 0.395270 0.220515 0.450303 0.246233 0.520364
30 0.162652 0.289379 0.195325 0.384390 0.210294 0.374061 0.180357 0.394719 0.210294 0.374061 0.246758 0.420529 0.268210 0.505763 0.180357 0.394719 0.220421 0.448843 0.243919 0.517933
31 0.159277 0.289463 0.195038 0.383970 0.209608 0.373435 0.180468 0.394505 0.209608 0.373435 0.246682 0.420951 0.268402 0.504496 0.180468 0.394505 0.220448 0.448344 0.243384 0.518149
32 0.156865 0.289496 0.193896 0.383793 0.207749 0.373279 0.180043 0.394307 0.207749 0.373279 0.245378 0.420974 0.268578 0.500610 0.180043 0.394307 0.223378 0.448729 0.243442 0.520289
33 0.153715 0.289381 0.190596 0.383596 0.204182 0.373111 0.177010 0.394081 0.204182 0.373111 0.243255 0.416197 0.268507 0.492374 0.177010 0.394081 0.223250 0.444751 0.243442 0.519258
34 0.152425 0.288030 0.188256 0.383130 0.201944 0.372428 0.174569 0.393832 0.201944 0.372428 0.240442 0.416542 0.261227 0.494414 0.174569 0.393832 0.218180 0.445627 0.242678 0.519702
35 0.150906 0.287605 0.186246 0.382968 0.200264 0.372137 0.172228 0.393799 0.200264 0.372137 0.237320 0.406150 0.257542 0.479162 0.172228 0.393799 0.219931 0.427459 0.242581 0.510446
36 0.148993 0.287729 0.184390 0.383009 0.198319 0.372142 0.170461 0.393876 0.198319 0.372142 0.235290 0.388707 0.257944 0.462952 0.170461 0.393876 0.219896 0.409634 0.237892 0.505689
37 0.150053 0.287803 0.184984 0.382973 0.198708 0.372203 0.171260 0.393743 0.198708 0.372203 0.236876 0.395973 0.259045 0.463998 0.171260 0.393743 0.219121 0.415546 0.238150 0.504385
38 0.150437 0.288722 0.184058 0.383858 0.197307 0.373861 0.170810 0.393855 0.197307 0.373861 0.237348 0.399417 0.249949 0.472573 0.170810 0.393855 0.217441 0.409429 0.242825 0.493586
39 0.151569 0.288867 0.183486 0.383095 0.196377 0.373240 0.170595 0.392950 0.196377 0.373240 0.229915 0.373414 0.246432 0.454423 0.170595 0.392950 0.218808 0.413281 0.243898 0.496322
40 0.152171 0.289398 0.181758 0.383130 0.194033 0.373361 0.169483 0.392898 0.194033 0.373361 0.221672 0.351283 0.244512 0.426067 0.169483 0.392898 0.216756 0.409375 0.244243 0.491890
41 0.152884 0.289413 0.181133 0.383428 0.192740 0.374003 0.169527 0.392853 0.192740 0.374003 0.222178 0.343408 0.246178 0.430064 0.169527 0.392853 0.218492 0.383393 0.246846 0.462045
42 0.154075 0.289779 0.182463 0.385134 0.193984 0.376864 0.170942 0.393404 0.193984 0.376864 0.223724 0.342033 0.243752 0.445335 0.170942 0.393404 0.219757 0.353771 0.248561 0.439792
43 0.155198 0.290840 0.185763 0.386095 0.197557 0.377907 0.173969 0.394283 0.197557 0.377907 0.224276 0.326250 0.245676 0.414546 0.173969 0.394283 0.215064 0.370124 0.240735 0.454370
44 0.156258 0.291156 0.188277 0.385884 0.200268 0.377599 0.176285 0.394170 0.200268 0.377599 0.222594 0.315996 0.224398 0.391630 0.176285 0.394170 0.222037 0.395753 0.239157 0.503915
45 0.156513 0.291352 0.188395 0.385734 0.200406 0.377415 0.176383 0.394053 0.200406 0.377415 0.219028 0.329856 0.208111 0.416687 0.176383 0.394053 0.221761 0.414085 0.244283 0.504126
46 0.157042 0.291841 0.188901 0.383869 0.201019 0.374675 0.176783 0.393064 0.201019 0.374675 0.218485 0.312702 0.204693 0.391249 0.176783 0.393064 0.220136 0.421054 0.240775 0.520197
47 0.157417 0.292148 0.188874 0.383614 0.201023 0.374424 0.176725 0.392804 0.201023 0.374424 0.218409 0.312566 0.202929 0.410175 0.176725 0.392804 0.207070 0.399829 0.237940 0.485823
48 0.157663 0.292718 0.188879 0.383070 0.201196 0.374226 0.176563 0.391915 0.201196 0.374226 0.220594 0.385713 0.215104 0.484999 0.176563 0.391915 0.192589 0.376478 0.225012 0.432940
49 0.157720 0.292705 0.188960 0.381663 0.201177 0.373178 0.176743 0.390148 0.201177 0.373178 0.226805 0.367198 0.197922 0.431198 0.176743 0.390148 0.199275 0.415507 0.237021 0.497180
50 0.157843 0.292542 0.189482 0.381664 0.201219 0.373077 0.177745 0.390251 0.201219 0.373077 0.224744 0.318265 0.196954 0.410213 0.177745 0.390251 0.213107 0.426043 0.236185 0.515353
51 0.157877 0.291990 0.189405 0.381304 0.201106 0.372573 0.177705 0.390034 0.201106 0.372573 0.224709 0.320075 0.197794 0.418906 0.177705 0.390034 0.213818 0.425678 0.241625 0.511603
52 0.157243 0.291346 0.190084 0.381314 0.201347 0.372547 0.178821 0.390082 0.201347 0.372547 0.225717 0.318679 0.204138 0.412020 0.178821 0.390082 0.213329 0.376535 0.231986 0.460268
53 0.156967 0.291255 0.189975 0.381326 0.201335 0.372453 0.178615 0.390198 0.201335 0.372453 0.226535 0.319780 0.204181 0.416487 0.178615 0.390198 0.213270 0.377796 0.232162 0.458254
54 0.156086 0.290712 0.189902 0.381533 0.201305 0.372470 0.178499 0.390596 0.201305 0.372470 0.226711 0.320941 0.203691 0.415379 0.178499 0.390596 0.205580 0.375896 0.223412 0.447645
55 0.154493 0.290349 0.189460 0.381551 0.200753 0.372480 0.178168 0.390622 0.200753 0.372480 0.226756 0.321284 0.202708 0.417473 0.178168 0.390622 0.206092 0.400194 0.224446 0.473608
56 0.152403 0.290011 0.187460 0.381832 0.198399 0.372726 0.176521 0.390939 0.198399 0.372726 0.226516 0.322592 0.205347 0.418120 0.176521 0.390939 0.207006 0.394393 0.226011 0.472840
57 0.151367 0.290057 0.186597 0.381790 0.197073 0.372737 0.176122 0.390844 0.197073 0.372737 0.225666 0.322902 0.205962 0.423927 0.176122 0.390844 0.213654 0.400537 0.229496 0.488595
58 0.149971 0.289733 0.184591 0.381023 0.194412 0.371813 0.174769 0.390233 0.194412 0.371813 0.224438 0.323191 0.209053 0.423055 0.174769 0.390233 0.212317 0.389224 0.226330 0.451655
59 0.148805 0.290451 0.183857 0.381565 0.193766 0.372612 0.173947 0.390518 0.193766 0.372612 0.222523 0.323680 0.209207 0.424834 0.173947 0.390518 0.212270 0.419739 0.226966 0.496022
60 0.147076 0.291727 0.182972 0.381861 0.193274 0.373082 0.172670 0.390641 0.193274 0.373082 0.220947 0.330019 0.208295 0.430978 0.172670 0.390641 0.212690 0.427461 0.231581 0.504398
61 0.146544 0.294022 0.181323 0.382921 0.190605 0.375048 0.172041 0.390795 0.190605 0.375048 0.219074 0.334169 0.208405 0.428835 0.172041 0.390795 0.210071 0.390043 0.212853 0.448739
62 0.145158 0.295714 0.180659 0.383151 0.190683 0.375256 0.170634 0.391047 0.190683 0.375256 0.216491 0.344850 0.207781 0.445424 0.170634 0.391047 0.209339 0.429109 0.231685 0.501700
63 0.143758 0.297340 0.181769 0.383123 0.191044 0.375192 0.172494 0.391053 0.191044 0.375192 0.216581 0.342805 0.210022 0.443420 0.172494 0.391053 0.214444 0.429203 0.232007 0.504321
64 0.142982 0.298327 0.180371 0.383465 0.188818 0.375381 0.171924 0.391549 0.188818 0.375381 0.216700 0.336986 0.211347 0.435199 0.171924 0.391549 0.211945 0.422654 0.222884 0.503452
65 0.142198 0.298546 0.180161 0.383645 0.188717 0.375477 0.171605 0.391813 0.188717 0.375477 0.215889 0.330154 0.210736 0.411849 0.171605 0.391813 0.205252 0.393207 0.203788 0.442700
66 0.140630 0.298095 0.178715 0.383232 0.187703 0.374157 0.169727 0.392306 0.187703 0.374157 0.216224 0.335458 0.210407 0.416288 0.169727 0.392306 0.209296 0.417644 0.209327 0.474977
67 0.140617 0.297717 0.178550 0.383295 0.188128 0.374159 0.168973 0.392431 0.188128 0.374159 0.216589 0.326281 0.209943 0.410472 0.168973 0.392431 0.209338 0.416596 0.215608 0.474847
68 0.141504 0.297547 0.178839 0.383274 0.188548 0.374173 0.169131 0.392375 0.188548 0.374173 0.216773 0.326895 0.207674 0.414184 0.169131 0.392375 0.214027 0.416144 0.218108 0.468553
69 0.142077 0.297940 0.180566 0.382459 0.190033 0.373820 0.171100 0.391099 0.190033 0.373820 0.216936 0.323548 0.207738 0.393412 0.171100 0.391099 0.213232 0.423154 0.219073 0.493443
70 0.142542 0.298110 0.182897 0.382533 0.192042 0.373875 0.173751 0.391192 0.192042 0.373875 0.218196 0.324306 0.214900 0.403311 0.173751 0.391192 0.213218 0.444261 0.228836 0.517358
71 0.143151 0.299313 0.183144 0.381758 0.191969 0.372327 0.174319 0.391189 0.191969 0.372327 0.218924 0.325099 0.214023 0.407036 0.174319 0.391189 0.213122 0.434116 0.223533 0.511665
72 0.143582 0.299590 0.184490 0.382512 0.192823 0.373105 0.176158 0.391919 0.192823 0.373105 0.220183 0.324860 0.231715 0.404883 0.176158 0.391919 0.200154 0.405628 0.207980 0.457466
73 0.143703 0.299552 0.186064 0.381423 0.195692 0.371011 0.176437 0.391834 0.195692 0.371011 0.221517 0.324330 0.233114 0.405707 0.176437 0.391834 0.192651 0.405653 0.209065 0.463813
74 0.144247 0.299383 0.185748 0.382259 0.195292 0.372679 0.176203 0.391838 0.195292 0.372679 0.221908 0.324611 0.221074 0.406439 0.176203 0.391838 0.201912 0.403526 0.211495 0.465696
75 0.144377 0.299350 0.185601 0.382411 0.195180 0.373003 0.176021 0.391818 0.195180 0.373003 0.222200 0.325364 0.220416 0.410721 0.176021 0.391818 0.203365 0.428218 0.224671 0.505996
76 0.144449 0.299267 0.185434 0.382316 0.194967 0.373086 0.175900 0.391547 0.194967 0.373086 0.222943 0.325426 0.224242 0.406838 0.175900 0.391547 0.205878 0.392957 0.210888 0.455440
77 0.144430 0.299207 0.185356 0.382458 0.194889 0.373501 0.175822 0.391416 0.194889 0.373501 0.224095 0.324696 0.231801 0.404671 0.175822 0.391416 0.208621 0.396328 0.219591 0.488140
78 0.145111 0.298954 0.184495 0.382172 0.194780 0.373115 0.174211 0.391229 0.194780 0.373115 0.224149 0.324756 0.217062 0.406287 0.174211 0.391229 0.201610 0.398937 0.218457 0.486726
79 0.145801 0.299266 0.185650 0.382339 0.195512 0.373349 0.175788 0.391330 0.195512 0.373349 0.224092 0.324820 0.215488 0.413036 0.175788 0.391330 0.211233 0.440538 0.233606 0.526999
80 0.146883 0.300054 0.186901 0.383370 0.197073 0.374413 0.176730 0.392327 0.197073 0.374413 0.223989 0.323136 0.224519 0.408331 0.176730 0.392327 0.199691 0.407164 0.215537 0.483492
81 0.147766 0.300513 0.186817 0.383243 0.196959 0.374408 0.176676 0.392078 0.196959 0.374408 0.222735 0.335496 0.217825 0.443384 0.176676 0.392078 0.196836 0.403253 0.216482 0.459722
82 0.149115 0.300346 0.186953 0.383486 0.197375 0.374400 0.176531 0.392572 0.197375 0.374400 0.221304 0.327418 0.212616 0.431735 0.176531 0.392572 0.197691 0.407456 0.217215 0.472922
83 0.150387 0.300619 0.187182 0.383691 0.198048 0.374387 0.176315 0.392995 0.198048 0.374387 0.218564 0.326926 0.212110 0.439605 0.176315 0.392995 0.198757 0.424783 0.232786 0.498900
84 0.151246 0.300501 0.189574 0.384111 0.200095 0.374607 0.179052 0.393616 0.200095 0.374607 0.215107 0.320837 0.207351 0.423012 0.179052 0.393616 0.198969 0.423234 0.231481 0.498242
85 0.151784 0.300200 0.189697 0.382979 0.200370 0.373153 0.179024 0.392804 0.200370 0.373153 0.208750 0.321494 0.188937 0.406186 0.179024 0.392804 0.181846 0.415519 0.224725 0.457984
86 0.152127 0.298969 0.189399 0.380605 0.199937 0.370887 0.178862 0.390324 0.199937 0.370887 0.209841 0.329428 0.210626 0.418856 0.178862 0.390324 0.186660 0.414602 0.224740 0.464374
87 0.152144 0.297801 0.188654 0.379831 0.199798 0.369529 0.177509 0.390132 0.199798 0.369529 0.210570 0.320921 0.215716 0.410761 0.177509 0.390132 0.186368 0.397031 0.215059 0.452070
88 0.152305 0.295785 0.187902 0.379112 0.199636 0.369779 0.176167 0.388445 0.199636 0.369779 0.213344 0.405663 0.225971 0.490388 0.176167 0.388445 0.176203 0.384651 0.216222 0.411824
89 0.154123 0.293462 0.189582 0.375375 0.201396 0.365617 0.177768 0.385133 0.201396 0.365617 0.222192 0.372989 0.235424 0.461410 0.177768 0.385133 0.177785 0.389278 0.206895 0.421126
90 0.155949 0.292798 0.191592 0.374792 0.203151 0.365160 0.180032 0.384423 0.203151 0.365160 0.222501 0.419417 0.235112 0.488151 0.180032 0.384423 0.181201 0.394097 0.213917 0.437714
91 0.156097 0.291895 0.193600 0.375315 0.205064 0.365025 0.182136 0.385604 0.205064 0.365025 0.222448 0.358378 0.258488 0.415119 0.182136 0.385604 0.203243 0.436275 0.232056 0.499219
92 0.156856 0.291168 0.195370 0.374735 0.206908 0.363447 0.183831 0.386023 0.206908 0.363447 0.224842 0.355922 0.258681 0.422622 0.183831 0.386023 0.214356 0.449143 0.238350 0.509215
93 0.158336 0.290635 0.196376 0.374191 0.207631 0.362643 0.185122 0.385739 0.207631 0.362643 0.232760 0.377288 0.258040 0.440096 0.185122 0.385739 0.215023 0.440646 0.239052 0.504033
94 0.160027 0.289457 0.196643 0.374620 0.207928 0.363252 0.185359 0.385987 0.207928 0.363252 0.242454 0.375600 0.271114 0.439201 0.185359 0.385987 0.210016 0.434568 0.235981 0.495455
95 0.161662 0.289394 0.196744 0.377062 0.208237 0.365382 0.185251 0.388741 0.208237 0.365382 0.247676 0.384605 0.264897 0.462808 0.185251 0.388741 0.210197 0.435739 0.237330 0.505020
96 0.163674 0.289232 0.196998 0.378138 0.209390 0.366707 0.184606 0.389570 0.209390 0.366707 0.245348 0.398326 0.260580 0.482345 0.184606 0.389570 0.210624 0.437687 0.236923 0.506147
97 0.166047 0.289435 0.196907 0.381962 0.209580 0.371545 0.184233 0.392379 0.209580 0.371545 0.245184 0.409929 0.259636 0.493982 0.184233 0.392379 0.213747 0.438929 0.238348 0.509734
98 0.169654 0.289633 0.197517 0.382737 0.211178 0.372511 0.183856 0.392963 0.211178 0.372511 0.244765 0.418844 0.259173 0.499371 0.183856 0.392963 0.217430 0.442730 0.236963 0.522153
99 0.173418 0.289767 0.198456 0.384407 0.213282 0.374512 0.183631 0.394301 0.213282 0.374512 0.244819 0.418166 0.260530 0.499440 0.183631 0.394301 0.220481 0.441312 0.236443 0.524101
100 0.175852 0.290084 0.198090 0.384426 0.212666 0.374735 0.183515 0.394116 0.212666 0.374735 0.245243 0.415263 0.260175 0.499501 0.183515 0.394116 0.220287 0.439260 0.239297 0.518256
101 0.181244 0.290546 0.198083 0.384327 0.212777 0.374764 0.183389 0.393889 0.212777 0.374764 0.245414 0.422338 0.260428 0.503409 0.183389 0.393889 0.224474 0.441299 0.241691 0.520484
102 0.186281 0.290880 0.198590 0.385037 0.213015 0.375922 0.184166 0.394152 0.213015 0.375922 0.247040 0.415146 0.260839 0.499707 0.184166 0.394152 0.224770 0.440214 0.240570 0.522492
103 0.190766 0.293184 0.198461 0.384345 0.212793 0.375553 0.184130 0.393138 0.212793 0.375553 0.245978 0.411372 0.261471 0.502491 0.184130 0.393138 0.222109 0.439550 0.241860 0.521669
104 0.194548 0.294437 0.198872 0.384385 0.212817 0.375665 0.184927 0.393105 0.212817 0.375665 0.246543 0.410565 0.261026 0.500458 0.184927 0.393105 0.223135 0.438963 0.241553 0.521465
105 0.198453 0.295090 0.200015 0.384214 0.213547 0.375562 0.186482 0.392866 0.213547 0.375562 0.250518 0.403600 0.260524 0.497204 0.186482 0.392866 0.223746 0.434127 0.240589 0.520628
106 0.203163 0.296784 0.201648 0.382984 0.214572 0.374510 0.188724 0.391458 0.214572 0.374510 0.254130 0.408547 0.260302 0.497341 0.188724 0.391458 0.223052 0.437574 0.240487 0.521463
107 0.206829 0.297335 0.203190 0.380496 0.216260 0.371415 0.190119 0.389576 0.216260 0.371415 0.262981 0.400029 0.261842 0.486057 0.190119 0.389576 0.230053 0.432691 0.246373 0.512441
108 0.209091 0.300534 0.203017 0.378921 0.216173 0.369154 0.189861 0.388687 0.216173 0.369154 0.264543 0.400583 0.263271 0.486746 0.189861 0.388687 0.230343 0.429840 0.244976 0.508385
109 0.211260 0.300213 0.203407 0.375716 0.217080 0.366411 0.189734 0.385020 0.217080 0.366411 0.269390 0.397584 0.266449 0.484675 0.189734 0.385020 0.231664 0.430009 0.244048 0.503799
110 0.212665 0.297803 0.204040 0.372750 0.218055 0.363235 0.190026 0.382265 0.218055 0.363235 0.272384 0.395103 0.265252 0.481839 0.190026 0.382265 0.230038 0.428615 0.242312 0.499049
111 0.214282 0.294867 0.205747 0.367180 0.221184 0.359208 0.190310 0.375152 0.221184 0.359208 0.273866 0.386380 0.266080 0.467625 0.190310 0.375152 0.222585 0.430903 0.229858 0.494317
112 0.213935 0.290278 0.206493 0.367749 0.222716 0.361413 0.190271 0.374085 0.222716 0.361413 0.270507 0.404731 0.255328 0.470054 0.190271 0.374085 0.193064 0.430996 0.203388 0.493557
113 0.214101 0.282314 0.207515 0.365304 0.224092 0.360587 0.190938 0.370021 0.224092 0.360587 0.271627 0.404371 0.256447 0.481181 0.190938 0.370021 0.193640 0.424257 0.217642 0.490394
114 0.214334 0.269972 0.210000 0.360859 0.226206 0.355856 0.193793 0.365862 0.226206 0.355856 0.273732 0.403569 0.257262 0.477854 0.193793 0.365862 0.226108 0.425517 0.239737 0.496105
115 0.213902 0.259034 0.211008 0.354494 0.227064 0.348718 0.194953 0.360270 0.227064 0.348718 0.274113 0.399182 0.259346 0.479103 0.194953 0.360270 0.235705 0.424257 0.241260 0.502196
116 0.214848 0.247513 0.213434 0.350681 0.229574 0.345996 0.197294 0.355365 0.229574 0.345996 0.275930 0.402568 0.259337 0.481403 0.197294 0.355365 0.235063 0.424176 0.242321 0.504423
117 0.215216 0.237060 0.216642 0.345916 0.232652 0.341387 0.200632 0.350445 0.232652 0.341387 0.274770 0.401392 0.263268 0.486138 0.200632 0.350445 0.235278 0.423865 0.241561 0.507745
118 0.216930 0.225400 0.219570 0.339760 0.235318 0.334655 0.203822 0.344865 0.235318 0.334655 0.274360 0.401383 0.264743 0.488492 0.203822 0.344865 0.233601 0.424467 0.242448 0.513129
119 0.217794 0.215376 0.222992 0.336194 0.238622 0.330899 0.207363 0.341490 0.238622 0.330899 0.276913 0.401313 0.269527 0.491937 0.207363 0.341490 0.237763 0.424758 0.244745 0.517229
120 0.219314 0.205985 0.225492 0.332244 0.241709 0.327352 0.209274 0.337137 0.241709 0.327352 0.275620 0.404783 0.273491 0.495404 0.209274 0.337137 0.226050 0.423358 0.243284 0.514849
121 0.221224 0.200472 0.229155 0.332852 0.245596 0.327709 0.212714 0.337994 0.245596 0.327709 0.275546 0.408274 0.278437 0.497961 0.212714 0.337994 0.225405 0.422407 0.242263 0.515009
122 0.223966 0.193144 0.230985 0.327288 0.247269 0.320817 0.214701 0.333760 0.247269 0.320817 0.279482 0.407668 0.284407 0.497599 0.214701 0.333760 0.227333 0.420357 0.239337 0.514009
123 0.227494 0.188779 0.235720 0.325386 0.251793 0.318629 0.219646 0.332143 0.251793 0.318629 0.281498 0.407875 0.287273 0.497565 0.219646 0.332143 0.236170 0.421907 0.240072 0.509552
124 0.232233 0.186140 0.241197 0.324890 0.256490 0.318108 0.225904 0.331673 0.256490 0.318108 0.286480 0.407296 0.289659 0.498811 0.225904 0.331673 0.244482 0.422120 0.242886 0.506590
125 0.237520 0.184289 0.245798 0.327557 0.261599 0.321626 0.229997 0.333487 0.261599 0.321626 0.286666 0.411997 0.291447 0.505276 0.229997 0.333487 0.242520 0.422613 0.244130 0.507171
126 0.242610 0.182641 0.253127 0.329269 0.268915 0.323770 0.237338 0.334767 0.268915 0.323770 0.286520 0.414674 0.292727 0.506664 0.237338 0.334767 0.242366 0.421829 0.243682 0.503628
127 0.247320 0.178983 0.258279 0.328878 0.273461 0.324110 0.243097 0.333647 0.273461 0.324110 0.287861 0.415809 0.294450 0.507450 0.243097 0.333647 0.248763 0.421351 0.245432 0.496901
128 0.252888 0.174778 0.264661 0.327295 0.278485 0.323437 0.250836 0.331152 0.278485 0.323437 0.289272 0.415096 0.293662 0.507099 0.250836 0.331152 0.255988 0.420660 0.253260 0.497035
129 0.258149 0.170366 0.268697 0.324885 0.281600 0.321200 0.255793 0.328571 0.281600 0.321200 0.289774 0.414423 0.294560 0.507346 0.255793 0.328571 0.263222 0.424342 0.263259 0.514118
130 0.263725 0.168513 0.277574 0.322143 0.290730 0.318397 0.264417 0.325889 0.290730 0.318397 0.293413 0.413939 0.295649 0.507215 0.264417 0.325889 0.269232 0.424953 0.263411 0.517367
131 0.268842 0.167158 0.284794 0.322974 0.297650 0.318989 0.271937 0.326959 0.297650 0.318989 0.297579 0.413858 0.295474 0.506591 0.271937 0.326959 0.278696 0.423617 0.276795 0.516038
132 0.274434 0.166480 0.287653 0.321497 0.301136 0.317894 0.274170 0.325100 0.301136 0.317894 0.299320 0.414435 0.294227 0.506567 0.274170 0.325100 0.280971 0.422749 0.279251 0.515253
133 0.279490 0.166300 0.291924 0.320227 0.303759 0.316557 0.280089 0.323897 0.303759 0.316557 0.302495 0.414332 0.294054 0.505182 0.280089 0.323897 0.290009 0.422611 0.288226 0.515030
134 0.284169 0.167759 0.297869 0.318137 0.309813 0.313670 0.285925 0.322605 0.309813 0.313670 0.309132 0.414212 0.297423 0.505161 0.285925 0.322605 0.294349 0.427044 0.297095 0.518805
135 0.289005 0.169373 0.302409 0.319210 0.314742 0.314792 0.290075 0.323628 0.314742 0.314792 0.311939 0.414034 0.298118 0.501806 0.290075 0.323628 0.302404 0.427714 0.310530 0.522743
136 0.293372 0.170402 0.305577 0.319741 0.317289 0.315456 0.293864 0.324027 0.317289 0.315456 0.313952 0.417584 0.302957 0.502703 0.293864 0.324027 0.316044 0.427555 0.341797 0.539421
137 0.298440 0.171261 0.310169 0.322449 0.321276 0.318742 0.299062 0.326156 0.321276 0.318742 0.316095 0.422260 0.303294 0.503366 0.299062 0.326156 0.318633 0.434397 0.349080 0.538167
138 0.305512 0.175404 0.315453 0.325647 0.326850 0.322004 0.304055 0.329291 0.326850 0.322004 0.316595 0.424804 0.302945 0.505980 0.304055 0.329291 0.331232 0.436186 0.372335 0.545964
139 0.311493 0.180884 0.320785 0.330452 0.331640 0.326673 0.309929 0.334230 0.331640 0.326673 0.320638 0.426871 0.302747 0.506003 0.309929 0.334230 0.339297 0.441225 0.379014 0.549440
140 0.317039 0.185246 0.326606 0.335177 0.337480 0.331403 0.315731 0.338950 0.337480 0.331403 0.327279 0.430092 0.303286 0.506024 0.315731 0.338950 0.344521 0.443043 0.380245 0.552602
141 0.322611 0.187391 0.335092 0.337817 0.345469 0.334224 0.324714 0.341411 0.345469 0.334224 0.336074 0.430275 0.307649 0.505789 0.324714 0.341411 0.350787 0.440869 0.377774 0.552009
142 0.327384 0.187219 0.343243 0.337610 0.353263 0.334056 0.333223 0.341164 0.353263 0.334056 0.346409 0.430318 0.313887 0.504047 0.333223 0.341164 0.358549 0.440010 0.374856 0.548795
143 0.333604 0.186889 0.350773 0.336795 0.360502 0.333085 0.341044 0.340506 0.360502 0.333085 0.356419 0.429339 0.326437 0.498304 0.341044 0.340506 0.365795 0.439913 0.371318 0.546628
144 0.338726 0.186550 0.357167 0.337735 0.367170 0.334091 0.347164 0.341379 0.367170 0.334091 0.371312 0.430983 0.344008 0.512778 0.347164 0.341379 0.367519 0.442834 0.371449 0.549023
145 0.342694 0.186293 0.363050 0.339500 0.374400 0.335046 0.351699 0.343955 0.374400 0.335046 0.389704 0.430273 0.351225 0.503272 0.351699 0.343955 0.364480 0.451466 0.372836 0.551937
146 0.347675 0.186532 0.368774 0.342063 0.380394 0.337315 0.357155 0.346810 0.380394 0.337315 0.400550 0.429896 0.366657 0.510922 0.357155 0.346810 0.370954 0.454428 0.377329 0.553261
147 0.353109 0.187985 0.375183 0.343199 0.386761 0.337519 0.363604 0.348879 0.386761 0.337519 0.411728 0.429806 0.384690 0.514969 0.363604 0.348879 0.376299 0.451329 0.379413 0.552175
148 0.358361 0.187657 0.379305 0.343991 0.389205 0.338695 0.369406 0.349287 0.389205 0.338695 0.415393 0.430186 0.406297 0.528463 0.369406 0.349287 0.380273 0.449684 0.380839 0.554812
149 0.365283 0.185894 0.384088 0.348339 0.392341 0.344516 0.375834 0.352163 0.392341 0.344516 0.421373 0.433117 0.426382 0.541603 0.375834 0.352163 0.377336 0.456076 0.380216 0.555612
150 0.370781 0.183909 0.389407 0.351273 0.398158 0.348397 0.380656 0.354148 0.398158 0.348397 0.430267 0.444421 0.450163 0.549566 0.380656 0.354148 0.379856 0.462479 0.379242 0.557658
151 0.376959 0.185745 0.394746 0.356096 0.400255 0.353774 0.389238 0.358419 0.400255 0.353774 0.410981 0.457891 0.430964 0.555014 0.389238 0.358419 0.426956 0.460015 0.466731 0.556724
152 0.385238 0.188533 0.402468 0.363680 0.401218 0.362142 0.403718 0.365219 0.401218 0.362142 0.410186 0.459530 0.418855 0.554287 0.403718 0.365219 0.446178 0.462846 0.479604 0.558430
153 0.393953 0.194975 0.411904 0.369999 0.407932 0.368587 0.415875 0.371411 0.407932 0.368587 0.403549 0.462315 0.408147 0.555205 0.415875 0.371411 0.452534 0.467433 0.483118 0.564663
154 0.403258 0.197455 0.420387 0.370646 0.415426 0.368880 0.425347 0.372412 0.415426 0.368880 0.406261 0.459938 0.397557 0.552339 0.425347 0.372412 0.457182 0.468405 0.481190 0.571075
155 0.413099 0.197502 0.428693 0.372486 0.425608 0.370555 0.431779 0.374417 0.425608 0.370555 0.417199 0.460636 0.390492 0.550219 0.431779 0.374417 0.460529 0.467983 0.479777 0.570975
156 0.421571 0.196738 0.438783 0.371475 0.437414 0.369249 0.440152 0.373700 0.437414 0.369249 0.434175 0.463761 0.389534 0.548268 0.440152 0.373700 0.466313 0.468469 0.477469 0.574199
157 0.431741 0.195910 0.447826 0.370246 0.450853 0.367669 0.444798 0.372824 0.450853 0.367669 0.451562 0.464151 0.393844 0.544297 0.444798 0.372824 0.467238 0.468925 0.479113 0.573392
158 0.439742 0.194401 0.455588 0.368950 0.461732 0.366634 0.449444 0.371267 0.461732 0.366634 0.461425 0.462735 0.408365 0.542132 0.449444 0.371267 0.466290 0.469823 0.476931 0.571883
159 0.445817 0.193113 0.463050 0.366155 0.472145 0.361375 0.453955 0.370935 0.472145 0.361375 0.470828 0.461689 0.442238 0.546038 0.453955 0.370935 0.472168 0.469902 0.458489 0.557766
160 0.451448 0.192893 0.470054 0.364927 0.479075 0.360489 0.461033 0.369364 0.479075 0.360489 0.474439 0.462585 0.452655 0.550936 0.461033 0.369364 0.478172 0.469875 0.457952 0.556330
161 0.460233 0.191493 0.478609 0.364727 0.487172 0.360357 0.470046 0.369098 0.487172 0.360357 0.486340 0.461696 0.466308 0.555712 0.470046 0.369098 0.483304 0.469375 0.462955 0.559136
162 0.467943 0.191491 0.489126 0.365995 0.498952 0.362294 0.479301 0.369697 0.498952 0.362294 0.501363 0.464235 0.482050 0.559382 0.479301 0.369697 0.490877 0.474249 0.475814 0.571134
163 0.476083 0.192887 0.491494 0.367073 0.501691 0.363707 0.481296 0.370439 0.501691 0.363707 0.500504 0.466765 0.489278 0.574740 0.481296 0.370439 0.499717 0.474826 0.484476 0.580357
164 0.482959 0.194651 0.497109 0.372771 0.505603 0.369831 0.488615 0.375712 0.505603 0.369831 0.504345 0.473764 0.498147 0.578320 0.488615 0.375712 0.505179 0.481160 0.502252 0.601446
165 0.490408 0.197243 0.502954 0.374115 0.510338 0.370466 0.495571 0.377763 0.510338 0.370466 0.503337 0.475774 0.486489 0.571887 0.495571 0.377763 0.520675 0.489832 0.549231 0.606813
166 0.498984 0.200964 0.508628 0.374067 0.517550 0.370118 0.499707 0.378017 0.517550 0.370118 0.506235 0.479154 0.484019 0.569259 0.499707 0.378017 0.528875 0.493567 0.563076 0.609218
167 0.507172 0.204324 0.514401 0.374481 0.523801 0.370621 0.505000 0.378341 0.523801 0.370621 0.509991 0.479415 0.484553 0.567663 0.505000 0.378341 0.536358 0.496295 0.574707 0.615383
168 0.514783 0.208658 0.524135 0.379630 0.532001 0.376202 0.516270 0.383058 0.532001 0.376202 0.515912 0.479552 0.485920 0.567020 0.516270 0.383058 0.541560 0.497702 0.575606 0.622706
169 0.521522 0.210833 0.531111 0.379538 0.539065 0.376508 0.523157 0.382569 0.539065 0.376508 0.523094 0.479743 0.486065 0.566280 0.523157 0.382569 0.549303 0.494387 0.570859 0.619357
170 0.528479 0.210000 0.539906 0.378585 0.548963 0.375520 0.530849 0.381650 0.548963 0.375520 0.534043 0.482422 0.492893 0.560946 0.530849 0.381650 0.557285 0.494904 0.568238 0.617355
171 0.536295 0.211352 0.546613 0.380830 0.557021 0.377414 0.536204 0.384246 0.557021 0.377414 0.545475 0.484325 0.503449 0.554389 0.536204 0.384246 0.561791 0.499220 0.568884 0.616908
172 0.543192 0.211483 0.554294 0.380174 0.565111 0.376756 0.543478 0.383593 0.565111 0.376756 0.553144 0.488123 0.532047 0.576693 0.543478 0.383593 0.564255 0.497083 0.567424 0.614314
173 0.551229 0.211334 0.561749 0.381063 0.572215 0.377831 0.551284 0.384295 0.572215 0.377831 0.566077 0.486397 0.530590 0.558961 0.551284 0.384295 0.569989 0.496243 0.568230 0.614158
174 0.557943 0.211759 0.570438 0.386921 0.580528 0.383323 0.560348 0.390519 0.580528 0.383323 0.574934 0.488254 0.558056 0.580037 0.560348 0.390519 0.574718 0.503045 0.572615 0.615293
175 0.565636 0.211367 0.577674 0.388390 0.588179 0.383874 0.567170 0.392906 0.588179 0.383874 0.585948 0.487224 0.572098 0.580847 0.567170 0.392906 0.580482 0.504901 0.577995 0.617526
176 0.572292 0.211146 0.582335 0.387031 0.593048 0.382790 0.571621 0.391271 0.593048 0.382790 0.596870 0.489137 0.580604 0.594007 0.571621 0.391271 0.588793 0.499722 0.576693 0.614863
177 0.578464 0.211253 0.587395 0.386844 0.598070 0.382776 0.576720 0.390912 0.598070 0.382776 0.600382 0.492204 0.583402 0.608904 0.576720 0.390912 0.590165 0.507020 0.581436 0.617449
178 0.587194 0.211542 0.593644 0.388447 0.604567 0.385310 0.582721 0.391583 0.604567 0.385310 0.593986 0.499422 0.574745 0.615861 0.582721 0.391583 0.603749 0.509440 0.608144 0.617897
179 0.594822 0.213767 0.599603 0.391730 0.611246 0.389235 0.587960 0.394224 0.611246 0.389235 0.602300 0.503991 0.607596 0.607618 0.587960 0.394224 0.598245 0.511539 0.595058 0.617374
180 0.603338 0.215510 0.606925 0.395687 0.622078 0.393444 0.591772 0.397930 0.622078 0.393444 0.631231 0.503550 0.664132 0.603578 0.591772 0.397930 0.589893 0.513559 0.577924 0.617436
181 0.611782 0.216517 0.612294 0.399212 0.627973 0.397772 0.596615 0.400651 0.627973 0.397772 0.636562 0.504660 0.640394 0.609113 0.596615 0.400651 0.589245 0.514158 0.574199 0.617248
182 0.622229 0.218781 0.617081 0.399620 0.632493 0.399143 0.601669 0.400098 0.632493 0.399143 0.631456 0.502910 0.623753 0.613108 0.601669 0.400098 0.593976 0.512797 0.572634 0.614884
183 0.632879 0.220950 0.624915 0.400393 0.638771 0.399923 0.611059 0.400863 0.638771 0.399923 0.642468 0.501579 0.631641 0.608632 0.611059 0.400863 0.600739 0.511730 0.571985 0.613231
184 0.644581 0.222445 0.633346 0.403112 0.648653 0.403245 0.618039 0.402979 0.648653 0.403245 0.656226 0.500905 0.672202 0.607122 0.618039 0.402979 0.601269 0.512057 0.572040 0.611497
185 0.654460 0.219282 0.642062 0.401646 0.656642 0.401284 0.627483 0.402008 0.656642 0.401284 0.666051 0.499739 0.681092 0.601369 0.627483 0.402008 0.609429 0.510944 0.574109 0.609320
186 0.663963 0.216202 0.649627 0.400860 0.663833 0.400230 0.635422 0.401489 0.663833 0.400230 0.674803 0.499416 0.683095 0.588222 0.635422 0.401489 0.611030 0.510542 0.576766 0.608042
187 0.672125 0.213739 0.653406 0.400373 0.667104 0.399512 0.639708 0.401234 0.667104 0.399512 0.676581 0.500129 0.685980 0.591570 0.639708 0.401234 0.615507 0.510253 0.581404 0.607634
188 0.680971 0.211413 0.657067 0.399012 0.672651 0.399015 0.641483 0.399010 0.672651 0.399015 0.677429 0.500179 0.687426 0.591766 0.641483 0.399010 0.619835 0.508407 0.585180 0.604753
189 0.690046 0.209279 0.661209 0.396776 0.677875 0.398299 0.644543 0.395253 0.677875 0.398299 0.681100 0.499519 0.687749 0.591683 0.644543 0.395253 0.622574 0.506393 0.589096 0.600858
190 0.697427 0.207734 0.664627 0.395649 0.681744 0.398034 0.647510 0.393264 0.681744 0.398034 0.682339 0.500121 0.687085 0.590500 0.647510 0.393264 0.624309 0.505232 0.592993 0.600079
191 0.704562 0.208708 0.666380 0.395161 0.683002 0.397885 0.649757 0.392437 0.683002 0.397885 0.684214 0.501080 0.685653 0.597045 0.649757 0.392437 0.624136 0.505066 0.595561 0.600844
192 0.709354 0.207810 0.669322 0.394504 0.687715 0.398372 0.650929 0.390637 0.687715 0.398372 0.683650 0.502808 0.686029 0.597131 0.650929 0.390637 0.625079 0.504565 0.598505 0.601387
193 0.713833 0.208716 0.671485 0.394605 0.690464 0.399613 0.652506 0.389597 0.690464 0.399613 0.683997 0.504228 0.685022 0.597042 0.652506 0.389597 0.625931 0.502288 0.600929 0.600779
194 0.717791 0.209234 0.672867 0.394555 0.692222 0.400091 0.653512 0.389018 0.692222 0.400091 0.681980 0.503950 0.682195 0.596261 0.653512 0.389018 0.626760 0.501440 0.602583 0.599122
195 0.722062 0.210501 0.675252 0.394336 0.695649 0.401081 0.654855 0.387592 0.695649 0.401081 0.683465 0.503748 0.682270 0.596181 0.654855 0.387592 0.628467 0.499497 0.604958 0.599454
196 0.724060 0.211803 0.677837 0.395097 0.698613 0.402563 0.657061 0.387631 0.698613 0.402563 0.684388 0.503866 0.685299 0.595077 0.657061 0.387631 0.629684 0.499257 0.606400 0.599494
197 0.725157 0.211623 0.679606 0.395607 0.700023 0.403428 0.659189 0.387785 0.700023 0.403428 0.685740 0.504158 0.685671 0.596699 0.659189 0.387785 0.630924 0.499382 0.607941 0.600532
198 0.726043 0.211376 0.681608 0.396103 0.701624 0.404307 0.661591 0.387899 0.701624 0.404307 0.686887 0.506048 0.685661 0.600901 0.661591 0.387899 0.632698 0.499510 0.609193 0.601342
199 0.726658 0.211424 0.683984 0.396182 0.704125 0.404363 0.663844 0.388001 0.704125 0.404363 0.687943 0.505904 0.686884 0.595884 0.663844 0.388001 0.636098 0.498676 0.611123 0.601397
200 0.726797 0.210411 0.686395 0.394780 0.706320 0.402071 0.666469 0.387490 0.706320 0.402071 0.688978 0.505160 0.687540 0.588992 0.666469 0.387490 0.638598 0.498769 0.611851 0.601618
201 0.725809 0.208959 0.687541 0.394411 0.706774 0.401343 0.668307 0.387479 0.706774 0.401343 0.690541 0.503699 0.688029 0.589535 0.668307 0.387479 0.642807 0.498842 0.614012 0.601947
202 0.724548 0.208142 0.688284 0.394582 0.708099 0.401374 0.668470 0.387791 0.708099 0.401374 0.690933 0.503783 0.688096 0.588001 0.668470 0.387791 0.643904 0.499792 0.615937 0.604116
203 0.723467 0.207483 0.688713 0.394328 0.708203 0.400597 0.669224 0.388058 0.708203 0.400597 0.692322 0.502903 0.688150 0.587635 0.669224 0.388058 0.645544 0.499868 0.617393 0.604723
204 0.722037 0.206908 0.689528 0.395384 0.708490 0.400586 0.670566 0.390181 0.708490 0.400586 0.691484 0.502837 0.687856 0.586570 0.670566 0.390181 0.646233 0.502625 0.620397 0.607010
205 0.721331 0.206888 0.690718 0.395475 0.710279 0.400230 0.671156 0.390721 0.710279 0.400230 0.691040 0.503747 0.687717 0.590307 0.671156 0.390721 0.648293 0.507765 0.624548 0.617292
206 0.720778 0.206239 0.691303 0.395894 0.710951 0.399896 0.671655 0.391892 0.710951 0.399896 0.690675 0.505542 0.687572 0.598167 0.671655 0.391892 0.649601 0.514188 0.626560 0.625735
207 0.718448 0.205490 0.690910 0.396906 0.710162 0.400101 0.671658 0.393711 0.710162 0.400101 0.690909 0.510364 0.687705 0.607347 0.671658 0.393711 0.649343 0.521346 0.628537 0.632160
208 0.714472 0.205722 0.691500 0.397925 0.710508 0.400143 0.672492 0.395708 0.710508 0.400143 0.690729 0.514595 0.687837 0.607881 0.672492 0.395708 0.651907 0.524724 0.632223 0.633452
209 0.709567 0.205986 0.691492 0.398137 0.709933 0.399531 0.673051 0.396744 0.709933 0.399531 0.690912 0.514478 0.687306 0.609231 0.673051 0.396744 0.655452 0.525292 0.636047 0.636627
210 0.705386 0.206491 0.691449 0.398995 0.709531 0.399928 0.673368 0.398063 0.709531 0.399928 0.691233 0.516611 0.687249 0.612154 0.673368 0.398063 0.658834 0.527903 0.636390 0.638205
211 0.700109 0.209604 0.691289 0.401336 0.709025 0.399930 0.673553 0.402743 0.709025 0.399930 0.691234 0.517108 0.683946 0.612008 0.673553 0.402743 0.662916 0.529606 0.638595 0.640258
212 0.696471 0.211488 0.691806 0.402688 0.708792 0.399987 0.674820 0.405390 0.708792 0.399987 0.697172 0.516396 0.684347 0.611242 0.674820 0.405390 0.665207 0.528368 0.645317 0.640384
213 0.692687 0.214462 0.692173 0.405497 0.709058 0.401367 0.675289 0.409628 0.709058 0.401367 0.708356 0.512997 0.702866 0.601449 0.675289 0.409628 0.665290 0.528780 0.645454 0.640352
214 0.689388 0.217262 0.691950 0.411989 0.708951 0.406994 0.674948 0.416983 0.708951 0.406994 0.712128 0.514533 0.706217 0.601495 0.674948 0.416983 0.664210 0.533965 0.646113 0.648320
215 0.685164 0.220855 0.691096 0.415374 0.708837 0.410045 0.673354 0.420702 0.708837 0.410045 0.716405 0.514574 0.705422 0.601086 0.673354 0.420702 0.663185 0.540968 0.646242 0.652167
216 0.679963 0.225489 0.688836 0.418830 0.706084 0.412215 0.671588 0.425445 0.706084 0.412215 0.713197 0.514266 0.709216 0.593633 0.671588 0.425445 0.663454 0.542178 0.646720 0.654185
217 0.674731 0.229767 0.683135 0.423231 0.699545 0.416702 0.666726 0.429760 0.699545 0.416702 0.705763 0.519922 0.704444 0.603534 0.666726 0.429760 0.662833 0.549511 0.647547 0.661043
218 0.667643 0.236415 0.676050 0.427048 0.689721 0.420836 0.662379 0.433261 0.689721 0.420836 0.697309 0.525638 0.698275 0.613957 0.662379 0.433261 0.662428 0.548535 0.649454 0.666629
219 0.663880 0.240542 0.671912 0.433504 0.687015 0.427353 0.656809 0.439654 0.687015 0.427353 0.693440 0.537627 0.692645 0.635155 0.656809 0.439654 0.660318 0.559976 0.648103 0.675700
220 0.659107 0.241302 0.668940 0.437994 0.683268 0.432314 0.654613 0.443674 0.683268 0.432314 0.692900 0.544243 0.696175 0.645950 0.654613 0.443674 0.656309 0.568908 0.646275 0.684391
221 0.652825 0.244847 0.664888 0.443853 0.678057 0.437652 0.651719 0.450053 0.678057 0.437652 0.688985 0.551677 0.691887 0.655255 0.651719 0.450053 0.654975 0.574727 0.645928 0.692477
222 0.649136 0.247720 0.661423 0.448929 0.671818 0.443333 0.651028 0.454525 0.671818 0.443333 0.678364 0.554934 0.680346 0.658294 0.651028 0.454525 0.653949 0.579141 0.646746 0.694651
223 -1 -1 -1 -1 -1 -1 -1 -1 -1 -1 -1 -1 -1 -1 -1 -1 -1 -1 -1 -1
224 -1 -1 -1 -1 -1 -1 -1 -1 -1 -1 -1 -1 -1 -1 -1 -1 -1 -1 -1 -1
225 -1 -1 -1 -1 -1 -1 -1 -1 -1 -1 -1 -1 -1 -1 -1 -1 -1 -1 -1 -1
226 -1 -1 -1 -1 -1 -1 -1 -1 -1 -1 -1 -1 -1 -1 -1 -1 -1 -1 -1 -1
227 -1 -1 -1 -1 -1 -1 -1 -1 -1 -1 -1 -1 -1 -1 -1 -1 -1 -1 -1 -1
228 -1 -1 -1 -1 -1 -1 -1 -1 -1 -1 -1 -1 -1 -1 -1 -1 -1 -1 -1 -1
229 -1 -1 -1 -1 -1 -1 -1 -1 -1 -1 -1 -1 -1 -1 -1 -1 -1 -1 -1 -1
230 -1 -1 -1 -1 -1 -1 -1 -1 -1 -1 -1 -1 -1 -1 -1 -1 -1 -1 -1 -1
231 -1 -1 -1 -1 -1 -1 -1 -1 -1 -1 -1 -1 -1 -1 -1 -1 -1 -1 -1 -1
232 -1 -1 -1 -1 -1 -1 -1 -1 -1 -1 -1 -1 -1 -1 -1 -1 -1 -1 -1 -1
233 -1 -1 -1 -1 -1 -1 -1 -1 -1 -1 -1 -1 -1 -1 -1 -1 -1 -1 -1 -1
234 -1 -1 -1 -1 -1 -1 -1 -1 -1 -1 -1 -1 -1 -1 -1 -1 -1 -1 -1 -1
235 -1 -1 -1 -1 -1 -1 -1 -1 -1 -1 -1 -1 -1 -1 -1 -1 -1 -1 -1 -1
236 -1 -1 -1 -1 -1 -1 -1 -1 -1 -1 -1 -1 -1 -1 -1 -1 -1 -1 -1 -1
237 -1 -1 -1 -1 -1 -1 -1 -1 -1 -1 -1 -1 -1 -1 -1 -1 -1 -1 -1 -1
238 -1 -1 -1 -1 -1 -1 -1 -1 -1 -1 -1 -1 -1 -1 -1 -1 -1 -1 -1 -1
239 -1 -1 -1 -1 -1 -1 -1 -1 -1 -1 -1 -1 -1 -1 -1 -1 -1 -1 -1 -1
240 -1 -1 -1 -1 -1 -1 -1 -1 -1 -1 -1 -1 -1 -1 -1 -1 -1 -1 -1 -1
241 -1 -1 -1 -1 -1 -1 -1 -1 -1 -1 -1 -1 -1 -1 -1 -1 -1 -1 -1 -1
242 -1 -1 -1 -1 -1 -1 -1 -1 -1 -1 -1 -1 -1 -1 -1 -1 -1 -1 -1 -1
243 -1 -1 -1 -1 -1 -1 -1 -1 -1 -1 -1 -1 -1 -1 -1 -1 -1 -1 -1 -1
244 -1 -1 -1 -1 -1 -1 -1 -1 -1 -1 -1 -1 -1 -1 -1 -1 -1 -1 -1 -1
245 -1 -1 -1 -1 -1 -1 -1 -1 -1 -1 -1 -1 -1 -1 -1 -1 -1 -1 -1 -1
246 -1 -1 -1 -1 -1 -1 -1 -1 -1 -1 -1 -1 -1 -1 -1 -1 -1 -1 -1 -1
247 -1 -1 -1 -1 -1 -1 -1 -1 -1 -1 -1 -1 -1 -1 -1 -1 -1 -1 -1 -1
248 -1 -1 -1 -1 -1 -1 -1 -1 -1 -1 -1 -1 -1 -1 -1 -1 -1 -1 -1 -1
249 -1 -1 -1 -1 -1 -1 -1 -1 -1 -1 -1 -1 -1 -1 -1 -1 -1 -1 -1 -1
250 -1 -1 -1 -1 -1 -1 -1 -1 -1 -1 -1 -1 -1 -1 -1 -1 -1 -1 -1 -1
251 -1 -1 -1 -1 -1 -1 -1 -1 -1 -1 -1 -1 -1 -1 -1 -1 -1 -1 -1 -1
252 -1 -1 -1 -1 -1 -1 -1 -1 -1 -1 -1 -1 -1 -1 -1 -1 -1 -1 -1 -1
253 -1 -1 -1 -1 -1 -1 -1 -1 -1 -1 -1 -1 -1 -1 -1 -1 -1 -1 -1 -1
254 -1 -1 -1 -1 -1 -1 -1 -1 -1 -1 -1 -1 -1 -1 -1 -1 -1 -1 -1 -1
255 -1 -1 -1 -1 -1 -1 -1 -1 -1 -1 -1 -1 -1 -1 -1 -1 -1 -1 -1 -1
256 -1 -1 -1 -1 -1 -1 -1 -1 -1 -1 -1 -1 -1 -1 -1 -1 -1 -1 -1 -1
257 -1 -1 -1 -1 -1 -1 -1 -1 -1 -1 -1 -1 -1 -1 -1 -1 -1 -1 -1 -1
258 -1 -1 -1 -1 -1 -1 -1 -1 -1 -1 -1 -1 -1 -1 -1 -1 -1 -1 -1 -1
259 -1 -1 -1 -1 -1 -1 -1 -1 -1 -1 -1 -1 -1 -1 -1 -1 -1 -1 -1 -1
260 0.535861 0.321249 0.543490 0.522856 0.556290 0.516758 0.530691 0.528955 0.556290 0.516758 0.563552 0.621251 0.551254 0.718610 0.530691 0.528955 0.532291 0.648655 0.532104 0.763525
261 0.536421 0.320448 0.544304 0.521810 0.557705 0.516089 0.530902 0.527532 0.557705 0.516089 0.564725 0.621731 0.551600 0.717070 0.530902 0.527532 0.532693 0.647530 0.531909 0.763659
262 0.536796 0.320191 0.544756 0.521208 0.558404 0.515634 0.531107 0.526782 0.558404 0.515634 0.566635 0.622955 0.550546 0.718802 0.531107 0.526782 0.533064 0.646970 0.532070 0.763388
263 0.536904 0.321171 0.544873 0.522561 0.558491 0.517331 0.531255 0.527790 0.558491 0.517331 0.567869 0.627338 0.550860 0.725726 0.531255 0.527790 0.533167 0.647187 0.532160 0.763356
264 0.537435 0.322781 0.545861 0.523728 0.558441 0.517903 0.533281 0.529552 0.558441 0.517903 0.568343 0.628329 0.551210 0.736850 0.533281 0.529552 0.534147 0.647936 0.533963 0.764705
265 0.538085 0.324780 0.546817 0.524784 0.559902 0.519063 0.533731 0.530504 0.559902 0.519063 0.574685 0.632834 0.553780 0.744770 0.533731 0.530504 0.534248 0.647735 0.534343 0.765888
266 0.539453 0.325953 0.549511 0.527892 0.564813 0.522807 0.534208 0.532978 0.564813 0.522807 0.583786 0.642557 0.559679 0.753197 0.534208 0.532978 0.534309 0.650578 0.534943 0.768172
267 0.541547 0.327120 0.552133 0.528053 0.567844 0.522380 0.536423 0.533726 0.567844 0.522380 0.588396 0.641712 0.569362 0.759444 0.536423 0.533726 0.535034 0.651901 0.536266 0.770865
268 0.544393 0.328311 0.556947 0.530467 0.574783 0.524848 0.539110 0.536085 0.574783 0.524848 0.595658 0.640704 0.581937 0.754361 0.539110 0.536085 0.535084 0.655735 0.536714 0.770239
269 0.546266 0.329112 0.560458 0.533874 0.577431 0.528679 0.543485 0.539069 0.577431 0.528679 0.599454 0.645534 0.596263 0.755574 0.543485 0.539069 0.535980 0.658749 0.536418 0.770672
270 0.549465 0.329329 0.562635 0.535969 0.578771 0.530057 0.546499 0.541881 0.578771 0.530057 0.601159 0.647601 0.605063 0.759258 0.546499 0.541881 0.538513 0.658294 0.536883 0.772054
271 0.553080 0.330122 0.566172 0.535098 0.584052 0.529374 0.548292 0.540823 0.584052 0.529374 0.604459 0.643888 0.607855 0.755038 0.548292 0.540823 0.540963 0.658114 0.536902 0.772582
272 0.560347 0.331413 0.570380 0.534142 0.589849 0.528437 0.550912 0.539848 0.589849 0.528437 0.607009 0.634543 0.602210 0.713757 0.550912 0.539848 0.544054 0.657441 0.537553 0.772539
273 0.564727 0.332710 0.574264 0.533643 0.594433 0.528008 0.554096 0.539278 0.594433 0.528008 0.611615 0.629455 0.603359 0.709359 0.554096 0.539278 0.547963 0.654770 0.537858 0.772259
274 0.569150 0.335129 0.578122 0.533400 0.595933 0.527504 0.560312 0.539296 0.595933 0.527504 0.612294 0.616495 0.604660 0.689052 0.560312 0.539296 0.552985 0.653844 0.539016 0.772229
275 0.580483 0.340734 0.584171 0.536664 0.601639 0.530347 0.566702 0.542980 0.601639 0.530347 0.616252 0.617717 0.607911 0.686827 0.566702 0.542980 0.557488 0.652979 0.539271 0.771549
276 0.587882 0.347380 0.589136 0.538983 0.605261 0.532667 0.573011 0.545300 0.605261 0.532667 0.614343 0.616904 0.607019 0.688086 0.573011 0.545300 0.561260 0.653606 0.540417 0.771206
277 0.598133 0.350656 0.597584 0.538226 0.615127 0.531972 0.580040 0.544479 0.615127 0.531972 0.629746 0.617177 0.606448 0.676841 0.580040 0.544479 0.566133 0.653562 0.540325 0.769232
278 0.605645 0.358649 0.603380 0.541705 0.621244 0.536664 0.585515 0.546746 0.621244 0.536664 0.630483 0.617676 0.608430 0.682357 0.585515 0.546746 0.569648 0.657480 0.540092 0.769141
279 0.616352 0.368960 0.609588 0.544293 0.628148 0.540604 0.591029 0.547981 0.628148 0.540604 0.636152 0.622918 0.607127 0.687871 0.591029 0.547981 0.580690 0.661313 0.539896 0.768331
280 0.628232 0.377677 0.613998 0.547855 0.633602 0.544594 0.594394 0.551116 0.633602 0.544594 0.638101 0.627043 0.606587 0.689500 0.594394 0.551116 0.586028 0.669285 0.542201 0.766147
281 0.639909 0.383456 0.623153 0.547143 0.643029 0.543315 0.603276 0.550971 0.643029 0.543315 0.634053 0.638343 0.587770 0.701489 0.603276 0.550971 0.594572 0.667027 0.555200 0.766150
282 0.650349 0.392127 0.625427 0.540506 0.646903 0.538077 0.603951 0.542935 0.646903 0.538077 0.637513 0.645206 0.589693 0.727881 0.603951 0.542935 0.599321 0.662084 0.570282 0.769371
283 0.658050 0.405285 0.628172 0.540111 0.648580 0.537812 0.607764 0.542410 0.648580 0.537812 0.640997 0.644910 0.593587 0.720767 0.607764 0.542410 0.610711 0.660868 0.592587 0.776880
284 0.659469 0.440133 0.627933 0.544051 0.649237 0.541479 0.606630 0.546622 0.649237 0.541479 0.643859 0.648174 0.595888 0.694712 0.606630 0.546622 0.620349 0.678951 0.611294 0.808146
285 0.662449 0.467056 0.626339 0.536384 0.648930 0.534575 0.603747 0.538193 0.648930 0.534575 0.653229 0.620083 0.606499 0.650124 0.603747 0.538193 0.607598 0.620611 0.589299 0.669325
286 -1 -1 -1 -1 -1 -1 -1 -1 -1 -1 -1 -1 -1 -1 -1 -1 -1 -1 -1 -1
287 -1 -1 -1 -1 -1 -1 -1 -1 -1 -1 -1 -1 -1 -1 -1 -1 -1 -1 -1 -1
288 -1 -1 -1 -1 -1 -1 -1 -1 -1 -1 -1 -1 -1 -1 -1 -1 -1 -1 -1 -1
289 -1 -1 -1 -1 -1 -1 -1 -1 -1 -1 -1 -1 -1 -1 -1 -1 -1 -1 -1 -1
290 -1 -1 -1 -1 -1 -1 -1 -1 -1 -1 -1 -1 -1 -1 -1 -1 -1 -1 -1 -1
291 -1 -1 -1 -1 -1 -1 -1 -1 -1 -1 -1 -1 -1 -1 -1 -1 -1 -1 -1 -1
292 -1 -1 -1 -1 -1 -1 -1 -1 -1 -1 -1 -1 -1 -1 -1 -1 -1 -1 -1 -1
293 -1 -1 -1 -1 -1 -1 -1 -1 -1 -1 -1 -1 -1 -1 -1 -1 -1 -1 -1 -1
294 -1 -1 -1 -1 -1 -1 -1 -1 -1 -1 -1 -1 -1 -1 -1 -1 -1 -1 -1 -1
295 -1 -1 -1 -1 -1 -1 -1 -1 -1 -1 -1 -1 -1 -1 -1 -1 -1 -1 -1 -1
296 -1 -1 -1 -1 -1 -1 -1 -1 -1 -1 -1 -1 -1 -1 -1 -1 -1 -1 -1 -1
297 -1 -1 -1 -1 -1 -1 -1 -1 -1 -1 -1 -1 -1 -1 -1 -1 -1 -1 -1 -1
298 -1 -1 -1 -1 -1 -1 -1 -1 -1 -1 -1 -1 -1 -1 -1 -1 -1 -1 -1 -1
299 -1 -1 -1 -1 -1 -1 -1 -1 -1 -1 -1 -1 -1 -1 -1 -1 -1 -1 -1 -1
300 -1 -1 -1 -1 -1 -1 -1 -1 -1 -1 -1 -1 -1 -1 -1 -1 -1 -1 -1 -1
301 -1 -1 -1 -1 -1 -1 -1 -1 -1 -1 -1 -1 -1 -1 -1 -1 -1 -1 -1 -1
302 -1 -1 -1 -1 -1 -1 -1 -1 -1 -1 -1 -1 -1 -1 -1 -1 -1 -1 -1 -1
303 -1 -1 -1 -1 -1 -1 -1 -1 -1 -1 -1 -1 -1 -1 -1 -1 -1 -1 -1 -1
304 -1 -1 -1 -1 -1 -1 -1 -1 -1 -1 -1 -1 -1 -1 -1 -1 -1 -1 -1 -1
305 -1 -1 -1 -1 -1 -1 -1 -1 -1 -1 -1 -1 -1 -1 -1 -1 -1 -1 -1 -1
306 -1 -1 -1 -1 -1 -1 -1 -1 -1 -1 -1 -1 -1 -1 -1 -1 -1 -1 -1 -1
307 -1 -1 -1 -1 -1 -1 -1 -1 -1 -1 -1 -1 -1 -1 -1 -1 -1 -1 -1 -1
308 -1 -1 -1 -1 -1 -1 -1 -1 -1 -1 -1 -1 -1 -1 -1 -1 -1 -1 -1 -1
309 -1 -1 -1 -1 -1 -1 -1 -1 -1 -1 -1 -1 -1 -1 -1 -1 -1 -1 -1 -1
310 -1 -1 -1 -1 -1 -1 -1 -1 -1 -1 -1 -1 -1 -1 -1 -1 -1 -1 -1 -1
311 -1 -1 -1 -1 -1 -1 -1 -1 -1 -1 -1 -1 -1 -1 -1 -1 -1 -1 -1 -1
312 -1 -1 -1 -1 -1 -1 -1 -1 -1 -1 -1 -1 -1 -1 -1 -1 -1 -1 -1 -1
313 -1 -1 -1 -1 -1 -1 -1 -1 -1 -1 -1 -1 -1 -1 -1 -1 -1 -1 -1 -1
314 -1 -1 -1 -1 -1 -1 -1 -1 -1 -1 -1 -1 -1 -1 -1 -1 -1 -1 -1 -1
315 -1 -1 -1 -1 -1 -1 -1 -1 -1 -1 -1 -1 -1 -1 -1 -1 -1 -1 -1 -1
316 -1 -1 -1 -1 -1 -1 -1 -1 -1 -1 -1 -1 -1 -1 -1 -1 -1 -1 -1 -1
317 -1 -1 -1 -1 -1 -1 -1 -1 -1 -1 -1 -1 -1 -1 -1 -1 -1 -1 -1 -1
318 -1 -1 -1 -1 -1 -1 -1 -1 -1 -1 -1 -1 -1 -1 -1 -1 -1 -1 -1 -1
319 -1 -1 -1 -1 -1 -1 -1 -1 -1 -1 -1 -1 -1 -1 -1 -1 -1 -1 -1 -1
320 -1 -1 -1 -1 -1 -1 -1 -1 -1 -1 -1 -1 -1 -1 -1 -1 -1 -1 -1 -1
321 -1 -1 -1 -1 -1 -1 -1 -1 -1 -1 -1 -1 -1 -1 -1 -1 -1 -1 -1 -1
322 -1 -1 -1 -1 -1 -1 -1 -1 -1 -1 -1 -1 -1 -1 -1 -1 -1 -1 -1 -1
323 -1 -1 -1 -1 -1 -1 -1 -1 -1 -1 -1 -1 -1 -1 -1 -1 -1 -1 -1 -1
324 -1 -1 -1 -1 -1 -1 -1 -1 -1 -1 -1 -1 -1 -1 -1 -1 -1 -1 -1 -1
325 -1 -1 -1 -1 -1 -1 -1 -1 -1 -1 -1 -1 -1 -1 -1 -1 -1 -1 -1 -1
326 -1 -1 -1 -1 -1 -1 -1 -1 -1 -1 -1 -1 -1 -1 -1 -1 -1 -1 -1 -1
327 -1 -1 -1 -1 -1 -1 -1 -1 -1 -1 -1 -1 -1 -1 -1 -1 -1 -1 -1 -1
328 -1 -1 -1 -1 -1 -1 -1 -1 -1 -1 -1 -1 -1 -1 -1 -1 -1 -1 -1 -1
329 -1 -1 -1 -1 -1 -1 -1 -1 -1 -1 -1 -1 -1 -1 -1 -1 -1 -1 -1 -1
330 -1 -1 -1 -1 -1 -1 -1 -1 -1 -1 -1 -1 -1 -1 -1 -1 -1 -1 -1 -1
331 -1 -1 -1 -1 -1 -1 -1 -1 -1 -1 -1 -1 -1 -1 -1 -1 -1 -1 -1 -1
332 -1 -1 -1 -1 -1 -1 -1 -1 -1 -1 -1 -1 -1 -1 -1 -1 -1 -1 -1 -1
333 -1 -1 -1 -1 -1 -1 -1 -1 -1 -1 -1 -1 -1 -1 -1 -1 -1 -1 -1 -1
334 -1 -1 -1 -1 -1 -1 -1 -1 -1 -1 -1 -1 -1 -1 -1 -1 -1 -1 -1 -1
335 -1 -1 -1 -1 -1 -1 -1 -1 -1 -1 -1 -1 -1 -1 -1 -1 -1 -1 -1 -1
336 -1 -1 -1 -1 -1 -1 -1 -1 -1 -1 -1 -1 -1 -1 -1 -1 -1 -1 -1 -1
337 -1 -1 -1 -1 -1 -1 -1 -1 -1 -1 -1 -1 -1 -1 -1 -1 -1 -1 -1 -1
338 -1 -1 -1 -1 -1 -1 -1 -1 -1 -1 -1 -1 -1 -1 -1 -1 -1 -1 -1 -1
339 -1 -1 -1 -1 -1 -1 -1 -1 -1 -1 -1 -1 -1 -1 -1 -1 -1 -1 -1 -1
340 -1 -1 -1 -1 -1 -1 -1 -1 -1 -1 -1 -1 -1 -1 -1 -1 -1 -1 -1 -1
341 -1 -1 -1 -1 -1 -1 -1 -1 -1 -1 -1 -1 -1 -1 -1 -1 -1 -1 -1 -1
342 -1 -1 -1 -1 -1 -1 -1 -1 -1 -1 -1 -1 -1 -1 -1 -1 -1 -1 -1 -1
343 -1 -1 -1 -1 -1 -1 -1 -1 -1 -1 -1 -1 -1 -1 -1 -1 -1 -1 -1 -1
344 -1 -1 -1 -1 -1 -1 -1 -1 -1 -1 -1 -1 -1 -1 -1 -1 -1 -1 -1 -1
345 -1 -1 -1 -1 -1 -1 -1 -1 -1 -1 -1 -1 -1 -1 -1 -1 -1 -1 -1 -1
346 -1 -1 -1 -1 -1 -1 -1 -1 -1 -1 -1 -1 -1 -1 -1 -1 -1 -1 -1 -1
347 -1 -1 -1 -1 -1 -1 -1 -1 -1 -1 -1 -1 -1 -1 -1 -1 -1 -1 -1 -1
348 -1 -1 -1 -1 -1 -1 -1 -1 -1 -1 -1 -1 -1 -1 -1 -1 -1 -1 -1 -1
349 -1 -1 -1 -1 -1 -1 -1 -1 -1 -1 -1 -1 -1 -1 -1 -1 -1 -1 -1 -1
350 -1 -1 -1 -1 -1 -1 -1 -1 -1 -1 -1 -1 -1 -1 -1 -1 -1 -1 -1 -1
351 -1 -1 -1 -1 -1 -1 -1 -1 -1 -1 -1 -1 -1 -1 -1 -1 -1 -1 -1 -1
352 -1 -1 -1 -1 -1 -1 -1 -1 -1 -1 -1 -1 -1 -1 -1 -1 -1 -1 -1 -1
353 -1 -1 -1 -1 -1 -1 -1 -1 -1 -1 -1 -1 -1 -1 -1 -1 -1 -1 -1 -1
354 -1 -1 -1 -1 -1 -1 -1 -1 -1 -1 -1 -1 -1 -1 -1 -1 -1 -1 -1 -1
355 -1 -1 -1 -1 -1 -1 -1 -1 -1 -1 -1 -1 -1 -1 -1 -1 -1 -1 -1 -1
356 -1 -1 -1 -1 -1 -1 -1 -1 -1 -1 -1 -1 -1 -1 -1 -1 -1 -1 -1 -1
357 -1 -1 -1 -1 -1 -1 -1 -1 -1 -1 -1 -1 -1 -1 -1 -1 -1 -1 -1 -1
358 -1 -1 -1 -1 -1 -1 -1 -1 -1 -1 -1 -1 -1 -1 -1 -1 -1 -1 -1 -1
359 -1 -1 -1 -1 -1 -1 -1 -1 -1 -1 -1 -1 -1 -1 -1 -1 -1 -1 -1 -1
