0
0
0 0.101906 0.344917 0.119267 0.445412 0.104300 0.449726 0.134234 0.441098 0.104300 0.449726 0.085471 0.490257 0.109370 0.566971 0.134234 0.441098 0.133676 0.458188 0.142420 0.525396
1 0.090185 0.358771 0.108679 0.441008 0.094663 0.456834 0.122696 0.425181 0.094663 0.456834 0.071619 0.498078 0.090057 0.548971 0.122696 0.425181 0.111047 0.394536 0.131539 0.428983
2 0.086813 0.346003 0.107549 0.419283 0.093523 0.435657 0.121574 0.402910 0.093523 0.435657 0.065010 0.473053 0.096685 0.539797 0.121574 0.402910 0.115125 0.369524 0.138573 0.377484
3 0.091297 0.349536 0.114288 0.429211 0.104344 0.445767 0.124231 0.412654 0.104344 0.445767 0.069056 0.482171 0.102411 0.542389 0.124231 0.412654 0.109389 0.364891 0.142439 0.378268
4 0.090515 0.346698 0.113786 0.427140 0.102700 0.445690 0.124872 0.408590 0.102700 0.445690 0.071804 0.472135 0.111869 0.511468 0.124872 0.408590 0.106847 0.363798 0.140992 0.366612
5 0.083229 0.346100 0.107320 0.417850 0.088705 0.442532 0.125934 0.393168 0.088705 0.442532 0.059073 0.476378 0.084923 0.540277 0.125934 0.393168 0.117391 0.351004 0.147815 0.356990
6 0.082547 0.346474 0.104854 0.412976 0.085080 0.436139 0.124628 0.389814 0.085080 0.436139 0.056500 0.481314 0.084735 0.549741 0.124628 0.389814 0.120431 0.340382 0.146436 0.366158
7 0.082740 0.345968 0.107588 0.412710 0.088919 0.435920 0.126257 0.389499 0.088919 0.435920 0.065852 0.484131 0.093459 0.543509 0.126257 0.389499 0.123756 0.333649 0.153836 0.359127
8 0.084881 0.345007 0.110420 0.416484 0.093466 0.436265 0.127375 0.396703 0.093466 0.436265 0.056596 0.483028 0.079529 0.525115 0.127375 0.396703 0.130861 0.353462 0.157460 0.365586
9 -1 -1 -1 -1 -1 -1 -1 -1 -1 -1 -1 -1 -1 -1 -1 -1 -1 -1 -1 -1
10 -1 -1 -1 -1 -1 -1 -1 -1 -1 -1 -1 -1 -1 -1 -1 -1 -1 -1 -1 -1
11 -1 -1 -1 -1 -1 -1 -1 -1 -1 -1 -1 -1 -1 -1 -1 -1 -1 -1 -1 -1
12 -1 -1 -1 -1 -1 -1 -1 -1 -1 -1 -1 -1 -1 -1 -1 -1 -1 -1 -1 -1
13 -1 -1 -1 -1 -1 -1 -1 -1 -1 -1 -1 -1 -1 -1 -1 -1 -1 -1 -1 -1
14 -1 -1 -1 -1 -1 -1 -1 -1 -1 -1 -1 -1 -1 -1 -1 -1 -1 -1 -1 -1
15 -1 -1 -1 -1 -1 -1 -1 -1 -1 -1 -1 -1 -1 -1 -1 -1 -1 -1 -1 -1
16 -1 -1 -1 -1 -1 -1 -1 -1 -1 -1 -1 -1 -1 -1 -1 -1 -1 -1 -1 -1
17 -1 -1 -1 -1 -1 -1 -1 -1 -1 -1 -1 -1 -1 -1 -1 -1 -1 -1 -1 -1
18 -1 -1 -1 -1 -1 -1 -1 -1 -1 -1 -1 -1 -1 -1 -1 -1 -1 -1 -1 -1
19 -1 -1 -1 -1 -1 -1 -1 -1 -1 -1 -1 -1 -1 -1 -1 -1 -1 -1 -1 -1
20 -1 -1 -1 -1 -1 -1 -1 -1 -1 -1 -1 -1 -1 -1 -1 -1 -1 -1 -1 -1
21 -1 -1 -1 -1 -1 -1 -1 -1 -1 -1 -1 -1 -1 -1 -1 -1 -1 -1 -1 -1
22 -1 -1 -1 -1 -1 -1 -1 -1 -1 -1 -1 -1 -1 -1 -1 -1 -1 -1 -1 -1
23 -1 -1 -1 -1 -1 -1 -1 -1 -1 -1 -1 -1 -1 -1 -1 -1 -1 -1 -1 -1
24 -1 -1 -1 -1 -1 -1 -1 -1 -1 -1 -1 -1 -1 -1 -1 -1 -1 -1 -1 -1
25 -1 -1 -1 -1 -1 -1 -1 -1 -1 -1 -1 -1 -1 -1 -1 -1 -1 -1 -1 -1
26 -1 -1 -1 -1 -1 -1 -1 -1 -1 -1 -1 -1 -1 -1 -1 -1 -1 -1 -1 -1
27 -1 -1 -1 -1 -1 -1 -1 -1 -1 -1 -1 -1 -1 -1 -1 -1 -1 -1 -1 -1
28 -1 -1 -1 -1 -1 -1 -1 -1 -1 -1 -1 -1 -1 -1 -1 -1 -1 -1 -1 -1
29 -1 -1 -1 -1 -1 -1 -1 -1 -1 -1 -1 -1 -1 -1 -1 -1 -1 -1 -1 -1
30 -1 -1 -1 -1 -1 -1 -1 -1 -1 -1 -1 -1 -1 -1 -1 -1 -1 -1 -1 -1
31 -1 -1 -1 -1 -1 -1 -1 -1 -1 -1 -1 -1 -1 -1 -1 -1 -1 -1 -1 -1
32 -1 -1 -1 -1 -1 -1 -1 -1 -1 -1 -1 -1 -1 -1 -1 -1 -1 -1 -1 -1
33 -1 -1 -1 -1 -1 -1 -1 -1 -1 -1 -1 -1 -1 -1 -1 -1 -1 -1 -1 -1
34 -1 -1 -1 -1 -1 -1 -1 -1 -1 -1 -1 -1 -1 -1 -1 -1 -1 -1 -1 -1
35 -1 -1 -1 -1 -1 -1 -1 -1 -1 -1 -1 -1 -1 -1 -1 -1 -1 -1 -1 -1
36 -1 -1 -1 -1 -1 -1 -1 -1 -1 -1 -1 -1 -1 -1 -1 -1 -1 -1 -1 -1
37 -1 -1 -1 -1 -1 -1 -1 -1 -1 -1 -1 -1 -1 -1 -1 -1 -1 -1 -1 -1
38 -1 -1 -1 -1 -1 -1 -1 -1 -1 -1 -1 -1 -1 -1 -1 -1 -1 -1 -1 -1
39 -1 -1 -1 -1 -1 -1 -1 -1 -1 -1 -1 -1 -1 -1 -1 -1 -1 -1 -1 -1
40 -1 -1 -1 -1 -1 -1 -1 -1 -1 -1 -1 -1 -1 -1 -1 -1 -1 -1 -1 -1
41 -1 -1 -1 -1 -1 -1 -1 -1 -1 -1 -1 -1 -1 -1 -1 -1 -1 -1 -1 -1
42 -1 -1 -1 -1 -1 -1 -1 -1 -1 -1 -1 -1 -1 -1 -1 -1 -1 -1 -1 -1
43 -1 -1 -1 -1 -1 -1 -1 -1 -1 -1 -1 -1 -1 -1 -1 -1 -1 -1 -1 -1
44 -1 -1 -1 -1 -1 -1 -1 -1 -1 -1 -1 -1 -1 -1 -1 -1 -1 -1 -1 -1
45 -1 -1 -1 -1 -1 -1 -1 -1 -1 -1 -1 -1 -1 -1 -1 -1 -1 -1 -1 -1
46 -1 -1 -1 -1 -1 -1 -1 -1 -1 -1 -1 -1 -1 -1 -1 -1 -1 -1 -1 -1
47 -1 -1 -1 -1 -1 -1 -1 -1 -1 -1 -1 -1 -1 -1 -1 -1 -1 -1 -1 -1
48 -1 -1 -1 -1 -1 -1 -1 -1 -1 -1 -1 -1 -1 -1 -1 -1 -1 -1 -1 -1
49 -1 -1 -1 -1 -1 -1 -1 -1 -1 -1 -1 -1 -1 -1 -1 -1 -1 -1 -1 -1
50 -1 -1 -1 -1 -1 -1 -1 -1 -1 -1 -1 -1 -1 -1 -1 -1 -1 -1 -1 -1
51 -1 -1 -1 -1 -1 -1 -1 -1 -1 -1 -1 -1 -1 -1 -1 -1 -1 -1 -1 -1
52 -1 -1 -1 -1 -1 -1 -1 -1 -1 -1 -1 -1 -1 -1 -1 -1 -1 -1 -1 -1
53 -1 -1 -1 -1 -1 -1 -1 -1 -1 -1 -1 -1 -1 -1 -1 -1 -1 -1 -1 -1
54 -1 -1 -1 -1 -1 -1 -1 -1 -1 -1 -1 -1 -1 -1 -1 -1 -1 -1 -1 -1
55 -1 -1 -1 -1 -1 -1 -1 -1 -1 -1 -1 -1 -1 -1 -1 -1 -1 -1 -1 -1
56 -1 -1 -1 -1 -1 -1 -1 -1 -1 -1 -1 -1 -1 -1 -1 -1 -1 -1 -1 -1
57 -1 -1 -1 -1 -1 -1 -1 -1 -1 -1 -1 -1 -1 -1 -1 -1 -1 -1 -1 -1
58 -1 -1 -1 -1 -1 -1 -1 -1 -1 -1 -1 -1 -1 -1 -1 -1 -1 -1 -1 -1
59 -1 -1 -1 -1 -1 -1 -1 -1 -1 -1 -1 -1 -1 -1 -1 -1 -1 -1 -1 -1
60 -1 -1 -1 -1 -1 -1 -1 -1 -1 -1 -1 -1 -1 -1 -1 -1 -1 -1 -1 -1
61 -1 -1 -1 -1 -1 -1 -1 -1 -1 -1 -1 -1 -1 -1 -1 -1 -1 -1 -1 -1
62 -1 -1 -1 -1 -1 -1 -1 -1 -1 -1 -1 -1 -1 -1 -1 -1 -1 -1 -1 -1
63 -1 -1 -1 -1 -1 -1 -1 -1 -1 -1 -1 -1 -1 -1 -1 -1 -1 -1 -1 -1
64 -1 -1 -1 -1 -1 -1 -1 -1 -1 -1 -1 -1 -1 -1 -1 -1 -1 -1 -1 -1
65 -1 -1 -1 -1 -1 -1 -1 -1 -1 -1 -1 -1 -1 -1 -1 -1 -1 -1 -1 -1
66 -1 -1 -1 -1 -1 -1 -1 -1 -1 -1 -1 -1 -1 -1 -1 -1 -1 -1 -1 -1
67 -1 -1 -1 -1 -1 -1 -1 -1 -1 -1 -1 -1 -1 -1 -1 -1 -1 -1 -1 -1
68 -1 -1 -1 -1 -1 -1 -1 -1 -1 -1 -1 -1 -1 -1 -1 -1 -1 -1 -1 -1
69 -1 -1 -1 -1 -1 -1 -1 -1 -1 -1 -1 -1 -1 -1 -1 -1 -1 -1 -1 -1
70 -1 -1 -1 -1 -1 -1 -1 -1 -1 -1 -1 -1 -1 -1 -1 -1 -1 -1 -1 -1
71 -1 -1 -1 -1 -1 -1 -1 -1 -1 -1 -1 -1 -1 -1 -1 -1 -1 -1 -1 -1
72 -1 -1 -1 -1 -1 -1 -1 -1 -1 -1 -1 -1 -1 -1 -1 -1 -1 -1 -1 -1
73 -1 -1 -1 -1 -1 -1 -1 -1 -1 -1 -1 -1 -1 -1 -1 -1 -1 -1 -1 -1
74 -1 -1 -1 -1 -1 -1 -1 -1 -1 -1 -1 -1 -1 -1 -1 -1 -1 -1 -1 -1
75 -1 -1 -1 -1 -1 -1 -1 -1 -1 -1 -1 -1 -1 -1 -1 -1 -1 -1 -1 -1
76 -1 -1 -1 -1 -1 -1 -1 -1 -1 -1 -1 -1 -1 -1 -1 -1 -1 -1 -1 -1
77 -1 -1 -1 -1 -1 -1 -1 -1 -1 -1 -1 -1 -1 -1 -1 -1 -1 -1 -1 -1
78 -1 -1 -1 -1 -1 -1 -1 -1 -1 -1 -1 -1 -1 -1 -1 -1 -1 -1 -1 -1
79 -1 -1 -1 -1 -1 -1 -1 -1 -1 -1 -1 -1 -1 -1 -1 -1 -1 -1 -1 -1
80 -1 -1 -1 -1 -1 -1 -1 -1 -1 -1 -1 -1 -1 -1 -1 -1 -1 -1 -1 -1
81 -1 -1 -1 -1 -1 -1 -1 -1 -1 -1 -1 -1 -1 -1 -1 -1 -1 -1 -1 -1
82 -1 -1 -1 -1 -1 -1 -1 -1 -1 -1 -1 -1 -1 -1 -1 -1 -1 -1 -1 -1
83 -1 -1 -1 -1 -1 -1 -1 -1 -1 -1 -1 -1 -1 -1 -1 -1 -1 -1 -1 -1
84 -1 -1 -1 -1 -1 -1 -1 -1 -1 -1 -1 -1 -1 -1 -1 -1 -1 -1 -1 -1
85 -1 -1 -1 -1 -1 -1 -1 -1 -1 -1 -1 -1 -1 -1 -1 -1 -1 -1 -1 -1
86 0.412835 0.235704 0.427632 0.430527 0.408196 0.435970 0.447067 0.425084 0.408196 0.435970 0.394791 0.548575 0.408285 0.666653 0.447067 0.425084 0.453297 0.539819 0.457775 0.666490
87 0.406922 0.235680 0.424233 0.430491 0.404127 0.435326 0.444340 0.425655 0.404127 0.435326 0.391648 0.543649 0.388161 0.653629 0.444340 0.425655 0.450892 0.541184 0.459422 0.667437
88 0.402657 0.236969 0.420285 0.430612 0.400606 0.435250 0.439964 0.425974 0.400606 0.435250 0.387887 0.542702 0.372441 0.650317 0.439964 0.425974 0.447059 0.542301 0.461061 0.667299
89 0.396436 0.237305 0.415092 0.431047 0.395165 0.435785 0.435019 0.426309 0.395165 0.435785 0.382105 0.541874 0.364550 0.644429 0.435019 0.426309 0.443404 0.542890 0.461950 0.669924
90 0.389735 0.238008 0.410447 0.430734 0.390661 0.435735 0.430233 0.425732 0.390661 0.435735 0.377116 0.540920 0.361733 0.643251 0.430233 0.425732 0.440126 0.543101 0.462514 0.670011
91 0.381015 0.238182 0.404565 0.426605 0.385830 0.432420 0.423300 0.420790 0.385830 0.432420 0.371720 0.536412 0.361137 0.642647 0.423300 0.420790 0.435563 0.540251 0.463055 0.665188
92 0.373702 0.237506 0.396810 0.423368 0.378890 0.430523 0.414731 0.416213 0.378890 0.430523 0.366032 0.534044 0.361406 0.642700 0.414731 0.416213 0.431014 0.535989 0.462771 0.658506
93 0.366644 0.236088 0.388890 0.422169 0.370494 0.429960 0.407287 0.414378 0.370494 0.429960 0.361685 0.535097 0.361503 0.644145 0.407287 0.414378 0.424390 0.530576 0.460516 0.651380
94 0.359576 0.231619 0.380598 0.416845 0.362256 0.425716 0.398939 0.407973 0.362256 0.425716 0.353692 0.532585 0.360287 0.640843 0.398939 0.407973 0.415374 0.521346 0.456289 0.637868
95 0.351832 0.227217 0.375218 0.412692 0.356704 0.421369 0.393732 0.404016 0.356704 0.421369 0.349504 0.531060 0.358683 0.639163 0.393732 0.404016 0.403089 0.515148 0.450431 0.626659
96 0.344701 0.225255 0.369438 0.410170 0.352313 0.418440 0.386562 0.401900 0.352313 0.418440 0.347945 0.528805 0.359887 0.635716 0.386562 0.401900 0.390559 0.510908 0.434886 0.609074
97 0.338072 0.224211 0.363758 0.407863 0.348264 0.415127 0.379252 0.400600 0.348264 0.415127 0.347181 0.526735 0.363409 0.636706 0.379252 0.400600 0.380000 0.505317 0.425201 0.594703
98 0.333243 0.221763 0.356896 0.406092 0.342436 0.413444 0.371357 0.398739 0.342436 0.413444 0.343911 0.526276 0.364039 0.638246 0.371357 0.398739 0.370072 0.506208 0.415329 0.593505
99 0.328386 0.218154 0.350924 0.404464 0.338359 0.411504 0.363489 0.397425 0.338359 0.411504 0.339436 0.526362 0.364026 0.639166 0.363489 0.397425 0.358321 0.504249 0.393804 0.590348
100 0.324112 0.215959 0.344222 0.402001 0.332168 0.409015 0.356277 0.394988 0.332168 0.409015 0.336311 0.525578 0.362823 0.636040 0.356277 0.394988 0.356311 0.499233 0.377883 0.585480
101 0.320614 0.211444 0.333864 0.399371 0.323879 0.404879 0.343849 0.393863 0.323879 0.404879 0.330321 0.526404 0.359034 0.635919 0.343849 0.393863 0.337430 0.502409 0.362294 0.601431
102 0.316689 0.210127 0.326662 0.400782 0.318252 0.406438 0.335073 0.395127 0.318252 0.406438 0.328745 0.526756 0.358655 0.635841 0.335073 0.395127 0.334078 0.502533 0.356730 0.602578
103 0.312083 0.210013 0.322188 0.399745 0.316037 0.405661 0.328338 0.393829 0.316037 0.405661 0.328547 0.527073 0.358287 0.636228 0.328338 0.393829 0.327670 0.503163 0.344912 0.600615
104 0.306611 0.209693 0.320946 0.398830 0.314955 0.403962 0.326937 0.393699 0.314955 0.403962 0.327104 0.527694 0.356174 0.636424 0.326937 0.393699 0.323448 0.504591 0.345368 0.607170
105 0.300250 0.210842 0.316006 0.398942 0.310923 0.404104 0.321089 0.393780 0.310923 0.404104 0.323452 0.529540 0.356849 0.636717 0.321089 0.393780 0.316294 0.505960 0.342722 0.608065
106 0.294145 0.210602 0.312356 0.399622 0.306511 0.405332 0.318202 0.393912 0.306511 0.405332 0.317327 0.530588 0.352684 0.638488 0.318202 0.393912 0.314882 0.510683 0.347088 0.613718
107 0.287024 0.210161 0.308131 0.399164 0.300698 0.404907 0.315564 0.393421 0.300698 0.404907 0.306768 0.528480 0.343285 0.631125 0.315564 0.393421 0.313468 0.510103 0.335842 0.605725
108 0.277847 0.210034 0.301945 0.398246 0.296343 0.403258 0.307547 0.393233 0.296343 0.403258 0.304478 0.519804 0.337974 0.625106 0.307547 0.393233 0.310360 0.509179 0.344067 0.606639
109 0.270524 0.211252 0.296421 0.398413 0.294260 0.402996 0.298582 0.393830 0.294260 0.402996 0.298936 0.521077 0.335344 0.621653 0.298582 0.393830 0.308247 0.509247 0.337842 0.604770
110 -1 -1 -1 -1 -1 -1 -1 -1 -1 -1 -1 -1 -1 -1 -1 -1 -1 -1 -1 -1
111 -1 -1 -1 -1 -1 -1 -1 -1 -1 -1 -1 -1 -1 -1 -1 -1 -1 -1 -1 -1
112 -1 -1 -1 -1 -1 -1 -1 -1 -1 -1 -1 -1 -1 -1 -1 -1 -1 -1 -1 -1
113 -1 -1 -1 -1 -1 -1 -1 -1 -1 -1 -1 -1 -1 -1 -1 -1 -1 -1 -1 -1
114 0.239757 0.214056 0.272359 0.388734 0.286850 0.387351 0.257868 0.390117 0.286850 0.387351 0.301402 0.491567 0.334433 0.576968 0.257868 0.390117 0.274031 0.496427 0.293563 0.581761
115 0.236981 0.213831 0.268628 0.388562 0.285385 0.386809 0.251870 0.390315 0.285385 0.386809 0.302331 0.484686 0.335039 0.563167 0.251870 0.390315 0.268213 0.496441 0.289719 0.576921
116 0.234497 0.212688 0.265382 0.388535 0.283723 0.386501 0.247041 0.390569 0.283723 0.386501 0.301738 0.481909 0.332908 0.565009 0.247041 0.390569 0.263874 0.495235 0.284893 0.577676
117 0.232948 0.212491 0.262587 0.387170 0.281509 0.383916 0.243664 0.390423 0.281509 0.383916 0.301171 0.476191 0.321051 0.551202 0.243664 0.390423 0.262744 0.494199 0.283766 0.573080
118 0.230725 0.212297 0.258788 0.381713 0.278703 0.377177 0.238872 0.386249 0.278703 0.377177 0.298005 0.468268 0.304403 0.536922 0.238872 0.386249 0.258427 0.487472 0.278198 0.562490
119 0.229470 0.210317 0.256375 0.376788 0.275815 0.371869 0.236934 0.381707 0.275815 0.371869 0.292979 0.465420 0.296192 0.533703 0.236934 0.381707 0.254502 0.477766 0.277494 0.555734
120 0.228336 0.209941 0.254568 0.375718 0.274782 0.371044 0.234353 0.380392 0.274782 0.371044 0.289369 0.471721 0.290505 0.540245 0.234353 0.380392 0.254719 0.481912 0.281739 0.562575
121 0.227668 0.209691 0.252790 0.372867 0.273895 0.367898 0.231685 0.377836 0.273895 0.367898 0.287358 0.473511 0.284410 0.543656 0.231685 0.377836 0.253675 0.479596 0.281529 0.565828
122 0.228198 0.209088 0.251065 0.367608 0.272013 0.363454 0.230117 0.371762 0.272013 0.363454 0.283405 0.472855 0.277025 0.529847 0.230117 0.371762 0.247105 0.470131 0.279022 0.560974
123 0.228966 0.208743 0.249942 0.364144 0.270493 0.360237 0.229392 0.368051 0.270493 0.360237 0.276836 0.469389 0.263422 0.538814 0.229392 0.368051 0.250505 0.469030 0.280254 0.558466
124 0.229732 0.208478 0.249002 0.362628 0.269811 0.358535 0.228193 0.366722 0.269811 0.358535 0.273094 0.467827 0.260445 0.541030 0.228193 0.366722 0.252090 0.470165 0.278301 0.558593
125 0.230079 0.207990 0.246646 0.362254 0.267993 0.358153 0.225298 0.366355 0.267993 0.358153 0.271215 0.467198 0.259667 0.543959 0.225298 0.366355 0.252275 0.469251 0.276851 0.556276
126 0.230261 0.207709 0.244369 0.361982 0.265667 0.357375 0.223071 0.366590 0.265667 0.357375 0.267662 0.466860 0.262625 0.545662 0.223071 0.366590 0.242429 0.471057 0.273181 0.558066
127 0.230337 0.207427 0.242444 0.362230 0.263421 0.357342 0.221466 0.367117 0.263421 0.357342 0.269579 0.467435 0.263759 0.543847 0.221466 0.367117 0.240530 0.471995 0.270999 0.558631
128 0.230507 0.207358 0.240010 0.362337 0.260488 0.357302 0.219532 0.367371 0.260488 0.357302 0.266889 0.466223 0.263755 0.544910 0.219532 0.367371 0.242135 0.472509 0.270171 0.560115
129 0.230432 0.207328 0.239194 0.363158 0.259192 0.358342 0.219195 0.367973 0.259192 0.358342 0.269098 0.466456 0.261229 0.545100 0.219195 0.367973 0.243759 0.473219 0.264734 0.560279
130 0.229588 0.207822 0.238484 0.363662 0.257471 0.358994 0.219497 0.368329 0.257471 0.358994 0.268050 0.467023 0.257235 0.543409 0.219497 0.368329 0.243967 0.473479 0.263734 0.561478
131 0.229949 0.207506 0.236749 0.363933 0.253655 0.359239 0.219844 0.368627 0.253655 0.359239 0.266966 0.465039 0.257112 0.547478 0.219844 0.368627 0.244613 0.472544 0.260880 0.561661
132 0.230470 0.208852 0.238044 0.364713 0.255041 0.359836 0.221047 0.369590 0.255041 0.359836 0.266781 0.465406 0.256731 0.555536 0.221047 0.369590 0.245210 0.478287 0.257946 0.567795
133 0.231421 0.210443 0.235542 0.365565 0.250648 0.361075 0.220436 0.370056 0.250648 0.361075 0.264002 0.465727 0.255335 0.561271 0.220436 0.370056 0.245001 0.477253 0.254302 0.567673
134 0.232395 0.212617 0.232713 0.366847 0.247362 0.362669 0.218063 0.371025 0.247362 0.362669 0.262534 0.465088 0.255475 0.562160 0.218063 0.371025 0.244681 0.478512 0.254615 0.575482
135 0.234245 0.218644 0.228962 0.371542 0.242971 0.368594 0.214953 0.374490 0.242971 0.368594 0.257440 0.468294 0.254005 0.566486 0.214953 0.374490 0.243474 0.482022 0.252470 0.574696
136 0.235314 0.225715 0.226499 0.372708 0.240048 0.369968 0.212950 0.375449 0.240048 0.369968 0.255347 0.469725 0.254549 0.564487 0.212950 0.375449 0.242750 0.482891 0.254469 0.576530
137 0.235019 0.235888 0.223911 0.379088 0.235629 0.374712 0.212192 0.383465 0.235629 0.374712 0.253763 0.469193 0.254409 0.563455 0.212192 0.383465 0.242772 0.489413 0.253800 0.577426
138 0.234266 0.244092 0.221203 0.384054 0.231083 0.379640 0.211323 0.388468 0.231083 0.379640 0.249905 0.473567 0.254421 0.569659 0.211323 0.388468 0.240456 0.492394 0.252732 0.582685
139 0.233945 0.252226 0.216124 0.389365 0.222356 0.384616 0.209892 0.394114 0.222356 0.384616 0.249676 0.476292 0.254880 0.568268 0.209892 0.394114 0.240394 0.495822 0.253362 0.585299
140 0.234152 0.262671 0.211649 0.398071 0.217158 0.395644 0.206141 0.400497 0.217158 0.395644 0.249199 0.479663 0.254521 0.567199 0.206141 0.400497 0.240221 0.498582 0.253526 0.586762
141 0.235014 0.269398 0.209791 0.401756 0.215968 0.397802 0.203613 0.405709 0.215968 0.397802 0.250363 0.482481 0.254496 0.569262 0.203613 0.405709 0.240486 0.499755 0.253644 0.587119
142 0.234538 0.277089 0.205206 0.399569 0.213258 0.392770 0.197154 0.406369 0.213258 0.392770 0.259462 0.444219 0.268271 0.538635 0.197154 0.406369 0.242498 0.497835 0.253932 0.585922
143 0.234648 0.287228 0.202492 0.401372 0.211354 0.392695 0.193630 0.410048 0.211354 0.392695 0.267175 0.439795 0.266035 0.538448 0.193630 0.410048 0.244608 0.496977 0.253878 0.585935
144 0.234506 0.296090 0.198858 0.405444 0.208045 0.396536 0.189672 0.414352 0.208045 0.396536 0.270370 0.434596 0.264835 0.528795 0.189672 0.414352 0.245475 0.496266 0.247386 0.590787
145 0.234417 0.305712 0.193804 0.413676 0.200655 0.406342 0.186953 0.421010 0.200655 0.406342 0.268038 0.431185 0.270115 0.524989 0.186953 0.421010 0.247828 0.496064 0.247706 0.589901
146 0.234653 0.312789 0.193477 0.417978 0.201078 0.410144 0.185877 0.425812 0.201078 0.410144 0.267646 0.437869 0.268559 0.529471 0.185877 0.425812 0.249737 0.495674 0.247974 0.588989
147 0.233909 0.321505 0.191757 0.428518 0.197231 0.421477 0.186282 0.435559 0.197231 0.421477 0.266352 0.463776 0.255005 0.562650 0.186282 0.435559 0.251642 0.496220 0.248771 0.588652
148 0.234123 0.331628 0.193097 0.434359 0.199076 0.424914 0.187119 0.443805 0.199076 0.424914 0.266190 0.464749 0.256580 0.559525 0.187119 0.443805 0.254899 0.496028 0.249358 0.588552
149 -1 -1 -1 -1 -1 -1 -1 -1 -1 -1 -1 -1 -1 -1 -1 -1 -1 -1 -1 -1
150 -1 -1 -1 -1 -1 -1 -1 -1 -1 -1 -1 -1 -1 -1 -1 -1 -1 -1 -1 -1
151 -1 -1 -1 -1 -1 -1 -1 -1 -1 -1 -1 -1 -1 -1 -1 -1 -1 -1 -1 -1
152 -1 -1 -1 -1 -1 -1 -1 -1 -1 -1 -1 -1 -1 -1 -1 -1 -1 -1 -1 -1
153 -1 -1 -1 -1 -1 -1 -1 -1 -1 -1 -1 -1 -1 -1 -1 -1 -1 -1 -1 -1
154 -1 -1 -1 -1 -1 -1 -1 -1 -1 -1 -1 -1 -1 -1 -1 -1 -1 -1 -1 -1
155 -1 -1 -1 -1 -1 -1 -1 -1 -1 -1 -1 -1 -1 -1 -1 -1 -1 -1 -1 -1
156 -1 -1 -1 -1 -1 -1 -1 -1 -1 -1 -1 -1 -1 -1 -1 -1 -1 -1 -1 -1
157 -1 -1 -1 -1 -1 -1 -1 -1 -1 -1 -1 -1 -1 -1 -1 -1 -1 -1 -1 -1
158 -1 -1 -1 -1 -1 -1 -1 -1 -1 -1 -1 -1 -1 -1 -1 -1 -1 -1 -1 -1
159 -1 -1 -1 -1 -1 -1 -1 -1 -1 -1 -1 -1 -1 -1 -1 -1 -1 -1 -1 -1
160 -1 -1 -1 -1 -1 -1 -1 -1 -1 -1 -1 -1 -1 -1 -1 -1 -1 -1 -1 -1
161 -1 -1 -1 -1 -1 -1 -1 -1 -1 -1 -1 -1 -1 -1 -1 -1 -1 -1 -1 -1
162 -1 -1 -1 -1 -1 -1 -1 -1 -1 -1 -1 -1 -1 -1 -1 -1 -1 -1 -1 -1
163 -1 -1 -1 -1 -1 -1 -1 -1 -1 -1 -1 -1 -1 -1 -1 -1 -1 -1 -1 -1
164 -1 -1 -1 -1 -1 -1 -1 -1 -1 -1 -1 -1 -1 -1 -1 -1 -1 -1 -1 -1
165 -1 -1 -1 -1 -1 -1 -1 -1 -1 -1 -1 -1 -1 -1 -1 -1 -1 -1 -1 -1
166 -1 -1 -1 -1 -1 -1 -1 -1 -1 -1 -1 -1 -1 -1 -1 -1 -1 -1 -1 -1
167 -1 -1 -1 -1 -1 -1 -1 -1 -1 -1 -1 -1 -1 -1 -1 -1 -1 -1 -1 -1
168 -1 -1 -1 -1 -1 -1 -1 -1 -1 -1 -1 -1 -1 -1 -1 -1 -1 -1 -1 -1
169 -1 -1 -1 -1 -1 -1 -1 -1 -1 -1 -1 -1 -1 -1 -1 -1 -1 -1 -1 -1
170 -1 -1 -1 -1 -1 -1 -1 -1 -1 -1 -1 -1 -1 -1 -1 -1 -1 -1 -1 -1
171 -1 -1 -1 -1 -1 -1 -1 -1 -1 -1 -1 -1 -1 -1 -1 -1 -1 -1 -1 -1
172 -1 -1 -1 -1 -1 -1 -1 -1 -1 -1 -1 -1 -1 -1 -1 -1 -1 -1 -1 -1
173 -1 -1 -1 -1 -1 -1 -1 -1 -1 -1 -1 -1 -1 -1 -1 -1 -1 -1 -1 -1
174 -1 -1 -1 -1 -1 -1 -1 -1 -1 -1 -1 -1 -1 -1 -1 -1 -1 -1 -1 -1
175 -1 -1 -1 -1 -1 -1 -1 -1 -1 -1 -1 -1 -1 -1 -1 -1 -1 -1 -1 -1
176 -1 -1 -1 -1 -1 -1 -1 -1 -1 -1 -1 -1 -1 -1 -1 -1 -1 -1 -1 -1
177 -1 -1 -1 -1 -1 -1 -1 -1 -1 -1 -1 -1 -1 -1 -1 -1 -1 -1 -1 -1
178 -1 -1 -1 -1 -1 -1 -1 -1 -1 -1 -1 -1 -1 -1 -1 -1 -1 -1 -1 -1
179 -1 -1 -1 -1 -1 -1 -1 -1 -1 -1 -1 -1 -1 -1 -1 -1 -1 -1 -1 -1
180 -1 -1 -1 -1 -1 -1 -1 -1 -1 -1 -1 -1 -1 -1 -1 -1 -1 -1 -1 -1
181 -1 -1 -1 -1 -1 -1 -1 -1 -1 -1 -1 -1 -1 -1 -1 -1 -1 -1 -1 -1
182 -1 -1 -1 -1 -1 -1 -1 -1 -1 -1 -1 -1 -1 -1 -1 -1 -1 -1 -1 -1
183 -1 -1 -1 -1 -1 -1 -1 -1 -1 -1 -1 -1 -1 -1 -1 -1 -1 -1 -1 -1
184 -1 -1 -1 -1 -1 -1 -1 -1 -1 -1 -1 -1 -1 -1 -1 -1 -1 -1 -1 -1
185 -1 -1 -1 -1 -1 -1 -1 -1 -1 -1 -1 -1 -1 -1 -1 -1 -1 -1 -1 -1
186 -1 -1 -1 -1 -1 -1 -1 -1 -1 -1 -1 -1 -1 -1 -1 -1 -1 -1 -1 -1
187 -1 -1 -1 -1 -1 -1 -1 -1 -1 -1 -1 -1 -1 -1 -1 -1 -1 -1 -1 -1
188 -1 -1 -1 -1 -1 -1 -1 -1 -1 -1 -1 -1 -1 -1 -1 -1 -1 -1 -1 -1
189 -1 -1 -1 -1 -1 -1 -1 -1 -1 -1 -1 -1 -1 -1 -1 -1 -1 -1 -1 -1
190 -1 -1 -1 -1 -1 -1 -1 -1 -1 -1 -1 -1 -1 -1 -1 -1 -1 -1 -1 -1
191 -1 -1 -1 -1 -1 -1 -1 -1 -1 -1 -1 -1 -1 -1 -1 -1 -1 -1 -1 -1
192 -1 -1 -1 -1 -1 -1 -1 -1 -1 -1 -1 -1 -1 -1 -1 -1 -1 -1 -1 -1
193 -1 -1 -1 -1 -1 -1 -1 -1 -1 -1 -1 -1 -1 -1 -1 -1 -1 -1 -1 -1
194 -1 -1 -1 -1 -1 -1 -1 -1 -1 -1 -1 -1 -1 -1 -1 -1 -1 -1 -1 -1
195 -1 -1 -1 -1 -1 -1 -1 -1 -1 -1 -1 -1 -1 -1 -1 -1 -1 -1 -1 -1
196 -1 -1 -1 -1 -1 -1 -1 -1 -1 -1 -1 -1 -1 -1 -1 -1 -1 -1 -1 -1
197 -1 -1 -1 -1 -1 -1 -1 -1 -1 -1 -1 -1 -1 -1 -1 -1 -1 -1 -1 -1
198 -1 -1 -1 -1 -1 -1 -1 -1 -1 -1 -1 -1 -1 -1 -1 -1 -1 -1 -1 -1
199 -1 -1 -1 -1 -1 -1 -1 -1 -1 -1 -1 -1 -1 -1 -1 -1 -1 -1 -1 -1
200 0.162446 0.365438 0.174529 0.486727 0.181763 0.471138 0.167295 0.502316 0.181763 0.471138 0.256411 0.450289 0.264541 0.548667 0.167295 0.502316 0.251649 0.490533 0.254059 0.575206
201 0.162465 0.365443 0.174576 0.486306 0.181853 0.470384 0.167298 0.502229 0.181853 0.470384 0.256336 0.446821 0.265311 0.547490 0.167298 0.502229 0.251870 0.490533 0.254134 0.575240
202 0.162453 0.365485 0.174580 0.486354 0.181859 0.470381 0.167302 0.502327 0.181859 0.470381 0.255066 0.445004 0.265206 0.546887 0.167302 0.502327 0.252204 0.491771 0.254107 0.575498
203 0.162462 0.366123 0.174608 0.487210 0.181854 0.471199 0.167362 0.503220 0.181854 0.471199 0.254639 0.445899 0.265134 0.547364 0.167362 0.503220 0.252212 0.490899 0.254253 0.575354
204 0.162626 0.366424 0.174550 0.487338 0.181722 0.471398 0.167379 0.503278 0.181722 0.471398 0.254056 0.445071 0.264496 0.549164 0.167379 0.503278 0.252340 0.491103 0.254336 0.575695
205 0.162623 0.366519 0.174661 0.487480 0.181776 0.471658 0.167546 0.503303 0.181776 0.471658 0.253873 0.444551 0.264516 0.549129 0.167546 0.503303 0.252423 0.491167 0.254301 0.575165
206 0.162669 0.366246 0.174598 0.487294 0.181695 0.471657 0.167500 0.502932 0.181695 0.471657 0.253798 0.446304 0.264498 0.554029 0.167500 0.502932 0.255754 0.492679 0.254298 0.575058
207 -1 -1 -1 -1 -1 -1 -1 -1 -1 -1 -1 -1 -1 -1 -1 -1 -1 -1 -1 -1
208 -1 -1 -1 -1 -1 -1 -1 -1 -1 -1 -1 -1 -1 -1 -1 -1 -1 -1 -1 -1
209 0.162650 0.366396 0.174279 0.487840 0.181104 0.472247 0.167453 0.503434 0.181104 0.472247 0.252392 0.444193 0.263993 0.551939 0.167453 0.503434 0.253845 0.491883 0.253977 0.575655
210 0.162648 0.366490 0.174286 0.487697 0.181109 0.471928 0.167464 0.503466 0.181109 0.471928 0.252238 0.443885 0.263998 0.550323 0.167464 0.503466 0.253809 0.491862 0.253914 0.577659
211 0.162554 0.366355 0.174398 0.487683 0.181106 0.471888 0.167691 0.503479 0.181106 0.471888 0.252233 0.443482 0.263942 0.549665 0.167691 0.503479 0.253800 0.490443 0.254138 0.577562
212 -1 -1 -1 -1 -1 -1 -1 -1 -1 -1 -1 -1 -1 -1 -1 -1 -1 -1 -1 -1
213 0.162334 0.364797 0.174243 0.484934 0.181105 0.468335 0.167380 0.501533 0.181105 0.468335 0.252895 0.442859 0.265477 0.548427 0.167380 0.501533 0.253785 0.489721 0.254301 0.577311
214 0.162334 0.364952 0.174283 0.485000 0.181183 0.468442 0.167383 0.501557 0.181183 0.468442 0.252612 0.442612 0.265100 0.548685 0.167383 0.501557 0.253624 0.489733 0.252485 0.578542
215 0.162279 0.365563 0.174265 0.485430 0.181199 0.469114 0.167332 0.501746 0.181199 0.469114 0.252475 0.442630 0.264235 0.548440 0.167332 0.501746 0.253172 0.492374 0.252564 0.578628
