0
0
0 -1 -1 -1 -1 -1 -1 -1 -1 -1 -1 -1 -1 -1 -1 -1 -1 -1 -1 -1 -1
1 -1 -1 -1 -1 -1 -1 -1 -1 -1 -1 -1 -1 -1 -1 -1 -1 -1 -1 -1 -1
2 -1 -1 -1 -1 -1 -1 -1 -1 -1 -1 -1 -1 -1 -1 -1 -1 -1 -1 -1 -1
3 -1 -1 -1 -1 -1 -1 -1 -1 -1 -1 -1 -1 -1 -1 -1 -1 -1 -1 -1 -1
4 -1 -1 -1 -1 -1 -1 -1 -1 -1 -1 -1 -1 -1 -1 -1 -1 -1 -1 -1 -1
5 -1 -1 -1 -1 -1 -1 -1 -1 -1 -1 -1 -1 -1 -1 -1 -1 -1 -1 -1 -1
6 -1 -1 -1 -1 -1 -1 -1 -1 -1 -1 -1 -1 -1 -1 -1 -1 -1 -1 -1 -1
7 -1 -1 -1 -1 -1 -1 -1 -1 -1 -1 -1 -1 -1 -1 -1 -1 -1 -1 -1 -1
8 -1 -1 -1 -1 -1 -1 -1 -1 -1 -1 -1 -1 -1 -1 -1 -1 -1 -1 -1 -1
9 -1 -1 -1 -1 -1 -1 -1 -1 -1 -1 -1 -1 -1 -1 -1 -1 -1 -1 -1 -1
10 -1 -1 -1 -1 -1 -1 -1 -1 -1 -1 -1 -1 -1 -1 -1 -1 -1 -1 -1 -1
11 -1 -1 -1 -1 -1 -1 -1 -1 -1 -1 -1 -1 -1 -1 -1 -1 -1 -1 -1 -1
12 -1 -1 -1 -1 -1 -1 -1 -1 -1 -1 -1 -1 -1 -1 -1 -1 -1 -1 -1 -1
13 -1 -1 -1 -1 -1 -1 -1 -1 -1 -1 -1 -1 -1 -1 -1 -1 -1 -1 -1 -1
14 -1 -1 -1 -1 -1 -1 -1 -1 -1 -1 -1 -1 -1 -1 -1 -1 -1 -1 -1 -1
15 -1 -1 -1 -1 -1 -1 -1 -1 -1 -1 -1 -1 -1 -1 -1 -1 -1 -1 -1 -1
16 -1 -1 -1 -1 -1 -1 -1 -1 -1 -1 -1 -1 -1 -1 -1 -1 -1 -1 -1 -1
17 -1 -1 -1 -1 -1 -1 -1 -1 -1 -1 -1 -1 -1 -1 -1 -1 -1 -1 -1 -1
18 -1 -1 -1 -1 -1 -1 -1 -1 -1 -1 -1 -1 -1 -1 -1 -1 -1 -1 -1 -1
19 -1 -1 -1 -1 -1 -1 -1 -1 -1 -1 -1 -1 -1 -1 -1 -1 -1 -1 -1 -1
20 -1 -1 -1 -1 -1 -1 -1 -1 -1 -1 -1 -1 -1 -1 -1 -1 -1 -1 -1 -1
21 -1 -1 -1 -1 -1 -1 -1 -1 -1 -1 -1 -1 -1 -1 -1 -1 -1 -1 -1 -1
22 -1 -1 -1 -1 -1 -1 -1 -1 -1 -1 -1 -1 -1 -1 -1 -1 -1 -1 -1 -1
23 -1 -1 -1 -1 -1 -1 -1 -1 -1 -1 -1 -1 -1 -1 -1 -1 -1 -1 -1 -1
24 -1 -1 -1 -1 -1 -1 -1 -1 -1 -1 -1 -1 -1 -1 -1 -1 -1 -1 -1 -1
25 -1 -1 -1 -1 -1 -1 -1 -1 -1 -1 -1 -1 -1 -1 -1 -1 -1 -1 -1 -1
26 -1 -1 -1 -1 -1 -1 -1 -1 -1 -1 -1 -1 -1 -1 -1 -1 -1 -1 -1 -1
27 -1 -1 -1 -1 -1 -1 -1 -1 -1 -1 -1 -1 -1 -1 -1 -1 -1 -1 -1 -1
28 -1 -1 -1 -1 -1 -1 -1 -1 -1 -1 -1 -1 -1 -1 -1 -1 -1 -1 -1 -1
29 -1 -1 -1 -1 -1 -1 -1 -1 -1 -1 -1 -1 -1 -1 -1 -1 -1 -1 -1 -1
30 -1 -1 -1 -1 -1 -1 -1 -1 -1 -1 -1 -1 -1 -1 -1 -1 -1 -1 -1 -1
31 -1 -1 -1 -1 -1 -1 -1 -1 -1 -1 -1 -1 -1 -1 -1 -1 -1 -1 -1 -1
32 -1 -1 -1 -1 -1 -1 -1 -1 -1 -1 -1 -1 -1 -1 -1 -1 -1 -1 -1 -1
33 -1 -1 -1 -1 -1 -1 -1 -1 -1 -1 -1 -1 -1 -1 -1 -1 -1 -1 -1 -1
34 -1 -1 -1 -1 -1 -1 -1 -1 -1 -1 -1 -1 -1 -1 -1 -1 -1 -1 -1 -1
35 -1 -1 -1 -1 -1 -1 -1 -1 -1 -1 -1 -1 -1 -1 -1 -1 -1 -1 -1 -1
36 -1 -1 -1 -1 -1 -1 -1 -1 -1 -1 -1 -1 -1 -1 -1 -1 -1 -1 -1 -1
37 -1 -1 -1 -1 -1 -1 -1 -1 -1 -1 -1 -1 -1 -1 -1 -1 -1 -1 -1 -1
38 -1 -1 -1 -1 -1 -1 -1 -1 -1 -1 -1 -1 -1 -1 -1 -1 -1 -1 -1 -1
39 -1 -1 -1 -1 -1 -1 -1 -1 -1 -1 -1 -1 -1 -1 -1 -1 -1 -1 -1 -1
40 -1 -1 -1 -1 -1 -1 -1 -1 -1 -1 -1 -1 -1 -1 -1 -1 -1 -1 -1 -1
41 -1 -1 -1 -1 -1 -1 -1 -1 -1 -1 -1 -1 -1 -1 -1 -1 -1 -1 -1 -1
42 -1 -1 -1 -1 -1 -1 -1 -1 -1 -1 -1 -1 -1 -1 -1 -1 -1 -1 -1 -1
43 -1 -1 -1 -1 -1 -1 -1 -1 -1 -1 -1 -1 -1 -1 -1 -1 -1 -1 -1 -1
44 -1 -1 -1 -1 -1 -1 -1 -1 -1 -1 -1 -1 -1 -1 -1 -1 -1 -1 -1 -1
45 -1 -1 -1 -1 -1 -1 -1 -1 -1 -1 -1 -1 -1 -1 -1 -1 -1 -1 -1 -1
46 -1 -1 -1 -1 -1 -1 -1 -1 -1 -1 -1 -1 -1 -1 -1 -1 -1 -1 -1 -1
47 -1 -1 -1 -1 -1 -1 -1 -1 -1 -1 -1 -1 -1 -1 -1 -1 -1 -1 -1 -1
48 -1 -1 -1 -1 -1 -1 -1 -1 -1 -1 -1 -1 -1 -1 -1 -1 -1 -1 -1 -1
49 -1 -1 -1 -1 -1 -1 -1 -1 -1 -1 -1 -1 -1 -1 -1 -1 -1 -1 -1 -1
50 -1 -1 -1 -1 -1 -1 -1 -1 -1 -1 -1 -1 -1 -1 -1 -1 -1 -1 -1 -1
51 -1 -1 -1 -1 -1 -1 -1 -1 -1 -1 -1 -1 -1 -1 -1 -1 -1 -1 -1 -1
52 -1 -1 -1 -1 -1 -1 -1 -1 -1 -1 -1 -1 -1 -1 -1 -1 -1 -1 -1 -1
53 -1 -1 -1 -1 -1 -1 -1 -1 -1 -1 -1 -1 -1 -1 -1 -1 -1 -1 -1 -1
54 -1 -1 -1 -1 -1 -1 -1 -1 -1 -1 -1 -1 -1 -1 -1 -1 -1 -1 -1 -1
55 -1 -1 -1 -1 -1 -1 -1 -1 -1 -1 -1 -1 -1 -1 -1 -1 -1 -1 -1 -1
56 -1 -1 -1 -1 -1 -1 -1 -1 -1 -1 -1 -1 -1 -1 -1 -1 -1 -1 -1 -1
57 -1 -1 -1 -1 -1 -1 -1 -1 -1 -1 -1 -1 -1 -1 -1 -1 -1 -1 -1 -1
58 -1 -1 -1 -1 -1 -1 -1 -1 -1 -1 -1 -1 -1 -1 -1 -1 -1 -1 -1 -1
59 -1 -1 -1 -1 -1 -1 -1 -1 -1 -1 -1 -1 -1 -1 -1 -1 -1 -1 -1 -1
60 -1 -1 -1 -1 -1 -1 -1 -1 -1 -1 -1 -1 -1 -1 -1 -1 -1 -1 -1 -1
61 -1 -1 -1 -1 -1 -1 -1 -1 -1 -1 -1 -1 -1 -1 -1 -1 -1 -1 -1 -1
62 -1 -1 -1 -1 -1 -1 -1 -1 -1 -1 -1 -1 -1 -1 -1 -1 -1 -1 -1 -1
63 -1 -1 -1 -1 -1 -1 -1 -1 -1 -1 -1 -1 -1 -1 -1 -1 -1 -1 -1 -1
64 -1 -1 -1 -1 -1 -1 -1 -1 -1 -1 -1 -1 -1 -1 -1 -1 -1 -1 -1 -1
65 -1 -1 -1 -1 -1 -1 -1 -1 -1 -1 -1 -1 -1 -1 -1 -1 -1 -1 -1 -1
66 -1 -1 -1 -1 -1 -1 -1 -1 -1 -1 -1 -1 -1 -1 -1 -1 -1 -1 -1 -1
67 -1 -1 -1 -1 -1 -1 -1 -1 -1 -1 -1 -1 -1 -1 -1 -1 -1 -1 -1 -1
68 -1 -1 -1 -1 -1 -1 -1 -1 -1 -1 -1 -1 -1 -1 -1 -1 -1 -1 -1 -1
69 -1 -1 -1 -1 -1 -1 -1 -1 -1 -1 -1 -1 -1 -1 -1 -1 -1 -1 -1 -1
70 -1 -1 -1 -1 -1 -1 -1 -1 -1 -1 -1 -1 -1 -1 -1 -1 -1 -1 -1 -1
71 -1 -1 -1 -1 -1 -1 -1 -1 -1 -1 -1 -1 -1 -1 -1 -1 -1 -1 -1 -1
72 -1 -1 -1 -1 -1 -1 -1 -1 -1 -1 -1 -1 -1 -1 -1 -1 -1 -1 -1 -1
73 -1 -1 -1 -1 -1 -1 -1 -1 -1 -1 -1 -1 -1 -1 -1 -1 -1 -1 -1 -1
74 -1 -1 -1 -1 -1 -1 -1 -1 -1 -1 -1 -1 -1 -1 -1 -1 -1 -1 -1 -1
75 -1 -1 -1 -1 -1 -1 -1 -1 -1 -1 -1 -1 -1 -1 -1 -1 -1 -1 -1 -1
76 -1 -1 -1 -1 -1 -1 -1 -1 -1 -1 -1 -1 -1 -1 -1 -1 -1 -1 -1 -1
77 -1 -1 -1 -1 -1 -1 -1 -1 -1 -1 -1 -1 -1 -1 -1 -1 -1 -1 -1 -1
78 -1 -1 -1 -1 -1 -1 -1 -1 -1 -1 -1 -1 -1 -1 -1 -1 -1 -1 -1 -1
79 -1 -1 -1 -1 -1 -1 -1 -1 -1 -1 -1 -1 -1 -1 -1 -1 -1 -1 -1 -1
80 -1 -1 -1 -1 -1 -1 -1 -1 -1 -1 -1 -1 -1 -1 -1 -1 -1 -1 -1 -1
81 -1 -1 -1 -1 -1 -1 -1 -1 -1 -1 -1 -1 -1 -1 -1 -1 -1 -1 -1 -1
82 -1 -1 -1 -1 -1 -1 -1 -1 -1 -1 -1 -1 -1 -1 -1 -1 -1 -1 -1 -1
83 -1 -1 -1 -1 -1 -1 -1 -1 -1 -1 -1 -1 -1 -1 -1 -1 -1 -1 -1 -1
84 -1 -1 -1 -1 -1 -1 -1 -1 -1 -1 -1 -1 -1 -1 -1 -1 -1 -1 -1 -1
85 -1 -1 -1 -1 -1 -1 -1 -1 -1 -1 -1 -1 -1 -1 -1 -1 -1 -1 -1 -1
86 -1 -1 -1 -1 -1 -1 -1 -1 -1 -1 -1 -1 -1 -1 -1 -1 -1 -1 -1 -1
87 -1 -1 -1 -1 -1 -1 -1 -1 -1 -1 -1 -1 -1 -1 -1 -1 -1 -1 -1 -1
88 -1 -1 -1 -1 -1 -1 -1 -1 -1 -1 -1 -1 -1 -1 -1 -1 -1 -1 -1 -1
89 -1 -1 -1 -1 -1 -1 -1 -1 -1 -1 -1 -1 -1 -1 -1 -1 -1 -1 -1 -1
90 -1 -1 -1 -1 -1 -1 -1 -1 -1 -1 -1 -1 -1 -1 -1 -1 -1 -1 -1 -1
91 -1 -1 -1 -1 -1 -1 -1 -1 -1 -1 -1 -1 -1 -1 -1 -1 -1 -1 -1 -1
92 -1 -1 -1 -1 -1 -1 -1 -1 -1 -1 -1 -1 -1 -1 -1 -1 -1 -1 -1 -1
93 -1 -1 -1 -1 -1 -1 -1 -1 -1 -1 -1 -1 -1 -1 -1 -1 -1 -1 -1 -1
94 -1 -1 -1 -1 -1 -1 -1 -1 -1 -1 -1 -1 -1 -1 -1 -1 -1 -1 -1 -1
95 -1 -1 -1 -1 -1 -1 -1 -1 -1 -1 -1 -1 -1 -1 -1 -1 -1 -1 -1 -1
96 -1 -1 -1 -1 -1 -1 -1 -1 -1 -1 -1 -1 -1 -1 -1 -1 -1 -1 -1 -1
97 -1 -1 -1 -1 -1 -1 -1 -1 -1 -1 -1 -1 -1 -1 -1 -1 -1 -1 -1 -1
98 -1 -1 -1 -1 -1 -1 -1 -1 -1 -1 -1 -1 -1 -1 -1 -1 -1 -1 -1 -1
99 -1 -1 -1 -1 -1 -1 -1 -1 -1 -1 -1 -1 -1 -1 -1 -1 -1 -1 -1 -1
100 -1 -1 -1 -1 -1 -1 -1 -1 -1 -1 -1 -1 -1 -1 -1 -1 -1 -1 -1 -1
101 -1 -1 -1 -1 -1 -1 -1 -1 -1 -1 -1 -1 -1 -1 -1 -1 -1 -1 -1 -1
102 -1 -1 -1 -1 -1 -1 -1 -1 -1 -1 -1 -1 -1 -1 -1 -1 -1 -1 -1 -1
103 -1 -1 -1 -1 -1 -1 -1 -1 -1 -1 -1 -1 -1 -1 -1 -1 -1 -1 -1 -1
104 -1 -1 -1 -1 -1 -1 -1 -1 -1 -1 -1 -1 -1 -1 -1 -1 -1 -1 -1 -1
105 -1 -1 -1 -1 -1 -1 -1 -1 -1 -1 -1 -1 -1 -1 -1 -1 -1 -1 -1 -1
106 -1 -1 -1 -1 -1 -1 -1 -1 -1 -1 -1 -1 -1 -1 -1 -1 -1 -1 -1 -1
107 -1 -1 -1 -1 -1 -1 -1 -1 -1 -1 -1 -1 -1 -1 -1 -1 -1 -1 -1 -1
108 -1 -1 -1 -1 -1 -1 -1 -1 -1 -1 -1 -1 -1 -1 -1 -1 -1 -1 -1 -1
109 -1 -1 -1 -1 -1 -1 -1 -1 -1 -1 -1 -1 -1 -1 -1 -1 -1 -1 -1 -1
110 -1 -1 -1 -1 -1 -1 -1 -1 -1 -1 -1 -1 -1 -1 -1 -1 -1 -1 -1 -1
111 -1 -1 -1 -1 -1 -1 -1 -1 -1 -1 -1 -1 -1 -1 -1 -1 -1 -1 -1 -1
112 -1 -1 -1 -1 -1 -1 -1 -1 -1 -1 -1 -1 -1 -1 -1 -1 -1 -1 -1 -1
113 -1 -1 -1 -1 -1 -1 -1 -1 -1 -1 -1 -1 -1 -1 -1 -1 -1 -1 -1 -1
114 -1 -1 -1 -1 -1 -1 -1 -1 -1 -1 -1 -1 -1 -1 -1 -1 -1 -1 -1 -1
115 -1 -1 -1 -1 -1 -1 -1 -1 -1 -1 -1 -1 -1 -1 -1 -1 -1 -1 -1 -1
116 -1 -1 -1 -1 -1 -1 -1 -1 -1 -1 -1 -1 -1 -1 -1 -1 -1 -1 -1 -1
117 -1 -1 -1 -1 -1 -1 -1 -1 -1 -1 -1 -1 -1 -1 -1 -1 -1 -1 -1 -1
118 -1 -1 -1 -1 -1 -1 -1 -1 -1 -1 -1 -1 -1 -1 -1 -1 -1 -1 -1 -1
119 -1 -1 -1 -1 -1 -1 -1 -1 -1 -1 -1 -1 -1 -1 -1 -1 -1 -1 -1 -1
120 0.455141 0.270630 0.463031 0.436979 0.451014 0.440142 0.475048 0.433816 0.451014 0.440142 0.442682 0.550887 0.468412 0.656576 0.475048 0.433816 0.468868 0.548541 0.477131 0.653532
121 0.449017 0.267705 0.457865 0.436893 0.446403 0.440792 0.469327 0.432994 0.446403 0.440792 0.431891 0.546392 0.447363 0.649346 0.469327 0.432994 0.469155 0.547824 0.476180 0.652563
122 0.443962 0.266272 0.453027 0.435566 0.444083 0.439421 0.461971 0.431711 0.444083 0.439421 0.434514 0.540373 0.445074 0.647905 0.461971 0.431711 0.458645 0.541039 0.475288 0.645512
123 0.435547 0.266092 0.446820 0.432951 0.444412 0.437294 0.449228 0.428608 0.444412 0.437294 0.445512 0.542602 0.462479 0.641913 0.449228 0.428608 0.428165 0.533856 0.419036 0.630501
124 0.427435 0.265185 0.440631 0.426699 0.439901 0.431272 0.441361 0.422126 0.439901 0.431272 0.448979 0.537284 0.470063 0.638993 0.441361 0.422126 0.420492 0.524351 0.409174 0.615779
125 0.420123 0.265287 0.434448 0.422074 0.434859 0.426711 0.434037 0.417436 0.434859 0.426711 0.446832 0.532690 0.472572 0.633821 0.434037 0.417436 0.413986 0.521933 0.406481 0.615292
126 0.414265 0.261009 0.425087 0.419383 0.421517 0.424290 0.428656 0.414476 0.421517 0.424290 0.436114 0.529200 0.471642 0.629186 0.428656 0.414476 0.411930 0.516052 0.404448 0.612962
127 0.408692 0.256261 0.414605 0.413481 0.412218 0.416575 0.416992 0.410387 0.412218 0.416575 0.426384 0.528877 0.467234 0.624712 0.416992 0.410387 0.409280 0.515862 0.405553 0.615999
128 0.402641 0.254715 0.406879 0.411213 0.401732 0.415685 0.412026 0.406741 0.401732 0.415685 0.410652 0.523406 0.436112 0.617138 0.412026 0.406741 0.410463 0.511487 0.418140 0.614763
129 0.396032 0.250774 0.402297 0.409196 0.393275 0.414964 0.411320 0.403428 0.393275 0.414964 0.399242 0.522527 0.417576 0.615608 0.411320 0.403428 0.408155 0.503673 0.433215 0.594662
130 0.389753 0.247478 0.398651 0.405613 0.387939 0.410617 0.409363 0.400609 0.387939 0.410617 0.392892 0.516879 0.410284 0.615539 0.409363 0.400609 0.403400 0.497912 0.433213 0.586725
131 0.383938 0.244521 0.395866 0.403131 0.385682 0.407974 0.406050 0.398288 0.385682 0.407974 0.386545 0.512066 0.409925 0.613818 0.406050 0.398288 0.392562 0.489535 0.421830 0.578097
132 0.380501 0.240533 0.388540 0.396237 0.381385 0.400494 0.395695 0.391979 0.381385 0.400494 0.382565 0.505820 0.405816 0.615589 0.395695 0.391979 0.393149 0.476401 0.414528 0.553508
133 0.372542 0.237852 0.381553 0.390619 0.371406 0.394957 0.391700 0.386280 0.371406 0.394957 0.382936 0.506674 0.401469 0.613908 0.391700 0.386280 0.378320 0.458152 0.402627 0.528474
134 -1 -1 -1 -1 -1 -1 -1 -1 -1 -1 -1 -1 -1 -1 -1 -1 -1 -1 -1 -1
135 0.360104 0.235925 0.365108 0.386777 0.361983 0.389147 0.368232 0.384407 0.361983 0.389147 0.366807 0.489265 0.396977 0.607549 0.368232 0.384407 0.351539 0.467077 0.365157 0.552756
136 0.355596 0.235415 0.360870 0.384540 0.363226 0.386009 0.358513 0.383070 0.363226 0.386009 0.363382 0.483651 0.394820 0.604490 0.358513 0.383070 0.330163 0.448235 0.354820 0.544548
137 0.350706 0.234335 0.355957 0.383438 0.361200 0.384136 0.350714 0.382740 0.361200 0.384136 0.357707 0.477157 0.392343 0.596679 0.350714 0.382740 0.326642 0.448841 0.354757 0.547120
138 0.347066 0.230622 0.351567 0.379984 0.356018 0.381405 0.347116 0.378563 0.356018 0.381405 0.355440 0.476126 0.396021 0.599209 0.347116 0.378563 0.323699 0.451194 0.348622 0.548548
139 0.342785 0.231007 0.347292 0.380244 0.347028 0.383481 0.347556 0.377007 0.347028 0.383481 0.354349 0.483596 0.396268 0.601816 0.347556 0.377007 0.323082 0.456797 0.343924 0.551057
140 0.337339 0.228653 0.342517 0.380080 0.341183 0.383838 0.343851 0.376323 0.341183 0.383838 0.350337 0.486537 0.392813 0.599589 0.343851 0.376323 0.327628 0.459837 0.345451 0.552870
141 0.331421 0.227612 0.339663 0.380440 0.337874 0.384770 0.341452 0.376109 0.337874 0.384770 0.341796 0.483292 0.383664 0.588737 0.341452 0.376109 0.328855 0.461215 0.345682 0.554345
142 0.323311 0.226515 0.334703 0.376949 0.331817 0.380585 0.337590 0.373313 0.331817 0.380585 0.333939 0.482335 0.374404 0.577624 0.337590 0.373313 0.327940 0.464123 0.347744 0.555147
143 0.317376 0.225514 0.331028 0.375305 0.327499 0.378945 0.334557 0.371666 0.327499 0.378945 0.326596 0.482043 0.362602 0.567556 0.334557 0.371666 0.327077 0.465229 0.347666 0.555854
144 0.312888 0.224291 0.326921 0.374181 0.322712 0.376966 0.331130 0.371396 0.322712 0.376966 0.316922 0.479291 0.351436 0.564994 0.331130 0.371396 0.327549 0.466864 0.349414 0.557055
145 0.307695 0.223799 0.322212 0.374746 0.318591 0.377745 0.325832 0.371747 0.318591 0.377745 0.311641 0.479802 0.344390 0.564999 0.325832 0.371747 0.327423 0.467174 0.346440 0.557437
146 0.303350 0.222129 0.317693 0.375029 0.315545 0.378403 0.319842 0.371655 0.315545 0.378403 0.310790 0.480773 0.341062 0.570767 0.319842 0.371655 0.324024 0.468128 0.342624 0.557580
147 0.299603 0.218495 0.313692 0.371366 0.309945 0.375350 0.317438 0.367382 0.309945 0.375350 0.298386 0.478378 0.333328 0.571471 0.317438 0.367382 0.322404 0.465476 0.339974 0.558214
148 -1 -1 -1 -1 -1 -1 -1 -1 -1 -1 -1 -1 -1 -1 -1 -1 -1 -1 -1 -1
149 -1 -1 -1 -1 -1 -1 -1 -1 -1 -1 -1 -1 -1 -1 -1 -1 -1 -1 -1 -1
150 0.287459 0.222587 0.300244 0.377018 0.296501 0.384078 0.303987 0.369959 0.296501 0.384078 0.288971 0.477931 0.281259 0.569710 0.303987 0.369959 0.308836 0.466131 0.333744 0.552612
151 0.279845 0.229896 0.293600 0.381297 0.290537 0.388577 0.296663 0.374018 0.290537 0.388577 0.285612 0.481334 0.275539 0.570803 0.296663 0.374018 0.302929 0.469559 0.335625 0.552199
152 0.272314 0.231798 0.286649 0.383096 0.282596 0.390272 0.290703 0.375920 0.282596 0.390272 0.273227 0.481383 0.275113 0.570685 0.290703 0.375920 0.301796 0.469545 0.334789 0.552260
153 0.267190 0.234721 0.281124 0.385940 0.277905 0.391357 0.284344 0.380524 0.277905 0.391357 0.260096 0.475948 0.273690 0.567668 0.284344 0.380524 0.295407 0.470557 0.332166 0.550400
154 0.260826 0.237100 0.277615 0.387820 0.274908 0.393203 0.280322 0.382437 0.274908 0.393203 0.261788 0.477396 0.272953 0.568547 0.280322 0.382437 0.292718 0.475240 0.333109 0.550154
155 0.253993 0.238496 0.272825 0.387843 0.271521 0.392421 0.274129 0.383266 0.271521 0.392421 0.265984 0.477781 0.273210 0.568202 0.274129 0.383266 0.285333 0.475061 0.327098 0.545885
156 0.247879 0.241517 0.269790 0.388294 0.269131 0.392633 0.270450 0.383955 0.269131 0.392633 0.261730 0.478530 0.275112 0.568657 0.270450 0.383955 0.277728 0.474695 0.313073 0.542082
157 0.241505 0.243700 0.265811 0.388115 0.264468 0.392259 0.267154 0.383972 0.264468 0.392259 0.256573 0.477815 0.275086 0.561018 0.267154 0.383972 0.275200 0.467598 0.299012 0.536703
158 0.234552 0.243671 0.257582 0.382349 0.255685 0.385995 0.259478 0.378704 0.255685 0.385995 0.258689 0.463709 0.277092 0.538506 0.259478 0.378704 0.266404 0.458961 0.284911 0.528087
159 0.229006 0.245504 0.252932 0.375200 0.258166 0.378692 0.247697 0.371708 0.258166 0.378692 0.256812 0.462915 0.271380 0.542442 0.247697 0.371708 0.253489 0.458988 0.271307 0.531416
160 0.223967 0.245267 0.248842 0.376202 0.255511 0.379494 0.242173 0.372911 0.255511 0.379494 0.254804 0.465616 0.269027 0.547031 0.242173 0.372911 0.243784 0.459581 0.264418 0.534679
161 0.219286 0.246467 0.243781 0.376329 0.254731 0.379403 0.232831 0.373255 0.254731 0.379403 0.248934 0.467285 0.272771 0.550620 0.232831 0.373255 0.229683 0.460622 0.256402 0.536296
162 0.214579 0.247096 0.240143 0.376732 0.254246 0.378235 0.226040 0.375229 0.254246 0.378235 0.249979 0.469613 0.273407 0.551641 0.226040 0.375229 0.227683 0.465350 0.253038 0.543041
163 0.207501 0.247843 0.233131 0.371001 0.248645 0.368594 0.217617 0.373409 0.248645 0.368594 0.251049 0.467557 0.274730 0.549282 0.217617 0.373409 0.228979 0.465494 0.255038 0.545417
164 0.203233 0.251472 0.231257 0.369589 0.247221 0.366355 0.215293 0.372823 0.247221 0.366355 0.247179 0.465458 0.271691 0.551375 0.215293 0.372823 0.223562 0.464382 0.256687 0.547754
165 0.200484 0.254213 0.225162 0.364790 0.240978 0.360939 0.209345 0.368641 0.240978 0.360939 0.246575 0.458071 0.271659 0.549891 0.209345 0.368641 0.222670 0.462032 0.251225 0.547111
166 0.199338 0.258501 0.223340 0.364192 0.238774 0.360805 0.207906 0.367579 0.238774 0.360805 0.245257 0.460896 0.270773 0.551783 0.207906 0.367579 0.221357 0.462069 0.252346 0.552223
167 0.198170 0.262947 0.217669 0.365592 0.233070 0.362616 0.202269 0.368568 0.233070 0.362616 0.242801 0.461345 0.267332 0.552242 0.202269 0.368568 0.220288 0.462351 0.252521 0.552181
168 0.197190 0.267191 0.213488 0.367803 0.228248 0.364237 0.198727 0.371369 0.228248 0.364237 0.239447 0.455524 0.259236 0.550193 0.198727 0.371369 0.222008 0.461871 0.250379 0.544551
169 0.196669 0.269672 0.208410 0.368517 0.223265 0.365217 0.193556 0.371818 0.223265 0.365217 0.234702 0.452120 0.246406 0.543454 0.193556 0.371818 0.221287 0.457267 0.246874 0.539698
170 0.196214 0.270983 0.205629 0.368283 0.219171 0.364596 0.192088 0.371970 0.219171 0.364596 0.232723 0.442556 0.244433 0.528103 0.192088 0.371970 0.214587 0.454362 0.244851 0.535654
171 0.195593 0.272015 0.202269 0.366067 0.215425 0.360886 0.189113 0.371249 0.215425 0.360886 0.230622 0.444608 0.241035 0.532228 0.189113 0.371249 0.212275 0.449957 0.243640 0.535503
172 0.195181 0.273520 0.201294 0.367465 0.214428 0.361803 0.188161 0.373128 0.214428 0.361803 0.230784 0.444583 0.239369 0.523851 0.188161 0.373128 0.212572 0.449650 0.242560 0.535209
173 0.194959 0.274492 0.199055 0.371513 0.211819 0.365178 0.186290 0.377847 0.211819 0.365178 0.228000 0.446327 0.235702 0.521571 0.186290 0.377847 0.212149 0.451236 0.240844 0.535306
174 0.193715 0.276627 0.197009 0.375623 0.209304 0.368231 0.184714 0.383016 0.209304 0.368231 0.227926 0.447378 0.236459 0.526484 0.184714 0.383016 0.213929 0.453431 0.239464 0.538272
175 0.192272 0.280028 0.192968 0.376794 0.205956 0.368567 0.179981 0.385020 0.205956 0.368567 0.231910 0.426652 0.271368 0.473178 0.179981 0.385020 0.215689 0.453768 0.242050 0.535378
176 0.190115 0.288635 0.188809 0.384715 0.200989 0.373237 0.176629 0.396193 0.200989 0.373237 0.240825 0.402833 0.282522 0.437859 0.176629 0.396193 0.221488 0.469603 0.243306 0.549092
177 0.186239 0.294738 0.183867 0.395075 0.194856 0.383146 0.172878 0.407004 0.194856 0.383146 0.240223 0.401398 0.275305 0.434359 0.172878 0.407004 0.220547 0.473999 0.241305 0.546108
178 0.181724 0.300741 0.176619 0.410483 0.183301 0.401671 0.169936 0.419295 0.183301 0.401671 0.235751 0.435632 0.249066 0.501593 0.169936 0.419295 0.217255 0.474030 0.239495 0.542732
179 0.179841 0.307583 0.171236 0.418019 0.178461 0.412407 0.164011 0.423632 0.178461 0.412407 0.233250 0.454049 0.243883 0.519317 0.164011 0.423632 0.216860 0.473235 0.238227 0.539562
180 0.177424 0.315257 0.162995 0.427200 0.167615 0.419690 0.158376 0.434709 0.167615 0.419690 0.222831 0.455994 0.242052 0.525175 0.158376 0.434709 0.217053 0.472041 0.238727 0.539679
181 0.175147 0.323521 0.158310 0.441482 0.162347 0.437987 0.154273 0.444976 0.162347 0.437987 0.219206 0.458987 0.237207 0.534184 0.154273 0.444976 0.217283 0.471081 0.238949 0.542078
182 0.171243 0.330249 0.154308 0.449427 0.156497 0.445771 0.152119 0.453082 0.156497 0.445771 0.216785 0.463483 0.238461 0.539180 0.152119 0.453082 0.217883 0.470503 0.239054 0.545231
183 0.166341 0.341050 0.152399 0.462746 0.153375 0.458548 0.151424 0.466944 0.153375 0.458548 0.214057 0.463945 0.238870 0.542863 0.151424 0.466944 0.218361 0.470206 0.239515 0.546884
184 0.160836 0.352091 0.147884 0.471239 0.148409 0.467181 0.147359 0.475298 0.148409 0.467181 0.213029 0.465584 0.237820 0.538678 0.147359 0.475298 0.217734 0.469912 0.238885 0.545036
185 0.154545 0.364438 0.142079 0.480664 0.150610 0.474671 0.133547 0.486658 0.150610 0.474671 0.213617 0.465239 0.238422 0.537692 0.133547 0.486658 0.189998 0.509139 0.162564 0.598258
186 0.150289 0.369211 0.137343 0.486645 0.143215 0.479456 0.131472 0.493833 0.143215 0.479456 0.205425 0.465228 0.236902 0.535637 0.131472 0.493833 0.179746 0.510213 0.167253 0.591503
187 0.142053 0.367201 0.130089 0.480268 0.135114 0.471034 0.125065 0.489501 0.135114 0.471034 0.195985 0.464697 0.236690 0.533652 0.125065 0.489501 0.163560 0.509324 0.151691 0.597240
188 0.136899 0.354877 0.128950 0.472483 0.130899 0.467657 0.127000 0.477310 0.130899 0.467657 0.196662 0.460272 0.235520 0.532508 0.127000 0.477310 0.183785 0.463833 0.211072 0.555255
189 0.126490 0.346215 0.123339 0.460769 0.116249 0.459656 0.130429 0.461883 0.116249 0.459656 0.180151 0.460010 0.213502 0.543434 0.130429 0.461883 0.186522 0.464636 0.209139 0.557090
190 0.110682 0.331714 0.111942 0.430816 0.094673 0.438549 0.129211 0.423082 0.094673 0.438549 0.123893 0.488462 0.139884 0.567164 0.129211 0.423082 0.190313 0.448103 0.236206 0.536894
191 0.103439 0.325128 0.110086 0.434013 0.091779 0.439569 0.128393 0.428457 0.091779 0.439569 0.120803 0.501295 0.134242 0.585803 0.128393 0.428457 0.191759 0.454368 0.239629 0.536264
192 0.098600 0.341524 0.111099 0.443415 0.091496 0.451497 0.130703 0.435333 0.091496 0.451497 0.109572 0.508829 0.126168 0.592998 0.130703 0.435333 0.197065 0.436603 0.241467 0.537452
193 0.092521 0.351352 0.107794 0.453148 0.092958 0.466179 0.122630 0.440117 0.092958 0.466179 0.136484 0.496833 0.155780 0.577975 0.122630 0.440117 0.192749 0.433174 0.237144 0.533743
194 0.091137 0.364851 0.110541 0.465899 0.101433 0.477003 0.119649 0.454795 0.101433 0.477003 0.142604 0.490380 0.158288 0.577880 0.119649 0.454795 0.186393 0.406976 0.234970 0.526331
195 0.084615 0.364872 0.104568 0.462514 0.108263 0.468220 0.100873 0.456809 0.108263 0.468220 0.168006 0.461092 0.233045 0.538813 0.100873 0.456809 0.116135 0.426103 0.143585 0.538720
196 0.083313 0.368567 0.103143 0.468424 0.097960 0.477843 0.108325 0.459004 0.097960 0.477843 0.130006 0.503436 0.134748 0.601439 0.108325 0.459004 0.181150 0.436324 0.231393 0.535486
197 0.080990 0.370443 0.108274 0.482215 0.102399 0.486970 0.114149 0.477459 0.102399 0.486970 0.140398 0.445198 0.153404 0.527223 0.114149 0.477459 0.196840 0.440302 0.242321 0.535313
198 0.081921 0.367099 0.107239 0.472414 0.100046 0.479976 0.114431 0.464853 0.100046 0.479976 0.143250 0.456722 0.153915 0.538374 0.114431 0.464853 0.200932 0.436203 0.243149 0.534813
199 0.082301 0.360701 0.112408 0.466013 0.099520 0.478341 0.125296 0.453686 0.099520 0.478341 0.127556 0.489779 0.137814 0.568029 0.125296 0.453686 0.207732 0.432328 0.245570 0.530988
200 0.083411 0.358900 0.113327 0.462598 0.101342 0.472127 0.125311 0.453069 0.101342 0.472127 0.130447 0.487484 0.149584 0.567873 0.125311 0.453069 0.203095 0.409093 0.245171 0.529504
201 0.081013 0.364217 0.114717 0.465459 0.107110 0.471647 0.122324 0.459271 0.107110 0.471647 0.156304 0.478642 0.166748 0.565066 0.122324 0.459271 0.179375 0.419320 0.240678 0.514892
202 0.072126 0.375594 0.111469 0.484799 0.115411 0.476349 0.107526 0.493249 0.115411 0.476349 0.183456 0.446378 0.238127 0.542482 0.107526 0.493249 0.134209 0.450815 0.178189 0.538525
203 0.076088 0.375649 0.114135 0.481771 0.125540 0.471295 0.102730 0.492247 0.125540 0.471295 0.194095 0.437060 0.241837 0.536723 0.102730 0.492247 0.096297 0.460662 0.148961 0.548898
204 0.080536 0.378804 0.114967 0.479235 0.129482 0.462489 0.100453 0.495981 0.129482 0.462489 0.201712 0.443171 0.243653 0.537104 0.100453 0.495981 0.089713 0.505347 0.138632 0.583825
205 0.082027 0.382764 0.116885 0.482422 0.130948 0.463093 0.102821 0.501751 0.130948 0.463093 0.200146 0.443655 0.241738 0.538482 0.102821 0.501751 0.097157 0.494832 0.146902 0.576028
206 0.079466 0.385668 0.116470 0.489673 0.129978 0.466639 0.102962 0.512707 0.129978 0.466639 0.199137 0.441105 0.242019 0.536437 0.102962 0.512707 0.095297 0.515900 0.139324 0.569858
207 0.081488 0.381200 0.116631 0.482852 0.128131 0.463602 0.105131 0.502103 0.128131 0.463602 0.200125 0.444972 0.243390 0.537987 0.105131 0.502103 0.115575 0.525548 0.142479 0.605736
208 0.082242 0.382876 0.116469 0.482670 0.126693 0.464087 0.106246 0.501252 0.126693 0.464087 0.199732 0.440940 0.241024 0.534286 0.106246 0.501252 0.108478 0.505200 0.155108 0.589988
209 0.078783 0.391419 0.115256 0.488560 0.126826 0.465733 0.103686 0.511387 0.126826 0.465733 0.202619 0.443674 0.241866 0.535292 0.103686 0.511387 0.115030 0.524457 0.139282 0.602845
210 0.078619 0.396020 0.115453 0.501632 0.126183 0.478778 0.104724 0.524485 0.126183 0.478778 0.198135 0.443189 0.241097 0.536186 0.104724 0.524485 0.130065 0.509951 0.147754 0.598037
211 0.071290 0.400273 0.112159 0.512608 0.118252 0.495647 0.106066 0.529570 0.118252 0.495647 0.163108 0.410503 0.191553 0.442682 0.106066 0.529570 0.131138 0.498444 0.196034 0.564881
212 0.069558 0.384664 0.112574 0.498603 0.118745 0.481194 0.106404 0.516012 0.118745 0.481194 0.185384 0.422691 0.214212 0.502817 0.106404 0.516012 0.137272 0.492563 0.190636 0.554776
213 0.068533 0.400496 0.112664 0.521299 0.119028 0.514030 0.106301 0.528569 0.119028 0.514030 0.185329 0.425778 0.234555 0.530128 0.106301 0.528569 0.136377 0.457284 0.195267 0.543210
214 0.069200 0.397418 0.115123 0.511313 0.123524 0.499920 0.106722 0.522705 0.123524 0.499920 0.186152 0.430987 0.240016 0.536371 0.106722 0.522705 0.118686 0.479554 0.185386 0.556156
215 0.072570 0.396678 0.117603 0.507232 0.128284 0.494712 0.106922 0.519751 0.128284 0.494712 0.185138 0.433762 0.238877 0.535413 0.106922 0.519751 0.109023 0.483827 0.163648 0.541708
216 0.073293 0.398182 0.117406 0.505095 0.123139 0.492244 0.111673 0.517946 0.123139 0.492244 0.171914 0.437327 0.198439 0.540569 0.111673 0.517946 0.151148 0.471104 0.215780 0.531600
217 0.075552 0.389039 0.118126 0.485765 0.125287 0.482205 0.110965 0.489325 0.125287 0.482205 0.178355 0.453324 0.231803 0.538917 0.110965 0.489325 0.122647 0.471000 0.186236 0.525224
218 0.071886 0.372532 0.115772 0.471160 0.119388 0.463662 0.112156 0.478658 0.119388 0.463662 0.158474 0.411152 0.162721 0.440108 0.112156 0.478658 0.158061 0.480287 0.240905 0.534868
219 0.073785 0.374865 0.118035 0.475805 0.119588 0.464857 0.116482 0.486752 0.119588 0.464857 0.165158 0.438609 0.185269 0.528181 0.116482 0.486752 0.164870 0.470927 0.240455 0.537915
220 0.073639 0.378592 0.118456 0.480959 0.120767 0.471487 0.116146 0.490431 0.120767 0.471487 0.168004 0.440793 0.194678 0.539734 0.116146 0.490431 0.152291 0.447786 0.226429 0.528616
221 0.070348 0.383074 0.114219 0.477069 0.122248 0.461857 0.106189 0.492281 0.122248 0.461857 0.192127 0.441174 0.236531 0.540033 0.106189 0.492281 0.113362 0.487858 0.165703 0.560619
222 0.071878 0.366033 0.118426 0.472168 0.114252 0.471837 0.122600 0.472499 0.114252 0.471837 0.146447 0.511930 0.158450 0.604807 0.122600 0.472499 0.176369 0.453167 0.238942 0.551586
223 0.074057 0.360677 0.119944 0.465898 0.120388 0.470737 0.119501 0.461059 0.120388 0.470737 0.148565 0.480392 0.193402 0.598661 0.119501 0.461059 0.103250 0.459996 0.132330 0.569735
224 0.074142 0.361107 0.119822 0.463306 0.114653 0.468327 0.124992 0.458285 0.114653 0.468327 0.152017 0.470292 0.182649 0.553240 0.124992 0.458285 0.194067 0.445625 0.240143 0.548888
225 0.072661 0.361631 0.117847 0.464536 0.111315 0.470360 0.124379 0.458712 0.111315 0.470360 0.139281 0.513484 0.137286 0.601198 0.124379 0.458712 0.187780 0.447680 0.246221 0.540081
226 0.074652 0.362074 0.117561 0.462500 0.108063 0.472049 0.127059 0.452951 0.108063 0.472049 0.136832 0.490114 0.142691 0.574567 0.127059 0.452951 0.204850 0.445419 0.246734 0.535029
227 0.078380 0.374546 0.121856 0.474335 0.110129 0.487434 0.133584 0.461235 0.110129 0.487434 0.132711 0.505587 0.131953 0.589610 0.133584 0.461235 0.207744 0.446709 0.250090 0.527695
228 0.076041 0.368067 0.121349 0.469970 0.108267 0.484715 0.134430 0.455225 0.108267 0.484715 0.132219 0.493090 0.147724 0.557629 0.134430 0.455225 0.212757 0.440991 0.280391 0.503348
229 0.075654 0.375488 0.120745 0.474558 0.109371 0.489140 0.132119 0.459977 0.109371 0.489140 0.153564 0.486168 0.177668 0.524508 0.132119 0.459977 0.210629 0.444208 0.259772 0.511323
230 0.076276 0.371046 0.120789 0.471676 0.110095 0.487281 0.131483 0.456070 0.110095 0.487281 0.155666 0.484304 0.178429 0.538505 0.131483 0.456070 0.208639 0.442024 0.253584 0.517039
231 0.076039 0.367376 0.119897 0.472564 0.110362 0.486273 0.129432 0.458856 0.110362 0.486273 0.167926 0.479081 0.215811 0.517379 0.129432 0.458856 0.203050 0.433004 0.252858 0.514436
232 0.075178 0.368920 0.119703 0.473721 0.110359 0.486892 0.129047 0.460550 0.110359 0.486892 0.157262 0.516397 0.181069 0.587042 0.129047 0.460550 0.206246 0.435131 0.252998 0.515513
233 0.076341 0.366666 0.120480 0.469734 0.114284 0.479183 0.126677 0.460286 0.114284 0.479183 0.187136 0.431619 0.252335 0.431188 0.126677 0.460286 0.204412 0.437476 0.250034 0.520117
234 0.075605 0.367386 0.121389 0.471866 0.114013 0.483243 0.128765 0.460489 0.114013 0.483243 0.145959 0.514713 0.156461 0.586333 0.128765 0.460489 0.206239 0.438856 0.249634 0.520890
235 0.078015 0.358055 0.122365 0.455109 0.112731 0.474884 0.131999 0.435335 0.112731 0.474884 0.149704 0.500663 0.169863 0.568775 0.131999 0.435335 0.206354 0.424622 0.262853 0.490342
236 0.077196 0.353430 0.123565 0.458017 0.114224 0.469109 0.132907 0.446925 0.114224 0.469109 0.150325 0.495480 0.166709 0.560214 0.132907 0.446925 0.206026 0.427965 0.260495 0.499820
237 -1 -1 -1 -1 -1 -1 -1 -1 -1 -1 -1 -1 -1 -1 -1 -1 -1 -1 -1 -1
238 0.074895 0.358183 0.124318 0.465275 0.116356 0.471693 0.132279 0.458857 0.116356 0.471693 0.183938 0.461246 0.226603 0.500668 0.132279 0.458857 0.206354 0.432288 0.264155 0.483102
239 0.074180 0.373386 0.124410 0.475687 0.116788 0.484330 0.132032 0.467044 0.116788 0.484330 0.173570 0.505002 0.175647 0.579919 0.132032 0.467044 0.182042 0.427696 0.245458 0.500973
