0
0
0 -1 -1 -1 -1 -1 -1 -1 -1 -1 -1 -1 -1 -1 -1 -1 -1 -1 -1 -1 -1
1 0.894692 0.474505 0.894267 0.753272 0.894677 0.756182 0.893857 0.750362 0.894677 0.756182 0.850846 0.943587 0.842209 1.122796 0.893857 0.750362 0.845828 0.938379 0.840230 1.108537
2 0.898706 0.473364 0.890223 0.758246 0.889108 0.761991 0.891339 0.754500 0.889108 0.761991 0.829922 0.945297 0.832571 1.122187 0.891339 0.754500 0.838548 0.939113 0.831964 1.108612
3 0.898500 0.469874 0.888234 0.758026 0.886759 0.761695 0.889710 0.754357 0.886759 0.761695 0.832991 0.944761 0.826646 1.113953 0.889710 0.754357 0.837333 0.934491 0.830524 1.102455
4 0.896870 0.468181 0.883755 0.756040 0.885962 0.759358 0.881547 0.752721 0.885962 0.759358 0.835203 0.940066 0.826324 1.101964 0.881547 0.752721 0.831534 0.920237 0.828542 1.090672
5 0.888777 0.467829 0.874298 0.756034 0.884231 0.759346 0.864365 0.752722 0.884231 0.759346 0.837965 0.938032 0.835694 1.096855 0.864365 0.752722 0.817956 0.918264 0.805798 1.078740
6 0.886787 0.467690 0.870373 0.754682 0.879895 0.757926 0.860852 0.751437 0.879895 0.757926 0.837501 0.927017 0.826243 1.089865 0.860852 0.751437 0.813156 0.910353 0.800186 1.073272
7 0.880500 0.468839 0.862065 0.754671 0.871940 0.757909 0.852190 0.751432 0.871940 0.757909 0.837217 0.926056 0.827192 1.090078 0.852190 0.751432 0.803805 0.909179 0.775929 1.065218
8 -1 -1 -1 -1 -1 -1 -1 -1 -1 -1 -1 -1 -1 -1 -1 -1 -1 -1 -1 -1
9 -1 -1 -1 -1 -1 -1 -1 -1 -1 -1 -1 -1 -1 -1 -1 -1 -1 -1 -1 -1
10 -1 -1 -1 -1 -1 -1 -1 -1 -1 -1 -1 -1 -1 -1 -1 -1 -1 -1 -1 -1
11 -1 -1 -1 -1 -1 -1 -1 -1 -1 -1 -1 -1 -1 -1 -1 -1 -1 -1 -1 -1
12 -1 -1 -1 -1 -1 -1 -1 -1 -1 -1 -1 -1 -1 -1 -1 -1 -1 -1 -1 -1
13 -1 -1 -1 -1 -1 -1 -1 -1 -1 -1 -1 -1 -1 -1 -1 -1 -1 -1 -1 -1
14 -1 -1 -1 -1 -1 -1 -1 -1 -1 -1 -1 -1 -1 -1 -1 -1 -1 -1 -1 -1
15 -1 -1 -1 -1 -1 -1 -1 -1 -1 -1 -1 -1 -1 -1 -1 -1 -1 -1 -1 -1
16 -1 -1 -1 -1 -1 -1 -1 -1 -1 -1 -1 -1 -1 -1 -1 -1 -1 -1 -1 -1
17 -1 -1 -1 -1 -1 -1 -1 -1 -1 -1 -1 -1 -1 -1 -1 -1 -1 -1 -1 -1
18 -1 -1 -1 -1 -1 -1 -1 -1 -1 -1 -1 -1 -1 -1 -1 -1 -1 -1 -1 -1
19 -1 -1 -1 -1 -1 -1 -1 -1 -1 -1 -1 -1 -1 -1 -1 -1 -1 -1 -1 -1
20 -1 -1 -1 -1 -1 -1 -1 -1 -1 -1 -1 -1 -1 -1 -1 -1 -1 -1 -1 -1
21 -1 -1 -1 -1 -1 -1 -1 -1 -1 -1 -1 -1 -1 -1 -1 -1 -1 -1 -1 -1
22 -1 -1 -1 -1 -1 -1 -1 -1 -1 -1 -1 -1 -1 -1 -1 -1 -1 -1 -1 -1
23 -1 -1 -1 -1 -1 -1 -1 -1 -1 -1 -1 -1 -1 -1 -1 -1 -1 -1 -1 -1
24 -1 -1 -1 -1 -1 -1 -1 -1 -1 -1 -1 -1 -1 -1 -1 -1 -1 -1 -1 -1
25 -1 -1 -1 -1 -1 -1 -1 -1 -1 -1 -1 -1 -1 -1 -1 -1 -1 -1 -1 -1
26 -1 -1 -1 -1 -1 -1 -1 -1 -1 -1 -1 -1 -1 -1 -1 -1 -1 -1 -1 -1
27 -1 -1 -1 -1 -1 -1 -1 -1 -1 -1 -1 -1 -1 -1 -1 -1 -1 -1 -1 -1
28 -1 -1 -1 -1 -1 -1 -1 -1 -1 -1 -1 -1 -1 -1 -1 -1 -1 -1 -1 -1
29 -1 -1 -1 -1 -1 -1 -1 -1 -1 -1 -1 -1 -1 -1 -1 -1 -1 -1 -1 -1
30 -1 -1 -1 -1 -1 -1 -1 -1 -1 -1 -1 -1 -1 -1 -1 -1 -1 -1 -1 -1
31 -1 -1 -1 -1 -1 -1 -1 -1 -1 -1 -1 -1 -1 -1 -1 -1 -1 -1 -1 -1
32 -1 -1 -1 -1 -1 -1 -1 -1 -1 -1 -1 -1 -1 -1 -1 -1 -1 -1 -1 -1
33 -1 -1 -1 -1 -1 -1 -1 -1 -1 -1 -1 -1 -1 -1 -1 -1 -1 -1 -1 -1
34 -1 -1 -1 -1 -1 -1 -1 -1 -1 -1 -1 -1 -1 -1 -1 -1 -1 -1 -1 -1
35 -1 -1 -1 -1 -1 -1 -1 -1 -1 -1 -1 -1 -1 -1 -1 -1 -1 -1 -1 -1
36 -1 -1 -1 -1 -1 -1 -1 -1 -1 -1 -1 -1 -1 -1 -1 -1 -1 -1 -1 -1
37 -1 -1 -1 -1 -1 -1 -1 -1 -1 -1 -1 -1 -1 -1 -1 -1 -1 -1 -1 -1
38 -1 -1 -1 -1 -1 -1 -1 -1 -1 -1 -1 -1 -1 -1 -1 -1 -1 -1 -1 -1
39 -1 -1 -1 -1 -1 -1 -1 -1 -1 -1 -1 -1 -1 -1 -1 -1 -1 -1 -1 -1
40 -1 -1 -1 -1 -1 -1 -1 -1 -1 -1 -1 -1 -1 -1 -1 -1 -1 -1 -1 -1
41 -1 -1 -1 -1 -1 -1 -1 -1 -1 -1 -1 -1 -1 -1 -1 -1 -1 -1 -1 -1
42 0.772046 0.384213 0.745814 0.613746 0.722348 0.607356 0.769281 0.620136 0.722348 0.607356 0.688420 0.734580 0.668155 0.883357 0.769281 0.620136 0.748217 0.761920 0.729817 0.923892
43 0.769829 0.383601 0.744226 0.610351 0.720383 0.603210 0.768069 0.617492 0.720383 0.603210 0.687813 0.727631 0.664769 0.867346 0.768069 0.617492 0.748258 0.754157 0.729959 0.915889
44 0.769173 0.382881 0.742415 0.608842 0.718710 0.601335 0.766120 0.616350 0.718710 0.601335 0.686810 0.722390 0.660722 0.854912 0.766120 0.616350 0.747605 0.753758 0.728188 0.913156
45 0.765532 0.383595 0.740428 0.610673 0.716430 0.603114 0.764426 0.618231 0.716430 0.603114 0.685289 0.717046 0.655497 0.844806 0.764426 0.618231 0.747652 0.756940 0.727922 0.915545
46 0.758995 0.384346 0.738348 0.611605 0.714836 0.604331 0.761860 0.618879 0.714836 0.604331 0.684515 0.710314 0.657916 0.837772 0.761860 0.618879 0.747429 0.756563 0.728016 0.912299
47 0.754657 0.384549 0.736118 0.610837 0.712341 0.603981 0.759895 0.617693 0.712341 0.603981 0.684333 0.706579 0.658649 0.828799 0.759895 0.617693 0.745354 0.755000 0.726991 0.909561
48 0.751086 0.384751 0.733656 0.610189 0.709374 0.603852 0.757939 0.616526 0.709374 0.603852 0.684062 0.706434 0.660533 0.821835 0.757939 0.616526 0.743067 0.754609 0.726250 0.908929
49 0.744876 0.383772 0.731730 0.607673 0.707166 0.601887 0.756294 0.613460 0.707166 0.601887 0.683378 0.707735 0.662267 0.824217 0.756294 0.613460 0.740922 0.751410 0.725248 0.905161
50 0.736810 0.382087 0.728965 0.604870 0.703750 0.600086 0.754180 0.609654 0.703750 0.600086 0.682927 0.708157 0.662842 0.826107 0.754180 0.609654 0.738981 0.748465 0.724618 0.900837
51 0.729973 0.380938 0.726481 0.601373 0.701269 0.597077 0.751693 0.605669 0.701269 0.597077 0.680919 0.704413 0.663686 0.819347 0.751693 0.605669 0.738633 0.745815 0.725154 0.902300
52 0.723269 0.378407 0.722793 0.595063 0.698328 0.591783 0.747258 0.598343 0.698328 0.591783 0.679694 0.700831 0.664213 0.820686 0.747258 0.598343 0.736494 0.740654 0.725527 0.900010
53 0.717452 0.376794 0.719447 0.590285 0.695143 0.587792 0.743750 0.592778 0.695143 0.587792 0.677928 0.700137 0.664024 0.823775 0.743750 0.592778 0.734938 0.732680 0.726225 0.894322
54 0.713676 0.373955 0.716027 0.585220 0.692315 0.583565 0.739739 0.586875 0.692315 0.583565 0.675792 0.699719 0.664263 0.825266 0.739739 0.586875 0.733634 0.724350 0.733217 0.879955
55 0.709336 0.370686 0.712062 0.583165 0.689153 0.581632 0.734970 0.584699 0.689153 0.581632 0.673259 0.699812 0.664478 0.825363 0.734970 0.584699 0.731360 0.715963 0.737537 0.866629
56 0.706870 0.368131 0.708817 0.579248 0.686233 0.577745 0.731401 0.580751 0.686233 0.577745 0.671380 0.697649 0.664384 0.824785 0.731401 0.580751 0.726103 0.705851 0.736771 0.855214
57 0.704228 0.364242 0.706776 0.570804 0.684391 0.569494 0.729160 0.572115 0.684391 0.569494 0.670417 0.694560 0.664414 0.823692 0.729160 0.572115 0.722272 0.700185 0.735416 0.848033
58 0.702482 0.361377 0.705183 0.567145 0.683085 0.566161 0.727281 0.568129 0.683085 0.566161 0.669867 0.693230 0.664492 0.824720 0.727281 0.568129 0.720237 0.697283 0.733536 0.841961
59 0.702304 0.358149 0.703856 0.562540 0.682024 0.560740 0.725687 0.564339 0.682024 0.560740 0.668655 0.693785 0.664307 0.825190 0.725687 0.564339 0.717650 0.699479 0.731580 0.841347
60 0.700787 0.354153 0.702675 0.555235 0.681230 0.553480 0.724121 0.556989 0.681230 0.553480 0.668225 0.692322 0.664468 0.825495 0.724121 0.556989 0.714334 0.699185 0.724470 0.838182
61 0.700521 0.351795 0.700639 0.552761 0.679368 0.550526 0.721909 0.554997 0.679368 0.550526 0.668160 0.689062 0.664832 0.825577 0.721909 0.554997 0.713020 0.694509 0.718052 0.833472
62 0.700652 0.348359 0.699342 0.546202 0.678353 0.543945 0.720330 0.548458 0.678353 0.543945 0.667040 0.684647 0.666372 0.823273 0.720330 0.548458 0.712328 0.683890 0.710706 0.823714
63 0.700714 0.345050 0.697634 0.544691 0.676814 0.542223 0.718454 0.547158 0.676814 0.542223 0.666434 0.682727 0.667368 0.822847 0.718454 0.547158 0.709915 0.677479 0.703906 0.816088
64 0.700600 0.342316 0.696974 0.538144 0.677127 0.535417 0.716821 0.540871 0.677127 0.535417 0.666641 0.673832 0.668578 0.819247 0.716821 0.540871 0.705484 0.669648 0.696730 0.803084
65 0.701007 0.341341 0.695755 0.537608 0.677185 0.534710 0.714324 0.540507 0.677185 0.534710 0.669456 0.668195 0.669659 0.815995 0.714324 0.540507 0.700326 0.668096 0.687544 0.806463
66 0.702562 0.339912 0.694742 0.537911 0.677591 0.534765 0.711893 0.541056 0.677591 0.534765 0.671128 0.670737 0.669577 0.816604 0.711893 0.541056 0.696598 0.671008 0.680572 0.811266
67 0.704068 0.339140 0.694378 0.535157 0.677998 0.531833 0.710758 0.538480 0.677998 0.531833 0.671132 0.671927 0.669007 0.817270 0.710758 0.538480 0.694403 0.671517 0.678326 0.810716
68 0.705395 0.338545 0.693933 0.533125 0.678276 0.530000 0.709591 0.536251 0.678276 0.530000 0.670991 0.670817 0.668857 0.817562 0.709591 0.536251 0.691516 0.667698 0.680522 0.806309
69 0.707877 0.337504 0.693505 0.532192 0.678469 0.529235 0.708541 0.535150 0.678469 0.529235 0.670431 0.667363 0.668671 0.816697 0.708541 0.535150 0.691761 0.665035 0.680961 0.804609
70 0.708952 0.335873 0.693655 0.529295 0.678365 0.525890 0.708944 0.532699 0.678365 0.525890 0.666126 0.661962 0.668632 0.812954 0.708944 0.532699 0.693562 0.661222 0.683474 0.796864
71 0.709930 0.333632 0.693823 0.528085 0.677889 0.524416 0.709758 0.531754 0.677889 0.524416 0.660596 0.659582 0.668619 0.809483 0.709758 0.531754 0.694538 0.660769 0.684160 0.794303
72 0.711295 0.332553 0.693559 0.526818 0.676777 0.522331 0.710342 0.531305 0.676777 0.522331 0.654388 0.653942 0.668309 0.801027 0.710342 0.531305 0.695325 0.654496 0.684792 0.786248
73 0.712167 0.332094 0.692850 0.525889 0.675029 0.521338 0.710671 0.530441 0.675029 0.521338 0.650814 0.646884 0.667714 0.793528 0.710671 0.530441 0.695597 0.649695 0.683949 0.780672
74 0.713134 0.331703 0.692307 0.524408 0.673723 0.519689 0.710892 0.529126 0.673723 0.519689 0.649638 0.640926 0.667415 0.783981 0.710892 0.529126 0.695740 0.648400 0.684197 0.778508
75 0.712995 0.331247 0.691620 0.522626 0.672360 0.517513 0.710881 0.527738 0.672360 0.517513 0.649359 0.637021 0.666815 0.773137 0.710881 0.527738 0.695979 0.646413 0.684422 0.775838
76 0.711530 0.330083 0.690676 0.521173 0.670866 0.516019 0.710487 0.526327 0.670866 0.516019 0.648736 0.636485 0.664110 0.769803 0.710487 0.526327 0.696096 0.646068 0.684259 0.775477
77 0.709747 0.327723 0.689617 0.519757 0.669337 0.514700 0.709898 0.524814 0.669337 0.514700 0.648014 0.634411 0.661175 0.769100 0.709898 0.524814 0.696215 0.645594 0.682379 0.775254
78 0.708400 0.326587 0.688604 0.519512 0.668105 0.514637 0.709104 0.524387 0.668105 0.514637 0.646573 0.636393 0.655878 0.768134 0.709104 0.524387 0.696308 0.647222 0.681190 0.776556
79 0.706799 0.325259 0.687674 0.517411 0.666999 0.511891 0.708348 0.522932 0.666999 0.511891 0.643847 0.633604 0.646430 0.765827 0.708348 0.522932 0.696046 0.647907 0.679063 0.778450
80 0.704379 0.324403 0.686176 0.516685 0.665297 0.511305 0.707055 0.522066 0.665297 0.511305 0.641018 0.627448 0.636121 0.757500 0.707055 0.522066 0.695549 0.646852 0.678410 0.775081
81 0.702472 0.324122 0.684832 0.514096 0.664005 0.508749 0.705658 0.519444 0.664005 0.508749 0.638676 0.623595 0.627475 0.753590 0.705658 0.519444 0.693970 0.643933 0.678325 0.772688
82 0.699317 0.323919 0.683212 0.513816 0.662463 0.508364 0.703961 0.519269 0.662463 0.508364 0.635090 0.619809 0.617918 0.744329 0.703961 0.519269 0.692760 0.643744 0.678730 0.774205
83 0.696482 0.324475 0.680750 0.514512 0.659590 0.509100 0.701910 0.519924 0.659590 0.509100 0.630972 0.618212 0.608724 0.735007 0.701910 0.519924 0.691102 0.644242 0.678960 0.774974
84 0.693090 0.325550 0.678372 0.514174 0.656890 0.508748 0.699855 0.519600 0.656890 0.508748 0.626987 0.615835 0.601552 0.729849 0.699855 0.519600 0.688050 0.642738 0.679151 0.774253
85 0.688840 0.326297 0.675863 0.514565 0.654313 0.509203 0.697413 0.519926 0.654313 0.509203 0.621519 0.618578 0.596198 0.729369 0.697413 0.519926 0.686935 0.643251 0.679323 0.774748
86 0.684216 0.326887 0.672182 0.514758 0.650326 0.509382 0.694038 0.520134 0.650326 0.509382 0.618812 0.619743 0.592895 0.730317 0.694038 0.520134 0.685690 0.643597 0.679190 0.775052
87 0.678212 0.327353 0.668530 0.514782 0.646368 0.509436 0.690693 0.520127 0.646368 0.509436 0.617339 0.619860 0.591846 0.730053 0.690693 0.520127 0.684216 0.643689 0.679245 0.775310
88 0.673070 0.327132 0.664141 0.514396 0.641574 0.509531 0.686709 0.519260 0.641574 0.509531 0.616528 0.619439 0.593763 0.730588 0.686709 0.519260 0.682403 0.642184 0.679591 0.772124
89 0.667479 0.326030 0.659993 0.514190 0.637522 0.509745 0.682464 0.518636 0.637522 0.509745 0.615143 0.618391 0.593620 0.731611 0.682464 0.518636 0.680426 0.641417 0.680926 0.769984
90 0.662815 0.324795 0.655358 0.513275 0.632436 0.509444 0.678279 0.517106 0.632436 0.509444 0.612100 0.615585 0.593121 0.732680 0.678279 0.517106 0.679010 0.640180 0.680931 0.768835
91 0.658954 0.322211 0.651162 0.511000 0.628209 0.507929 0.674115 0.514072 0.628209 0.507929 0.609063 0.611310 0.591789 0.728433 0.674115 0.514072 0.676605 0.638118 0.680992 0.766881
92 0.652523 0.318936 0.646745 0.508921 0.623760 0.506488 0.669730 0.511353 0.623760 0.506488 0.605251 0.611260 0.591686 0.728919 0.669730 0.511353 0.674093 0.637082 0.681016 0.766037
93 0.646472 0.313226 0.642375 0.505669 0.619654 0.503735 0.665097 0.507603 0.619654 0.503735 0.602125 0.609942 0.592326 0.729861 0.665097 0.507603 0.670667 0.635565 0.680928 0.764728
94 0.639269 0.308436 0.637647 0.502012 0.614742 0.500199 0.660551 0.503824 0.614742 0.500199 0.600220 0.610563 0.592589 0.730134 0.660551 0.503824 0.665753 0.632857 0.678770 0.762406
95 0.634004 0.305604 0.633202 0.499243 0.610610 0.497588 0.655795 0.500899 0.610610 0.497588 0.599105 0.610328 0.593591 0.729096 0.655795 0.500899 0.661401 0.628722 0.676299 0.761137
96 0.630278 0.304479 0.629748 0.498503 0.607533 0.496875 0.651964 0.500131 0.607533 0.496875 0.597789 0.608645 0.593919 0.729397 0.651964 0.500131 0.658037 0.624707 0.672858 0.760299
97 0.626290 0.301738 0.627497 0.496436 0.606542 0.494764 0.648451 0.498107 0.606542 0.494764 0.595774 0.606813 0.593787 0.729661 0.648451 0.498107 0.653881 0.619905 0.670152 0.754796
98 0.623714 0.301356 0.625450 0.493381 0.605130 0.491715 0.645769 0.495048 0.605130 0.491715 0.593507 0.606707 0.593379 0.729753 0.645769 0.495048 0.650972 0.617101 0.667908 0.751409
99 0.621771 0.301026 0.622984 0.491722 0.603499 0.490148 0.642469 0.493297 0.603499 0.490148 0.592898 0.606228 0.592964 0.729061 0.642469 0.493297 0.646983 0.616304 0.666045 0.750762
100 0.619724 0.299813 0.621326 0.487466 0.602427 0.486165 0.640225 0.488767 0.602427 0.486165 0.593215 0.605256 0.592812 0.729233 0.640225 0.488767 0.643428 0.612076 0.659297 0.745720
101 0.618793 0.298207 0.619548 0.484134 0.600996 0.482867 0.638101 0.485401 0.600996 0.482867 0.593272 0.605111 0.593796 0.727205 0.638101 0.485401 0.637995 0.610577 0.652772 0.740578
102 0.616800 0.297363 0.618950 0.478291 0.602052 0.477056 0.635849 0.479526 0.602052 0.477056 0.594196 0.601339 0.596604 0.722118 0.635849 0.479526 0.626742 0.604299 0.640535 0.732510
103 0.612730 0.297115 0.617558 0.477170 0.600377 0.476299 0.634739 0.478042 0.600377 0.476299 0.593917 0.600313 0.596522 0.721667 0.634739 0.478042 0.622932 0.600207 0.634505 0.724711
104 0.610383 0.296845 0.616323 0.475627 0.599559 0.474840 0.633088 0.476414 0.599559 0.474840 0.594319 0.596785 0.599161 0.717129 0.633088 0.476414 0.617914 0.596477 0.623589 0.716834
105 0.609362 0.296931 0.616482 0.474783 0.599419 0.473881 0.633545 0.475686 0.599419 0.473881 0.594608 0.592549 0.599426 0.717300 0.633545 0.475686 0.619210 0.590773 0.621137 0.707220
106 0.608010 0.297009 0.615259 0.476310 0.597449 0.475296 0.633070 0.477324 0.597449 0.475296 0.594567 0.593498 0.599246 0.717976 0.633070 0.477324 0.618465 0.591080 0.617963 0.708766
107 0.607155 0.297416 0.614653 0.477451 0.596864 0.476321 0.632443 0.478581 0.596864 0.476321 0.594030 0.594531 0.598689 0.718421 0.632443 0.478581 0.619001 0.586726 0.617946 0.698967
108 0.605731 0.297044 0.613496 0.477590 0.595155 0.476834 0.631837 0.478346 0.595155 0.476834 0.593282 0.586186 0.597109 0.715519 0.631837 0.478346 0.616037 0.574673 0.611932 0.683976
109 0.605352 0.296669 0.612868 0.477856 0.594572 0.477299 0.631165 0.478414 0.594572 0.477299 0.592093 0.583151 0.594204 0.710531 0.631165 0.478414 0.615782 0.560593 0.613042 0.656931
110 0.605234 0.296689 0.612044 0.476847 0.594030 0.476702 0.630058 0.476992 0.594030 0.476702 0.590803 0.577249 0.592077 0.709899 0.630058 0.476992 0.614577 0.565870 0.606475 0.670523
111 0.605063 0.296435 0.610048 0.473831 0.592785 0.474180 0.627312 0.473483 0.592785 0.474180 0.589932 0.580232 0.591785 0.710090 0.627312 0.473483 0.612630 0.568833 0.602463 0.677420
112 0.605353 0.296249 0.608098 0.472749 0.590818 0.472498 0.625378 0.473000 0.590818 0.472498 0.588156 0.581933 0.591686 0.710944 0.625378 0.473000 0.611546 0.571827 0.600922 0.681827
113 0.605370 0.296255 0.606283 0.471969 0.588171 0.471850 0.624395 0.472088 0.588171 0.471850 0.586746 0.583799 0.591845 0.711530 0.624395 0.472088 0.610082 0.571411 0.600126 0.679520
114 0.604892 0.296546 0.605231 0.470680 0.586673 0.470666 0.623790 0.470694 0.586673 0.470666 0.583730 0.584055 0.591962 0.713099 0.623790 0.470694 0.606852 0.572856 0.599493 0.681998
115 0.604899 0.296577 0.604029 0.467904 0.584900 0.467505 0.623158 0.468304 0.584900 0.467505 0.580041 0.584016 0.591048 0.708411 0.623158 0.468304 0.607483 0.573643 0.600456 0.683192
116 0.604819 0.296229 0.602521 0.465965 0.583020 0.464849 0.622022 0.467080 0.583020 0.464849 0.575034 0.583624 0.589814 0.703240 0.622022 0.467080 0.605986 0.574261 0.599472 0.683697
117 0.605037 0.295035 0.601190 0.464481 0.581625 0.462743 0.620755 0.466219 0.581625 0.462743 0.570994 0.581883 0.588682 0.699361 0.620755 0.466219 0.604506 0.574208 0.597335 0.684097
118 0.605002 0.293609 0.599720 0.463244 0.580479 0.461141 0.618962 0.465347 0.580479 0.461141 0.568515 0.579722 0.588135 0.699160 0.618962 0.465347 0.603696 0.572410 0.596385 0.683211
119 0.604683 0.292290 0.598352 0.461861 0.579343 0.459818 0.617361 0.463903 0.579343 0.459818 0.564748 0.577609 0.587058 0.697278 0.617361 0.463903 0.603186 0.569847 0.596614 0.682033
120 0.604390 0.291740 0.597535 0.459667 0.578401 0.457300 0.616669 0.462034 0.578401 0.457300 0.562307 0.576927 0.584360 0.696881 0.616669 0.462034 0.601398 0.570491 0.595673 0.683271
121 0.603681 0.290914 0.595471 0.458334 0.576536 0.455528 0.614406 0.461140 0.576536 0.455528 0.558252 0.576442 0.578698 0.695576 0.614406 0.461140 0.600074 0.571484 0.595095 0.686161
122 0.602484 0.290075 0.593490 0.457682 0.575242 0.454395 0.611739 0.460968 0.575242 0.454395 0.554531 0.574753 0.569763 0.692205 0.611739 0.460968 0.600178 0.574050 0.593090 0.689828
123 0.600701 0.288901 0.591857 0.457694 0.574431 0.454184 0.609282 0.461203 0.574431 0.454184 0.551534 0.570927 0.558487 0.683800 0.609282 0.461203 0.599061 0.573480 0.592931 0.689729
124 0.598389 0.288804 0.591124 0.457368 0.574092 0.453864 0.608156 0.460872 0.574092 0.453864 0.548269 0.565576 0.547381 0.679044 0.608156 0.460872 0.597612 0.573191 0.589813 0.689089
125 0.595222 0.286796 0.590834 0.456123 0.574350 0.452940 0.607319 0.459307 0.574350 0.452940 0.545675 0.560706 0.537649 0.673449 0.607319 0.459307 0.595546 0.568118 0.591044 0.683111
126 0.591951 0.284823 0.589100 0.453675 0.573420 0.450383 0.604780 0.456967 0.573420 0.450383 0.541493 0.557873 0.526637 0.672730 0.604780 0.456967 0.594387 0.565919 0.591489 0.680546
127 0.588460 0.284421 0.586454 0.454322 0.571495 0.451207 0.601414 0.457437 0.571495 0.451207 0.536527 0.559347 0.518027 0.673568 0.601414 0.457437 0.593736 0.566419 0.591521 0.679614
128 0.585686 0.284154 0.584309 0.454771 0.569672 0.451735 0.598945 0.457808 0.569672 0.451735 0.533483 0.560265 0.509740 0.675741 0.598945 0.457808 0.591186 0.566793 0.591623 0.680148
129 0.581924 0.283634 0.580110 0.454882 0.566229 0.451843 0.593991 0.457922 0.566229 0.451843 0.528275 0.561344 0.502832 0.676244 0.593991 0.457922 0.585012 0.565676 0.589711 0.677934
130 0.576512 0.282817 0.575964 0.455379 0.563334 0.452651 0.588594 0.458107 0.563334 0.452651 0.523364 0.561418 0.497267 0.676802 0.588594 0.458107 0.585661 0.565912 0.590018 0.678265
131 0.570567 0.282883 0.571635 0.457412 0.561922 0.456100 0.581349 0.458723 0.561922 0.456100 0.520585 0.563958 0.494672 0.677391 0.581349 0.458723 0.583649 0.566154 0.590055 0.677868
132 0.564954 0.282912 0.567437 0.458620 0.557622 0.457897 0.577252 0.459343 0.557622 0.457897 0.519194 0.565736 0.493334 0.678122 0.577252 0.459343 0.581984 0.566322 0.590391 0.677794
133 0.558640 0.283182 0.561338 0.460956 0.551438 0.461079 0.571237 0.460833 0.551438 0.461079 0.516502 0.568324 0.492368 0.678215 0.571237 0.460833 0.578118 0.566610 0.590803 0.678005
134 0.550390 0.283373 0.554458 0.462283 0.545434 0.462831 0.563482 0.461735 0.545434 0.462831 0.511041 0.570587 0.488652 0.682846 0.563482 0.461735 0.572330 0.567447 0.590958 0.679397
135 0.544277 0.282839 0.549262 0.462241 0.538629 0.462715 0.559895 0.461766 0.538629 0.462715 0.505982 0.572050 0.486372 0.685923 0.559895 0.461766 0.571879 0.569011 0.591119 0.679459
136 0.537573 0.282261 0.543284 0.460446 0.532687 0.461876 0.553881 0.459016 0.532687 0.461876 0.502223 0.571869 0.484839 0.686766 0.553881 0.459016 0.567243 0.567685 0.590655 0.677461
137 0.531299 0.282273 0.536230 0.458217 0.527981 0.460108 0.544478 0.456326 0.527981 0.460108 0.500379 0.571741 0.484529 0.686611 0.544478 0.456326 0.560994 0.565215 0.588619 0.670901
138 0.524286 0.282401 0.531146 0.455574 0.525627 0.457511 0.536666 0.453637 0.525627 0.457511 0.501380 0.569622 0.483741 0.686506 0.536666 0.453637 0.552133 0.560996 0.585123 0.666157
139 0.519670 0.282430 0.526619 0.454863 0.521079 0.456543 0.532158 0.453183 0.521079 0.456543 0.499401 0.568679 0.483772 0.686747 0.532158 0.453183 0.543957 0.560311 0.580984 0.663528
140 0.514400 0.282718 0.523001 0.453807 0.520263 0.455348 0.525739 0.452265 0.520263 0.455348 0.498657 0.567416 0.486261 0.686854 0.525739 0.452265 0.536696 0.559386 0.578270 0.658178
141 0.509475 0.282849 0.518679 0.454012 0.514685 0.455366 0.522673 0.452658 0.514685 0.455366 0.496064 0.566879 0.487628 0.687563 0.522673 0.452658 0.531438 0.559215 0.572492 0.655438
142 0.505593 0.284330 0.515385 0.453679 0.510049 0.455080 0.520721 0.452278 0.510049 0.455080 0.494613 0.566909 0.487025 0.689475 0.520721 0.452278 0.525690 0.558648 0.563383 0.654381
143 0.501289 0.285436 0.511683 0.453427 0.505138 0.454734 0.518229 0.452120 0.505138 0.454734 0.491633 0.566266 0.486651 0.690073 0.518229 0.452120 0.518260 0.556713 0.550439 0.655635
144 0.496936 0.285816 0.507957 0.453482 0.502885 0.454762 0.513029 0.452202 0.502885 0.454762 0.488353 0.566489 0.487165 0.690201 0.513029 0.452202 0.509790 0.556783 0.536825 0.656404
145 0.493767 0.285751 0.504371 0.453103 0.500885 0.454586 0.507856 0.451621 0.500885 0.454586 0.487587 0.565839 0.487159 0.688855 0.507856 0.451621 0.506019 0.556837 0.525236 0.658681
146 0.489767 0.285763 0.501403 0.452678 0.501203 0.454557 0.501603 0.450798 0.501203 0.454557 0.487086 0.565855 0.487206 0.688897 0.501603 0.450798 0.495854 0.557079 0.502686 0.668115
147 0.486151 0.285752 0.498994 0.452987 0.498305 0.455241 0.499683 0.450733 0.498305 0.455241 0.486674 0.566604 0.486175 0.687541 0.499683 0.450733 0.492600 0.556875 0.488763 0.665916
148 0.482691 0.285266 0.496044 0.453333 0.495517 0.455820 0.496572 0.450847 0.495517 0.455820 0.485298 0.567431 0.483853 0.687642 0.496572 0.450847 0.487738 0.556865 0.483613 0.659553
149 0.478563 0.284596 0.492940 0.452712 0.494669 0.455470 0.491210 0.449955 0.494669 0.455470 0.484118 0.564690 0.481630 0.682860 0.491210 0.449955 0.481312 0.550671 0.475127 0.649594
150 0.475382 0.283437 0.490952 0.450938 0.492200 0.453418 0.489703 0.448459 0.492200 0.453418 0.480334 0.560669 0.478628 0.680459 0.489703 0.448459 0.478128 0.546991 0.467238 0.646533
151 0.472922 0.281964 0.488308 0.448865 0.489764 0.450824 0.486852 0.446905 0.489764 0.450824 0.476721 0.558971 0.472818 0.677791 0.486852 0.446905 0.474452 0.547208 0.468660 0.647403
152 0.471004 0.280625 0.484131 0.447946 0.483009 0.449535 0.485253 0.446356 0.483009 0.449535 0.470782 0.558677 0.466801 0.668592 0.485253 0.446356 0.474519 0.548032 0.474777 0.657868
153 0.469142 0.278422 0.479498 0.446659 0.477331 0.447833 0.481664 0.445485 0.477331 0.447833 0.464605 0.555767 0.456778 0.659593 0.481664 0.445485 0.480595 0.554973 0.482559 0.665878
154 0.465563 0.276490 0.474366 0.442416 0.474088 0.443509 0.474644 0.441323 0.474088 0.443509 0.462991 0.554300 0.460575 0.657460 0.474644 0.441323 0.477060 0.554668 0.478906 0.665595
155 0.462534 0.273846 0.471054 0.439799 0.471042 0.440416 0.471065 0.439182 0.471042 0.440416 0.457669 0.552555 0.460830 0.660980 0.471065 0.439182 0.471880 0.552274 0.476618 0.665121
156 0.459313 0.272045 0.467491 0.438415 0.466781 0.439163 0.468202 0.437668 0.466781 0.439163 0.450012 0.550747 0.454701 0.662953 0.468202 0.437668 0.471240 0.552312 0.480645 0.667377
157 0.457202 0.268710 0.465486 0.436590 0.464149 0.437602 0.466822 0.435578 0.464149 0.437602 0.446802 0.551063 0.452997 0.664506 0.466822 0.435578 0.467967 0.550028 0.480405 0.666316
158 0.454522 0.267440 0.463024 0.433206 0.462476 0.434748 0.463573 0.431664 0.462476 0.434748 0.446055 0.549592 0.453131 0.664732 0.463573 0.431664 0.462030 0.546076 0.476604 0.658939
159 0.452039 0.266676 0.461711 0.430569 0.461955 0.432293 0.461467 0.428846 0.461955 0.432293 0.446684 0.547490 0.455708 0.664003 0.461467 0.428846 0.454058 0.540505 0.465110 0.652124
160 0.450369 0.265999 0.459652 0.428598 0.460180 0.430104 0.459125 0.427093 0.460180 0.430104 0.445761 0.546570 0.456306 0.663746 0.459125 0.427093 0.449117 0.534358 0.458129 0.642243
161 0.448832 0.265757 0.458216 0.427481 0.458430 0.428403 0.458002 0.426560 0.458430 0.428403 0.443503 0.546978 0.456736 0.664086 0.458002 0.426560 0.448588 0.533702 0.456760 0.640220
162 0.447483 0.265633 0.455924 0.426741 0.456429 0.427407 0.455419 0.426074 0.456429 0.427407 0.441221 0.547103 0.455074 0.664419 0.455419 0.426074 0.445924 0.532106 0.454781 0.638974
163 -1 -1 -1 -1 -1 -1 -1 -1 -1 -1 -1 -1 -1 -1 -1 -1 -1 -1 -1 -1
164 -1 -1 -1 -1 -1 -1 -1 -1 -1 -1 -1 -1 -1 -1 -1 -1 -1 -1 -1 -1
165 -1 -1 -1 -1 -1 -1 -1 -1 -1 -1 -1 -1 -1 -1 -1 -1 -1 -1 -1 -1
166 -1 -1 -1 -1 -1 -1 -1 -1 -1 -1 -1 -1 -1 -1 -1 -1 -1 -1 -1 -1
167 -1 -1 -1 -1 -1 -1 -1 -1 -1 -1 -1 -1 -1 -1 -1 -1 -1 -1 -1 -1
168 -1 -1 -1 -1 -1 -1 -1 -1 -1 -1 -1 -1 -1 -1 -1 -1 -1 -1 -1 -1
169 -1 -1 -1 -1 -1 -1 -1 -1 -1 -1 -1 -1 -1 -1 -1 -1 -1 -1 -1 -1
170 -1 -1 -1 -1 -1 -1 -1 -1 -1 -1 -1 -1 -1 -1 -1 -1 -1 -1 -1 -1
171 -1 -1 -1 -1 -1 -1 -1 -1 -1 -1 -1 -1 -1 -1 -1 -1 -1 -1 -1 -1
172 -1 -1 -1 -1 -1 -1 -1 -1 -1 -1 -1 -1 -1 -1 -1 -1 -1 -1 -1 -1
173 -1 -1 -1 -1 -1 -1 -1 -1 -1 -1 -1 -1 -1 -1 -1 -1 -1 -1 -1 -1
174 0.434659 0.271066 0.433097 0.444684 0.416839 0.443741 0.449355 0.445626 0.416839 0.443741 0.393168 0.562427 0.381854 0.678761 0.449355 0.445626 0.446353 0.554973 0.443108 0.654130
175 0.431161 0.273014 0.431273 0.444466 0.413328 0.443717 0.449218 0.445214 0.413328 0.443717 0.390082 0.562138 0.378299 0.678907 0.449218 0.445214 0.447214 0.554820 0.443259 0.656414
176 0.427252 0.274837 0.429493 0.444145 0.409927 0.443555 0.449059 0.444735 0.409927 0.443555 0.388594 0.561894 0.378915 0.675177 0.449059 0.444735 0.447222 0.555587 0.443343 0.659351
177 0.423518 0.276382 0.427457 0.444366 0.406848 0.444095 0.448066 0.444636 0.406848 0.444095 0.387441 0.563754 0.378433 0.678105 0.448066 0.444636 0.446924 0.555159 0.443472 0.660594
178 0.419087 0.277625 0.425086 0.443548 0.403993 0.443828 0.446180 0.443269 0.403993 0.443828 0.387575 0.563097 0.379438 0.680526 0.446180 0.443269 0.445258 0.554492 0.443508 0.661336
179 0.413405 0.277867 0.422549 0.440385 0.401462 0.442430 0.443637 0.438340 0.401462 0.442430 0.387352 0.559484 0.380660 0.678645 0.443637 0.438340 0.444002 0.554254 0.443446 0.661409
180 0.407795 0.279282 0.419216 0.439268 0.398420 0.442268 0.440012 0.436268 0.398420 0.442268 0.385052 0.559464 0.380000 0.678136 0.440012 0.436268 0.442722 0.553863 0.441866 0.662203
181 0.402477 0.279732 0.416467 0.436554 0.396004 0.440328 0.436931 0.432779 0.396004 0.440328 0.383826 0.557534 0.379663 0.677665 0.436931 0.432779 0.439940 0.552916 0.437713 0.662609
182 0.398212 0.280509 0.413124 0.436974 0.392301 0.440699 0.433947 0.433248 0.392301 0.440699 0.382567 0.558229 0.378779 0.677652 0.433947 0.433248 0.436903 0.553270 0.434656 0.663359
183 0.394970 0.281187 0.409806 0.439015 0.389217 0.442997 0.430394 0.435034 0.389217 0.442997 0.382036 0.561803 0.377330 0.679026 0.430394 0.435034 0.434668 0.554823 0.433087 0.664648
184 0.392123 0.281102 0.407165 0.442095 0.387123 0.445999 0.427208 0.438192 0.387123 0.445999 0.381231 0.562841 0.377582 0.679475 0.427208 0.438192 0.430594 0.556025 0.431312 0.666047
185 0.389459 0.281155 0.404654 0.441967 0.384971 0.445735 0.424337 0.438199 0.384971 0.445735 0.381203 0.563280 0.378663 0.676335 0.424337 0.438199 0.427724 0.556881 0.430720 0.667054
186 0.387923 0.281151 0.403590 0.442658 0.383483 0.446017 0.423696 0.439299 0.383483 0.446017 0.380236 0.563408 0.379200 0.670330 0.423696 0.439299 0.426829 0.559336 0.431474 0.670761
187 0.385806 0.280921 0.402272 0.442573 0.381829 0.445848 0.422715 0.439298 0.381829 0.445848 0.378819 0.563049 0.379479 0.665973 0.422715 0.439298 0.425877 0.559624 0.431890 0.675971
188 0.383641 0.280924 0.401171 0.442886 0.380309 0.446125 0.422033 0.439646 0.380309 0.446125 0.378566 0.567378 0.379722 0.669515 0.422033 0.439646 0.424989 0.565383 0.432309 0.686946
189 0.381756 0.281023 0.400681 0.443127 0.379902 0.446461 0.421459 0.439794 0.379902 0.446461 0.378409 0.570294 0.379918 0.672140 0.421459 0.439794 0.425184 0.570520 0.433430 0.696543
190 0.380008 0.280847 0.400191 0.443018 0.379288 0.446396 0.421094 0.439639 0.379288 0.446396 0.378122 0.573569 0.380043 0.679137 0.421094 0.439639 0.425382 0.572203 0.436213 0.701168
191 0.378562 0.280904 0.399882 0.443081 0.378798 0.446520 0.420965 0.439642 0.378798 0.446520 0.377359 0.574093 0.380092 0.683607 0.420965 0.439642 0.426035 0.574341 0.439613 0.706595
192 0.377573 0.281425 0.399594 0.444281 0.378038 0.448233 0.421149 0.440330 0.378038 0.448233 0.377235 0.580587 0.380220 0.700051 0.421149 0.440330 0.426397 0.576727 0.441970 0.712149
193 0.377442 0.282139 0.399681 0.445731 0.377674 0.450060 0.421689 0.441402 0.377674 0.450060 0.377242 0.583283 0.379225 0.707750 0.421689 0.441402 0.426685 0.578631 0.442864 0.713453
194 0.377758 0.283008 0.399972 0.447089 0.377887 0.451440 0.422057 0.442738 0.377887 0.451440 0.377030 0.582431 0.378676 0.705196 0.422057 0.442738 0.426766 0.577942 0.443286 0.710823
195 0.377866 0.283783 0.400287 0.447654 0.378341 0.452058 0.422234 0.443250 0.378341 0.452058 0.377138 0.582128 0.378066 0.704319 0.422234 0.443250 0.426851 0.577521 0.444218 0.709159
196 0.378235 0.284427 0.400565 0.448289 0.378774 0.452638 0.422356 0.443939 0.378774 0.452638 0.376930 0.581134 0.378133 0.701666 0.422356 0.443939 0.427202 0.576731 0.444671 0.707272
197 0.378613 0.284831 0.400791 0.448417 0.379019 0.452777 0.422563 0.444056 0.379019 0.452777 0.376990 0.580971 0.378235 0.700200 0.422563 0.444056 0.427847 0.576425 0.445910 0.704755
198 0.379232 0.285136 0.401196 0.448632 0.379062 0.452834 0.423331 0.444431 0.379062 0.452834 0.376928 0.581036 0.378210 0.699681 0.423331 0.444431 0.428892 0.575937 0.448395 0.701295
199 0.380285 0.285079 0.401732 0.448565 0.379276 0.452751 0.424188 0.444378 0.379276 0.452751 0.376853 0.580745 0.378260 0.699239 0.424188 0.444378 0.430359 0.575255 0.451305 0.698853
200 0.382427 0.284684 0.402665 0.448496 0.379903 0.452634 0.425427 0.444357 0.379903 0.452634 0.376869 0.580990 0.378296 0.699866 0.425427 0.444357 0.431696 0.575059 0.454686 0.699130
201 0.384609 0.284399 0.404133 0.448456 0.381123 0.452553 0.427143 0.444359 0.381123 0.452553 0.376888 0.580923 0.378285 0.699671 0.427143 0.444359 0.433590 0.573670 0.457504 0.697252
202 0.387266 0.284154 0.405782 0.447640 0.382634 0.451395 0.428929 0.443884 0.382634 0.451395 0.376991 0.580904 0.378022 0.699873 0.428929 0.443884 0.436432 0.569839 0.458098 0.694399
203 0.390402 0.284665 0.407908 0.447606 0.384621 0.451326 0.431196 0.443885 0.384621 0.451326 0.377242 0.580806 0.377655 0.699940 0.431196 0.443885 0.439540 0.568952 0.460908 0.692826
204 0.393350 0.285398 0.409851 0.448255 0.386679 0.451599 0.433023 0.444910 0.386679 0.451599 0.378045 0.580989 0.377335 0.700238 0.433023 0.444910 0.441689 0.569184 0.464028 0.693007
205 0.397489 0.286259 0.411867 0.449399 0.388840 0.452193 0.434894 0.446605 0.388840 0.452193 0.379128 0.581073 0.376606 0.701005 0.434894 0.446605 0.443918 0.569635 0.466696 0.692984
206 0.401591 0.287374 0.413719 0.452582 0.391101 0.454875 0.436338 0.450290 0.391101 0.454875 0.380483 0.581578 0.376312 0.702598 0.436338 0.450290 0.447434 0.570680 0.468343 0.692942
207 0.405911 0.288343 0.415689 0.458464 0.393789 0.460162 0.437589 0.456766 0.393789 0.460162 0.382862 0.584139 0.376335 0.705010 0.437589 0.456766 0.449638 0.576074 0.470493 0.692992
208 0.410792 0.288896 0.418203 0.461038 0.396605 0.461951 0.439800 0.460126 0.396605 0.461951 0.384977 0.583914 0.376374 0.705428 0.439800 0.460126 0.451923 0.577387 0.472845 0.693050
209 0.416648 0.290372 0.421271 0.462995 0.399967 0.463688 0.442574 0.462302 0.399967 0.463688 0.388102 0.583754 0.376748 0.705887 0.442574 0.462302 0.457172 0.577032 0.476972 0.693710
210 0.422827 0.292058 0.425757 0.464662 0.404352 0.465020 0.447162 0.464304 0.404352 0.465020 0.391843 0.583862 0.376798 0.706733 0.447162 0.464304 0.459919 0.578545 0.479289 0.696107
211 0.429781 0.293962 0.430314 0.467128 0.409047 0.466662 0.451582 0.467594 0.409047 0.466662 0.393775 0.584925 0.376883 0.707068 0.451582 0.467594 0.463604 0.580046 0.479871 0.699630
212 0.437669 0.295202 0.434840 0.468513 0.413259 0.467778 0.456422 0.469248 0.413259 0.467778 0.396123 0.586718 0.377326 0.707643 0.456422 0.469248 0.468552 0.580956 0.481426 0.704410
213 0.444381 0.296113 0.440489 0.471349 0.418329 0.469795 0.462649 0.472902 0.418329 0.469795 0.399265 0.587669 0.377841 0.708198 0.462649 0.472902 0.472936 0.582509 0.481204 0.706476
214 0.451847 0.297395 0.445895 0.474270 0.424045 0.472198 0.467745 0.476343 0.424045 0.472198 0.402072 0.588450 0.378497 0.708012 0.467745 0.476343 0.475277 0.586575 0.481715 0.708969
215 0.458571 0.298624 0.451108 0.477697 0.429546 0.475706 0.472670 0.479689 0.429546 0.475706 0.404465 0.590558 0.379227 0.707930 0.472670 0.479689 0.477982 0.594874 0.482350 0.712411
216 0.465309 0.298879 0.455508 0.477404 0.433755 0.474927 0.477261 0.479882 0.433755 0.474927 0.410638 0.590455 0.384171 0.706799 0.477261 0.479882 0.481432 0.594380 0.482899 0.710738
217 0.470548 0.298469 0.459834 0.477704 0.438274 0.474593 0.481393 0.480815 0.438274 0.474593 0.415319 0.590346 0.387371 0.703356 0.481393 0.480815 0.484104 0.598273 0.484076 0.715100
218 0.475905 0.298779 0.463301 0.478239 0.441719 0.474508 0.484882 0.481971 0.441719 0.474508 0.419655 0.590231 0.391012 0.700702 0.484882 0.481971 0.485779 0.597250 0.483474 0.715597
219 0.480332 0.298240 0.466504 0.477458 0.445404 0.474036 0.487604 0.480880 0.445404 0.474036 0.426331 0.586134 0.394566 0.698586 0.487604 0.480880 0.486759 0.595717 0.482917 0.714903
220 0.485172 0.298428 0.470381 0.477754 0.449840 0.474026 0.490923 0.481482 0.449840 0.474026 0.430794 0.585597 0.397657 0.698956 0.490923 0.481482 0.488121 0.596628 0.482598 0.715356
221 0.489649 0.298195 0.473429 0.478393 0.453334 0.474052 0.493525 0.482734 0.453334 0.474052 0.434445 0.585596 0.401519 0.699211 0.493525 0.482734 0.488944 0.597895 0.482552 0.717549
222 0.493692 0.297752 0.477079 0.478025 0.457559 0.473937 0.496598 0.482114 0.457559 0.473937 0.439861 0.583661 0.404014 0.699366 0.496598 0.482114 0.490308 0.599150 0.482728 0.717353
223 0.496732 0.297223 0.479410 0.478127 0.460601 0.474000 0.498219 0.482255 0.460601 0.474000 0.444183 0.583890 0.406347 0.704524 0.498219 0.482255 0.491383 0.599385 0.482604 0.718042
224 0.499001 0.296545 0.481285 0.477406 0.462808 0.472733 0.499762 0.482079 0.462808 0.472733 0.450036 0.580430 0.410412 0.704430 0.499762 0.482079 0.493346 0.597525 0.483146 0.715555
225 0.501319 0.295604 0.483853 0.474412 0.465397 0.469134 0.502309 0.479689 0.465397 0.469134 0.456474 0.577899 0.418531 0.702882 0.502309 0.479689 0.494144 0.595270 0.483095 0.712878
226 0.503779 0.294910 0.484880 0.470901 0.467091 0.466014 0.502669 0.475787 0.467091 0.466014 0.465603 0.574810 0.430165 0.695576 0.502669 0.475787 0.495773 0.591313 0.483448 0.708944
227 0.506687 0.293146 0.486057 0.467214 0.469555 0.462582 0.502560 0.471847 0.469555 0.462582 0.465276 0.575662 0.439924 0.691743 0.502560 0.471847 0.495326 0.587123 0.482102 0.710465
228 0.509224 0.290821 0.486937 0.459273 0.472803 0.454537 0.501071 0.464008 0.472803 0.454537 0.488350 0.562285 0.464187 0.670807 0.501071 0.464008 0.494356 0.584164 0.470716 0.705852
229 0.511014 0.289116 0.487431 0.456665 0.474092 0.451424 0.500770 0.461906 0.474092 0.451424 0.493837 0.556881 0.475399 0.659876 0.500770 0.461906 0.495402 0.580838 0.472217 0.702020
230 0.512438 0.289049 0.488283 0.458278 0.474880 0.452902 0.501685 0.463654 0.474880 0.452902 0.493157 0.549206 0.481394 0.646910 0.501685 0.463654 0.496964 0.580743 0.478336 0.693590
231 0.515255 0.288730 0.490234 0.459009 0.477193 0.453796 0.503275 0.464223 0.477193 0.453796 0.494881 0.552363 0.485665 0.655373 0.503275 0.464223 0.499068 0.581123 0.485169 0.690284
232 0.517477 0.288537 0.491541 0.459344 0.478203 0.454692 0.504878 0.463996 0.478203 0.454692 0.498669 0.554534 0.493466 0.652803 0.504878 0.463996 0.503338 0.579497 0.496113 0.687062
233 0.519473 0.289541 0.494135 0.459538 0.480025 0.454925 0.508245 0.464151 0.480025 0.454925 0.504911 0.555347 0.506169 0.647394 0.508245 0.464151 0.506052 0.579953 0.496227 0.688386
234 0.521407 0.290053 0.496370 0.459766 0.482304 0.454888 0.510435 0.464644 0.482304 0.454888 0.508106 0.554168 0.508128 0.647307 0.510435 0.464644 0.506614 0.580169 0.494349 0.689587
235 0.524089 0.289881 0.501168 0.460238 0.486764 0.455245 0.515571 0.465231 0.486764 0.455245 0.511959 0.555054 0.503320 0.650041 0.515571 0.465231 0.512125 0.582718 0.494133 0.690632
236 0.525507 0.288679 0.505655 0.460046 0.490155 0.454617 0.521154 0.465476 0.490155 0.454617 0.515957 0.544330 0.505831 0.638443 0.521154 0.465476 0.515074 0.583008 0.493260 0.687130
237 -1 -1 -1 -1 -1 -1 -1 -1 -1 -1 -1 -1 -1 -1 -1 -1 -1 -1 -1 -1
238 -1 -1 -1 -1 -1 -1 -1 -1 -1 -1 -1 -1 -1 -1 -1 -1 -1 -1 -1 -1
239 0.530796 0.289257 0.521441 0.458975 0.504131 0.453473 0.538751 0.464476 0.504131 0.453473 0.527671 0.546745 0.505108 0.638971 0.538751 0.464476 0.540831 0.580787 0.500222 0.673604
240 0.532319 0.290063 0.524933 0.458567 0.507475 0.453631 0.542390 0.463502 0.507475 0.453631 0.533542 0.544745 0.511751 0.634747 0.542390 0.463502 0.549265 0.577211 0.506011 0.673548
241 0.534934 0.290127 0.527025 0.457362 0.509167 0.453321 0.544883 0.461403 0.509167 0.453321 0.527500 0.546010 0.516000 0.635541 0.544883 0.461403 0.557312 0.573549 0.516814 0.675024
242 0.537088 0.289053 0.530031 0.452473 0.511264 0.450542 0.548797 0.454404 0.511264 0.450542 0.526079 0.546778 0.514725 0.649207 0.548797 0.454404 0.567357 0.567899 0.528635 0.676282
243 0.539624 0.288837 0.533978 0.452420 0.514490 0.450933 0.553465 0.453907 0.514490 0.450933 0.523591 0.554215 0.514139 0.659319 0.553465 0.453907 0.572801 0.564816 0.540765 0.677039
244 0.542342 0.288959 0.537954 0.453938 0.518282 0.453090 0.557627 0.454785 0.518282 0.453090 0.523619 0.561583 0.515056 0.674752 0.557627 0.454785 0.571742 0.566336 0.551125 0.677169
245 0.546084 0.289291 0.541722 0.455958 0.521979 0.457005 0.561465 0.454911 0.521979 0.457005 0.524653 0.563464 0.518018 0.676666 0.561465 0.454911 0.581516 0.567437 0.568126 0.683890
246 0.550682 0.289500 0.544984 0.456158 0.525194 0.457262 0.564774 0.455055 0.525194 0.457262 0.525514 0.563710 0.517767 0.678722 0.564774 0.455055 0.587366 0.568108 0.584350 0.692237
247 0.555406 0.290975 0.548446 0.459419 0.527773 0.459029 0.569120 0.459808 0.527773 0.459029 0.525346 0.565097 0.517035 0.680287 0.569120 0.459808 0.592020 0.570882 0.598299 0.693328
248 0.560521 0.292745 0.552196 0.462808 0.530889 0.461330 0.573504 0.464286 0.530889 0.461330 0.525484 0.564883 0.516451 0.680899 0.573504 0.464286 0.597422 0.576238 0.607671 0.697743
249 0.566001 0.293909 0.557885 0.465753 0.536280 0.463736 0.579489 0.467769 0.536280 0.463736 0.526538 0.565622 0.516088 0.682730 0.579489 0.467769 0.602583 0.580780 0.621421 0.702436
250 0.571521 0.295255 0.562888 0.467273 0.540783 0.464788 0.584992 0.469758 0.540783 0.464788 0.528000 0.566623 0.515854 0.682813 0.584992 0.469758 0.607768 0.583282 0.629778 0.705804
251 0.578493 0.297257 0.569487 0.469371 0.547597 0.466143 0.591378 0.472600 0.547597 0.466143 0.530837 0.571298 0.516153 0.686138 0.591378 0.472600 0.612379 0.587762 0.636685 0.709356
252 0.586378 0.300684 0.576238 0.471760 0.553637 0.468483 0.598839 0.475037 0.553637 0.468483 0.533059 0.573436 0.517014 0.688334 0.598839 0.475037 0.617859 0.591843 0.642266 0.714745
253 0.593511 0.303541 0.582067 0.473839 0.559811 0.470253 0.604324 0.477425 0.559811 0.470253 0.537039 0.576899 0.518840 0.688704 0.604324 0.477425 0.622959 0.594592 0.645510 0.719538
254 0.602024 0.307696 0.589937 0.478201 0.567626 0.474080 0.612248 0.482323 0.567626 0.474080 0.543232 0.578775 0.520949 0.689243 0.612248 0.482323 0.627532 0.598813 0.646146 0.722925
255 0.610169 0.310467 0.595808 0.478315 0.573736 0.473767 0.617881 0.482864 0.573736 0.473767 0.549897 0.578617 0.523797 0.689546 0.617881 0.482864 0.631126 0.600798 0.644794 0.723079
256 0.619816 0.312407 0.604756 0.479270 0.583326 0.474035 0.626185 0.484506 0.583326 0.474035 0.556112 0.577700 0.530738 0.688608 0.626185 0.484506 0.638833 0.600126 0.646101 0.721612
257 0.630165 0.315199 0.611798 0.481062 0.589510 0.474938 0.634086 0.487185 0.589510 0.474938 0.562488 0.579390 0.536671 0.693874 0.634086 0.487185 0.644166 0.603403 0.647870 0.721960
258 0.639388 0.317249 0.619239 0.481940 0.596474 0.475671 0.642003 0.488209 0.596474 0.475671 0.569938 0.578965 0.545390 0.692385 0.642003 0.488209 0.647982 0.603744 0.649254 0.722015
259 0.646258 0.316950 0.626566 0.482015 0.603461 0.475889 0.649671 0.488141 0.603461 0.475889 0.577625 0.578955 0.554807 0.691618 0.649671 0.488141 0.652515 0.602753 0.650561 0.721746
260 0.653163 0.317652 0.631497 0.482392 0.609080 0.476254 0.653914 0.488530 0.609080 0.476254 0.585451 0.581443 0.570673 0.694201 0.653914 0.488530 0.654436 0.602692 0.649023 0.722395
261 0.657721 0.316889 0.637028 0.482164 0.615293 0.476135 0.658764 0.488194 0.615293 0.476135 0.597078 0.585612 0.588857 0.706118 0.658764 0.488194 0.655999 0.602306 0.650701 0.722065
262 0.662557 0.316522 0.641680 0.482994 0.620327 0.477534 0.663033 0.488453 0.620327 0.477534 0.606781 0.594517 0.602075 0.715419 0.663033 0.488453 0.654786 0.606003 0.649312 0.723787
263 0.667522 0.316410 0.646723 0.484403 0.625472 0.478922 0.667974 0.489885 0.625472 0.478922 0.615051 0.598360 0.614673 0.719638 0.667974 0.489885 0.655568 0.608442 0.647969 0.724338
264 0.671647 0.316212 0.651174 0.485398 0.629900 0.480222 0.672448 0.490575 0.629900 0.480222 0.622662 0.603563 0.629665 0.718720 0.672448 0.490575 0.659231 0.609591 0.647485 0.723960
265 0.674939 0.316676 0.655608 0.486632 0.633974 0.481613 0.677241 0.491651 0.633974 0.481613 0.629085 0.604350 0.639930 0.723411 0.677241 0.491651 0.663303 0.609535 0.649044 0.725433
266 0.677256 0.317895 0.660035 0.488555 0.638596 0.484060 0.681474 0.493050 0.638596 0.484060 0.635371 0.606110 0.648246 0.731433 0.681474 0.493050 0.665083 0.611932 0.652894 0.731658
267 0.679494 0.319410 0.663253 0.489392 0.642995 0.485262 0.683511 0.493521 0.642995 0.485262 0.641650 0.609104 0.655793 0.731846 0.683511 0.493521 0.666584 0.614530 0.655595 0.736849
268 0.681740 0.321502 0.666319 0.492017 0.646331 0.488576 0.686307 0.495459 0.646331 0.488576 0.646533 0.614719 0.661413 0.739681 0.686307 0.495459 0.668972 0.616554 0.654835 0.740651
269 0.683877 0.324256 0.668661 0.497558 0.648026 0.493621 0.689296 0.501494 0.648026 0.493621 0.648740 0.616373 0.662573 0.749837 0.689296 0.501494 0.670672 0.617414 0.655599 0.739358
270 0.685708 0.326883 0.671534 0.502561 0.650499 0.498734 0.692568 0.506388 0.650499 0.498734 0.653197 0.622422 0.661985 0.758753 0.692568 0.506388 0.672123 0.617355 0.657096 0.738573
271 0.687534 0.330362 0.673940 0.510274 0.652844 0.506088 0.695036 0.514461 0.652844 0.506088 0.656079 0.632964 0.662356 0.768859 0.695036 0.514461 0.672583 0.624650 0.657859 0.743744
272 0.689750 0.332283 0.676195 0.514521 0.654699 0.510003 0.697691 0.519040 0.654699 0.510003 0.659850 0.638551 0.663965 0.772259 0.697691 0.519040 0.674357 0.628259 0.659156 0.743303
273 0.691529 0.334360 0.677680 0.514901 0.656156 0.510350 0.699204 0.519451 0.656156 0.510350 0.661033 0.637081 0.664399 0.766349 0.699204 0.519451 0.677879 0.632413 0.664502 0.753971
274 0.693623 0.336817 0.680048 0.514732 0.658493 0.510111 0.701603 0.519354 0.658493 0.510111 0.663985 0.635887 0.664829 0.762540 0.701603 0.519354 0.681892 0.635056 0.667379 0.758661
275 0.695628 0.337917 0.683646 0.515938 0.662629 0.511579 0.704663 0.520298 0.662629 0.511579 0.667597 0.635685 0.665275 0.761375 0.704663 0.520298 0.686631 0.634527 0.669536 0.754718
276 0.698842 0.339169 0.686633 0.519661 0.665268 0.515971 0.707998 0.523351 0.665268 0.515971 0.668709 0.643527 0.664657 0.765553 0.707998 0.523351 0.690253 0.641111 0.671697 0.759057
277 0.702240 0.340327 0.689026 0.520546 0.667060 0.516751 0.710992 0.524341 0.667060 0.516751 0.670089 0.647490 0.665775 0.769175 0.710992 0.524341 0.695078 0.645978 0.678099 0.766249
278 0.704517 0.340863 0.691415 0.521133 0.669249 0.517618 0.713581 0.524648 0.669249 0.517618 0.669131 0.648342 0.666372 0.772725 0.713581 0.524648 0.700704 0.649524 0.685673 0.772216
279 0.707075 0.341880 0.693875 0.527291 0.671373 0.524076 0.716378 0.530506 0.671373 0.524076 0.669603 0.661562 0.667762 0.778565 0.716378 0.530506 0.706877 0.664859 0.696967 0.792476
280 0.711482 0.341825 0.697238 0.531620 0.674773 0.527213 0.719703 0.536028 0.674773 0.527213 0.670006 0.662343 0.666462 0.775960 0.719703 0.536028 0.710766 0.670458 0.702069 0.799205
281 0.715310 0.342776 0.701287 0.536235 0.679263 0.531161 0.723310 0.541308 0.679263 0.531161 0.671571 0.665573 0.665741 0.780524 0.723310 0.541308 0.715707 0.677724 0.709936 0.807575
282 0.721123 0.342663 0.706535 0.537796 0.685134 0.532342 0.727936 0.543249 0.685134 0.532342 0.673083 0.664254 0.665317 0.783867 0.727936 0.543249 0.720928 0.676081 0.718674 0.808842
283 0.725582 0.343591 0.711278 0.540689 0.689824 0.535437 0.732732 0.545941 0.689824 0.535437 0.673517 0.666092 0.664924 0.785468 0.732732 0.545941 0.727046 0.677502 0.728829 0.815451
284 0.731188 0.344355 0.716571 0.546602 0.695856 0.541398 0.737286 0.551806 0.695856 0.541398 0.674660 0.665864 0.664642 0.787065 0.737286 0.551806 0.733386 0.681494 0.738390 0.823777
285 0.735514 0.345493 0.722521 0.549550 0.702650 0.544555 0.742392 0.554545 0.702650 0.544555 0.677168 0.667858 0.663647 0.788931 0.742392 0.554545 0.737641 0.682415 0.743343 0.825581
286 0.739670 0.345672 0.727876 0.551101 0.708242 0.545740 0.747510 0.556461 0.708242 0.545740 0.681206 0.666805 0.663331 0.787771 0.747510 0.556461 0.741131 0.684888 0.745016 0.829783
287 0.744129 0.346673 0.732971 0.550461 0.713383 0.544749 0.752559 0.556172 0.713383 0.544749 0.687263 0.666482 0.663247 0.777469 0.752559 0.556172 0.744552 0.684432 0.743153 0.829696
288 0.748830 0.346560 0.738145 0.550955 0.719801 0.545532 0.756490 0.556378 0.719801 0.545532 0.690116 0.665899 0.663183 0.772652 0.756490 0.556378 0.746676 0.686680 0.743574 0.833148
289 0.751867 0.346559 0.741676 0.553255 0.723652 0.548107 0.759700 0.558403 0.723652 0.548107 0.693332 0.665417 0.664008 0.771818 0.759700 0.558403 0.748993 0.691139 0.743690 0.835367
290 0.753981 0.346689 0.745285 0.553045 0.727213 0.548078 0.763357 0.558013 0.727213 0.548078 0.696636 0.665300 0.665566 0.772802 0.763357 0.558013 0.750792 0.689731 0.742726 0.832352
291 0.755942 0.347290 0.747374 0.553714 0.729260 0.547986 0.765488 0.559442 0.729260 0.547986 0.695870 0.665134 0.667892 0.780352 0.765488 0.559442 0.751939 0.689590 0.742649 0.831099
292 0.757767 0.348252 0.749299 0.555003 0.731249 0.548837 0.767349 0.561170 0.731249 0.548837 0.697850 0.667948 0.674082 0.787599 0.767349 0.561170 0.752564 0.689141 0.741256 0.830738
293 0.760062 0.348387 0.751609 0.555308 0.733880 0.549284 0.769338 0.561331 0.733880 0.549284 0.699627 0.670719 0.677842 0.796961 0.769338 0.561331 0.752724 0.688878 0.740674 0.830174
294 0.761916 0.349299 0.752370 0.557734 0.735444 0.552021 0.769296 0.563446 0.735444 0.552021 0.700042 0.676106 0.682043 0.804066 0.769296 0.563446 0.752932 0.691624 0.739839 0.830942
295 0.762354 0.350086 0.752369 0.560642 0.735483 0.555608 0.769255 0.565676 0.735483 0.555608 0.700940 0.688815 0.686903 0.823528 0.769255 0.565676 0.754153 0.700042 0.739753 0.835154
296 0.762457 0.350536 0.751963 0.563824 0.735174 0.559161 0.768751 0.568486 0.735174 0.559161 0.701508 0.698473 0.690682 0.842772 0.768751 0.568486 0.754362 0.709238 0.738961 0.843630
297 0.762163 0.352400 0.752432 0.566865 0.735821 0.562136 0.769042 0.571593 0.735821 0.562136 0.703134 0.703292 0.695033 0.850712 0.769042 0.571593 0.754369 0.714652 0.737561 0.853429
298 0.761859 0.353995 0.752704 0.572036 0.737062 0.568215 0.768346 0.575857 0.737062 0.568215 0.705001 0.714590 0.696797 0.865915 0.768346 0.575857 0.754933 0.721704 0.736079 0.858659
299 0.760379 0.355483 0.752317 0.574257 0.737086 0.571455 0.767549 0.577059 0.737086 0.571455 0.705941 0.720351 0.696445 0.874329 0.767549 0.577059 0.755293 0.723790 0.736001 0.861797
300 0.759087 0.356783 0.752404 0.578286 0.737747 0.576593 0.767062 0.579979 0.737747 0.576593 0.706480 0.723256 0.697343 0.883002 0.767062 0.579979 0.755160 0.724026 0.735943 0.861565
301 0.757898 0.359379 0.752567 0.581563 0.738156 0.581261 0.766978 0.581865 0.738156 0.581261 0.706414 0.730052 0.695189 0.892977 0.766978 0.581865 0.754901 0.725399 0.736294 0.861162
302 0.755434 0.360459 0.752410 0.582500 0.739399 0.582889 0.765421 0.582111 0.739399 0.582889 0.706863 0.736916 0.694943 0.901880 0.765421 0.582111 0.750506 0.723813 0.735144 0.858300
303 0.751065 0.362967 0.751209 0.586040 0.738869 0.586972 0.763550 0.585108 0.738869 0.586972 0.707537 0.741903 0.692962 0.904750 0.763550 0.585108 0.749141 0.729549 0.735070 0.871367
304 0.746798 0.365784 0.749631 0.589212 0.738377 0.591169 0.760885 0.587255 0.738377 0.591169 0.706901 0.746333 0.690575 0.909109 0.760885 0.587255 0.747747 0.726760 0.737578 0.845135
305 0.742956 0.369179 0.748618 0.591996 0.738022 0.595338 0.759214 0.588655 0.738022 0.595338 0.706703 0.745465 0.690538 0.907726 0.759214 0.588655 0.746778 0.721695 0.744218 0.828616
306 0.738066 0.372033 0.746627 0.593281 0.736336 0.597725 0.756919 0.588836 0.736336 0.597725 0.704750 0.746015 0.689601 0.908388 0.756919 0.588836 0.746466 0.719242 0.747281 0.827076
307 0.733676 0.376844 0.745116 0.595634 0.734603 0.600513 0.755629 0.590755 0.734603 0.600513 0.700396 0.752783 0.686355 0.915093 0.755629 0.590755 0.746461 0.718002 0.750482 0.819497
308 0.727968 0.381457 0.742773 0.597070 0.733417 0.602448 0.752129 0.591692 0.733417 0.602448 0.696090 0.752597 0.683143 0.918848 0.752129 0.591692 0.742245 0.717804 0.749466 0.819398
309 0.722262 0.387658 0.740071 0.602997 0.731037 0.609318 0.749105 0.596675 0.731037 0.609318 0.689875 0.755716 0.680824 0.922771 0.749105 0.596675 0.738862 0.717134 0.749038 0.812053
310 0.716846 0.390380 0.737203 0.603312 0.727634 0.609907 0.746772 0.596718 0.727634 0.609907 0.687037 0.758733 0.679392 0.923190 0.746772 0.596718 0.737276 0.716397 0.751261 0.809613
311 0.712531 0.397322 0.733621 0.605840 0.725774 0.613116 0.741467 0.598564 0.725774 0.613116 0.685094 0.757552 0.678375 0.922336 0.741467 0.598564 0.733407 0.718463 0.752624 0.808281
312 0.708860 0.399198 0.730633 0.606799 0.722271 0.614292 0.738996 0.599305 0.722271 0.614292 0.684794 0.755643 0.677958 0.920042 0.738996 0.599305 0.730195 0.721036 0.752274 0.810819
313 0.704509 0.400718 0.726638 0.607520 0.719525 0.614410 0.733751 0.600629 0.719525 0.614410 0.685354 0.754670 0.678148 0.918761 0.733751 0.600629 0.727265 0.725371 0.751918 0.831132
314 0.701455 0.401436 0.722635 0.610357 0.714819 0.617718 0.730451 0.602996 0.714819 0.617718 0.685797 0.756722 0.678366 0.917859 0.730451 0.602996 0.722892 0.728438 0.751522 0.844561
315 0.699414 0.400370 0.719477 0.611421 0.714473 0.618450 0.724480 0.604393 0.714473 0.618450 0.686366 0.760540 0.678541 0.919476 0.724480 0.604393 0.716618 0.731564 0.750932 0.851453
316 0.697422 0.400609 0.714945 0.613672 0.711795 0.619967 0.718095 0.607377 0.711795 0.619967 0.686723 0.764615 0.678619 0.921365 0.718095 0.607377 0.711153 0.741358 0.750751 0.859268
317 0.694521 0.400015 0.711283 0.614020 0.710980 0.620047 0.711586 0.607992 0.710980 0.620047 0.686618 0.766724 0.678332 0.922111 0.711586 0.607992 0.703454 0.747919 0.747301 0.861578
318 0.692463 0.399054 0.707887 0.613402 0.710204 0.619333 0.705570 0.607470 0.710204 0.619333 0.683924 0.766959 0.678424 0.921350 0.705570 0.607470 0.694447 0.748208 0.732176 0.860593
319 0.689658 0.400542 0.703602 0.615098 0.709645 0.620951 0.697560 0.609244 0.709645 0.620951 0.680368 0.765984 0.679118 0.921184 0.697560 0.609244 0.690855 0.753628 0.715126 0.869303
320 0.687141 0.400401 0.698502 0.615638 0.709424 0.621704 0.687580 0.609572 0.709424 0.621704 0.679869 0.765395 0.680390 0.918748 0.687580 0.609572 0.673213 0.750963 0.695332 0.874135
321 0.684210 0.400189 0.693691 0.619169 0.709798 0.624663 0.677584 0.613676 0.709798 0.624663 0.680130 0.766744 0.680418 0.917264 0.677584 0.613676 0.663415 0.751136 0.680742 0.872220
322 0.680049 0.400891 0.688162 0.620713 0.708531 0.625661 0.667793 0.615766 0.708531 0.625661 0.680688 0.772952 0.680194 0.918964 0.667793 0.615766 0.651676 0.756841 0.663964 0.886909
323 0.674736 0.402203 0.682851 0.621015 0.707096 0.625019 0.658606 0.617011 0.707096 0.625019 0.681151 0.771837 0.677880 0.919808 0.658606 0.617011 0.637459 0.761830 0.640786 0.897413
324 0.669448 0.403170 0.679111 0.620905 0.704036 0.624621 0.654186 0.617189 0.704036 0.624621 0.681519 0.771471 0.676698 0.918477 0.654186 0.617189 0.628712 0.759322 0.621914 0.891722
325 0.666305 0.402935 0.675662 0.622563 0.700344 0.626450 0.650980 0.618675 0.700344 0.626450 0.679556 0.771852 0.676802 0.918791 0.650980 0.618675 0.617727 0.761191 0.594723 0.907273
326 0.662561 0.403009 0.671165 0.624495 0.695075 0.628404 0.647254 0.620586 0.695075 0.628404 0.674794 0.774338 0.676907 0.919875 0.647254 0.620586 0.609307 0.763903 0.577538 0.908134
327 0.658674 0.402888 0.667583 0.625642 0.690308 0.629413 0.644858 0.621872 0.690308 0.629413 0.668617 0.774363 0.678478 0.920115 0.644858 0.621872 0.605228 0.766519 0.562943 0.917233
328 0.653975 0.403045 0.661996 0.628172 0.684224 0.631928 0.639769 0.624416 0.684224 0.631928 0.661447 0.777518 0.679157 0.921059 0.639769 0.624416 0.598882 0.770868 0.550872 0.920467
329 0.645931 0.405334 0.654546 0.631683 0.675250 0.634651 0.633842 0.628715 0.675250 0.634651 0.654900 0.779076 0.679261 0.921023 0.633842 0.628715 0.594200 0.772539 0.543652 0.923888
330 0.640513 0.407886 0.644908 0.635661 0.665255 0.638035 0.624560 0.633287 0.665255 0.638035 0.646786 0.783060 0.679235 0.921311 0.624560 0.633287 0.587664 0.779218 0.540425 0.928801
331 0.629006 0.407773 0.634850 0.638026 0.655636 0.639272 0.614063 0.636780 0.655636 0.639272 0.642992 0.786695 0.678960 0.922942 0.614063 0.636780 0.580272 0.783281 0.539434 0.930030
332 0.618658 0.407734 0.626054 0.639256 0.645275 0.640479 0.606834 0.638032 0.645275 0.640479 0.636157 0.790374 0.678696 0.922824 0.606834 0.638032 0.574721 0.782446 0.539755 0.928564
333 0.606501 0.407758 0.616952 0.639708 0.636484 0.640617 0.597420 0.638800 0.636484 0.640617 0.625047 0.791267 0.677250 0.919279 0.597420 0.638800 0.566100 0.783039 0.535176 0.930885
334 0.596814 0.407076 0.606919 0.639389 0.624840 0.640497 0.588999 0.638280 0.624840 0.640497 0.610924 0.791534 0.673081 0.914598 0.588999 0.638280 0.559982 0.784091 0.531530 0.934730
335 0.589891 0.403152 0.599261 0.638785 0.612651 0.640253 0.585870 0.637318 0.612651 0.640253 0.598868 0.790564 0.666561 0.910820 0.585870 0.637318 0.560147 0.782609 0.531642 0.933612
336 0.584724 0.400258 0.592759 0.638272 0.602241 0.639824 0.583276 0.636720 0.602241 0.639824 0.586692 0.791287 0.659799 0.907097 0.583276 0.636720 0.556169 0.782472 0.533546 0.933236
337 0.578341 0.397659 0.585304 0.638147 0.593400 0.639679 0.577208 0.636615 0.593400 0.639679 0.577326 0.794217 0.652770 0.907043 0.577208 0.636615 0.551489 0.781455 0.530649 0.933580
338 0.572372 0.395243 0.577704 0.637541 0.586674 0.638861 0.568733 0.636220 0.586674 0.638861 0.569427 0.796043 0.647832 0.906314 0.568733 0.636220 0.544741 0.780887 0.529633 0.932991
339 0.566864 0.393186 0.571037 0.637192 0.571387 0.638638 0.570686 0.635747 0.571387 0.638638 0.556633 0.798295 0.643337 0.905143 0.570686 0.635747 0.543404 0.781594 0.532213 0.933566
340 0.561201 0.390148 0.566193 0.634814 0.563902 0.636267 0.568484 0.633361 0.563902 0.636267 0.550610 0.797692 0.631534 0.910144 0.568484 0.633361 0.541772 0.782412 0.534310 0.933502
341 0.556528 0.389145 0.561847 0.633183 0.555966 0.634857 0.567727 0.631509 0.555966 0.634857 0.543980 0.796974 0.615285 0.926850 0.567727 0.631509 0.536974 0.781859 0.535974 0.929415
342 0.550628 0.387921 0.558346 0.632019 0.550578 0.633524 0.566114 0.630514 0.550578 0.633524 0.539207 0.795239 0.590152 0.935078 0.566114 0.630514 0.535706 0.780413 0.536560 0.929346
343 0.546642 0.388259 0.553482 0.631971 0.545909 0.633443 0.561055 0.630499 0.545909 0.633443 0.534494 0.796901 0.575067 0.934460 0.561055 0.630499 0.535439 0.776734 0.536919 0.921597
344 0.542029 0.388565 0.547560 0.631492 0.539127 0.633052 0.555993 0.629933 0.539127 0.633052 0.525385 0.796551 0.538915 0.942470 0.555993 0.629933 0.531328 0.774615 0.534997 0.916272
345 0.537333 0.388815 0.543769 0.631411 0.537307 0.633023 0.550230 0.629798 0.537307 0.633023 0.520223 0.796454 0.528120 0.959845 0.550230 0.629798 0.526590 0.774647 0.530668 0.917242
346 0.530939 0.389043 0.538399 0.633691 0.532790 0.635612 0.544008 0.631769 0.532790 0.635612 0.514340 0.801025 0.521005 0.961926 0.544008 0.631769 0.525317 0.775003 0.543438 0.871961
347 0.527813 0.389246 0.535230 0.636336 0.529595 0.639261 0.540866 0.633411 0.529595 0.639261 0.506059 0.804032 0.500159 0.972788 0.540866 0.633411 0.524386 0.771012 0.566608 0.840093
348 0.523840 0.389479 0.529408 0.638895 0.521268 0.642512 0.537548 0.635278 0.521268 0.642512 0.495409 0.809466 0.481768 0.975250 0.537548 0.635278 0.523429 0.774545 0.563494 0.882185
349 0.518110 0.389647 0.523743 0.640107 0.514315 0.644415 0.533171 0.635799 0.514315 0.644415 0.480797 0.815245 0.463658 0.978742 0.533171 0.635799 0.522741 0.779678 0.553717 0.900989
350 0.513872 0.390791 0.519985 0.641675 0.508641 0.646601 0.531329 0.636750 0.508641 0.646601 0.471599 0.819615 0.450791 0.984557 0.531329 0.636750 0.519329 0.780773 0.545490 0.902927
351 0.509367 0.392272 0.515519 0.642157 0.502962 0.646644 0.528076 0.637670 0.502962 0.646644 0.463039 0.817302 0.446887 0.978819 0.528076 0.637670 0.517267 0.782230 0.538945 0.907676
352 -1 -1 -1 -1 -1 -1 -1 -1 -1 -1 -1 -1 -1 -1 -1 -1 -1 -1 -1 -1
353 -1 -1 -1 -1 -1 -1 -1 -1 -1 -1 -1 -1 -1 -1 -1 -1 -1 -1 -1 -1
354 -1 -1 -1 -1 -1 -1 -1 -1 -1 -1 -1 -1 -1 -1 -1 -1 -1 -1 -1 -1
355 -1 -1 -1 -1 -1 -1 -1 -1 -1 -1 -1 -1 -1 -1 -1 -1 -1 -1 -1 -1
356 -1 -1 -1 -1 -1 -1 -1 -1 -1 -1 -1 -1 -1 -1 -1 -1 -1 -1 -1 -1
357 -1 -1 -1 -1 -1 -1 -1 -1 -1 -1 -1 -1 -1 -1 -1 -1 -1 -1 -1 -1
358 -1 -1 -1 -1 -1 -1 -1 -1 -1 -1 -1 -1 -1 -1 -1 -1 -1 -1 -1 -1
359 -1 -1 -1 -1 -1 -1 -1 -1 -1 -1 -1 -1 -1 -1 -1 -1 -1 -1 -1 -1
360 -1 -1 -1 -1 -1 -1 -1 -1 -1 -1 -1 -1 -1 -1 -1 -1 -1 -1 -1 -1
361 -1 -1 -1 -1 -1 -1 -1 -1 -1 -1 -1 -1 -1 -1 -1 -1 -1 -1 -1 -1
362 -1 -1 -1 -1 -1 -1 -1 -1 -1 -1 -1 -1 -1 -1 -1 -1 -1 -1 -1 -1
363 -1 -1 -1 -1 -1 -1 -1 -1 -1 -1 -1 -1 -1 -1 -1 -1 -1 -1 -1 -1
364 -1 -1 -1 -1 -1 -1 -1 -1 -1 -1 -1 -1 -1 -1 -1 -1 -1 -1 -1 -1
365 -1 -1 -1 -1 -1 -1 -1 -1 -1 -1 -1 -1 -1 -1 -1 -1 -1 -1 -1 -1
366 -1 -1 -1 -1 -1 -1 -1 -1 -1 -1 -1 -1 -1 -1 -1 -1 -1 -1 -1 -1
367 -1 -1 -1 -1 -1 -1 -1 -1 -1 -1 -1 -1 -1 -1 -1 -1 -1 -1 -1 -1
368 -1 -1 -1 -1 -1 -1 -1 -1 -1 -1 -1 -1 -1 -1 -1 -1 -1 -1 -1 -1
369 -1 -1 -1 -1 -1 -1 -1 -1 -1 -1 -1 -1 -1 -1 -1 -1 -1 -1 -1 -1
370 -1 -1 -1 -1 -1 -1 -1 -1 -1 -1 -1 -1 -1 -1 -1 -1 -1 -1 -1 -1
371 -1 -1 -1 -1 -1 -1 -1 -1 -1 -1 -1 -1 -1 -1 -1 -1 -1 -1 -1 -1
372 -1 -1 -1 -1 -1 -1 -1 -1 -1 -1 -1 -1 -1 -1 -1 -1 -1 -1 -1 -1
373 -1 -1 -1 -1 -1 -1 -1 -1 -1 -1 -1 -1 -1 -1 -1 -1 -1 -1 -1 -1
374 -1 -1 -1 -1 -1 -1 -1 -1 -1 -1 -1 -1 -1 -1 -1 -1 -1 -1 -1 -1
375 -1 -1 -1 -1 -1 -1 -1 -1 -1 -1 -1 -1 -1 -1 -1 -1 -1 -1 -1 -1
376 -1 -1 -1 -1 -1 -1 -1 -1 -1 -1 -1 -1 -1 -1 -1 -1 -1 -1 -1 -1
377 -1 -1 -1 -1 -1 -1 -1 -1 -1 -1 -1 -1 -1 -1 -1 -1 -1 -1 -1 -1
378 -1 -1 -1 -1 -1 -1 -1 -1 -1 -1 -1 -1 -1 -1 -1 -1 -1 -1 -1 -1
379 -1 -1 -1 -1 -1 -1 -1 -1 -1 -1 -1 -1 -1 -1 -1 -1 -1 -1 -1 -1
380 -1 -1 -1 -1 -1 -1 -1 -1 -1 -1 -1 -1 -1 -1 -1 -1 -1 -1 -1 -1
381 -1 -1 -1 -1 -1 -1 -1 -1 -1 -1 -1 -1 -1 -1 -1 -1 -1 -1 -1 -1
382 -1 -1 -1 -1 -1 -1 -1 -1 -1 -1 -1 -1 -1 -1 -1 -1 -1 -1 -1 -1
383 -1 -1 -1 -1 -1 -1 -1 -1 -1 -1 -1 -1 -1 -1 -1 -1 -1 -1 -1 -1
384 -1 -1 -1 -1 -1 -1 -1 -1 -1 -1 -1 -1 -1 -1 -1 -1 -1 -1 -1 -1
385 -1 -1 -1 -1 -1 -1 -1 -1 -1 -1 -1 -1 -1 -1 -1 -1 -1 -1 -1 -1
386 -1 -1 -1 -1 -1 -1 -1 -1 -1 -1 -1 -1 -1 -1 -1 -1 -1 -1 -1 -1
387 -1 -1 -1 -1 -1 -1 -1 -1 -1 -1 -1 -1 -1 -1 -1 -1 -1 -1 -1 -1
388 -1 -1 -1 -1 -1 -1 -1 -1 -1 -1 -1 -1 -1 -1 -1 -1 -1 -1 -1 -1
389 -1 -1 -1 -1 -1 -1 -1 -1 -1 -1 -1 -1 -1 -1 -1 -1 -1 -1 -1 -1
390 -1 -1 -1 -1 -1 -1 -1 -1 -1 -1 -1 -1 -1 -1 -1 -1 -1 -1 -1 -1
391 -1 -1 -1 -1 -1 -1 -1 -1 -1 -1 -1 -1 -1 -1 -1 -1 -1 -1 -1 -1
392 0.576339 0.433378 0.521460 0.678112 0.487349 0.665855 0.555572 0.690369 0.487349 0.665855 0.461321 0.833387 0.436944 0.988824 0.555572 0.690369 0.544276 0.843657 0.539732 0.994999
393 0.580623 0.432658 0.525848 0.677676 0.491639 0.665794 0.560057 0.689558 0.491639 0.665794 0.467899 0.831740 0.442227 0.988000 0.560057 0.689558 0.547265 0.841865 0.541111 0.990409
394 0.586318 0.431357 0.528912 0.676137 0.495378 0.664775 0.562447 0.687498 0.495378 0.664775 0.474835 0.832594 0.449549 0.989450 0.562447 0.687498 0.549608 0.841115 0.542701 0.988004
395 0.591534 0.430887 0.533707 0.675089 0.501365 0.663352 0.566050 0.686826 0.501365 0.663352 0.481893 0.830934 0.461978 0.980040 0.566050 0.686826 0.552166 0.840019 0.543679 0.981664
396 0.596136 0.433224 0.538136 0.675092 0.505694 0.663195 0.570578 0.686990 0.505694 0.663195 0.492614 0.824091 0.475211 0.964862 0.570578 0.686990 0.554769 0.840330 0.543274 0.981951
397 0.599052 0.432680 0.541114 0.673947 0.509381 0.661332 0.572846 0.686562 0.509381 0.661332 0.501282 0.814885 0.492368 0.961189 0.572846 0.686562 0.554664 0.842101 0.542961 0.982579
398 0.602699 0.431883 0.545967 0.670230 0.515560 0.655316 0.576375 0.685145 0.515560 0.655316 0.515450 0.803409 0.509130 0.932672 0.576375 0.685145 0.556866 0.842412 0.541193 0.982548
399 0.604890 0.429537 0.550351 0.668209 0.520620 0.651818 0.580082 0.684600 0.520620 0.651818 0.524515 0.805231 0.525593 0.939322 0.580082 0.684600 0.559547 0.842597 0.541103 0.984124
400 -1 -1 -1 -1 -1 -1 -1 -1 -1 -1 -1 -1 -1 -1 -1 -1 -1 -1 -1 -1
401 -1 -1 -1 -1 -1 -1 -1 -1 -1 -1 -1 -1 -1 -1 -1 -1 -1 -1 -1 -1
402 -1 -1 -1 -1 -1 -1 -1 -1 -1 -1 -1 -1 -1 -1 -1 -1 -1 -1 -1 -1
403 -1 -1 -1 -1 -1 -1 -1 -1 -1 -1 -1 -1 -1 -1 -1 -1 -1 -1 -1 -1
404 -1 -1 -1 -1 -1 -1 -1 -1 -1 -1 -1 -1 -1 -1 -1 -1 -1 -1 -1 -1
405 -1 -1 -1 -1 -1 -1 -1 -1 -1 -1 -1 -1 -1 -1 -1 -1 -1 -1 -1 -1
406 -1 -1 -1 -1 -1 -1 -1 -1 -1 -1 -1 -1 -1 -1 -1 -1 -1 -1 -1 -1
407 -1 -1 -1 -1 -1 -1 -1 -1 -1 -1 -1 -1 -1 -1 -1 -1 -1 -1 -1 -1
408 -1 -1 -1 -1 -1 -1 -1 -1 -1 -1 -1 -1 -1 -1 -1 -1 -1 -1 -1 -1
409 -1 -1 -1 -1 -1 -1 -1 -1 -1 -1 -1 -1 -1 -1 -1 -1 -1 -1 -1 -1
410 -1 -1 -1 -1 -1 -1 -1 -1 -1 -1 -1 -1 -1 -1 -1 -1 -1 -1 -1 -1
411 -1 -1 -1 -1 -1 -1 -1 -1 -1 -1 -1 -1 -1 -1 -1 -1 -1 -1 -1 -1
412 -1 -1 -1 -1 -1 -1 -1 -1 -1 -1 -1 -1 -1 -1 -1 -1 -1 -1 -1 -1
413 -1 -1 -1 -1 -1 -1 -1 -1 -1 -1 -1 -1 -1 -1 -1 -1 -1 -1 -1 -1
414 -1 -1 -1 -1 -1 -1 -1 -1 -1 -1 -1 -1 -1 -1 -1 -1 -1 -1 -1 -1
415 -1 -1 -1 -1 -1 -1 -1 -1 -1 -1 -1 -1 -1 -1 -1 -1 -1 -1 -1 -1
416 -1 -1 -1 -1 -1 -1 -1 -1 -1 -1 -1 -1 -1 -1 -1 -1 -1 -1 -1 -1
417 -1 -1 -1 -1 -1 -1 -1 -1 -1 -1 -1 -1 -1 -1 -1 -1 -1 -1 -1 -1
418 -1 -1 -1 -1 -1 -1 -1 -1 -1 -1 -1 -1 -1 -1 -1 -1 -1 -1 -1 -1
419 -1 -1 -1 -1 -1 -1 -1 -1 -1 -1 -1 -1 -1 -1 -1 -1 -1 -1 -1 -1
420 -1 -1 -1 -1 -1 -1 -1 -1 -1 -1 -1 -1 -1 -1 -1 -1 -1 -1 -1 -1
421 -1 -1 -1 -1 -1 -1 -1 -1 -1 -1 -1 -1 -1 -1 -1 -1 -1 -1 -1 -1
422 -1 -1 -1 -1 -1 -1 -1 -1 -1 -1 -1 -1 -1 -1 -1 -1 -1 -1 -1 -1
423 -1 -1 -1 -1 -1 -1 -1 -1 -1 -1 -1 -1 -1 -1 -1 -1 -1 -1 -1 -1
424 -1 -1 -1 -1 -1 -1 -1 -1 -1 -1 -1 -1 -1 -1 -1 -1 -1 -1 -1 -1
425 -1 -1 -1 -1 -1 -1 -1 -1 -1 -1 -1 -1 -1 -1 -1 -1 -1 -1 -1 -1
426 -1 -1 -1 -1 -1 -1 -1 -1 -1 -1 -1 -1 -1 -1 -1 -1 -1 -1 -1 -1
427 -1 -1 -1 -1 -1 -1 -1 -1 -1 -1 -1 -1 -1 -1 -1 -1 -1 -1 -1 -1
428 0.709224 0.382543 0.668201 0.592514 0.644117 0.582945 0.692286 0.602082 0.644117 0.582945 0.630109 0.716358 0.608837 0.850701 0.692286 0.602082 0.699812 0.732051 0.705367 0.865700
429 0.717699 0.382064 0.673997 0.592219 0.649135 0.582213 0.698860 0.602224 0.649135 0.582213 0.634585 0.712574 0.609906 0.850248 0.698860 0.602224 0.703294 0.733293 0.704000 0.863747
430 0.726579 0.380032 0.680338 0.588149 0.654072 0.576785 0.706604 0.599513 0.654072 0.576785 0.639281 0.706438 0.612684 0.848634 0.706604 0.599513 0.708998 0.733470 0.703414 0.865019
431 0.733872 0.379472 0.685748 0.586533 0.659446 0.574654 0.712051 0.598411 0.659446 0.574654 0.642794 0.704033 0.614813 0.846463 0.712051 0.598411 0.712656 0.734033 0.703661 0.866232
432 0.741554 0.378045 0.691425 0.585035 0.665193 0.572513 0.717656 0.597557 0.665193 0.572513 0.647226 0.701912 0.616918 0.843689 0.717656 0.597557 0.714616 0.734415 0.704956 0.866835
433 0.747351 0.377585 0.695511 0.584377 0.668750 0.571439 0.722272 0.597316 0.668750 0.571439 0.651073 0.700767 0.619512 0.839739 0.722272 0.597316 0.716598 0.734324 0.705854 0.866651
434 0.752693 0.377299 0.699805 0.584332 0.672559 0.571126 0.727051 0.597538 0.672559 0.571126 0.654679 0.698236 0.621642 0.836485 0.727051 0.597538 0.717154 0.733910 0.706590 0.866541
435 0.756232 0.377118 0.704201 0.584988 0.676386 0.571957 0.732016 0.598020 0.676386 0.571957 0.656144 0.699068 0.624699 0.836155 0.732016 0.598020 0.719841 0.734025 0.705590 0.866790
436 0.760046 0.379106 0.706567 0.585872 0.678199 0.572562 0.734935 0.599182 0.678199 0.572562 0.659411 0.700165 0.630374 0.837139 0.734935 0.599182 0.723588 0.734095 0.706339 0.866997
437 0.763513 0.381970 0.708858 0.586394 0.680552 0.572675 0.737164 0.600112 0.680552 0.572675 0.663945 0.700588 0.639766 0.837721 0.737164 0.600112 0.726465 0.733779 0.707496 0.867161
438 0.767496 0.382540 0.711416 0.586629 0.683069 0.572728 0.739763 0.600531 0.683069 0.572728 0.667574 0.702998 0.647995 0.840595 0.739763 0.600531 0.727447 0.732767 0.708400 0.865000
439 0.769468 0.382497 0.712175 0.587114 0.683835 0.572924 0.740515 0.601303 0.683835 0.572924 0.673521 0.703131 0.660538 0.840051 0.740515 0.601303 0.726816 0.730182 0.707960 0.862980
440 0.770333 0.382533 0.712984 0.587381 0.685083 0.573245 0.740885 0.601517 0.685083 0.573245 0.675192 0.708088 0.663689 0.843953 0.740885 0.601517 0.726343 0.730344 0.707697 0.863017
441 0.770956 0.381372 0.714431 0.587508 0.686627 0.573522 0.742235 0.601494 0.686627 0.573522 0.677693 0.712285 0.668328 0.848661 0.742235 0.601494 0.725639 0.730584 0.708869 0.863257
442 0.770945 0.379821 0.716108 0.588349 0.688298 0.575082 0.743917 0.601616 0.688298 0.575082 0.680622 0.713570 0.669008 0.848467 0.743917 0.601616 0.725348 0.730764 0.710962 0.863416
443 0.770553 0.378119 0.716576 0.588707 0.688946 0.575747 0.744206 0.601667 0.688946 0.575747 0.682699 0.716058 0.672127 0.845897 0.744206 0.601667 0.724853 0.731676 0.710691 0.863771
444 0.770115 0.377311 0.717583 0.588886 0.689785 0.576096 0.745381 0.601675 0.689785 0.576096 0.685880 0.715261 0.679811 0.826741 0.745381 0.601675 0.724617 0.731758 0.710567 0.863851
445 0.769557 0.377581 0.717699 0.588815 0.689565 0.575967 0.745832 0.601663 0.689565 0.575967 0.685194 0.706431 0.674236 0.802216 0.745832 0.601663 0.724730 0.731305 0.710245 0.863649
446 0.768677 0.377541 0.718090 0.588627 0.689843 0.575844 0.746336 0.601410 0.689843 0.575844 0.682946 0.706392 0.671871 0.813006 0.746336 0.601410 0.724764 0.731524 0.710031 0.863716
447 0.767045 0.376418 0.719207 0.588343 0.690476 0.575874 0.747937 0.600812 0.690476 0.575874 0.682207 0.701908 0.671125 0.813352 0.747937 0.600812 0.725635 0.730912 0.709896 0.863325
448 0.764633 0.375084 0.720049 0.585793 0.690957 0.573829 0.749142 0.597757 0.690957 0.573829 0.681929 0.696281 0.671817 0.809438 0.749142 0.597757 0.726868 0.726844 0.709769 0.861357
449 0.761248 0.372175 0.720989 0.584951 0.692373 0.573746 0.749606 0.596155 0.692373 0.573746 0.681976 0.693937 0.671500 0.804079 0.749606 0.596155 0.727449 0.726768 0.709253 0.861505
450 0.756913 0.370684 0.721409 0.582663 0.693597 0.572172 0.749221 0.593154 0.693597 0.572172 0.682212 0.686850 0.670771 0.799985 0.749221 0.593154 0.727861 0.726283 0.709090 0.863538
451 0.752186 0.368995 0.721257 0.582284 0.693864 0.572314 0.748650 0.592254 0.693864 0.572314 0.681905 0.689491 0.670500 0.804250 0.748650 0.592254 0.727803 0.726425 0.709082 0.866278
452 0.747801 0.367743 0.720916 0.580905 0.693398 0.571541 0.748434 0.590269 0.693398 0.571541 0.681962 0.690844 0.669969 0.806160 0.748434 0.590269 0.727914 0.725984 0.709466 0.868683
453 0.743312 0.365086 0.719438 0.576759 0.692914 0.568922 0.745963 0.584596 0.692914 0.568922 0.681913 0.691144 0.669627 0.810844 0.745963 0.584596 0.727829 0.721563 0.710086 0.868570
454 0.739385 0.363168 0.717129 0.574567 0.691872 0.567438 0.742386 0.581696 0.691872 0.567438 0.683118 0.685605 0.672268 0.804469 0.742386 0.581696 0.727749 0.718284 0.710164 0.868584
455 0.735427 0.360213 0.714540 0.569591 0.690412 0.563759 0.738668 0.575422 0.690412 0.563759 0.683161 0.682981 0.671874 0.804722 0.738668 0.575422 0.727767 0.713607 0.710801 0.868086
456 0.731779 0.357918 0.712489 0.564523 0.688781 0.559383 0.736197 0.569664 0.688781 0.559383 0.683129 0.680973 0.671515 0.806039 0.736197 0.569664 0.727733 0.711656 0.710688 0.867196
457 0.727571 0.356727 0.709304 0.560781 0.685824 0.556155 0.732784 0.565406 0.685824 0.556155 0.681462 0.681701 0.667686 0.806607 0.732784 0.565406 0.727050 0.709296 0.710482 0.865251
458 0.724190 0.354360 0.706819 0.556508 0.683843 0.552571 0.729794 0.560445 0.683843 0.552571 0.680083 0.680064 0.667502 0.806752 0.729794 0.560445 0.726625 0.706029 0.710455 0.863671
459 0.720846 0.352904 0.704427 0.555784 0.681977 0.551877 0.726876 0.559692 0.681977 0.551877 0.678676 0.678739 0.667509 0.803456 0.726876 0.559692 0.726040 0.703520 0.710440 0.861324
460 0.717714 0.351537 0.703126 0.554633 0.680685 0.551119 0.725567 0.558147 0.680685 0.551119 0.678236 0.678453 0.667734 0.804195 0.725567 0.558147 0.725122 0.701932 0.710423 0.859139
461 0.715081 0.349897 0.701694 0.554050 0.678767 0.550658 0.724621 0.557441 0.678767 0.550658 0.676695 0.679166 0.667805 0.804848 0.724621 0.557441 0.723399 0.701787 0.710180 0.857134
462 0.712298 0.349696 0.701397 0.554977 0.678409 0.551369 0.724386 0.558585 0.678409 0.551369 0.675358 0.679427 0.668002 0.804978 0.724386 0.558585 0.721755 0.702635 0.710167 0.856723
463 0.709746 0.349793 0.700890 0.552134 0.677719 0.548713 0.724060 0.555555 0.677719 0.548713 0.674661 0.679848 0.669302 0.805028 0.724060 0.555555 0.720550 0.701780 0.710157 0.856147
464 0.708064 0.349744 0.699995 0.549596 0.676531 0.546091 0.723459 0.553102 0.676531 0.546091 0.672826 0.679507 0.669360 0.805383 0.723459 0.553102 0.720097 0.700885 0.710147 0.855507
465 0.706556 0.350076 0.699315 0.548235 0.675885 0.544812 0.722746 0.551658 0.675885 0.544812 0.672122 0.678528 0.669292 0.804949 0.722746 0.551658 0.720074 0.699083 0.710143 0.854634
466 0.704824 0.349764 0.698788 0.547067 0.675188 0.543915 0.722388 0.550219 0.675188 0.543915 0.671177 0.678268 0.669340 0.805110 0.722388 0.550219 0.720025 0.698279 0.710135 0.854072
467 0.702206 0.348930 0.698630 0.545822 0.675135 0.543142 0.722125 0.548503 0.675135 0.543142 0.671012 0.677684 0.669470 0.804134 0.722125 0.548503 0.720112 0.696754 0.710231 0.853265
468 0.701259 0.347251 0.698477 0.544232 0.674911 0.542199 0.722042 0.546265 0.674911 0.542199 0.670681 0.676825 0.669668 0.803557 0.722042 0.546265 0.720363 0.696171 0.710227 0.852908
469 0.699481 0.345991 0.698151 0.544639 0.674380 0.542620 0.721922 0.546658 0.674380 0.542620 0.669786 0.675609 0.669668 0.800212 0.721922 0.546658 0.720810 0.696658 0.710675 0.851692
470 0.698491 0.344540 0.697495 0.544639 0.673419 0.542760 0.721570 0.546518 0.673419 0.542760 0.668453 0.674050 0.669634 0.797125 0.721570 0.546518 0.721914 0.696521 0.710728 0.850806
471 0.697914 0.343273 0.696691 0.544313 0.672474 0.542733 0.720908 0.545894 0.672474 0.542733 0.668213 0.674239 0.669857 0.797869 0.720908 0.545894 0.722566 0.696031 0.711246 0.850690
472 0.697763 0.341719 0.696272 0.542865 0.672119 0.541846 0.720425 0.543883 0.672119 0.541846 0.668365 0.674179 0.669946 0.798270 0.720425 0.543883 0.723607 0.694040 0.712084 0.850256
473 0.697148 0.341368 0.695755 0.543138 0.671845 0.542055 0.719665 0.544220 0.671845 0.542055 0.668503 0.674159 0.670096 0.798570 0.719665 0.544220 0.724755 0.693471 0.712978 0.849626
474 0.696907 0.341195 0.695481 0.542540 0.671822 0.541773 0.719139 0.543306 0.671822 0.541773 0.668564 0.674252 0.670437 0.802110 0.719139 0.543306 0.725628 0.692803 0.714011 0.848787
475 0.696793 0.341489 0.695447 0.542739 0.671902 0.541858 0.718993 0.543620 0.671902 0.541858 0.668889 0.674252 0.670892 0.802512 0.718993 0.543620 0.726342 0.692577 0.714266 0.847935
476 0.696714 0.341890 0.695467 0.542852 0.671970 0.541872 0.718964 0.543832 0.671970 0.541872 0.668921 0.674241 0.670961 0.802671 0.718964 0.543832 0.726808 0.692350 0.714338 0.847137
477 0.696643 0.342478 0.695341 0.542947 0.671868 0.541909 0.718814 0.543985 0.671868 0.541909 0.669007 0.674274 0.670941 0.802760 0.718814 0.543985 0.727086 0.692358 0.714641 0.847141
478 0.696691 0.342912 0.695262 0.542962 0.671830 0.541861 0.718694 0.544063 0.671830 0.541861 0.669062 0.674188 0.670401 0.802814 0.718694 0.544063 0.727217 0.692343 0.714741 0.847228
479 0.696724 0.344337 0.695196 0.543015 0.671737 0.541880 0.718655 0.544149 0.671737 0.541880 0.669117 0.674210 0.669607 0.802823 0.718655 0.544149 0.727169 0.692409 0.714713 0.847280
480 0.696675 0.346620 0.695094 0.543058 0.671625 0.541890 0.718564 0.544226 0.671625 0.541890 0.669426 0.674037 0.669749 0.802720 0.718564 0.544226 0.727139 0.692470 0.714589 0.847291
481 0.696880 0.349127 0.694791 0.542445 0.671246 0.541276 0.718337 0.543614 0.671246 0.541276 0.669692 0.672812 0.669503 0.802304 0.718337 0.543614 0.727095 0.691654 0.714466 0.846740
482 0.697489 0.352823 0.694328 0.541205 0.670582 0.539685 0.718074 0.542724 0.670582 0.539685 0.669715 0.671832 0.669127 0.802243 0.718074 0.542724 0.726119 0.691347 0.713541 0.846592
483 0.697821 0.356410 0.693389 0.538566 0.669383 0.537106 0.717396 0.540025 0.669383 0.537106 0.669555 0.671284 0.669111 0.802191 0.717396 0.540025 0.724414 0.689882 0.712413 0.846000
484 0.698053 0.361797 0.692862 0.538323 0.668630 0.536950 0.717093 0.539697 0.668630 0.536950 0.668812 0.671280 0.668790 0.803484 0.717093 0.539697 0.722720 0.689005 0.709961 0.843991
485 0.698447 0.367844 0.692632 0.537801 0.668162 0.536450 0.717102 0.539153 0.668162 0.536450 0.668821 0.671163 0.670529 0.804089 0.717102 0.539153 0.721192 0.687054 0.707445 0.842516
486 0.699633 0.372093 0.692248 0.536982 0.667602 0.535317 0.716895 0.538647 0.667602 0.535317 0.668119 0.670716 0.672266 0.804128 0.716895 0.538647 0.719978 0.685842 0.705383 0.839144
487 0.700795 0.375956 0.691018 0.536943 0.666611 0.535377 0.715426 0.538508 0.666611 0.535377 0.667066 0.671540 0.673701 0.804140 0.715426 0.538508 0.717674 0.683695 0.702675 0.832036
488 0.701877 0.377494 0.689246 0.536685 0.664787 0.535204 0.713705 0.538167 0.664787 0.535204 0.665647 0.672428 0.673597 0.805541 0.713705 0.538167 0.716028 0.681226 0.701986 0.825054
489 0.703763 0.379449 0.688297 0.536540 0.664298 0.535069 0.712297 0.538010 0.664298 0.535069 0.665961 0.672203 0.673910 0.805380 0.712297 0.538010 0.714675 0.677337 0.699721 0.817136
490 0.706394 0.382078 0.687343 0.536502 0.663855 0.535068 0.710830 0.537937 0.663855 0.535068 0.666069 0.670009 0.675094 0.798925 0.710830 0.537937 0.712121 0.671416 0.693248 0.805894
491 0.708850 0.384554 0.686617 0.536995 0.663365 0.535112 0.709869 0.538878 0.663365 0.535112 0.665580 0.665752 0.674941 0.794646 0.709869 0.538878 0.708821 0.669928 0.688614 0.804136
492 0.710837 0.387214 0.685645 0.537098 0.662509 0.535050 0.708780 0.539145 0.662509 0.535050 0.663784 0.661570 0.674879 0.792656 0.708780 0.539145 0.705868 0.670913 0.688139 0.806975
493 0.711548 0.393361 0.685224 0.536527 0.662185 0.534326 0.708264 0.538727 0.662185 0.534326 0.659794 0.651225 0.669265 0.781461 0.708264 0.538727 0.705607 0.671993 0.687878 0.809233
494 0.711503 0.399029 0.684448 0.530441 0.660442 0.527444 0.708454 0.533438 0.660442 0.527444 0.657687 0.638396 0.655086 0.769732 0.708454 0.533438 0.706882 0.670694 0.689400 0.810077
495 0.711662 0.402327 0.682751 0.529599 0.658473 0.527406 0.707029 0.531792 0.658473 0.527406 0.654603 0.628873 0.641476 0.759606 0.707029 0.531792 0.707245 0.669327 0.690297 0.809776
496 0.712207 0.405546 0.679184 0.530539 0.655051 0.528045 0.703318 0.533032 0.655051 0.528045 0.649885 0.621923 0.630066 0.740934 0.703318 0.533032 0.706882 0.668473 0.690890 0.808216
497 0.712177 0.411564 0.676349 0.532546 0.651801 0.528467 0.700897 0.536624 0.651801 0.528467 0.645020 0.623601 0.624600 0.735022 0.700897 0.536624 0.706599 0.668208 0.691175 0.808001
498 0.708974 0.420898 0.669961 0.533904 0.645010 0.528665 0.694912 0.539143 0.645010 0.528665 0.637147 0.626134 0.620854 0.735118 0.694912 0.539143 0.704324 0.668514 0.691384 0.807618
499 0.703952 0.426776 0.662874 0.537945 0.637513 0.528634 0.688235 0.547257 0.637513 0.528634 0.632129 0.624523 0.619548 0.734493 0.688235 0.547257 0.700577 0.668168 0.691459 0.806674
500 0.697707 0.435413 0.658960 0.534023 0.633861 0.524210 0.684060 0.543836 0.633861 0.524210 0.626439 0.627758 0.622052 0.741880 0.684060 0.543836 0.693633 0.668612 0.689514 0.807199
501 0.693386 0.437386 0.656043 0.523170 0.631217 0.516448 0.680870 0.529891 0.631217 0.516448 0.625721 0.624608 0.622466 0.743045 0.680870 0.529891 0.686546 0.665279 0.688361 0.807197
502 0.687343 0.447175 0.652420 0.515673 0.626023 0.508266 0.678817 0.523081 0.626023 0.508266 0.624978 0.622683 0.622668 0.744111 0.678817 0.523081 0.679202 0.662697 0.684004 0.807416
503 0.674826 0.456400 0.648351 0.506558 0.624112 0.501287 0.672590 0.511829 0.624112 0.501287 0.625633 0.624616 0.623762 0.744595 0.672590 0.511829 0.674694 0.655959 0.678211 0.803433
504 0.667640 0.463954 0.650536 0.494365 0.628227 0.487478 0.672845 0.501252 0.628227 0.487478 0.627945 0.618886 0.622803 0.740663 0.672845 0.501252 0.671406 0.650792 0.667766 0.796764
505 0.666945 0.464573 0.646637 0.499989 0.625755 0.493063 0.667520 0.506915 0.625755 0.493063 0.626311 0.620031 0.621396 0.740565 0.667520 0.506915 0.667095 0.649690 0.658802 0.796336
506 0.662986 0.476284 0.648154 0.503584 0.626806 0.497128 0.669502 0.510039 0.626806 0.497128 0.625492 0.621389 0.620118 0.741736 0.669502 0.510039 0.664074 0.652108 0.654335 0.795665
507 0.660130 0.479719 0.647993 0.505293 0.627440 0.499265 0.668545 0.511322 0.627440 0.499265 0.626566 0.621463 0.619332 0.739369 0.668545 0.511322 0.661941 0.652836 0.653207 0.795526
508 0.659518 0.482768 0.646707 0.506777 0.627201 0.500773 0.666212 0.512780 0.627201 0.500773 0.623466 0.623750 0.620160 0.724197 0.666212 0.512780 0.661135 0.653690 0.655369 0.795977
509 0.651897 0.493746 0.646058 0.503906 0.627725 0.498904 0.664392 0.508909 0.627725 0.498904 0.624582 0.626630 0.620679 0.722462 0.664392 0.508909 0.656975 0.651753 0.654556 0.794363
510 0.647025 0.505163 0.645825 0.505062 0.630853 0.499861 0.660797 0.510264 0.630853 0.499861 0.625175 0.641427 0.620648 0.726803 0.660797 0.510264 0.655274 0.651913 0.653419 0.795015
511 0.650600 0.501234 0.646183 0.508377 0.630592 0.501999 0.661775 0.514755 0.630592 0.501999 0.625218 0.643753 0.620922 0.728519 0.661775 0.514755 0.656694 0.658101 0.652798 0.795099
512 0.650844 0.501736 0.642186 0.523912 0.622493 0.516535 0.661878 0.531290 0.622493 0.516535 0.625464 0.653357 0.619596 0.735969 0.661878 0.531290 0.657382 0.666803 0.653095 0.796760
513 0.651544 0.506126 0.639205 0.533985 0.619710 0.525117 0.658700 0.542854 0.619710 0.525117 0.627402 0.650302 0.620665 0.717264 0.658700 0.542854 0.658840 0.669480 0.652989 0.796948
514 0.650407 0.505219 0.638877 0.532653 0.620050 0.525257 0.657705 0.540050 0.620050 0.525257 0.629263 0.649284 0.620201 0.721816 0.657705 0.540050 0.659158 0.671347 0.653169 0.797976
515 0.652021 0.501193 0.637852 0.530742 0.618796 0.522699 0.656909 0.538786 0.618796 0.522699 0.630669 0.648101 0.620507 0.723524 0.656909 0.538786 0.659590 0.677540 0.652797 0.801281
516 0.652427 0.499951 0.636497 0.529248 0.617649 0.521572 0.655344 0.536923 0.617649 0.521572 0.630195 0.643099 0.620615 0.724356 0.655344 0.536923 0.659495 0.678456 0.652165 0.802676
517 0.653854 0.496812 0.636172 0.527860 0.617982 0.520055 0.654361 0.535666 0.617982 0.520055 0.630134 0.649265 0.619613 0.729495 0.654361 0.535666 0.658204 0.679899 0.651221 0.803578
518 0.654818 0.493160 0.633614 0.526538 0.613478 0.518193 0.653750 0.534883 0.613478 0.518193 0.626895 0.649003 0.616555 0.736322 0.653750 0.534883 0.658530 0.678313 0.651756 0.803589
519 0.655025 0.491022 0.633414 0.523348 0.612104 0.514934 0.654725 0.531763 0.612104 0.514934 0.626616 0.646704 0.616587 0.742972 0.654725 0.531763 0.658789 0.677093 0.652879 0.803533
520 0.654842 0.488665 0.634461 0.521068 0.613623 0.511481 0.655299 0.530655 0.613623 0.511481 0.626609 0.646603 0.616910 0.747755 0.655299 0.530655 0.658677 0.676423 0.652968 0.803339
521 0.653449 0.488653 0.636303 0.513953 0.616837 0.503851 0.655768 0.524055 0.616837 0.503851 0.627512 0.639699 0.617728 0.745550 0.655768 0.524055 0.657626 0.670282 0.654228 0.801531
522 0.654467 0.483999 0.638171 0.512248 0.618481 0.502005 0.657862 0.522491 0.618481 0.502005 0.627245 0.637117 0.617818 0.744808 0.657862 0.522491 0.657773 0.669864 0.655606 0.802061
523 0.662515 0.476936 0.640134 0.512690 0.620328 0.502769 0.659940 0.522611 0.620328 0.502769 0.627607 0.637196 0.617103 0.751102 0.659940 0.522611 0.657900 0.667549 0.656880 0.802269
524 0.665139 0.470834 0.640136 0.513137 0.620196 0.503483 0.660076 0.522791 0.620196 0.503483 0.626982 0.637843 0.616116 0.760795 0.660076 0.522791 0.657915 0.664768 0.657394 0.802965
525 0.675207 0.464391 0.638075 0.517429 0.618095 0.509349 0.658055 0.525509 0.618095 0.509349 0.627408 0.637880 0.618382 0.756405 0.658055 0.525509 0.657531 0.661726 0.658917 0.802957
526 0.682628 0.458076 0.636939 0.520014 0.616501 0.512762 0.657378 0.527266 0.616501 0.512762 0.626894 0.649850 0.619835 0.767252 0.657378 0.527266 0.656172 0.660298 0.658858 0.801810
527 0.686692 0.453920 0.636978 0.521689 0.616650 0.514872 0.657306 0.528505 0.616650 0.514872 0.629850 0.651324 0.626904 0.779005 0.657306 0.528505 0.654373 0.654450 0.655634 0.798003
528 0.688728 0.449351 0.633671 0.519929 0.611545 0.511930 0.655797 0.527928 0.611545 0.511930 0.629842 0.653481 0.632409 0.779344 0.655797 0.527928 0.654551 0.654131 0.656001 0.798118
529 0.692766 0.445347 0.632694 0.518942 0.610994 0.510095 0.654394 0.527788 0.610994 0.510095 0.629737 0.653001 0.630284 0.775643 0.654394 0.527788 0.653178 0.652648 0.655042 0.792809
530 0.696787 0.443454 0.631497 0.518201 0.610262 0.508592 0.652731 0.527810 0.610262 0.508592 0.629870 0.652656 0.630554 0.777037 0.652731 0.527810 0.650632 0.652128 0.654325 0.792801
531 0.699543 0.440233 0.630370 0.517731 0.609647 0.507648 0.651092 0.527814 0.609647 0.507648 0.629854 0.652100 0.629792 0.774288 0.651092 0.527814 0.651143 0.652115 0.655319 0.793360
532 0.702381 0.434876 0.629663 0.515404 0.608930 0.505461 0.650395 0.525348 0.608930 0.505461 0.630797 0.646231 0.633911 0.771199 0.650395 0.525348 0.653999 0.648567 0.658250 0.792932
533 0.702917 0.427610 0.627811 0.509292 0.608665 0.502076 0.646958 0.516508 0.608665 0.502076 0.630927 0.645530 0.632728 0.771461 0.646958 0.516508 0.654931 0.646477 0.658188 0.793102
534 0.706402 0.419039 0.625564 0.501000 0.608949 0.500158 0.642178 0.501841 0.608949 0.500158 0.630915 0.645770 0.632056 0.772344 0.642178 0.501841 0.665261 0.647967 0.658514 0.793342
535 0.709289 0.413030 0.625301 0.497948 0.609200 0.498889 0.641403 0.497006 0.609200 0.498889 0.631040 0.643471 0.631637 0.771903 0.641403 0.497006 0.669572 0.651061 0.659487 0.793778
536 0.710887 0.403321 0.624686 0.496484 0.609374 0.496883 0.639998 0.496084 0.609374 0.496883 0.631009 0.641613 0.631458 0.771302 0.639998 0.496084 0.668345 0.649997 0.660244 0.794158
537 0.710485 0.400133 0.624019 0.494322 0.609443 0.494133 0.638595 0.494511 0.609443 0.494133 0.629278 0.635897 0.631421 0.768269 0.638595 0.494511 0.666913 0.647387 0.660789 0.795178
538 0.710458 0.395345 0.624613 0.492517 0.609483 0.491073 0.639743 0.493961 0.609483 0.491073 0.628958 0.630551 0.631200 0.760733 0.639743 0.493961 0.665532 0.646729 0.660729 0.796522
539 0.709061 0.390619 0.625020 0.491434 0.609460 0.490323 0.640579 0.492545 0.609460 0.490323 0.628915 0.629963 0.632591 0.760437 0.640579 0.492545 0.665371 0.646050 0.660681 0.797825
540 -1 -1 -1 -1 -1 -1 -1 -1 -1 -1 -1 -1 -1 -1 -1 -1 -1 -1 -1 -1
541 -1 -1 -1 -1 -1 -1 -1 -1 -1 -1 -1 -1 -1 -1 -1 -1 -1 -1 -1 -1
542 0.708545 0.377480 0.626274 0.491628 0.609577 0.488347 0.642971 0.494910 0.609577 0.488347 0.626878 0.627253 0.625890 0.751497 0.642971 0.494910 0.663340 0.644832 0.661207 0.795688
543 0.705033 0.372108 0.626528 0.492130 0.609583 0.488675 0.643472 0.495584 0.609583 0.488675 0.626930 0.625889 0.626636 0.752728 0.643472 0.495584 0.663010 0.644171 0.661162 0.795728
544 0.698836 0.365592 0.625925 0.492777 0.608933 0.488740 0.642916 0.496814 0.608933 0.488740 0.626282 0.626831 0.626131 0.753998 0.642916 0.496814 0.662814 0.647262 0.661147 0.797994
545 0.694582 0.361871 0.625651 0.493829 0.607864 0.489754 0.643438 0.497904 0.607864 0.489754 0.626351 0.627248 0.628346 0.755395 0.643438 0.497904 0.662635 0.647605 0.661003 0.795509
546 0.691520 0.354818 0.626049 0.494284 0.607549 0.490560 0.644550 0.498008 0.607549 0.490560 0.627082 0.626139 0.628893 0.767897 0.644550 0.498008 0.662495 0.648426 0.660744 0.795571
547 0.688856 0.348748 0.626451 0.493653 0.607853 0.491101 0.645049 0.496205 0.607853 0.491101 0.628269 0.622635 0.626424 0.751318 0.645049 0.496205 0.663916 0.644410 0.660971 0.792782
548 0.685199 0.347566 0.627257 0.494608 0.608346 0.492641 0.646168 0.496575 0.608346 0.492641 0.628583 0.622430 0.625010 0.750832 0.646168 0.496575 0.664246 0.644632 0.659984 0.793031
549 0.681126 0.345072 0.628136 0.497925 0.609633 0.496571 0.646640 0.499278 0.609633 0.496571 0.628776 0.624387 0.622437 0.751171 0.646640 0.499278 0.665174 0.651667 0.660144 0.796118
550 0.678084 0.342517 0.629050 0.501224 0.610659 0.500652 0.647441 0.501796 0.610659 0.500652 0.628043 0.628494 0.621218 0.755170 0.647441 0.501796 0.665513 0.658152 0.660189 0.799267
551 0.676354 0.340805 0.630188 0.501651 0.611644 0.501318 0.648731 0.501985 0.611644 0.501318 0.628287 0.628896 0.620345 0.755436 0.648731 0.501985 0.666353 0.657158 0.660504 0.799344
552 0.674655 0.339251 0.631165 0.501002 0.612299 0.500962 0.650031 0.501043 0.612299 0.500962 0.627671 0.628830 0.620702 0.755300 0.650031 0.501043 0.666998 0.656487 0.660747 0.799469
553 0.673441 0.338174 0.632104 0.500866 0.612928 0.500724 0.651281 0.501008 0.612928 0.500724 0.626851 0.628834 0.620032 0.755349 0.651281 0.501008 0.667183 0.656021 0.660804 0.799365
554 0.672419 0.338804 0.633038 0.500795 0.613771 0.500559 0.652305 0.501031 0.613771 0.500559 0.626454 0.628832 0.620107 0.758512 0.652305 0.501031 0.667066 0.655936 0.660826 0.799317
555 0.670176 0.338273 0.634436 0.500961 0.614797 0.500512 0.654076 0.501410 0.614797 0.500512 0.626212 0.627120 0.620143 0.758109 0.654076 0.501410 0.667055 0.655501 0.660973 0.799161
556 0.668400 0.337490 0.635693 0.500894 0.615819 0.500492 0.655566 0.501295 0.615819 0.500492 0.624674 0.622593 0.620253 0.749002 0.655566 0.501295 0.667235 0.653969 0.661543 0.798038
557 0.666680 0.336396 0.636435 0.500858 0.616432 0.500447 0.656438 0.501269 0.616432 0.500447 0.623709 0.620874 0.619950 0.743564 0.656438 0.501269 0.668087 0.652220 0.662816 0.796324
558 0.665384 0.333857 0.637099 0.500904 0.617209 0.500515 0.656988 0.501292 0.617209 0.500515 0.623317 0.621303 0.619152 0.742478 0.656988 0.501292 0.668460 0.652584 0.663005 0.796137
559 0.664624 0.330448 0.637655 0.500639 0.617656 0.500362 0.657654 0.500917 0.617656 0.500362 0.622208 0.621664 0.618355 0.744318 0.657654 0.500917 0.669008 0.652973 0.662973 0.795990
560 0.663482 0.327919 0.638704 0.500027 0.618373 0.499982 0.659035 0.500072 0.618373 0.499982 0.621715 0.622222 0.617710 0.750332 0.659035 0.500072 0.669746 0.652479 0.663317 0.794660
561 0.662720 0.325817 0.639795 0.500139 0.619416 0.500021 0.660174 0.500256 0.619416 0.500021 0.621589 0.622579 0.617853 0.749225 0.660174 0.500256 0.670660 0.652441 0.663558 0.793585
562 0.662475 0.321618 0.641010 0.500109 0.620611 0.499955 0.661409 0.500262 0.620611 0.499955 0.621712 0.621518 0.617965 0.748001 0.661409 0.500262 0.671167 0.651886 0.662075 0.792734
563 0.662086 0.318041 0.642297 0.499752 0.622279 0.499350 0.662316 0.500154 0.622279 0.499350 0.621775 0.621510 0.618044 0.752058 0.662316 0.500154 0.671757 0.651161 0.662028 0.790384
564 0.661765 0.314833 0.644395 0.499690 0.624405 0.499316 0.664386 0.500063 0.624405 0.499316 0.623160 0.621583 0.619722 0.751912 0.664386 0.500063 0.672078 0.648956 0.662108 0.787336
565 0.662287 0.314703 0.647038 0.499593 0.627612 0.499191 0.666464 0.499994 0.627612 0.499191 0.626541 0.620920 0.623715 0.739582 0.666464 0.499994 0.672290 0.647031 0.662155 0.786189
566 0.664426 0.314211 0.648434 0.499331 0.629701 0.498633 0.667168 0.500030 0.629701 0.498633 0.628399 0.619753 0.623491 0.740190 0.667168 0.500030 0.672339 0.647104 0.661866 0.786378
567 0.667000 0.313975 0.649566 0.499225 0.631233 0.498330 0.667900 0.500120 0.631233 0.498330 0.630057 0.613164 0.622785 0.730955 0.667900 0.500120 0.673389 0.644721 0.662290 0.785577
568 0.669587 0.313822 0.650856 0.499205 0.632457 0.498079 0.669255 0.500332 0.632457 0.498079 0.631235 0.610179 0.622274 0.725456 0.669255 0.500332 0.673912 0.642877 0.663098 0.785887
569 0.671189 0.313302 0.650433 0.499374 0.632080 0.498029 0.668786 0.500719 0.632080 0.498029 0.631228 0.611454 0.619466 0.729401 0.668786 0.500719 0.674825 0.641841 0.664347 0.786043
570 0.673172 0.313506 0.650205 0.500307 0.631949 0.498148 0.668462 0.502467 0.631949 0.498148 0.631222 0.611892 0.617665 0.730112 0.668462 0.502467 0.674766 0.642623 0.665605 0.788882
571 0.674825 0.314338 0.650514 0.500889 0.632408 0.498109 0.668619 0.503670 0.632408 0.498109 0.632166 0.612663 0.617296 0.725541 0.668619 0.503670 0.674668 0.642888 0.666486 0.791445
572 0.677411 0.316557 0.652164 0.502634 0.634344 0.498105 0.669984 0.507162 0.634344 0.498105 0.633789 0.612872 0.617152 0.719454 0.669984 0.507162 0.674720 0.644377 0.667890 0.792613
573 0.681310 0.319206 0.653720 0.503841 0.637309 0.497956 0.670130 0.509726 0.637309 0.497956 0.636353 0.613482 0.616837 0.721143 0.670130 0.509726 0.675464 0.644448 0.668678 0.792937
574 0.685475 0.323064 0.655822 0.508020 0.640672 0.500719 0.670972 0.515321 0.640672 0.500719 0.639394 0.616942 0.616686 0.722718 0.670972 0.515321 0.676124 0.646314 0.668606 0.795053
575 0.688742 0.326856 0.658101 0.513041 0.643782 0.504798 0.672419 0.521284 0.643782 0.504798 0.639633 0.623297 0.616362 0.726326 0.672419 0.521284 0.677901 0.652731 0.668875 0.803364
576 0.692995 0.330442 0.662051 0.518499 0.649630 0.509956 0.674472 0.527043 0.649630 0.509956 0.641131 0.632168 0.615094 0.743613 0.674472 0.527043 0.682662 0.659380 0.669480 0.805557
577 0.696964 0.332287 0.665754 0.522693 0.654929 0.514438 0.676579 0.530948 0.654929 0.514438 0.644221 0.636598 0.615199 0.742491 0.676579 0.530948 0.686717 0.662028 0.669931 0.806112
578 0.700783 0.334408 0.669369 0.523835 0.661461 0.515041 0.677276 0.532630 0.661461 0.515041 0.652862 0.634481 0.616252 0.739646 0.677276 0.532630 0.688016 0.661969 0.670288 0.806307
579 0.705459 0.336461 0.674162 0.522620 0.669214 0.513977 0.679110 0.531262 0.669214 0.513977 0.651744 0.635014 0.620753 0.733569 0.679110 0.531262 0.687979 0.661272 0.670313 0.805429
580 0.708713 0.336613 0.677340 0.522829 0.673766 0.514395 0.680914 0.531263 0.673766 0.514395 0.670478 0.634280 0.626084 0.729945 0.680914 0.531263 0.688676 0.660510 0.669174 0.804780
581 0.712044 0.339231 0.680747 0.525880 0.679726 0.517967 0.681768 0.533794 0.679726 0.517967 0.679695 0.634052 0.638313 0.730883 0.681768 0.533794 0.688165 0.664163 0.668563 0.802670
582 0.715811 0.342934 0.686629 0.531991 0.690184 0.525965 0.683074 0.538018 0.690184 0.525965 0.682673 0.642524 0.644049 0.738598 0.683074 0.538018 0.687917 0.667891 0.667976 0.802133
583 0.718407 0.345668 0.690193 0.539725 0.696888 0.535308 0.683498 0.544143 0.696888 0.535308 0.686110 0.651850 0.648509 0.749660 0.683498 0.544143 0.688455 0.671994 0.668000 0.803245
584 0.720161 0.347662 0.694767 0.543687 0.703070 0.540381 0.686463 0.546993 0.703070 0.540381 0.694288 0.652470 0.661004 0.757236 0.686463 0.546993 0.690383 0.670820 0.667427 0.801739
585 0.723025 0.350184 0.698769 0.547468 0.710506 0.546490 0.687032 0.548447 0.710506 0.546490 0.702131 0.658952 0.673068 0.770159 0.687032 0.548447 0.689863 0.672719 0.667168 0.803092
586 0.725083 0.352479 0.702445 0.551317 0.716335 0.551010 0.688556 0.551623 0.716335 0.551010 0.712704 0.666542 0.685762 0.778578 0.688556 0.551623 0.689728 0.678628 0.666141 0.808483
587 0.727686 0.352727 0.705538 0.549040 0.721768 0.549191 0.689307 0.548889 0.721768 0.549191 0.720514 0.675177 0.697757 0.793221 0.689307 0.548889 0.689403 0.677253 0.666317 0.811111
588 0.731632 0.355949 0.709290 0.551872 0.728320 0.554237 0.690260 0.549507 0.728320 0.554237 0.731003 0.681861 0.709235 0.809943 0.690260 0.549507 0.688081 0.678166 0.666300 0.814188
589 0.734271 0.359205 0.713562 0.556270 0.734363 0.557770 0.692762 0.554769 0.734363 0.557770 0.741103 0.688754 0.727778 0.819122 0.692762 0.554769 0.688809 0.684389 0.667629 0.815558
590 0.738160 0.361646 0.718834 0.561127 0.740662 0.562226 0.697007 0.560029 0.740662 0.562226 0.748928 0.696526 0.746360 0.831303 0.697007 0.560029 0.689516 0.689309 0.669481 0.819921
591 0.743513 0.363035 0.722371 0.566851 0.744886 0.568451 0.699855 0.565250 0.744886 0.568451 0.754184 0.703779 0.761550 0.849265 0.699855 0.565250 0.692084 0.691248 0.670782 0.819089
592 0.749596 0.365912 0.727103 0.571979 0.749852 0.574215 0.704354 0.569742 0.749852 0.574215 0.759426 0.708865 0.773975 0.857812 0.704354 0.569742 0.693719 0.692828 0.670656 0.818272
593 0.760821 0.371280 0.732488 0.577613 0.755857 0.580458 0.709119 0.574768 0.755857 0.580458 0.766677 0.713922 0.781622 0.863961 0.709119 0.574768 0.694917 0.694138 0.670944 0.818147
594 0.767960 0.376876 0.737802 0.584271 0.760703 0.587616 0.714901 0.580926 0.760703 0.587616 0.770486 0.720092 0.785810 0.870549 0.714901 0.580926 0.698754 0.692439 0.671424 0.815495
595 0.777000 0.382071 0.743813 0.590255 0.767159 0.594621 0.720468 0.585890 0.767159 0.594621 0.772874 0.725666 0.786031 0.876652 0.720468 0.585890 0.703432 0.692071 0.671967 0.813167
