0
0
0 0.224422 0.283016 0.237092 0.372758 0.252907 0.366105 0.221277 0.379411 0.252907 0.366105 0.286204 0.391391 0.290315 0.481952 0.221277 0.379411 0.213692 0.414114 0.237061 0.489328
1 0.223121 0.283127 0.236084 0.372614 0.251784 0.365909 0.220385 0.379319 0.251784 0.365909 0.284481 0.391374 0.290106 0.482372 0.220385 0.379319 0.214371 0.415013 0.238760 0.491079
2 0.222558 0.283282 0.235204 0.372970 0.250882 0.366254 0.219525 0.379686 0.250882 0.366254 0.284487 0.389309 0.290427 0.482515 0.219525 0.379686 0.213617 0.417242 0.237748 0.496418
3 0.222423 0.282949 0.235313 0.372486 0.251088 0.365653 0.219538 0.379320 0.251088 0.365653 0.284851 0.389377 0.290547 0.482615 0.219538 0.379320 0.213187 0.416640 0.236627 0.496118
4 0.222517 0.283011 0.235351 0.372201 0.251150 0.365493 0.219551 0.378909 0.251150 0.365493 0.283868 0.388299 0.290411 0.481499 0.219551 0.378909 0.213325 0.417083 0.236677 0.495775
5 0.222493 0.282735 0.235761 0.372071 0.251291 0.365169 0.220232 0.378973 0.251291 0.365169 0.283893 0.387998 0.290835 0.480322 0.220232 0.378973 0.213061 0.419692 0.236851 0.497216
6 0.222387 0.282804 0.235587 0.372464 0.251377 0.365563 0.219798 0.379364 0.251377 0.365563 0.283905 0.389189 0.290230 0.480495 0.219798 0.379364 0.212570 0.420942 0.237030 0.497492
7 0.222347 0.282729 0.235577 0.372574 0.251339 0.365721 0.219816 0.379427 0.251339 0.365721 0.284020 0.389097 0.290422 0.480585 0.219816 0.379427 0.208877 0.417166 0.234334 0.494292
8 0.222165 0.282540 0.235454 0.372408 0.251061 0.365461 0.219846 0.379355 0.251061 0.365461 0.283438 0.389153 0.290033 0.480605 0.219846 0.379355 0.210316 0.419941 0.236493 0.495959
9 0.222149 0.282510 0.235942 0.372400 0.251502 0.365377 0.220383 0.379423 0.251502 0.365377 0.284358 0.390223 0.289892 0.480186 0.220383 0.379423 0.211569 0.419941 0.238130 0.495110
10 0.222199 0.282578 0.235922 0.372529 0.251482 0.365427 0.220361 0.379630 0.251482 0.365427 0.282071 0.391560 0.289564 0.481798 0.220361 0.379630 0.215847 0.422502 0.243402 0.495374
11 0.222182 0.282601 0.235931 0.372543 0.251495 0.365485 0.220367 0.379601 0.251495 0.365485 0.281116 0.391856 0.289034 0.482398 0.220367 0.379601 0.215654 0.422313 0.242728 0.498928
12 0.222147 0.282463 0.235640 0.372582 0.251168 0.365535 0.220112 0.379629 0.251168 0.365535 0.281141 0.386676 0.289384 0.481556 0.220112 0.379629 0.214159 0.416609 0.240483 0.493019
13 0.222132 0.282495 0.235656 0.372629 0.251195 0.365579 0.220117 0.379678 0.251195 0.365579 0.281370 0.388887 0.289408 0.482036 0.220117 0.379678 0.214366 0.420158 0.240377 0.493161
14 0.222151 0.282384 0.235366 0.372598 0.251106 0.365601 0.219626 0.379595 0.251106 0.365601 0.281565 0.388907 0.289596 0.482130 0.219626 0.379595 0.214064 0.425568 0.240283 0.505222
15 0.222145 0.282519 0.235372 0.372616 0.251099 0.365633 0.219645 0.379598 0.251099 0.365633 0.281482 0.388994 0.289377 0.482585 0.219645 0.379598 0.213446 0.425115 0.238958 0.504377
16 0.222147 0.282546 0.235442 0.372634 0.251174 0.365663 0.219709 0.379605 0.251174 0.365663 0.281936 0.390779 0.289260 0.482494 0.219709 0.379605 0.213715 0.425616 0.239003 0.504126
17 0.222150 0.282522 0.235401 0.372539 0.251135 0.365604 0.219666 0.379474 0.251135 0.365604 0.281892 0.390686 0.289243 0.482501 0.219666 0.379474 0.214653 0.425378 0.240335 0.503059
18 0.222196 0.282540 0.235423 0.372546 0.251176 0.365624 0.219671 0.379469 0.251176 0.365624 0.281777 0.387676 0.289246 0.481934 0.219671 0.379469 0.213773 0.420132 0.239717 0.497257
19 0.222220 0.282469 0.236088 0.372304 0.251653 0.365372 0.220523 0.379235 0.251653 0.365372 0.282719 0.387436 0.289391 0.482071 0.220523 0.379235 0.213247 0.419888 0.239140 0.497879
20 0.222245 0.282417 0.236252 0.371321 0.251865 0.364537 0.220640 0.378104 0.251865 0.364537 0.282719 0.390133 0.289344 0.482553 0.220640 0.378104 0.213376 0.419859 0.239285 0.497916
21 0.222263 0.282417 0.236192 0.372204 0.251864 0.365200 0.220520 0.379207 0.251864 0.365200 0.283018 0.389040 0.289218 0.480381 0.220520 0.379207 0.213271 0.419874 0.239365 0.497538
22 0.222312 0.282661 0.236179 0.372415 0.251877 0.365463 0.220481 0.379367 0.251877 0.365463 0.282883 0.387706 0.289369 0.480948 0.220481 0.379367 0.212101 0.420052 0.239369 0.499770
23 0.222323 0.282658 0.236106 0.372671 0.251874 0.365640 0.220337 0.379702 0.251874 0.365640 0.283836 0.388539 0.289729 0.479178 0.220337 0.379702 0.212079 0.424230 0.238615 0.502457
24 0.222308 0.282708 0.235985 0.372341 0.251666 0.365353 0.220304 0.379328 0.251666 0.365353 0.284032 0.388432 0.289642 0.479252 0.220304 0.379328 0.212446 0.425293 0.238621 0.503643
25 0.222256 0.282862 0.235982 0.374398 0.251689 0.367152 0.220275 0.381644 0.251689 0.367152 0.284019 0.388594 0.289343 0.481067 0.220275 0.381644 0.212986 0.425004 0.239683 0.503207
26 0.221985 0.283092 0.235952 0.374176 0.251610 0.366800 0.220293 0.381553 0.251610 0.366800 0.284034 0.389193 0.289328 0.480416 0.220293 0.381553 0.213522 0.425528 0.240429 0.504603
27 0.221825 0.283189 0.236254 0.373742 0.251953 0.366385 0.220555 0.381099 0.251953 0.366385 0.283903 0.392035 0.289560 0.481631 0.220555 0.381099 0.214040 0.420902 0.238821 0.489509
28 0.221522 0.283165 0.236285 0.373745 0.251980 0.366376 0.220589 0.381114 0.251980 0.366376 0.284054 0.392214 0.289572 0.482128 0.220589 0.381114 0.217053 0.422554 0.242362 0.491931
29 0.221226 0.282466 0.236303 0.373530 0.252068 0.365938 0.220537 0.381121 0.252068 0.365938 0.285282 0.392589 0.289699 0.483429 0.220537 0.381121 0.218179 0.422890 0.242298 0.492977
30 0.220696 0.280798 0.236240 0.374609 0.252076 0.366686 0.220403 0.382532 0.252076 0.366686 0.284371 0.390305 0.289669 0.483530 0.220403 0.382532 0.221662 0.427158 0.244929 0.495818
31 0.220385 0.278589 0.236392 0.374488 0.252384 0.366467 0.220401 0.382509 0.252384 0.366467 0.284628 0.391258 0.289669 0.484001 0.220401 0.382509 0.222101 0.422358 0.247151 0.496187
32 0.219785 0.277762 0.236903 0.375023 0.253050 0.366461 0.220756 0.383585 0.253050 0.366461 0.284708 0.391636 0.290122 0.484630 0.220756 0.383585 0.222941 0.425437 0.247044 0.502536
33 0.219332 0.277152 0.237068 0.375441 0.253414 0.366710 0.220722 0.384173 0.253414 0.366710 0.287137 0.395853 0.290402 0.485327 0.220722 0.384173 0.223752 0.445924 0.246483 0.512216
34 0.218778 0.276679 0.236931 0.375916 0.253619 0.366796 0.220244 0.385036 0.253619 0.366796 0.287029 0.397299 0.290528 0.486407 0.220244 0.385036 0.223294 0.446554 0.246730 0.511675
35 0.218055 0.276268 0.235772 0.375503 0.253414 0.366651 0.218129 0.384355 0.253414 0.366651 0.286891 0.397363 0.290499 0.487395 0.218129 0.384355 0.212977 0.439614 0.238988 0.509780
36 0.217437 0.275240 0.235534 0.375534 0.253181 0.366728 0.217886 0.384341 0.253181 0.366728 0.287069 0.399161 0.290493 0.488195 0.217886 0.384341 0.217312 0.457830 0.239645 0.516194
37 0.216563 0.274627 0.235359 0.375825 0.252846 0.366913 0.217872 0.384738 0.252846 0.366913 0.288556 0.398781 0.291216 0.488168 0.217872 0.384738 0.217378 0.458014 0.239939 0.518247
38 0.216381 0.274204 0.235120 0.375999 0.252544 0.367158 0.217696 0.384840 0.252544 0.367158 0.288380 0.398353 0.289783 0.488104 0.217696 0.384840 0.221112 0.456461 0.240967 0.517901
39 0.216163 0.273968 0.235013 0.375609 0.252579 0.366848 0.217446 0.384369 0.252579 0.366848 0.288000 0.398516 0.289025 0.488115 0.217446 0.384369 0.220286 0.451990 0.241058 0.516137
40 0.216144 0.273740 0.234794 0.374303 0.252540 0.365446 0.217047 0.383161 0.252540 0.365446 0.287928 0.397258 0.288431 0.488473 0.217047 0.383161 0.221115 0.453139 0.241136 0.515319
41 0.216091 0.273715 0.234653 0.374349 0.252505 0.365522 0.216800 0.383176 0.252505 0.365522 0.286814 0.395965 0.287615 0.488955 0.216800 0.383176 0.221382 0.453551 0.241391 0.515410
42 0.216416 0.273727 0.234170 0.374105 0.252332 0.365523 0.216009 0.382687 0.252332 0.365523 0.284153 0.394123 0.286605 0.488844 0.216009 0.382687 0.220700 0.444405 0.241512 0.515220
43 0.217469 0.274469 0.234120 0.374538 0.252427 0.366292 0.215812 0.382783 0.252427 0.366292 0.284289 0.394462 0.286438 0.489735 0.215812 0.382783 0.213210 0.439771 0.236015 0.509833
44 0.218566 0.276317 0.234048 0.375199 0.252434 0.367360 0.215661 0.383037 0.252434 0.367360 0.283076 0.393994 0.285516 0.490629 0.215661 0.383037 0.213063 0.427451 0.237027 0.510070
45 0.220363 0.278841 0.234855 0.377410 0.252974 0.369771 0.216737 0.385050 0.252974 0.369771 0.283190 0.408273 0.285350 0.492634 0.216737 0.385050 0.224287 0.450590 0.238983 0.518499
46 0.222552 0.282020 0.235196 0.378664 0.253291 0.370673 0.217102 0.386654 0.253291 0.370673 0.282732 0.406858 0.285354 0.493031 0.217102 0.386654 0.223391 0.449606 0.238184 0.517451
47 0.224580 0.284465 0.235811 0.379289 0.253577 0.371296 0.218046 0.387282 0.253577 0.371296 0.282524 0.408972 0.285172 0.494185 0.218046 0.387282 0.224291 0.451657 0.238397 0.520130
48 0.225574 0.288450 0.236526 0.380422 0.253983 0.372207 0.219068 0.388636 0.253983 0.372207 0.282419 0.412847 0.284751 0.496238 0.219068 0.388636 0.225849 0.451853 0.238419 0.520567
49 0.227116 0.292916 0.236936 0.380209 0.254216 0.371949 0.219656 0.388469 0.254216 0.371949 0.284160 0.418416 0.284790 0.497276 0.219656 0.388469 0.226922 0.452798 0.238588 0.522143
50 0.229287 0.296084 0.238043 0.380039 0.255524 0.371782 0.220562 0.388296 0.255524 0.371782 0.284828 0.425954 0.284836 0.499205 0.220562 0.388296 0.228829 0.456652 0.241327 0.525790
51 0.231576 0.297083 0.238506 0.378178 0.256162 0.370952 0.220850 0.385404 0.256162 0.370952 0.284266 0.429351 0.284551 0.500990 0.220850 0.385404 0.230038 0.455645 0.241389 0.525162
52 0.232913 0.295780 0.239364 0.377632 0.256673 0.370902 0.222054 0.384362 0.256673 0.370902 0.284930 0.427041 0.284629 0.500575 0.222054 0.384362 0.230962 0.455755 0.242087 0.529280
53 0.233588 0.294654 0.239790 0.375619 0.257484 0.369795 0.222097 0.381443 0.257484 0.369795 0.284945 0.429120 0.284672 0.502250 0.222097 0.381443 0.231263 0.455132 0.241922 0.527838
54 0.234198 0.292830 0.239673 0.371351 0.257439 0.364956 0.221907 0.377745 0.257439 0.364956 0.284957 0.425468 0.284705 0.502742 0.221907 0.377745 0.230325 0.452728 0.242297 0.527558
55 0.234835 0.281740 0.239539 0.366408 0.257253 0.360654 0.221825 0.372163 0.257253 0.360654 0.285478 0.418942 0.284750 0.502195 0.221825 0.372163 0.227294 0.441438 0.241632 0.522277
56 0.234747 0.269555 0.239591 0.359130 0.257106 0.353904 0.222076 0.364355 0.257106 0.353904 0.283908 0.418584 0.283653 0.502159 0.222076 0.364355 0.228378 0.433904 0.240487 0.515352
57 0.235337 0.255219 0.239924 0.353016 0.257020 0.347626 0.222828 0.358407 0.257020 0.347626 0.283887 0.416536 0.283255 0.501885 0.222828 0.358407 0.230792 0.430146 0.242696 0.514974
58 0.236379 0.242832 0.239898 0.343300 0.256928 0.338749 0.222868 0.347850 0.256928 0.338749 0.281055 0.414949 0.283285 0.501245 0.222868 0.347850 0.230707 0.427542 0.243652 0.512550
59 0.237700 0.231279 0.240475 0.337963 0.257293 0.333840 0.223656 0.342086 0.257293 0.333840 0.279977 0.413477 0.283027 0.499665 0.223656 0.342086 0.233566 0.422774 0.245241 0.506449
60 0.238940 0.218782 0.241199 0.332877 0.258092 0.329124 0.224306 0.336630 0.258092 0.329124 0.280050 0.413098 0.282400 0.497378 0.224306 0.336630 0.234465 0.422167 0.245113 0.504557
61 0.240428 0.205470 0.242752 0.329292 0.259761 0.325967 0.225744 0.332617 0.259761 0.325967 0.279656 0.413284 0.281541 0.497211 0.225744 0.332617 0.238095 0.420925 0.245822 0.502225
62 0.243189 0.194495 0.245627 0.325691 0.263141 0.322302 0.228112 0.329081 0.263141 0.322302 0.279984 0.412304 0.281643 0.496602 0.228112 0.329081 0.239663 0.418763 0.245596 0.505158
63 0.245600 0.185636 0.248136 0.325946 0.266235 0.322079 0.230038 0.329814 0.266235 0.322079 0.280192 0.411586 0.281794 0.494068 0.230038 0.329814 0.241119 0.419709 0.245853 0.506630
64 0.247550 0.178629 0.252177 0.322458 0.270356 0.318160 0.233998 0.326757 0.270356 0.318160 0.280501 0.411789 0.282142 0.493751 0.233998 0.326757 0.245911 0.417551 0.249130 0.502617
65 0.250423 0.175529 0.257911 0.321932 0.275409 0.316583 0.240414 0.327282 0.275409 0.316583 0.281853 0.411836 0.283014 0.493203 0.240414 0.327282 0.251245 0.417302 0.252727 0.498659
66 0.253622 0.174144 0.261916 0.323917 0.279753 0.318999 0.244080 0.328836 0.279753 0.318999 0.283876 0.412817 0.284483 0.493444 0.244080 0.328836 0.253393 0.419103 0.253549 0.500892
67 0.255329 0.173556 0.266144 0.322675 0.283989 0.318044 0.248299 0.327306 0.283989 0.318044 0.285512 0.413450 0.285340 0.494467 0.248299 0.327306 0.257263 0.418553 0.255614 0.501070
68 0.257694 0.172651 0.269297 0.322290 0.286232 0.317667 0.252362 0.326913 0.286232 0.317667 0.286738 0.414776 0.286649 0.497152 0.252362 0.326913 0.262467 0.419407 0.263077 0.505850
69 0.260517 0.173270 0.274969 0.322794 0.291299 0.318041 0.258639 0.327546 0.291299 0.318041 0.289840 0.415604 0.287281 0.503453 0.258639 0.327546 0.268967 0.418947 0.269289 0.506395
70 0.263962 0.175307 0.280311 0.324217 0.297499 0.319218 0.263123 0.329215 0.297499 0.319218 0.293466 0.426124 0.291762 0.523275 0.263123 0.329215 0.277411 0.429811 0.282263 0.536093
71 0.267328 0.179934 0.284446 0.328397 0.301691 0.322646 0.267200 0.334147 0.301691 0.322646 0.299961 0.426672 0.291021 0.509479 0.267200 0.334147 0.285232 0.433862 0.305688 0.542927
72 0.270472 0.182859 0.287173 0.336498 0.304596 0.330733 0.269750 0.342263 0.304596 0.330733 0.304456 0.430938 0.298276 0.490273 0.269750 0.342263 0.287303 0.443060 0.315190 0.550115
73 0.274178 0.186256 0.289390 0.345343 0.305938 0.341210 0.272841 0.349476 0.305938 0.341210 0.300731 0.436839 0.300928 0.491078 0.272841 0.349476 0.289668 0.448759 0.320811 0.558466
74 0.277067 0.191316 0.294077 0.349798 0.310370 0.344224 0.277784 0.355373 0.310370 0.344224 0.303417 0.433869 0.299806 0.450511 0.277784 0.355373 0.295928 0.456274 0.324940 0.562732
75 0.279803 0.195210 0.296817 0.350796 0.313641 0.345312 0.279993 0.356279 0.313641 0.345312 0.307742 0.438004 0.299366 0.467849 0.279993 0.356279 0.298649 0.458798 0.325651 0.564691
76 0.282919 0.196598 0.300592 0.352447 0.316621 0.347657 0.284562 0.357236 0.316621 0.347657 0.312803 0.442258 0.301523 0.474259 0.284562 0.357236 0.299713 0.461623 0.323965 0.565556
77 0.286066 0.196682 0.302783 0.351587 0.319235 0.347413 0.286331 0.355760 0.319235 0.347413 0.316365 0.445225 0.300573 0.495322 0.286331 0.355760 0.303828 0.461748 0.325523 0.566282
78 0.289810 0.196089 0.305093 0.351812 0.322077 0.348039 0.288110 0.355586 0.322077 0.348039 0.323109 0.450773 0.302623 0.502710 0.288110 0.355586 0.305209 0.463814 0.325966 0.561753
79 0.293664 0.196352 0.310505 0.351720 0.326881 0.347073 0.294130 0.356367 0.326881 0.347073 0.338135 0.447208 0.310921 0.467849 0.294130 0.356367 0.309967 0.465185 0.327435 0.562739
80 0.298133 0.197936 0.316192 0.354621 0.332877 0.349534 0.299506 0.359709 0.332877 0.349534 0.350702 0.446245 0.319772 0.500571 0.299506 0.359709 0.311385 0.468076 0.328821 0.560402
81 0.301479 0.197919 0.322761 0.358613 0.338090 0.352990 0.307432 0.364236 0.338090 0.352990 0.358703 0.447441 0.339576 0.528384 0.307432 0.364236 0.315555 0.471116 0.328495 0.563680
82 0.305750 0.199198 0.326554 0.365275 0.343311 0.360003 0.309796 0.370547 0.343311 0.360003 0.363989 0.455103 0.359367 0.548400 0.309796 0.370547 0.319682 0.474224 0.330160 0.568291
83 0.311353 0.202530 0.331361 0.371860 0.347609 0.368375 0.315112 0.375345 0.347609 0.368375 0.370328 0.464497 0.377770 0.565524 0.315112 0.375345 0.323514 0.478009 0.329802 0.570226
84 0.316400 0.204027 0.334396 0.372631 0.349973 0.369233 0.318818 0.376029 0.349973 0.369233 0.375202 0.470652 0.396223 0.578766 0.318818 0.376029 0.325873 0.476968 0.329681 0.570793
85 0.322338 0.207291 0.339923 0.378372 0.354620 0.374765 0.325227 0.381979 0.354620 0.374765 0.378395 0.477741 0.408115 0.587056 0.325227 0.381979 0.329500 0.479116 0.329095 0.570380
86 0.328281 0.212209 0.343843 0.384120 0.358310 0.380049 0.329376 0.388192 0.358310 0.380049 0.383426 0.486763 0.413572 0.596187 0.329376 0.388192 0.333999 0.487972 0.329120 0.572538
87 0.335156 0.213621 0.348917 0.385071 0.362203 0.382017 0.335632 0.388125 0.362203 0.382017 0.383990 0.487796 0.412036 0.602507 0.335632 0.388125 0.340202 0.494301 0.329395 0.574508
88 0.343599 0.213908 0.355258 0.386522 0.369433 0.383944 0.341084 0.389099 0.369433 0.383944 0.391844 0.494560 0.411099 0.606014 0.341084 0.389099 0.338069 0.488616 0.328814 0.573660
89 0.350947 0.213724 0.361407 0.388164 0.376728 0.385892 0.346086 0.390437 0.376728 0.385892 0.395587 0.494943 0.410175 0.605819 0.346086 0.390437 0.342496 0.487457 0.328929 0.573102
90 0.356275 0.213011 0.369159 0.388083 0.385534 0.385454 0.352785 0.390712 0.385534 0.385454 0.401533 0.494153 0.411352 0.605907 0.352785 0.390712 0.353335 0.492086 0.330568 0.566918
91 0.364742 0.212870 0.380681 0.387751 0.396297 0.384519 0.365066 0.390982 0.396297 0.384519 0.407211 0.492252 0.411161 0.604718 0.365066 0.390982 0.368476 0.494826 0.337923 0.558210
92 0.371468 0.212773 0.392417 0.388761 0.406194 0.384647 0.378639 0.392874 0.406194 0.384647 0.408059 0.490160 0.412834 0.603055 0.378639 0.392874 0.391293 0.493353 0.351370 0.554769
93 0.378092 0.212477 0.399936 0.389349 0.413160 0.384863 0.386711 0.393835 0.413160 0.384863 0.412559 0.489658 0.409303 0.598162 0.386711 0.393835 0.399715 0.496755 0.373600 0.560870
94 0.384668 0.212188 0.404138 0.388902 0.417128 0.384823 0.391147 0.392980 0.417128 0.384823 0.412356 0.491831 0.405809 0.595818 0.391147 0.392980 0.409242 0.499980 0.398925 0.589244
95 0.390827 0.212575 0.408882 0.390505 0.423021 0.386264 0.394743 0.394746 0.423021 0.386264 0.419923 0.492738 0.407796 0.598581 0.394743 0.394746 0.411814 0.501402 0.404116 0.604426
96 0.397914 0.215221 0.416471 0.393804 0.430950 0.389043 0.401991 0.398565 0.430950 0.389043 0.426691 0.497661 0.414137 0.598553 0.401991 0.398565 0.419372 0.506381 0.412701 0.611625
97 0.404641 0.217994 0.421158 0.394832 0.435707 0.389255 0.406608 0.400409 0.435707 0.389255 0.427742 0.499767 0.416981 0.604134 0.406608 0.400409 0.429369 0.510714 0.425862 0.621257
98 0.410118 0.220867 0.426711 0.395301 0.440126 0.389283 0.413296 0.401320 0.440126 0.389283 0.427001 0.501702 0.417148 0.603595 0.413296 0.401320 0.442526 0.515596 0.455228 0.635409
99 0.415906 0.226406 0.433725 0.400530 0.446255 0.394017 0.421196 0.407044 0.446255 0.394017 0.430123 0.505015 0.420135 0.603019 0.421196 0.407044 0.451390 0.525463 0.477737 0.653311
100 0.422653 0.231490 0.439803 0.409350 0.452140 0.402099 0.427466 0.416601 0.452140 0.402099 0.434872 0.511561 0.420140 0.605976 0.427466 0.416601 0.459137 0.537081 0.486306 0.660810
101 0.429503 0.239194 0.448521 0.417426 0.460659 0.409545 0.436382 0.425308 0.460659 0.409545 0.441715 0.517753 0.420103 0.605718 0.436382 0.425308 0.465489 0.546534 0.488846 0.662153
102 0.435968 0.240907 0.456215 0.419299 0.468182 0.412001 0.444247 0.426597 0.468182 0.412001 0.447581 0.520325 0.421027 0.604848 0.444247 0.426597 0.472424 0.546246 0.492216 0.667931
103 0.442401 0.242471 0.464374 0.419672 0.476811 0.413123 0.451938 0.426222 0.476811 0.413123 0.457273 0.520996 0.427243 0.604291 0.451938 0.426222 0.477368 0.543432 0.487223 0.664635
104 0.449289 0.245840 0.473106 0.424444 0.485925 0.417294 0.460286 0.431594 0.485925 0.417294 0.474040 0.524959 0.438124 0.601636 0.460286 0.431594 0.482454 0.546892 0.486070 0.658650
105 0.455694 0.248214 0.482980 0.428972 0.495737 0.423053 0.470223 0.434892 0.495737 0.423053 0.485276 0.529290 0.446386 0.593061 0.470223 0.434892 0.486107 0.550680 0.487837 0.659626
106 0.461335 0.250894 0.489277 0.433088 0.503053 0.427535 0.475500 0.438640 0.503053 0.427535 0.503231 0.528343 0.459234 0.591955 0.475500 0.438640 0.490354 0.552647 0.488234 0.663303
107 0.466304 0.254262 0.492996 0.438280 0.507403 0.431141 0.478590 0.445419 0.507403 0.431141 0.523141 0.527819 0.475338 0.596632 0.478590 0.445419 0.490675 0.556848 0.486226 0.662950
108 0.472056 0.256976 0.496848 0.443489 0.511864 0.437313 0.481832 0.449665 0.511864 0.437313 0.532551 0.530961 0.492639 0.622111 0.481832 0.449665 0.492286 0.555264 0.489244 0.663601
109 0.478109 0.257060 0.500749 0.444427 0.515773 0.439855 0.485725 0.448999 0.515773 0.439855 0.540674 0.537969 0.513983 0.644616 0.485725 0.448999 0.498499 0.556432 0.492157 0.666941
110 0.484950 0.259003 0.505042 0.449601 0.512313 0.444775 0.497772 0.454427 0.512313 0.444775 0.535226 0.542863 0.536449 0.664579 0.497772 0.454427 0.501550 0.560220 0.496173 0.671833
111 0.492608 0.261208 0.510321 0.455187 0.519134 0.450824 0.501509 0.459549 0.519134 0.450824 0.541927 0.552102 0.562790 0.679555 0.501509 0.459549 0.501914 0.563840 0.492625 0.671375
112 0.499854 0.263709 0.515977 0.457102 0.522267 0.453177 0.509687 0.461026 0.522267 0.453177 0.524852 0.557862 0.558962 0.668557 0.509687 0.461026 0.534442 0.563660 0.577513 0.692371
113 0.507342 0.267971 0.521369 0.464270 0.525068 0.460098 0.517670 0.468442 0.525068 0.460098 0.521411 0.566056 0.540018 0.668403 0.517670 0.468442 0.542344 0.572914 0.589500 0.706956
114 0.515991 0.269387 0.528921 0.466207 0.533605 0.461981 0.524237 0.470433 0.533605 0.461981 0.524134 0.564672 0.530470 0.665844 0.524237 0.470433 0.549940 0.573463 0.590621 0.712481
115 0.523948 0.270163 0.537461 0.468082 0.543287 0.464125 0.531636 0.472039 0.543287 0.464125 0.528999 0.567116 0.515528 0.663642 0.531636 0.472039 0.553811 0.575376 0.587819 0.713575
116 0.532710 0.270804 0.544013 0.464260 0.551894 0.460395 0.536132 0.468126 0.551894 0.460395 0.538567 0.565996 0.505421 0.662523 0.536132 0.468126 0.561368 0.573442 0.582713 0.707384
117 0.541161 0.270311 0.552763 0.463489 0.563221 0.459161 0.542306 0.467817 0.563221 0.459161 0.545511 0.570950 0.501434 0.660727 0.542306 0.467817 0.572768 0.577336 0.585635 0.711207
118 0.548444 0.270228 0.561032 0.463996 0.573059 0.459512 0.549005 0.468481 0.573059 0.459512 0.557928 0.575540 0.507612 0.660042 0.549005 0.468481 0.577720 0.584432 0.588292 0.716886
119 0.554961 0.271514 0.567792 0.463785 0.580810 0.459032 0.554774 0.468539 0.580810 0.459032 0.567947 0.576202 0.523442 0.661557 0.554774 0.468539 0.579372 0.588037 0.586852 0.715723
120 0.561217 0.272767 0.575413 0.466435 0.586751 0.461339 0.564074 0.471530 0.586751 0.461339 0.573227 0.580496 0.541854 0.675356 0.564074 0.471530 0.582471 0.591147 0.584851 0.714245
121 0.567881 0.274512 0.582029 0.472875 0.593299 0.469081 0.570759 0.476670 0.593299 0.469081 0.579396 0.582149 0.554861 0.685434 0.570759 0.476670 0.585150 0.596004 0.580855 0.713694
122 0.575009 0.275862 0.586557 0.478698 0.598403 0.475738 0.574711 0.481657 0.598403 0.475738 0.588512 0.589555 0.572400 0.695322 0.574711 0.481657 0.589623 0.599669 0.577990 0.713124
123 0.582521 0.277338 0.595051 0.486296 0.607274 0.482623 0.582828 0.489970 0.607274 0.482623 0.602075 0.600386 0.587086 0.702082 0.582828 0.489970 0.593125 0.613765 0.584201 0.747780
124 0.588630 0.280429 0.599573 0.486651 0.614831 0.482324 0.584315 0.490978 0.614831 0.482324 0.599824 0.604178 0.586653 0.711183 0.584315 0.490978 0.601857 0.613136 0.595495 0.735937
125 0.594599 0.285998 0.602769 0.496664 0.620016 0.492463 0.585522 0.500864 0.620016 0.492463 0.600001 0.635732 0.592578 0.759913 0.585522 0.500864 0.606330 0.632336 0.606717 0.767040
126 0.599465 0.289585 0.607035 0.497655 0.624414 0.492448 0.589656 0.502862 0.624414 0.492448 0.604997 0.627433 0.590674 0.742648 0.589656 0.502862 0.609759 0.626231 0.601955 0.750133
127 0.606129 0.293705 0.612558 0.501218 0.630404 0.495848 0.594712 0.506587 0.630404 0.495848 0.612065 0.625364 0.591205 0.728858 0.594712 0.506587 0.611578 0.631884 0.601749 0.745240
128 0.611502 0.299341 0.619963 0.508184 0.639016 0.502654 0.600911 0.513715 0.639016 0.502654 0.623558 0.627026 0.592822 0.745631 0.600911 0.513715 0.615165 0.641708 0.618150 0.772856
129 0.616931 0.305363 0.628436 0.513547 0.647526 0.508133 0.609347 0.518961 0.647526 0.508133 0.631490 0.629403 0.602723 0.739317 0.609347 0.518961 0.618658 0.644562 0.612112 0.764006
130 -1 -1 -1 -1 -1 -1 -1 -1 -1 -1 -1 -1 -1 -1 -1 -1 -1 -1 -1 -1
131 -1 -1 -1 -1 -1 -1 -1 -1 -1 -1 -1 -1 -1 -1 -1 -1 -1 -1 -1 -1
132 -1 -1 -1 -1 -1 -1 -1 -1 -1 -1 -1 -1 -1 -1 -1 -1 -1 -1 -1 -1
133 -1 -1 -1 -1 -1 -1 -1 -1 -1 -1 -1 -1 -1 -1 -1 -1 -1 -1 -1 -1
134 -1 -1 -1 -1 -1 -1 -1 -1 -1 -1 -1 -1 -1 -1 -1 -1 -1 -1 -1 -1
135 -1 -1 -1 -1 -1 -1 -1 -1 -1 -1 -1 -1 -1 -1 -1 -1 -1 -1 -1 -1
136 -1 -1 -1 -1 -1 -1 -1 -1 -1 -1 -1 -1 -1 -1 -1 -1 -1 -1 -1 -1
137 -1 -1 -1 -1 -1 -1 -1 -1 -1 -1 -1 -1 -1 -1 -1 -1 -1 -1 -1 -1
138 -1 -1 -1 -1 -1 -1 -1 -1 -1 -1 -1 -1 -1 -1 -1 -1 -1 -1 -1 -1
139 -1 -1 -1 -1 -1 -1 -1 -1 -1 -1 -1 -1 -1 -1 -1 -1 -1 -1 -1 -1
140 -1 -1 -1 -1 -1 -1 -1 -1 -1 -1 -1 -1 -1 -1 -1 -1 -1 -1 -1 -1
141 -1 -1 -1 -1 -1 -1 -1 -1 -1 -1 -1 -1 -1 -1 -1 -1 -1 -1 -1 -1
142 -1 -1 -1 -1 -1 -1 -1 -1 -1 -1 -1 -1 -1 -1 -1 -1 -1 -1 -1 -1
143 -1 -1 -1 -1 -1 -1 -1 -1 -1 -1 -1 -1 -1 -1 -1 -1 -1 -1 -1 -1
144 -1 -1 -1 -1 -1 -1 -1 -1 -1 -1 -1 -1 -1 -1 -1 -1 -1 -1 -1 -1
145 -1 -1 -1 -1 -1 -1 -1 -1 -1 -1 -1 -1 -1 -1 -1 -1 -1 -1 -1 -1
146 -1 -1 -1 -1 -1 -1 -1 -1 -1 -1 -1 -1 -1 -1 -1 -1 -1 -1 -1 -1
147 -1 -1 -1 -1 -1 -1 -1 -1 -1 -1 -1 -1 -1 -1 -1 -1 -1 -1 -1 -1
148 -1 -1 -1 -1 -1 -1 -1 -1 -1 -1 -1 -1 -1 -1 -1 -1 -1 -1 -1 -1
149 -1 -1 -1 -1 -1 -1 -1 -1 -1 -1 -1 -1 -1 -1 -1 -1 -1 -1 -1 -1
150 -1 -1 -1 -1 -1 -1 -1 -1 -1 -1 -1 -1 -1 -1 -1 -1 -1 -1 -1 -1
151 -1 -1 -1 -1 -1 -1 -1 -1 -1 -1 -1 -1 -1 -1 -1 -1 -1 -1 -1 -1
152 -1 -1 -1 -1 -1 -1 -1 -1 -1 -1 -1 -1 -1 -1 -1 -1 -1 -1 -1 -1
153 -1 -1 -1 -1 -1 -1 -1 -1 -1 -1 -1 -1 -1 -1 -1 -1 -1 -1 -1 -1
154 -1 -1 -1 -1 -1 -1 -1 -1 -1 -1 -1 -1 -1 -1 -1 -1 -1 -1 -1 -1
155 -1 -1 -1 -1 -1 -1 -1 -1 -1 -1 -1 -1 -1 -1 -1 -1 -1 -1 -1 -1
156 -1 -1 -1 -1 -1 -1 -1 -1 -1 -1 -1 -1 -1 -1 -1 -1 -1 -1 -1 -1
157 -1 -1 -1 -1 -1 -1 -1 -1 -1 -1 -1 -1 -1 -1 -1 -1 -1 -1 -1 -1
158 -1 -1 -1 -1 -1 -1 -1 -1 -1 -1 -1 -1 -1 -1 -1 -1 -1 -1 -1 -1
159 -1 -1 -1 -1 -1 -1 -1 -1 -1 -1 -1 -1 -1 -1 -1 -1 -1 -1 -1 -1
160 -1 -1 -1 -1 -1 -1 -1 -1 -1 -1 -1 -1 -1 -1 -1 -1 -1 -1 -1 -1
161 -1 -1 -1 -1 -1 -1 -1 -1 -1 -1 -1 -1 -1 -1 -1 -1 -1 -1 -1 -1
162 -1 -1 -1 -1 -1 -1 -1 -1 -1 -1 -1 -1 -1 -1 -1 -1 -1 -1 -1 -1
163 -1 -1 -1 -1 -1 -1 -1 -1 -1 -1 -1 -1 -1 -1 -1 -1 -1 -1 -1 -1
164 -1 -1 -1 -1 -1 -1 -1 -1 -1 -1 -1 -1 -1 -1 -1 -1 -1 -1 -1 -1
165 -1 -1 -1 -1 -1 -1 -1 -1 -1 -1 -1 -1 -1 -1 -1 -1 -1 -1 -1 -1
166 -1 -1 -1 -1 -1 -1 -1 -1 -1 -1 -1 -1 -1 -1 -1 -1 -1 -1 -1 -1
167 -1 -1 -1 -1 -1 -1 -1 -1 -1 -1 -1 -1 -1 -1 -1 -1 -1 -1 -1 -1
168 -1 -1 -1 -1 -1 -1 -1 -1 -1 -1 -1 -1 -1 -1 -1 -1 -1 -1 -1 -1
169 -1 -1 -1 -1 -1 -1 -1 -1 -1 -1 -1 -1 -1 -1 -1 -1 -1 -1 -1 -1
170 -1 -1 -1 -1 -1 -1 -1 -1 -1 -1 -1 -1 -1 -1 -1 -1 -1 -1 -1 -1
171 -1 -1 -1 -1 -1 -1 -1 -1 -1 -1 -1 -1 -1 -1 -1 -1 -1 -1 -1 -1
172 -1 -1 -1 -1 -1 -1 -1 -1 -1 -1 -1 -1 -1 -1 -1 -1 -1 -1 -1 -1
173 -1 -1 -1 -1 -1 -1 -1 -1 -1 -1 -1 -1 -1 -1 -1 -1 -1 -1 -1 -1
174 -1 -1 -1 -1 -1 -1 -1 -1 -1 -1 -1 -1 -1 -1 -1 -1 -1 -1 -1 -1
175 -1 -1 -1 -1 -1 -1 -1 -1 -1 -1 -1 -1 -1 -1 -1 -1 -1 -1 -1 -1
176 -1 -1 -1 -1 -1 -1 -1 -1 -1 -1 -1 -1 -1 -1 -1 -1 -1 -1 -1 -1
177 -1 -1 -1 -1 -1 -1 -1 -1 -1 -1 -1 -1 -1 -1 -1 -1 -1 -1 -1 -1
178 -1 -1 -1 -1 -1 -1 -1 -1 -1 -1 -1 -1 -1 -1 -1 -1 -1 -1 -1 -1
179 -1 -1 -1 -1 -1 -1 -1 -1 -1 -1 -1 -1 -1 -1 -1 -1 -1 -1 -1 -1
180 -1 -1 -1 -1 -1 -1 -1 -1 -1 -1 -1 -1 -1 -1 -1 -1 -1 -1 -1 -1
181 -1 -1 -1 -1 -1 -1 -1 -1 -1 -1 -1 -1 -1 -1 -1 -1 -1 -1 -1 -1
182 -1 -1 -1 -1 -1 -1 -1 -1 -1 -1 -1 -1 -1 -1 -1 -1 -1 -1 -1 -1
183 -1 -1 -1 -1 -1 -1 -1 -1 -1 -1 -1 -1 -1 -1 -1 -1 -1 -1 -1 -1
184 -1 -1 -1 -1 -1 -1 -1 -1 -1 -1 -1 -1 -1 -1 -1 -1 -1 -1 -1 -1
185 -1 -1 -1 -1 -1 -1 -1 -1 -1 -1 -1 -1 -1 -1 -1 -1 -1 -1 -1 -1
186 -1 -1 -1 -1 -1 -1 -1 -1 -1 -1 -1 -1 -1 -1 -1 -1 -1 -1 -1 -1
187 -1 -1 -1 -1 -1 -1 -1 -1 -1 -1 -1 -1 -1 -1 -1 -1 -1 -1 -1 -1
188 -1 -1 -1 -1 -1 -1 -1 -1 -1 -1 -1 -1 -1 -1 -1 -1 -1 -1 -1 -1
189 -1 -1 -1 -1 -1 -1 -1 -1 -1 -1 -1 -1 -1 -1 -1 -1 -1 -1 -1 -1
190 -1 -1 -1 -1 -1 -1 -1 -1 -1 -1 -1 -1 -1 -1 -1 -1 -1 -1 -1 -1
191 -1 -1 -1 -1 -1 -1 -1 -1 -1 -1 -1 -1 -1 -1 -1 -1 -1 -1 -1 -1
192 -1 -1 -1 -1 -1 -1 -1 -1 -1 -1 -1 -1 -1 -1 -1 -1 -1 -1 -1 -1
193 -1 -1 -1 -1 -1 -1 -1 -1 -1 -1 -1 -1 -1 -1 -1 -1 -1 -1 -1 -1
194 -1 -1 -1 -1 -1 -1 -1 -1 -1 -1 -1 -1 -1 -1 -1 -1 -1 -1 -1 -1
195 -1 -1 -1 -1 -1 -1 -1 -1 -1 -1 -1 -1 -1 -1 -1 -1 -1 -1 -1 -1
196 -1 -1 -1 -1 -1 -1 -1 -1 -1 -1 -1 -1 -1 -1 -1 -1 -1 -1 -1 -1
197 -1 -1 -1 -1 -1 -1 -1 -1 -1 -1 -1 -1 -1 -1 -1 -1 -1 -1 -1 -1
198 -1 -1 -1 -1 -1 -1 -1 -1 -1 -1 -1 -1 -1 -1 -1 -1 -1 -1 -1 -1
199 -1 -1 -1 -1 -1 -1 -1 -1 -1 -1 -1 -1 -1 -1 -1 -1 -1 -1 -1 -1
200 -1 -1 -1 -1 -1 -1 -1 -1 -1 -1 -1 -1 -1 -1 -1 -1 -1 -1 -1 -1
201 -1 -1 -1 -1 -1 -1 -1 -1 -1 -1 -1 -1 -1 -1 -1 -1 -1 -1 -1 -1
202 -1 -1 -1 -1 -1 -1 -1 -1 -1 -1 -1 -1 -1 -1 -1 -1 -1 -1 -1 -1
203 -1 -1 -1 -1 -1 -1 -1 -1 -1 -1 -1 -1 -1 -1 -1 -1 -1 -1 -1 -1
204 -1 -1 -1 -1 -1 -1 -1 -1 -1 -1 -1 -1 -1 -1 -1 -1 -1 -1 -1 -1
205 -1 -1 -1 -1 -1 -1 -1 -1 -1 -1 -1 -1 -1 -1 -1 -1 -1 -1 -1 -1
206 -1 -1 -1 -1 -1 -1 -1 -1 -1 -1 -1 -1 -1 -1 -1 -1 -1 -1 -1 -1
207 -1 -1 -1 -1 -1 -1 -1 -1 -1 -1 -1 -1 -1 -1 -1 -1 -1 -1 -1 -1
208 -1 -1 -1 -1 -1 -1 -1 -1 -1 -1 -1 -1 -1 -1 -1 -1 -1 -1 -1 -1
209 -1 -1 -1 -1 -1 -1 -1 -1 -1 -1 -1 -1 -1 -1 -1 -1 -1 -1 -1 -1
210 -1 -1 -1 -1 -1 -1 -1 -1 -1 -1 -1 -1 -1 -1 -1 -1 -1 -1 -1 -1
211 -1 -1 -1 -1 -1 -1 -1 -1 -1 -1 -1 -1 -1 -1 -1 -1 -1 -1 -1 -1
212 -1 -1 -1 -1 -1 -1 -1 -1 -1 -1 -1 -1 -1 -1 -1 -1 -1 -1 -1 -1
213 -1 -1 -1 -1 -1 -1 -1 -1 -1 -1 -1 -1 -1 -1 -1 -1 -1 -1 -1 -1
214 -1 -1 -1 -1 -1 -1 -1 -1 -1 -1 -1 -1 -1 -1 -1 -1 -1 -1 -1 -1
215 -1 -1 -1 -1 -1 -1 -1 -1 -1 -1 -1 -1 -1 -1 -1 -1 -1 -1 -1 -1
