0
0
0 -1 -1 -1 -1 -1 -1 -1 -1 -1 -1 -1 -1 -1 -1 -1 -1 -1 -1 -1 -1
1 -1 -1 -1 -1 -1 -1 -1 -1 -1 -1 -1 -1 -1 -1 -1 -1 -1 -1 -1 -1
2 -1 -1 -1 -1 -1 -1 -1 -1 -1 -1 -1 -1 -1 -1 -1 -1 -1 -1 -1 -1
3 -1 -1 -1 -1 -1 -1 -1 -1 -1 -1 -1 -1 -1 -1 -1 -1 -1 -1 -1 -1
4 -1 -1 -1 -1 -1 -1 -1 -1 -1 -1 -1 -1 -1 -1 -1 -1 -1 -1 -1 -1
5 -1 -1 -1 -1 -1 -1 -1 -1 -1 -1 -1 -1 -1 -1 -1 -1 -1 -1 -1 -1
6 -1 -1 -1 -1 -1 -1 -1 -1 -1 -1 -1 -1 -1 -1 -1 -1 -1 -1 -1 -1
7 -1 -1 -1 -1 -1 -1 -1 -1 -1 -1 -1 -1 -1 -1 -1 -1 -1 -1 -1 -1
8 -1 -1 -1 -1 -1 -1 -1 -1 -1 -1 -1 -1 -1 -1 -1 -1 -1 -1 -1 -1
9 -1 -1 -1 -1 -1 -1 -1 -1 -1 -1 -1 -1 -1 -1 -1 -1 -1 -1 -1 -1
10 -1 -1 -1 -1 -1 -1 -1 -1 -1 -1 -1 -1 -1 -1 -1 -1 -1 -1 -1 -1
11 -1 -1 -1 -1 -1 -1 -1 -1 -1 -1 -1 -1 -1 -1 -1 -1 -1 -1 -1 -1
12 -1 -1 -1 -1 -1 -1 -1 -1 -1 -1 -1 -1 -1 -1 -1 -1 -1 -1 -1 -1
13 -1 -1 -1 -1 -1 -1 -1 -1 -1 -1 -1 -1 -1 -1 -1 -1 -1 -1 -1 -1
14 -1 -1 -1 -1 -1 -1 -1 -1 -1 -1 -1 -1 -1 -1 -1 -1 -1 -1 -1 -1
15 -1 -1 -1 -1 -1 -1 -1 -1 -1 -1 -1 -1 -1 -1 -1 -1 -1 -1 -1 -1
16 -1 -1 -1 -1 -1 -1 -1 -1 -1 -1 -1 -1 -1 -1 -1 -1 -1 -1 -1 -1
17 -1 -1 -1 -1 -1 -1 -1 -1 -1 -1 -1 -1 -1 -1 -1 -1 -1 -1 -1 -1
18 -1 -1 -1 -1 -1 -1 -1 -1 -1 -1 -1 -1 -1 -1 -1 -1 -1 -1 -1 -1
19 -1 -1 -1 -1 -1 -1 -1 -1 -1 -1 -1 -1 -1 -1 -1 -1 -1 -1 -1 -1
20 -1 -1 -1 -1 -1 -1 -1 -1 -1 -1 -1 -1 -1 -1 -1 -1 -1 -1 -1 -1
21 -1 -1 -1 -1 -1 -1 -1 -1 -1 -1 -1 -1 -1 -1 -1 -1 -1 -1 -1 -1
22 -1 -1 -1 -1 -1 -1 -1 -1 -1 -1 -1 -1 -1 -1 -1 -1 -1 -1 -1 -1
23 -1 -1 -1 -1 -1 -1 -1 -1 -1 -1 -1 -1 -1 -1 -1 -1 -1 -1 -1 -1
24 -1 -1 -1 -1 -1 -1 -1 -1 -1 -1 -1 -1 -1 -1 -1 -1 -1 -1 -1 -1
25 -1 -1 -1 -1 -1 -1 -1 -1 -1 -1 -1 -1 -1 -1 -1 -1 -1 -1 -1 -1
26 -1 -1 -1 -1 -1 -1 -1 -1 -1 -1 -1 -1 -1 -1 -1 -1 -1 -1 -1 -1
27 -1 -1 -1 -1 -1 -1 -1 -1 -1 -1 -1 -1 -1 -1 -1 -1 -1 -1 -1 -1
28 -1 -1 -1 -1 -1 -1 -1 -1 -1 -1 -1 -1 -1 -1 -1 -1 -1 -1 -1 -1
29 -1 -1 -1 -1 -1 -1 -1 -1 -1 -1 -1 -1 -1 -1 -1 -1 -1 -1 -1 -1
30 -1 -1 -1 -1 -1 -1 -1 -1 -1 -1 -1 -1 -1 -1 -1 -1 -1 -1 -1 -1
31 -1 -1 -1 -1 -1 -1 -1 -1 -1 -1 -1 -1 -1 -1 -1 -1 -1 -1 -1 -1
32 -1 -1 -1 -1 -1 -1 -1 -1 -1 -1 -1 -1 -1 -1 -1 -1 -1 -1 -1 -1
33 -1 -1 -1 -1 -1 -1 -1 -1 -1 -1 -1 -1 -1 -1 -1 -1 -1 -1 -1 -1
34 -1 -1 -1 -1 -1 -1 -1 -1 -1 -1 -1 -1 -1 -1 -1 -1 -1 -1 -1 -1
35 -1 -1 -1 -1 -1 -1 -1 -1 -1 -1 -1 -1 -1 -1 -1 -1 -1 -1 -1 -1
36 -1 -1 -1 -1 -1 -1 -1 -1 -1 -1 -1 -1 -1 -1 -1 -1 -1 -1 -1 -1
37 -1 -1 -1 -1 -1 -1 -1 -1 -1 -1 -1 -1 -1 -1 -1 -1 -1 -1 -1 -1
38 -1 -1 -1 -1 -1 -1 -1 -1 -1 -1 -1 -1 -1 -1 -1 -1 -1 -1 -1 -1
39 0.971146 0.351291 0.923923 0.603210 0.922546 0.607454 0.925300 0.598966 0.922546 0.607454 0.909562 0.761432 0.953399 0.928189 0.925300 0.598966 0.881163 0.712222 0.841532 0.824359
40 0.959399 0.350252 0.911095 0.598225 0.909879 0.602697 0.912311 0.593753 0.909879 0.602697 0.913889 0.759469 0.950793 0.914798 0.912311 0.593753 0.871081 0.705668 0.834527 0.819313
41 0.945067 0.343589 0.902291 0.581503 0.899807 0.586632 0.904775 0.576374 0.899807 0.586632 0.863364 0.726820 0.939192 0.899139 0.904775 0.576374 0.862171 0.702876 0.834376 0.816037
42 0.933746 0.332789 0.892417 0.571726 0.890150 0.576383 0.894684 0.567070 0.890150 0.576383 0.844346 0.717150 0.897771 0.857301 0.894684 0.567070 0.850880 0.692565 0.844786 0.822248
43 0.924347 0.318662 0.882377 0.562147 0.878886 0.567299 0.885869 0.556996 0.878886 0.567299 0.826443 0.706469 0.868485 0.836009 0.885869 0.556996 0.837291 0.682623 0.840680 0.807103
44 0.912286 0.309730 0.871252 0.550765 0.869205 0.554122 0.873299 0.547408 0.869205 0.554122 0.812641 0.689402 0.840296 0.823288 0.873299 0.547408 0.836602 0.680685 0.836847 0.796054
45 0.901081 0.303769 0.859885 0.537561 0.856938 0.539393 0.862831 0.535729 0.856938 0.539393 0.794777 0.671305 0.817353 0.819590 0.862831 0.535729 0.835578 0.674434 0.833001 0.804898
46 0.890275 0.303371 0.849543 0.533763 0.846312 0.536985 0.852775 0.530541 0.846312 0.536985 0.778730 0.659046 0.786149 0.814669 0.852775 0.530541 0.832263 0.673130 0.823831 0.807207
47 0.878077 0.299354 0.842171 0.527174 0.837047 0.528473 0.847294 0.525875 0.837047 0.528473 0.770984 0.651804 0.752427 0.793593 0.847294 0.525875 0.831741 0.667541 0.826239 0.805524
48 0.865860 0.299261 0.833478 0.530530 0.826042 0.532168 0.840914 0.528892 0.826042 0.532168 0.763198 0.649991 0.719513 0.777553 0.840914 0.528892 0.830233 0.671906 0.828884 0.810021
49 0.853408 0.300148 0.822963 0.529650 0.815581 0.532112 0.830344 0.527188 0.815581 0.532112 0.759016 0.651037 0.701513 0.759158 0.830344 0.527188 0.825311 0.671556 0.828875 0.812269
50 0.839608 0.301123 0.807914 0.526142 0.800855 0.529389 0.814973 0.522895 0.800855 0.529389 0.751477 0.646305 0.693807 0.748720 0.814973 0.522895 0.816379 0.666042 0.827775 0.813708
51 0.828228 0.300822 0.796752 0.522254 0.787337 0.525354 0.806167 0.519155 0.787337 0.525354 0.737766 0.640339 0.687414 0.752345 0.806167 0.519155 0.809428 0.664009 0.823024 0.813290
52 0.815860 0.298986 0.783609 0.516784 0.775586 0.520214 0.791632 0.513354 0.775586 0.520214 0.724510 0.633591 0.682754 0.753701 0.791632 0.513354 0.798987 0.657574 0.821276 0.805978
53 0.802868 0.291092 0.769135 0.505927 0.761334 0.509997 0.776936 0.501857 0.761334 0.509997 0.711713 0.627472 0.680635 0.756529 0.776936 0.501857 0.785355 0.646244 0.818861 0.794534
54 0.792188 0.281204 0.757965 0.497783 0.750618 0.502929 0.765313 0.492637 0.750618 0.502929 0.700867 0.624807 0.679980 0.759029 0.765313 0.492637 0.767880 0.633837 0.813155 0.780756
55 0.780427 0.276781 0.743979 0.489187 0.736818 0.494405 0.751140 0.483970 0.736818 0.494405 0.695095 0.618670 0.678329 0.757387 0.751140 0.483970 0.744871 0.616886 0.801800 0.753415
56 0.770239 0.273115 0.733205 0.481382 0.726249 0.486686 0.740160 0.476077 0.726249 0.486686 0.685057 0.611482 0.677389 0.751436 0.740160 0.476077 0.724247 0.606540 0.785015 0.733381
57 0.761271 0.266073 0.722480 0.472376 0.717467 0.475904 0.727494 0.468849 0.717467 0.475904 0.675273 0.596815 0.678373 0.749614 0.727494 0.468849 0.709189 0.597776 0.761026 0.715172
58 0.752058 0.261535 0.713095 0.466032 0.703254 0.467888 0.722936 0.464176 0.703254 0.467888 0.677992 0.603065 0.681425 0.749893 0.722936 0.464176 0.699894 0.582765 0.733930 0.700831
59 0.742524 0.256785 0.699382 0.467369 0.691739 0.471004 0.707024 0.463734 0.691739 0.471004 0.678955 0.609360 0.681080 0.747946 0.707024 0.463734 0.688095 0.584436 0.714484 0.702345
60 0.732228 0.252400 0.688273 0.462782 0.684865 0.467608 0.691681 0.457956 0.684865 0.467608 0.674514 0.610995 0.680501 0.749454 0.691681 0.457956 0.659938 0.534693 0.661261 0.610461
61 0.722497 0.249300 0.681364 0.459686 0.678021 0.464429 0.684707 0.454943 0.678021 0.464429 0.669984 0.605243 0.676246 0.746495 0.684707 0.454943 0.658613 0.560129 0.669986 0.658776
62 0.713728 0.246363 0.677357 0.459073 0.671586 0.463743 0.683127 0.454403 0.671586 0.463743 0.670774 0.608089 0.674010 0.747900 0.683127 0.454403 0.654591 0.567782 0.649064 0.666962
63 0.704861 0.244928 0.673607 0.453964 0.666814 0.456510 0.680400 0.451419 0.666814 0.456510 0.667496 0.604036 0.675922 0.745525 0.680400 0.451419 0.646164 0.540955 0.625935 0.648299
64 0.697037 0.243379 0.667446 0.450000 0.659945 0.451205 0.674947 0.448794 0.659945 0.451205 0.662853 0.601993 0.676794 0.746750 0.674947 0.448794 0.637509 0.531174 0.607708 0.640939
65 0.687311 0.242857 0.660071 0.445329 0.653389 0.446435 0.666753 0.444223 0.653389 0.446435 0.655607 0.596790 0.677042 0.747052 0.666753 0.444223 0.624798 0.525233 0.602630 0.634885
66 0.678665 0.241500 0.650934 0.441290 0.644908 0.443013 0.656960 0.439566 0.644908 0.443013 0.648033 0.595423 0.675446 0.747429 0.656960 0.439566 0.618860 0.523974 0.596660 0.636610
67 0.670890 0.237802 0.640304 0.436079 0.636366 0.438243 0.644241 0.433915 0.636366 0.438243 0.635203 0.583222 0.673565 0.745948 0.644241 0.433915 0.611917 0.524154 0.597917 0.639406
68 0.663172 0.234733 0.632318 0.433293 0.626753 0.434165 0.637883 0.432421 0.626753 0.434165 0.626845 0.578798 0.665458 0.732477 0.637883 0.432421 0.613827 0.533846 0.600749 0.640787
69 0.655645 0.229553 0.626454 0.425478 0.618532 0.424512 0.634375 0.426445 0.618532 0.424512 0.611738 0.557487 0.652030 0.713739 0.634375 0.426445 0.613590 0.534925 0.605811 0.636569
70 0.647104 0.222864 0.617176 0.424229 0.610523 0.426311 0.623829 0.422148 0.610523 0.426311 0.597255 0.556216 0.639926 0.698300 0.623829 0.422148 0.602807 0.531311 0.603761 0.631803
71 0.639620 0.216061 0.611307 0.420693 0.605230 0.423417 0.617385 0.417969 0.605230 0.423417 0.587764 0.550339 0.629439 0.688284 0.617385 0.417969 0.591208 0.531012 0.597235 0.635554
72 0.633127 0.210209 0.605597 0.414975 0.602447 0.418551 0.608747 0.411399 0.602447 0.418551 0.576580 0.543750 0.610344 0.670659 0.608747 0.411399 0.583667 0.526631 0.595084 0.630877
73 0.627283 0.204516 0.599208 0.412240 0.595267 0.415432 0.603149 0.409048 0.595267 0.415432 0.571445 0.536952 0.592891 0.658288 0.603149 0.409048 0.577447 0.522351 0.593602 0.627829
74 0.622195 0.200652 0.595326 0.408706 0.589059 0.411394 0.601593 0.406018 0.589059 0.411394 0.549118 0.527397 0.582912 0.662011 0.601593 0.406018 0.584532 0.524679 0.591735 0.636502
75 0.615796 0.197443 0.591199 0.404792 0.583269 0.406493 0.599129 0.403091 0.583269 0.406493 0.541040 0.520626 0.564537 0.654713 0.599129 0.403091 0.585377 0.524137 0.585597 0.644388
76 0.610152 0.194426 0.587273 0.404526 0.576642 0.405355 0.597904 0.403697 0.576642 0.405355 0.538279 0.521202 0.541502 0.659519 0.597904 0.403697 0.587493 0.524603 0.588187 0.645041
77 0.602604 0.193807 0.583177 0.403726 0.570420 0.404076 0.595934 0.403376 0.570420 0.404076 0.535135 0.521011 0.520241 0.652765 0.595934 0.403376 0.589421 0.525547 0.591379 0.647196
78 0.595929 0.190802 0.578839 0.398922 0.565930 0.398604 0.591747 0.399240 0.565930 0.398604 0.535095 0.519640 0.507706 0.637018 0.591747 0.399240 0.588764 0.523936 0.591705 0.647464
79 0.586235 0.190197 0.575822 0.398055 0.561513 0.397435 0.590130 0.398675 0.561513 0.397435 0.531686 0.518604 0.501058 0.631110 0.590130 0.398675 0.586540 0.522582 0.592794 0.647557
80 0.578701 0.189283 0.571179 0.395267 0.554747 0.394078 0.587612 0.396456 0.554747 0.394078 0.527959 0.515303 0.500181 0.631854 0.587612 0.396456 0.584514 0.521920 0.592770 0.647824
81 0.572004 0.186958 0.564353 0.394056 0.547389 0.392659 0.581318 0.395453 0.547389 0.392659 0.524760 0.512601 0.499638 0.630438 0.581318 0.395453 0.581282 0.520450 0.591154 0.647861
82 0.564873 0.187154 0.559396 0.392902 0.540423 0.391639 0.578370 0.394166 0.540423 0.391639 0.520657 0.511663 0.500750 0.630068 0.578370 0.394166 0.578180 0.519066 0.589845 0.647786
83 0.556986 0.186970 0.554347 0.391824 0.534267 0.390682 0.574427 0.392965 0.534267 0.390682 0.515782 0.512368 0.499351 0.631551 0.574427 0.392965 0.574923 0.518510 0.589442 0.647990
84 0.550153 0.184773 0.548575 0.388329 0.528296 0.388168 0.568853 0.388490 0.528296 0.388168 0.512489 0.511951 0.498813 0.631124 0.568853 0.388490 0.570768 0.515172 0.587304 0.645760
85 0.543711 0.182636 0.542524 0.382890 0.521600 0.383091 0.563449 0.382690 0.521600 0.383091 0.510063 0.508818 0.498443 0.630708 0.563449 0.382690 0.565914 0.509746 0.584368 0.642656
86 0.537319 0.180879 0.538756 0.375045 0.517094 0.376157 0.560417 0.373932 0.517094 0.376157 0.508448 0.508185 0.499818 0.632180 0.560417 0.373932 0.561295 0.504807 0.580519 0.639828
87 0.530908 0.178573 0.535176 0.371504 0.513714 0.372763 0.556638 0.370244 0.513714 0.372763 0.505778 0.508492 0.500529 0.633328 0.556638 0.370244 0.557402 0.502706 0.577149 0.638083
88 0.525586 0.176986 0.532778 0.371835 0.510746 0.373447 0.554811 0.370222 0.510746 0.373447 0.505153 0.507922 0.500279 0.633190 0.554811 0.370222 0.553591 0.503319 0.569235 0.637481
89 0.521173 0.176379 0.529325 0.369388 0.506642 0.371614 0.552009 0.367161 0.506642 0.371614 0.501971 0.506097 0.499054 0.631152 0.552009 0.367161 0.550147 0.500866 0.558616 0.634508
90 0.518177 0.174459 0.526502 0.366094 0.504056 0.367923 0.548949 0.364265 0.504056 0.367923 0.500465 0.503026 0.498660 0.629157 0.548949 0.364265 0.545319 0.498808 0.548166 0.631528
91 0.514646 0.174079 0.524600 0.362885 0.502183 0.364695 0.547016 0.361075 0.502183 0.364695 0.499096 0.499260 0.499062 0.628529 0.547016 0.361075 0.541551 0.497866 0.541880 0.631657
92 0.511426 0.173921 0.521150 0.365990 0.499651 0.367763 0.542649 0.364218 0.499651 0.367763 0.497367 0.500724 0.499898 0.629099 0.542649 0.364218 0.539551 0.499408 0.537124 0.631726
93 0.510629 0.174245 0.519580 0.366745 0.499345 0.368603 0.539815 0.364888 0.499345 0.368603 0.496913 0.501895 0.499735 0.629481 0.539815 0.364888 0.534983 0.500774 0.533749 0.632382
94 0.509813 0.172592 0.518034 0.366780 0.498629 0.368726 0.537439 0.364834 0.498629 0.368726 0.497011 0.502623 0.500038 0.629669 0.537439 0.364834 0.531066 0.501197 0.532434 0.632498
95 0.509223 0.171086 0.516311 0.363767 0.496348 0.365617 0.536274 0.361917 0.496348 0.365617 0.496802 0.503076 0.500222 0.629795 0.536274 0.361917 0.528997 0.501846 0.530814 0.632817
96 0.508764 0.170807 0.515254 0.364250 0.494774 0.365955 0.535735 0.362545 0.494774 0.365955 0.495558 0.503400 0.500410 0.629962 0.535735 0.362545 0.529464 0.502264 0.530732 0.632898
97 0.508021 0.170491 0.514704 0.363787 0.494290 0.365590 0.535118 0.361984 0.494290 0.365590 0.495206 0.503405 0.500553 0.629522 0.535118 0.361984 0.528817 0.502285 0.531486 0.631849
98 0.507454 0.170477 0.513875 0.363446 0.493227 0.365537 0.534523 0.361354 0.493227 0.365537 0.495092 0.503471 0.500629 0.629471 0.534523 0.361354 0.528919 0.502490 0.532123 0.632034
99 0.506738 0.170566 0.512964 0.363559 0.492438 0.365626 0.533490 0.361491 0.492438 0.365626 0.495193 0.503577 0.500697 0.629381 0.533490 0.361491 0.528874 0.502654 0.533540 0.632065
100 0.506421 0.170572 0.512101 0.363864 0.492111 0.365913 0.532091 0.361815 0.492111 0.365913 0.495339 0.503656 0.500711 0.629431 0.532091 0.361815 0.528722 0.503142 0.534079 0.632138
101 0.506326 0.171173 0.511693 0.364588 0.491707 0.366439 0.531680 0.362736 0.491707 0.366439 0.495258 0.503944 0.500554 0.629447 0.531680 0.362736 0.528926 0.504658 0.534196 0.632165
102 0.505743 0.171332 0.510881 0.364647 0.490988 0.366481 0.530774 0.362814 0.490988 0.366481 0.495109 0.503582 0.499963 0.628793 0.530774 0.362814 0.528515 0.504614 0.533872 0.631839
103 0.505545 0.171773 0.510558 0.364751 0.490651 0.366548 0.530465 0.362955 0.490651 0.366548 0.495021 0.503643 0.499730 0.628597 0.530465 0.362955 0.528044 0.504843 0.533717 0.631860
104 0.505192 0.172195 0.510464 0.364817 0.490470 0.366635 0.530459 0.363000 0.490470 0.366635 0.494960 0.503668 0.499734 0.628443 0.530459 0.363000 0.528018 0.504949 0.533731 0.631850
105 0.505065 0.172392 0.510442 0.364917 0.490333 0.366726 0.530552 0.363108 0.490333 0.366726 0.494965 0.503694 0.499616 0.628278 0.530552 0.363108 0.527957 0.505205 0.533326 0.631862
106 0.504880 0.172442 0.510378 0.364963 0.490211 0.366755 0.530546 0.363170 0.490211 0.366755 0.495034 0.503726 0.499624 0.628263 0.530546 0.363170 0.527744 0.505253 0.533095 0.631878
107 0.504719 0.172543 0.510107 0.365042 0.489774 0.366813 0.530441 0.363270 0.489774 0.366813 0.495076 0.503700 0.499797 0.628282 0.530441 0.363270 0.527503 0.505208 0.533020 0.631838
108 0.504558 0.172536 0.509919 0.365102 0.489436 0.366868 0.530402 0.363336 0.489436 0.366868 0.495116 0.503438 0.499830 0.628282 0.530402 0.363336 0.527298 0.504981 0.533012 0.631573
109 0.504514 0.172563 0.509597 0.365164 0.488958 0.366922 0.530235 0.363406 0.488958 0.366922 0.495153 0.503089 0.499831 0.628292 0.530235 0.363406 0.526967 0.504587 0.532912 0.631501
110 0.504508 0.172560 0.509279 0.365043 0.488462 0.366682 0.530096 0.363404 0.488462 0.366682 0.495109 0.502807 0.499712 0.628075 0.530096 0.363404 0.526778 0.504275 0.532910 0.631461
111 0.504334 0.172558 0.509187 0.365074 0.488371 0.366717 0.530002 0.363431 0.488371 0.366717 0.494942 0.502817 0.499647 0.627843 0.530002 0.363431 0.526603 0.504326 0.532901 0.631470
112 0.504294 0.172572 0.509236 0.364907 0.488435 0.366440 0.530038 0.363375 0.488435 0.366440 0.494579 0.502805 0.499612 0.627545 0.530038 0.363375 0.526585 0.504326 0.532931 0.631473
113 0.504353 0.173147 0.509259 0.364774 0.488437 0.366216 0.530081 0.363333 0.488437 0.366216 0.494190 0.502633 0.499630 0.627471 0.530081 0.363333 0.526571 0.504235 0.532947 0.631472
114 0.504451 0.173968 0.509241 0.365122 0.488474 0.366425 0.530008 0.363819 0.488474 0.366425 0.493832 0.502637 0.499681 0.627443 0.530008 0.363819 0.526568 0.504483 0.532969 0.631498
115 0.504341 0.174399 0.509117 0.365130 0.488344 0.366433 0.529890 0.363827 0.488344 0.366433 0.493367 0.502493 0.499669 0.627425 0.529890 0.363827 0.526453 0.504408 0.532988 0.631409
116 0.504159 0.174611 0.508966 0.365225 0.488193 0.366447 0.529739 0.364003 0.488193 0.366447 0.493007 0.502389 0.499671 0.627445 0.529739 0.364003 0.526362 0.504392 0.532988 0.631409
117 0.503805 0.174747 0.508722 0.365309 0.488001 0.366498 0.529443 0.364119 0.488001 0.366498 0.492797 0.502412 0.499769 0.627500 0.529443 0.364119 0.526274 0.504697 0.532920 0.631411
118 0.503473 0.174988 0.508481 0.365901 0.487908 0.367187 0.529054 0.364615 0.487908 0.367187 0.492684 0.502708 0.499855 0.627543 0.529054 0.364615 0.526268 0.505264 0.532922 0.631411
119 0.503299 0.175284 0.508336 0.366600 0.487730 0.367859 0.528942 0.365342 0.487730 0.367859 0.492472 0.502757 0.499857 0.627550 0.528942 0.365342 0.526275 0.505678 0.532922 0.631402
120 0.503270 0.175453 0.508175 0.366692 0.487510 0.367989 0.528840 0.365395 0.487510 0.367989 0.492412 0.502767 0.499862 0.627548 0.528840 0.365395 0.526289 0.505715 0.532923 0.631383
121 0.503074 0.175926 0.507996 0.367194 0.487292 0.368766 0.528701 0.365622 0.487292 0.368766 0.492407 0.503325 0.499916 0.627741 0.528701 0.365622 0.526281 0.506245 0.532903 0.631398
122 0.502405 0.176247 0.507863 0.367117 0.487129 0.368802 0.528596 0.365432 0.487129 0.368802 0.492433 0.503437 0.499955 0.627753 0.528596 0.365432 0.526192 0.506277 0.532757 0.631400
123 0.501763 0.176654 0.507798 0.367109 0.487047 0.368882 0.528548 0.365335 0.487047 0.368882 0.492443 0.503490 0.500000 0.627844 0.528548 0.365335 0.526152 0.506262 0.532688 0.631402
124 0.501282 0.176827 0.507786 0.367059 0.487026 0.368882 0.528546 0.365235 0.487026 0.368882 0.492447 0.503840 0.500041 0.627922 0.528546 0.365235 0.526112 0.506370 0.532690 0.631495
125 0.500934 0.177157 0.507768 0.366992 0.486998 0.368866 0.528537 0.365119 0.486998 0.368866 0.492454 0.503874 0.500046 0.627962 0.528537 0.365119 0.526022 0.506398 0.532642 0.631558
126 0.500794 0.177348 0.507740 0.367063 0.487004 0.369004 0.528475 0.365122 0.487004 0.369004 0.492448 0.504173 0.500054 0.627951 0.528475 0.365122 0.525992 0.506445 0.532637 0.631141
127 0.500445 0.177427 0.507659 0.366925 0.486965 0.368966 0.528354 0.364885 0.486965 0.368966 0.492297 0.504601 0.500044 0.627973 0.528354 0.364885 0.525969 0.506559 0.532585 0.631109
128 0.500276 0.177519 0.507571 0.367193 0.486932 0.369256 0.528211 0.365129 0.486932 0.369256 0.492292 0.505741 0.500047 0.628025 0.528211 0.365129 0.525938 0.507090 0.532567 0.631112
129 0.500005 0.177675 0.507483 0.367515 0.486866 0.369622 0.528100 0.365409 0.486866 0.369622 0.492287 0.506267 0.500070 0.628078 0.528100 0.365409 0.525926 0.507506 0.532557 0.631144
130 0.499649 0.177691 0.507374 0.367515 0.486752 0.369620 0.527996 0.365409 0.486752 0.369620 0.492263 0.506408 0.500085 0.628184 0.527996 0.365409 0.525925 0.507508 0.532556 0.631125
131 0.499430 0.177894 0.507174 0.367606 0.486643 0.369754 0.527705 0.365458 0.486643 0.369754 0.492260 0.506700 0.500101 0.628363 0.527705 0.365458 0.525910 0.507611 0.532563 0.631131
132 0.499295 0.178145 0.506926 0.368015 0.486475 0.370303 0.527378 0.365728 0.486475 0.370303 0.492266 0.507394 0.500106 0.628493 0.527378 0.365728 0.525891 0.508058 0.532564 0.631124
133 0.499284 0.178352 0.506766 0.368129 0.486377 0.370491 0.527155 0.365767 0.486377 0.370491 0.492270 0.508146 0.500126 0.628551 0.527155 0.365767 0.525888 0.508114 0.532704 0.631172
134 0.499306 0.178467 0.506696 0.368572 0.486377 0.371080 0.527015 0.366064 0.486377 0.371080 0.492292 0.508851 0.500132 0.628624 0.527015 0.366064 0.525826 0.508365 0.532863 0.631302
135 0.499398 0.178869 0.506622 0.368848 0.486389 0.371580 0.526855 0.366115 0.486389 0.371580 0.492339 0.509408 0.500176 0.628742 0.526855 0.366115 0.525505 0.508370 0.532960 0.631325
136 0.499407 0.179545 0.506665 0.368860 0.486509 0.371652 0.526821 0.366069 0.486509 0.371652 0.492371 0.509401 0.500432 0.628963 0.526821 0.366069 0.525376 0.508299 0.533140 0.631327
137 0.499475 0.179990 0.506682 0.368205 0.486527 0.370851 0.526837 0.365559 0.486527 0.370851 0.492377 0.508968 0.500445 0.628970 0.526837 0.365559 0.525358 0.507390 0.533266 0.631062
138 0.499740 0.180714 0.507715 0.367234 0.487390 0.369961 0.528040 0.364507 0.487390 0.369961 0.492482 0.508196 0.500449 0.628988 0.528040 0.364507 0.525356 0.506955 0.533340 0.630826
139 0.499769 0.180670 0.508535 0.366735 0.488591 0.369487 0.528479 0.363984 0.488591 0.369487 0.492506 0.508153 0.500422 0.628774 0.528479 0.363984 0.525330 0.506711 0.533418 0.630233
140 0.499128 0.180480 0.509208 0.366515 0.489726 0.369238 0.528690 0.363792 0.489726 0.369238 0.492510 0.507236 0.500324 0.628300 0.528690 0.363792 0.525328 0.506045 0.533497 0.630012
141 0.499051 0.180368 0.509419 0.366615 0.490093 0.369208 0.528745 0.364022 0.490093 0.369208 0.492514 0.506543 0.499810 0.627932 0.528745 0.364022 0.525332 0.504728 0.533688 0.629681
142 0.498263 0.180087 0.510818 0.366179 0.491446 0.368326 0.530190 0.364033 0.491446 0.368326 0.492835 0.505080 0.499567 0.627937 0.530190 0.364033 0.525872 0.501264 0.534500 0.629481
143 0.496968 0.180042 0.511730 0.364968 0.492656 0.366571 0.530803 0.363364 0.492656 0.366571 0.494750 0.502176 0.499578 0.628116 0.530803 0.363364 0.525971 0.499209 0.535125 0.630088
144 0.497367 0.179889 0.513795 0.364919 0.496213 0.366487 0.531376 0.363350 0.496213 0.366487 0.496461 0.502318 0.499666 0.628281 0.531376 0.363350 0.526405 0.498720 0.537583 0.630304
145 0.497985 0.178517 0.515405 0.365007 0.499147 0.366651 0.531663 0.363363 0.499147 0.366651 0.499481 0.502018 0.499879 0.628340 0.531663 0.363363 0.526431 0.498042 0.539199 0.629506
146 0.497811 0.178422 0.516588 0.365246 0.500932 0.367156 0.532244 0.363336 0.500932 0.367156 0.502013 0.500795 0.499528 0.627875 0.532244 0.363336 0.526613 0.495501 0.541833 0.624784
147 0.498294 0.178244 0.518766 0.365604 0.503711 0.367829 0.533821 0.363379 0.503711 0.367829 0.503781 0.500849 0.499102 0.628072 0.533821 0.363379 0.527379 0.495883 0.543133 0.624580
148 0.498435 0.179370 0.521354 0.365874 0.507838 0.368329 0.534871 0.363418 0.507838 0.368329 0.506371 0.500545 0.499016 0.627727 0.534871 0.363418 0.527907 0.495178 0.544280 0.624002
149 0.498892 0.180561 0.523665 0.366416 0.511925 0.368795 0.535405 0.364037 0.511925 0.368795 0.508909 0.500657 0.498987 0.627494 0.535405 0.364037 0.528756 0.495149 0.544231 0.622694
150 0.498478 0.182425 0.527120 0.367218 0.515608 0.369292 0.538632 0.365145 0.515608 0.369292 0.509979 0.500369 0.498576 0.627093 0.538632 0.365145 0.531823 0.495130 0.544968 0.619844
151 0.498657 0.184713 0.528206 0.372205 0.516869 0.374763 0.539543 0.369648 0.516869 0.374763 0.510571 0.505229 0.499681 0.627098 0.539543 0.369648 0.532248 0.500043 0.544552 0.620407
152 0.498821 0.185254 0.529005 0.373023 0.517996 0.375481 0.540015 0.370566 0.517996 0.375481 0.509778 0.506577 0.500418 0.627106 0.540015 0.370566 0.533536 0.502380 0.544363 0.620548
153 0.498779 0.187024 0.530937 0.373122 0.518647 0.375626 0.543227 0.370617 0.518647 0.375626 0.509267 0.506428 0.501746 0.626141 0.543227 0.370617 0.535744 0.502568 0.545633 0.620881
154 0.498395 0.187348 0.532557 0.372943 0.519844 0.375366 0.545269 0.370520 0.519844 0.375366 0.509372 0.506303 0.503715 0.626160 0.545269 0.370520 0.537652 0.502797 0.546094 0.622800
155 0.497745 0.187268 0.533452 0.371057 0.520711 0.374043 0.546193 0.368072 0.520711 0.374043 0.509570 0.506199 0.503980 0.626103 0.546193 0.368072 0.540377 0.502649 0.547528 0.623382
156 0.497589 0.189287 0.533460 0.372208 0.519780 0.375818 0.547140 0.368598 0.519780 0.375818 0.509740 0.508814 0.503053 0.626777 0.547140 0.368598 0.542057 0.505023 0.547344 0.626068
157 0.497485 0.189697 0.533328 0.373307 0.519195 0.376946 0.547461 0.369667 0.519195 0.376946 0.510014 0.509910 0.502871 0.626805 0.547461 0.369667 0.543889 0.505439 0.547165 0.626530
158 0.497264 0.190143 0.533582 0.373595 0.519183 0.377471 0.547981 0.369719 0.519183 0.377471 0.510110 0.509648 0.502719 0.626624 0.547981 0.369719 0.544545 0.505362 0.547268 0.626512
159 0.496017 0.190185 0.533408 0.373485 0.518981 0.377290 0.547835 0.369679 0.518981 0.377290 0.510470 0.509548 0.502452 0.626127 0.547835 0.369679 0.544388 0.505213 0.547417 0.626212
160 0.495622 0.189985 0.533280 0.373673 0.518755 0.377691 0.547805 0.369656 0.518755 0.377691 0.510938 0.509491 0.502409 0.625894 0.547805 0.369656 0.543848 0.504888 0.547342 0.625483
161 0.495101 0.190108 0.533184 0.374008 0.518580 0.378226 0.547788 0.369790 0.518580 0.378226 0.511480 0.509403 0.502492 0.625855 0.547788 0.369790 0.543651 0.504868 0.547289 0.625341
162 0.494130 0.189132 0.533079 0.373960 0.518450 0.378190 0.547707 0.369730 0.518450 0.378190 0.512140 0.509345 0.502853 0.625858 0.547707 0.369730 0.543346 0.505081 0.546757 0.625110
163 0.493167 0.187775 0.532309 0.373124 0.518373 0.377345 0.546244 0.368904 0.518373 0.377345 0.512825 0.509280 0.503346 0.626156 0.546244 0.368904 0.542931 0.505004 0.546107 0.624790
164 0.489904 0.188905 0.531209 0.372908 0.518523 0.376928 0.543895 0.368888 0.518523 0.376928 0.513417 0.509187 0.503808 0.626409 0.543895 0.368888 0.542007 0.504609 0.545353 0.624514
165 0.489653 0.188607 0.531169 0.372140 0.518422 0.376101 0.543917 0.368179 0.518422 0.376101 0.513509 0.509123 0.502078 0.626992 0.543917 0.368179 0.541922 0.504510 0.545092 0.624928
166 0.487942 0.190904 0.531219 0.371427 0.518245 0.375638 0.544194 0.367216 0.518245 0.375638 0.513456 0.508892 0.501231 0.627042 0.544194 0.367216 0.542366 0.503457 0.545090 0.624739
167 0.488185 0.192687 0.531157 0.371150 0.518563 0.375209 0.543751 0.367092 0.518563 0.375209 0.514098 0.508334 0.501182 0.627186 0.543751 0.367092 0.542328 0.502706 0.544379 0.624737
168 0.485070 0.193996 0.530997 0.370850 0.518924 0.374979 0.543070 0.366720 0.518924 0.374979 0.514672 0.507697 0.501046 0.627046 0.543070 0.366720 0.542058 0.501522 0.544279 0.624405
169 0.484170 0.193477 0.530889 0.370068 0.519020 0.373897 0.542759 0.366238 0.519020 0.373897 0.514643 0.507039 0.500979 0.626800 0.542759 0.366238 0.541921 0.501016 0.544457 0.623709
170 0.481834 0.195414 0.529154 0.370317 0.519002 0.373830 0.539306 0.366804 0.519002 0.373830 0.514603 0.506759 0.500650 0.626323 0.539306 0.366804 0.541170 0.500621 0.544485 0.623068
171 0.480325 0.196465 0.527691 0.370288 0.519098 0.373666 0.536284 0.366909 0.519098 0.373666 0.516123 0.504867 0.500747 0.626114 0.536284 0.366909 0.539959 0.498773 0.544089 0.622994
172 0.477457 0.198979 0.526305 0.369842 0.519709 0.372831 0.532900 0.366852 0.519709 0.372831 0.517448 0.504346 0.501194 0.625476 0.532900 0.366852 0.538799 0.498572 0.543722 0.622906
173 0.477451 0.196930 0.526467 0.368873 0.519416 0.371502 0.533518 0.366243 0.519416 0.371502 0.517319 0.504379 0.501563 0.625065 0.533518 0.366243 0.538405 0.499031 0.543696 0.622926
174 0.477339 0.196257 0.526232 0.369345 0.518166 0.372363 0.534297 0.366327 0.518166 0.372363 0.517123 0.504326 0.501521 0.625101 0.534297 0.366327 0.538300 0.499201 0.543932 0.623465
175 0.476852 0.196346 0.526089 0.368945 0.517401 0.372326 0.534777 0.365564 0.517401 0.372326 0.516525 0.503075 0.501831 0.624555 0.534777 0.365564 0.537964 0.498503 0.543983 0.623495
176 0.475815 0.194387 0.525516 0.368126 0.514617 0.372400 0.536416 0.363852 0.514617 0.372400 0.514945 0.502145 0.501561 0.624469 0.536416 0.363852 0.538063 0.498363 0.544528 0.623677
177 0.475354 0.194070 0.524345 0.366827 0.513429 0.371046 0.535260 0.362608 0.513429 0.371046 0.514547 0.499273 0.501501 0.624222 0.535260 0.362608 0.537467 0.497099 0.544505 0.624255
178 0.478778 0.193822 0.523182 0.366128 0.511023 0.370719 0.535342 0.361537 0.511023 0.370719 0.513829 0.498175 0.501382 0.623753 0.535342 0.361537 0.537197 0.496355 0.544441 0.624258
179 0.479974 0.193856 0.522421 0.366311 0.509394 0.371030 0.535449 0.361591 0.509394 0.371030 0.513616 0.498488 0.501362 0.623692 0.535449 0.361591 0.537231 0.496601 0.544233 0.624461
180 0.479415 0.192676 0.522140 0.365991 0.508813 0.371066 0.535467 0.360916 0.508813 0.371066 0.512970 0.498835 0.501246 0.623701 0.535467 0.360916 0.537258 0.496683 0.544267 0.624447
181 0.478532 0.193300 0.522233 0.367129 0.508913 0.372633 0.535553 0.361625 0.508913 0.372633 0.512688 0.499466 0.501196 0.623707 0.535553 0.361625 0.537159 0.496745 0.544247 0.623672
182 0.479011 0.194270 0.521989 0.367704 0.509023 0.372966 0.534955 0.362443 0.509023 0.372966 0.512627 0.499601 0.501823 0.623711 0.534955 0.362443 0.536152 0.496596 0.543215 0.623442
183 0.479414 0.194942 0.521921 0.367598 0.509223 0.372746 0.534618 0.362449 0.509223 0.372746 0.512586 0.499661 0.502274 0.623569 0.534618 0.362449 0.535251 0.496153 0.542539 0.622305
184 0.477585 0.195109 0.522259 0.367433 0.509362 0.372709 0.535156 0.362157 0.509362 0.372709 0.512308 0.499735 0.502243 0.623280 0.535156 0.362157 0.535265 0.496131 0.542555 0.621871
185 0.476568 0.195946 0.522518 0.367475 0.509414 0.372795 0.535622 0.362155 0.509414 0.372795 0.512088 0.499750 0.502131 0.622927 0.535622 0.362155 0.535762 0.496155 0.542930 0.621688
186 0.475954 0.198278 0.523137 0.367731 0.510121 0.373097 0.536153 0.362366 0.510121 0.373097 0.511929 0.499764 0.501892 0.622702 0.536153 0.362366 0.536196 0.496169 0.543200 0.621264
187 0.477397 0.199939 0.523641 0.369140 0.511180 0.373720 0.536103 0.364560 0.511180 0.373720 0.512199 0.500220 0.502481 0.622489 0.536103 0.364560 0.535936 0.496917 0.542856 0.620989
188 0.479229 0.199940 0.524077 0.369574 0.511186 0.374033 0.536969 0.365115 0.511186 0.374033 0.512198 0.500754 0.502411 0.622566 0.536969 0.365115 0.536456 0.497677 0.543112 0.621407
189 0.478531 0.200855 0.525605 0.370640 0.511184 0.375394 0.540025 0.365886 0.511184 0.375394 0.511999 0.501896 0.502252 0.622945 0.540025 0.365886 0.538982 0.499794 0.543468 0.622491
190 0.477821 0.200885 0.525641 0.372178 0.511189 0.376539 0.540094 0.367817 0.511189 0.376539 0.511985 0.503589 0.502186 0.623407 0.540094 0.367817 0.539791 0.501234 0.543713 0.623013
191 0.477744 0.201300 0.525612 0.372831 0.511276 0.377244 0.539949 0.368418 0.511276 0.377244 0.511805 0.503615 0.501996 0.623409 0.539949 0.368418 0.540197 0.501394 0.543918 0.623095
192 0.478183 0.201860 0.525721 0.374355 0.511283 0.379108 0.540159 0.369602 0.511283 0.379108 0.511557 0.503913 0.501969 0.623411 0.540159 0.369602 0.540828 0.502005 0.544090 0.623094
193 0.478147 0.201605 0.525568 0.374991 0.511396 0.379674 0.539741 0.370309 0.511396 0.379674 0.511707 0.504570 0.501955 0.623749 0.539741 0.370309 0.540715 0.503037 0.544082 0.623180
194 0.479061 0.201234 0.525324 0.374851 0.511397 0.379519 0.539252 0.370182 0.511397 0.379519 0.511699 0.504126 0.501943 0.623921 0.539252 0.370182 0.540453 0.502918 0.544000 0.623149
195 0.479965 0.200572 0.525700 0.375118 0.511373 0.379785 0.540027 0.370451 0.511373 0.379785 0.511524 0.504172 0.501686 0.623970 0.540027 0.370451 0.540511 0.503119 0.544000 0.623448
196 0.480443 0.200472 0.525456 0.376115 0.510860 0.381003 0.540052 0.371227 0.510860 0.381003 0.511414 0.504545 0.501641 0.623971 0.540052 0.371227 0.540498 0.503647 0.544011 0.623651
197 0.482656 0.200267 0.525878 0.376527 0.510267 0.381684 0.541490 0.371370 0.510267 0.381684 0.510983 0.504779 0.501462 0.623941 0.541490 0.371370 0.540659 0.504073 0.544035 0.623652
198 0.482921 0.198766 0.525756 0.375703 0.510031 0.380707 0.541482 0.370700 0.510031 0.380707 0.510644 0.504765 0.501377 0.623990 0.541482 0.370700 0.540626 0.503964 0.543977 0.623435
199 0.483170 0.195737 0.525690 0.374707 0.509982 0.379527 0.541398 0.369886 0.509982 0.379527 0.510478 0.504753 0.501179 0.623997 0.541398 0.369886 0.540481 0.503567 0.543761 0.623332
200 0.484933 0.193843 0.525342 0.374631 0.509327 0.379507 0.541358 0.369756 0.509327 0.379507 0.510128 0.505974 0.500972 0.624290 0.541358 0.369756 0.540460 0.503561 0.543750 0.623331
201 0.485003 0.194473 0.523870 0.376502 0.507191 0.382299 0.540549 0.370704 0.507191 0.382299 0.509410 0.511732 0.501046 0.626411 0.540549 0.370704 0.540379 0.505792 0.543593 0.624093
202 0.485364 0.195575 0.523609 0.376663 0.506691 0.382538 0.540528 0.370789 0.506691 0.382538 0.506461 0.511647 0.500436 0.626749 0.540528 0.370789 0.540994 0.506590 0.543594 0.624183
203 0.485705 0.196321 0.523653 0.376616 0.506482 0.382427 0.540825 0.370805 0.506482 0.382427 0.504998 0.511226 0.499943 0.627150 0.540825 0.370805 0.541988 0.506528 0.543609 0.624027
204 0.486993 0.194920 0.523552 0.375890 0.505877 0.381159 0.541226 0.370621 0.505877 0.381159 0.504276 0.510915 0.499946 0.627967 0.541226 0.370621 0.542569 0.506021 0.543447 0.623961
205 0.488650 0.194116 0.523781 0.375824 0.505533 0.380954 0.542029 0.370694 0.505533 0.380954 0.503731 0.510951 0.499980 0.629126 0.542029 0.370694 0.543253 0.506654 0.543271 0.624332
206 0.490263 0.193687 0.524395 0.376013 0.505578 0.380836 0.543211 0.371190 0.505578 0.380836 0.503638 0.511945 0.500547 0.631354 0.543211 0.371190 0.544060 0.508160 0.543261 0.626929
207 0.492219 0.193980 0.525041 0.375966 0.505659 0.380521 0.544424 0.371411 0.505659 0.380521 0.503114 0.511722 0.500654 0.631117 0.544424 0.371411 0.545425 0.508260 0.543635 0.629143
208 0.493817 0.193044 0.525276 0.376160 0.505714 0.380426 0.544837 0.371895 0.505714 0.380426 0.502677 0.510836 0.500192 0.630885 0.544837 0.371895 0.546336 0.508713 0.544940 0.630091
209 0.496040 0.191745 0.525606 0.375931 0.505777 0.379778 0.545435 0.372085 0.505777 0.379778 0.502453 0.509646 0.499234 0.630331 0.545435 0.372085 0.547183 0.508591 0.548283 0.629896
210 0.499624 0.191906 0.526063 0.376058 0.505831 0.379651 0.546296 0.372465 0.505831 0.379651 0.502096 0.509186 0.499243 0.629589 0.546296 0.372465 0.548575 0.508177 0.551997 0.629823
211 0.503997 0.191315 0.526780 0.376347 0.506341 0.379643 0.547220 0.373051 0.506341 0.379643 0.501828 0.509163 0.499305 0.628968 0.547220 0.373051 0.550573 0.508871 0.555497 0.630249
212 0.507252 0.191268 0.528066 0.376593 0.507537 0.379595 0.548594 0.373591 0.507537 0.379595 0.501567 0.508762 0.500204 0.628683 0.548594 0.373591 0.552406 0.508843 0.560855 0.629167
213 0.511079 0.190919 0.529458 0.376919 0.508745 0.379489 0.550170 0.374348 0.508745 0.379489 0.501653 0.508754 0.501154 0.628560 0.550170 0.374348 0.553705 0.508751 0.564704 0.627910
214 0.515525 0.189992 0.531434 0.376677 0.510283 0.378899 0.552585 0.374455 0.510283 0.378899 0.502454 0.509060 0.501190 0.629328 0.552585 0.374455 0.555998 0.508207 0.569550 0.627889
215 0.520453 0.188789 0.533132 0.375783 0.511606 0.377203 0.554658 0.374363 0.511606 0.377203 0.502693 0.508211 0.500794 0.629281 0.554658 0.374363 0.557811 0.505979 0.572015 0.627321
216 0.524909 0.188385 0.535375 0.375504 0.513630 0.376607 0.557120 0.374401 0.513630 0.376607 0.503775 0.507466 0.499376 0.629352 0.557120 0.374401 0.560704 0.505256 0.574840 0.626428
217 0.529932 0.187853 0.538138 0.376028 0.516469 0.376615 0.559806 0.375440 0.516469 0.376615 0.505900 0.507543 0.498622 0.630175 0.559806 0.375440 0.563902 0.505423 0.577676 0.625577
218 0.535284 0.188264 0.540964 0.377058 0.519426 0.376847 0.562503 0.377269 0.519426 0.376847 0.508030 0.507694 0.498263 0.630140 0.562503 0.377269 0.567025 0.505655 0.579091 0.625663
219 0.540665 0.188904 0.544112 0.377857 0.522494 0.377002 0.565730 0.378712 0.522494 0.377002 0.510765 0.507257 0.498035 0.630580 0.565730 0.378712 0.569939 0.505656 0.580020 0.625441
220 0.547688 0.189730 0.548115 0.379511 0.526340 0.377600 0.569891 0.381422 0.526340 0.377600 0.512811 0.506200 0.498058 0.630573 0.569891 0.381422 0.572515 0.505875 0.580456 0.625451
221 0.554951 0.191212 0.551796 0.381632 0.530226 0.378760 0.573365 0.384505 0.530226 0.378760 0.514906 0.505602 0.498051 0.630504 0.573365 0.384505 0.575025 0.505905 0.581216 0.625471
222 0.561269 0.191675 0.556609 0.383007 0.535436 0.379401 0.577782 0.386614 0.535436 0.379401 0.517789 0.505502 0.498260 0.630482 0.577782 0.386614 0.577618 0.507207 0.581665 0.625785
223 0.567855 0.192110 0.561332 0.384139 0.539496 0.380048 0.583168 0.388229 0.539496 0.380048 0.519871 0.505523 0.498296 0.630462 0.583168 0.388229 0.580972 0.507411 0.582530 0.626191
224 0.573328 0.192056 0.564863 0.384337 0.543165 0.380034 0.586562 0.388640 0.543165 0.380034 0.522204 0.504419 0.498962 0.627989 0.586562 0.388640 0.583055 0.507410 0.582402 0.627709
225 0.577138 0.192791 0.566197 0.383778 0.543854 0.379614 0.588540 0.387942 0.543854 0.379614 0.524621 0.503501 0.500591 0.626727 0.588540 0.387942 0.583774 0.506219 0.581734 0.628527
226 0.581201 0.193406 0.567148 0.383643 0.544978 0.379606 0.589318 0.387680 0.544978 0.379606 0.526001 0.503561 0.501340 0.626096 0.589318 0.387680 0.585677 0.506104 0.581956 0.628850
227 0.586242 0.193317 0.569451 0.383451 0.548037 0.379519 0.590865 0.387382 0.548037 0.379519 0.528530 0.503051 0.502689 0.625969 0.590865 0.387382 0.586014 0.505731 0.582622 0.629245
228 0.589738 0.193219 0.571223 0.383490 0.549971 0.379498 0.592476 0.387483 0.549971 0.379498 0.529523 0.503086 0.505341 0.626123 0.592476 0.387483 0.587842 0.506375 0.582668 0.629224
229 0.591781 0.192582 0.572096 0.382337 0.551065 0.377901 0.593128 0.386772 0.551065 0.377901 0.531876 0.500995 0.507380 0.624716 0.593128 0.386772 0.588887 0.505585 0.582520 0.629217
230 0.592993 0.191976 0.573629 0.381593 0.552611 0.377159 0.594647 0.386027 0.552611 0.377159 0.533953 0.499063 0.511934 0.622442 0.594647 0.386027 0.589312 0.504668 0.582634 0.629065
231 0.595418 0.192217 0.573730 0.381118 0.552958 0.376644 0.594502 0.385593 0.552958 0.376644 0.536195 0.498622 0.515993 0.621768 0.594502 0.385593 0.589452 0.504522 0.582592 0.629051
232 0.596613 0.191758 0.573974 0.380039 0.553129 0.375598 0.594820 0.384480 0.553129 0.375598 0.538562 0.497252 0.519343 0.620271 0.594820 0.384480 0.589266 0.504379 0.582508 0.628951
233 0.597224 0.191036 0.573726 0.379545 0.552767 0.375054 0.594685 0.384036 0.552767 0.375054 0.540463 0.496177 0.522172 0.618663 0.594685 0.384036 0.588645 0.504573 0.582448 0.628812
234 0.598359 0.189918 0.574413 0.376807 0.553676 0.373104 0.595150 0.380510 0.553676 0.373104 0.541437 0.493202 0.523618 0.615116 0.595150 0.380510 0.588461 0.503393 0.582383 0.627469
235 0.599754 0.189138 0.574757 0.375187 0.554150 0.371697 0.595364 0.378677 0.554150 0.371697 0.543468 0.493611 0.528524 0.613202 0.595364 0.378677 0.588305 0.503382 0.582285 0.627410
236 0.600855 0.188738 0.574849 0.373946 0.554383 0.370521 0.595316 0.377371 0.554383 0.370521 0.544852 0.493773 0.532550 0.613248 0.595316 0.377371 0.588004 0.503337 0.582229 0.628028
237 0.601417 0.188881 0.574870 0.373606 0.554652 0.370229 0.595089 0.376984 0.554652 0.370229 0.546248 0.493679 0.538239 0.611652 0.595089 0.376984 0.587899 0.503354 0.581704 0.628027
238 0.601392 0.188250 0.574641 0.373030 0.554406 0.369825 0.594876 0.376234 0.554406 0.369825 0.548075 0.493801 0.539579 0.612275 0.594876 0.376234 0.587781 0.503334 0.581326 0.628082
239 0.601473 0.187726 0.574665 0.373114 0.554602 0.369917 0.594729 0.376311 0.554602 0.369917 0.549438 0.495111 0.540648 0.612657 0.594729 0.376311 0.587661 0.503422 0.580678 0.628059
240 0.601577 0.187227 0.574584 0.372755 0.554580 0.369485 0.594588 0.376024 0.554580 0.369485 0.549220 0.495855 0.540758 0.612864 0.594588 0.376024 0.587351 0.503434 0.580199 0.627861
241 0.601357 0.187754 0.574509 0.372906 0.554533 0.369588 0.594485 0.376225 0.554533 0.369588 0.548880 0.497024 0.540753 0.613133 0.594485 0.376225 0.587152 0.505003 0.579810 0.628139
242 0.601403 0.188502 0.574506 0.374338 0.554411 0.370303 0.594602 0.378372 0.554411 0.370303 0.548861 0.498232 0.540523 0.613348 0.594602 0.378372 0.587010 0.508131 0.579463 0.628778
243 0.601404 0.188545 0.574498 0.374219 0.554391 0.370088 0.594606 0.378349 0.554391 0.370088 0.548787 0.498226 0.540472 0.613460 0.594606 0.378349 0.586964 0.508527 0.579372 0.628837
244 0.601319 0.188135 0.574434 0.373670 0.554303 0.369437 0.594565 0.377903 0.554303 0.369437 0.548523 0.498218 0.540116 0.613508 0.594565 0.377903 0.586756 0.508838 0.579080 0.629444
245 0.601259 0.187998 0.574276 0.373618 0.554017 0.369351 0.594535 0.377884 0.554017 0.369351 0.548309 0.498872 0.539618 0.614195 0.594535 0.377884 0.586565 0.510335 0.578644 0.630429
246 0.601409 0.187953 0.574203 0.373604 0.553982 0.369351 0.594423 0.377858 0.553982 0.369351 0.548271 0.499317 0.539724 0.614148 0.594423 0.377858 0.586380 0.510230 0.578513 0.630411
247 0.601525 0.187534 0.574159 0.373454 0.553916 0.369348 0.594401 0.377561 0.553916 0.369348 0.548201 0.499521 0.539805 0.614193 0.594401 0.377561 0.586339 0.510101 0.578503 0.630518
248 0.601455 0.187455 0.574125 0.373562 0.553861 0.369560 0.594389 0.377564 0.553861 0.369560 0.548261 0.499721 0.539875 0.614198 0.594389 0.377564 0.586316 0.510175 0.578555 0.630769
249 0.601385 0.187409 0.574154 0.373678 0.553825 0.369765 0.594482 0.377590 0.553825 0.369765 0.548590 0.499724 0.540037 0.614130 0.594482 0.377590 0.586260 0.510111 0.578657 0.630783
250 0.601266 0.187396 0.574134 0.374302 0.553795 0.370303 0.594473 0.378300 0.553795 0.370303 0.548650 0.499739 0.539955 0.614220 0.594473 0.378300 0.586219 0.510060 0.578659 0.630946
251 0.601241 0.187388 0.574114 0.374854 0.553763 0.370968 0.594465 0.378739 0.553763 0.370968 0.548645 0.499924 0.539873 0.614910 0.594465 0.378739 0.586164 0.510189 0.578661 0.631950
252 0.601133 0.187448 0.574101 0.375028 0.553739 0.371275 0.594464 0.378782 0.553739 0.371275 0.548622 0.500201 0.539847 0.615152 0.594464 0.378782 0.586102 0.510247 0.578658 0.632217
253 0.601028 0.187457 0.574044 0.375010 0.553716 0.371291 0.594373 0.378730 0.553716 0.371291 0.548608 0.500297 0.539899 0.615220 0.594373 0.378730 0.585935 0.510319 0.578608 0.632394
254 0.600877 0.187371 0.573781 0.374827 0.553602 0.371233 0.593961 0.378420 0.553602 0.371233 0.548588 0.500254 0.539868 0.615260 0.593961 0.378420 0.585916 0.510305 0.578599 0.632620
255 0.600270 0.187094 0.573644 0.374266 0.553478 0.371004 0.593810 0.377528 0.553478 0.371004 0.548574 0.500071 0.539843 0.615266 0.593810 0.377528 0.585868 0.510269 0.578602 0.632870
256 0.599564 0.187203 0.573470 0.374276 0.553292 0.371033 0.593648 0.377519 0.553292 0.371033 0.548554 0.500054 0.539827 0.615271 0.593648 0.377519 0.585704 0.510239 0.578602 0.633016
257 0.598942 0.187509 0.573361 0.374389 0.553117 0.371142 0.593605 0.377636 0.553117 0.371142 0.548409 0.499957 0.539817 0.615057 0.593605 0.377636 0.585634 0.510233 0.578602 0.633023
258 0.597645 0.188151 0.573079 0.375425 0.552812 0.372152 0.593346 0.378697 0.552812 0.372152 0.547998 0.500397 0.539801 0.615475 0.593346 0.378697 0.585437 0.511196 0.578617 0.633073
259 0.596680 0.188833 0.572930 0.375867 0.552630 0.372655 0.593231 0.379079 0.552630 0.372655 0.547752 0.500626 0.539787 0.616453 0.593231 0.379079 0.585173 0.511535 0.578549 0.633372
260 0.595400 0.189411 0.572901 0.376087 0.552573 0.373024 0.593229 0.379150 0.552573 0.373024 0.547663 0.500752 0.539766 0.617127 0.593229 0.379150 0.584828 0.511649 0.578426 0.633408
261 0.593348 0.189932 0.572776 0.376511 0.552432 0.373568 0.593120 0.379454 0.552432 0.373568 0.547640 0.500781 0.539736 0.617704 0.593120 0.379454 0.584668 0.512153 0.578426 0.634195
262 0.592009 0.190145 0.572473 0.376509 0.552183 0.373562 0.592762 0.379456 0.552183 0.373562 0.547112 0.500558 0.539339 0.617803 0.592762 0.379456 0.584562 0.512501 0.578538 0.634715
263 0.591240 0.190195 0.572376 0.376443 0.552046 0.373473 0.592706 0.379413 0.552046 0.373473 0.546524 0.500211 0.538897 0.617793 0.592706 0.379413 0.584552 0.512434 0.578803 0.634747
264 0.590786 0.190389 0.572161 0.376465 0.551800 0.373520 0.592523 0.379409 0.551800 0.373520 0.545925 0.499684 0.538763 0.617403 0.592523 0.379409 0.584419 0.512051 0.578890 0.634452
265 0.590998 0.191452 0.571997 0.376439 0.551635 0.373471 0.592359 0.379406 0.551635 0.373471 0.545279 0.499250 0.538742 0.616848 0.592359 0.379406 0.584048 0.511388 0.578934 0.633861
266 0.591377 0.191034 0.571905 0.373172 0.551457 0.370070 0.592353 0.376273 0.551457 0.370070 0.545210 0.498272 0.538800 0.616534 0.592353 0.376273 0.583979 0.507968 0.579010 0.632990
267 0.591559 0.190464 0.571850 0.371353 0.551458 0.367995 0.592242 0.374711 0.551458 0.367995 0.545203 0.498060 0.538887 0.616417 0.592242 0.374711 0.583941 0.506763 0.579035 0.632636
268 0.592052 0.189878 0.571870 0.371414 0.551499 0.367941 0.592240 0.374886 0.551499 0.367941 0.545114 0.498068 0.538891 0.616214 0.592240 0.374886 0.583851 0.506487 0.579036 0.632207
269 0.592858 0.188962 0.571913 0.371863 0.551574 0.368122 0.592252 0.375605 0.551574 0.368122 0.545119 0.498356 0.538917 0.616363 0.592252 0.375605 0.583644 0.506556 0.579033 0.631893
270 0.593486 0.188289 0.572064 0.371919 0.551677 0.368055 0.592451 0.375782 0.551677 0.368055 0.545290 0.498874 0.539067 0.616579 0.592451 0.375782 0.583570 0.506567 0.579053 0.631433
271 0.594394 0.187165 0.572294 0.371857 0.551840 0.367865 0.592749 0.375848 0.551840 0.367865 0.545411 0.499422 0.539138 0.616677 0.592749 0.375848 0.583490 0.506635 0.579029 0.630770
272 0.595607 0.186930 0.572572 0.371943 0.552040 0.367925 0.593104 0.375960 0.552040 0.367925 0.545509 0.499996 0.539152 0.617164 0.593104 0.375960 0.583348 0.506667 0.579004 0.630768
273 0.596942 0.186939 0.573005 0.371952 0.552289 0.367913 0.593721 0.375991 0.552289 0.367913 0.545569 0.500114 0.539297 0.617259 0.593721 0.375991 0.583344 0.506703 0.578925 0.630860
274 0.597697 0.187565 0.573148 0.372705 0.552287 0.368141 0.594009 0.377268 0.552287 0.368141 0.545664 0.501292 0.539308 0.617639 0.594009 0.377268 0.583349 0.507722 0.578913 0.631350
275 0.598584 0.188325 0.573178 0.373096 0.552347 0.368232 0.594010 0.377959 0.552347 0.368232 0.545991 0.501323 0.539335 0.617643 0.594010 0.377959 0.583416 0.507459 0.578909 0.631409
276 0.599061 0.188795 0.572993 0.373343 0.552359 0.368537 0.593627 0.378149 0.552359 0.368537 0.546667 0.501277 0.539297 0.617321 0.593627 0.378149 0.583650 0.506902 0.578879 0.631324
277 0.599883 0.189615 0.572904 0.375197 0.552396 0.370467 0.593411 0.379927 0.552396 0.370467 0.547540 0.501563 0.539555 0.617349 0.593411 0.379927 0.583961 0.507063 0.578900 0.631333
278 0.600927 0.189706 0.572929 0.375678 0.552436 0.371026 0.593423 0.380329 0.552436 0.371026 0.547684 0.501590 0.539611 0.617350 0.593423 0.380329 0.584063 0.507405 0.578858 0.631341
279 0.602368 0.189838 0.572946 0.375968 0.552484 0.371125 0.593408 0.380810 0.552484 0.371125 0.547828 0.501586 0.539731 0.617396 0.593408 0.380810 0.584061 0.507672 0.578764 0.631347
280 0.603380 0.189822 0.572963 0.375859 0.552518 0.370994 0.593407 0.380724 0.552518 0.370994 0.548261 0.501364 0.539853 0.617333 0.593407 0.380724 0.584167 0.507671 0.578762 0.631063
281 0.603863 0.189545 0.573027 0.375879 0.552622 0.371053 0.593431 0.380705 0.552622 0.371053 0.548759 0.500982 0.540016 0.617228 0.593431 0.380705 0.584442 0.506857 0.578904 0.630602
282 0.604527 0.188943 0.573192 0.374737 0.552846 0.370464 0.593537 0.379010 0.552846 0.370464 0.549008 0.499817 0.540016 0.616690 0.593537 0.379010 0.584713 0.505252 0.578982 0.630261
283 0.605192 0.188380 0.573553 0.374087 0.553220 0.369922 0.593885 0.378253 0.553220 0.369922 0.549323 0.498563 0.539992 0.616241 0.593885 0.378253 0.585017 0.504229 0.579019 0.630196
284 0.606205 0.187865 0.573907 0.373735 0.553631 0.369489 0.594184 0.377981 0.553631 0.369489 0.549357 0.498050 0.539864 0.615964 0.594184 0.377981 0.585215 0.504133 0.579024 0.630191
285 0.606927 0.187528 0.574812 0.373046 0.554463 0.368956 0.595160 0.377136 0.554463 0.368956 0.549612 0.495875 0.539850 0.614425 0.595160 0.377136 0.585905 0.503682 0.579186 0.629977
286 0.607973 0.187480 0.575696 0.373031 0.554939 0.368905 0.596453 0.377156 0.554939 0.368905 0.549679 0.495759 0.539841 0.613744 0.596453 0.377156 0.586612 0.504113 0.579393 0.630068
287 0.608568 0.187690 0.575950 0.373848 0.555045 0.369293 0.596855 0.378403 0.555045 0.369293 0.549732 0.496082 0.539818 0.613873 0.596855 0.378403 0.586932 0.506977 0.579393 0.631161
288 0.609025 0.187691 0.576296 0.373905 0.555272 0.369282 0.597320 0.378528 0.555272 0.369282 0.549885 0.495745 0.539818 0.613911 0.597320 0.378528 0.587011 0.506951 0.579285 0.631117
289 0.609637 0.187611 0.576948 0.373673 0.555769 0.368800 0.598127 0.378546 0.555769 0.368800 0.550145 0.493909 0.539940 0.612699 0.598127 0.378546 0.587597 0.506020 0.579186 0.629351
290 0.610093 0.187974 0.577454 0.374119 0.556021 0.368838 0.598887 0.379399 0.556021 0.368838 0.550485 0.493971 0.540388 0.612305 0.598887 0.379399 0.587939 0.506139 0.579145 0.628139
291 0.610774 0.188130 0.577744 0.374025 0.556212 0.368630 0.599276 0.379420 0.556212 0.368630 0.550665 0.493937 0.541006 0.611628 0.599276 0.379420 0.588271 0.506086 0.579085 0.627149
292 0.611200 0.188401 0.577761 0.374506 0.556200 0.368842 0.599321 0.380170 0.556200 0.368842 0.550591 0.494561 0.541031 0.611680 0.599321 0.380170 0.588426 0.506665 0.578950 0.627193
293 0.611244 0.188442 0.577768 0.374992 0.556212 0.369159 0.599324 0.380825 0.556212 0.369159 0.550365 0.495078 0.540976 0.611609 0.599324 0.380825 0.588528 0.507158 0.578796 0.626829
294 0.611282 0.188385 0.577903 0.374981 0.556298 0.369109 0.599507 0.380853 0.556298 0.369109 0.550261 0.495628 0.540969 0.611637 0.599507 0.380853 0.588522 0.507699 0.578778 0.626870
295 0.611226 0.188339 0.577900 0.375016 0.556294 0.369118 0.599506 0.380915 0.556294 0.369118 0.550040 0.496309 0.540962 0.611673 0.599506 0.380915 0.588516 0.508698 0.578827 0.626907
296 0.611199 0.188118 0.577922 0.374770 0.556337 0.368854 0.599507 0.380685 0.556337 0.368854 0.549980 0.496316 0.540902 0.611645 0.599507 0.380685 0.588504 0.508700 0.578826 0.626992
297 0.611064 0.187715 0.577975 0.374033 0.556414 0.367993 0.599537 0.380074 0.556414 0.367993 0.549980 0.495168 0.540897 0.609894 0.599537 0.380074 0.588498 0.508102 0.578760 0.624925
298 0.610930 0.186616 0.578314 0.373188 0.556590 0.367061 0.600038 0.379315 0.556590 0.367061 0.550319 0.494213 0.540917 0.609223 0.600038 0.379315 0.588574 0.508002 0.578805 0.624345
299 0.610729 0.185140 0.578327 0.371134 0.556625 0.365027 0.600029 0.377242 0.556625 0.365027 0.550169 0.493376 0.540776 0.609312 0.600029 0.377242 0.588743 0.507100 0.578742 0.623929
300 0.610171 0.184896 0.578127 0.370109 0.556520 0.364133 0.599733 0.376086 0.556520 0.364133 0.549923 0.493053 0.540435 0.609380 0.599733 0.376086 0.588764 0.505761 0.578703 0.622789
301 0.609647 0.184381 0.578060 0.368263 0.556521 0.362728 0.599600 0.373798 0.556521 0.362728 0.549755 0.491444 0.539554 0.609377 0.599600 0.373798 0.588525 0.504113 0.578571 0.622256
302 0.608449 0.183979 0.577716 0.367856 0.556161 0.362463 0.599270 0.373248 0.556161 0.362463 0.549639 0.490580 0.538589 0.609367 0.599270 0.373248 0.588508 0.503290 0.578501 0.620883
303 0.606963 0.183032 0.577404 0.368033 0.555880 0.362606 0.598928 0.373459 0.555880 0.362606 0.549260 0.490964 0.538126 0.610507 0.598928 0.373459 0.588461 0.504442 0.578564 0.620934
304 0.605361 0.182884 0.576381 0.369106 0.555247 0.363680 0.597515 0.374532 0.555247 0.363680 0.548634 0.492585 0.537047 0.611084 0.597515 0.374532 0.587727 0.506759 0.578562 0.621614
305 0.602985 0.182590 0.574962 0.369203 0.554088 0.363784 0.595836 0.374623 0.554088 0.363784 0.548552 0.492728 0.536444 0.610998 0.595836 0.374623 0.586786 0.506750 0.578571 0.621746
306 0.600795 0.180788 0.574068 0.368231 0.553573 0.363353 0.594563 0.373109 0.553573 0.363353 0.548506 0.492439 0.536255 0.611102 0.594563 0.373109 0.586373 0.503158 0.578554 0.621869
307 0.598645 0.180741 0.572941 0.368072 0.552805 0.363381 0.593077 0.372762 0.552805 0.363381 0.546861 0.492448 0.535489 0.611342 0.593077 0.372762 0.585484 0.502847 0.578295 0.623479
308 0.596304 0.179256 0.572059 0.366613 0.552744 0.362408 0.591375 0.370818 0.552744 0.362408 0.546254 0.492474 0.535425 0.611500 0.591375 0.370818 0.583799 0.502829 0.577845 0.624403
309 0.593500 0.177181 0.571254 0.365740 0.552580 0.361897 0.589927 0.369582 0.552580 0.361897 0.547058 0.491995 0.535470 0.610480 0.589927 0.369582 0.582751 0.502846 0.577456 0.624403
310 0.591113 0.176218 0.570120 0.364891 0.550931 0.361332 0.589309 0.368451 0.550931 0.361332 0.547081 0.491185 0.535168 0.610696 0.589309 0.368451 0.582235 0.502718 0.577443 0.624815
311 0.589111 0.176217 0.568804 0.364449 0.549930 0.361117 0.587678 0.367782 0.549930 0.361117 0.546598 0.491133 0.534751 0.611346 0.587678 0.367782 0.581559 0.502488 0.577320 0.624946
312 0.586557 0.174868 0.566589 0.362073 0.547159 0.359313 0.586018 0.364834 0.547159 0.359313 0.545414 0.491097 0.534206 0.612471 0.586018 0.364834 0.581627 0.501682 0.577318 0.625387
313 0.583814 0.175600 0.565582 0.362408 0.546681 0.359448 0.584484 0.365367 0.546681 0.359448 0.544927 0.490591 0.533872 0.612521 0.584484 0.365367 0.581083 0.501677 0.577413 0.625943
314 0.580462 0.175148 0.563734 0.361884 0.546078 0.358924 0.581390 0.364844 0.546078 0.358924 0.544892 0.490184 0.533904 0.612425 0.581390 0.364844 0.580243 0.501512 0.577924 0.625889
315 0.577635 0.172815 0.562060 0.360262 0.543919 0.358084 0.580200 0.362440 0.543919 0.358084 0.544909 0.488008 0.533927 0.612459 0.580200 0.362440 0.579898 0.500049 0.578050 0.624910
316 0.575562 0.173050 0.560607 0.360449 0.543399 0.358190 0.577814 0.362709 0.543399 0.358190 0.544486 0.488037 0.533959 0.612518 0.577814 0.362709 0.576528 0.499681 0.578039 0.624785
317 0.572742 0.172297 0.559136 0.361019 0.543625 0.359004 0.574647 0.363034 0.543625 0.359004 0.544359 0.488788 0.533984 0.613406 0.574647 0.363034 0.574340 0.499053 0.578071 0.624404
318 0.570917 0.169740 0.557628 0.358286 0.541674 0.357298 0.573583 0.359274 0.541674 0.357298 0.544006 0.486691 0.533970 0.612314 0.573583 0.359274 0.574915 0.494339 0.578367 0.619277
319 0.569172 0.168471 0.557304 0.358531 0.540657 0.357413 0.573951 0.359648 0.540657 0.357413 0.543238 0.486124 0.533905 0.611743 0.573951 0.359648 0.575367 0.493550 0.578692 0.616141
320 0.567207 0.167567 0.557022 0.358588 0.540457 0.357480 0.573587 0.359696 0.540457 0.357480 0.542688 0.487045 0.533914 0.615067 0.573587 0.359696 0.575467 0.493947 0.578690 0.616877
321 0.566727 0.168141 0.556676 0.359535 0.539207 0.358844 0.574146 0.360226 0.539207 0.358844 0.542107 0.491946 0.534584 0.616860 0.574146 0.360226 0.575644 0.496989 0.578948 0.621574
322 0.566407 0.168497 0.556713 0.363946 0.539432 0.362255 0.573995 0.365638 0.539432 0.362255 0.542260 0.495376 0.535924 0.616773 0.573995 0.365638 0.575742 0.504669 0.578850 0.631203
323 0.566493 0.168498 0.556853 0.365755 0.539740 0.363561 0.573966 0.367949 0.539740 0.363561 0.542323 0.495002 0.537539 0.616767 0.573966 0.367949 0.576192 0.509423 0.577009 0.638248
324 0.566711 0.169435 0.557067 0.369422 0.539948 0.366053 0.574187 0.372792 0.539948 0.366053 0.542344 0.498274 0.538142 0.620385 0.574187 0.372792 0.576449 0.514709 0.572561 0.645038
325 0.566034 0.168825 0.557774 0.370833 0.541175 0.366749 0.574373 0.374917 0.541175 0.366749 0.542764 0.497774 0.538383 0.620099 0.574373 0.374917 0.577102 0.514628 0.570659 0.645827
326 0.566976 0.168613 0.559164 0.371744 0.543999 0.367605 0.574328 0.375884 0.543999 0.367605 0.543724 0.498361 0.538748 0.618357 0.574328 0.375884 0.577126 0.514370 0.569308 0.646036
327 0.569960 0.168768 0.561589 0.373391 0.547965 0.368773 0.575213 0.378009 0.547965 0.368773 0.547683 0.498614 0.539745 0.615496 0.575213 0.378009 0.577478 0.513434 0.569903 0.645782
328 0.572165 0.169394 0.564555 0.373122 0.553459 0.368758 0.575651 0.377486 0.553459 0.368758 0.551318 0.498826 0.540331 0.615423 0.575651 0.377486 0.576397 0.512452 0.569965 0.644343
329 0.573879 0.171241 0.565898 0.375186 0.555668 0.370110 0.576128 0.380261 0.555668 0.370110 0.554805 0.498672 0.540677 0.614356 0.576128 0.380261 0.575229 0.512181 0.568890 0.644479
330 0.576302 0.172807 0.569259 0.376391 0.562383 0.371543 0.576135 0.381240 0.562383 0.371543 0.558605 0.499461 0.540700 0.614537 0.576135 0.381240 0.573036 0.511940 0.566310 0.644999
331 0.577791 0.176508 0.569480 0.379322 0.563063 0.373572 0.575898 0.385072 0.563063 0.373572 0.560845 0.499320 0.540750 0.614488 0.575898 0.385072 0.572306 0.511690 0.565133 0.645230
332 0.578753 0.177999 0.571969 0.379714 0.568084 0.374949 0.575853 0.384479 0.568084 0.374949 0.563719 0.499223 0.541513 0.614488 0.575853 0.384479 0.572368 0.511561 0.564175 0.645374
333 0.578878 0.178207 0.573116 0.379713 0.570148 0.375179 0.576083 0.384247 0.570148 0.375179 0.564610 0.499129 0.541605 0.613968 0.576083 0.384247 0.572550 0.511410 0.564295 0.646999
334 0.579246 0.178962 0.572847 0.380108 0.569608 0.376173 0.576087 0.384043 0.569608 0.376173 0.565834 0.499140 0.543752 0.616189 0.576087 0.384043 0.572674 0.511304 0.564508 0.647471
335 0.580140 0.179623 0.573724 0.379848 0.571381 0.376024 0.576067 0.383672 0.571381 0.376024 0.567151 0.499091 0.545013 0.617177 0.576067 0.383672 0.572758 0.511210 0.564612 0.647440
336 0.579825 0.179954 0.573129 0.379704 0.570185 0.375959 0.576074 0.383449 0.570185 0.375959 0.566695 0.499025 0.545283 0.617536 0.576074 0.383449 0.572837 0.511128 0.564436 0.647294
337 0.580908 0.180447 0.572726 0.379571 0.569376 0.375783 0.576076 0.383358 0.569376 0.375783 0.566455 0.499397 0.546462 0.618561 0.576076 0.383358 0.572834 0.511318 0.564249 0.647413
338 0.582293 0.181238 0.572973 0.380323 0.570082 0.376397 0.575864 0.384249 0.570082 0.376397 0.566561 0.500501 0.547304 0.620612 0.575864 0.384249 0.572839 0.511851 0.564212 0.648108
339 0.583758 0.181558 0.573132 0.379811 0.570737 0.376252 0.575527 0.383371 0.570737 0.376252 0.566166 0.500536 0.547256 0.620893 0.575527 0.383371 0.572866 0.511814 0.564089 0.648053
340 0.584921 0.182297 0.573172 0.377106 0.570805 0.373604 0.575539 0.380609 0.570805 0.373604 0.566109 0.499647 0.547239 0.620757 0.575539 0.380609 0.572969 0.511159 0.563900 0.647970
341 0.585831 0.182766 0.573372 0.377244 0.570888 0.373532 0.575857 0.380956 0.570888 0.373532 0.565879 0.498854 0.547113 0.619231 0.575857 0.380956 0.573144 0.512019 0.563939 0.648101
342 0.587741 0.183006 0.573552 0.379262 0.571547 0.375152 0.575556 0.383372 0.571547 0.375152 0.565764 0.498884 0.546318 0.617361 0.575556 0.383372 0.573170 0.513374 0.563859 0.648289
343 0.588622 0.184111 0.573164 0.380901 0.571335 0.376625 0.574992 0.385177 0.571335 0.376625 0.565675 0.499234 0.545719 0.616505 0.574992 0.385177 0.573151 0.514479 0.563570 0.648655
344 0.590751 0.185560 0.572725 0.381926 0.570406 0.376714 0.575044 0.387138 0.570406 0.376714 0.564675 0.499272 0.544477 0.615294 0.575044 0.387138 0.573254 0.515378 0.563486 0.648668
345 0.591855 0.185114 0.573096 0.382339 0.570381 0.376633 0.575811 0.388046 0.570381 0.376633 0.564616 0.498665 0.543842 0.614410 0.575811 0.388046 0.573569 0.514996 0.563419 0.647548
346 0.591827 0.183889 0.572847 0.382197 0.569620 0.376572 0.576073 0.387823 0.569620 0.376572 0.564595 0.498301 0.543608 0.614577 0.576073 0.387823 0.573740 0.514489 0.563338 0.647208
347 0.592440 0.183232 0.573426 0.382472 0.569030 0.376850 0.577821 0.388093 0.569030 0.376850 0.564370 0.496043 0.543419 0.612248 0.577821 0.388093 0.573893 0.514021 0.563347 0.646245
348 0.592753 0.182237 0.575119 0.380481 0.569181 0.375660 0.581057 0.385301 0.569181 0.375660 0.564325 0.495854 0.543706 0.612426 0.581057 0.385301 0.574262 0.512466 0.562975 0.644541
349 -1 -1 -1 -1 -1 -1 -1 -1 -1 -1 -1 -1 -1 -1 -1 -1 -1 -1 -1 -1
350 -1 -1 -1 -1 -1 -1 -1 -1 -1 -1 -1 -1 -1 -1 -1 -1 -1 -1 -1 -1
351 -1 -1 -1 -1 -1 -1 -1 -1 -1 -1 -1 -1 -1 -1 -1 -1 -1 -1 -1 -1
352 -1 -1 -1 -1 -1 -1 -1 -1 -1 -1 -1 -1 -1 -1 -1 -1 -1 -1 -1 -1
353 -1 -1 -1 -1 -1 -1 -1 -1 -1 -1 -1 -1 -1 -1 -1 -1 -1 -1 -1 -1
354 -1 -1 -1 -1 -1 -1 -1 -1 -1 -1 -1 -1 -1 -1 -1 -1 -1 -1 -1 -1
355 -1 -1 -1 -1 -1 -1 -1 -1 -1 -1 -1 -1 -1 -1 -1 -1 -1 -1 -1 -1
356 -1 -1 -1 -1 -1 -1 -1 -1 -1 -1 -1 -1 -1 -1 -1 -1 -1 -1 -1 -1
357 -1 -1 -1 -1 -1 -1 -1 -1 -1 -1 -1 -1 -1 -1 -1 -1 -1 -1 -1 -1
358 -1 -1 -1 -1 -1 -1 -1 -1 -1 -1 -1 -1 -1 -1 -1 -1 -1 -1 -1 -1
359 -1 -1 -1 -1 -1 -1 -1 -1 -1 -1 -1 -1 -1 -1 -1 -1 -1 -1 -1 -1
360 -1 -1 -1 -1 -1 -1 -1 -1 -1 -1 -1 -1 -1 -1 -1 -1 -1 -1 -1 -1
361 -1 -1 -1 -1 -1 -1 -1 -1 -1 -1 -1 -1 -1 -1 -1 -1 -1 -1 -1 -1
362 -1 -1 -1 -1 -1 -1 -1 -1 -1 -1 -1 -1 -1 -1 -1 -1 -1 -1 -1 -1
363 -1 -1 -1 -1 -1 -1 -1 -1 -1 -1 -1 -1 -1 -1 -1 -1 -1 -1 -1 -1
364 -1 -1 -1 -1 -1 -1 -1 -1 -1 -1 -1 -1 -1 -1 -1 -1 -1 -1 -1 -1
365 -1 -1 -1 -1 -1 -1 -1 -1 -1 -1 -1 -1 -1 -1 -1 -1 -1 -1 -1 -1
366 -1 -1 -1 -1 -1 -1 -1 -1 -1 -1 -1 -1 -1 -1 -1 -1 -1 -1 -1 -1
367 -1 -1 -1 -1 -1 -1 -1 -1 -1 -1 -1 -1 -1 -1 -1 -1 -1 -1 -1 -1
368 0.586950 0.187670 0.578660 0.382838 0.577513 0.376055 0.579806 0.389621 0.577513 0.376055 0.569155 0.498513 0.543848 0.610625 0.579806 0.389621 0.577781 0.516935 0.562714 0.645740
369 0.586899 0.187489 0.578063 0.381343 0.577344 0.374460 0.578781 0.388226 0.577344 0.374460 0.569268 0.497884 0.543822 0.608737 0.578781 0.388226 0.578526 0.516228 0.562681 0.644643
370 0.587042 0.188404 0.577183 0.380723 0.575487 0.373295 0.578880 0.388152 0.575487 0.373295 0.569284 0.497569 0.543870 0.608068 0.578880 0.388152 0.579217 0.515991 0.562683 0.644545
371 0.587120 0.190420 0.576665 0.380528 0.574539 0.372709 0.578791 0.388347 0.574539 0.372709 0.569271 0.497283 0.543872 0.607430 0.578791 0.388347 0.579497 0.515234 0.562649 0.644526
372 0.587460 0.189999 0.576007 0.380549 0.573239 0.372774 0.578776 0.388323 0.573239 0.372774 0.569246 0.497309 0.543954 0.607531 0.578776 0.388323 0.579503 0.515025 0.562645 0.644785
373 0.586445 0.189026 0.575821 0.380579 0.572867 0.372853 0.578775 0.388305 0.572867 0.372853 0.569229 0.497342 0.543993 0.607647 0.578775 0.388305 0.579468 0.514748 0.562648 0.645010
374 0.586310 0.188823 0.576343 0.383878 0.572724 0.375735 0.579962 0.392021 0.572724 0.375735 0.568840 0.499147 0.544413 0.608350 0.579962 0.392021 0.578974 0.514913 0.562626 0.645217
375 -1 -1 -1 -1 -1 -1 -1 -1 -1 -1 -1 -1 -1 -1 -1 -1 -1 -1 -1 -1
376 -1 -1 -1 -1 -1 -1 -1 -1 -1 -1 -1 -1 -1 -1 -1 -1 -1 -1 -1 -1
377 -1 -1 -1 -1 -1 -1 -1 -1 -1 -1 -1 -1 -1 -1 -1 -1 -1 -1 -1 -1
378 -1 -1 -1 -1 -1 -1 -1 -1 -1 -1 -1 -1 -1 -1 -1 -1 -1 -1 -1 -1
379 -1 -1 -1 -1 -1 -1 -1 -1 -1 -1 -1 -1 -1 -1 -1 -1 -1 -1 -1 -1
380 -1 -1 -1 -1 -1 -1 -1 -1 -1 -1 -1 -1 -1 -1 -1 -1 -1 -1 -1 -1
381 -1 -1 -1 -1 -1 -1 -1 -1 -1 -1 -1 -1 -1 -1 -1 -1 -1 -1 -1 -1
382 -1 -1 -1 -1 -1 -1 -1 -1 -1 -1 -1 -1 -1 -1 -1 -1 -1 -1 -1 -1
383 -1 -1 -1 -1 -1 -1 -1 -1 -1 -1 -1 -1 -1 -1 -1 -1 -1 -1 -1 -1
384 -1 -1 -1 -1 -1 -1 -1 -1 -1 -1 -1 -1 -1 -1 -1 -1 -1 -1 -1 -1
385 -1 -1 -1 -1 -1 -1 -1 -1 -1 -1 -1 -1 -1 -1 -1 -1 -1 -1 -1 -1
386 -1 -1 -1 -1 -1 -1 -1 -1 -1 -1 -1 -1 -1 -1 -1 -1 -1 -1 -1 -1
387 -1 -1 -1 -1 -1 -1 -1 -1 -1 -1 -1 -1 -1 -1 -1 -1 -1 -1 -1 -1
388 -1 -1 -1 -1 -1 -1 -1 -1 -1 -1 -1 -1 -1 -1 -1 -1 -1 -1 -1 -1
389 -1 -1 -1 -1 -1 -1 -1 -1 -1 -1 -1 -1 -1 -1 -1 -1 -1 -1 -1 -1
390 -1 -1 -1 -1 -1 -1 -1 -1 -1 -1 -1 -1 -1 -1 -1 -1 -1 -1 -1 -1
391 -1 -1 -1 -1 -1 -1 -1 -1 -1 -1 -1 -1 -1 -1 -1 -1 -1 -1 -1 -1
392 -1 -1 -1 -1 -1 -1 -1 -1 -1 -1 -1 -1 -1 -1 -1 -1 -1 -1 -1 -1
393 -1 -1 -1 -1 -1 -1 -1 -1 -1 -1 -1 -1 -1 -1 -1 -1 -1 -1 -1 -1
394 -1 -1 -1 -1 -1 -1 -1 -1 -1 -1 -1 -1 -1 -1 -1 -1 -1 -1 -1 -1
395 -1 -1 -1 -1 -1 -1 -1 -1 -1 -1 -1 -1 -1 -1 -1 -1 -1 -1 -1 -1
396 -1 -1 -1 -1 -1 -1 -1 -1 -1 -1 -1 -1 -1 -1 -1 -1 -1 -1 -1 -1
397 -1 -1 -1 -1 -1 -1 -1 -1 -1 -1 -1 -1 -1 -1 -1 -1 -1 -1 -1 -1
398 -1 -1 -1 -1 -1 -1 -1 -1 -1 -1 -1 -1 -1 -1 -1 -1 -1 -1 -1 -1
399 -1 -1 -1 -1 -1 -1 -1 -1 -1 -1 -1 -1 -1 -1 -1 -1 -1 -1 -1 -1
400 -1 -1 -1 -1 -1 -1 -1 -1 -1 -1 -1 -1 -1 -1 -1 -1 -1 -1 -1 -1
401 -1 -1 -1 -1 -1 -1 -1 -1 -1 -1 -1 -1 -1 -1 -1 -1 -1 -1 -1 -1
402 -1 -1 -1 -1 -1 -1 -1 -1 -1 -1 -1 -1 -1 -1 -1 -1 -1 -1 -1 -1
403 -1 -1 -1 -1 -1 -1 -1 -1 -1 -1 -1 -1 -1 -1 -1 -1 -1 -1 -1 -1
404 -1 -1 -1 -1 -1 -1 -1 -1 -1 -1 -1 -1 -1 -1 -1 -1 -1 -1 -1 -1
405 -1 -1 -1 -1 -1 -1 -1 -1 -1 -1 -1 -1 -1 -1 -1 -1 -1 -1 -1 -1
406 -1 -1 -1 -1 -1 -1 -1 -1 -1 -1 -1 -1 -1 -1 -1 -1 -1 -1 -1 -1
407 -1 -1 -1 -1 -1 -1 -1 -1 -1 -1 -1 -1 -1 -1 -1 -1 -1 -1 -1 -1
408 -1 -1 -1 -1 -1 -1 -1 -1 -1 -1 -1 -1 -1 -1 -1 -1 -1 -1 -1 -1
409 -1 -1 -1 -1 -1 -1 -1 -1 -1 -1 -1 -1 -1 -1 -1 -1 -1 -1 -1 -1
410 -1 -1 -1 -1 -1 -1 -1 -1 -1 -1 -1 -1 -1 -1 -1 -1 -1 -1 -1 -1
411 -1 -1 -1 -1 -1 -1 -1 -1 -1 -1 -1 -1 -1 -1 -1 -1 -1 -1 -1 -1
412 -1 -1 -1 -1 -1 -1 -1 -1 -1 -1 -1 -1 -1 -1 -1 -1 -1 -1 -1 -1
413 -1 -1 -1 -1 -1 -1 -1 -1 -1 -1 -1 -1 -1 -1 -1 -1 -1 -1 -1 -1
414 -1 -1 -1 -1 -1 -1 -1 -1 -1 -1 -1 -1 -1 -1 -1 -1 -1 -1 -1 -1
415 -1 -1 -1 -1 -1 -1 -1 -1 -1 -1 -1 -1 -1 -1 -1 -1 -1 -1 -1 -1
416 0.590973 0.179122 0.577520 0.379168 0.577732 0.376365 0.577307 0.381972 0.577732 0.376365 0.566191 0.502152 0.546223 0.618516 0.577307 0.381972 0.573099 0.514812 0.563172 0.644432
417 0.590660 0.178911 0.577000 0.377938 0.577551 0.375211 0.576449 0.380665 0.577551 0.375211 0.566398 0.502111 0.546653 0.619885 0.576449 0.380665 0.572411 0.513798 0.562793 0.643546
418 0.590133 0.176676 0.575871 0.375925 0.575023 0.372864 0.576719 0.378987 0.575023 0.372864 0.566036 0.500833 0.546652 0.620819 0.576719 0.378987 0.572676 0.511955 0.562779 0.643273
419 0.585655 0.175608 0.573349 0.376346 0.567822 0.372078 0.578877 0.380613 0.567822 0.372078 0.565637 0.500641 0.546566 0.620479 0.578877 0.380613 0.572901 0.512904 0.562774 0.643921
420 0.584791 0.175223 0.572851 0.377735 0.565758 0.372634 0.579943 0.382837 0.565758 0.372634 0.565471 0.500716 0.546585 0.620489 0.579943 0.382837 0.573070 0.513403 0.562786 0.644593
421 0.584358 0.175505 0.572820 0.381950 0.565714 0.376307 0.579926 0.387593 0.565714 0.376307 0.565100 0.502864 0.546584 0.621313 0.579926 0.387593 0.573108 0.515497 0.562477 0.645916
422 0.584420 0.177776 0.572415 0.385128 0.565397 0.378974 0.579433 0.391282 0.565397 0.378974 0.564984 0.505802 0.546598 0.623888 0.579433 0.391282 0.573093 0.518960 0.561939 0.647753
423 -1 -1 -1 -1 -1 -1 -1 -1 -1 -1 -1 -1 -1 -1 -1 -1 -1 -1 -1 -1
424 -1 -1 -1 -1 -1 -1 -1 -1 -1 -1 -1 -1 -1 -1 -1 -1 -1 -1 -1 -1
425 -1 -1 -1 -1 -1 -1 -1 -1 -1 -1 -1 -1 -1 -1 -1 -1 -1 -1 -1 -1
426 -1 -1 -1 -1 -1 -1 -1 -1 -1 -1 -1 -1 -1 -1 -1 -1 -1 -1 -1 -1
427 -1 -1 -1 -1 -1 -1 -1 -1 -1 -1 -1 -1 -1 -1 -1 -1 -1 -1 -1 -1
428 -1 -1 -1 -1 -1 -1 -1 -1 -1 -1 -1 -1 -1 -1 -1 -1 -1 -1 -1 -1
429 -1 -1 -1 -1 -1 -1 -1 -1 -1 -1 -1 -1 -1 -1 -1 -1 -1 -1 -1 -1
430 -1 -1 -1 -1 -1 -1 -1 -1 -1 -1 -1 -1 -1 -1 -1 -1 -1 -1 -1 -1
431 -1 -1 -1 -1 -1 -1 -1 -1 -1 -1 -1 -1 -1 -1 -1 -1 -1 -1 -1 -1
432 -1 -1 -1 -1 -1 -1 -1 -1 -1 -1 -1 -1 -1 -1 -1 -1 -1 -1 -1 -1
433 -1 -1 -1 -1 -1 -1 -1 -1 -1 -1 -1 -1 -1 -1 -1 -1 -1 -1 -1 -1
434 0.582190 0.174848 0.570837 0.388062 0.561137 0.383191 0.580536 0.392933 0.561137 0.383191 0.557784 0.509491 0.546124 0.622456 0.580536 0.392933 0.599518 0.525843 0.581541 0.644839
435 0.585564 0.174902 0.571851 0.388008 0.563169 0.383148 0.580533 0.392867 0.563169 0.383148 0.557806 0.508501 0.546170 0.619927 0.580533 0.392867 0.601200 0.525128 0.594621 0.644839
436 0.586962 0.174889 0.572142 0.384780 0.563763 0.380479 0.580520 0.389081 0.563763 0.380479 0.557862 0.503671 0.544924 0.616470 0.580520 0.389081 0.604213 0.520747 0.605559 0.644532
437 0.590051 0.173977 0.574547 0.384849 0.568076 0.380499 0.581018 0.389199 0.568076 0.380499 0.557967 0.503080 0.543817 0.615436 0.581018 0.389199 0.606351 0.520111 0.613662 0.644353
438 0.595080 0.174049 0.578655 0.386167 0.572815 0.381980 0.584494 0.390354 0.572815 0.381980 0.558371 0.502111 0.542818 0.610971 0.584494 0.390354 0.610032 0.520163 0.620005 0.645566
439 0.599049 0.174375 0.583470 0.386111 0.577367 0.381979 0.589574 0.390242 0.577367 0.381979 0.561240 0.501935 0.542500 0.610385 0.589574 0.390242 0.613904 0.520180 0.624919 0.646342
440 0.604505 0.174851 0.589666 0.386651 0.581994 0.382944 0.597337 0.390357 0.581994 0.382944 0.563902 0.501641 0.542501 0.610163 0.597337 0.390357 0.618239 0.519473 0.627572 0.648387
441 0.610798 0.175480 0.595157 0.386412 0.588724 0.382943 0.601589 0.389882 0.588724 0.382943 0.572203 0.500382 0.542550 0.610384 0.601589 0.389882 0.621230 0.518567 0.627690 0.649669
442 0.616032 0.179212 0.602923 0.388009 0.596785 0.385316 0.609061 0.390701 0.596785 0.385316 0.576241 0.500615 0.542959 0.610783 0.609061 0.390701 0.624330 0.519725 0.628013 0.654529
443 0.622883 0.184808 0.611083 0.393379 0.610366 0.391266 0.611801 0.395492 0.610366 0.391266 0.585002 0.502300 0.544552 0.609668 0.611801 0.395492 0.626055 0.523541 0.628486 0.656631
444 0.628371 0.189258 0.617840 0.399591 0.619633 0.396714 0.616047 0.402468 0.619633 0.396714 0.598591 0.506736 0.548858 0.603675 0.616047 0.402468 0.628984 0.531133 0.628210 0.657065
445 0.634727 0.193546 0.622997 0.399254 0.627252 0.396540 0.618742 0.401968 0.627252 0.396540 0.610457 0.509139 0.553342 0.600047 0.618742 0.401968 0.636218 0.530495 0.630024 0.657233
446 0.641471 0.193662 0.628565 0.398425 0.634565 0.395524 0.622565 0.401327 0.634565 0.395524 0.622409 0.512077 0.560013 0.596936 0.622565 0.401327 0.640697 0.530282 0.630838 0.658185
447 0.646297 0.195263 0.634876 0.398673 0.640311 0.396386 0.629440 0.400961 0.640311 0.396386 0.631924 0.514066 0.570822 0.591835 0.629440 0.400961 0.641790 0.532568 0.630467 0.659192
448 0.651140 0.200121 0.642560 0.402558 0.648868 0.400286 0.636253 0.404829 0.648868 0.400286 0.637894 0.523435 0.591203 0.593636 0.636253 0.404829 0.642657 0.539943 0.628918 0.658913
449 0.657796 0.203606 0.648846 0.405616 0.655006 0.403573 0.642687 0.407659 0.655006 0.403573 0.649554 0.526548 0.609697 0.602049 0.642687 0.407659 0.644327 0.544945 0.628361 0.653022
450 0.664034 0.208218 0.657235 0.408547 0.665545 0.406495 0.648925 0.410599 0.665545 0.406495 0.667857 0.527515 0.622941 0.613647 0.648925 0.410599 0.644963 0.546303 0.628252 0.653048
451 0.670385 0.214465 0.662466 0.418532 0.673770 0.416406 0.651163 0.420658 0.673770 0.416406 0.681374 0.538407 0.640672 0.630496 0.651163 0.420658 0.644746 0.557781 0.631482 0.659664
452 0.676844 0.220297 0.667393 0.426510 0.680586 0.424698 0.654201 0.428322 0.680586 0.424698 0.684941 0.548056 0.659518 0.648172 0.654201 0.428322 0.644954 0.560230 0.632989 0.665594
453 0.684047 0.225055 0.672072 0.431287 0.686979 0.429929 0.657165 0.432646 0.686979 0.429929 0.697518 0.550085 0.684281 0.661758 0.657165 0.432646 0.647004 0.561743 0.634153 0.665471
454 0.692274 0.229439 0.678837 0.435924 0.694216 0.434939 0.663459 0.436908 0.694216 0.434939 0.705303 0.559988 0.709469 0.683170 0.663459 0.436908 0.649395 0.564736 0.633929 0.667046
455 0.700222 0.235871 0.683939 0.441165 0.701054 0.440547 0.666824 0.441783 0.701054 0.440547 0.716120 0.569838 0.729954 0.698090 0.666824 0.441783 0.651023 0.569102 0.633640 0.666536
456 0.708316 0.243342 0.689959 0.447827 0.707705 0.447407 0.672213 0.448247 0.707705 0.447407 0.724604 0.580184 0.743216 0.711295 0.672213 0.448247 0.653316 0.573704 0.633448 0.666233
457 0.716608 0.249063 0.696053 0.453812 0.714500 0.453143 0.677606 0.454481 0.714500 0.453143 0.733215 0.586568 0.749425 0.722376 0.677606 0.454481 0.655958 0.579330 0.633766 0.666411
458 0.725559 0.253497 0.704933 0.457982 0.723104 0.458298 0.686763 0.457667 0.723104 0.458298 0.742200 0.594135 0.752190 0.731977 0.686763 0.457667 0.662206 0.580593 0.634692 0.662205
459 0.736743 0.254425 0.712826 0.458738 0.732199 0.459746 0.693452 0.457731 0.732199 0.459746 0.749822 0.598384 0.753664 0.735625 0.693452 0.457731 0.668294 0.580151 0.636273 0.660722
460 0.747120 0.256528 0.725767 0.461639 0.745018 0.463280 0.706516 0.459999 0.745018 0.463280 0.757040 0.600076 0.756318 0.740916 0.706516 0.459999 0.681013 0.581459 0.639566 0.655729
461 0.759050 0.257419 0.736205 0.463096 0.756076 0.464829 0.716334 0.461364 0.756076 0.464829 0.762704 0.601810 0.758687 0.743409 0.716334 0.461364 0.700718 0.581527 0.645829 0.654213
462 0.771016 0.258079 0.745748 0.462293 0.765717 0.463745 0.725780 0.460841 0.765717 0.463745 0.766506 0.606778 0.758460 0.743622 0.725780 0.460841 0.715607 0.598168 0.653241 0.653769
463 0.781112 0.257617 0.758043 0.464117 0.775936 0.464091 0.740150 0.464143 0.775936 0.464091 0.769939 0.607073 0.757914 0.741533 0.740150 0.464143 0.748352 0.608373 0.666807 0.653622
464 0.791678 0.258630 0.767131 0.467633 0.784836 0.467258 0.749426 0.468009 0.784836 0.467258 0.776309 0.606743 0.758689 0.737836 0.749426 0.468009 0.762331 0.614377 0.681545 0.654239
465 0.802371 0.258852 0.776034 0.467078 0.794262 0.466529 0.757806 0.467627 0.794262 0.466529 0.783572 0.605074 0.757308 0.733346 0.757806 0.467627 0.770474 0.612906 0.703563 0.675364
466 0.812164 0.260889 0.787055 0.473130 0.804093 0.472184 0.770017 0.474076 0.804093 0.472184 0.791366 0.609978 0.755141 0.731119 0.770017 0.474076 0.781034 0.619394 0.731421 0.708354
467 0.822926 0.261202 0.797328 0.473687 0.813036 0.472627 0.781619 0.474746 0.813036 0.472627 0.800145 0.608461 0.762275 0.718414 0.781619 0.474746 0.794113 0.617842 0.751805 0.730431
468 0.832354 0.264026 0.804648 0.475813 0.818710 0.475100 0.790585 0.476526 0.818710 0.475100 0.801387 0.615911 0.767027 0.725301 0.790585 0.476526 0.803751 0.623603 0.767773 0.757218
469 0.841306 0.269373 0.811601 0.484383 0.823840 0.481821 0.799361 0.486945 0.823840 0.481821 0.797862 0.621069 0.765237 0.733599 0.799361 0.486945 0.820673 0.644341 0.810410 0.800592
470 0.850475 0.277492 0.819318 0.495591 0.830562 0.492761 0.808075 0.498421 0.830562 0.492761 0.796204 0.621399 0.763114 0.736357 0.808075 0.498421 0.829446 0.655580 0.838934 0.815642
471 0.860254 0.285915 0.827174 0.508349 0.837988 0.505100 0.816361 0.511598 0.837988 0.505100 0.799352 0.624075 0.761440 0.734873 0.816361 0.511598 0.837975 0.660831 0.861051 0.824721
472 0.869207 0.296424 0.834617 0.519998 0.844554 0.516059 0.824679 0.523936 0.844554 0.516059 0.804595 0.630920 0.760770 0.734019 0.824679 0.523936 0.847730 0.675049 0.872308 0.840871
473 0.881007 0.302894 0.845525 0.524948 0.854945 0.521402 0.836106 0.528495 0.854945 0.521402 0.812316 0.633336 0.763361 0.733468 0.836106 0.528495 0.863854 0.683675 0.877607 0.844881
474 0.890846 0.310545 0.857355 0.531253 0.867892 0.527680 0.846819 0.534825 0.867892 0.527680 0.823275 0.641269 0.765880 0.733380 0.846819 0.534825 0.873684 0.690997 0.877937 0.851923
475 0.902629 0.313689 0.871062 0.537647 0.881866 0.534376 0.860258 0.540918 0.881866 0.534376 0.837863 0.647978 0.777930 0.732039 0.860258 0.540918 0.875600 0.695047 0.878786 0.857358
476 0.914687 0.316946 0.885481 0.540318 0.896558 0.535774 0.874404 0.544862 0.896558 0.535774 0.861252 0.667925 0.791770 0.729466 0.874404 0.544862 0.881728 0.699914 0.878018 0.856649
477 0.925556 0.319285 0.898842 0.553143 0.906946 0.547383 0.890737 0.558903 0.906946 0.547383 0.879886 0.682210 0.809705 0.727729 0.890737 0.558903 0.888303 0.713220 0.878275 0.858106
478 0.932999 0.322548 0.911579 0.555616 0.917718 0.548293 0.905440 0.562940 0.917718 0.548293 0.893577 0.689140 0.831472 0.728098 0.905440 0.562940 0.900750 0.724717 0.878679 0.860561
479 0.945218 0.324679 0.923303 0.556507 0.930413 0.550144 0.916193 0.562871 0.930413 0.550144 0.910316 0.691590 0.851623 0.748716 0.916193 0.562871 0.913775 0.722305 0.877112 0.854694
480 0.960170 0.330078 0.933474 0.554426 0.941773 0.547279 0.925175 0.561573 0.941773 0.547279 0.927916 0.697359 0.873039 0.772541 0.925175 0.561573 0.924898 0.725734 0.880003 0.850005
481 0.972866 0.330322 0.941469 0.558966 0.947136 0.553914 0.935802 0.564018 0.947136 0.553914 0.939429 0.699770 0.889181 0.812018 0.935802 0.564018 0.937530 0.722895 0.884986 0.856044
482 0.978192 0.341929 0.963085 0.580951 0.974837 0.579593 0.951332 0.582309 0.974837 0.579593 0.949840 0.717097 0.914744 0.837239 0.951332 0.582309 0.930616 0.731199 0.882999 0.859971
483 0.981767 0.360380 0.964896 0.592825 0.959554 0.585920 0.970238 0.599729 0.959554 0.585920 0.938387 0.718683 0.891709 0.840989 0.970238 0.599729 0.963224 0.740171 0.920154 0.861281
484 -1 -1 -1 -1 -1 -1 -1 -1 -1 -1 -1 -1 -1 -1 -1 -1 -1 -1 -1 -1
485 -1 -1 -1 -1 -1 -1 -1 -1 -1 -1 -1 -1 -1 -1 -1 -1 -1 -1 -1 -1
486 -1 -1 -1 -1 -1 -1 -1 -1 -1 -1 -1 -1 -1 -1 -1 -1 -1 -1 -1 -1
487 1.011091 0.718923 1.007909 0.676250 1.016491 0.667315 0.999327 0.685185 1.016491 0.667315 0.998420 0.679485 0.928150 0.789619 0.999327 0.685185 0.980225 0.716600 0.897616 0.843864
488 -1 -1 -1 -1 -1 -1 -1 -1 -1 -1 -1 -1 -1 -1 -1 -1 -1 -1 -1 -1
489 -1 -1 -1 -1 -1 -1 -1 -1 -1 -1 -1 -1 -1 -1 -1 -1 -1 -1 -1 -1
490 -1 -1 -1 -1 -1 -1 -1 -1 -1 -1 -1 -1 -1 -1 -1 -1 -1 -1 -1 -1
491 -1 -1 -1 -1 -1 -1 -1 -1 -1 -1 -1 -1 -1 -1 -1 -1 -1 -1 -1 -1
492 -1 -1 -1 -1 -1 -1 -1 -1 -1 -1 -1 -1 -1 -1 -1 -1 -1 -1 -1 -1
493 -1 -1 -1 -1 -1 -1 -1 -1 -1 -1 -1 -1 -1 -1 -1 -1 -1 -1 -1 -1
494 -1 -1 -1 -1 -1 -1 -1 -1 -1 -1 -1 -1 -1 -1 -1 -1 -1 -1 -1 -1
495 -1 -1 -1 -1 -1 -1 -1 -1 -1 -1 -1 -1 -1 -1 -1 -1 -1 -1 -1 -1
496 -1 -1 -1 -1 -1 -1 -1 -1 -1 -1 -1 -1 -1 -1 -1 -1 -1 -1 -1 -1
497 -1 -1 -1 -1 -1 -1 -1 -1 -1 -1 -1 -1 -1 -1 -1 -1 -1 -1 -1 -1
498 -1 -1 -1 -1 -1 -1 -1 -1 -1 -1 -1 -1 -1 -1 -1 -1 -1 -1 -1 -1
